47
813
812
103
12
103
812
61
61
64
95
143
48
219
678
678
181
99
2379
1454
2353
36
36
95
48
30
446
221
221
32
489
32
39
61
166
2379
91
259
47
48
48
119
181
181
181
2379
168
2378
1318
491
678
1450
32
262
12
12
1602
16
61
17
95
17
39
95
446
23
23
48
58
24
34
30
91
137
120
60
60
137
32
783
262
137
1454
136
492
219
812
103
160
89
812
103
103
1601
16
109
262
143
259
12
39
103
812
95
103
95
811
491
111
120
30
137
60
123
196
1535
48
1450
784
8
139
61
58
813
259
494
103
813
12
95
24
813
95
262
24
24
23
23
24
783
783
783
783
23
783
23
23
24
24
127
24
783
24
783
783
783
783
446
127
783
783
783
783
783
783
127
24
24
783
783
783
783
23
561
23
23
783
24
783
24
883
484
885
209
773
563
541
1745
454
553
553
566
1359
1553
649
455
455
454
682
767
245
1458
1745
1456
266
214
2430
649
232
1742
1461
300
1456
2382
2381
883
2409
648
649
2302
1529
1489
1587
1375
254
1528
1482
1749
1506
1345
1356
2427
2428
1464
457
1526
548
205
205
1744
1486
1517
1612
1611
2345
571
1559
804
2251
282
1751
284
283
2218
1487
573
2251
282
2199
2198
1724
406
444
1622
1492
1655
1657
1642
588
2215
1649
2209
2173
1743
1743
1371
200
200
2453
200
261
1639
1639
1639
258
1740
1379
762
1659
1642
2200
1647
397
307
1635
1645
2314
287
1656
323
588
334
594
594
335
1658
336
347
348
2256
416
355
357
351
345
409
335
398
660
2203
349
416
326
598
399
350
2206
354
424
1685
360
1683
425
1691
365
1679
1682
606
1690
380
402
1701
368
611
385
614
1703
378
1782
1777
1778
1780
1963
1961
2069
1798
1958
1792
1778
1955
2165
1795
294
2264
579
524
525
2184
530
531
2221
533
405
1933
1948
1959
640
465
330
416
2254
629
398
2207
356
1685
1692
2289
532
372
372
607
1677
612
2201
1486
1460
563
1353
2430
1343
200
200
2222
2400
2194
2217
2224
406
465
2241
2324
1455
574
686
302
2262
1337
1337
1378
447
2250
1749
1519
428
1519
551
900
1329
283
451
1489
280
255
1368
1480
2436
2174
2237
2210
342
1662
632
632
515
465
1524
228
1526
237
237
1528
1499
857
886
860
883
486
1463
825
2354
197
1537
818
450
2298
816
642
330
2187
1376
2222
2222
882
215
2173
624
1468
299
253
459
228
2400
2400
2400
549
550
549
1519
549
549
549
2453
2453
2453
1472
2311
311
1654
523
686
472
1661
581
672
295
1629
2177
1630
590
2181
2179
346
2169
1687
422
1707
616
1953
450
1349
2425
550
550
559
539
550
445
543
1325
1331
553
682
652
566
566
553
873
2399
645
1348
1365
1365
1363
1363
229
540
227
547
503
228
225
225
208
456
455
455
563
1745
1745
1374
2381
2448
208
427
869
869
1526
898
2268
257
571
656
2217
2175
2238
638
873
1654
2313
585
1721
1652
1652
587
315
322
2208
2207
348
628
409
595
411
325
1693
1676
1670
2257
383
2277
613
387
1935
1775
1776
2329
1795
1943
1961
2327
311
515
295
472
470
497
2209
2209
339
327
411
528
1641
634
453
1489
1484
2186
2188
274
273
302
2251
206
2434
228
1548
207
207
651
773
869
1363
1467
450
2305
2173
1718
672
2237
659
2285
597
663
352
364
1680
609
382
1786
2271
581
472
295
2264
2404
1509
458
2436
869
773
773
471
2251
2251
274
230
232
244
244
2392
1344
748
1322
731
1360
1354
548
1336
752
493
1354
654
748
1566
546
903
1322
903
1332
901
755
1334
1334
903
903
718
715
903
718
1319
903
903
1333
1333
1334
1334
1334
1360
1360
1354
1354
1323
903
1332
903
450
903
903
903
903
903
559
1337
1337
1360
652
1360
566
1323
1335
2304
1324
1332
450
549
549
549
1360
1573
1323
1322
250
202
1338
739
1320
202
202
1338
250
1322
250
1322
250
745
548
548
548
1322
1331
1326
542
752
1360
1573
1354
1334
1360
652
1360
1349
1360
1349
901
748
1392
250
549
1349
1349
549
550
1333
1333
493
903
1319
1354
1354
1320
545
1360
1354
202
550
1333
1334
1354
1320
1354
1320
1359
1359
752
731
1360
1360
1360
546
1360
1338
1360
544
1338
1338
714
1379
1374
1374
456
225
2436
767
1365
2425
1362
2425
1362
563
2436
2436
1334
1360
250
549
1360
565
23
783
30
127
2353
260
1450
268
1487
783
783
2378
23
2353
2360
1518
473
783
23
783
127
783
23
783
1627
1758
1752
1752
261
2212
656
572
816
2353
487
492
12
1555
1531
2442
827
1558
2299
835
2405
2283
2437
2295
457
458
2436
2436
238
238
458
458
2435
2436
2436
2436
1526
457
457
237
2436
480
2387
1599
231
231
231
874
868
2391
460
1509
1508
231
1344
2436
1538
1538
835
2436
2295
875
1347
1347
204
857
829
772
773
824
1550
871
2399
1508
2436
2436
2436
2436
457
457
457
459
459
459
1325
541
229
541
1326
1333
1337
1326
1326
1337
1333
545
745
718
1331
445
721
12
61
739
746
715
1572
731
1336
1470
1332
1323
538
548
1354
1354
1360
718
1444
920
1440
1428
1441
921
725
752
1428
250
1428
1398
1448
1444
1432
1392
695
921
720
1256
1256
1074
1185
1256
948
95
1048
1292
1074
1075
948
1295
948
1256
1256
1295
1256
1048
948
948
948
1074
1074
1074
1126
1256
1117
1256
1256
1123
1075
1136
1117
1118
1127
1074
1185
1181
1067
1001
1126
1284
1130
985
1136
1130
1136
1075
995
948
920
1127
1448
1256
920
948
948
964
1020
948
1123
95
1256
1074
1118
1123
16
1075
1074
1127
948
1130
1074
1075
1067
1129
1448
1127
1060
1074
945
1181
1448
1048
1295
948
1256
1295
1074
1123
1118
1118
1074
948
17
1136
1075
1129
1130
1118
1075
1127
1130
1127
1127
1127
1130
1127
1127
1127
1127
1130
1130
1127
1075
1127
1127
1127
1127
1130
1074
1074
1074
1074
1127
1127
1127
1130
1127
1129
1112
1127
1127
1127
1127
1127
1127
1127
1127
1127
1127
1127
1127
1127
1127
1127
1130
1127
1127
1127
1127
1127
1127
1127
1127
1127
1127
1127
1127
1127
1127
1127
1127
1127
1127
1127
1127
1127
1127
1127
1127
1075
1127
1127
1129
1130
1127
1129
1127
1123
1123
1136
1127
1127
1112
1127
1127
1127
1113
1127
1127
1112
1112
1112
1128
1127
1127
1127
1127
1127
1127
1127
1127
1127
1127
1127
1127
1127
1127
1127
1112
1127
1127
1127
1127
1127
1127
1128
1127
1127
1063
1112
1063
1129
1127
1112
1129
1112
1063
1112
1112
1112
1112
1112
1112
1112
1112
1112
1112
1185
1112
1112
1112
1112
1112
1112
1112
1112
1112
1112
1112
1112
1112
1112
1112
1112
1112
1112
1123
1112
1123
1112
48
19
95
19
17
19
95
48
95
19
48
181
48
48
18
48
47
181
47
48
47
47
48
48
47
48
47
1136
1075
1117
1075
1063
1256
1256
1063
1063
1117
1063
1063
1256
1256
1075
1074
1074
1295
1076
948
95
1256
1256
1256
948
948
1256
1257
1136
1039
1020
1256
19
95
95
780
30
783
651
1348
540
205
229
540
1348
2304
450
549
1349
549
559
559
205
1321
1321
1331
1367
553
1349
1349
1349
553
553
682
450
1331
1349
1349
1349
1325
1325
541
445
207
207
1524
229
227
898
459
459
1468
1499
243
1363
244
459
1524
869
651
1548
229
2427
2428
869
1363
553
553
1537
1507
1503
2428
1500
227
229
541
1329
211
280
1628
280
633
583
583
453
2301
1628
224
256
1484
2223
2214
224
1371
1749
280
427
1383
1349
1383
1349
553
682
652
652
652
768
1341
650
648
459
1524
227
1527
1527
1526
1526
1527
563
563
1329
1524
1524
1329
1524
1333
1333
1333
1519
762
2402
2402
2382
486
2400
2382
1354
1320
1332
544
546
709
739
1338
1324
1335
1323
1335
1322
1322
1322
1354
1354
1354
1319
719
719
1322
1354
495
752
1322
755
1564
748
719
250
654
495
250
742
731
250
742
915
719
696
1428
752
1432
717
752
1392
1428
716
752
932
920
1428
1428
964
1440
1448
1440
1444
926
819
2303
882
486
1495
427
1750
1750
2222
1371
1744
1744
427
1379
1745
2223
2453
1579
1516
1545
1547
1541
1548
1536
1367
1367
900
1351
2436
238
1529
1483
1750
1484
256
256
256
1486
1488
1627
804
2219
1755
805
2219
1614
1742
1536
1366
1378
1529
1473
2302
456
456
1527
456
225
455
455
1482
1481
2263
281
1546
565
455
1459
455
1459
1375
1483
1483
1462
1492
1533
1366
1536
1540
2420
2436
1540
1347
1472
2300
2437
1513
1514
1587
1511
897
829
820
827
1544
2445
1552
827
1578
817
1517
1334
1360
1360
776
202
544
545
1319
1354
1334
1360
1360
544
1334
545
714
1319
1354
1332
741
1360
544
202
1360
1334
1360
739
1334
569
1587
1585
1490
1739
448
1583
1378
550
550
1325
769
541
1329
1328
1337
1337
1333
1333
1337
541
541
1522
1325
209
1337
1343
1346
249
1509
2434
1509
2434
253
492
816
488
1519
557
2356
2447
2414
216
763
560
560
486
2400
1376
2382
1616
1611
2306
1612
1616
2308
684
684
2342
2307
2251
444
2323
1613
2307
1622
1627
1739
1739
2200
1636
395
394
305
316
2216
1639
1641
322
1643
588
319
2190
1648
1630
304
2192
323
1632
305
586
2315
587
321
1660
1656
632
2315
373
376
375
388
379
1704
608
1697
2257
1710
1712
1713
1713
1703
607
401
374
1679
1689
361
1702
606
1678
605
1672
604
666
1952
1936
1939
386
389
537
1944
1951
615
1939
1777
1940
1941
1781
640
2210
2266
1721
637
406
637
638
2233
623
623
515
2237
2238
1728
2342
2306
1724
2193
1723
473
1655
658
1758
803
806
807
1753
1755
1754
256
2250
263
2172
280
220
1486
266
2301
1490
1486
1624
1615
258
570
570
298
2213
2189
1621
1621
128
103
262
60
187
134
2
486
217
2380
2043
2157
2011
2338
2077
2001
2161
2066
2015
2036
2101
2109
2053
2003
2008
2001
2034
2035
2056
2062
1835
1810
1847
1910
1839
1839
1839
1839
1839
1839
1900
1810
1847
1839
1839
1900
1900
1847
1847
1847
1847
1917
1847
1847
1847
1824
1824
1824
1910
1835
1910
1839
1839
1839
1839
1839
1839
1839
1900
1839
1810
1910
1839
1810
1910
1839
1810
1839
1839
1915
1900
1847
1900
1847
1821
1821
1847
1847
1821
1847
1824
1917
1847
1923
1821
1923
1824
1824
1824
1824
1824
1824
1910
1847
1839
1839
1839
1910
1847
1847
1835
1847
1900
1847
1847
1824
1847
1824
1910
1835
1839
1835
1839
1847
1810
1839
1847
1810
1839
1847
1847
1847
1847
1847
1821
1824
1847
2063
2065
2031
2159
2019
1792
2164
2009
2162
2065
2333
2069
2031
1961
2032
1990
2144
1989
1999
2106
2096
2024
2025
1972
1998
2027
1914
1910
1850
1923
1824
1824
1824
1824
1824
1839
1839
1841
1841
1824
1824
1841
1923
1824
1923
1824
1850
1850
1824
1880
1824
1824
1824
1824
1881
1803
1803
1803
1803
1803
1885
1885
1885
1875
1885
1885
1885
2086
2085
2086
2090
2088
2097
2097
2097
2078
2078
1850
1914
1914
1880
1878
1850
1820
2152
1914
2152
2118
1914
2118
2038
2078
2078
1976
1964
1976
1824
1803
1803
1803
1803
1885
1885
2086
2086
2086
2078
2078
1982
2143
1966
1969
2037
2079
2097
2097
2096
2107
2051
2047
1841
1923
1923
1923
1824
1824
1824
1824
1868
1803
1868
1868
1918
2123
2122
1841
1803
1868
2130
1868
1868
1982
1982
2130
2130
1803
1985
1985
2130
2130
2086
2086
2078
1985
2086
1839
1839
1839
1841
1839
1839
1923
1923
1923
1855
1821
1923
1824
1923
1821
1923
1824
1824
1824
1824
1923
1824
1900
1900
1850
1850
1910
1910
1910
1839
2104
2107
2039
2101
2037
1885
1881
1885
1974
2144
1508
894
2359
1688
1681
299
2218
1754
2198
308
1722
304
345
338
2208
2201
2182
2179
344
2227
2197
656
1748
1742
2200
1636
2211
583
270
1740
261
2199
1644
309
317
330
357
2206
2204
2205
593
622
203
267
1718
203
805
309
1645
2226
1753
298
358
2170
634
2214
1745
498
1372
2210
2236
2236
578
2229
311
579
1610
637
465
638
641
2247
515
514
639
639
578
1728
1623
622
443
821
310
1622
2324
310
2275
354
2255
2259
1691
638
2253
1666
638
1725
2262
635
312
287
1457
287
305
2312
1631
2274
335
1700
1942
311
2269
2250
442
660
661
662
2288
664
599
1695
667
1774
2328
2440
1351
875
2301
1628
1484
1757
2281
898
1491
1471
1493
2249
1729
1485
395
2272
584
2274
1658
1712
668
602
1940
1787
441
465
1757
2301
1954
2011
2104
2011
2049
2086
2085
2078
2086
2078
2087
2086
2078
2101
441
574
209
885
1461
1465
2194
1748
2214
2453
1745
2194
2176
886
2173
2418
2453
2210
2246
830
2183
878
210
2223
1371
549
769
549
1532
2223
200
200
2219
1495
1333
549
549
1337
769
209
762
1724
2224
1743
2196
1730
19
17
135
181
30
23
24
24
23
783
23
127
127
127
214
854
886
1364
864
856
1456
1374
208
1456
1456
1382
201
649
822
225
554
1460
1542
1551
1526
2431
1356
1528
1528
563
1374
565
1460
458
237
1526
237
2446
874
2442
861
2414
1519
2414
652
1349
1349
549
1349
553
549
549
769
648
648
251
227
1524
1329
1524
1524
1524
1527
563
1526
457
457
1372
1374
2441
1530
456
456
456
456
455
455
1482
1482
1482
281
1480
1578
1325
1325
1325
1325
541
541
564
1522
2449
1590
1388
1480
1481
553
1349
1349
1349
241
767
681
689
768
245
1340
1342
769
1328
1342
540
823
1363
690
682
553
766
766
1349
766
769
550
1372
1745
2214
268
1487
1490
802
1487
268
268
2447
1487
1369
1492
557
2363
1587
2363
1747
2172
504
268
289
1746
1746
2347
2581
2513
2476
3330
4111
4113
4112
2531
4112
64
2619
2573
2470
3326
3967
2486
2612
2561
2978
3006
2561
2567
2478
2572
2568
2535
4683
2764
2534
2692
4274
2476
2599
146
2563
2624
142
2549
4896
2484
2598
2559
4898
2367
2606
4900
1762
4116
4112
2761
2756
109
4113
1602
103
112
16
2574
2621
2483
1607
2476
2536
2622
2649
2654
2577
3291
3291
2568
2605
132
122
2587
2499
2604
2557
2537
2511
2590
2540
2533
2557
3011
1606
9
2620
796
85
4113
1602
1602
1602
2530
138
109
145
2765
1602
94
1602
4113
3330
1602
2478
2621
3326
80
2539
2499
2586
87
2557
4068
2599
3285
2511
2619
2586
2531
2485
2715
792
2502
4111
1602
12
3329
2477
2619
109
2571
2571
2639
2649
2649
2651
2651
2497
2497
2490
2497
2639
4910
4910
2618
2618
2618
2622
2497
2536
2622
2678
2497
2497
3293
3293
2497
3293
2497
2497
2497
2497
4910
3293
2489
2490
2490
2497
2651
4910
4910
4910
4910
2651
4910
2651
2557
2490
3288
2991
2707
2457
2444
4917
4883
3070
3887
3887
4825
2705
2705
2988
4059
4945
4945
3996
3997
3062
3062
3898
3270
4728
4001
292
4933
4102
2708
4707
2793
4728
4119
4118
217
3968
4741
4952
4011
4883
2962
4257
233
3996
3891
3995
2460
3995
4093
4010
3152
3864
4952
3277
4945
4945
2702
2702
3872
3406
3066
3277
3277
4260
4258
4121
2167
4065
2997
3077
1561
4266
3028
1625
2785
2783
4000
4990
2799
2975
2774
4716
1726
278
683
3889
4149
2796
4840
4153
2787
2812
3134
2968
4876
2770
4262
4993
4996
4996
4119
2794
1638
2313
2311
4255
3142
2753
2802
4169
2804
4144
4158
2807
4733
4734
4166
4795
3093
3092
4155
2818
2833
3102
2913
2835
3169
3173
3174
4780
4195
4738
2860
2921
2832
3136
4778
2898
4724
2837
2849
2848
2919
3172
3039
2845
4684
2928
3107
2856
4686
2903
4194
4844
2925
4201
2870
4198
2858
2891
4181
4190
2868
4847
3121
2876
2862
4184
4296
2881
4293
4294
4480
4470
4672
4669
4853
4853
4306
4459
4309
4481
294
578
2269
579
2896
4160
3035
3039
3041
2903
4214
2905
4296
4672
4254
442
2844
2830
4777
2842
2914
2915
2924
2864
4206
2921
4196
4183
3109
4178
3112
3111
4693
3890
2698
3072
2702
3271
4953
291
2468
2468
2771
3013
4881
1725
2234
464
1579
619
2945
2769
3192
3853
3049
1580
4937
2245
4986
2344
3274
3049
2955
4127
4259
4825
4807
3891
4036
2735
2944
2362
4813
4148
2795
619
442
442
2702
3156
2702
4034
4035
4035
3994
2708
2988
2707
4879
2694
3068
4283
1313
438
3332
3966
1769
3877
2730
3877
3877
1769
3008
2917
2910
291
291
1376
291
3295
2456
4990
3340
2770
2725
3065
1377
291
1377
1608
2801
4969
4916
4980
4980
2264
2271
2310
2269
4790
1634
293
2798
672
672
672
4690
3034
2929
3038
3037
2832
3041
3042
3044
3046
4465
4674
3848
3902
3902
3902
2930
3902
2930
2930
2930
2930
3049
3856
2705
2705
4976
3379
2931
3901
3014
4976
4976
4976
3066
3066
2703
2988
2988
3277
2752
2752
3973
3894
3975
2704
2704
4261
4740
2698
2457
3892
4825
2988
2988
2737
4824
2762
4244
2935
2934
3079
3080
275
2261
3345
2313
1653
4235
3999
4799
2312
4173
4152
2835
3099
2916
3101
2839
3105
2972
2824
4845
4845
3175
4218
3176
3124
3119
3120
2880
4288
4463
4851
2885
4460
4674
4312
4304
514
311
295
295
4745
3133
4250
2911
2827
3172
3039
2814
3078
2754
4257
1734
3193
2967
3194
4715
2956
2702
2702
3065
3065
3388
3277
4951
3277
3406
3898
2988
2988
3160
3276
3055
786
3163
4714
672
4892
3170
2836
3171
2843
4196
4816
4208
4818
4673
2311
581
580
579
672
672
3965
4958
4958
2702
4929
2988
2988
518
2974
3033
3848
4929
4927
3015
4929
3347
4099
3224
3236
3436
4076
3842
3048
3208
3257
2749
3239
3430
3842
3216
3425
3425
3248
3216
3878
3053
3230
3878
3248
3844
3216
3052
3226
3902
3878
3878
3057
2749
3248
3847
3844
3857
3853
4886
3902
2988
3275
3877
3275
3057
2930
3902
3916
3907
3236
3878
2749
2749
3230
3878
3854
3878
3051
3842
3842
3842
3878
3847
3842
3872
3842
3844
3915
3263
3218
3223
3222
3902
3216
4097
3225
3906
3268
3260
4097
3902
2930
3853
3842
3848
3842
3842
3842
3878
3878
3878
3878
3053
3190
3842
3878
3878
3878
3190
3436
2988
3878
3222
3842
2988
2948
3423
3258
2958
3886
2960
2960
2960
3062
4944
4945
4944
3902
3902
3902
3062
3975
4033
4034
4034
4097
3216
3054
3142
2639
2490
2552
2489
3302
2533
3305
786
2348
4910
2618
4910
2678
3967
3965
3186
673
296
3836
2678
3293
3293
2639
2639
2497
4112
4132
4266
4267
2772
4706
4878
808
1602
3968
4115
3000
1603
1602
2707
4086
4041
4060
3333
3893
4977
4036
4948
4052
3992
3160
4957
4016
4958
2734
4036
2735
2961
2982
3352
3862
2736
4958
4033
4033
4036
2723
3376
2988
4099
4929
3015
4061
4057
2708
3380
4931
4931
4010
2726
2746
2963
3388
2988
3403
3871
4037
3393
4045
3390
3871
4037
4939
4915
2931
3403
2707
4885
3402
3401
2988
2981
2963
4034
2726
4033
2725
2725
3065
3156
3853
3274
3053
3226
3049
3049
3248
4112
1604
3281
4070
4084
4076
3255
3239
3845
2749
3842
3216
4070
3945
3945
3446
3933
3942
3457
3232
3920
3201
3207
3201
3203
3937
3460
3250
3913
3201
3208
3451
3261
3442
3825
3797
3508
3524
3949
3953
3442
3957
3561
3769
3527
3953
3953
3561
3485
3468
3954
3442
3442
3953
3949
3441
3442
3504
3464
3475
3465
3475
3797
3723
3488
3506
3543
3464
3613
3488
3503
3797
3483
3548
3470
3958
3444
3510
3508
3613
3509
3815
3528
3524
3440
3524
3455
3441
3485
3455
3941
3447
3557
3960
3455
3662
3953
3526
3464
3666
3666
3953
3464
3508
3488
3550
3813
3799
3571
3670
3454
3613
3556
3510
3613
3467
3455
3959
3201
3447
3485
3524
3561
3754
3797
3613
3815
3442
3521
3665
3723
3920
3941
3953
3613
3613
3613
3613
3638
3613
3613
3613
3488
3613
3646
3613
3550
3613
3613
3613
3638
3613
3628
3488
3561
3799
3561
3464
3613
3690
3799
3690
3488
3693
3666
3693
3693
3624
3690
3690
3693
3690
3670
3690
3690
3690
3694
3563
3670
3694
3760
3694
3685
3690
3694
3690
3690
3690
3690
3624
3760
3696
3690
3694
3690
3633
3690
3690
3708
3708
3670
3665
3662
3630
3799
3656
3799
3799
3681
3799
3563
3508
3681
3681
3538
3722
3693
3746
3685
3685
3685
3693
3685
3685
3676
3747
3696
3748
3748
3746
3693
3693
3748
3752
3759
3748
3752
3696
3752
3752
3752
3678
3752
3752
3678
3746
3752
3752
3758
3752
3752
3718
3693
3670
3670
3620
3748
3693
3563
3657
3657
3538
3657
3605
3681
3624
3721
3657
3631
3657
3677
3683
3734
3659
3686
3616
3605
3712
3712
3705
3712
3705
3696
3712
3696
3712
3712
3712
3712
3712
3489
3657
3657
3723
3657
3825
3825
3825
3825
3825
3441
3441
3524
3825
3524
3561
3825
3825
3825
3825
3475
3825
3561
3817
3825
3825
3825
3561
3561
3561
3817
3561
3453
3800
3489
3475
3769
3467
3468
3462
3467
3538
3812
3475
3475
3825
3537
3825
3524
3524
3953
3441
3441
3529
3529
3953
3953
3953
3485
3525
3483
3541
3955
3953
3825
2478
2477
2614
2535
2498
2497
2498
2988
3277
3274
3853
3274
3158
3877
3902
3902
3902
4097
2930
4951
4945
4951
3277
3277
3274
3848
4976
4886
4976
4976
4976
3273
3902
4097
4097
3049
3847
3902
2930
2930
4945
3066
2703
2703
2703
3379
4929
3015
2988
3898
3062
2703
3066
2988
2988
3158
3066
3277
4952
3406
2988
2988
2988
3158
4952
3899
4945
4945
3274
2703
2703
4262
4137
4137
2957
2466
4713
2754
4091
2753
2952
2952
3884
4704
2753
500
4774
4265
2444
2411
3895
4974
3896
4886
3062
3062
4952
4945
2703
4952
3070
2703
4032
4032
3071
3072
3072
3070
3072
3070
4030
4030
2801
4118
508
216
2358
1377
3842
3842
3842
3238
3216
4070
4074
3426
3845
3005
3843
3842
3842
3842
3842
3223
3265
4083
3260
3227
3161
4081
3260
3257
3909
3260
3914
3224
3257
3237
3257
3918
3436
3920
3210
3438
3235
4078
3913
3920
3933
3937
3433
3205
3200
3199
3935
3456
3199
3232
3447
3941
3947
3201
3941
3232
3944
3206
2744
2993
2993
4283
2990
4040
2753
2952
4263
3888
2468
1370
4138
3888
3886
4877
4877
4877
4787
4026
4971
3343
3085
3866
3276
3274
3156
2725
2735
3994
2941
3885
3889
2952
2952
4137
4272
4136
3998
4711
4893
3321
4127
4272
3276
3858
2461
4038
4048
4039
3071
3975
2959
2752
3972
3972
3972
3972
2782
2953
4004
4026
3971
2958
3894
3996
3996
4807
4807
2941
4094
4053
2293
490
3858
3875
3156
4056
3073
2747
3875
3985
4095
4793
4965
4973
4087
4095
3985
3155
4941
4926
3335
3336
4977
4939
4820
4040
3970
4889
2349
3263
3425
3248
3253
3226
3878
3878
3054
3281
3878
3842
3855
3222
3878
2948
3842
3845
3054
3266
3878
3222
4966
4004
1772
2464
4982
2458
2930
2930
2930
4945
3277
4945
3277
3066
2930
4028
4951
3067
2703
4030
2704
3269
3269
4932
2716
3015
4945
4952
4010
2742
3874
2742
4953
4010
4952
4953
1453
1453
218
1381
218
557
508
2358
1376
2358
2358
291
1376
2766
4767
3150
4121
4245
3150
4834
521
1737
4130
4131
2973
4769
2244
4134
4991
3319
4139
4693
4141
4141
4165
2810
4147
4838
3093
3169
4168
2822
2819
4156
2896
4140
4159
3092
4799
4165
4165
2815
4150
4776
3096
2820
4839
2835
4215
3177
4188
4212
4207
4215
4216
3115
4210
4220
2875
4223
4213
2872
2872
2874
2865
4182
4182
2871
4192
4189
4802
4185
4175
2866
4466
4462
4312
2886
2887
2878
2882
4451
3116
4465
4819
4457
4292
3122
4855
2969
2264
619
4120
2235
279
4231
4230
4227
4742
619
1738
511
4849
4246
2364
1734
2351
1732
3179
467
4995
4850
4256
2463
4268
4124
4989
4137
2768
2454
4774
4880
2800
3999
1583
1625
4271
3320
2757
3322
4712
4894
1756
4833
1601
1560
9
122
2369
11
9
64
2264
561
448
4861
4588
4593
4528
4675
4479
4478
4563
4588
4562
4579
4535
4862
4527
4520
4523
4558
4592
4533
4559
4315
4335
4323
4315
4323
4321
4433
4321
4433
4406
4406
4406
4330
4433
4406
4330
4434
4370
4330
4433
4335
4405
4370
4335
4393
4421
4334
4335
4406
4315
4321
4323
4321
4321
4321
4315
4321
4433
4411
4433
4433
4435
4370
4433
4323
4406
4433
4321
4406
4433
4330
4370
4435
4435
4433
4433
4433
4330
4335
4335
4335
4335
4374
4335
4370
4433
4334
4440
4334
4344
4421
4334
4421
4334
4433
4433
4335
4315
4433
4406
4433
4433
4406
4406
4330
4330
4433
4433
4335
4335
4335
4335
4315
4321
4406
4323
4321
4330
4330
4406
4406
4411
4405
4330
4330
4434
4334
4330
4334
4433
4335
4334
4335
4584
4469
4546
4672
4864
4475
4306
4472
4472
4585
4475
4587
4476
4477
4558
4551
4582
4549
4525
4858
4575
4550
4548
4545
4546
4680
4665
4355
4665
4379
4374
4374
4445
4403
4403
4352
4322
4322
4403
4403
4322
4330
4330
4403
4403
4484
4665
4659
4445
4391
4391
4403
4403
4489
4490
4490
4652
4603
4613
4613
4603
4513
4613
4566
4569
4622
4625
4621
4622
4622
4620
4625
4625
4619
4620
4355
4355
4428
4508
4487
4541
4541
4492
4484
4667
4596
4428
4496
4597
4611
4619
4611
4556
4611
4555
4403
4403
4449
4502
4603
4613
4605
4621
4619
4617
4609
4548
4541
4542
4550
4611
4580
4627
4628
4633
4624
4572
4569
4640
4641
4643
4447
4346
4403
4403
4502
4650
4644
4500
4500
4495
4640
4502
4502
4502
4500
4598
4600
4602
4603
4603
4605
4603
4607
4607
4621
4620
4605
4621
4352
4322
4322
4411
4330
4357
4330
4357
4357
4335
4335
4334
4440
4344
4344
4344
4335
4344
4403
4393
4334
4334
4334
4374
4435
4435
4435
4321
4323
4352
4323
4863
4530
4530
4618
4618
4516
4490
4568
4568
4514
3369
3152
490
4204
2922
4689
4707
2776
4691
2789
3163
3132
2846
4696
4697
4699
4714
4700
4701
4702
3131
4703
3146
2935
3079
3141
4708
4146
4759
4002
2717
4706
4001
4714
2775
4145
4717
4726
4725
4723
4687
4724
3321
3098
4745
3091
4729
4730
4731
4268
4718
4734
4727
4735
2800
2923
3043
4736
3887
2706
3091
4263
2938
2908
4744
4744
4832
513
513
2264
4773
2260
4785
3149
3145
2266
619
4785
294
579
3191
4770
4771
4789
4775
4172
4986
3140
3104
2847
4783
4202
4853
2235
3106
4202
2235
2811
4005
2271
311
1654
3893
2271
1653
4798
4799
4167
4803
2887
2264
2270
2264
2455
2782
4162
3170
2914
2831
4815
4174
4843
4209
2906
4053
4036
2961
4037
4085
2455
4093
4826
4096
3875
3273
3158
4050
2781
2767
2805
4142
4165
2313
2823
4846
3177
4187
4817
4292
4454
2343
4768
4090
4473
4529
4560
4859
4573
4613
4622
4619
4614
4611
4571
4609
4607
4123
619
515
4970
3976
4968
4876
4688
4704
4980
4877
269
2707
4876
3017
4888
4891
4994
2693
2467
4884
4879
3402
2792
3012
500
3902
4097
3902
2942
4996
4996
4996
4000
4887
3902
4969
2930
3067
2716
2361
469
4893
4270
1618
2629
2522
2577
2653
2640
4910
2571
2658
2658
2639
2654
4910
2490
3293
2618
1380
2695
4976
4929
4917
4976
4728
4933
4980
4740
3270
4952
4952
2723
1380
3892
3994
3065
2702
3277
4952
2722
2698
4728
3973
3142
3142
2722
2960
4788
4968
2951
3187
4977
301
1605
301
4890
4114
4979
4097
4097
3062
3062
4952
4952
2703
4952
3070
4030
3071
3070
4033
4032
4032
3887
2724
3995
3975
3975
3975
2959
3972
3894
3891
3972
3891
3891
3891
4826
3977
2953
4828
3277
3282
4030
3277
3066
4029
3282
3282
2452
4039
4054
4974
4974
4943
3902
2710
2710
4976
2708
3062
4945
4945
4952
4945
4952
4952
4945
4914
2989
4976
4978
4976
4976
3898
3062
3902
4944
3902
4951
4945
4945
4263
4704
3887
2456
268
802
1741
1487
290
2452
2348
240
557
265
2348
1617
1756
504
268
290
2352
1747
2355
2355
291
1821
1824
4405
1824
1847
1847
3878
4405
4441
