66
2417
36
968
54
98
92
968
53
884
137
883
2416
116
62
44
134
135
850
135
47
73
49
850
847
81
24
2417
865
33
33
520
106
276
128
33
30
113
12
36
74
13
50
34
1
19
46
143
16
27
20
18
2420
23
77
10
1656
884
133
860
126
861
1660
872
885
1839
64
145
117
17
143
90
12
138
69
128
28
866
197
2422
132
1336
851
81
103
79
2613
80
81
83
104
87
31
147
852
152
4
58
91
1656
883
164
96
78
10
10
3
54
9
145
82
1832
279
2543
54
1335
145
138
133
30
54
882
17
30
860
120
122
123
124
183
860
4306
2418
56
85
90
1833
21
53
21
882
860
4306
1838
108
92
969
133
37
4
114
145
179
179
179
866
866
866
1338
175
175
165
1337
866
846
1338
172
175
165
2430
849
852
28
1338
855
75
866
1338
1337
1336
28
165
28
165
1338
1338
1338
28
1338
1338
165
2429
849
173
165
175
175
1338
179
1337
179
868
179
1337
175
2431
175
1338
172
198
607
2388
951
928
521
2475
2468
778
1517
925
260
2451
1812
1405
594
926
594
594
220
2377
2501
2501
232
449
934
1573
2464
1536
1530
2497
260
262
1593
226
253
2521
932
932
2187
615
1341
2465
1556
778
1339
1530
1546
1614
273
275
1494
1494
248
633
2188
2282
292
1543
2224
1703
536
880
291
741
1696
295
307
297
460
2265
299
1817
2284
1720
680
638
343
2225
411
412
310
2531
1397
216
319
2345
2345
2345
2345
1698
2346
2232
1540
598
330
1718
2203
414
334
415
362
2225
344
2347
332
332
332
1710
361
2343
1702
345
2233
427
677
428
429
498
2318
2322
435
373
2289
379
381
383
437
2189
364
526
2320
430
679
2229
2289
352
2287
643
2321
418
2247
2190
377
378
1741
382
385
386
650
441
1747
2294
2294
393
391
1737
1752
399
389
2324
2309
1758
2350
1764
656
1726
384
398
400
1754
1986
2291
1848
408
1992
401
401
2326
1983
1844
403
1845
1986
1848
1847
550
548
550
2313
561
414
562
679
564
565
437
1728
1757
1758
1759
1987
401
689
425
375
375
365
351
416
357
357
1737
2290
722
376
385
1731
1744
392
390
1735
442
1750
432
447
932
908
2187
527
2395
459
297
2264
1420
1513
2188
666
551
625
625
286
671
812
471
236
1601
1638
474
1562
304
476
270
1413
241
260
840
840
742
495
1780
714
675
713
720
1699
1698
1698
1698
1699
466
248
2474
903
1653
1651
535
594
512
2508
2396
607
2519
1494
1497
2396
198
1436
778
861
778
1496
1839
672
433
374
4139
4993
534
2382
932
930
542
466
1713
2305
2299
2305
1695
340
500
321
320
321
728
729
731
727
727
560
561
563
563
566
566
2201
567
568
419
569
1730
1759
421
1990
778
265
206
777
809
265
519
1382
519
587
1386
1339
585
538
1392
1578
606
513
232
241
613
1391
827
1519
277
1670
1826
624
559
1705
2273
2265
1344
1713
1713
1713
2345
1776
324
2343
1692
2343
640
348
1719
360
370
358
350
355
2288
366
648
498
722
386
1749
1760
1760
1724
1732
1732
1734
1755
1990
1979
1754
665
660
404
2353
406
1991
402
340
551
552
551
729
729
554
2279
309
2392
2393
2394
353
355
352
648
417
1711
1404
683
1399
552
690
558
2194
2217
2210
329
303
1387
909
1359
1340
1391
587
587
767
1344
2198
727
2255
1781
718
369
369
417
721
376
2352
1723
1766
1842
2304
629
629
2304
632
632
728
727
727
732
1612
908
910
585
535
863
1714
303
1708
559
809
594
585
2187
1445
1457
1459
1618
976
820
754
751
795
1447
808
1442
1450
763
758
820
1631
785
786
818
753
818
784
1628
786
788
767
818
786
778
818
818
813
1458
804
1452
820
1625
767
767
774
767
778
818
1459
784
1453
1456
1453
1442
788
784
790
802
1456
975
754
788
812
754
1618
787
774
786
778
751
1473
778
1618
774
818
818
802
821
4071
2458
1645
1341
1343
1343
1394
256
786
1447
788
2459
81
1338
248
866
2429
520
520
56
56
3048
1338
165
865
2421
860
1494
1615
1616
670
293
129
1337
129
28
1338
865
179
1338
2523
874
1820
2246
1825
1800
1800
515
531
531
531
531
1656
11
2466
2401
887
2407
2339
943
278
890
1525
628
1613
1595
904
618
889
910
953
953
954
903
840
840
2187
2187
899
953
953
909
910
840
910
903
535
594
926
209
618
535
932
932
2186
2187
699
585
828
1382
1609
1598
1595
828
1608
585
896
535
594
950
1607
892
585
585
2187
2187
910
828
840
827
1562
777
786
828
573
787
133
11
884
1625
1625
1443
1443
1444
820
820
1439
763
763
1447
753
1450
1488
1058
1475
1483
1481
1471
749
997
1476
1477
1464
987
1470
995
994
1470
1469
755
1473
1487
804
1129
1047
1047
1044
1129
1129
1236
1129
1329
1081
1044
1312
1044
1047
1082
1327
1266
1236
1327
1327
1329
1042
1044
1190
1190
1266
1129
1081
1044
1129
1306
1047
1044
1081
1081
1324
1083
1330
1129
1306
1208
1208
1088
1266
1266
1028
1088
1264
1190
1208
1266
1236
1266
1266
1329
1222
1266
1266
1243
1236
1088
1329
1327
1329
1088
1236
1208
1088
1329
1088
1329
1329
1208
1021
1045
1129
1266
995
1021
1489
1489
1487
995
1058
1208
1129
1094
1312
1305
1190
1190
1264
1312
1129
1264
1208
1264
1264
1028
1208
1208
1264
1243
1208
1266
1208
1208
1208
1208
1329
1208
1305
1021
1082
985
1489
995
1044
1094
1094
1236
1264
1208
1088
1208
1016
1081
1081
1306
1044
1088
1208
1264
814
1081
1264
1208
1208
1208
1208
1208
1208
1208
1208
1208
1208
1208
1208
1208
1208
1208
1208
1208
1208
1208
1208
1208
1190
1208
1208
1208
1208
1208
1208
1208
1208
1208
1208
1208
1208
1208
1208
1208
1208
1208
1208
1208
1208
1208
1208
1208
1208
1208
1208
1208
1208
1208
1208
1208
1208
1208
1208
1208
1208
1208
1208
1208
1208
1208
1208
1208
1208
1208
1208
1208
1208
1208
1208
1208
1208
1208
1208
1208
1208
1264
1208
1208
1208
1208
1208
1208
1208
1264
1208
1208
1208
1264
1264
1236
1034
1208
1208
1208
1208
1222
1208
1208
1222
1208
1216
1208
1208
1222
1208
1208
1216
1208
1208
1208
1208
1264
1208
1208
1208
1208
1208
1208
1208
1216
1208
1208
1208
1208
1216
1216
1216
1216
1208
1208
1216
1216
1216
1216
1216
1216
1208
1264
1208
1208
1208
1222
1208
1264
1208
1208
1222
1264
1222
1264
1222
1264
1264
1222
1264
1264
1222
1222
1264
1264
1222
1208
1264
1222
1222
1222
1222
1216
1216
1216
1216
1216
1222
1216
1216
1222
1216
1216
1216
1216
1216
1216
1216
1264
1252
1222
1264
1243
1264
1129
1129
1129
1029
1094
1129
1129
1129
1029
1129
1029
1029
1094
1129
1129
1129
1129
1129
1029
1129
1124
1029
1029
1129
1029
1129
1129
1129
1129
1129
1124
1129
1129
1129
1129
1129
1129
1129
1129
1129
1129
1129
1129
1329
1222
1264
1243
1264
1243
1243
1266
1243
1243
1266
1236
1243
1243
1266
1236
1306
1306
1236
1190
1129
1129
1129
1329
1044
1044
1044
1088
1129
1230
1266
1266
1307
1081
1044
1329
1329
1081
1329
1305
1082
1306
1329
1329
1094
1129
1045
1129
114
114
4980
851
1338
86
31
1338
519
519
1357
519
778
265
1339
206
573
809
1343
1343
778
818
265
778
1341
1381
1562
1344
1386
594
1356
1344
809
1340
1340
1344
1343
778
703
1386
1386
1357
2405
254
1536
2252
1400
2357
1638
1412
2333
2253
1420
1413
4964
1424
537
538
1428
745
1648
1428
2409
1435
769
820
1447
753
973
1443
821
821
1444
820
820
763
763
784
753
1450
1459
754
1453
754
1443
842
754
973
1442
1444
754
796
1467
1467
805
1459
808
804
751
1466
781
975
1457
750
993
991
756
1097
781
795
1472
755
999
803
782
995
1478
988
1479
1480
1000
1001
995
985
995
1000
999
990
236
2379
2396
232
2519
236
1514
1505
1532
204
1499
327
471
464
2447
2462
2504
944
1598
1519
1382
573
573
573
840
904
226
1530
301
1501
2333
2283
1687
1798
313
1822
284
1689
1345
1600
2498
901
509
1635
1428
1375
696
696
918
2463
2327
1574
1575
204
241
1589
1528
2496
2335
1550
2327
1592
516
1593
1345
1345
1595
2453
1345
1600
2335
913
509
945
1635
891
2453
1520
937
943
943
547
209
628
1516
1596
1515
2476
1614
1494
1616
516
1618
1618
767
818
767
1618
784
1631
767
787
818
767
753
1631
787
1605
895
2497
2525
4982
1636
1410
1637
1637
1636
1639
4309
4114
2521
1640
4986
2470
2470
615
594
932
703
932
908
908
615
615
1838
1838
1838
1656
4139
4139
3120
4901
2763
2297
1783
1671
1684
1671
1674
1680
1675
873
283
1677
1675
1680
1681
1682
1784
1785
2342
1829
1689
473
2216
431
334
415
1693
1693
1706
2242
644
641
2343
1712
636
636
717
2318
2348
2308
1704
645
1707
1706
413
562
1709
431
361
361
2344
2344
2344
333
1722
640
348
646
1719
347
341
1711
636
360
388
725
2349
663
398
398
658
420
570
570
657
395
653
661
390
1765
1753
1726
656
1723
724
1746
1739
1729
1727
440
387
1733
1750
420
1730
389
664
664
394
402
1764
396
407
407
422
423
572
1751
659
395
665
665
662
397
2354
675
1777
2312
2312
2256
2273
2265
1775
2257
673
2269
466
424
2313
2263
2373
2373
299
496
1788
1789
1721
556
322
2410
2984
1687
875
533
2518
1547
1534
684
682
2404
480
1410
4114
1676
1673
1821
877
1545
2524
1674
1829
1837
109
4300
4301
1834
1663
1838
67
2807
2312
549
1636
3900
4114
2361
1982
1843
2362
1857
1856
1858
1980
2004
1851
1860
1988
2178
2178
2175
2176
1854
1999
1999
1997
1997
2105
2184
2181
1859
1999
2101
2369
2361
1960
1911
1940
1865
1897
1865
1943
1897
1865
1897
1897
1904
1911
1904
1904
1865
1966
1904
1904
1968
1965
1911
1969
1968
1940
1940
1922
1965
1926
1932
1864
1883
1932
1864
1960
1865
1897
1868
1897
1958
1943
1897
1867
1892
1865
1897
1941
1965
1947
1873
1872
1904
1904
1865
1865
1863
1904
1966
1872
1904
1965
1971
1872
1911
1872
1965
1880
1947
1965
1911
1965
1965
1952
1940
1920
1932
1929
1971
1940
1916
1968
1965
1880
1881
1954
1864
1883
1932
1864
1932
1911
1897
1940
1867
1868
1897
1897
1904
1911
1911
1865
1904
1873
1911
1911
1911
1942
1883
1965
1864
1926
1897
1867
1943
1897
1945
1865
1907
1907
1908
1863
1911
1867
1911
1947
1863
1922
1940
1940
1923
1922
1965
1954
1883
1859
1996
1996
1995
1841
1852
1983
1984
1845
1844
1846
1861
1841
1989
1982
1849
1993
1994
2000
2095
2001
1993
2046
2370
2050
2053
2097
2096
2095
2002
2003
2004
2005
2005
2170
2168
1914
1956
2167
2164
1956
2165
1934
2174
2144
2144
2144
2161
2163
2146
2150
1917
2151
2153
2160
2007
2007
2009
2007
2008
2029
2011
2161
2163
2164
2037
2012
2033
2031
2165
2034
2081
2134
2041
2040
2037
2038
2040
2045
2040
2134
2131
2137
2042
2364
2135
2090
2131
2075
2142
2143
2132
2006
2005
2015
2030
2032
2029
2060
2027
2069
2069
2062
2061
2016
2122
2015
2061
2106
2073
2130
2093
2070
2079
2068
2079
2165
2013
2113
2113
2081
2116
2084
2040
2134
2135
2131
2132
2132
2094
2065
2067
2028
2065
2078
2078
2366
2367
2075
2092
2090
2090
2051
2052
2045
2046
2146
2108
2021
2022
2151
2024
2151
2026
2026
2111
2113
2112
2111
2110
2106
2106
2017
2114
2117
2117
2111
2112
2107
2123
2121
2121
2120
2120
2118
2118
2133
2133
2127
2129
2126
2132
2127
2131
2135
1944
1868
1896
2144
1944
1961
1967
1880
1965
1920
1880
1949
2154
2157
2154
2154
1975
1921
1939
1927
2161
1956
1888
1954
1929
1929
1929
1879
1948
1879
1917
1868
1905
2173
1871
1896
2100
2367
2102
1998
2078
2099
2098
2035
2064
2066
2036
2105
2180
2182
932
2188
4865
651
438
438
2397
220
2215
2199
622
2205
443
2190
1743
371
2231
878
642
2191
2197
2196
307
2220
288
1691
2205
1778
2218
1541
235
2237
2241
337
2226
2226
363
2228
2247
383
2190
375
2240
426
2243
692
2223
2258
682
1697
2226
676
712
217
439
1743
2458
2248
2255
1768
523
2234
549
2260
2301
2301
2301
550
2268
2273
494
494
2267
477
2269
466
666
2312
1781
424
410
726
1669
2276
674
2207
2278
2281
2285
2284
637
678
372
373
441
2293
2264
367
1748
467
2264
338
2298
2305
339
2303
339
2302
1694
333
2307
333
2343
1692
1692
2286
428
654
1763
2300
2300
2303
2299
2265
466
362
2319
369
356
356
2323
1742
723
388
2354
4658
1634
2338
226
1602
254
2334
1829
1590
2336
573
1345
547
281
2341
2341
361
361
2306
2307
2306
2306
2343
638
1761
1762
388
1733
1739
665
400
552
1538
1828
1853
2360
2369
1853
1854
2104
2365
2040
2044
2130
2130
2128
2366
2364
2127
2135
2369
552
551
467
231
2464
888
219
532
464
1419
457
2387
1611
2466
2466
2512
3037
2447
2384
1574
2476
1642
688
296
290
1797
1686
37
163
72
864
179
179
175
1338
175
175
179
175
1336
2429
1336
2429
2429
205
921
594
2445
446
595
594
259
900
897
2499
1612
930
733
748
932
259
918
1646
257
1552
1515
1612
2331
1607
1607
896
4137
1643
2450
1428
255
1648
256
2499
1596
2498
2480
260
696
2495
1572
1526
2504
1525
4135
1603
1552
2505
948
924
537
2469
950
512
201
824
4309
2514
2515
4931
1636
3891
3900
4982
4658
4982
4990
1793
459
530
2530
1686
1438
3837
3837
2642
2543
2544
885
2585
3052
2585
3384
2675
2591
2597
4879
2649
2587
2587
2548
2574
2578
2553
3348
3348
2557
2616
2536
4882
2557
2588
3360
3035
2566
2650
3390
2588
2567
144
2542
2595
2556
2572
2658
2546
2575
4880
2666
2587
4881
2580
2570
2584
2583
2584
2542
3035
3021
3982
3346
2563
136
2585
3371
3984
2600
95
2676
2599
2537
2548
6
2541
2569
2566
2555
2709
4887
2554
3349
2555
4883
2611
2612
2613
2654
2661
2617
2624
2558
2564
2637
3349
2577
2625
3381
3039
8
2664
101
2631
124
1655
2543
3371
2567
2627
2620
4093
3471
2543
95
1657
872
2667
872
2550
2550
3982
2732
4298
2618
2622
2656
2717
2994
3361
2551
2660
2661
2607
2663
2587
3383
3382
3021
2668
3984
2590
3371
2543
2665
2536
2626
2569
2677
2694
4887
2694
2709
2687
2708
2708
3843
2602
3839
3367
4887
2709
2628
2603
2717
2603
2603
2664
2561
2608
2555
3843
3367
2708
2608
3839
3351
3840
3839
2602
2699
3839
3843
2699
2602
2603
2555
2623
2603
2711
2603
2602
2711
2709
2717
2717
2714
2709
2708
2699
2607
2711
2711
2711
4859
4930
3032
3455
3429
4929
3997
4903
3289
3208
3422
3125
3058
2760
4967
3425
3435
3434
4678
2969
4966
4969
3038
2975
4051
4928
4023
4070
4051
3205
4092
3391
4954
4982
4802
3411
3411
4656
3856
3106
4924
4100
3278
2827
4812
3387
4151
4157
3981
2735
2735
4072
3361
3246
3074
2811
4179
4753
4661
3380
4250
4263
4172
4166
4764
4246
4248
2824
4247
4265
2827
3191
4196
4817
2866
4167
4181
4171
3184
2836
4276
4863
3144
4815
4815
2864
632
2304
4815
2767
3125
4194
4194
2967
4671
2857
2940
4169
2955
4173
4694
3155
3150
4171
2855
2856
3223
3147
2872
2871
2868
4696
3187
3156
2952
3157
2953
3225
4792
2902
4757
2898
2903
2903
4793
3228
3086
2887
4756
3225
2954
4698
2893
2958
2876
2896
3227
4791
2963
4660
4718
3161
2902
2904
4219
4219
2910
3162
3162
4215
2964
4216
2915
2917
4212
4220
3169
4213
4214
4200
4795
4207
4229
4240
4231
4231
2908
3232
4823
2919
2929
4463
2933
2931
4456
4457
2925
4831
4827
4311
4827
4461
4316
4316
2924
4469
726
548
548
630
2938
2857
2954
2939
2941
2960
2960
2900
2909
4198
4227
2925
4467
4466
3198
4844
4717
2957
2877
2889
2880
3084
2961
4216
4759
3161
3229
2900
4225
4205
4218
3168
4210
4224
4208
4675
3337
3411
3458
4656
4988
4860
4247
2823
2824
461
4844
466
4802
3388
2312
3071
3072
3072
2831
2829
4069
4847
4088
4258
4767
4119
4177
2861
2815
4026
2771
4064
3415
2833
3198
4858
3015
3139
3221
3139
4175
4174
4815
2864
466
666
2994
3881
3401
3400
3443
3215
3451
3042
4930
3454
3454
3981
3037
3398
4859
3038
3121
4100
3036
4090
4859
2990
2814
2957
2897
3034
3992
4853
2840
3250
4855
2766
466
2304
1713
2305
2862
3137
2863
3016
2845
2845
728
2845
728
727
2937
3079
4185
3082
3190
2942
2942
2961
3085
2900
2909
2909
4204
4232
2918
4233
4467
4102
3098
3318
4104
3274
3313
3289
3056
3056
3282
3880
3879
3868
3883
3250
2789
3996
4930
3034
3006
2796
3883
3332
4074
3133
4146
2836
4680
3137
4735
3139
4246
3858
2304
2304
2345
2304
4189
4737
4715
3223
3223
4787
3151
4191
2869
3189
2894
2961
4670
2959
2950
2888
2890
2891
3154
4214
4214
4235
3089
4207
4237
4818
4231
3174
3169
3175
2927
3171
4781
2930
2931
2930
4456
4460
4770
4768
4770
2305
557
3237
4692
4725
4251
3186
3014
4242
2879
2875
2891
2892
4186
4682
3910
3903
4844
3248
3199
4664
2859
2830
2853
3410
3410
3283
3853
3880
3880
3100
4102
4992
4703
727
3139
4254
4254
3014
4789
3226
4790
3228
2901
2901
3230
4211
4228
4466
548
728
632
548
2304
727
3234
2312
4847
4090
4657
4657
3056
3868
669
3181
4195
4184
4683
3108
3056
3056
3108
3411
3304
3953
3964
3297
3946
3259
3946
3957
3502
3956
3947
3265
3954
3256
3933
3945
3931
3926
3948
3481
3287
3267
3932
3926
3932
3926
3934
4099
4103
3303
3341
4099
3289
3303
3288
4108
3959
3490
3305
3477
3928
3482
3926
3288
3275
3270
3275
3274
3314
3939
3306
3285
3952
3314
3934
3480
4099
3930
3304
3265
3955
4099
3341
3259
3477
3477
3268
3934
3275
3275
3959
3490
3289
3481
3268
3321
3290
3930
3475
4071
3994
4127
3880
2794
4039
3400
3934
3939
3255
2747
3842
3842
2804
3364
2554
3359
3346
2660
2650
2711
2603
2705
2702
4887
4887
2735
2804
3036
4072
3180
2702
3843
3843
3351
3350
2699
4887
3843
4976
4158
2802
4707
4673
4271
4295
3033
3033
3983
3035
3039
3052
2594
2543
3450
4871
3985
4798
4004
4093
3392
4008
3025
3131
4077
3858
3395
3410
3458
3437
4127
2758
3026
4657
4657
2758
3339
3437
4127
4924
3403
3056
3056
3429
3411
3435
4656
3434
3441
3445
3883
3056
3056
3056
3434
3411
3411
3411
4127
3401
4004
3429
3100
3027
3876
4002
4075
4084
2769
3215
3429
3429
3429
3456
4089
3428
3428
3056
3458
3329
2758
3403
3026
3332
3094
3307
3341
3267
3300
3482
2544
4133
3272
3929
3267
3938
3944
3299
3946
3476
3259
3947
3952
3948
3948
3551
3496
3484
3508
3521
3595
3498
3499
3971
3558
3490
3484
3492
3969
3551
3496
3488
3559
3966
3962
3964
3969
1129
1312
1044
1094
1129
1129
1230
1230
1129
1059
1329
1044
1044
1312
1151
1151
1129
1208
1266
1044
1044
1059
1129
1266
1029
1324
1045
1306
1309
1047
1329
1324
1324
1324
1018
1018
1094
1044
1312
1224
1208
1224
1230
1266
1151
1129
1129
1264
1129
1208
1266
1243
1190
1230
1081
1222
1230
1129
1266
1230
1208
1307
1151
1028
1306
1208
1151
1208
1151
1306
1129
1061
1094
1151
1049
1047
1306
1266
3557
984
1056
1056
1028
3521
3551
1151
1044
1094
1312
1266
1129
1190
1208
1312
1047
1151
1208
1208
1208
1113
1151
1264
1230
1208
1230
1208
1021
1151
1151
1208
1208
1129
1208
1266
1059
1312
3521
1094
3521
1312
1307
1230
1260
1208
1129
1151
1324
1018
1324
1081
1094
1129
1208
1222
3962
1151
1222
1208
1208
1151
1151
1151
1151
1151
1151
1151
1151
1151
1151
1151
1151
1151
1151
1151
1151
1151
1151
1151
1190
1208
1151
1113
1151
1190
1129
1208
1208
1208
1208
1208
1208
1208
1208
1208
1208
1208
1208
1208
1208
1208
1208
1208
1208
1151
1208
1208
1208
1208
1208
1208
1208
1208
1208
1151
1208
1208
1151
1208
1151
1151
1208
1151
1151
1151
1208
1151
1208
1208
1208
1208
1151
1208
1151
1208
1151
1208
1208
1208
1208
1151
1208
1208
1208
1208
1208
1208
1208
1208
1230
1266
1208
1208
1208
1222
1208
1208
1208
1208
1208
1208
1222
1208
1208
1208
1208
1208
1216
1208
1208
1208
1208
1208
1208
1208
1208
1208
1208
1216
1208
1208
1208
1208
1208
1208
1208
1216
1216
1208
1208
1208
1208
1216
1216
1208
1208
1208
1208
1208
1222
1208
1208
1208
1208
1222
1222
1222
1222
1222
1222
1222
1222
1260
1216
1222
1222
1216
1243
1222
1222
1222
1222
1222
1216
1216
1216
1222
1216
1222
1216
1216
1222
1222
1216
1216
1216
1216
1222
1222
1222
1243
1260
1222
1029
1029
1129
1094
1094
1029
1029
1129
1094
1094
1094
1094
1094
1029
1029
1029
1029
1029
1029
1029
1029
1029
1094
1094
1029
1029
1029
1094
1029
1029
1029
1029
1029
1029
1029
1029
1129
1029
1029
1029
1029
1029
1222
1208
1243
1222
1260
1243
1266
1230
1260
1266
1264
1260
1260
1266
1224
1081
1306
1129
1129
1129
1129
1029
1094
1094
1094
1094
1129
1129
1129
1309
1266
1306
1307
1307
1324
1329
1018
1324
1324
1307
1266
1266
1312
1312
1044
1094
1044
1129
1045
1129
2645
4966
2650
2650
2661
2619
2566
3282
3293
3282
3279
3283
4098
3316
3856
3097
4104
3473
3293
3313
3269
3277
4099
3270
3845
3881
3855
3858
3107
3106
3855
3293
3283
3875
3881
3880
3040
3309
3244
3875
3107
3094
3903
4274
3050
3892
4801
4284
3987
3988
4719
4752
3902
3987
4968
3914
3250
4120
3915
4936
2734
4138
3477
3946
3947
3940
3944
3928
3946
3946
3931
3477
3476
3933
3939
3939
3948
3945
3286
3955
3955
3943
3295
3942
3945
3951
3265
3305
3297
3297
3949
3306
3315
3254
3298
3315
3949
3297
3500
3500
3254
3498
3964
3960
3493
3975
3969
3262
3970
3974
3487
3978
3486
3551
3496
1482
1483
3521
3596
3833
3521
992
1485
3555
3601
3521
4928
4072
3042
3042
3454
3239
4910
3910
4016
3993
4016
3323
4752
4052
3389
3389
4798
4808
3848
3091
4098
4097
3466
3025
3404
4955
4014
4766
2827
4018
4803
4287
2838
4021
4021
4265
2993
4079
3407
3462
4943
4038
2789
3206
4954
4050
4083
4797
4910
2747
3009
2772
2783
4066
4068
3129
4959
4797
3388
3985
3294
3091
3466
4006
2999
3852
4079
4050
4008
4077
3449
4070
4958
4073
2999
3397
3439
4003
4800
3448
3440
4003
4800
2995
4092
4092
3387
4072
3927
3926
3288
3275
3936
3320
3287
3287
3929
3477
3926
3927
3930
3933
3258
3929
3267
4077
4797
4959
3999
4982
4982
4112
4112
4976
3891
3900
4284
4309
4802
3999
4082
3918
4936
3108
3108
3056
3458
3411
3329
3411
3435
3241
3052
3984
3984
4136
1655
3921
2733
2585
4845
2763
2809
4730
4151
2810
4811
4163
4810
4160
3245
3362
739
4154
4842
4161
4162
2819
4161
1685
2811
4164
4801
3152
4672
2956
2858
3224
4182
2856
4169
4712
4173
4696
2864
2864
3148
2864
3222
3222
4778
4779
4180
2882
4182
4183
2885
2940
4185
3081
2938
4788
4787
4776
4169
4777
4777
4197
3158
4191
3157
2870
2883
2865
4176
2884
2912
4199
4230
2914
3173
4226
2922
2912
4232
4234
4226
4199
4236
3165
3172
3168
4240
4203
4201
3230
3164
4780
2944
3088
4206
4202
2964
2916
3166
3162
4198
3164
4213
3169
2923
4823
3176
2920
4238
2922
2932
2946
4467
2947
4233
3170
4228
4237
2920
2921
3174
3176
4725
4738
4242
2301
2301
4249
4734
4736
4248
3000
3183
3200
3200
4738
466
4742
4253
550
410
4730
4257
4746
2277
3221
3015
4261
4873
3017
2845
4264
4264
4153
4803
4852
3376
2818
4019
4721
4720
4285
2797
4284
4284
1818
4150
2800
3378
4985
4286
4297
4136
2573
2543
4301
4302
35
138
4303
2573
2313
4139
2313
3900
4284
3891
4320
4319
4312
4312
4313
4481
4314
4314
4457
4327
4318
4317
4649
4573
4320
4320
4645
4475
4325
4654
4325
4655
4653
4327
4572
4318
4648
4342
4415
4347
4352
4642
4363
4644
4335
4612
4368
4364
4363
4363
4376
4339
4380
4442
4379
4337
4340
4440
4388
4442
4373
4348
4344
4351
4447
4351
4351
4352
4392
4408
4448
4354
4397
4363
4415
4433
4642
4367
4643
4335
4436
4613
4364
4613
4363
4434
4442
4341
4377
4339
4638
4334
4435
4363
4366
4340
4369
4616
4419
4388
4385
4402
4345
4388
4436
4442
4373
4392
4342
4402
4382
4447
4429
4448
4448
4446
4386
4401
4420
4344
4389
4447
4405
4404
4448
4398
4401
4409
4448
4405
4397
4432
4431
4332
4367
4612
4335
4368
4377
4379
4442
4340
4337
4379
4438
4388
4346
4420
4354
4352
4359
4429
4429
4366
4644
4416
4368
4436
4643
4334
4423
4638
4436
4340
4436
4342
4342
4444
4421
4424
4429
4386
4386
4447
4403
4405
4488
4414
4470
4455
4471
4828
4319
4459
4312
4313
4315
4481
4314
4828
4465
4465
4464
4472
4457
4457
4570
4567
4477
4650
4652
4834
4475
4569
4551
4568
4537
4479
4480
4480
4492
4502
4503
4486
4503
4639
4487
4506
4489
4488
4644
4535
4493
4493
4489
4407
4494
4580
4498
4497
4627
4407
4502
4541
4503
4503
4506
4506
4506
4489
4508
4586
4510
4507
4553
4553
4508
4556
4514
4558
4513
4512
4507
4513
4513
4517
4515
4841
4604
4840
4520
4604
4562
4563
4604
4533
4609
4533
4840
4502
4502
4542
4535
4505
4536
4538
4541
4540
4542
4542
4545
4546
4593
4579
4593
4593
4546
4599
4550
4566
4546
4546
4543
4586
4501
4586
4586
4556
4555
4587
4595
4517
4601
4601
4600
4600
4600
4607
4596
4537
4539
4540
4568
4551
4550
4549
4835
4835
4533
4835
4835
4834
4560
4518
4494
4579
4580
4581
4499
4585
4501
4488
4630
4584
4584
4582
4584
4585
4592
4582
4592
4555
4589
4589
4582
4590
4590
4590
4590
4597
4594
4588
4601
4595
4601
4596
4596
4606
4841
4600
4600
4601
4601
4493
4493
4617
4613
4618
4618
4617
4404
4618
4628
4498
4629
4404
4404
4628
4629
4629
4628
4412
4407
4632
4632
4487
4401
4639
4401
4636
4482
4639
4644
4642
4482
4491
4644
4644
4838
4572
4531
4531
4572
4648
4570
4513
4536
4510
4511
4519
4654
4479
3411
4094
2779
4223
4223
3163
4223
4861
4684
4668
3079
4747
3080
4718
4217
2943
2895
4671
4676
3153
2893
4659
4251
4850
2832
4294
4662
2967
3152
2822
4716
4268
3192
4666
4711
2860
4702
4702
2886
2878
2907
2963
4217
4659
2899
2950
4700
3201
4693
4726
3219
3134
4685
4697
3182
3377
3219
2962
4223
4897
3118
4719
3199
4743
2948
3044
4705
4156
4745
630
630
2299
3000
2989
3177
3013
3202
3203
4663
2300
2300
466
3013
4742
550
4810
2825
4877
4686
4692
3413
2992
4165
4752
3149
2896
4758
4222
4762
4827
4735
2966
4820
4246
4764
4806
4754
4767
2863
4773
2863
2305
4012
2855
4187
2855
1713
1713
4813
4787
4813
2890
4818
4781
4822
2299
2300
2312
4735
2769
2955
2891
4790
4792
4793
2910
4821
2913
4819
3231
4111
4081
3465
4006
3025
4802
4802
4050
3129
4000
3292
4005
4160
4148
4162
4812
4787
3224
3148
4777
4777
3147
3147
4755
4237
3172
4208
4794
2928
2926
4844
4745
4284
4462
4317
4829
4320
4648
4313
4319
4474
4604
4516
4599
4565
4595
4607
4520
4601
4600
4600
4549
2989
466
466
4962
2753
4928
3905
4902
4269
3031
2765
2981
4929
3042
4089
4089
3060
4910
4000
3057
3388
3116
3055
2824
2824
4027
4987
1678
2569
2536
2693
2681
2604
4883
2711
2717
2717
2711
2709
2711
2709
2608
3351
2555
2608
2608
4968
2755
3441
2761
2971
3441
4081
3205
4091
4927
4087
3434
3424
4917
4897
4125
4002
4034
4942
3446
4086
4086
3429
3215
4118
3914
4936
4126
4657
4927
3415
4037
2789
4041
4955
4960
3396
4965
4918
4872
3412
4968
4085
3457
3427
3452
2755
3109
4933
2750
2996
4113
4113
4970
4982
3891
4802
3999
4982
4984
4115
4031
3054
4264
540
4991
2415
1664
1932
1926
1926
