84
138
135
836
837
1342
135
836
724
58
846
847
93
92
26
1845
133
112
1842
112
131
2609
2621
2681
1850
2727
2616
2707
2589
2704
2627
3408
3365
3408
2757
2704
2599
2664
90
124
2723
81
2592
2757
84
83
1845
109
143
2650
2622
2672
2620
4888
2618
836
521
833
833
3408
2600
3377
3062
142
79
4015
129
136
32
114
4311
154
127
173
59
2750
3368
2597
2656
2696
2712
2603
2628
4888
2588
2614
2583
2768
2727
2706
2769
2740
2756
2719
2681
2663
838
507
32
521
847
2662
51
2608
142
836
2458
22
58
128
2646
2615
3022
57
23
85
90
173
35
2710
23
1850
114
3366
3065
2719
2744
2706
2612
2697
3065
3022
4312
2627
2762
2699
2721
2681
846
1842
112
3408
3365
3062
2710
837
836
847
110
91
90
90
2655
2654
2654
2597
2597
2597
2705
2705
2705
2705
2597
2597
2678
2705
2658
2705
2705
2658
2610
2681
2750
2705
2656
2594
2654
3880
3878
2603
2603
2602
2603
2705
2705
2705
2705
2603
3878
2705
2705
2594
2610
2658
2658
2705
2705
2705
2654
2655
2654
2655
2654
2655
2705
2661
2705
2705
2697
4107
2354
1518
1603
2510
1500
1591
1390
780
1556
1615
2528
2365
1827
468
2492
2492
2492
2492
1645
736
886
942
3060
1525
1600
4803
1598
4290
4749
4803
2363
4013
4871
1596
1555
3346
2492
879
879
953
953
1500
953
780
471
2847
4047
4071
4160
4299
4107
4107
2823
4161
3059
3217
2977
3212
2835
2852
1553
1689
4809
3036
2835
1685
4164
284
284
284
4269
3923
4764
3262
4669
2841
2852
3166
4187
4188
1798
809
1413
1384
4167
1722
2329
2329
2329
2886
4769
4175
4810
1657
2873
2874
3168
4812
4812
2909
2982
3166
4210
2841
493
493
493
4197
4179
2877
2889
4191
4758
2906
3173
2890
4712
4676
3107
4700
2922
2985
2928
4234
4234
4759
3114
2924
2911
2906
2984
3207
2968
2919
2928
2901
2978
2979
4672
2971
3179
2934
2931
2929
4234
4819
4235
2991
4230
2930
2992
4218
2935
3183
4777
3184
4247
3194
3181
4237
4217
4251
4223
3191
4778
3190
4255
4254
4472
4244
4469
2953
4467
4328
4331
4475
4463
4463
2957
4470
4471
4335
4468
4321
4828
716
2296
719
2296
2896
4203
3236
2916
2903
2989
2923
4221
2974
4250
2975
4327
4472
298
732
2926
2925
2911
3204
2969
4790
3238
4819
4233
4663
4235
4235
4225
4226
3182
2938
4227
2939
2940
3038
262
683
879
879
671
2385
1690
1690
293
3146
4763
3059
545
849
657
657
4746
4159
781
4957
4107
3014
3930
4768
570
2853
3019
2997
4043
4129
878
1581
1581
292
292
1684
1684
2298
1691
4673
3093
4766
3095
2886
2856
1805
2823
684
1581
1581
1581
881
881
1610
605
2319
3060
2773
4071
3411
4107
2826
3056
780
2823
777
2827
4014
4159
4754
4755
3056
809
2402
1509
879
242
694
1805
720
720
719
322
493
491
3195
4767
4782
540
4782
4843
2290
1780
1780
2888
2907
3237
4788
4789
3239
4820
4820
4243
4231
4793
4246
4259
2942
4827
777
1369
957
957
777
780
780
1556
780
1366
1358
570
1607
1528
1578
2529
1659
927
3056
1647
1647
1607
2539
2531
4299
4263
1693
1798
292
2866
284
284
777
319
1705
618
617
4158
4176
2876
4180
4206
2875
4696
4211
2996
3171
3240
4701
2899
2905
4703
3169
4678
4664
2930
4230
4229
4255
4220
2932
4219
4248
2945
4320
4466
4244
2948
2946
2953
3192
2952
4338
4476
491
491
849
545
2403
4738
3016
4807
1799
1686
2279
2279
2900
2900
3070
2910
2970
2962
1541
3925
4024
849
731
731
1685
4165
4164
3028
3216
953
684
777
1369
1607
2492
2364
777
777
4173
4317
298
1684
2967
3111
3110
3112
2918
3114
4236
4222
3186
4477
718
409
538
539
717
541
4730
4317
4317
4107
877
879
879
1607
1607
4265
4668
4667
3040
292
777
881
1607
2531
1446
1448
1443
958
1634
961
1447
1443
756
1637
808
1445
1444
1637
803
962
1629
1633
958
774
1633
774
757
774
958
780
776
774
779
780
777
958
777
1452
828
1446
1641
963
774
774
776
777
777
958
1443
958
1451
1445
803
758
777
757
780
760
1445
961
1447
777
781
1634
755
1633
780
958
780
1452
749
780
776
780
774
1629
962
961
3454
818
2539
956
1369
1369
1578
879
958
803
777
1373
3381
2705
3408
2593
2594
3408
2702
2627
2627
2271
2705
2705
2651
2651
3408
4107
2823
2826
4842
4733
2597
3878
2729
2603
2705
2654
2654
2705
4050
2822
4284
4174
4306
1687
1680
3060
3065
3375
3065
3396
513
58
877
4013
4080
4013
1515
1556
4081
4802
4090
2510
1598
1613
1581
1556
1582
879
1581
1581
1581
1581
2539
2539
879
879
1581
1581
879
684
879
2539
879
1581
1607
1600
1607
1560
1556
1607
879
2492
879
879
1556
1607
1581
1556
1598
1613
1581
2539
1612
2510
2510
1607
1607
1602
1612
2510
1607
1607
879
879
879
1581
2539
2539
2539
957
779
2539
465
779
847
869
833
1633
1629
758
758
961
962
962
1634
1634
1637
1637
1633
1633
991
1483
793
981
747
1459
1459
746
1466
792
746
751
782
989
747
782
1458
1464
828
1092
743
1047
1047
1333
1000
1309
1309
1018
1047
1080
1080
1080
1333
1081
1000
1055
1333
1047
1018
980
980
1000
1080
1081
1309
1309
1018
1047
1012
1081
1333
1333
1333
1081
1055
1055
980
980
976
1047
1333
1309
1309
1309
1018
1018
980
1309
1240
1309
1239
1333
1018
1018
1018
1080
1240
1018
1018
1018
1309
1047
1081
1333
1000
1018
1309
1309
1047
1080
1047
1081
1000
1239
1080
1333
1047
1026
1485
976
975
1478
981
1483
976
1240
1047
1000
1333
1333
1309
1309
1309
1333
1047
1309
1244
1309
1240
980
1239
1240
1240
1018
1240
1018
1244
1244
1244
1309
1047
1239
1333
976
1333
981
980
1483
1000
1000
1047
1018
1309
1309
1309
1309
1333
1012
1333
1333
1000
1047
1244
1240
1464
980
1309
1240
1244
1239
1244
1239
1239
1266
1266
1244
1266
1266
1266
1266
1244
1266
1244
1266
1266
1266
1266
1266
1309
1244
1239
1239
1309
1309
1244
1309
1244
1240
1244
1240
1244
1240
1244
1244
1240
1244
1244
1244
1244
1244
1239
1244
1244
1244
1244
1244
1244
1244
1244
1266
1309
1244
1244
1244
1244
1244
1266
1266
1266
1266
1266
1266
1266
1266
1244
1266
1266
1266
1266
1266
1266
1266
1266
1266
1266
1309
1244
1244
1240
1244
1240
1244
1240
1309
1244
1244
1244
1309
1309
1309
1047
1244
1240
1244
1240
1240
1244
1244
1244
1244
1244
1244
1244
1240
1244
1244
1244
1244
1244
1244
1244
1240
1244
1244
1244
1244
1244
1244
1244
1266
1244
1244
1244
1244
1244
1244
1266
1244
1244
1244
1244
1244
1244
1266
1244
1266
1240
1240
1244
1240
1240
1240
1240
1240
1240
1240
1240
1018
1240
1018
1240
1240
1240
1240
1240
1018
1240
1240
1240
1240
1244
1240
1240
1240
1244
1240
1240
1244
1244
1244
1244
1244
1244
1244
1244
1244
1244
1244
1240
1244
1244
1244
1244
1309
1240
1240
1240
1018
1240
1047
1047
1047
1047
1047
1047
1047
1047
1047
1047
1047
1000
1000
1047
1047
1047
1328
1047
1047
1047
1328
1047
1047
1047
1328
1047
1328
1047
1328
1047
1328
1328
1328
1328
1047
1328
1047
1047
1328
1309
1328
1328
1328
1047
1240
1309
1018
1240
1018
1018
1018
1018
1018
1018
1309
1018
1018
1018
1018
1333
1333
1018
1309
1309
1047
1047
1000
1000
1000
1081
1047
1047
1333
1333
1333
1333
1080
1081
1081
1080
1080
1080
1333
1333
1333
1080
1080
1000
1047
1047
1047
89
33
3143
2704
2729
2729
2743
2729
780
780
465
777
777
1369
1369
957
465
781
1369
780
777
777
1369
781
953
471
2539
1556
2364
1615
570
780
777
953
953
780
1366
777
1524
1524
956
570
591
2780
4045
1406
4783
3933
4020
4800
2821
459
4075
2847
939
917
906
1528
1528
2340
2486
904
576
2468
755
962
1637
757
758
758
758
961
961
1641
1641
755
755
760
757
1636
1443
1634
1447
775
961
1444
775
1444
1445
961
1446
1636
756
756
1455
1443
1447
1454
828
969
1453
1446
1447
1443
1459
746
746
1475
1460
1459
1459
1464
1475
1459
1475
1485
1472
1472
1469
801
1092
782
989
1478
989
1092
801
1478
4107
1500
4081
3056
3056
4107
4013
1644
4042
1423
4029
1591
4956
4960
4070
4080
4762
1613
1613
1556
1556
777
777
465
2539
1581
1606
4749
4041
2807
2821
4296
4714
2806
1544
4801
3029
4291
465
4965
4125
2530
1581
4069
1527
2485
1596
1606
1606
4090
3405
4030
687
2363
2558
2811
3148
3409
4958
4095
3405
4030
4106
4081
465
777
1581
1581
1581
4965
4095
1606
1581
1648
4965
4125
1581
1581
1556
1556
1613
1613
1560
1560
1582
1613
4762
4013
4071
4071
3059
3059
776
958
776
1629
755
776
779
1629
755
779
774
774
1633
1629
1633
2530
4130
2808
4953
3360
4923
4705
3210
4666
3346
4721
4718
4718
4072
2784
4091
232
232
1524
1600
683
1524
879
684
2492
1524
1378
4147
4015
521
521
3056
2773
3056
1666
3144
3019
3151
2824
4688
4160
2825
2828
4726
4288
2976
4724
4704
4301
4302
4688
3230
2858
4708
4053
4709
3920
4215
3038
2880
3236
338
3164
1730
4210
3174
2981
1721
1722
2885
4183
2965
3106
4185
4193
4775
2892
4190
3164
3235
4786
3209
4786
2879
2879
338
338
338
1708
4686
4675
4710
4186
4192
2891
4196
2963
2885
4201
2973
4253
4258
4257
3189
3189
2943
4250
4822
4794
4259
4220
4220
3191
2938
2945
3117
4256
4778
4222
4224
4228
4241
3242
4225
4777
4217
3185
2940
2936
4818
2941
4328
4830
4252
3193
3192
2944
2951
3194
3118
4465
3243
2950
2946
4245
2947
3192
2954
4756
3187
2298
2298
722
549
4169
284
284
4274
4841
1799
4883
1805
732
722
4267
4262
4713
3202
1691
1686
2368
3155
4738
3094
2368
1690
4692
4051
1545
474
4283
3918
1646
2386
325
4799
4722
4722
4689
4300
4826
4307
1688
859
2825
4715
52
835
2615
2703
101
4015
4147
25
4012
549
2296
4025
4923
4717
4576
4477
4487
4324
4656
4334
4528
4333
4838
4557
4573
4488
4554
4553
4574
4546
4526
4543
4543
4518
4518
4497
4524
4561
4572
4573
4574
4547
4546
4341
4434
4434
4341
4341
4346
4346
4346
4441
4341
4341
4341
4341
4341
4341
4441
4441
4341
4434
4434
4441
4434
4341
4434
4434
4434
4434
4434
4434
4434
4434
4434
4434
4434
4341
4341
4346
4441
4341
4346
4346
4341
4346
4341
4441
4346
4341
4441
4441
4341
4441
4341
4341
4430
4346
4341
4341
4341
4441
4341
4434
4434
4441
4434
4441
4434
4441
4441
4434
4434
4434
4434
4434
4434
4441
4434
4434
4434
4434
4434
4434
4434
4434
4434
4434
4434
4434
4434
4434
4434
4434
4341
4434
4346
4346
4341
4341
4341
4341
4441
4441
4341
4434
4434
4434
4434
4434
4434
4434
4434
4434
4341
4346
4346
4341
4341
4341
4341
4341
4341
4341
4341
4346
4434
4441
4341
4434
4434
4434
4434
4434
4434
4434
4434
4555
4579
4837
4536
4337
4479
4470
4658
4334
4335
4828
4654
4330
4326
4478
4577
4537
4580
4571
4535
4571
4840
4635
4497
4642
4516
4619
4430
4357
4568
4523
4582
4430
4430
4430
4430
4430
4434
4434
4434
4434
4434
4434
4346
4441
4441
4441
4434
4434
4441
4441
4441
4441
4441
4441
4430
4430
4434
4434
4434
4434
4434
4434
4434
4434
4431
4434
4461
4434
4434
4461
4342
4368
4342
4368
4410
4461
4438
4367
4414
4368
4452
4443
4368
4639
4456
4641
4394
4649
4649
4646
4443
4430
4430
4346
4434
4434
4434
4430
4430
4430
4430
4430
4346
4346
4346
4441
4441
4441
4439
4424
4440
4440
4374
4374
4374
4434
4392
4392
4392
4459
4453
4414
4368
4368
4456
4452
4452
4443
4345
4357
4430
4430
4430
4619
4501
4649
4540
4490
4490
4641
4494
4492
4493
4370
4635
4441
4441
4441
4441
4441
4392
4441
4434
4434
4392
4392
4392
4392
4441
4441
4441
4441
4392
4366
4392
4392
4441
4441
4376
4425
4425
4358
4403
4342
4403
4456
4452
4452
4425
4368
4452
4452
4452
4394
4441
4346
4346
4441
4441
4346
4341
4441
4441
4441
4441
4441
4441
4441
4441
4441
4434
4434
4434
4434
4434
4434
4434
4434
4434
4434
4434
4434
4430
4434
4441
4430
4430
4430
4430
4346
4509
4540
4510
4544
4501
4599
4605
4357
4357
4357
4422
4561
4634
4357
879
4928
3023
3241
4242
4242
1817
858
3040
2888
2444
2907
3168
3179
4243
2987
2915
2833
4788
2924
4276
4172
4166
1694
1808
4215
3176
2846
4988
1808
2549
4168
4750
2852
4751
3175
2914
2920
2994
4755
4240
3178
3387
2913
4743
4807
4164
4728
2338
4816
2895
2893
4728
1853
4819
4792
1591
1539
298
2298
4157
4162
1852
3162
722
722
722
407
4267
292
849
292
4157
4735
4883
547
545
546
1684
732
2296
4317
4725
4744
4883
4743
4743
3201
4693
4076
2881
4697
2985
2921
4238
2993
293
4698
2993
293
293
4694
4077
322
491
491
491
4056
320
1730
1705
1708
338
4181
338
2882
3172
3185
4249
546
546
546
719
293
1806
2908
3208
3112
2904
2904
3115
4241
3180
4222
4252
4091
4987
2530
1581
1613
2780
3032
4287
3148
3405
465
465
2530
4745
4268
3391
2880
4180
1706
1705
2374
2373
1706
4695
4249
2932
3117
4219
3116
2956
3118
849
3163
3390
4480
4518
4548
4485
4526
4514
4515
4368
4416
4649
4649
4371
4618
4495
4452
4456
4549
849
545
849
932
1598
4013
600
475
4960
1501
2279
2402
2430
876
1611
1509
3411
4070
2512
4070
4762
1657
1686
2367
1829
2369
3393
126
2708
2609
2651
2654
2654
2705
2705
2705
2697
2654
2705
2594
2594
2594
2658
2658
605
2355
881
818
1403
1524
2492
2362
1581
1598
4803
2353
2302
2302
683
683
2362
1606
2486
879
4987
4762
1598
1515
1612
1612
2510
503
1656
906
906
879
2486
879
4803
1643
4125
2508
878
1555
4056
4078
4090
1515
1648
2541
4079
4987
932
1614
1605
1600
815
1610
1601
892
2518
4720
3211
4293
211
4923
4923
4944
4072
4094
4073
244
2804
1690
1584
1797
3392
2478
88
39
2460
17
17
94
870
56
144
144
88
100
137
19
1663
1841
1841
97
46
16
69
1841
4146
65
3872
151
13
65
2578
3398
3057
2578
2578
3252
2578
100
160
870
21
44
2677
4012
77
134
122
872
1841
69
66
20
1849
67
4315
870
3057
3063
3057
3398
2577
2615
870
17
4016
157
76
47
95
100
48
842
97
48
2687
1661
147
37
104
1661
1661
72
1847
2685
2677
2674
2633
3872
73
2578
2573
2637
4145
123
97
3063
4147
193
959
178
125
2682
521
18
17
100
2454
2667
3061
57
18
159
169
142
2577
57
98
98
3057
3063
50
2573
2571
2634
4
3403
4012
2
3399
2631
11
2718
1841
62
4314
3063
2585
4147
2584
17
57
871
151
48
123
2637
71
5
71
105
105
105
121
121
121
2687
105
5
147
96
107
55
107
960
959
2687
107
1661
2631
105
63
107
2687
107
2687
148
121
121
55
121
148
121
107
960
960
107
148
107
121
148
105
55
5
147
105
105
121
103
148
148
148
4862
4864
4854
4901
3226
4103
2466
4900
3299
3908
4902
4962
4974
326
4900
4902
3267
3267
2268
3025
2775
3463
2774
4902
3453
3438
4993
4093
3453
4938
4103
2810
4132
4924
4924
3914
3267
3267
3352
3905
2816
3301
3314
2778
3921
4929
1548
289
3061
4863
4863
4915
4915
2294
1784
4882
2239
734
1411
1796
2232
2285
2240
305
680
680
283
283
283
4294
2999
307
611
550
333
1710
1725
1728
318
1781
2270
443
1811
2327
2329
1722
2321
539
2329
2410
4844
2224
295
344
344
347
1724
1718
708
1712
1712
2259
550
1729
667
667
331
330
1715
2212
1704
356
630
2249
440
440
553
413
557
2202
2265
436
436
1747
373
373
1757
2243
627
427
2346
371
363
2265
2245
2220
414
354
1750
2315
439
1758
2266
1753
1745
1756
417
435
638
1754
643
1754
1775
1765
387
1745
402
714
560
1766
1776
1767
1761
404
649
649
394
1854
400
392
2006
1859
1999
2001
1998
1867
1856
1863
1992
2005
1993
1869
1857
1859
1857
1998
2281
408
408
719
2377
626
490
665
365
2348
711
2349
1748
1733
1763
1997
2391
1866
473
1806
1750
380
2244
428
710
2309
635
389
436
558
382
373
1760
2334
387
395
1775
1741
1741
426
4878
4136
4138
3445
2251
280
283
283
283
1690
733
1806
2998
4104
545
303
303
544
678
485
4919
4863
3127
4861
4948
1426
2208
676
1789
3071
3137
3139
3047
2305
287
607
2297
2304
2297
1677
336
542
335
335
1806
545
3403
3915
3221
3221
3904
3431
4972
4862
3466
3464
4865
4863
4104
4931
4862
3402
2773
3332
3061
3078
3403
2300
2301
372
379
2773
442
1675
2487
4969
2500
2497
545
720
720
322
494
303
1728
543
2323
653
2337
2322
2336
2280
1725
2376
1726
2314
2314
629
629
432
374
712
2350
1743
1742
1772
401
401
2391
3310
3303
3335
3294
3313
3125
3299
3904
3267
3302
3893
3893
3911
3882
4969
4971
227
3463
2773
2776
2791
3883
2820
4036
2415
1814
619
323
303
680
283
680
3887
617
718
2328
618
2374
2234
2566
331
2330
2371
1715
1717
2230
553
350
432
375
558
516
2215
429
666
355
560
560
1773
2381
561
1769
1770
649
404
402
2388
651
397
562
2001
1859
1860
1998
2002
544
544
491
322
2403
2405
2252
1786
1786
607
2297
2297
424
428
554
2346
329
1421
3003
2788
1806
287
679
472
286
2288
2231
3914
3914
3124
3121
3911
3911
3226
3310
1510
699
4317
1677
2304
2304
2297
359
709
414
434
559
559
385
1768
420
1996
717
2322
2321
409
539
2280
654
546
4103
3458
4138
4138
3904
3911
4732
4760
543
2376
472
3905
3904
3904
3905
4136
3327
3972
3306
3962
3949
4111
3345
3274
3329
3985
3950
3490
3967
3952
3317
3960
4122
3345
3340
3288
4120
3487
4113
3311
4114
4116
4109
3295
3334
3311
3335
3295
3300
3311
3311
3335
3319
3305
3276
3293
3486
3292
4112
3485
3297
3294
3297
3308
3488
3358
3974
3282
3285
3488
4110
3288
4110
3287
3270
3972
3275
3359
3335
3490
4117
3293
3291
4109
4112
3301
3283
3986
3295
3340
3341
3311
3295
4116
3309
3454
3945
4138
3132
3324
4878
3221
4109
3358
3960
2872
4310
2631
4017
106
10
2802
4146
3399
3399
148
107
148
105
5
5
4863
4863
3061
4104
2403
105
2631
121
2687
1661
121
5
121
4852
4979
697
1547
1833
1832
1796
3057
3057
3063
4016
4147
56
56
57
3466
3414
3414
3157
4054
4915
4060
4038
3222
3908
4098
3887
3903
3914
3914
4138
4138
3221
3909
4136
4136
3222
2817
4144
4144
2820
3909
3904
3904
3226
3267
3267
3267
3267
3904
3131
3885
3904
3267
3267
3265
4136
3267
3267
4138
4142
4805
3226
3226
3222
4035
3903
4088
4098
4038
3226
3226
3226
3226
3226
4935
3460
3431
3904
4136
4138
4144
3909
3909
2820
3890
3478
3479
3487
3294
3485
18
56
3485
3486
3487
3290
3953
3954
3345
3344
3490
3494
3285
3961
3340
3715
4000
3534
3851
3556
3556
3975
3625
3499
3626
3277
3534
3992
3510
3559
4000
3869
3583
3981
3981
3271
3984
1333
1333
1081
1036
1333
1047
1018
1018
1047
976
1080
1080
1081
1333
1239
1313
1328
1240
1018
1080
1080
990
1047
1018
1047
980
1333
1333
1333
1333
1081
1055
1012
1012
980
980
1047
1000
1333
1309
1241
1309
1018
1018
1241
1047
1309
1240
1328
1241
1018
1018
1309
1018
1333
1240
1018
1047
1333
1309
1240
1333
1241
980
1333
1240
1239
1239
1241
1333
1047
1077
1000
1239
1080
1333
1333
1018
1478
975
978
975
980
1478
3715
1091
1000
1036
1333
1333
1309
1309
1313
1333
1333
1241
1241
1240
1240
1241
1239
1240
1018
1241
1309
1240
1080
1266
1241
1244
1240
1047
1239
1333
976
1333
3583
1036
987
1333
1333
1309
1240
1240
1309
1232
1055
980
1080
1333
1000
1047
1239
1240
3981
1244
1240
1240
1240
1091
1266
1266
1266
1266
1232
1266
1266
1091
1232
1266
1239
1239
1244
1239
1239
1266
1239
1266
1309
1241
1241
1309
1313
1309
1309
1241
1241
1244
1244
1244
1240
1240
1240
1244
1240
1244
1244
1244
1266
1244
1244
1244
1244
1266
1266
1244
1266
1244
1244
1244
1244
1241
1244
1266
1266
1266
1266
1266
1266
1266
1266
1266
1266
1266
1266
1266
1266
1266
1266
1266
1266
1266
1266
1266
1266
1241
1244
1239
1244
1244
1241
1244
1244
1240
1244
1244
1241
1240
1309
1333
1244
1244
1240
1244
1244
1244
1244
1244
1244
1244
1244
1244
1244
1244
1244
1244
1244
1244
1244
1244
1244
1244
1266
1244
1244
1266
1266
1266
1244
1266
1266
1266
1266
1266
1266
1266
1266
1266
1244
1266
1266
1266
1266
1266
1266
1244
1240
1240
1240
1240
1240
1244
1244
1244
1244
1240
1240
1240
1240
1240
1240
1018
1244
1244
1240
1244
1018
1240
1240
1244
1244
1244
1244
1244
1244
1244
1244
1244
1244
1244
1244
1244
1244
1244
1244
1244
1240
1240
1240
1018
1240
1240
1337
1000
1047
1000
1000
1047
1047
1047
1036
1000
1036
1036
1000
1000
1000
1337
1000
1337
1000
1337
1337
1047
1000
1000
1337
1337
1337
1000
1047
1000
1047
1047
1000
1047
1047
1337
1328
1047
1328
1328
1000
1337
1240
1240
1018
1240
1018
1018
1018
1018
1018
1333
1240
1018
1018
1018
1018
1333
1333
1333
1309
1047
1047
1047
1000
1036
1081
1047
1047
1047
1333
1333
1333
1333
1333
1333
1055
1333
1012
1080
1055
1333
1018
1333
1333
1333
1000
1000
1000
1047
1047
1047
95
2800
1661
2687
2631
2631
2687
3066
3066
3066
3332
3119
3896
3330
3120
3122
3298
3313
3125
3125
3315
3303
3359
3482
3353
3224
3884
3227
3905
3132
3889
3339
3124
3352
3120
3893
2781
3124
3905
3352
3905
3478
4905
4875
444
3073
4977
4920
4857
2797
4155
2999
4851
2787
3934
4974
4969
2783
2792
4966
2429
2479
4117
3345
3959
3951
3486
3486
3345
3949
4122
3293
3344
3959
3284
3951
3952
3960
3490
3970
3958
3489
3954
3490
3952
3320
3489
3955
3283
3337
3966
3979
3304
3965
3282
3305
3306
3337
3984
3984
3306
3497
3976
3272
3501
3992
3279
3980
3504
3511
3998
3497
3502
3715
4000
1471
981
3583
3556
3556
3588
987
1465
3556
3613
3556
4103
4104
4862
2774
4865
4931
3414
4845
2803
2799
2791
3945
4949
4101
3449
3449
3149
4805
4036
3263
3896
3899
3891
3901
3047
4939
3942
3942
2803
2789
3370
2562
669
4994
4994
4847
3478
3420
4038
3902
4038
4970
4938
4938
3220
4038
3451
3449
4100
4961
4133
4134
4132
3139
3942
3357
4085
3449
4104
3414
3123
3481
3477
4037
3026
3480
3050
3034
4038
4098
4038
4058
3420
3902
3026
3225
3912
3228
3223
4083
3225
3228
3223
3127
4099
4929
4104
4104
3323
4112
3308
4112
3479
3296
4114
4120
3486
3293
4112
4121
3311
3317
3323
3311
3487
4098
3449
4085
3000
3000
3360
4690
4881
4681
3348
4718
2779
4720
3000
3354
4911
4936
4975
3905
3905
3267
4138
3914
4138
3914
3905
2817
4147
3057
3056
4147
521
221
2773
869
3463
3144
2274
2443
1812
4879
2550
4982
2416
2421
2561
3010
4266
1803
1812
3394
2560
612
2838
3152
4286
4855
4719
343
1727
2332
706
2344
623
668
668
2258
334
342
1701
1701
1720
1701
360
331
2209
1699
328
2242
1731
624
358
633
624
632
2308
2342
2371
1708
668
339
2331
410
552
1716
1717
1698
1699
1702
329
412
1776
419
1761
396
405
403
403
393
647
2381
2313
419
1769
561
644
395
395
1764
1774
1746
1739
1737
1742
1744
2334
1764
1735
643
1770
638
1771
1767
2379
1857
2001
645
2002
1860
406
403
405
646
2391
1997
402
420
420
562
2006
2000
406
1995
1786
2282
2282
722
722
2235
866
680
283
2225
2211
2282
2287
1786
1806
2318
2304
719
2296
1838
868
4853
4859
2304
1681
2278
1682
462
655
1682
2367
3007
3369
223
1820
2204
3929
450
224
4023
4996
4719
4719
4691
839
526
1816
1809
4052
2837
4147
2577
23
2638
40
1343
209
844
2711
722
3056
2296
4944
4920
4944
2394
1864
2010
2009
2198
2195
1870
1870
2011
2394
1871
2394
2056
2113
2114
2398
2190
2014
2193
2194
2198
2055
2195
2056
2112
2190
2396
1971
1971
1971
1875
1875
1971
1956
1971
1971
1971
1875
1971
1971
1875
1971
1971
1971
1971
1971
1971
1971
1971
1971
1971
1971
1875
1900
1953
1900
1875
1900
1875
1951
1876
1989
1914
1971
1971
1971
1956
1956
1971
1971
1971
1956
1875
1971
1971
1971
1971
1971
1971
1971
1971
1971
1971
1971
1971
1971
1971
1971
1971
1902
1953
1971
1971
1971
1971
1875
1971
1971
1971
1971
1971
1971
1944
1933
1876
1944
1944
1951
1971
1900
1971
1875
1933
1953
1876
1989
1950
1876
1951
1876
1876
1971
1971
1900
1971
1971
1971
1971
1971
1971
1971
1971
1971
1971
1971
1971
1971
1971
1989
1875
1900
1989
1944
1971
1956
1971
1971
1971
1971
1971
1971
1971
1971
1971
1971
1971
1971
1971
1875
1875
1944
1944
1950
1971
1875
1933
1951
1944
2058
2012
2058
2013
2191
2190
2007
2198
1870
1870
1869
2392
1861
1861
2389
2058
2011
2063
2147
2098
2100
2054
2059
2059
2193
2147
2147
2100
2098
2100
2058
2058
2161
2041
1902
1902
2173
1902
1902
2173
1948
1904
1956
2161
2161
1956
1904
1938
1925
1956
2162
1953
1892
1933
2041
2041
2041
2173
2173
1947
2173
1947
1947
1984
2048
2034
2026
2178
1901
2026
2044
2079
2044
2029
2029
2044
2047
2042
2043
2087
2081
2087
2059
2082
2088
2088
2082
2089
2088
2089
2141
2041
2041
2033
2033
2034
2126
2041
2041
2130
2033
2041
2039
2033
2033
2033
2033
2122
2136
2141
2145
2140
2140
2140
2130
1929
1946
1903
2178
2026
2180
2024
2024
2042
2081
2075
2083
2085
2086
2141
2135
2098
2126
2132
2138
2146
2103
2145
2150
2089
2088
2091
2091
2059
2110
2050
2033
2033
2160
2158
1889
1888
1898
1938
1974
1919
1921
1974
1974
1909
2122
2163
2159
2024
2185
2021
2185
2157
2157
2122
2032
2020
2020
2024
2020
2024
2020
2135
2136
2075
2086
2086
2085
2075
2075
1956
1956
1956
1956
1956
1956
1956
1907
1875
1953
1887
1875
1914
1956
1953
1953
1953
1887
1933
1951
1904
1948
1950
1950
1950
1902
1902
1902
2166
1956
1956
1971
1956
1956
1956
2395
2090
2091
2091
2090
2396
2147
2029
2048
2048
2051
2054
2054
2098
4136
4846
4101
2333
2378
388
2380
2482
327
304
1710
1788
1726
376
2380
637
370
357
2237
364
351
2311
1781
2483
327
1834
1821
1711
631
2287
230
240
313
1836
2240
1703
1713
1713
631
353
1750
437
1756
2312
377
516
664
514
2252
865
2228
2426
340
341
2260
2442
2207
1734
1743
1441
536
532
2282
1674
2282
2226
2276
290
4995
719
716
546
308
544
680
680
659
2221
679
545
545
545
2305
2318
407
453
3077
4277
2275
464
3047
1792
4867
3941
307
2213
2245
1752
1753
1994
733
390
638
680
293
4798
734
3940
494
321
321
321
3355
1707
321
1707
1705
1705
1719
1719
622
2219
1770
650
397
719
546
722
680
3047
2345
554
2347
415
434
559
417
418
1762
2382
4091
4087
3902
4804
3916
4913
3145
3472
3357
4100
3899
3263
487
524
4286
2860
706
2343
2375
621
2331
330
330
551
644
644
1741
1738
651
1995
733
4995
3142
2019
2394
2198
2394
2395
2009
2013
2193
2081
2079
2142
2144
2081
2141
2043
2074
2135
2076
2397
544
1806
545
2535
533
3438
598
2534
1831
4900
1649
280
4932
3457
3460
3460
596
3452
4100
2263
4104
2536
1681
1677
1677
1549
861
4278
151
47
122
71
106
4310
148
6
5
148
105
148
105
1661
107
960
1661
107
4900
4901
3904
1439
3084
3905
4087
3221
3438
3453
3078
4902
4902
3221
1667
3221
3228
4084
3127
3450
3450
3450
3226
3431
4908
3935
4937
4142
4138
3149
3047
4937
4938
4938
3417
3451
4038
3157
2536
4963
3047
2865
3460
4901
4901
4972
4901
3934
3934
2464
4719
3922
4681
2865
4923
4924
3348
3000
3000
4050
3138
3033
620
2367
824
2278
4304
1432
4434
4434
4434
