2610
13
127
2614
2626
2626
2591
2567
4121
2612
2473
2597
4121
2544
3825
4289
51
10
18
90
183
19
1770
57
2372
41
47
24
1774
15
59
96
138
42
148
42
48
138
1773
138
2626
2544
147
12
135
47
1775
2598
2514
4282
1770
2578
2
57
19
135
57
24
57
47
4288
2612
2508
843
118
1774
2611
4285
2626
2546
2481
2586
2539
2467
847
3
1329
2544
3825
2537
25
92
196
57
57
162
140
99
193
24
24
1775
2524
24
59
110
46
48
92
94
143
179
2364
3826
1777
2620
2624
143
4884
2583
4286
2467
2589
2591
2589
3826
2544
94
2564
136
2583
2611
2465
3825
3826
2508
2578
2598
2591
2578
10
148
844
94
93
139
2524
1775
3335
1773
104
78
100
93
45
2601
817
8
846
2569
816
148
2611
2526
2614
2626
2508
2612
143
2589
2476
3825
4285
57
56
20
21
21
58
58
58
60
58
57
21
20
2366
169
819
58
2365
140
140
28
58
829
2369
59
59
58
829
829
829
829
60
58
60
58
59
58
819
169
169
87
58
2366
819
58
58
21
58
21
21
58
21
21
58
169
58
58
27
212
512
1411
235
285
1398
477
776
278
2447
1541
277
2445
596
240
451
703
293
885
2341
1619
4292
4120
234
850
2342
2416
2245
2163
1542
2262
2434
809
255
2435
4099
4101
802
1610
1612
1613
561
563
1466
579
1585
567
308
2297
280
2627
1625
34
518
286
122
2627
475
307
307
1753
646
1622
2453
4990
297
1631
2205
661
660
2924
457
4772
4772
2361
2238
2320
299
666
328
294
662
641
537
455
659
2453
1399
319
3182
2880
699
541
838
326
225
522
665
313
2186
602
2306
663
2170
2192
295
2275
1677
1650
329
2193
2194
2209
2209
613
343
2270
611
655
620
2271
362
362
651
618
2197
2282
550
552
1649
343
1679
1644
2177
346
347
348
350
621
2281
436
436
2180
2253
432
651
2200
689
2283
617
367
355
366
357
2198
2213
371
371
397
441
2285
382
381
1697
2316
391
629
1705
2166
384
2314
691
691
1692
2273
1685
630
1721
1720
1727
1727
400
633
1724
1714
401
637
1716
1685
388
3020
4753
338
418
1644
333
364
358
423
1680
1697
425
398
398
489
649
615
2202
1659
1673
2247
684
549
652
2197
433
622
2282
370
2214
2199
2166
376
386
2249
380
547
1535
1536
2161
1607
1609
4992
2345
296
2768
3163
3079
3079
1596
2580
4291
4248
2319
522
1624
746
2460
65
470
1762
1506
1359
665
2230
1395
1497
308
1543
2444
1529
600
306
4989
4989
1748
1748
614
544
545
539
2964
843
1523
1529
928
2434
1529
919
231
233
588
588
1780
34
4674
510
842
4120
948
118
737
2351
2498
1730
361
345
2780
3334
4260
3161
1610
1611
1617
472
2300
4252
4252
2274
2339
826
1750
545
644
644
486
485
1660
1661
1662
419
420
419
654
370
422
360
1702
1687
1687
558
1582
763
738
755
785
1580
775
876
901
756
570
1377
2412
704
2432
1540
1541
800
1604
1618
2994
1496
1473
578
1484
1765
595
597
454
2228
463
4772
574
415
415
2880
607
696
697
310
337
312
1671
1642
1642
549
620
1649
1658
2312
611
655
350
2285
369
352
443
624
389
1709
2250
446
1694
559
1688
1690
1691
1723
1691
1715
631
1726
1720
692
4291
1738
644
707
2203
2211
2348
1748
2358
659
336
2210
1656
1672
334
493
1393
475
527
1739
1740
2218
2217
2241
2219
1635
275
1364
1355
1347
273
1354
741
520
681
545
2359
340
1654
351
2281
621
687
2283
1710
690
2288
2221
2221
545
3182
644
545
1741
2350
869
1612
577
1383
4137
1635
299
2235
1356
789
1406
1609
962
963
1458
1435
1449
1451
1448
1062
966
1448
1451
1449
972
780
717
717
1429
768
732
1414
1424
1428
717
1424
772
943
762
1420
949
1433
777
803
735
730
1589
804
1453
967
1428
748
747
953
1433
726
753
1413
726
753
1419
753
944
972
951
1453
1448
972
1424
1422
719
1588
1429
968
1465
1589
1576
1445
786
769
769
953
1430
1430
1591
1430
720
1420
1452
1062
1580
758
949
1427
949
786
1443
747
230
450
267
668
798
569
1538
882
668
951
719
732
788
59
21
519
21
2369
169
145
98
95
83
4980
58
58
57
526
32
117
2535
58
1631
59
57
59
59
28
92
21
21
59
836
1763
1764
838
2184
1767
4279
1615
1615
2526
4119
4281
2474
2508
221
1571
281
2401
911
1592
1602
1559
909
2292
678
1560
1369
572
667
1367
667
882
270
270
885
2441
1374
864
883
1529
1529
1524
1367
667
1527
257
2444
676
577
714
1608
791
264
704
1607
917
574
1407
1605
802
795
2161
905
882
885
594
705
2441
671
863
914
852
1566
1562
925
889
924
890
587
2407
1382
899
451
890
883
869
880
882
270
1529
272
1528
1495
1348
757
1578
943
568
750
751
2467
2473
3432
1431
1429
1431
972
1440
724
767
749
1437
1437
1442
1441
1462
1034
986
1063
1325
1064
1462
1030
1063
1072
1018
1461
1030
1033
1033
1033
1462
966
1460
958
1032
1456
958
973
1006
1311
1011
1006
990
985
1312
1101
997
982
993
988
973
1024
1169
983
988
1047
982
973
1307
1325
984
1312
995
1048
1255
1006
1294
988
1040
1311
1311
1009
1311
997
983
1323
1045
1048
1040
1009
1019
1007
988
1012
1011
1324
1170
1170
1006
1101
1101
1048
1058
1058
1026
1314
1026
1315
1023
1034
990
1047
993
1325
1025
1225
1312
1323
1045
1311
1048
997
1311
1049
1048
1045
1049
990
1040
1006
1009
997
988
1009
983
1040
1111
996
997
1058
996
1000
1155
982
1058
1307
984
1263
1312
1039
1009
1048
1048
1040
1048
1037
1263
1311
1048
1009
1461
1047
1009
1255
1100
1100
1100
1080
1080
1100
1080
1100
1040
1044
1100
1100
996
1080
1100
1044
996
1100
1044
1044
1080
1040
1080
1080
1048
1101
1046
1048
1048
1155
1048
1045
1101
1192
997
997
997
1046
1040
1040
1111
1192
997
1192
1192
997
997
997
1111
997
1192
1192
1190
1040
1044
997
997
997
1192
1192
1192
1166
1190
1082
1190
1192
1080
1190
1085
1190
1166
1190
1149
1166
1190
1190
1149
1190
1190
1138
1085
1138
997
1046
997
997
1046
997
1218
1111
1045
997
1218
997
1039
1045
1045
1011
997
1225
997
1009
1225
1051
997
1235
1225
1192
1235
1172
997
1225
1304
1192
1260
1235
1235
1219
997
1172
1255
1219
1218
1225
1175
1175
1176
1190
1176
1190
1176
1190
1190
1190
1190
1175
1190
1187
1235
1176
1235
1190
1190
1190
1125
1190
1190
1225
1225
1049
997
1009
1051
997
1255
997
1225
1236
1236
1305
1236
1225
1226
1259
1225
1236
1236
1226
1228
1236
1226
1259
1225
1009
1259
1225
1237
1229
1229
1237
1237
1259
1229
1229
1229
1228
1229
1225
1238
1238
1238
1229
1229
1009
1236
1236
988
988
1236
1009
1066
1312
1263
1311
1263
1315
1315
1263
1263
1263
1039
1272
1273
1273
1272
1272
1046
1263
1272
1101
1048
1048
1099
1272
1311
1263
1039
1272
1272
1272
1273
1170
1009
1045
983
1051
1009
1299
1299
988
988
988
1306
1009
1049
1236
1299
1300
982
973
1311
1169
1311
1311
1312
1312
973
982
982
1321
990
985
1016
988
1000
1323
1323
1324
982
1312
3825
3826
2578
2476
25
95
59
92
92
784
778
754
754
745
803
771
567
1360
739
226
744
733
1581
752
1358
1346
935
793
575
1348
1336
565
2428
779
744
1517
797
1359
1757
261
227
2215
658
4104
1762
476
459
2464
525
1601
1397
4968
1402
1404
1405
2419
1610
1610
584
2411
1603
1617
2700
1437
1437
1437
759
1440
1440
747
964
749
1436
748
1437
1437
759
1444
960
968
1445
1447
967
1450
1454
970
963
1450
1447
1077
960
954
956
961
1457
965
957
954
1461
1464
1465
1458
963
955
1031
1063
1018
1464
966
955
958
1460
1064
1078
1025
1025
955
1063
993
1064
1325
1064
1025
1018
1018
1078
809
1466
2985
241
212
1468
4866
851
1475
2296
1759
1498
806
788
255
1471
1480
1570
2415
860
2301
1384
679
938
935
933
2444
855
2245
2296
1761
2295
1500
1504
1502
2320
4987
2185
1341
4807
2418
1552
1533
267
584
1367
1367
2262
1494
2262
593
593
1507
2256
1534
2354
1537
1538
478
247
2258
2298
1544
1602
2256
460
514
824
938
1505
2300
1389
1549
2299
856
915
2256
1545
1487
923
923
678
912
1482
1556
925
898
1568
908
2342
2403
283
34
4283
2743
1424
951
751
946
1416
1430
772
782
1439
943
747
1428
748
1415
1423
760
726
1435
1425
1435
1431
1555
2243
2164
4984
1595
4099
1597
835
4101
1396
2452
2457
4985
255
4107
2408
531
1410
1519
1515
864
267
668
267
2394
1522
3338
2508
2602
2508
2458
2988
3334
3912
3912
2226
2222
1627
2237
1632
1629
1625
2223
836
2239
307
4137
1743
1638
2304
1632
1632
1636
1637
1638
1769
1597
2171
710
547
1670
535
2276
300
2208
538
697
696
1676
329
1674
300
344
339
2264
1660
314
417
1651
342
694
3007
309
1671
2244
2311
294
1657
1678
539
310
1710
2287
2254
1699
1696
1703
396
1700
424
443
625
2287
1698
1707
1706
1704
1699
1710
438
2213
378
2286
439
554
2167
372
444
437
2198
2250
368
2214
623
379
2286
1689
1680
399
692
2272
1684
395
392
392
1718
425
1688
626
393
627
2273
636
631
1682
2314
659
1741
319
595
457
4772
607
1735
647
647
3079
1746
457
1741
1623
1633
1636
2238
1744
4259
1751
4263
4258
827
291
708
2957
835
2321
2360
1503
1763
4988
1599
2999
1760
2190
2295
2452
1768
1764
1765
1755
2184
4279
1768
1629
3338
2564
2591
2524
2510
3825
2603
3337
2514
2512
4291
1741
4126
4104
4104
406
1727
1784
407
640
409
411
1945
632
402
693
1784
2318
1940
1950
2326
2326
1943
1784
1785
1787
1787
409
1944
1788
1940
1950
1785
1942
406
1834
1846
1987
1978
2147
2038
1979
2038
2026
1979
1979
1979
2121
2125
2121
2119
1979
1985
1872
2142
1979
1979
2130
1985
2130
2139
1987
1972
2132
2130
2132
2084
1997
2084
2081
2081
1849
2147
2119
2024
1849
2024
2024
1979
2026
1980
2121
1979
1867
1979
1979
1872
1979
2121
2121
1872
1979
1979
2121
1984
1979
1979
1872
1983
2130
1979
1872
2122
1979
1867
1979
2078
1979
1885
1986
2130
2136
1987
1993
1975
2139
1987
1994
2132
2132
2081
2130
1998
1975
1997
1987
2083
2085
2081
2121
2121
2130
2026
2147
1979
2119
1979
1872
2121
1979
2121
1979
2121
2130
1838
1987
2090
2122
2050
1975
1979
1849
2026
1915
1849
1967
2119
1901
1979
1983
2121
1979
1979
1838
1979
2130
1988
2130
2132
1993
2132
2084
2001
1975
428
639
1719
1953
693
2289
2289
407
2251
2317
410
411
427
1713
2318
427
426
560
405
1948
1947
1938
1792
2323
1787
1807
1942
1942
1783
1937
1938
1952
1953
414
404
2030
2032
2031
2029
2063
2028
2027
2051
1998
2051
2037
2035
2046
2039
2037
2094
2051
2099
2035
2098
2097
2097
2098
2064
1962
2062
1963
2062
2008
2155
2010
2010
2010
1957
2155
2157
2010
2157
2075
2075
1960
2327
2334
1958
2159
1957
2075
1799
1960
1800
2151
1798
1798
1796
1796
1796
1941
1798
1797
1797
1797
1798
2044
1962
2044
2046
2159
1963
1951
1954
1956
1806
2154
2154
2065
2337
2036
2044
2066
2067
1809
2324
1809
1809
1809
1805
2153
2055
2010
2005
2055
2011
2011
2072
2327
2073
2152
1808
1808
2070
1798
2324
2324
2324
1939
1954
1795
1937
1809
1809
1809
1794
1794
1794
1941
1942
1793
1941
1793
1960
2044
2036
2061
2336
2100
2113
2108
2112
2106
2112
2054
2112
2112
2336
2020
2042
2330
2011
2072
2022
2018
2020
2042
2331
2150
2331
2014
2018
2072
2071
2073
2071
2069
2069
2151
1808
2070
2324
2149
2070
2039
2076
2076
2039
2076
2092
2076
2076
2076
2080
2078
2090
2090
2091
2089
2090
2081
2081
2081
2089
2084
2051
2088
2000
1996
1998
1993
1992
2027
1989
1991
1988
2025
2032
2032
2024
2033
2024
2326
1794
1794
2326
2322
1950
1792
1803
1804
1951
1801
1802
1789
1966
926
1609
864
1612
905
4051
2180
2175
2201
2180
2343
2169
429
599
316
1663
1663
436
616
449
1664
2178
1664
548
549
315
1737
1736
680
546
711
2173
2240
1754
1767
2191
2188
664
2241
335
1641
2195
345
365
2197
2200
2179
2176
2187
2211
2204
2220
319
839
1756
301
2208
1648
1756
840
2200
360
1390
657
649
490
650
1730
1735
3182
1742
1743
1741
4753
1731
2923
2255
1738
1734
1729
4291
1741
488
456
2221
545
2223
1637
2238
1745
315
2211
2591
1628
2302
1594
467
612
349
653
367
353
635
3079
439
439
3080
2163
2382
1478
2275
4253
1550
416
4738
604
604
311
343
447
1692
2272
1741
1391
3079
341
1655
2280
363
686
492
2284
2316
1695
2314
3980
2402
1389
1551
1640
2457
1478
1507
1472
1350
1485
2294
2338
1634
1639
604
3179
695
311
2246
1706
448
374
2249
2285
1722
1712
4249
2303
1391
2317
2289
1949
1794
2326
408
1949
1942
1960
1799
2324
1797
2152
2324
1799
1808
2324
2322
1794
4239
1738
239
2391
1467
2462
2347
2463
587
2347
1747
1747
515
220
2346
2464
849
2356
1621
1548
2357
2403
4259
2955
2924
680
1745
4883
13
1329
20
20
57
59
27
2366
58
2366
2366
58
196
829
169
819
829
239
242
2347
2387
234
1510
2444
1531
222
1480
2444
2406
1610
703
529
2432
1529
2344
806
668
667
1565
2436
1567
2405
2352
922
918
472
2353
1409
2411
800
668
864
224
2415
1559
1541
2421
267
260
1542
2262
1543
2298
1554
1532
2438
2439
2979
4911
2443
2387
2448
2450
2378
239
1474
2355
4988
4988
2781
2456
1782
4104
4105
2459
4122
2459
2717
2928
2956
4270
4879
2362
2482
4885
4885
2509
2509
2608
2608
2542
2518
2466
2466
2516
2509
2482
2482
2566
2646
2674
2551
2490
2482
2484
2665
2665
2484
2523
2579
2490
2523
2559
2558
2562
3968
2599
2559
3830
2599
2477
2477
2566
2483
2484
2487
2489
2515
2490
2490
2554
3325
2484
2490
2520
2523
2487
2523
2487
2613
3296
2492
3324
2558
2558
3304
2608
2543
2477
2515
2566
2542
2561
4885
2516
4884
2561
2556
2556
2523
4887
2519
3325
2665
2637
2523
2523
2487
2573
2555
2523
2523
2522
2555
2488
2556
2511
2669
3325
2509
3299
2485
2475
3325
4884
2510
2573
2542
2543
2543
2516
2516
2555
2560
2500
2483
2608
2477
2516
4884
2606
2562
2543
2646
2531
2672
2583
2557
2523
2522
2487
4887
3968
2554
2554
2561
2488
2509
2557
2552
2628
2552
2636
2600
3303
2509
2509
2509
3325
2509
4885
4884
2511
4887
4888
4887
4888
4888
2523
4888
2556
2556
4888
4888
4888
4887
2633
3325
2549
3325
3325
3325
2556
2633
4887
2633
2523
4888
4888
2549
2549
2633
2556
2549
2556
4888
2556
2549
4888
4888
2549
3325
3325
2556
3325
2549
2549
4888
4888
4888
4887
4888
4888
4887
4888
4888
3325
2549
4887
3186
4872
3412
3062
2681
4912
3977
3225
2740
4916
3069
2687
3089
4861
4924
3191
4003
3880
2692
4901
3970
3972
3906
4036
3402
2944
3998
4906
2721
2730
4064
4046
4046
2723
3879
3879
4920
3041
4930
3847
4085
3231
3998
2756
4131
2984
2716
3966
3966
2744
4077
4275
2769
4991
4005
4745
4133
2921
3074
4135
2933
2995
3145
3163
4244
3163
3165
3164
4004
2940
4141
4127
3146
2943
4704
3196
4690
3076
4679
4701
2680
3013
3013
4262
4262
4003
3974
4745
4741
2943
2798
2959
4167
3137
4717
2774
4164
2930
4793
2772
2771
2942
2791
2807
4182
4162
4830
4180
4180
4185
4763
3101
2811
2811
3100
2824
3100
3168
3096
3096
2807
4830
4186
3166
4722
2810
2811
4163
4763
3168
2797
4715
2828
3101
2899
3134
3099
3133
3103
2900
4769
4764
3134
2996
2829
2819
2996
2898
2860
2859
4801
2900
2817
2905
2852
2906
2844
2845
2849
4677
2847
2855
4805
4804
4199
4189
4191
2851
4234
4223
2866
4220
4806
4231
3117
4792
4222
4792
4233
3118
2865
2867
3019
3182
2221
4252
2776
2794
4172
4171
2826
2901
3169
4687
4205
4225
4187
2892
4247
4242
4715
2809
4183
2806
4181
2814
4689
3133
2898
3134
3135
2832
2901
2835
2834
2819
2846
2838
4764
2815
4147
2916
4040
2727
2728
3898
2921
3077
3163
4244
3164
3163
3081
3081
4795
4877
2512
4250
4751
4241
4245
4133
2935
2682
3352
4991
3347
3044
4127
4735
4005
4274
3999
3997
3055
2953
4746
3132
4236
3164
3165
4831
4261
2754
3013
4239
3079
3846
4026
3865
3865
4960
2694
4973
4871
4871
3341
3341
2716
4929
4931
2986
2677
3262
2501
4069
3971
4733
4271
2809
4876
2677
4257
3050
4679
4018
4109
2702
4252
2880
4291
2930
2932
2761
2761
3019
4262
3126
3144
3021
4698
4684
4148
4148
4148
2915
3096
4688
4688
4692
3030
4209
3033
4226
3113
4091
3292
4093
3237
4083
4089
4086
3870
3287
2989
3857
3243
3876
4014
2946
4039
4039
4873
2986
2945
3834
3426
3877
3329
4724
4690
2953
3141
3163
3164
3163
3163
3884
2880
2881
2221
4129
2959
2959
4760
4762
2942
3093
4699
4689
4689
3135
4165
3094
4180
3093
2813
3101
4769
2831
4676
4726
2842
2914
2843
4207
4212
4192
4228
2856
4197
3109
4834
4233
4224
2857
4218
4229
2863
4751
4859
4291
3192
3193
4733
4693
4693
3130
3130
2778
3132
4183
3094
4831
2885
4762
4702
3892
2920
4242
4746
4756
3143
4734
4741
4130
3843
4954
3838
2734
3853
3001
3215
3161
2750
545
4730
4236
4730
3132
4185
3095
2825
3135
2958
2958
4802
4803
4833
2855
4262
4262
2880
3126
3126
545
2705
4069
2727
3052
3883
2769
2754
3144
3143
4924
4018
3285
4118
3950
3950
3450
3461
3253
3208
3450
3948
3951
3456
3451
3253
3253
3940
3935
3941
3933
3233
3934
3217
3205
3931
3928
3205
3934
3255
3254
3269
3441
3440
3930
3929
4087
3921
3440
3919
3290
3442
3460
3953
3956
3941
3932
3212
3918
3930
4088
3211
3211
3434
3920
3273
3435
3291
3947
3949
3942
3940
3923
3931
3268
3248
3456
3253
3460
3250
4090
3459
3918
3255
3255
3207
3234
3930
3916
3439
3440
3930
3220
3944
3947
3260
3266
3927
3291
3926
3929
3932
4759
3069
2711
3257
3855
3249
3150
3865
3925
3573
3915
2523
2523
4888
2493
2523
3325
3325
2672
2672
2672
4888
4888
4888
4888
2519
3971
3966
3968
4077
4136
3192
2523
2523
2556
2633
2556
4888
4888
4888
2541
4275
3329
3074
4696
3077
3332
3971
3301
3304
2646
2479
2541
2608
3413
4930
4928
3403
3984
4008
4065
3000
3071
3160
2726
3868
3355
3155
4023
3880
2732
3872
4031
3889
3150
3150
3865
4026
3865
3865
3056
3055
4030
3158
3882
4938
3288
4118
3885
3366
2686
3387
3888
3276
2728
3281
3147
2727
3289
2969
2969
3984
3070
3874
3877
3403
4054
4011
4969
3350
3381
3397
3397
3191
2978
4972
3350
3070
3051
3190
3150
3863
3055
3875
3835
3858
3430
3435
3216
3212
3239
4088
3212
2466
2623
3244
3248
3244
3246
3246
3202
3235
3235
3208
3203
3935
3266
3955
3529
3963
3963
3457
3449
3446
3947
3528
3963
3947
3957
3458
3529
3964
3955
3446
3965
3953
3959
3463
3518
3520
3519
3553
3791
3518
3520
3520
3520
3473
3473
3808
3493
3820
3520
3520
3445
3808
3509
3560
3821
3537
3822
3526
3958
3522
3558
3958
3787
3493
3808
3808
3472
3961
3553
3808
3819
3808
3473
3818
3472
3808
3473
3529
3512
3509
3518
3510
3511
3791
3556
3510
3448
3822
3808
3567
3604
3518
3528
3822
3822
3445
3520
3529
3822
3509
3529
3445
3958
3959
3528
3529
3473
3520
3556
3808
3808
3808
3808
3558
3822
3473
3791
3536
3522
3567
3791
3493
3473
3493
3472
3528
3610
3567
3808
3808
3822
3808
3485
3567
3959
3822
3449
3449
3520
3808
3819
3504
3808
3808
3784
3556
3522
3558
3822
3473
3480
3447
3473
3819
3493
3567
3784
3567
3604
3604
3604
3789
3789
3789
3789
3789
3567
3604
3789
3567
3604
3789
3604
3604
3604
3604
3473
3808
3808
3762
3473
3473
3473
3473
3473
3473
3466
3493
3466
3493
3493
3473
3473
3610
3610
3610
3610
3466
3473
3610
3610
3610
3610
3610
3610
3610
3493
3473
3610
3610
3610
3604
3610
3612
3604
3604
3604
3604
3604
3591
3604
3604
3604
3612
3604
3610
3604
3604
3604
3612
3604
3596
3596
3604
3604
3808
3610
3473
3473
3473
3466
3473
3466
3466
3473
3466
3808
3791
3791
3794
3547
3794
3493
3499
3493
3572
3572
3794
3572
3506
3494
3547
3794
3794
3572
3572
3506
3572
3794
3572
3572
3610
3794
3572
3716
3737
3659
3716
3572
3612
3612
3716
3659
3572
3716
3572
3716
3737
3716
3737
3716
3737
3659
3716
3682
3716
3630
3493
3505
3571
3794
3494
3547
3504
3504
3547
3797
3533
3506
3494
3475
3797
3475
3475
3533
3819
3547
3475
3475
3506
3560
3475
3547
3475
3506
3475
3506
3758
3506
3572
3503
3503
3506
3506
3503
3506
3506
3506
3503
3503
3737
3819
3505
3547
3500
3560
3820
3558
3558
3558
3558
3569
3822
3558
3520
3558
3558
3558
3569
3767
3810
3810
3810
3810
3558
3767
3767
3767
3810
3768
3768
3762
3569
3558
3569
3569
3767
3767
3569
3767
3768
3768
3762
3526
3808
3791
3512
3791
3820
3820
3509
3814
3504
3509
3508
3813
3791
3509
3518
3486
3518
3521
3521
3521
3822
3520
3520
3521
3518
3556
3821
3520
3520
3529
3821
3821
3821
3527
3528
3521
3521
3822
2509
3066
2633
2633
2523
2556
2556
3265
3264
3223
3242
3240
3259
3245
3258
3859
3239
3228
3229
4081
3245
3261
4082
3042
3231
3836
3851
2934
2734
2992
3043
3836
3048
3837
3856
3227
4000
4103
4701
4720
3895
2939
3900
3975
4978
4814
3979
3897
4971
4974
3908
4947
4018
2711
3063
4945
4904
2982
3255
3939
3942
3935
3233
3244
3248
3202
3941
3235
3203
3203
3291
3938
3266
3950
3459
3947
3936
3940
3461
3936
3453
3940
3209
3462
3453
3950
3956
3450
3461
3463
3463
3461
3946
3947
3949
3953
3947
3453
3446
3951
3454
3458
3463
3458
3446
3965
3965
3956
3454
3529
3957
3963
3965
3959
3457
3528
3963
3458
3964
3457
4912
4912
4052
4870
4871
2704
3343
3973
4000
2770
4864
3977
4922
3979
3981
4808
4970
4812
3986
3838
3036
3859
3848
3875
4032
4047
2770
3975
4273
4001
3328
2756
4881
4265
4268
3045
4059
4097
4758
3429
4949
4042
2721
4045
3996
4034
4009
4817
3982
2690
2946
2708
2739
4775
4048
4944
2938
4038
3342
2941
3849
3987
3988
3987
4049
4097
4809
2726
4049
4963
4818
2941
3159
3001
3082
4812
3350
3049
3355
3396
4970
4930
4928
2716
4077
2743
3442
3442
3436
3211
3916
3234
3930
3444
3927
3214
3437
3291
3937
3933
3924
3234
3928
3925
3934
3929
3248
3931
4061
4037
4064
4100
4984
4100
4102
4002
4269
3896
4979
4105
2927
2717
4064
4050
4945
3909
4020
4019
4950
3878
3878
3861
4953
2527
2478
2481
2568
4878
3969
2987
3911
4876
4741
4735
4132
4131
4754
4131
4139
4138
4840
2769
4136
4736
4280
4840
4130
4256
4143
4991
4264
4146
4704
2762
4698
2795
3011
2777
2757
2798
4155
3015
2772
4184
2942
2773
3146
2757
2791
2776
2882
3195
4681
4170
4184
4793
4793
3085
3194
4762
2800
2943
2790
2773
2772
4179
2907
4835
3172
2844
2849
4204
4210
4204
2889
3030
4215
2910
2909
4214
2842
4770
4770
2846
3172
2845
2838
4802
2831
2817
2997
3028
4685
4710
2840
2997
2818
2816
2816
4685
3104
4801
2850
4192
4805
4202
3173
4213
2858
4204
3112
4193
4195
4194
3106
3107
4216
3108
4790
4832
2911
4212
3174
2778
3129
4236
1741
2742
4132
4251
4250
4250
4251
3075
4240
3128
3128
2964
4732
4731
4236
1741
4140
4142
4255
4143
3132
3165
4237
2954
4135
2755
2755
3165
4264
4004
4697
4267
4275
4274
4146
4272
4679
4271
4102
2944
4134
4131
4276
4725
4278
4986
4144
2593
2489
2543
2524
2510
2539
2624
2515
2472
2701
3311
3067
4104
4979
2870
4837
3122
4463
4767
2874
4460
2875
2867
2875
2894
3175
4296
4841
4846
4305
4295
4457
4845
4304
4843
4299
4314
4314
4294
2894
4455
4457
4846
4323
4359
4433
4403
4428
4428
4361
4417
4327
4327
4417
4359
4417
4417
4417
4417
4337
4337
4327
4327
4398
4398
4337
4417
4337
4442
4388
4444
4444
4444
4398
4398
4444
4425
4403
4444
4638
4398
4411
4429
4431
4428
4327
4361
4417
4361
4361
4417
4327
4417
4417
4417
4408
4431
4339
4365
4417
4417
4632
4327
4417
4337
4632
4442
4442
4630
4388
4444
4381
4382
4323
4387
4398
4638
4323
4398
4388
4638
4398
4425
4444
4444
4444
4388
4388
4398
4323
4638
4638
4398
4638
4425
4425
4403
4642
4444
4638
4347
4359
4417
4403
4632
4417
4327
4327
4341
4417
4337
4337
4417
4337
4337
4398
4347
4347
4403
4403
4400
4425
4403
4359
4627
4417
4359
4417
4428
4417
4417
4382
4382
4417
4327
4417
4323
4360
4337
4323
4398
4444
4444
4642
4444
4425
4425
4642
4403
4462
3121
3120
2869
2862
4296
2871
2871
4298
4232
2867
2876
2861
3175
4235
2894
4227
4452
2868
4303
4306
4479
4464
4847
4842
4317
4317
4465
4316
4671
4453
4480
4479
4479
4627
4550
4486
4484
4649
4486
4648
4593
4513
4513
4599
4493
4589
4589
4493
4589
4594
4589
4591
4635
4600
4595
4600
4552
4550
4506
4593
4513
4508
4513
4599
4599
4599
4520
4599
4520
4599
4520
4520
4520
4530
4522
4567
4520
4670
4528
4522
4528
4585
4585
4585
4662
4661
4585
4662
4662
4662
4662
4582
4317
4857
4533
4550
4550
4552
4551
4666
4511
4541
4552
4551
4551
4553
4549
4553
4610
4850
4604
4603
4553
4852
4664
4582
4659
4659
4850
4850
4316
4599
4599
4599
4599
4607
4567
4613
4567
4530
4529
4529
4531
4533
4533
4533
4533
4555
4575
4553
4316
4553
4664
4320
4659
4317
4662
4857
4317
4317
4319
4842
4661
4854
4604
4604
4589
4602
4602
4600
4600
4600
4600
4599
4599
4613
4612
4612
4600
4609
4603
4603
4607
4618
4574
4618
4855
4574
4555
4855
4619
4570
4617
4567
4526
4570
4571
4526
4526
4526
4533
4570
4526
4570
4627
4493
4361
4628
4632
4632
4497
4632
4629
4629
4498
4638
4638
4638
4638
4498
4635
4638
4638
4638
4643
4593
4500
4444
4500
4444
4642
4632
4444
4632
4398
4632
4632
4625
4626
4627
4493
4308
4318
4318
4317
4307
4307
4307
4520
4671
4854
4670
4670
4847
4480
3149
3147
2727
2512
4709
2827
2897
4711
2897
2703
4700
4695
4681
3162
2775
3096
2828
3096
4156
2792
2760
4699
4689
4693
4723
4716
4757
3138
4682
2764
4147
4716
4725
4266
2788
4718
3127
2757
4706
4706
2799
4722
2824
3133
4709
4708
2808
4707
4707
4240
2995
3127
3330
4267
4705
2774
3162
4277
4277
2897
2827
3976
4729
3139
4236
4247
4247
3088
4733
2221
4822
2221
1741
4291
1741
4128
4250
4250
4241
4747
4756
4291
4291
2895
4246
4753
4254
4256
4755
4755
4719
4734
4817
4839
4145
3979
2800
2812
2811
2899
3134
3116
3081
4789
2830
4244
3081
4244
4821
4096
2931
4291
1781
4819
4740
4739
2959
2959
2758
4830
2905
2854
1741
1741
1741
4269
3081
4758
4161
4186
2813
2825
3135
3103
3098
4217
4805
4806
4906
3425
3875
4053
4146
4814
4815
4065
4759
3849
3986
4138
4822
4144
2804
3177
2962
2961
4774
4214
2913
2852
4765
3103
4198
4833
4244
3081
4840
4840
4836
4845
4456
4846
4305
2872
4842
4843
4530
4585
4534
4659
4526
4533
4857
4472
4526
4571
4307
4839
4242
3006
4291
2702
3402
3402
3893
4268
3332
4903
3131
3131
3386
3386
3407
4933
4977
3344
3981
4697
3973
3344
4109
3164
3165
4881
4882
4883
4885
2554
2490
2519
2523
4887
4888
4887
4888
4887
4887
4888
4887
2637
2633
2633
2633
2633
3325
4976
4905
4940
4971
3869
2721
4032
4073
4071
4067
3150
3051
2721
3978
2789
4955
4055
4074
2686
4933
2686
2695
4874
4977
3905
4946
4041
3150
4728
4055
4944
4042
4043
2708
4046
4816
3348
4035
4927
3064
4934
3404
4962
4976
4902
4935
4972
2691
3910
2683
2452
2759
2699
4983
4983
4103
4105
4105
4106
3004
2459
4882
2928
3163
4867
3140
2362
1975
1975
2132
2081
