46
28
39
2401
124
124
118
124
67
38
97
69
68
46
136
49
49
47
48
79
101
54
21
52
175
142
53
83
27
2404
25
92
166
23
137
58
91
74
818
74
70
45
2402
81
22
24
42
147
20
49
21
139
96
52
52
24
26
53
2406
82
68
38
71
850
818
33
1795
157
70
118
1616
45
114
69
39
139
2402
46
66
19
836
196
193
816
2406
159
159
817
163
83
82
82
85
110
87
88
826
129
138
94
159
173
158
1
125
2
66
159
117
50
103
73
118
118
118
136
46
128
4275
113
50
61
45
15
136
155
19
115
1318
2402
153
30
17
140
86
131
85
84
518
145
81
171
835
130
2403
1796
173
47
47
122
143
31
4277
852
2401
70
37
38
159
1
46
15
2678
825
825
2405
170
816
180
164
164
165
197
816
197
169
199
201
203
165
160
159
173
814
165
206
206
29
813
164
830
206
198
198
165
182
165
164
813
165
165
201
830
2407
165
203
201
164
164
197
197
162
816
197
197
162
165
2407
162
202
170
1468
912
583
587
2436
2497
1532
1417
1777
1387
1351
2473
2457
2174
2417
671
1345
1513
1605
532
2417
240
241
670
465
2453
1545
2435
251
491
1518
1545
696
1551
1550
1382
2268
1334
1355
1355
569
802
1338
2434
1330
937
560
478
1775
591
135
268
58
827
1735
828
32
232
1635
291
472
278
462
2503
4991
1741
291
285
2175
286
288
288
287
289
1751
2261
1506
664
2266
296
297
286
459
329
595
646
2504
2383
1735
542
543
1757
539
844
2203
794
662
319
1654
321
1674
323
325
299
1659
279
537
607
651
1680
1666
348
2226
348
335
335
337
2329
1677
340
341
342
354
344
512
345
2304
2181
552
613
336
616
682
352
353
419
354
2277
617
2303
2171
2169
1705
2271
363
343
2231
376
619
367
368
371
369
370
1707
1688
372
372
634
411
1713
1697
1697
2308
1685
1719
387
1687
1689
374
690
394
1718
399
1957
1964
1812
1966
1963
2342
1953
1825
2343
1809
1811
1822
1811
1978
1951
1963
640
695
1658
546
406
408
409
1704
412
413
1722
392
2341
2341
2242
1732
2211
512
334
420
615
2302
611
363
373
344
361
427
687
1692
1707
1688
431
382
1709
625
435
582
442
1347
1346
709
448
2375
2369
452
2975
1739
455
293
458
3048
2252
460
663
1634
1571
1551
271
1561
1504
860
924
470
2249
1370
249
1526
884
1549
1545
2258
2257
453
481
484
483
649
283
831
704
489
509
559
1545
1545
1545
1545
1352
2493
217
912
209
502
270
272
2454
501
584
937
35
1413
1559
518
510
353
418
2517
4113
1755
4979
1346
1355
309
1601
1340
2259
1748
2295
460
1640
275
702
1640
4134
705
596
404
547
423
611
550
550
551
553
554
1712
1725
557
415
1949
1579
769
774
766
932
778
1408
1347
671
782
743
263
1346
1345
669
1351
669
1397
578
583
584
2450
220
1331
1336
315
604
847
2369
2258
480
599
758
691
692
541
604
1681
1661
1678
2328
1680
2329
2182
610
347
340
2216
1667
1679
615
616
356
620
367
1713
1724
1694
1685
1727
2330
1720
1729
1962
635
395
630
1955
630
1956
398
1958
1813
1961
1744
2251
4134
1641
2220
661
644
483
645
1754
348
647
349
421
407
487
1776
1369
657
416
2257
2241
660
2206
663
1635
559
559
745
1329
783
563
793
756
2263
641
678
338
350
357
685
339
2304
366
689
2335
1815
695
543
1756
542
702
641
1802
890
1605
1355
1333
564
2813
1645
1644
659
755
800
1333
709
944
1447
1021
1423
955
1449
1446
985
1043
1447
957
1465
1453
785
1442
1437
765
1439
1419
775
784
712
771
1421
1440
732
768
939
938
1425
1586
789
1416
1413
1585
810
1051
1456
712
712
772
1432
1425
771
931
936
771
931
1415
1412
732
1455
810
1051
958
1453
784
725
1423
786
765
956
985
786
762
949
752
773
1435
1420
1440
716
1586
722
936
1415
1448
984
778
784
938
1424
938
934
764
1429
1533
439
1358
1605
1338
743
1523
1605
1605
725
715
725
1395
29
825
509
26
173
159
18
75
2416
817
822
197
180
816
208
271
58
815
180
1639
29
29
29
813
206
189
816
816
813
1508
1782
1764
2221
2192
2398
1790
849
851
146
98
67
120
37
2491
2452
859
863
668
1489
2478
1550
1324
1493
1327
2319
1326
1326
1605
1341
1605
1605
1545
1605
1545
1545
1494
255
255
1545
1545
1330
1341
1605
1331
1545
1545
1335
1335
1353
1345
1347
1345
1345
1347
565
506
1334
1345
1345
568
709
1347
1605
256
1336
1324
1545
672
219
589
2320
891
1344
1352
1324
1324
1324
228
521
506
1353
671
1324
255
1605
1605
1605
1545
1545
1545
1494
1330
561
781
766
732
753
933
931
38
38
97
761
765
761
1443
748
960
1441
714
958
1436
1436
1444
995
1046
1296
1296
1019
1007
1017
977
1296
1296
1047
984
964
1283
1283
1283
1310
1310
985
1067
1295
1016
999
1014
1117
1114
1180
1117
1284
1014
1113
1202
1202
1117
1293
1239
1014
1046
1195
1177
1243
1245
1206
1014
1250
1292
996
1114
1230
1142
1195
1200
1188
1239
1144
1120
1143
1237
1137
1202
1177
1239
1195
1137
1202
1236
1111
1166
1243
1177
1207
1119
1119
1119
1200
1202
1202
1195
1119
1158
1101
1035
995
1113
967
1034
1034
1293
1006
1161
1046
1195
1104
1223
1195
1108
1143
1195
1114
1195
1202
1195
1195
1034
1132
1177
1195
1202
1243
1195
1177
1135
1202
1146
1195
1119
1135
1230
1202
1176
1101
991
1007
1113
1114
1188
1195
1137
1143
1202
1202
1240
1113
1097
1202
1237
984
1215
1195
1195
1132
1132
1132
1132
1132
1132
1132
1132
1135
1132
1132
1132
1132
1132
1132
1132
1135
1132
1132
1202
1132
1132
1132
1132
1195
1188
1188
1137
1195
1142
1143
1195
1188
1202
1195
1195
1202
1188
1202
1202
1188
1202
1202
1202
1202
1195
1202
1195
1201
1202
1202
1202
1202
1202
1202
1195
1202
1202
1202
1202
1202
1202
1132
1202
1202
1202
1132
1202
1132
1132
1202
1132
1132
1202
1202
1202
1132
1202
1132
1132
1132
1132
1195
1188
1195
1195
1188
1202
1195
1188
1195
1195
1195
1195
1188
1200
1195
1180
1202
1195
1202
1195
1195
1195
1195
1195
1195
1202
1195
1202
1195
1195
1195
1202
1202
1202
1202
1202
1202
1202
1195
1202
1195
1195
1202
1202
1202
1202
1202
1202
1202
1202
1202
1202
1202
1202
1202
1202
1202
1202
1202
1202
1202
1202
1202
1202
1202
1195
1195
1195
1195
1195
1195
1195
1195
1195
1195
1237
1237
1236
1237
1195
1242
1242
1242
1237
1238
1242
1242
1238
1242
1242
1195
1236
1237
1195
1242
1202
1202
1195
1195
1242
1202
1202
1202
1242
1202
1195
1242
1202
1195
1242
1202
1177
1238
1237
1243
1237
1237
1236
1113
1113
1113
1113
1113
1107
1113
1105
1113
1188
1138
1138
1132
1146
1142
1142
1201
1188
1146
1142
1132
1201
1142
1132
1139
1188
1142
1142
1146
1132
1188
1119
1195
1200
1239
1236
1177
1240
1240
1230
1240
1243
1240
1237
1186
1243
1236
1240
1205
1014
1114
1116
1116
1112
1155
1104
1104
1157
1173
1240
1042
1014
1046
1239
1222
1219
1293
996
1175
1117
136
136
136
46
196
177
29
87
138
790
733
734
727
728
789
774
560
1582
731
744
1577
767
730
1582
769
1330
922
800
564
561
744
561
559
740
741
802
802
746
1385
1499
2222
2194
1770
2314
1375
1380
247
2380
1381
2317
221
2455
1599
2458
2459
1356
1355
1357
1396
1399
1602
1405
500
714
714
1436
763
749
1439
748
1438
713
1433
713
1423
1436
1436
719
952
956
949
1451
1462
960
943
1066
1447
1459
1445
952
1447
1021
945
1023
1451
946
1067
1457
945
986
1067
1309
945
977
1309
1028
1047
1464
1314
964
986
986
1008
1028
1303
1303
964
1028
1006
1008
1002
1013
1029
1047
1047
992
1469
212
1568
2376
1468
2376
2168
1470
317
1528
2494
586
2446
812
1541
1543
857
1565
858
667
1349
508
1573
757
1339
1494
1549
2311
1527
1538
475
1383
1507
316
281
265
2510
449
791
1591
1547
706
907
1359
1356
1615
1358
921
669
2318
2318
925
1553
244
2391
1566
1393
805
1343
2471
494
495
245
1530
2265
1486
1567
464
927
759
1332
922
926
2470
1557
1493
2265
1590
1494
1325
1352
1354
673
1350
1546
1352
567
600
590
1564
862
696
464
507
273
1421
721
1411
1412
942
1440
1440
1410
773
729
1426
1440
1440
724
941
1425
771
1423
941
1423
761
534
2282
248
2507
1382
1382
1371
1652
2315
1376
1596
467
467
1519
1598
2456
2358
2360
802
802
1607
1341
1605
1341
568
559
930
37
852
155
468
1628
1617
1406
1630
1632
1637
1633
1637
2247
841
269
2247
1767
1751
291
2399
1750
1792
2338
1635
2261
1648
2400
1792
1759
1505
1654
298
2197
2289
2288
537
2207
1660
294
540
487
607
1680
331
1666
332
1668
1657
1669
1671
1672
330
1683
313
603
2269
608
2270
1665
320
609
1676
703
608
1716
1726
1696
381
390
374
1715
1691
556
1723
1715
1717
624
1695
2293
1730
626
386
1700
382
1699
1702
1703
411
383
621
1689
1708
432
2330
2278
1692
434
623
1702
401
2335
1960
1806
388
401
391
392
393
1959
414
635
634
629
2334
1956
2340
398
633
690
2374
1802
2244
1736
679
599
1740
2217
643
644
455
1746
680
1802
2246
1636
1642
1646
1642
2513
484
1755
1758
1641
275
1639
4988
292
1760
1762
2223
1515
1650
1473
2514
654
1772
1362
1778
840
1783
843
1785
1787
2512
1649
1763
11
2667
109
1796
41
15
4281
12
40
2798
1802
4741
1622
1363
2297
2156
1817
2079
1971
1820
1969
2161
2082
1965
2164
2156
2080
2154
2348
2052
2032
2030
2027
2028
2026
2021
2082
2082
2161
2020
2076
2052
2024
2024
2051
1915
1858
1915
1844
1858
1858
1858
1858
1844
1858
1858
1858
1858
1915
1915
1858
1915
1915
1915
1915
1915
1915
1915
1915
1915
1915
1915
1907
1915
1915
1915
1827
1907
1827
1915
1830
1858
1858
1858
1858
1844
1844
1858
1858
1844
1844
1858
1844
1915
1915
1915
1915
1915
1858
1915
1915
1858
1858
1915
1915
1915
1878
1915
1915
1915
1915
1915
1915
1915
1915
1915
1915
1915
1915
1915
1915
1907
1915
1907
1827
1915
1915
1907
1915
1915
1915
1915
1890
1827
1907
1915
1907
1895
1915
1858
1915
1915
1844
1858
1878
1858
1915
1915
1858
1915
1915
1915
1915
1915
1915
1915
1827
1915
1827
1907
1858
1858
1844
1878
1858
1858
1844
1915
1915
1915
1915
1844
1878
1915
1915
1915
1915
1915
1915
1907
1915
1827
1890
1827
2157
1973
1824
1972
2354
2078
2028
1819
2081
1822
1823
2162
2342
1825
2155
1826
1816
1973
1974
2073
2075
2072
2074
2016
2021
2015
2025
2025
2054
2041
2039
2070
2159
2159
2164
1866
1866
1907
1883
1883
1850
1907
1925
1851
1856
1928
1844
1928
1844
1912
1903
1903
1870
1844
1870
1888
1830
1830
2149
1933
1883
2144
1921
1856
1856
1947
1903
1903
2006
2142
1947
1947
2142
2007
2008
2011
2011
2055
2007
2005
2005
2007
2019
2011
2110
2102
2103
2103
2110
2112
2110
2111
2111
2108
2114
2108
2108
1876
1916
1876
1837
1985
2144
1982
2034
1981
2150
2150
1990
2121
2099
1867
1937
2124
2083
2105
2107
2105
2048
2043
2035
2047
1903
1903
2141
2141
2055
1993
2057
2007
2092
2059
2097
2095
2097
2108
2107
2104
2099
2000
2001
2043
2042
2045
2106
2106
2353
2353
2353
2118
2352
2115
2115
2064
2011
1937
1867
2125
2131
1888
4999
1854
2139
4999
1906
1906
2139
2140
2135
1998
2131
2131
1993
2056
2140
1999
1997
2086
1995
2085
2084
2085
2088
2090
2090
2092
2092
2096
2098
2093
2097
2104
2103
2104
2097
1844
1844
1844
1844
1878
1878
1844
1878
1844
1915
1915
1878
1915
1830
1830
1915
1915
1915
1915
1915
1907
1856
1922
1850
1890
1850
1907
1907
1907
1915
1915
1915
1844
1844
1844
1844
1844
1844
2067
2117
2119
2032
2049
2052
2074
2010
2036
2002
2018
2020
2018
2037
255
1355
1607
1355
1355
1569
1705
429
430
2170
674
2361
659
596
301
2179
2197
360
2169
2182
2183
594
2186
2182
2180
2188
2191
2254
1360
2176
544
2209
2264
1511
2398
2178
2206
2205
325
326
2208
333
2210
424
2231
2231
359
2212
2216
2262
2239
2219
2227
2185
2200
2224
2225
326
2200
1786
2170
1712
307
2236
1733
677
2243
2244
642
676
1749
1750
1802
4728
2260
597
1737
2250
2253
1743
2248
1802
1745
1747
676
639
1642
2400
1647
2400
1742
661
14
2322
2321
1529
2281
2290
648
342
2274
2274
1957
598
1710
371
2280
251
1561
252
2295
2256
1328
536
402
2327
2327
1664
336
631
396
397
1802
1499
1739
1683
350
2301
612
426
339
687
688
1731
2344
457
1489
1494
1492
1362
1540
2477
1548
1531
562
1337
667
2322
1781
474
1674
693
693
327
2328
2293
632
1711
2292
377
1808
1952
2336
1791
1472
1821
2077
2022
2050
2031
1818
2026
2025
2060
2019
2105
2107
2100
2104
2014
2095
2104
2049
2068
658
599
210
1563
2434
1366
2385
848
2486
2372
1753
1753
2454
2378
2492
1477
2452
856
446
855
862
1564
2394
1758
452
1771
1647
4238
28
2402
2404
54
2406
26
170
170
162
197
197
180
193
830
830
202
198
2417
670
2365
2426
671
906
1545
1550
2427
857
1549
865
1355
1345
1345
1615
1545
226
440
1605
1605
901
534
1559
1560
1558
891
1352
2456
2481
1400
2459
2461
1605
1607
2468
858
903
260
1393
258
260
669
921
588
874
1554
1521
1560
2482
2483
2484
1490
210
521
2490
499
210
2495
1379
1594
1594
4960
456
2315
1363
2507
4985
1404
4985
1598
1542
4988
3029
4245
2509
2636
2565
2536
2676
1799
154
154
2624
2577
2586
152
2565
2588
2636
2536
2669
2560
2569
2568
2542
2625
2562
2623
2539
2546
2604
2612
2571
2605
3832
2564
2552
3311
2556
3835
2552
2556
44
1800
2594
2573
2576
2606
2637
127
2536
2542
2568
2657
2543
2572
4279
2575
2655
2550
2626
2665
2668
2620
2659
2555
2558
2538
3
1317
1800
1793
2677
2524
4880
2536
2639
44
2632
3337
2710
2605
2550
2570
2674
2623
2694
2603
2574
2655
2606
2607
2547
2547
2563
2652
2608
2660
2653
2674
4882
1798
2532
3352
118
2611
117
1797
2606
4276
117
109
2588
2565
2604
2633
2581
2625
3
1793
2588
117
2675
2557
1317
2540
2648
3831
51
2662
2547
2610
2655
2541
2553
2549
2658
2522
2609
2588
2663
2641
2523
2642
2646
2637
4109
154
2632
1799
4881
2588
2521
2588
2650
4884
2550
2570
2550
4885
2605
3312
3312
2597
2605
4885
4885
2570
4890
2700
2680
4882
2679
2618
3338
4886
2599
2679
2605
2605
2551
2692
2679
2728
2597
2692
3320
3312
2704
2680
3312
3312
2679
2700
2700
2597
2679
4891
2597
2598
4885
3312
3324
3323
4885
3323
2598
3312
4882
2598
3324
3019
3410
4968
2756
3409
4841
4034
3242
3868
3207
4022
4965
3871
4899
3214
3177
4255
3414
2751
4899
4119
3966
3215
4928
4914
3873
4026
4913
3417
2740
4015
3401
3372
3985
4099
3414
4099
2789
4930
3082
4075
3074
4952
2992
4266
3023
2984
2796
3020
2836
3327
2791
4237
4272
4261
3171
4803
2516
4706
4128
4693
2809
3169
3108
2974
2975
4875
4875
2957
3099
2982
4125
2981
2839
2810
3107
2822
2972
4850
2828
2767
2817
4244
3150
2808
4690
3294
4735
4732
4732
4683
4808
4165
2849
2845
4149
4711
3052
2924
2816
4166
2989
2819
4711
4158
3118
3118
2851
2851
4167
2876
2941
2940
2873
2865
2939
2865
2877
2867
2867
2853
2855
2857
2870
2872
3027
2940
2869
2941
4783
3189
2880
2881
2874
2861
2884
2879
4699
2947
2882
2883
4755
2884
4198
2884
2893
2894
2945
3145
2922
2887
2888
4193
4188
3195
3132
4208
4219
4209
4183
2895
4789
3196
4221
2918
2920
2912
4294
4292
4439
4455
4297
4441
4442
4290
4291
4304
4291
4444
4304
4292
4438
3150
3057
4728
4741
4164
4806
2871
2943
2878
4784
2947
3193
2906
4449
2913
4306
4725
3006
4700
4701
2868
2856
4772
3001
2944
2885
2864
2863
3122
2859
2948
3068
2950
4196
4187
2953
4759
4813
3060
4922
4020
3373
3214
4868
4849
3345
2975
2973
4875
4988
455
455
2815
4044
2798
4733
4738
4228
3026
4803
4041
3965
4065
4272
4797
3849
4742
4729
3872
3978
2777
3010
4792
4734
4740
2999
2999
3000
4241
3125
4137
2800
4243
3048
455
3082
3082
2762
2762
4792
3208
2750
2737
2737
3093
3093
3018
3024
3354
3016
2769
3238
3314
2747
3348
3025
4723
3028
3032
4111
4873
3838
4677
4099
4095
2770
4741
3057
4284
3147
3050
3209
3209
3150
3329
4134
2998
2843
3059
4160
2926
2927
3062
3159
3064
3065
3066
4194
4180
3070
2935
4287
4295
3293
3276
3269
4086
4073
3289
3241
3208
3214
3249
3073
3075
3836
3854
3303
3894
2962
2738
3967
4948
3077
2988
4014
3342
4013
3345
2980
2997
3108
2811
2811
3108
3846
3057
3197
3056
2797
4172
3003
4748
4168
2840
4810
2956
3063
2944
2860
2853
2854
4810
4751
2942
4752
4754
2889
4182
2905
4185
4216
4773
3137
4210
4437
4436
3140
2915
4821
3142
4445
4293
2921
4457
4451
4289
3004
2979
4223
4134
2813
3151
3152
3154
4854
3154
3155
2999
3123
3124
3125
4782
4168
4257
2744
3166
3006
4740
4736
2937
3170
4235
4128
2785
2785
3179
3284
3844
3176
3232
3317
3182
639
3184
3185
4241
2999
4173
3126
3158
3127
3122
3122
2897
2901
4207
4825
3150
3209
3057
3329
3209
3329
3969
4061
4099
3081
3859
4743
4138
2998
2998
3854
3863
3863
3214
3444
3521
3522
3553
3952
3944
3441
3469
3564
3444
3961
3453
3453
3443
3569
3938
3938
3252
3936
3915
3228
3263
3939
3933
3936
3224
3266
3438
3227
3922
3916
3920
3234
3912
3922
3433
3904
3928
3458
3556
3476
3948
3921
3927
3908
3273
3908
3916
3222
3233
3434
3292
3233
3285
3483
3958
3945
3950
3226
3263
3279
3251
3509
3453
3555
3220
3306
3449
3432
3446
3446
3941
3926
3916
3914
3922
3916
3273
3910
3957
3482
3911
3940
3264
3937
3917
3925
3251
4799
3086
3172
3841
3073
3841
4105
2762
3942
3553
3437
2603
2605
3312
2545
2605
2700
2700
2601
2602
3333
3312
4885
3323
2550
2550
2736
2796
2666
3328
2813
4134
2605
2605
4886
2694
3332
3312
4885
2551
7
2802
3341
3343
4270
3345
3346
3021
3349
3350
2530
9
63
154
4859
4930
4067
3357
3990
4016
4957
3856
4049
3180
4793
3838
3402
2785
4100
3414
2762
4792
4792
4046
3414
3373
3366
3082
2762
2762
3994
4792
2762
3859
3081
3215
3373
3214
3215
3215
3078
3176
4099
4099
3214
3855
3373
4099
4654
3414
3414
3175
3856
4059
3857
3357
4801
4048
3405
3036
3098
3098
3098
3177
4931
3407
3400
3859
3853
3177
3414
3414
4792
4792
3419
3843
3422
3236
3906
3230
3256
3255
3230
2526
4
3250
3265
3250
3457
3934
3947
3962
3956
3945
3953
3953
3223
3510
3462
3465
3807
3823
3491
3820
3564
3800
3807
3482
3465
3504
3462
3503
3510
3564
3799
3822
3544
3823
3605
3625
3546
3527
3669
3641
3558
3600
3600
3637
3646
3622
3690
3745
3599
3530
3511
3626
3668
3698
3713
3625
3601
3793
3798
3537
3567
3717
3637
3690
3633
3644
3745
3760
3618
3591
3692
3633
3646
3688
3745
3630
3637
3623
3692
3681
3608
3719
3759
3679
3664
3759
3758
3650
3621
3647
3646
3616
3710
3614
3648
3537
3601
3623
3546
3676
3462
3537
3490
3542
3498
3462
3646
3496
3706
3636
3633
3633
3646
3532
3601
3646
3631
3643
3606
3646
3692
3644
3637
3692
3745
3659
3646
3637
3635
3633
3614
3621
3732
3647
3542
3535
3505
3804
3531
3635
3697
3701
3634
3633
3646
3663
3609
3598
3616
3646
3700
3807
3637
3697
3692
3646
3646
3637
3647
3646
3646
3646
3647
3646
3646
3646
3647
3647
3646
3637
3646
3646
3646
3646
3646
3646
3637
3633
3633
3646
3637
3637
3637
3637
3637
3637
3644
3690
3644
3646
3646
3637
3646
3646
3646
3646
3646
3644
3644
3644
3637
3644
3637
3644
3690
3646
3642
3637
3646
3646
3647
3646
3647
3646
3647
3646
3646
3647
3646
3647
3646
3637
3646
3647
3646
3637
3646
3646
3646
3646
3646
3646
3646
3646
3646
3644
3644
3644
3644
3630
3645
3645
3645
3644
3644
3644
3643
3688
3631
3701
3701
3701
3692
3699
3690
3701
3701
3699
3699
3701
3699
3700
3692
3692
3699
3701
3701
3701
3701
3701
3699
3699
3701
3701
3646
3699
3699
3699
3701
3646
3646
3699
3646
3701
3646
3699
3646
3699
3699
3699
3699
3699
3699
3699
3699
3699
3646
3701
3692
3701
3701
3699
3701
3701
3700
3701
3699
3700
3701
3687
3700
3699
3694
3699
3693
3697
3700
3699
3694
3694
3697
3694
3700
3694
3699
3699
3699
3699
3699
3699
3699
3699
3701
3699
3699
3699
3701
3701
3699
3699
3699
3697
3687
3700
3698
3752
3698
3567
3567
3567
3570
3562
3602
3496
3532
3570
3586
3570
3512
3574
3582
3582
3579
3586
3570
3593
3582
3593
3582
3582
3580
3582
3562
3586
3562
3573
3580
3593
3593
3580
3582
3582
3582
3707
3631
3692
3701
3669
3693
3738
3742
3673
3692
3735
3693
3697
3682
3682
3641
3707
3641
3497
3497
3497
3602
3532
3496
3497
3649
3705
3718
3649
3657
3648
3724
3724
3724
3721
3795
3532
3497
3546
2639
4116
2721
3321
2547
3309
3833
3243
3283
3240
3248
3238
3291
3235
3074
3262
4080
3848
3246
4084
3288
3268
3429
3842
3420
3839
3300
3420
3247
3244
3842
3022
3301
3249
2786
3074
2790
2977
3882
4722
3876
4981
2749
3998
3879
4749
2983
3097
4964
4966
3854
3862
4101
4107
4915
4936
2763
4119
3446
3934
3945
3569
3252
3250
3251
3453
3948
3949
3446
3937
3937
3456
3252
3960
3449
3483
3448
3443
3458
3450
3961
3443
3952
3450
3553
3501
3510
3519
3555
3825
3825
3525
3526
3564
3959
3525
3483
3482
3466
3564
3807
3507
3470
3509
3808
3556
3556
3819
3807
3464
3566
3529
3800
3799
3491
3498
3529
3507
3503
3823
4856
2740
4069
3015
3015
3019
2978
3970
4036
4040
4861
4949
4847
4015
3355
3987
3356
3403
4047
3840
3259
3425
3423
4792
3405
4962
3997
4037
4001
3866
1508
2991
4009
2837
4686
3259
4058
4956
3404
4051
4106
4108
3008
3416
2773
3405
4802
4790
3970
3893
3298
4917
2778
4767
3360
2776
3986
4030
4068
3423
3212
4800
4051
3993
4088
2772
3404
3404
4029
4028
4051
4046
3036
3080
3109
3100
3036
3852
3364
3101
3365
3362
2787
2795
3327
4655
3264
3264
3906
3228
3927
3941
3939
3219
3264
3931
3924
3285
3455
3266
3219
3941
3938
3942
3936
3925
3921
3263
4063
4029
2511
4089
3985
1597
4976
2501
4092
4981
1596
2507
3985
2779
4093
4019
3890
2741
2786
2786
2786
3414
3414
4100
2785
4282
119
4274
9
2987
4115
4111
4117
3900
4235
4729
4129
2794
4237
3340
4264
4135
4010
4139
4238
4135
4250
4796
4131
2985
4992
4272
4006
4262
2820
4709
3059
4771
4768
4807
2818
2841
4150
3054
2817
3160
2989
4155
2803
2803
4170
2848
4770
2821
3058
2925
3160
3111
3198
3110
4750
3117
4155
4125
2839
4170
2817
3116
4787
4215
4184
4187
4209
4204
4205
2910
3194
2933
4213
4214
4212
4217
4185
2902
4774
4177
2901
4177
2953
2897
4200
4197
2952
4203
4195
2903
4179
2891
2952
4193
2954
2932
2955
3130
4452
4452
4817
4448
3139
4774
2919
4204
2919
2934
4447
4447
3138
3071
4215
3142
2917
2918
3144
3144
4288
3155
4724
4222
1802
2832
4127
2812
2974
3108
2812
3113
4712
3152
3152
3048
4227
4234
4222
1748
4130
4273
4136
2985
4242
4240
4242
4245
4133
4133
4133
4875
4253
4005
4869
4267
2990
3972
4091
3162
4259
3881
4286
2992
4247
4266
4268
3344
4878
3339
4141
853
2635
109
4278
104
114
66
40
11
1803
4283
1625
1592
4286
4565
4836
4833
4514
4301
4571
4652
4571
4465
4463
4643
4569
4517
4829
4829
4554
4518
4828
4827
4511
4509
4649
4507
4646
4541
4564
4512
4828
4829
4351
4351
4351
4426
4309
4351
4349
4349
4349
4321
4349
4351
4351
4351
4351
4351
4351
4351
4351
4351
4351
4351
4351
4320
4351
4351
4351
4351
4426
4351
4351
4351
4426
4426
4426
4327
4426
4320
4309
4349
4351
4349
4349
4349
4351
4349
4349
4351
4351
4351
4351
4351
4351
4351
4351
4351
4351
4351
4351
4351
4351
4351
4351
4351
4320
4351
4320
4351
4351
4351
4351
4351
4351
4321
4351
4351
4351
4320
4351
4426
4424
4351
4426
4426
4320
4351
4327
4426
4426
4320
4426
4426
4426
4426
4327
4361
4426
4351
4351
4351
4426
4349
4320
4351
4351
4351
4351
4351
4351
4351
4351
4351
4351
4351
4351
4426
4426
4426
4426
4426
4351
4349
4349
4351
4349
4351
4361
4351
4320
4351
4351
4321
4351
4351
4351
4351
4351
4351
4426
4320
4426
4320
4351
4327
4426
4426
4563
4457
4562
4561
4823
4566
4459
4822
4458
4466
4467
4653
4644
4642
4307
4645
4305
4560
4456
4543
4536
4559
4560
4507
4504
4552
4552
4528
4524
4490
4527
4526
4647
4464
4349
4322
4322
4320
4320
4330
4320
4330
4406
4311
4311
4312
4359
4323
4323
4323
4406
4359
4420
4326
4426
4406
4431
4638
4416
4421
4421
4406
4430
4390
4338
4390
4310
4631
4430
4473
4632
4629
4474
4475
4497
4497
4481
4474
4491
4497
4497
4501
4500
4587
4500
4597
4549
4547
4597
4598
4548
4598
4595
4600
4594
4590
4416
4395
4416
4345
4471
4635
4634
4421
4638
4345
4477
4636
4477
4609
4573
4422
4350
4609
4484
4585
4590
4593
4592
4574
4535
4535
4375
4311
4337
4338
4627
4476
4392
4476
4495
4581
4588
4548
4589
4582
4582
4583
4574
4469
4468
4523
4477
4572
4586
4593
4605
4599
4594
4598
4552
4598
4550
4549
4498
4422
4425
4323
4329
4370
4407
4407
4376
4375
4310
4375
4410
4339
4339
4383
4613
4611
4425
4627
4392
4622
4624
4485
4612
4584
4486
4624
4626
4487
4476
4482
4578
4576
4545
4580
4580
4582
4578
4544
4580
4349
4349
4321
4349
4351
4321
4321
4321
4357
4351
4321
4426
4426
4426
4426
4320
4321
4327
4426
4426
4426
4406
4406
4406
4424
4406
4320
4320
4320
4320
4351
4320
4320
4309
4349
4349
4349
4600
4606
4830
4834
4557
4593
4558
4491
4491
4498
4491
4648
4648
4526
3414
3373
3373
458
4656
4657
2951
2951
4658
2755
3169
3169
3211
4664
4666
3121
4669
4669
4670
2956
4679
3061
4670
2824
3153
3168
3168
4687
4161
4662
4145
4745
4686
4876
4689
4691
4692
4693
4694
4694
4671
4696
2939
4698
4656
3121
4674
4702
3120
4744
3151
3170
2807
3103
4710
4157
4665
4714
4714
4715
4657
3980
4721
3974
4222
4725
2936
4726
4727
3183
4804
676
4741
3048
4741
4126
2938
4226
4225
2936
4230
4284
3048
4227
4740
4728
4236
4140
4139
4879
4745
4685
3355
4729
4794
4798
2847
3157
2940
2862
2946
4824
4760
4169
4755
2973
4760
2973
4803
4063
4737
4731
4730
4050
4776
2923
2833
4153
2847
4156
4176
4218
4741
4741
4730
4795
4760
4018
2858
2857
3158
3127
3122
3129
4202
2901
4221
4296
4913
4792
3994
4050
3165
4762
3874
4955
4799
3424
3992
4131
4804
4132
2849
3053
2835
2835
4761
4811
4775
2907
4758
4200
4815
2914
2974
4818
4819
4246
4302
4509
4570
4519
4554
4458
4502
4507
4500
4500
4585
4591
4544
4582
4594
4501
4544
4576
4604
4236
4232
3048
3048
4903
3365
4929
4921
2804
4857
2750
4855
4239
3388
3406
4064
4060
4967
3362
4030
2806
4045
4930
4097
4875
4874
4271
4249
4238
2587
2567
2541
2571
2550
4884
2597
2599
2597
3323
3323
2597
3323
2728
2694
4886
2679
2735
2692
4964
3208
4911
4933
3207
3366
3405
4065
4066
4064
4098
3853
3366
2960
3302
4103
3403
3365
3178
4060
3178
3413
3044
4095
3213
3862
3892
3414
4912
3399
2772
3891
3172
4917
3417
4791
3360
4055
4927
2741
3044
3988
4055
4969
3013
3084
3012
3887
4096
3091
1372
4977
2505
1597
254
4089
2507
4985
2779
4984
2511
4249
1555
4875
4990
4991
2509
1907
1827
1915
1915
