3826
2620
2608
2623
2541
2466
2540
2541
2479
2593
2568
3337
2567
2608
3825
4288
106
42
2625
2514
1770
135
118
47
93
24
1774
2610
24
148
148
166
1774
96
1773
1774
2508
2612
847
2514
2510
110
1774
2477
2586
2610
8
152
4289
2583
2583
19
47
19
2478
2498
2568
71
148
2611
2611
2466
2541
2466
2541
3825
4121
4121
2597
2626
2508
2608
2567
138
98
20
20
20
90
98
104
1775
24
4286
2524
93
93
139
139
48
48
96
48
94
99
127
3432
2602
2481
2608
152
2608
4286
2510
2623
2608
2541
2541
2543
110
4285
4285
136
2539
2611
2466
4884
2546
2466
2472
136
2569
2466
2567
11
34
2515
4285
48
93
139
94
4286
3335
2627
2476
148
92
111
2601
94
1335
816
2569
166
2526
2611
2623
2541
2541
2466
2466
10
2608
2508
2567
4285
2364
143
27
46
57
193
58
58
95
95
57
20
27
78
196
817
1335
207
138
95
143
92
58
92
58
138
138
138
96
96
92
92
92
25
137
1334
25
92
25
2366
58
27
57
2366
58
2366
92
25
829
25
212
588
2387
2380
1466
1409
2216
224
224
233
273
863
1473
1397
233
238
227
2344
586
326
587
2380
902
892
475
2258
1617
2414
2381
2344
4122
1619
4125
4120
222
452
248
468
475
459
2164
1497
2245
2163
1478
1600
4983
864
668
668
250
668
1541
1548
1496
1382
1761
2320
2297
825
1765
1625
120
120
825
2627
467
292
1750
1504
646
295
596
1754
2345
544
644
2205
2183
2922
4989
2922
4772
307
1752
262
538
494
328
294
710
301
537
316
2172
1502
2169
1390
1399
1390
2347
1621
2347
4124
3007
4793
3176
1765
290
1476
1410
665
328
1641
2266
2269
1644
663
335
295
534
536
1650
1674
1648
2195
1659
613
343
343
341
492
620
2271
362
652
651
652
685
549
2194
1656
1654
1643
449
619
348
434
350
351
2280
2179
436
622
2248
652
2176
2282
2283
369
368
366
357
355
431
2197
384
1701
689
688
439
1700
2316
2254
386
373
2167
1680
2287
390
1682
1696
1703
397
392
392
1681
1690
636
2272
630
1692
395
1689
4793
4739
1646
331
1644
334
333
364
370
554
423
1686
425
1686
1739
4249
345
347
1673
1672
2305
548
365
433
686
2282
654
2174
2174
376
2198
352
352
1661
1639
806
806
2381
806
1536
1536
864
864
864
1621
4992
4992
2185
840
597
2768
4989
2768
3079
4101
3980
2512
643
458
522
1622
1348
289
850
1597
1601
4968
474
2230
1753
2297
1395
1639
1761
1498
2296
2296
468
2228
2461
2359
1748
1751
2786
542
696
2964
4242
1779
1542
2258
2258
2258
468
2258
468
892
2346
2700
212
1780
1574
285
4120
574
156
1384
120
1730
293
618
2999
4876
4992
3899
3899
3334
680
2453
2407
2169
864
1611
3912
1621
4992
1621
472
238
2344
238
2347
2436
4793
4777
2234
2963
3178
3180
2880
3183
2880
598
314
418
1661
1662
419
420
551
552
421
553
555
556
1687
1484
2428
567
565
473
1354
676
897
892
862
1514
1370
1495
896
2411
308
308
477
247
1408
1604
586
586
586
1535
1411
2994
2381
1498
857
1543
914
908
280
1503
2172
597
455
465
2922
4772
4772
1564
3009
4778
3086
286
2307
605
1678
1671
312
1642
549
363
1649
1675
2312
655
614
2283
617
352
372
623
379
1698
380
1705
557
625
393
1691
447
2315
1682
626
1688
1681
3124
4858
3183
3020
3019
1735
647
2348
2358
2348
345
349
1679
1643
1650
2190
1758
1760
1499
1640
527
2964
2235
430
2220
2230
2219
299
1542
1542
2294
911
1541
894
903
671
911
2343
297
2880
2358
1748
457
2359
1665
608
1666
2280
2281
2282
2284
441
1710
2314
2881
2881
3179
2880
4753
120
668
1543
2262
896
902
645
539
1749
486
1552
1611
1609
902
902
883
1428
748
1437
758
1430
728
725
1444
1451
761
1419
1433
1415
1422
754
754
745
943
1581
739
943
778
756
1578
1580
757
733
273
273
520
1338
571
779
1355
567
1581
1443
1440
769
754
766
939
1351
1341
520
938
574
1341
1350
1431
1586
1438
1443
1429
1578
742
762
1344
679
726
747
1439
771
1414
1355
735
1580
779
756
746
756
1340
768
1438
1589
1583
778
803
784
679
740
741
1476
1477
1477
478
1496
2298
1513
229
1515
797
230
589
1543
1543
1543
734
1425
225
788
59
91
1773
57
185
118
100
100
2343
4980
92
92
57
20
120
1779
2535
169
3019
57
58
93
100
96
92
20
92
1768
1626
1504
1764
838
2207
2207
597
2463
4120
1615
2526
3336
2593
2541
851
2356
1480
2415
281
1506
509
2357
2401
1544
2406
1543
1543
593
1543
1543
2258
2298
468
2298
668
593
593
2298
2298
2298
1543
1543
2258
1543
892
892
892
892
792
2350
922
892
892
902
792
864
1611
1543
1543
1543
1564
2448
855
1568
2438
1510
1593
220
921
892
2446
512
2448
892
593
2435
593
2258
2258
2258
1542
935
1359
568
855
1549
938
1356
3338
3338
753
1356
750
947
947
1413
1585
721
1420
1414
1423
1416
967
954
956
965
965
959
1445
1457
1453
780
965
1451
1449
968
968
1448
1450
724
1453
1445
1034
1030
1025
1026
1023
1025
1462
1462
1030
1460
1024
1034
957
1314
1030
1462
1025
1460
1025
957
1063
1078
1460
1464
966
1025
957
1024
990
1047
1032
1453
1026
984
1026
1026
958
1032
1026
1032
984
1026
984
993
984
1460
1024
1033
1023
1026
1064
990
966
1462
966
1066
1034
1460
1463
1458
1465
965
966
1024
1025
1078
1025
1026
1024
1026
1026
990
1024
1170
1024
1024
1325
982
993
990
966
1024
1024
1026
1018
1311
1032
957
1453
957
1464
1025
1034
984
1325
1026
1026
1024
1458
1031
1034
1325
984
1452
957
984
1325
1024
1312
1310
1310
1311
1310
1066
1311
1066
1311
1024
1310
1311
1311
1066
1310
1310
1310
1024
1024
1024
1026
1026
1026
1026
1024
1024
1058
1312
1170
1023
1026
1011
1023
1312
1315
1011
1312
1312
1026
1058
1011
1074
1066
1311
1312
1311
982
1311
1170
1311
1024
1011
1311
1311
1311
1311
1311
1311
1311
1311
1048
1272
1311
1311
1048
1311
1311
1311
1311
1311
1311
1039
1311
1048
1048
1272
1048
1026
1023
1011
1312
1026
1058
1170
1058
1026
982
1058
1026
1026
1016
984
982
1023
990
1323
982
1007
1011
982
1011
1011
1323
1323
982
982
983
1323
1011
1011
982
1011
1007
982
1009
1009
1009
1049
1006
982
982
1049
1009
1009
1049
982
982
1009
982
1006
1049
1009
1009
995
982
982
1011
990
1323
995
984
1323
995
995
1047
995
1047
995
1323
995
1047
995
1323
1047
995
1047
984
984
995
995
1299
988
995
995
983
1299
983
988
988
1300
983
1299
988
988
1047
995
993
984
1047
1047
1025
1025
1025
1025
1025
1025
1025
1025
1025
1025
1025
1025
1320
1320
1025
1320
1025
1025
1314
1025
1320
1320
1320
1320
1026
1025
1314
1320
1025
1025
1320
1320
966
990
984
1047
1032
1047
1032
1047
1078
1325
993
1047
1078
1063
1034
1026
1026
1026
1034
1462
1025
1025
1034
1078
1460
955
955
1462
1460
993
957
966
1025
1034
2608
2591
4292
100
92
48
92
580
528
1369
594
1561
1343
259
578
2300
1406
1407
591
2301
1485
798
1359
1486
250
250
1542
1562
2413
2412
452
1541
1483
1482
1541
923
899
678
1610
2419
668
267
2421
680
1395
2295
4104
1499
1760
1390
657
1758
1760
1395
1597
2452
1392
2295
1762
1599
318
318
2355
476
2462
1595
1395
1761
1395
2387
2449
2447
1404
2411
452
584
1537
478
788
1537
1535
800
2411
1409
2458
2458
3912
4122
1617
3912
773
735
1588
731
946
786
737
730
1419
735
776
1588
732
953
1424
1430
1435
1427
1433
1429
949
946
747
1433
722
727
1436
959
1439
1437
717
724
768
772
767
1436
1440
1441
954
1437
1447
1452
964
959
1447
1444
972
1447
972
954
954
954
965
965
1464
967
966
965
1449
824
2985
212
34
1547
1397
1761
1598
1759
525
2464
4992
1757
1757
1474
225
2355
1398
2355
2355
460
850
850
2257
2443
860
1561
2292
1368
2298
468
468
262
1391
1391
2295
2295
1640
1640
1639
2320
1500
3328
2321
2212
1754
2360
1501
840
1763
1756
1551
2262
255
1544
1559
478
1538
277
478
308
2245
2296
1478
1602
2356
590
230
1475
1473
1497
2296
1497
2296
1600
255
2164
1471
1547
2441
1556
1592
1544
2444
1559
2460
1545
1507
1554
4107
1507
2398
2352
2404
2405
470
1593
2391
2438
1570
2354
1575
514
4674
783
738
568
679
756
756
936
744
755
745
778
778
752
775
756
1589
1581
803
785
1583
1545
4807
4979
4988
4988
3328
2452
4101
4107
1402
2410
472
1603
531
668
668
864
864
864
668
593
1543
2262
2262
1541
2262
2603
2966
2527
2998
2781
2994
4126
3911
4122
3067
3912
3912
2988
4876
4876
3912
2226
1623
1624
1632
1633
2222
2362
708
826
827
2223
2303
1635
1635
1744
1745
1636
1768
1752
4988
835
4988
313
547
1645
2263
338
2192
2208
2785
322
1652
2311
1674
2193
1658
2264
1647
711
339
417
2310
603
603
495
656
310
2270
329
493
325
1653
378
389
382
1705
2213
2166
442
1700
2214
1702
389
1707
2254
381
438
1710
377
441
2286
439
422
2180
359
2198
357
2249
382
374
360
440
358
626
1697
1709
691
391
446
424
1697
557
443
1702
1698
1709
629
1694
1699
1695
649
650
4291
286
595
4772
2923
3079
607
297
315
1729
4749
488
1746
457
1741
1742
1743
2239
1747
1747
1747
4263
3020
538
4258
1769
1763
840
1767
1629
1764
1767
1755
1768
1640
2452
658
680
1393
1499
2168
2297
232
278
1762
4002
1639
1629
837
1764
1501
1755
2212
2184
2184
1767
4882
1634
1638
2515
2542
2611
2524
2510
2543
2509
2477
3336
4291
2701
2701
1717
1681
1713
1722
634
2273
637
1683
1719
1727
2288
426
2318
640
407
640
2317
2317
412
639
1727
693
2029
2045
2105
2100
1962
2064
2044
2044
2044
2064
2046
2045
2046
1962
1962
2064
2046
2045
2062
1962
2064
1962
2062
2028
2156
2064
2108
2108
2009
2155
2105
2030
2064
1962
2064
2044
2064
2065
2044
2045
2044
2065
2064
2046
1962
1962
1962
1962
1962
2064
2046
2045
2044
2065
1956
1962
2062
1962
1962
1962
2066
2060
2065
2062
2060
2064
2108
2009
2062
2155
2062
2062
2062
2336
2336
2009
2055
2106
2155
2054
2063
2046
2097
2044
2064
2044
1962
2064
2063
1962
2045
1962
2064
1962
2062
2097
2062
2010
2155
2045
2044
2046
1962
2064
2046
2046
1962
1962
1962
2064
2041
2063
2064
2064
2062
2097
2155
2097
2064
2060
2009
2103
558
1721
1685
1712
1727
400
1723
2273
635
1726
1718
399
692
559
388
1689
632
1720
405
405
409
2251
407
1953
560
405
1953
414
1711
403
1716
1956
1956
1951
1956
1957
1963
2072
2072
2011
1806
2154
2067
2066
2072
2331
2067
2021
2022
2020
2018
1939
1954
1951
1964
2068
1803
1957
2327
2011
1801
1803
1960
1960
1800
1799
1807
2323
1786
1802
1799
2323
1787
1949
1949
1785
1942
1949
1785
2289
2326
2326
2326
2326
1805
1954
1805
1804
1966
1965
1938
1939
1937
1937
1795
1805
1809
2153
1795
1809
2322
1794
1940
1950
1950
1783
2072
2072
2072
1959
2152
1800
1796
1807
1807
1807
1793
1942
1794
1794
1794
1952
1938
1952
1948
1792
1947
1940
2289
2289
408
1784
2251
1787
2337
2324
2069
2020
2018
2018
2020
2071
2018
1959
2151
1808
1808
2070
2070
2324
2324
1800
2151
2151
1798
2324
1809
1809
2324
1797
1798
1796
1941
1796
1941
1797
1941
1942
1794
1941
1794
2065
2154
2065
2331
2066
2060
2041
2336
2336
2333
2333
2330
2059
2020
2336
2336
2020
2112
2105
2112
2022
2005
2155
2155
1963
1956
1956
1956
1956
1961
1961
1961
2154
1961
2318
2318
693
428
1788
414
1953
1945
411
411
404
885
864
792
4866
616
2200
436
2190
596
596
661
710
681
2191
1663
549
550
548
547
2206
839
1664
449
316
2182
2190
2231
2178
2178
1393
1756
2186
2186
330
1737
1756
1393
2207
227
293
664
2188
300
335
2173
1649
615
2176
550
2177
1503
2187
1735
1394
2220
2220
838
1394
1755
301
2208
2208
2206
1755
227
1766
2200
2216
1474
1474
224
657
657
2216
2204
1759
487
490
649
319
319
1623
1632
3006
2230
4773
4773
2926
1734
1728
4749
4291
306
304
4252
1731
1632
2182
681
2240
2256
666
299
1596
309
2244
2253
434
2248
367
628
4796
2247
353
3081
3080
467
248
4794
4776
4794
3125
4776
2265
2308
2311
1673
2250
1706
4740
4749
4739
1762
1506
2268
608
2280
684
2281
687
2284
441
378
1697
3980
2298
2298
2290
1597
1396
2455
1638
1594
593
910
852
2302
1628
1634
835
1667
3086
3087
2246
611
1707
1710
380
2284
627
690
3079
3081
2304
1597
636
398
427
633
2314
1949
1943
1794
2326
1793
1794
1943
1794
1794
693
2964
532
2964
531
1410
1617
2169
1502
2189
2451
2344
2344
2185
2185
454
2168
2347
2347
2347
659
659
516
296
1469
2189
2355
2355
2464
1399
1472
2347
2347
2464
2464
840
840
1534
2408
527
4259
840
840
2190
1767
4137
1637
2614
1329
1
52
20
57
2365
829
92
829
169
169
169
100
137
99
240
2378
2378
2381
586
2414
2344
2381
2341
2440
222
2447
2243
2245
2245
2440
2414
1467
2245
1466
1537
452
452
2258
2258
2397
2451
586
450
806
225
327
1496
1496
1533
1548
515
511
4968
2408
1402
2410
2411
800
800
1537
1537
1541
668
1542
1477
224
2388
2299
247
247
277
1497
2296
1478
1600
1506
1554
1479
2353
2353
2979
4911
1478
587
2446
2449
2449
2450
221
587
2445
1759
1474
2451
1398
2215
4980
4002
4988
4987
2360
317
3065
2453
4105
3004
2362
4987
2717
4279
4259
2999
317
4865
4270
4270
3899
3899
4885
2561
2674
2606
2517
2466
2517
2542
2517
4899
2480
3299
2485
2554
2561
4885
4885
3304
2652
2652
3325
2490
2484
2501
2493
2484
2523
2579
2554
2523
2556
2562
2505
2489
2558
2599
2562
2558
2509
2646
2554
2484
2522
2579
2516
2482
2490
2554
2674
4887
2490
2490
2520
2523
2523
2484
2518
2749
2552
2531
2489
2560
3302
2517
2517
2466
2509
4884
2554
2554
2561
2566
2509
2566
2599
2599
2556
2549
4887
3325
2672
2672
2523
2555
2523
2573
2555
2579
2556
2522
3325
2579
2491
2579
2511
2511
2672
2637
4900
2492
3300
2608
2665
2608
2482
2521
2552
2480
2542
2517
2509
2509
2560
2511
2489
2482
2489
2517
2516
2566
2552
2571
2566
2517
2517
2492
2531
2531
4285
2560
2491
2579
2511
2522
2487
3968
3325
2554
2562
2556
2509
2557
2557
2613
2518
3968
2611
2965
2517
2517
2517
2466
2566
2669
2606
2606
2566
4285
2633
2549
2549
2556
2556
2556
2556
2556
2556
2634
2559
2556
2549
2549
3325
2633
2637
2672
2672
2634
2672
3325
2672
2556
2556
2556
2556
2634
2634
2559
2559
2559
2556
2556
2672
2556
2633
2556
2672
2672
2633
2672
2633
2637
2556
2637
2556
2556
2637
2637
2637
2549
2556
2633
2556
2556
2637
2705
4871
4873
4967
2730
3064
2683
3893
3892
4976
3834
3352
3901
3139
4903
2692
4904
4922
4922
2703
2702
3905
4939
2918
2918
4702
2967
3911
4940
4922
4904
2680
3969
2677
2702
3904
4965
2721
4275
4000
4037
3977
2739
4106
4046
3999
3288
3288
3288
2710
4951
4930
2989
3841
4000
4265
4077
4129
4131
2716
2682
2744
2512
4275
2754
4142
4265
2757
4680
2759
4697
2750
4262
2995
3145
3164
4251
3193
4815
4795
3194
2772
2757
2791
4704
3195
4693
4683
4693
2779
4694
4701
4701
2692
3898
4904
2742
2961
3007
2961
2744
4265
3139
2790
2790
2798
4170
4167
3023
4717
2774
2758
2776
2804
2804
4180
4162
2807
3094
4162
2806
4186
4161
3168
3135
2899
2899
3100
2898
3100
3024
3096
4183
4163
3166
4172
4722
2811
2899
2811
3102
3168
2826
4715
4715
2828
2900
4769
3134
3133
3097
3169
2831
4764
2830
2997
2829
2819
2996
2910
3028
4802
2818
4765
3030
4803
4770
2903
2839
2840
4205
4835
4790
2854
4204
4191
4192
2891
4833
4197
4197
4790
4199
4201
4189
3112
2859
4793
4740
4170
4684
4148
4171
4691
4691
4692
4686
3031
4193
3033
4247
3143
4250
2824
2811
4763
2813
4171
4689
2996
3134
3169
3026
4688
2834
4714
2818
2838
2816
2815
2792
4004
4940
4728
3274
3978
4039
4947
4947
3905
3898
3898
3898
3898
4697
3130
3076
4244
4244
3163
3081
4269
3343
4859
2953
3146
4141
4106
2682
4256
3979
4934
3426
2942
4134
4275
2756
4274
3897
3999
3997
3141
3143
4236
3164
2814
2959
2962
4751
4242
4859
2947
4044
2708
2708
3997
2681
2681
2693
4871
2986
3969
3342
3186
2705
3971
3881
2984
4929
4733
4245
2810
2809
4270
4876
4876
3899
2987
4867
2779
3387
4680
3905
4945
4904
4904
4904
3898
4934
2692
2692
4922
3006
3125
2932
3125
2930
3018
3014
3180
2880
2880
4681
4698
4699
4148
4148
4689
3096
4688
4688
4692
2835
4678
4209
3107
3838
3855
3227
3243
3045
2685
3401
4939
3001
3883
3846
3415
4937
2946
3068
2916
3064
2683
2683
2683
2702
3341
4940
3892
3892
3892
3398
2940
4054
3396
4128
4267
4690
4683
4703
3144
4250
3082
3085
3085
3010
3075
4265
4158
4179
4180
4162
4161
4156
4708
2958
4165
3094
4831
3095
2825
2832
3103
4801
2835
3172
3104
4214
2842
2846
2844
2860
4206
2856
3108
2914
4212
2911
2860
3173
4742
2932
3016
3019
4733
3128
4719
3130
2778
4183
2812
2825
2915
4184
2788
4272
4005
2756
4823
2920
4700
4716
4700
4734
4745
4043
2711
4043
3151
3001
3190
2686
3837
3151
2779
2750
4753
4730
4731
4824
4168
4169
2797
3024
3026
3169
2908
2841
2852
4187
4793
4793
4793
4252
2880
4291
2993
3288
3150
3063
2919
3380
2761
3194
4681
3849
4939
4926
3907
4116
3941
3247
3924
4090
3206
3439
3266
3255
3933
3914
3441
3205
3205
3212
3217
3215
3434
3269
4093
4087
4085
3264
3260
3223
4086
4085
3265
2992
3223
3229
2734
3242
3837
3244
3254
3233
3937
3220
4083
4082
3220
3239
3045
3430
3239
3430
3931
3442
3248
3933
3248
3428
3245
4080
3224
3226
3930
3931
3210
3292
3440
3854
3250
3428
3264
3428
3242
2734
3291
3229
4090
3270
4089
3225
3259
4083
4091
3974
4728
4728
4728
2946
3150
3284
3048
2684
4043
2711
4043
3221
3223
2789
2556
2556
3968
4888
2672
2501
2672
2609
4867
2779
4980
2556
2633
2637
4888
3325
3967
2716
4077
4078
3126
2556
2556
2556
2672
2559
2556
2549
2556
2556
4991
4131
3329
3329
3074
2760
3077
3332
2517
3301
3301
2531
2485
2485
2466
3186
3981
4808
3403
4077
2940
3348
3409
3344
4010
3401
4074
4044
2711
4044
4045
2711
2708
4046
3288
3150
3150
2708
2708
2721
4044
2708
2918
2977
3383
3368
3365
3383
2918
3386
3350
4939
2919
4939
2918
3288
3288
2711
3150
3396
4071
3416
4046
3355
4055
4809
4034
3386
3409
2977
3408
4932
3410
3383
2696
3150
3150
2708
2721
2721
3835
2934
3430
3430
3848
3859
3859
2552
2552
4082
4083
3237
3437
3918
3272
3438
3913
3213
3915
3269
3936
3450
3459
3451
3940
3455
3235
3255
3453
3936
3208
3459
3943
3253
3253
3941
3937
3945
3246
3460
3235
3939
3957
3957
3529
3529
3445
3446
3446
3957
3965
3463
3445
3522
3959
3957
3446
3946
3529
3965
3957
3951
3963
3947
3947
3456
3446
3529
3529
3520
3556
3524
3960
3460
3957
3529
3520
3520
3521
3524
3457
3454
3456
3511
3964
3964
3527
3529
3964
3458
3456
3955
3445
3558
3521
3521
3956
3955
3946
3956
3450
3445
3950
3450
3450
3461
3953
3462
3521
3957
3963
3520
3520
3520
3520
3956
3822
3445
3445
3450
3558
3958
3556
3959
3556
3449
3558
3519
3558
3529
3955
3529
3959
3558
3461
3957
3460
3965
3957
3520
3449
3529
3529
3569
3520
3951
3957
3955
3558
3559
3935
3558
3556
3556
3569
3558
3558
3768
3767
3569
3767
3768
3569
3767
3767
3776
3569
3558
3569
3569
3569
3569
3569
3776
3767
3776
3520
3822
3520
3520
3520
3520
3822
3822
3537
3822
3822
3522
3556
3518
3556
3518
3518
3808
3808
3822
3822
3518
3519
3822
3518
3518
3553
3808
3524
3520
3520
3808
3519
3791
3808
3808
3808
3808
3808
3808
3808
3808
3808
3808
3808
3808
3518
3812
3812
3466
3808
3806
3473
3822
3518
3822
3822
3822
3518
3822
3556
3822
3520
3520
3528
3955
3509
3510
3556
3509
3510
3509
3510
3509
3510
3556
3556
3510
3509
3509
3509
3509
3509
3556
3791
3556
3510
3508
3508
3812
3791
3791
3494
3791
3536
3493
3791
3791
3509
3508
3791
3509
3508
3508
3494
3504
3504
3556
3468
3556
3556
3556
3468
3556
3556
3556
3511
3559
3821
3527
3510
3821
3958
3821
3821
3511
3527
3821
3821
3821
3821
3821
3821
3527
3821
3527
3821
3485
3485
3559
3484
3509
3484
3820
3485
3485
3509
3509
3471
3485
3472
3509
3821
3485
3485
3484
3484
3484
3484
3509
3511
3559
3511
3961
3511
3527
3821
3957
3957
3957
3529
3957
3957
3445
3957
3957
3957
3529
3957
3957
3957
3957
3957
3520
3529
3957
3957
3529
3957
3529
3520
3957
3520
3529
3957
3529
3957
3957
3468
3528
3449
3511
3959
3961
3959
3454
3449
3457
3449
3449
3961
3958
3454
3963
3529
3529
3957
3957
3957
3957
3445
3963
3955
3446
3446
3446
3446
3457
3457
3954
3463
3946
3957
3957
2566
2678
2672
2559
2556
2556
2599
3876
3868
3050
3836
3838
3252
3042
3858
3853
3832
3884
3045
3267
3849
3855
3041
3049
3871
4014
3282
3057
3884
4044
3883
3884
3160
4948
3850
2934
4694
4823
2756
2740
4270
4272
3089
4005
2944
4815
4271
3895
4813
4922
4978
4978
4271
4694
2927
2944
2944
3902
2691
4935
4945
4945
4042
4040
2690
4039
3909
3910
4878
3911
3911
4876
3911
3911
3921
3290
3217
3216
4088
3273
4091
3220
3260
3222
3290
3219
3444
3211
3926
3441
3930
3929
3244
3439
3442
3248
3929
3234
3916
3915
3941
3927
3925
3210
3254
3932
3246
3931
3291
3933
3930
3931
3207
3925
3235
3208
3942
3943
3943
3941
3235
3940
3944
3209
3203
3462
3235
3235
3460
3949
3949
3950
3947
3936
3253
3460
2682
3972
3972
3972
2705
4875
4271
4274
4273
3894
4864
4701
4864
4274
2944
3976
3976
4922
4978
4922
2927
2938
4808
3404
4012
4812
3985
3986
3849
3056
4046
4046
2770
3975
3975
4273
4273
4273
4823
4001
4134
4264
4134
4268
4881
4134
4697
4134
4724
4006
3979
4008
4962
4923
4050
4040
2946
2945
2945
2739
3998
3998
4048
4965
4759
3981
2789
3974
3901
3900
3977
3999
3975
2770
3975
2770
3979
4049
3981
4877
3973
2941
4819
3349
3988
4819
4818
4098
3348
4923
4923
4035
2709
4059
3424
4933
4069
4820
4061
4067
4073
4071
4075
3342
4052
4866
3242
3430
3238
4085
3264
3230
3431
3238
4085
3239
4084
4085
3428
4081
4082
3237
4036
4049
4103
4002
4102
4269
4064
3903
4109
3910
4109
2727
3275
4949
4947
3150
2711
3150
3150
4949
4949
2711
3303
2593
2749
2486
3334
3004
2701
3066
3911
3912
2982
4876
4876
3969
4876
4876
2943
4254
4132
4135
4139
4140
4130
4280
2755
3192
4736
4255
2754
2754
2769
4256
4144
4815
4815
2798
4721
4170
3023
2776
2774
4155
4706
2783
4157
3137
2773
4830
4182
4182
3021
4684
4682
4147
2793
2776
4167
2771
4185
4762
4789
2773
2959
4184
4185
4686
4217
2905
2845
2848
2903
2836
4675
4676
4677
3172
2842
4770
2846
2905
4208
4710
3029
2906
2817
2823
4713
4710
2997
2996
2837
2831
4685
3098
2887
4204
4203
2890
4833
2844
2847
2912
4215
4209
4215
4209
4206
4216
2853
4213
4211
4207
4804
4236
3006
3088
4241
4250
4251
4241
2750
4756
4723
4242
2895
4732
4741
4839
4754
4883
2778
4237
4238
4237
3013
3014
4257
4840
4134
4268
4882
4280
4266
4275
4264
2756
4003
4867
4702
4005
4679
2788
4265
4145
4004
4139
4131
3329
4267
4276
3330
4696
4278
4991
4255
2481
2564
2542
2611
2522
2520
2987
2603
2486
3311
4291
4252
4102
2892
3174
4230
4231
4792
4234
4224
4223
3113
2863
4220
2893
4837
4837
4767
4836
4836
3118
4227
4227
4235
2861
4491
4599
4599
4539
4539
4551
4604
4604
4589
4589
4493
4498
4498
4589
4589
4493
4589
4592
4498
4600
4602
4602
4599
4599
4599
4599
4600
4599
4599
4599
4599
4599
4491
4551
4549
4552
4551
4550
4604
4604
4493
4604
4498
4603
4604
4589
4604
4550
4498
4604
4589
4552
4498
4604
4604
4602
4603
4604
4602
4604
4593
4602
4602
4603
4602
4593
4599
4599
4599
4600
4599
4599
4600
4599
4600
4612
4609
4613
4599
4599
4599
4599
4599
4617
4491
4599
4550
4539
4589
4589
4589
4498
4591
4498
4498
4591
4602
4593
4602
4600
4599
4599
4599
4539
4549
4493
4552
4552
4552
4591
4591
4497
4506
4604
4589
4500
4602
4635
4600
4593
4599
4599
4600
4602
4599
4607
4599
4228
4196
2866
4223
2891
4806
4231
4836
4233
4234
2857
4194
4188
4225
3034
4229
2850
3114
3121
2868
2868
4218
2872
3175
3120
2869
2869
2878
4479
2877
2876
2867
4476
4551
4476
4520
4520
4520
4520
4522
4567
4553
4553
4665
4553
4615
4570
4554
4852
4855
4571
4617
4476
4453
4671
4670
4670
4522
4567
4526
4526
4528
4528
4528
4585
4528
4842
4304
4842
4528
4847
4843
4842
4845
4304
4304
4455
4463
4463
4296
4295
4296
4295
4846
4305
4841
4316
4316
4316
4670
4480
4453
4316
4465
4451
4464
4316
4451
4553
4316
4451
4294
4307
4307
4841
4303
4303
4303
4526
4526
4585
4662
4662
4842
4311
4317
4317
4318
4305
4305
4305
4307
4294
4479
4452
4466
3120
4461
4454
2870
4296
3175
3122
3175
4456
4298
4663
4850
4850
4555
4571
4570
4570
4570
4526
4531
4533
4534
4555
4534
4320
4585
4531
4533
4582
4659
4659
4307
4857
4582
4662
4662
4662
4317
4317
4307
4317
4455
4305
4317
4455
4553
4553
4610
4610
4603
4574
4609
4574
4603
4618
4574
4612
4609
4618
4617
4855
4617
4617
4617
4623
4615
4515
4516
4599
4520
4599
4599
4541
4551
4551
4551
4546
4553
4558
3175
3175
2870
2861
2894
4479
4479
4670
4843
4843
2873
4460
2876
3288
2743
4709
2827
2897
4680
2703
2703
4695
2764
3162
3162
2775
4708
4708
3096
4156
4707
2760
4699
2808
4708
3162
3138
4757
4703
3331
3138
4268
2763
4721
4734
4277
3138
4725
2788
4267
4718
3127
2933
4706
2799
4722
2824
3099
4709
4715
2808
4722
4240
3089
2995
3074
3330
4003
2762
2762
4164
4240
4267
4277
2897
2827
4720
4729
3893
3893
4272
4720
3894
3129
4246
3088
4733
4252
4735
1781
4291
4741
4250
4250
4745
4756
2931
4751
4751
4746
4252
4127
2769
4719
4723
2479
4774
4760
4814
4760
3093
3101
3101
4769
4764
3109
4250
4765
2816
3081
4774
4814
2770
3078
2777
2940
4775
3011
2777
2882
2795
4181
2843
4213
2913
4740
2931
4146
4780
2794
4798
2885
3167
2901
2901
2887
2907
2889
2855
4906
4816
4031
2726
4145
4813
4280
2940
2940
4759
3987
3984
4063
4133
4822
4004
3022
2802
3085
2802
4180
4214
4208
4765
2888
4198
3110
4805
4751
4840
4145
3117
4221
2862
3115
2855
4304
4845
4463
4846
4318
4317
4307
3122
4317
4317
2861
4751
4742
4878
4878
4912
4697
4701
4701
4922
4922
4922
4697
2921
4679
4904
2692
4904
3130
3131
2704
3332
4931
3413
3138
3898
4978
3898
4875
2692
3898
4978
3898
4266
4268
3982
4878
4257
3165
3165
4266
4679
4278
4755
2561
3325
3325
3325
4887
4888
2556
2637
2637
2633
2633
2637
2556
2637
2556
2672
2672
2672
2672
4861
2691
2683
4940
4967
2702
4922
4922
2692
4902
4902
3997
4940
4728
4906
4073
3063
3002
2708
2708
4728
4728
3893
2916
3348
3976
4728
4043
4970
4966
3402
3344
4933
4934
4971
4108
3286
3909
4040
2711
3063
4041
4729
4729
4808
3997
4040
3068
3069
2945
3977
2739
2739
3998
3998
4775
4065
4097
4963
4977
3062
2699
4934
4047
4047
4971
2691
4974
3903
4975
4976
4874
3894
2683
2683
2683
4980
4002
4980
2759
3161
4980
4979
4980
3004
3004
2459
4987
4986
3163
4270
4867
3140
4143
2780
2780
4864
4876
2336
1956
2336
2155
4600
