22
23
79
15
15
15
15
15
79
15
79
16
16
22
22
79
51
23
22
22
24
51
51
24
24
27
24
22
24
24
27
27
24
24
59
24
27
15
79
22
22
46
27
22
22
22
23
23
22
22
22
24
24
24
27
79
15
51
24
24
46
15
15
15
15
15
23
79
23
79
15
15
23
24
24
24
24
22
24
24
24
27
46
46
27
24
24
46
22
27
24
24
27
46
46
51
23
79
15
15
51
15
22
112
15
1
15
15
15
15
46
46
58
15
27
15
15
15
15
15
15
15
79
51
24
22
46
27
24
27
46
46
46
105
58
22
24
24
15
46
51
1
23
54
46
162
15
15
15
15
22
23
15
23
15
46
24
24
24
24
24
24
24
24
24
24
24
24
24
51
24
51
51
51
24
24
24
24
24
24
24
24
24
24
24
24
24
24
24
24
24
24
24
24
24
24
24
24
24
24
24
24
24
24
24
51
24
24
105
53
234
2414
2428
1510
501
1348
524
2437
1502
2468
1471
453
1393
233
2447
243
870
2252
881
881
230
1393
230
154
154
2468
2450
2414
2318
2457
1475
2430
2430
822
2318
1484
1579
2194
2194
2194
861
854
214
1483
1348
905
2303
1486
1468
318
652
31
54
93
58
2341
1725
1726
1384
583
1723
2385
309
1493
2279
2407
311
2239
489
653
3079
2486
1385
1517
814
280
1607
1599
276
2280
2280
2265
2218
1753
1743
2385
574
239
1581
1581
1581
835
541
670
813
2225
1469
784
573
272
584
702
416
531
594
2346
2282
2241
1599
2263
2263
2260
539
2264
469
304
2228
303
2348
1652
1629
1642
341
2287
1640
1627
1641
2344
324
1622
1619
321
1643
418
544
1626
1649
1631
331
1622
543
417
1638
341
2287
2211
545
674
362
362
435
646
2238
607
604
2211
2198
1679
2321
491
646
371
2323
438
369
2207
2214
366
679
613
379
385
1679
445
615
2326
2325
2325
617
1669
2311
445
1670
445
615
670
2258
2314
2305
2300
1645
2308
1622
2344
2319
363
443
424
1675
679
1710
642
543
1619
1650
331
598
323
2221
1627
1651
2344
2344
605
547
2213
432
361
361
343
305
1486
2448
2448
1391
566
239
2381
1394
1394
1376
2218
2400
487
489
2267
3078
1579
94
4267
2379
1711
317
1609
299
2423
824
1527
1507
858
1600
1602
1470
269
1515
2456
259
2430
1484
2318
2267
1713
2390
458
830
1630
814
813
814
4267
2267
88
1483
881
881
881
1483
881
1483
893
154
163
21
139
2423
52
1350
1351
848
1751
238
2206
310
1394
1593
319
1472
1472
1379
875
871
1389
1394
1394
1394
2388
2468
1393
1722
4267
670
1722
1722
2263
1711
700
1608
813
670
3190
670
2274
636
2302
329
1624
323
324
1622
325
356
674
422
1678
552
1675
1370
662
864
911
1533
265
1358
565
867
868
1366
1582
571
2426
857
2447
1390
453
453
453
154
52
2448
1504
571
884
885
1746
270
233
1753
2224
2224
1713
487
487
885
2277
541
670
1494
481
684
701
470
2268
1636
1636
324
2219
1650
1646
600
1631
341
355
611
352
351
342
374
344
439
380
1678
1668
1676
1687
1685
444
444
1686
680
617
1722
4267
3190
3190
3190
828
829
585
830
2218
2206
2309
332
1623
1731
2427
794
256
481
846
2406
1709
1720
641
2242
273
2278
881
1483
881
1499
865
875
705
1351
565
1386
2248
670
458
2390
315
1644
599
2307
1642
673
2320
677
2323
384
3161
670
670
3190
670
91
880
878
698
698
4783
2407
297
1721
1523
877
876
706
2194
712
712
1415
726
724
771
1559
713
1419
1420
779
921
725
746
1548
734
735
1552
772
1361
908
774
732
769
907
788
514
1360
476
265
1347
513
1360
906
1418
922
719
562
752
751
667
751
704
267
1480
476
728
737
1399
1400
745
559
908
663
558
758
1401
1418
570
906
723
1360
780
563
471
1347
1409
1409
563
732
777
667
1359
781
752
2453
453
1393
696
707
1585
662
2449
881
878
560
760
1355
1501
24
24
54
24
24
24
24
24
1379
1743
24
24
24
24
24
31
58
58
1608
24
24
24
24
24
24
24
24
1770
1388
1381
2225
1380
284
244
1738
805
105
145
23
79
15
2445
200
236
1543
1518
845
894
851
1477
524
707
881
707
1483
878
1483
1499
884
880
2194
2194
707
1483
1483
1483
1483
1483
881
1483
1483
2318
697
899
867
867
868
867
872
868
894
868
876
867
867
2194
867
2194
707
707
881
883
1529
851
852
1537
1564
1534
892
893
866
866
153
898
866
866
1483
884
1483
884
1483
905
907
476
471
1482
911
1356
79
79
908
561
1362
1551
782
735
1405
773
727
1548
1548
1553
942
1452
1446
1443
948
1432
1440
1431
1451
1445
1067
1446
950
1445
1444
763
1425
715
1426
1443
756
1002
1000
1000
1001
1334
1000
1019
1041
996
1000
1000
934
934
1041
1019
1000
975
1000
934
1002
934
932
1019
1000
975
996
996
996
1334
960
1000
1336
1334
996
1053
1334
960
956
1333
1334
1334
996
1334
1334
1001
1053
996
1019
1336
996
996
996
1019
1019
1019
1019
1019
1000
1452
1457
1446
1444
934
1457
996
1000
975
1000
955
996
1002
1002
996
1000
996
932
996
996
996
956
1334
996
996
996
996
996
996
1452
1053
939
934
1053
1336
996
1334
996
996
1057
1458
1458
1000
956
1334
711
932
1019
996
996
997
1057
997
990
996
996
997
1057
997
990
996
996
996
996
997
997
996
996
996
996
996
996
996
996
955
996
996
997
996
996
996
997
983
997
963
997
997
997
996
963
983
997
963
983
997
996
997
996
997
963
963
997
997
1238
963
997
997
963
1238
997
997
1238
1238
1238
997
997
1225
963
997
1238
997
1227
1238
997
996
1333
996
996
996
1334
996
996
996
996
996
996
996
1001
1334
1334
996
1334
997
983
1334
983
1334
1333
1333
983
983
983
983
983
1333
983
1334
997
1225
983
1225
1225
983
983
1225
1225
963
1225
1225
1225
983
983
983
983
1225
983
983
996
1333
1333
983
1334
1334
1333
1334
1334
1333
1334
1334
1333
1334
1334
1333
1334
1334
1333
1333
1334
1334
1334
1334
1334
983
1333
983
983
983
983
983
983
1333
983
1334
1334
983
983
983
1334
1334
1333
1333
1334
1334
1000
1000
1000
1337
1000
1000
1000
1000
1000
1337
1000
995
995
1000
1000
1000
1447
1020
1000
995
1000
995
1000
1000
1000
1000
1000
1000
1000
1000
995
1333
1333
1334
1333
1333
1333
960
956
1333
975
1334
1333
1333
956
956
1002
1000
1000
1000
1000
1000
1000
1000
1000
1002
975
975
1019
1041
1053
1053
1053
934
934
1002
1000
15
107
24
24
24
24
1348
1371
1350
1370
1496
1368
864
581
858
1582
265
1496
2338
1364
906
1522
498
905
884
565
1583
858
1369
881
881
1371
787
263
263
901
1472
1516
1498
1527
1486
238
2389
794
794
1513
1514
475
2455
2336
1515
846
453
2428
2428
526
1566
260
2454
2388
501
231
454
2434
2465
234
2425
2425
1389
1389
1559
727
1548
1555
1550
748
744
747
773
771
727
761
916
730
1402
760
1396
714
917
922
1558
741
746
1402
1561
792
1412
755
768
926
1416
720
1415
793
1420
1409
1419
942
1424
1431
1067
950
1432
1420
1426
1433
948
756
715
938
1439
1446
1443
934
1444
1445
1439
942
1445
1050
808
163
179
2439
1503
2303
1517
573
239
319
260
2454
789
789
453
453
453
1544
1542
1537
883
885
1496
1533
1526
884
1499
1499
2318
2457
1528
2336
2336
2336
2299
846
2299
1487
462
579
522
1469
1376
233
233
2332
2452
2330
1477
454
456
2437
483
259
1484
1506
2463
2432
1542
1392
483
572
259
1506
2452
1474
820
888
882
1477
2330
1477
255
845
2330
1474
842
1529
894
848
851
883
848
848
852
1536
799
96
766
734
562
749
667
751
514
1363
558
780
561
777
749
736
558
753
767
845
254
1578
1568
1579
1579
1519
2467
2467
2434
2447
707
707
707
2194
707
707
707
707
901
881
165
14
1
2425
107
108
1389
107
2446
2461
1593
1394
2446
825
253
1610
480
1378
1615
1383
1614
474
1614
1756
1736
2358
1724
1724
1749
1741
1742
1387
2285
656
2217
587
687
531
2261
2260
639
304
538
1730
492
1598
477
518
2226
467
2271
2314
484
467
533
536
692
2275
2275
1612
2284
279
328
1715
320
815
495
350
441
347
2197
2235
365
422
549
551
2208
373
612
367
2291
348
2324
2237
364
363
491
2238
674
437
648
2209
604
2236
346
361
436
606
675
1680
1680
383
679
376
2250
2199
423
423
424
2251
614
1685
450
2352
444
2250
2353
586
830
4267
1494
487
487
487
1492
2248
2205
586
4267
458
487
3161
479
1616
281
458
458
830
2482
831
1608
814
653
1470
1467
668
1469
2201
651
1516
2299
1527
310
2427
1514
1513
482
2427
1512
1498
258
475
1572
1744
1467
1746
2240
651
244
2201
457
1571
2333
1758
58
15
114
112
15
15
1758
1
1722
44
106
1662
2326
1702
1666
1704
1663
1663
1663
387
1656
1672
2327
2327
681
1702
1704
629
628
1699
1691
1702
624
2327
2050
2083
2187
2064
2064
2063
2063
2065
2050
2086
2086
2083
2047
2086
2046
2116
2086
2083
2083
2086
2013
2084
2084
2187
1974
2187
2187
2187
2191
2191
2187
2050
2064
1973
2057
2085
1973
2052
2063
2047
2050
2065
2107
2116
2046
1974
1974
2046
2046
2050
2086
2116
2046
2116
2083
1974
2086
2083
1974
2086
2082
2116
2013
2045
2013
2013
2084
2013
2187
1964
2045
1973
2013
2126
2013
2192
2022
2191
2187
2022
2126
2083
2056
2187
2050
2064
2052
2050
2046
2065
2086
2047
2084
2084
2083
2187
2187
2022
2191
2052
2057
2063
1996
2086
2065
2100
2083
1974
2086
2046
2058
2083
2116
2086
2084
2083
2187
2187
1974
2187
2191
2126
425
554
555
2351
681
1656
1704
1670
627
616
1655
388
388
1662
556
1663
1698
427
1699
1697
2355
1704
632
626
427
426
429
1699
555
1663
1786
1965
1946
1946
1962
1965
2188
1964
1796
2185
1798
2059
2133
2188
2188
2081
2081
2133
2133
2126
2025
2133
1797
1961
1961
1947
1961
1976
1796
1796
1779
1779
2361
2096
2361
1795
2361
1776
2366
1776
1776
1776
1776
2364
1775
1959
1959
405
1959
1959
404
2365
404
1800
1800
1786
2183
1786
631
631
1958
428
1773
1957
1785
1801
1785
2062
2377
2377
2360
1774
2360
2360
2360
1949
1796
2374
2366
2096
2096
2366
2366
2181
1790
2181
2181
1800
1800
2092
557
1949
402
1960
403
682
404
624
404
405
404
405
1952
2061
2080
2372
2080
2133
2136
2133
2096
2131
2096
2096
2039
2078
2079
2039
2080
2039
2039
2096
2096
2036
1970
2039
2090
1789
2035
2092
2036
2096
2181
1970
2181
2092
2092
2181
2181
2181
2181
2058
2087
2081
2058
2082
2126
2123
2058
2126
2126
2126
2082
2126
2126
2126
2126
2126
2085
2133
2126
2189
2022
2188
2191
2191
1967
1967
1965
1967
1974
1965
1973
1973
2085
624
624
624
2356
2328
402
557
557
1955
1692
1699
2194
2194
102
1640
546
545
2427
2252
2397
2255
655
430
1753
2223
587
417
1638
418
1636
1753
284
1637
417
1753
2249
2469
2215
1738
284
794
2252
2273
703
286
244
574
2200
2427
250
2247
2247
1716
291
2203
544
543
1640
1640
417
2450
1639
2249
2249
237
311
240
1511
2253
2257
658
658
2244
2253
1471
240
545
419
1510
2428
1510
1510
237
643
458
307
827
1752
670
1606
1722
3161
826
2267
2267
2267
826
2205
306
4267
1722
1722
487
487
3161
1737
474
2243
2249
286
1610
2378
1609
1517
2340
1601
602
2349
340
609
354
620
600
647
3078
2778
1723
1543
2459
2276
4267
1506
1722
2275
413
686
685
478
1648
2290
1684
4267
1722
1722
1498
2267
595
1630
599
597
2343
673
2320
676
2322
1688
1547
1499
1564
1529
1473
1532
1532
2458
2439
2331
1478
2342
1611
2335
2285
312
2277
689
537
2284
374
678
2289
2288
675
1668
2353
2267
2359
475
1489
618
1702
1708
1666
2355
1790
1775
1800
2365
2181
2092
405
2092
2181
1708
4267
4267
2267
1711
2396
2468
822
245
2428
1393
1581
1393
2405
2443
2468
1581
1581
2218
2406
222
2405
500
2381
2381
239
200
2381
2381
1581
2397
175
234
2406
285
653
574
2384
1755
22
23
22
24
24
24
24
24
24
24
24
24
24
24
24
24
500
453
1393
2447
1393
1393
2468
500
881
1483
2318
1393
2423
1484
2318
242
2426
881
1391
453
2448
789
789
879
236
2460
848
236
2445
241
2467
2434
2434
879
1510
1537
2436
2449
2437
2437
483
1506
1506
2462
845
236
2465
229
246
1499
2466
500
501
2464
2467
789
2428
2428
5000
1567
2480
4997
5000
246
2481
2484
246
2425
2476
2399
805
3010
2487
2487
1493
526
319
319
1758
4264
4264
4264
15
49
4264
49
126
1
4264
1
137
1758
1758
4264
2534
137
137
137
137
2597
2597
2597
112
4260
114
4264
4260
4260
4260
1762
3
1762
4260
46
46
1758
4264
137
1758
112
114
114
1758
1758
137
137
137
2597
2597
1758
4260
4260
1762
126
128
4264
2597
1762
46
46
126
15
4264
15
1758
1758
4264
4264
4264
4264
1758
4264
4260
4260
2597
2597
2597
137
2597
137
4260
4260
1762
46
4260
4260
114
114
137
4260
4260
114
114
114
2597
137
1758
2613
1341
15
1758
1758
1762
15
4264
119
4264
4264
1758
114
114
46
1758
15
15
1758
4264
1758
4264
4264
4264
15
4264
137
1762
1758
114
114
4260
114
114
1762
82
46
137
4260
4260
137
46
2597
126
137
3831
46
82
46
4264
1758
15
4264
4264
4264
4264
4264
46
114
2597
2597
2597
2597
2597
2597
2597
4260
4260
2597
2597
2597
2597
2597
137
2597
137
137
2597
4260
2597
2597
4260
4260
2597
4260
4260
2597
4260
4260
4260
2597
2597
4260
4260
4260
2597
2597
2597
2597
2597
2597
2597
2597
2597
2597
2597
2597
4260
137
2597
2597
2599
2591
4972
2513
4946
4076
3995
3058
3284
2970
3320
3882
4076
4910
4083
2989
2639
4756
4972
4076
2473
1591
13
839
2716
2759
2960
2968
3998
3302
4943
2546
3272
3378
4947
3343
4955
3377
3371
2544
3340
3865
2971
3070
2968
114
4239
2757
114
2532
2764
2625
94
4107
2780
2756
3007
4092
3872
3869
3987
2800
3303
4760
4742
4785
3079
2974
3877
4023
3192
4106
2769
2964
3148
2775
3193
4725
4251
3869
2793
4893
3887
3887
4086
4958
3985
4233
3027
3161
2800
2801
4965
3832
3150
3149
4729
4117
2901
4744
2773
2965
4771
2954
2796
4147
4126
4744
4730
4731
4119
2786
4730
2785
3092
4128
3092
4128
2816
4127
2816
3091
3091
3090
4137
4825
4825
3166
4825
4146
4130
2810
2810
2810
2810
4732
4732
2804
2804
2807
2902
4115
4731
4129
2817
2817
3092
4136
2901
4113
2787
4120
2810
2810
2810
2810
4129
4146
4146
4146
4130
4146
4146
2823
4825
3166
4825
2902
2902
4114
4115
4130
4732
4723
4114
4712
2838
4825
4825
4825
4825
4146
2817
4146
4825
4130
2810
2817
4130
4732
2810
4121
4732
3098
4121
4712
3009
2905
4826
4826
4826
4825
3166
4825
4825
2824
2824
2819
4130
2837
4855
4142
4142
2835
2835
3098
4734
4735
2844
2823
2831
2831
2863
2831
2861
3169
2843
2850
4792
2840
2851
2923
2923
2859
2859
3161
2258
2258
2788
4131
4133
4133
2903
2903
2903
2838
4826
4826
4827
4827
3103
2844
2925
3163
3078
2804
4114
4120
4120
4130
2817
2817
4146
2823
4142
2823
4143
4133
4706
3032
4723
4723
4732
4825
4825
2808
2903
3035
4741
4733
4749
2818
4129
4130
2817
2817
4130
2817
4146
3092
3092
4127
3092
4722
3979
4959
4977
4978
3358
2989
2478
2478
4086
4914
4237
4237
2977
2975
2975
3078
4994
2626
1722
4211
4209
4761
4846
4786
2513
4099
3999
247
4016
4091
4769
2756
4006
4968
3998
3152
4837
3992
4212
3133
2824
4136
4233
3127
4231
4267
4267
3078
3977
3347
3347
3347
3347
3347
3992
3977
3378
2639
2550
2562
2549
4082
915
150
2530
2599
115
3840
2532
4922
8
4214
3964
2804
4090
1593
1593
1593
4904
3963
3963
3154
2717
4958
2478
2478
247
4958
4910
4267
3970
2258
4780
1722
4211
4821
2772
3127
3182
3161
3161
4778
3030
3032
3032
3032
4135
4135
2903
2903
2903
2838
2838
2838
4827
2920
4828
4828
2925
3973
2985
3860
3857
4013
3276
3856
3386
3329
3057
2751
3373
4937
2939
4944
2727
3887
4076
2720
4255
4979
3996
3978
4024
4835
3158
3142
4249
4725
4726
4721
4771
2975
3079
3057
3181
3027
3178
3072
4236
4140
4123
2783
4141
2811
2803
2768
3090
2787
4113
4135
4115
4825
4825
4146
4731
4731
2786
2817
4855
4855
4127
4127
4142
4142
4142
4125
4125
4825
2823
4825
4825
4825
2822
4146
4825
4825
4825
2823
2823
4825
4143
4143
4146
2920
3037
4855
4855
4855
4127
4855
4127
2816
2817
2817
2817
3136
2830
2849
3100
4792
2821
4146
2831
3040
2862
4791
4267
4267
3161
2772
4208
4713
3074
2942
2941
4748
2810
4119
4129
2817
3166
2824
4142
4133
2978
3140
3282
4003
2741
4901
4267
4219
4717
4778
4762
4772
4100
3347
3391
3391
3858
3352
3155
3284
3862
2792
2792
4751
4751
3164
3133
4814
2805
4136
4825
2807
4825
4825
4825
4825
4825
4825
4825
3166
3166
2824
4142
3093
4797
3182
3127
2258
3161
3161
3161
3161
1722
3299
3360
3358
2729
3356
4915
4107
4778
4845
3356
3356
3358
3271
3212
3202
4048
4045
3269
3228
4047
4056
3402
3216
3268
3225
3395
3222
3238
3229
3974
3050
3048
3854
3266
3394
3250
3868
3846
3849
3047
3844
3860
3849
3840
3851
3059
3404
4057
3218
3226
3397
3847
3224
3974
3843
3839
4844
2963
3396
3049
3244
3261
3399
3846
3841
3856
3848
3895
4045
3220
2985
3860
3260
3844
3394
3052
3841
3053
4048
3243
3226
3854
3052
3849
3157
3855
3051
3884
4075
4076
3368
3151
3856
2723
4693
3371
3353
3230
3059
4960
4260
2597
1762
1762
2597
2597
2597
4260
2597
3963
2940
4242
2597
2597
2597
2597
2597
2541
2532
114
2597
1608
4260
2597
4260
4260
4260
2597
4260
15
4247
3881
3878
4727
3073
3073
4907
3986
4984
3831
82
128
128
15
2638
4258
2587
2624
114
4009
2675
4974
2582
4963
3858
3347
3347
3347
3347
3391
3378
3378
2750
3365
3353
3340
3347
2971
3340
3340
3340
3378
3381
4025
4954
4956
4957
3305
4031
4955
3381
4954
4955
3383
3384
3371
3054
3388
4836
3334
3283
3339
3952
4963
2696
2512
4954
3324
4031
3388
4025
3340
3378
3992
4030
3992
4838
3860
3857
3868
4013
2963
15
4264
3397
3847
3394
3239
3398
3236
3238
3223
3269
3261
3050
3050
3908
3923
3921
3918
3264
3206
3905
3410
3211
3209
3204
3907
3247
3923
3264
3908
3899
3903
3214
3264
3896
3935
3935
3935
3938
3431
3926
3935
3935
3935
3928
1268
3416
3935
3936
3435
3435
3932
3938
3422
3938
3920
3935
3245
3917
3927
3935
3232
1268
3938
3431
3935
3933
3935
3935
3423
3938
1268
3423
3936
1268
1268
1268
3431
3431
3936
3936
3431
3431
3431
3427
3431
3431
1268
3431
1268
3431
3431
3932
3431
3427
3935
3422
3252
3915
3906
3920
3206
3915
3915
3423
3935
3936
3938
1268
1268
3431
1268
3935
3431
3915
1268
3935
3935
1268
3935
3936
1268
1268
1268
1268
1268
3938
3936
1268
3211
3935
3920
3933
3938
3938
3935
3935
3938
1268
3935
3935
3926
3935
3935
3412
3922
3431
3431
1268
1268
1272
1268
1268
1287
1268
1287
1272
1272
1268
1268
1272
1268
1268
1268
1268
1268
1268
1268
1268
1272
1268
1272
1268
1268
1272
1268
1272
3935
1272
3935
1272
1272
1268
1272
1268
3935
3423
1268
1272
1272
1268
1272
1272
3935
1268
1268
1272
1272
1272
1272
1272
1272
1268
1268
1272
1272
1272
1272
1272
1272
1272
1272
1268
1272
1272
1272
1272
1272
1272
3935
1272
3430
1268
1272
3431
3935
3935
3935
1268
3935
3431
3431
1272
3420
3935
1272
1272
1272
1272
1272
1272
3431
3431
1272
1272
3947
1272
1272
1272
1272
1268
1272
1272
1272
1272
1272
1272
1272
1326
1272
1272
1272
1272
1272
1272
1272
1272
1272
1272
1272
1272
3420
1272
3431
1272
1272
3935
3943
1272
1272
3431
1272
1272
3423
3423
3423
1272
3943
3943
3943
3943
3943
3943
3936
3936
3423
3943
3943
1272
1272
1272
3943
1272
1272
1272
1326
1272
1272
1272
3943
1272
1272
1272
3943
1272
1272
1272
3423
3423
1272
3943
3943
1272
3938
3935
3926
3938
3938
3935
3935
3938
3938
3938
3938
3938
3938
3938
3938
3938
3938
3938
3938
1287
3938
1268
3938
3938
3938
3938
3416
3416
3938
3938
3938
3431
3935
3936
3935
3423
3935
3425
3423
3935
3933
3935
3423
3422
3935
3935
3935
3938
3938
3435
3926
3435
3935
3935
3935
3935
3422
3935
3435
3233
3435
3933
3933
3936
3206
3427
3935
3935
3935
4264
4264
4264
4264
4260
4260
4260
4260
3058
3864
4838
3057
3866
2985
3352
2985
3975
4013
3352
3863
3862
2985
3857
3975
3352
3391
3154
3195
3151
4024
3373
3391
3347
3859
3866
3151
3343
3344
4838
3965
3335
4006
4002
4941
3016
3067
4004
4840
2969
4007
4889
4889
2743
4893
3978
4005
1395
3000
2725
4939
3064
3832
1595
2461
2478
2461
3228
3281
3230
3242
3854
3051
3228
3157
3262
3226
3281
3395
3261
3251
3269
4042
3268
3270
3396
3225
3216
3213
3398
4052
4043
3890
4050
3220
3243
3213
3404
3404
3407
3249
3235
4055
4048
3904
3202
3900
3246
3405
3406
3406
3892
3910
3208
3893
3252
3923
3909
3246
3914
3206
3925
3919
3923
3908
3206
3893
2513
121
2599
2599
70
2634
4967
2962
4002
4086
4991
3978
3886
4075
3887
3887
4022
2622
2606
2624
2722
3341
3972
4845
4024
4030
4974
4974
3993
4970
3991
3336
2962
4842
4804
4804
3962
2749
3964
4914
3981
4701
4743
3972
4017
2995
4036
3332
2737
2728
3977
2746
4058
2960
3331
138
3883
3274
3995
3997
4947
4970
4969
4964
4059
4964
4010
1546
4259
4015
4014
4020
4029
3375
3377
4908
4035
4950
2387
4035
3971
2658
3283
2758
4934
3835
2582
2580
2598
1761
98
3047
3847
3397
3868
3263
3848
3394
3397
3262
3841
3047
3255
3841
3848
3397
3330
507
4071
4061
1567
2297
3888
2990
4895
4955
3353
3371
4079
3004
4899
3371
3391
3391
1
15
164
70
108
77
247
2461
2446
2446
2446
1593
4781
4847
4096
3314
4108
2740
2781
4764
4103
4070
4782
4916
4224
4841
4112
4238
4225
4095
2479
4240
4241
4072
4073
2775
3031
4117
2953
4809
4744
2809
3025
2980
3024
3088
2964
4128
2816
4144
2955
4730
2812
4118
4118
2788
4131
4140
3177
3177
3191
4790
2783
4803
4790
2816
4815
2802
2802
2785
2785
2979
2978
3140
2837
4142
2823
4145
2819
4735
4735
4715
4827
2837
4828
4828
2920
2905
4855
4855
3092
2816
3092
3092
3092
2821
2835
2820
4142
4734
3166
4826
2824
4142
2824
4142
4142
2823
2810
4749
4749
4826
2838
2838
3034
4733
4749
4732
4121
2817
4130
4146
4146
4146
2817
2817
2817
3167
3167
4855
4127
4142
4143
4127
4143
4127
4127
3166
4825
4825
2830
3101
3101
4816
3008
3009
3008
3138
4828
2825
2905
2906
4143
2836
4816
2917
3136
3008
3101
3133
1722
1722
3315
4094
3164
3164
3164
3087
4250
4204
4705
4267
4267
3163
2974
4097
4248
4110
4999
4901
2941
4897
4901
2772
2772
3319
4245
3981
3141
4865
3880
2950
3990
2724
2940
2741
3965
3979
3964
3966
4789
3982
2967
3873
3871
2731
3014
2791
3984
2961
1
46
15
46
114
112
165
2408
1
1722
70
13
2854
2849
2868
4793
2867
4166
4178
2932
4831
4180
3105
2870
3108
3110
4857
4856
4817
4164
4832
4163
2934
4592
4592
4679
4296
4591
4684
4592
4591
4684
4299
4591
4591
4592
4592
4592
4299
4295
4563
4563
4592
4880
4880
4884
4880
4679
4880
4679
4679
4679
4593
4539
4591
4285
4684
4271
4285
4285
4885
4592
4299
4564
4885
4591
4296
4299
4299
4299
4299
4592
4565
4880
4885
4296
4884
4299
4295
4299
4878
4880
4880
4878
4880
4563
4880
4638
4679
4679
4884
4679
4680
4563
4583
4679
4679
4679
4596
4680
4679
4639
4539
4596
4592
4878
4539
4684
4592
4592
4880
4592
4591
4565
4878
4592
4592
4564
4539
4539
4592
4596
4679
4591
4285
4591
4684
4299
4563
4880
4299
4565
4684
4885
4591
4880
4565
4880
4539
4679
4679
4563
4880
4539
4599
4594
4169
2865
3106
3171
4182
2856
2868
2859
4177
4178
4830
2855
3171
3041
3106
2930
4832
4158
4155
2869
3118
3109
3108
2869
4192
2877
4192
4191
2875
4166
4458
4458
4458
2912
3046
4680
4478
4290
4450
4450
4450
4287
4290
4297
4287
4683
4297
4595
4598
4458
4458
2912
4451
4451
4274
4275
4274
4272
4274
4273
4273
2888
3123
2888
4273
4453
3123
3123
4860
4198
4198
4197
3115
3115
4198
4197
4197
4197
4203
4197
4187
2912
4450
3175
2910
2910
2910
2911
2911
2912
2885
3175
2877
4450
4272
3175
4862
4187
4203
4203
2877
2911
4274
4290
4275
4453
4273
2888
2888
3116
3115
3115
3115
4187
2887
4272
2864
4194
2876
2877
2877
3174
4833
4167
4197
4150
3109
4161
3118
3117
4283
4287
4287
4287
4287
4290
4596
4289
4274
4274
4282
4274
4282
3175
4273
4273
4282
4273
4272
4834
4272
4272
4453
4275
2888
2888
4453
4459
3116
3115
4187
2888
3115
4285
4283
4869
4680
4885
4885
4679
4679
4679
4679
4679
4679
4679
4596
4593
4683
4596
4596
4680
4680
4478
4884
4869
4461
4884
4281
4296
4299
4285
4285
4450
3174
3108
3108
4833
3172
4833
4185
2880
4860
4860
4188
2864
4202
4955
141
3033
3034
3033
3033
2719
4773
3147
3145
4721
4751
3031
4114
3033
4706
4113
2787
3988
4751
3032
4114
4115
4752
3317
2719
4785
3988
3016
4244
4703
2809
4750
4215
2726
4702
4962
4747
4785
3129
4744
4729
2787
2804
4748
4723
4114
4115
4706
4114
4748
4745
2771
3282
4760
4747
3073
3073
4755
3148
4729
4752
4250
3273
4244
4712
3062
3063
4889
2936
2936
3063
3063
3165
4206
2762
2771
1722
4104
4848
3161
1722
1722
4093
3078
4221
4222
3165
3131
1722
4267
4267
4221
3161
3161
4109
2766
4728
3159
4215
4103
2956
3879
4018
2956
4142
3091
4855
4130
4130
4130
2817
4130
4130
2810
2810
2810
2810
4130
2924
3079
4143
4127
4143
4146
2810
4130
4130
3079
3079
4098
4008
4059
1711
4768
4780
3993
4780
2899
4780
4809
4126
4126
2817
4146
4146
4127
2817
4145
3099
3137
1722
4267
2958
3078
2805
4116
4116
2807
3166
4825
4825
4825
4825
4825
2808
2824
2824
2824
2824
3093
3097
464
4836
4836
4950
3966
4018
4839
4059
4258
4015
4014
4095
4847
4864
4849
3962
2805
3177
3176
3177
2769
4141
4815
3092
4146
2824
2817
4130
2817
2817
4825
4825
3166
3166
2842
2844
3078
2777
4105
2962
4794
3105
3110
3107
3104
4162
3116
4198
4187
4187
3115
4187
3118
3115
2887
4858
4105
4267
4267
2642
2544
4892
4893
4889
4910
3887
3872
3987
4980
4972
4958
2942
4726
2942
4907
2563
4938
2732
3887
1546
3887
4086
4086
4086
138
2587
2990
3318
4894
3965
3014
3313
4264
137
137
2597
4260
2597
2597
2597
2597
2597
2597
2597
2597
2597
2597
2597
2597
4081
2641
4076
4979
4910
4979
2733
2506
3379
4837
3378
4979
4075
3378
3378
3385
2987
3371
2720
4076
4076
4975
3968
4959
3390
2729
2623
2577
4925
2669
2511
1596
3065
4936
4939
3361
4076
3062
2585
4011
4948
4948
2987
4837
4058
3333
2738
2745
2515
2734
4895
246
3334
4081
2621
2735
3011
3062
3062
4076
3963
5000
4990
4896
4242
2940
108
4242
1580
502
4982
3293
4269
2770
1597
5000
4252
4089
2732
4991
1593
2187
2191
2013
2187
2187
