1
18
12
112
106
106
18
148
148
833
2
1350
17
2
105
19
131
50
23
21
151
55
90
81
22
143
801
274
830
81
1352
65
33
130
117
149
45
56
98
512
49
51
3
3
51
56
55
27
2429
12
1617
9
799
143
809
29
74
106
1
72
76
3
43
52
14
77
197
172
2429
2427
30
159
147
147
54
27
58
94
169
91
145
1355
200
136
147
145
1349
105
1617
18
142
110
1786
12
106
106
14
1
37
140
50
35
117
1
1347
12
39
52
77
64
133
110
144
94
60
97
470
141
800
170
14
96
102
148
21
75
132
152
40
106
922
52
141
1349
1349
43
166
167
2427
167
167
167
211
220
167
166
97
103
103
103
103
159
44
220
201
798
167
167
167
186
186
186
172
201
220
172
167
220
2440
798
159
798
201
221
220
220
167
210
167
510
166
167
211
167
201
103
254
508
2442
2401
1407
1486
2500
1366
316
501
1383
263
263
792
792
501
2450
900
566
237
1771
496
2406
242
1478
231
1515
2401
252
1498
1532
1531
1526
495
1372
656
1521
1521
2414
2308
862
858
866
2484
2485
1393
1503
2215
261
524
1545
2482
2483
2483
2417
1520
914
2485
558
915
569
1372
228
1387
1540
1737
276
837
310
277
239
281
2517
316
326
2223
2516
2227
688
2268
2242
1647
2953
4771
4771
279
1526
1678
1673
1658
332
2228
322
1650
1650
2407
636
308
2406
2280
4849
4849
1656
661
316
1485
302
1675
448
4847
1667
1667
323
665
321
2244
2366
4144
4144
4144
4144
329
337
336
597
637
601
2331
602
339
668
341
2311
342
344
518
667
417
639
600
353
665
2236
356
2311
358
489
666
598
2237
543
599
517
349
669
670
438
365
345
2257
2219
2273
2256
2258
549
440
370
1707
1700
1701
1698
1698
2220
1705
1697
385
1681
1694
2334
1690
1689
1689
1716
393
393
619
1721
395
1690
1686
1727
4128
4128
4848
4848
4848
1649
2363
414
323
354
354
433
439
547
381
422
422
1716
2289
582
583
434
2237
639
432
2340
641
2256
2260
343
439
361
2274
2231
376
378
607
608
416
781
449
2456
2455
1757
1756
4771
2979
3025
4805
1503
507
4809
2822
3026
3026
4805
1652
2309
2354
1474
841
2362
269
1384
301
239
230
780
317
1532
1530
1532
1372
1372
1372
914
1520
482
304
304
465
458
458
2421
2421
489
1678
1654
642
4809
3026
1521
1519
2484
851
567
864
248
500
836
2409
508
1476
572
1539
265
1473
509
1356
1565
2400
829
2264
355
1769
829
4236
902
876
2456
2415
4142
4850
4850
4850
4850
4124
4124
1650
4144
314
491
4128
491
314
2806
1662
1663
1664
1664
415
416
416
2340
417
417
418
439
546
548
1687
1680
421
1379
263
1362
264
555
1362
468
916
1368
1371
1365
1494
562
1608
1529
1374
1382
915
915
684
2456
654
2450
1529
1529
1529
227
224
222
780
1530
1530
780
780
1375
576
2487
2325
516
2224
2408
305
3026
1651
2956
577
4850
4850
4849
4811
631
590
330
1672
2367
1676
604
541
417
668
2235
639
603
640
341
370
606
548
1712
369
610
2370
445
1699
1688
1691
1728
612
1692
1684
1684
421
394
4143
4143
4142
4809
2806
3126
2250
2278
2296
2421
486
430
2255
431
2340
1679
1388
2263
1385
4805
3026
583
583
2226
537
303
319
2307
2483
1519
889
1542
569
495
569
685
1375
1374
1554
1542
306
4128
4128
2956
664
2339
433
2341
667
2342
1714
2345
672
4849
4128
4128
314
2808
4128
3083
247
2454
2475
879
692
288
300
299
305
305
305
1402
2454
692
879
705
1427
1426
1569
761
1416
1440
1435
933
699
706
1585
707
1584
1577
752
757
773
713
712
926
724
757
1370
921
1361
558
725
468
791
770
704
1573
763
713
719
558
1369
690
1369
746
1433
745
936
712
1568
1361
554
1581
1430
1436
1362
555
1369
919
713
725
725
712
558
1436
695
1368
717
1570
1370
927
735
792
2460
1516
782
906
263
263
1383
1529
264
263
264
570
570
865
261
758
1422
758
449
168
506
2429
86
34
25
802
3157
167
167
2428
254
1540
1566
3178
630
2428
167
168
186
220
166
211
822
824
825
2248
580
2781
807
829
133
832
61
106
2410
1528
1527
1491
1561
249
1500
889
1553
839
2351
1551
846
891
886
852
2461
240
2462
855
910
240
482
482
858
858
451
524
261
910
864
861
1518
855
1518
567
2458
1521
252
871
566
238
876
883
561
2453
1554
1552
881
876
2454
451
1610
1611
909
909
840
903
1551
887
891
2351
1557
845
894
225
561
500
561
2467
903
903
904
904
860
788
885
909
856
482
252
862
1520
252
858
1520
576
914
1373
1384
1369
724
474
556
148
148
923
750
763
711
1415
1583
931
1587
1421
790
773
1471
938
1463
1472
1074
1455
694
1448
1059
1439
958
730
1009
1025
1059
1435
1073
1440
694
1283
1277
1131
1116
1177
1106
1018
1277
1277
1204
1221
1161
1185
1158
1277
974
1116
1321
1106
1020
1277
1326
1337
1057
1295
979
1150
1204
1117
1252
1140
1116
1204
1221
1221
1185
1224
1150
963
1204
1187
1182
1182
1177
1112
1187
1336
987
1177
1158
1158
1221
1172
1171
1057
1327
1221
1295
1007
1017
1027
1336
1343
1009
1221
1204
1032
1321
1127
1138
1204
1106
1204
1204
1204
966
1150
1204
1204
1140
1204
1204
1204
1158
1158
1150
999
1158
1321
1158
989
1327
981
1068
1295
1204
1204
1204
1204
1204
1018
1280
1101
1204
1204
1449
1204
1204
1204
1158
1150
1158
1158
1158
1158
1158
1158
1158
1158
1158
1158
1143
1143
1158
1158
1158
1158
1158
1158
1158
1204
1204
1204
1204
1204
1204
1204
1221
1204
1204
1221
1204
1204
1204
1204
1158
1158
1158
1218
1218
1204
1158
1221
1218
1158
1221
1158
1204
1140
1218
1158
1221
1158
1158
1158
1158
1158
1221
1158
1158
1158
1158
1158
1158
1158
1158
1158
1158
1158
1204
1221
1204
1221
1158
1204
1221
1221
1204
1204
1221
1204
1212
1191
1204
1204
1218
1204
1204
1204
1204
1221
1221
1204
1204
1204
1218
1204
1221
1218
1204
1218
1204
1218
1204
1204
1158
1218
1158
1218
1218
1158
1218
1218
1221
1158
1218
1221
1221
1218
1218
1218
1221
1218
1204
1216
1204
1221
1204
1204
1204
1204
1204
1204
1204
1182
1204
1216
1204
1204
1204
1204
1204
1204
1204
1204
1254
1204
1204
1204
1204
1204
1204
1204
1204
1218
1204
1218
1204
1204
1204
1204
1204
1204
1204
1182
1204
1182
1182
1204
1182
1050
1050
1295
1050
1106
1106
1295
1295
1106
1106
1050
1093
1093
1050
1093
1150
1093
1106
1050
1085
1204
1093
1106
1050
1050
1050
1106
1053
1050
1093
1093
1150
1042
1204
1204
1204
1185
1182
1232
1181
1181
1204
1182
1185
989
1103
1050
1050
1177
1101
1000
1295
1295
1295
989
1302
1277
1018
984
1319
1315
1270
1325
976
1295
1050
1050
1350
43
193
187
173
173
217
658
1366
915
1356
1511
1362
1362
1362
1363
915
656
1363
1363
1363
919
1383
1383
1371
1365
1511
264
554
1369
919
569
569
569
1372
1372
569
2484
1373
691
2481
882
692
1372
915
2484
2484
1375
569
569
569
1377
1374
658
1511
1402
1529
2481
569
2481
915
1392
1392
2500
1388
1483
2377
1504
2500
1397
2500
1502
1483
2500
1398
2495
231
1401
2473
565
452
1516
1406
1606
1408
775
734
1422
729
714
750
927
715
1573
775
752
707
936
698
1410
1427
711
1436
936
933
929
759
707
1442
695
1431
1437
1436
1436
704
756
730
1428
1437
731
695
1451
956
1454
956
1440
955
943
756
1017
954
937
940
957
1025
1008
1462
1471
1343
1040
2413
2414
1478
1476
505
250
1527
2500
1481
1485
309
317
317
2477
2501
1482
246
2321
2494
1556
1493
2358
474
474
1373
858
1498
1498
857
253
253
2485
233
233
575
1770
644
1763
1506
285
235
2224
1541
473
1550
1548
847
1516
1402
565
2481
1612
882
782
495
2483
914
495
266
914
914
1520
2485
2485
2486
2479
1515
1527
449
450
2460
1530
1530
792
656
656
1530
656
569
1530
1531
1531
574
480
480
2355
1590
2414
1480
2357
2325
1543
1551
1545
1536
1589
1548
1514
1546
2355
1545
895
877
1560
2463
1492
901
1560
891
2463
1490
1528
2416
1480
2218
741
719
719
713
724
1581
766
713
713
712
713
1582
1581
1575
1589
1546
1487
1386
2336
298
2503
2377
472
1772
1482
2354
2308
2471
526
1516
1403
1516
565
1517
906
906
2476
2475
783
2482
832
13
831
13
1477
505
139
1622
243
475
1624
579
467
271
271
579
1627
823
686
1625
2376
1637
1626
280
2300
1641
1505
644
2228
415
1666
2338
2338
2329
2329
4144
2253
334
1648
1656
642
1657
331
338
2270
335
414
2363
322
323
1649
323
539
539
1664
323
1668
4811
4812
4811
4811
592
1672
592
331
336
329
1677
340
381
611
444
443
1704
1711
1703
420
1711
1711
1713
447
383
1693
376
2345
2221
419
2372
375
366
547
546
2274
436
2318
371
547
382
440
1688
609
671
1681
1696
384
441
1680
420
422
1687
420
611
610
615
621
1695
390
2421
1746
4143
1742
651
2956
466
2245
647
647
4809
295
295
4848
2291
1749
1631
2423
2952
4240
2955
532
492
533
4218
1508
1765
1509
1779
2272
1385
2276
1389
1389
1387
2352
1770
1775
1776
2266
2247
3327
823
1638
121
125
92
1786
42
161
49
119
3083
3083
1391
2377
673
393
2346
2373
618
624
399
1726
1715
1724
626
2347
1981
673
626
1798
403
403
1801
404
408
400
424
403
1980
1798
2071
2071
2208
2072
2073
2073
2073
2073
2072
2073
2071
2072
2072
2072
2073
2136
2071
2072
2136
2072
2071
2136
2208
2070
2136
2136
2208
2045
2145
2135
2045
2072
2073
2086
2073
2073
2073
2144
2074
2072
2144
2071
2072
2071
2072
2072
2071
2073
2144
2071
2144
2136
2144
2071
2072
2073
2071
2074
2071
2135
2136
2136
2136
2136
2136
2135
2208
2145
2069
2208
2069
2086
2135
2145
2135
2208
2046
2207
2208
2208
2145
2071
2071
2068
2074
2073
2073
2136
2072
2073
2024
2071
2136
2027
2072
2068
2136
2072
2208
2072
2072
2074
2072
2073
2073
2071
2072
2072
2071
2075
2071
2136
2071
2070
2072
2208
2070
2208
2135
2207
2208
1724
550
616
2346
626
1718
1717
404
1731
623
1715
423
1717
392
1722
552
551
424
1968
625
1800
1800
1808
1808
1807
1966
1966
625
625
2108
2086
2108
1994
2108
2107
1997
1997
2207
2107
2087
2076
2080
2206
2211
2154
2104
2154
2391
2391
1994
2108
1994
2212
1997
2212
2211
2211
2211
1821
1998
2210
2211
1991
1821
1816
2119
1991
1998
1821
2380
2384
1825
2116
1825
1825
1815
1824
1815
1815
1971
2202
2202
2202
1994
2109
2107
1985
1985
1986
1986
2205
2205
2109
2205
2110
2085
2084
2112
2395
2200
2199
2381
1811
2205
1823
2097
1989
2211
2119
2119
2119
2116
2384
2116
2116
2202
2200
2112
1983
1966
1807
1986
1822
1826
1971
1971
1980
1815
1808
1808
1815
1974
2103
2087
2082
2391
2391
2391
2391
2211
2392
2392
2061
2392
2391
2082
2082
2081
2392
2392
2054
2061
2061
2110
2061
2061
2061
2116
2054
2119
2116
2116
2115
2113
2116
2200
2116
2116
2074
2080
2144
2143
2146
2143
2143
2144
2145
2145
2145
2143
2145
2145
2135
2145
2135
2145
2145
2391
2207
2145
2207
2108
2105
2086
2108
2073
2086
2080
2086
2074
2086
1980
1980
1980
1978
1970
1970
1998
1984
1803
1976
1967
2213
524
2213
1488
350
350
545
2241
2226
2226
1665
2279
1664
543
418
541
540
581
416
544
2292
1743
290
645
2246
539
1666
646
2225
827
235
2234
1646
320
1648
448
2236
2232
2259
543
542
596
541
2239
325
2238
826
2271
2229
2244
2240
643
362
545
227
2276
582
647
292
2264
2239
3083
1636
3083
3083
4848
4848
318
2956
3124
283
582
689
2822
4143
465
2956
4848
4128
476
297
648
649
303
253
284
300
1501
1671
599
359
2312
2313
1729
605
374
2962
1537
841
479
4144
4850
4143
4144
480
4144
4811
4811
4811
330
330
1674
2331
1702
1693
3083
4143
4143
4850
4805
3123
1668
2339
2339
666
433
348
369
369
1700
1515
845
1551
845
2494
1484
1502
2487
1533
1373
1541
892
1639
1750
270
330
3087
3087
1656
593
2310
447
1700
1710
670
2369
1681
3026
2284
1781
620
403
401
673
1734
1973
2116
1814
2112
1812
2113
2379
1799
2113
1809
2360
4809
4805
1563
1563
803
2444
521
2405
1754
2419
2409
514
2402
2471
2451
1394
2356
1489
1605
2514
4772
2422
1633
1642
2
30
51
57
167
221
167
167
97
187
798
186
798
798
2498
2468
241
225
851
1521
248
1522
1562
914
248
514
2456
237
237
1519
571
256
781
2475
1610
892
2417
2465
2466
2453
894
2470
234
2472
1406
1402
1403
471
2494
1522
1513
2474
1405
1529
1529
691
1614
1379
263
495
495
914
1372
495
2485
2485
2485
2485
1500
2449
2489
893
242
2321
253
1524
2499
2496
1407
2498
234
2477
1595
1596
2493
2336
1768
1393
461
2510
1396
461
255
4772
522
4995
1395
2555
2556
69
1616
835
6
150
4260
4268
1782
2522
2584
2562
3332
2654
2659
2591
2630
2568
2615
3331
2559
2601
2625
2600
2598
2639
71
2548
3839
2578
1616
4265
3414
4267
2569
2628
2584
2538
2531
2586
2656
2568
2558
2569
2569
4264
150
4092
3415
2575
2579
68
150
4
1789
73
2622
3333
2619
2581
79
2530
3839
2536
2567
2537
2656
2534
2520
2573
2542
111
2560
3313
2645
2667
2608
2653
2557
4911
41
2616
1789
2528
2585
2620
4264
3333
1347
4
4266
4266
2642
119
11
63
73
104
922
4261
63
2526
2659
2616
2641
2608
4263
111
2520
2960
2518
2577
3313
124
2656
4093
2656
2580
128
1783
150
922
7
2666
107
2523
134
2537
2537
2564
4914
2595
2595
2682
3302
2595
2567
2567
2680
2648
2649
2650
2536
3318
2649
2536
2537
2595
3302
2690
2707
3302
2690
3302
3302
2707
3302
2707
2648
2587
2707
2646
2595
2595
2595
2595
2595
2680
2680
2595
4921
3313
2646
4921
2665
3005
2999
4933
2753
4889
2810
3282
2810
4006
2740
3347
3063
4007
4007
3282
3282
3282
2742
4704
4886
4951
2809
3351
3893
2804
3894
3006
4975
2751
4822
2755
2995
2732
3068
2976
1512
3063
3063
3063
3283
3337
4987
3981
2752
4001
4000
2977
4963
4983
2948
2947
2947
4962
3998
3998
4038
3999
4963
3871
4963
4008
2734
2976
3968
2732
2778
2769
3085
3310
3085
3308
4762
4762
1791
2809
2780
2987
2969
2809
2826
4813
4902
4894
2988
2987
4125
2819
2814
3076
2979
2979
4108
3988
4838
4146
4152
4147
4135
4126
4139
4726
4223
4981
4249
2493
4221
3086
4141
4811
3087
4812
4811
4221
4729
4756
4944
2742
4149
4150
4735
2911
2912
2912
4733
2827
4791
3033
2816
2817
4823
4814
2829
2828
4742
4736
3135
3135
3136
2926
3136
2927
2928
4798
4824
3040
2914
2840
2840
3013
2839
2925
2924
4737
3039
3094
4736
2926
4793
2929
3165
2912
2848
2925
2839
3013
3013
2840
2850
2837
2850
2836
2853
3101
2914
2913
4740
4717
2842
4737
4739
4739
2915
3040
2914
2837
2837
2840
2849
2840
2932
2839
2861
4738
4701
2861
2861
2860
3104
2883
2936
3101
2857
4792
2857
2871
2862
4792
4792
4182
2871
4701
4702
2939
4829
2864
3108
2877
2881
3110
4157
4163
4155
3106
4167
2943
3108
3108
4168
4168
3110
4160
4850
4849
4850
4143
4143
4850
4140
3036
3037
3038
3039
3040
3041
2916
4174
3171
3171
4154
4706
4707
4741
4741
3013
4736
2849
2850
2850
2857
2835
4792
3037
2930
3094
2860
2839
2839
3040
3040
4755
4699
4739
4739
2871
2849
2840
2840
2837
2850
2850
2850
4793
2749
2945
2948
4081
3014
4222
4718
2979
2979
2979
3025
3874
4080
2822
2799
2821
2799
4125
4851
2765
3970
4888
4114
3966
4097
3864
4131
2795
2778
2732
3879
2730
2730
2734
2734
3968
2734
4008
4963
4000
4963
3999
4001
4138
4707
2980
4774
3144
2979
2834
2854
2824
3139
3139
2824
4809
3026
3026
3999
3999
3283
4945
4945
2993
3363
4892
4982
3067
4095
4271
3002
2724
3307
3015
4270
3869
2765
4096
2784
4133
2736
4737
454
1621
4233
3399
2802
3888
3888
4952
3026
4144
4144
4143
4144
4124
4144
4138
2910
3086
4151
2823
4129
4849
2806
2805
3034
3034
4716
3037
3038
3038
3038
3093
2843
2843
2842
4712
4178
2917
4161
4854
2734
3282
4007
3282
3282
2734
2730
2730
2734
2734
3861
4944
4006
4944
4006
3376
3871
2946
2946
4006
2946
4963
4963
4008
3887
4975
3283
3283
4007
4007
4006
4969
3066
2744
3282
3282
3282
2734
2730
2730
2730
3892
2763
4001
4964
4836
4214
4214
4220
3129
4719
4139
3025
3076
3339
2815
2815
2815
4811
4144
2963
4762
4729
2817
2817
2817
3098
2831
3097
2985
2846
4713
3094
3038
2836
2848
4736
2851
2851
2851
4793
4792
2852
3100
3100
2929
2835
2835
2835
2837
2836
2850
2850
3043
4179
4793
4793
4792
2836
2837
2838
2867
4173
3104
3103
4175
4185
4795
3109
4156
4162
4187
2821
2821
2821
3026
2808
2988
4732
4726
4720
4775
4761
4774
4775
2925
2849
2849
2849
2835
2852
2835
3037
3164
2833
4248
3012
2740
3132
4707
4707
2798
4120
2818
4133
2794
3283
4962
4962
3376
3063
2734
3063
3888
3891
3892
3397
3191
3157
4128
2980
3144
3187
2847
2912
2854
2913
2914
2914
2914
2915
2914
3167
3101
2835
2864
2879
4850
3087
3087
4850
4143
4850
4128
4848
4128
2805
3083
2729
2947
3891
4081
686
4239
3089
4145
4707
3060
3889
2948
4956
3208
3198
4054
2740
3221
3276
3198
3914
3276
3265
3420
2809
3230
3408
3212
3291
4758
3212
3226
2732
3226
3879
4758
3259
3858
3851
2810
4006
3857
3879
3879
3012
3198
3913
3226
3212
3225
3858
3054
3846
3846
3851
3291
3012
4054
4043
3229
4758
2778
2810
2810
3225
3280
4054
3879
2810
2730
3879
3851
3221
4756
3259
3055
3055
4054
2810
4756
3212
3012
4756
4045
3229
4006
4944
4932
3998
3998
3377
4007
4961
4007
4007
3282
4007
4007
4007
4006
2946
4940
4940
4758
4043
4758
4943
2546
2537
2772
2570
2557
2580
2638
2640
2680
2649
2537
2567
2537
3010
2647
462
3178
3027
2546
2546
2597
4925
3302
2537
3318
834
4102
3072
3072
3324
3158
4715
2950
1788
2659
4090
4090
4090
1789
3415
3004
4833
2959
3386
2960
2970
4967
4951
4002
3386
4023
3394
3390
3181
4945
4945
3351
3355
3355
4945
3353
4936
4964
4001
3980
2947
2993
2993
2993
4942
4957
3288
4942
4942
4945
4942
4954
2746
3370
2746
2746
2746
4949
3394
3887
2746
2746
2948
2948
4940
3355
4940
4036
4934
3343
4002
4036
4887
3974
4019
4019
4896
4898
2728
4951
4951
2725
3335
4931
2746
4931
3377
2993
2993
4001
3363
4935
2752
2752
4000
4000
4000
4963
2763
4000
4000
3861
3259
3225
3864
3846
3225
4268
3212
3220
3212
3291
3213
3278
3278
3278
3323
3291
3212
3947
3947
3434
3937
3943
3913
3911
3935
3927
3924
3233
3926
3923
3194
3255
3917
3917
3549
3918
3777
3778
3778
3466
3771
3464
3772
3814
3472
3778
3571
3806
3772
3762
3592
3771
3782
3553
3771
3553
3430
3511
3792
3594
3594
3543
3532
3806
3466
3778
3604
3571
3579
3812
3806
3571
3594
3579
3532
3543
3808
3621
3454
3472
3473
3506
3532
3572
3579
3466
3512
3771
3769
3464
3579
3520
3553
3947
3434
3434
3937
3440
3515
3579
3781
3798
3592
3594
3797
3770
3769
3579
3570
3543
3464
3797
3592
3564
3797
3530
3552
3579
3579
3572
3571
3470
3571
3814
3434
3475
3788
3953
3798
3782
3594
3571
3571
3543
3594
3464
3553
3787
3571
3530
3249
3798
3541
3571
3578
3578
3580
3580
3580
3579
3579
3578
3572
3589
3578
3579
3579
3580
3578
3637
3578
3580
3594
3571
3594
3594
3571
3579
3571
3570
3585
3571
3570
3571
3571
3594
3541
3543
3572
3541
3637
3572
3570
3571
3564
3572
3572
3572
3643
3637
3635
3572
3643
3579
3571
3637
3643
3643
3637
3647
3637
3643
3643
3647
3635
3643
3647
3589
3637
3643
3637
3643
3647
3637
3647
3571
3570
3571
3571
3564
3571
3571
3571
3571
3570
3594
3564
3621
3564
3571
3571
3571
3541
3541
3644
3571
3541
3571
3541
3541
3564
3637
3585
3643
3541
3571
3644
3643
3607
3571
3564
3541
3643
3643
3635
3637
3643
3696
3637
3635
3643
3637
3637
3643
3644
3643
3635
3643
3635
3635
3643
3643
3571
3564
3541
3564
3564
3541
3564
3541
3664
3605
3605
3602
3571
3541
3607
3605
3605
3564
3605
3605
3541
3675
3605
3605
3672
3624
3697
3672
3541
3697
3541
3697
3697
3697
3624
3672
3624
3697
3697
3643
3604
3605
3605
3621
3605
3621
3778
3781
3781
3778
3782
3782
3780
3782
3781
3792
3782
3785
3795
3781
3781
3781
3781
3781
3781
3781
3785
3781
3781
3781
3792
3781
3792
3785
3785
3571
3543
3571
3797
3604
3532
3532
3543
3605
3543
3532
3771
3778
3592
3778
3782
3778
3834
3782
3778
3778
3771
3814
3770
3769
3827
3798
3514
3469
3482
3778
3778
2623
2617
2598
2536
3313
3313
2651
4006
3871
3861
3861
3869
3871
2765
3282
3282
2730
2734
2734
2734
2734
2734
2734
2734
3861
3060
4006
4006
4006
4006
4006
3867
3060
2810
3282
3282
3872
4007
3063
4007
4962
3063
4963
2763
2763
3191
3888
3891
3891
4963
4963
4963
4963
3891
2991
4962
4963
3154
2946
3891
2761
3998
4956
4961
4961
2763
3861
2763
3141
4074
4250
2515
3012
4758
3986
4273
4758
4758
3884
3876
3876
2757
3879
4758
3879
4094
4973
4081
3891
3892
4956
3891
3064
4082
3893
4097
4098
4045
4244
3291
3212
3267
4047
3278
3278
2809
2809
3230
4054
4054
3278
3265
4048
4054
3265
3276
4054
3265
4054
3913
3911
4054
3895
4054
3234
3198
3420
3920
3905
3913
3920
3911
3231
3913
3920
3917
3257
3438
3203
3233
3929
3924
3201
3438
3941
3951
3434
3940
3438
2967
3963
3960
3015
4270
1479
4758
2810
2810
3968
4756
4756
3879
2730
3879
2810
3879
4943
3883
4841
4900
4971
3974
4808
3406
3406
3864
3361
3980
3980
2995
4002
2995
3981
2756
4964
4964
2766
2766
3965
4246
2975
4107
3990
2775
4244
4245
4752
2778
4861
3405
4078
4026
4967
3388
4079
4956
4956
4961
4956
3998
4961
4962
4962
4963
3999
4964
4001
4964
4001
4965
4002
4026
4066
3971
3065
4006
4006
4006
4007
4007
3282
2734
2734
2734
2734
4008
3063
4963
4963
4963
2977
2977
2750
3983
3994
4004
3963
3959
3070
3070
3345
4024
3384
4028
2754
3341
4967
3996
4003
4079
3340
4019
3354
3396
3009
3338
4959
4949
3181
2968
4900
4015
4041
4042
4758
4758
3226
3259
3226
4756
3012
3225
3226
3229
3408
2740
2732
2740
3220
4960
4021
2509
1597
1768
4984
4071
3878
2507
1773
1592
2508
4076
4067
4905
4978
4940
3888
3997
3997
3998
4945
4957
4940
4940
3890
3998
1617
71
1615
4270
4271
11
1623
1794
2797
2972
4220
4215
4113
4101
2768
4229
2973
4803
3149
2783
3311
4788
4231
4111
2794
2965
4232
4230
4117
4789
4126
2944
2911
3033
4137
2827
2820
4742
4812
4812
4141
4141
4823
4823
2829
3097
4750
3096
4140
3034
3035
4121
2944
2847
4137
4137
4122
4122
4146
3091
3099
2832
2845
4814
2828
3097
4130
3086
4152
3164
2862
4792
2857
2867
2939
3105
3105
2937
2874
4178
3043
2937
4792
2857
2836
2836
2850
2866
2870
3101
4754
4701
3168
4792
4792
2835
4792
2835
2932
3041
3041
4711
4701
4700
2931
2870
2859
2850
2850
2849
2850
3042
3042
4793
4792
4793
2836
4827
2914
3104
4157
2874
4829
4176
2941
4172
4180
3170
4161
4161
2937
3103
4795
4815
4184
4183
4170
4175
4775
4774
4143
2822
3128
4745
4773
3076
3076
3076
2964
3128
4705
4705
3145
4142
3026
3187
3187
3188
3083
4770
4110
4782
4783
4760
4779
2922
4906
4145
2986
4151
4906
4241
3323
3322
3325
4253
4908
3322
2749
4073
4994
3012
2732
3140
4837
4251
2777
4254
2773
4214
3324
4747
3326
4258
4259
4267
156
137
2620
1787
124
1790
573
4142
1620
4075
4075
4154
4154
4203
4852
3116
4197
4816
4208
4193
4203
4154
4858
4193
4193
3113
3113
3116
4857
4205
2889
4858
3172
3113
4193
4619
4620
4562
4562
4563
4587
4563
4587
4563
4627
4620
4558
4620
4562
4626
4620
4620
4558
4562
4626
4617
4627
4620
4562
4558
4587
4627
4587
4873
4476
4689
4873
4627
4562
4559
4563
4559
4627
4563
4568
4620
4563
4620
4562
4620
4558
4559
4562
4620
4563
4559
4627
4873
4563
4620
4555
4562
4620
4562
4587
4626
4562
4636
4627
4587
4627
4587
4587
4587
4627
4587
4587
4617
4625
4587
4873
4587
4476
4478
4480
4636
4873
4873
4605
4620
4625
4563
4627
4628
4626
4626
4626
4626
4627
4626
4626
4626
4623
4516
4626
4570
4522
4627
4627
4620
4563
4563
4562
4626
4562
4587
4627
4563
4563
4626
4563
4616
4562
4625
4587
4616
4562
4522
4476
4587
4198
4198
4201
4203
4203
4166
4853
4194
4816
2887
3106
4154
2887
2920
4165
2886
4202
4200
3118
4206
3114
3114
3114
3173
3047
4189
3118
4207
4469
4469
4468
4477
4468
4471
4452
4482
4297
4469
4566
4566
4594
4474
4877
4594
4597
4874
4597
4464
4464
4451
4450
4451
4452
4283
4294
4865
4460
2905
4868
4278
4278
4456
4278
4278
4458
4796
4863
4456
4456
4285
4285
4463
4462
3122
4462
4463
4463
2896
4285
4454
4449
4298
4287
4450
4465
4465
4461
4274
4288
4464
4288
4287
4298
4287
4287
4274
4454
4462
4275
4453
4274
4274
4865
4294
4868
4278
4278
4456
4285
4455
4301
4285
4285
4454
4286
4189
3047
2895
2895
2895
2896
4209
4832
2897
4832
4832
3122
2898
4206
4877
4867
4686
4681
4877
4682
4682
4292
4864
4865
4682
4867
4682
4867
4276
4868
4286
4286
4866
4454
4285
4285
4455
4455
4277
4285
4286
4285
4285
4285
4286
4285
4592
4593
4873
4636
4587
4873
4874
4873
4873
4873
4873
4587
4873
4874
4594
4873
4597
4480
4481
4476
4476
4568
4469
4476
4569
4592
4570
4592
4593
4593
4192
4192
4192
4192
3173
3173
2903
2892
2901
2892
4206
4189
3367
2218
2842
2856
4699
4740
4704
4723
4723
4709
4725
4717
3094
2843
4717
4717
3092
4708
2930
3094
4785
3018
4119
2800
3991
4725
4714
4730
4728
4704
4751
4733
4749
2820
4735
4742
4742
4741
2924
4740
4740
4717
4741
2848
4731
2736
4125
4763
4715
4752
4127
4742
3147
4752
4256
2856
2842
4722
4757
4705
3146
3188
2785
4746
4128
4781
3083
4143
4142
4142
2811
2812
2821
2799
2799
2813
2779
4706
2786
4142
3026
4142
3187
3188
3032
4848
4099
4108
4784
4721
4730
4002
2795
4789
4791
2928
2927
2851
2840
2849
2840
2849
2840
2839
2840
2839
3108
2850
4793
2836
2840
2840
3075
3025
3076
2795
2766
4124
2910
4124
4144
4010
2910
2816
2816
4124
2911
2911
2831
4793
4793
4793
2866
2868
4815
4142
4142
4142
3026
2958
4002
2912
3138
3138
2914
2913
3039
3040
2915
2915
2835
2835
2934
2934
4856
2513
4002
3980
4834
3353
3345
4247
3882
2792
2793
4841
3070
3070
4804
4844
4765
3986
2911
2815
4122
4847
4847
4847
2831
4798
2933
2863
2837
2838
2837
3101
3101
2835
4855
4829
2821
3026
4242
4853
4193
4857
4193
3116
4155
3115
4455
4456
4286
4275
4285
4290
2898
4285
4286
4286
4106
2821
2821
3026
2821
4098
2729
2803
4893
2959
2949
4761
4760
3962
2951
2725
3875
4005
2949
4901
4005
3134
4778
4778
4891
2424
2623
2519
2537
2537
2567
2680
2646
4913
2680
2646
4913
2536
2597
2566
2682
2649
2743
3969
4970
2735
3999
2995
4935
3021
2747
3999
4081
4081
4954
2733
4945
4889
4966
3890
3890
4037
4967
2748
4904
4897
4977
4094
4899
4082
3064
4082
3889
3997
4958
4964
2995
4936
3891
4956
2946
4961
4956
4961
4962
4962
4962
4000
4000
4000
4964
4964
4964
2756
4022
4026
4971
2727
2492
4002
4002
4011
3395
4977
3395
4892
4953
4958
4980
4072
1409
1768
1390
4070
258
257
2510
1593
1600
2512
4909
2979
4907
3142
519
2948
