15
166
1341
164
82
82
82
2408
82
913
3
165
70
79
15
16
78
52
53
23
22
24
27
179
163
27
58
58
79
22
24
87
823
820
183
59
2412
807
58
1
79
23
22
46
94
92
1758
22
22
22
145
24
24
22
56
24
27
24
46
914
5
163
220
187
139
106
82
82
127
107
4264
79
165
2409
79
15
126
79
31
91
24
24
51
88
87
59
46
114
114
58
59
59
94
94
58
58
59
94
94
94
91
51
82
52
12
126
105
4264
112
114
164
127
82
128
4264
58
94
92
820
1758
1345
82
1758
119
81
164
823
82
128
79
105
93
112
141
58
58
94
94
94
114
107
37
22
178
24
51
94
141
165
88
76
222
100
96
82
82
82
82
1
165
79
79
119
94
24
54
24
24
24
24
24
24
54
54
2411
24
24
24
51
54
54
54
91
31
31
54
24
24
24
24
54
2411
54
2412
54
24
24
24
24
24
2411
2411
54
54
54
54
54
54
24
24
24
24
24
24
24
24
2410
54
54
153
2396
241
501
205
2450
1512
1348
253
1391
2455
239
245
2427
240
1581
2426
282
1394
2428
1394
2388
576
154
2428
250
176
1484
253
1508
1513
200
1527
2303
566
2194
1583
1541
901
1348
1585
1468
480
480
1602
37
187
200
85
583
37
270
279
1607
287
479
469
2241
470
284
2386
2406
1752
1612
1732
2226
2227
489
487
488
488
297
2335
475
300
701
2284
701
477
283
304
305
305
585
585
2201
244
2385
2469
239
239
317
316
592
312
492
1751
1494
318
517
660
320
1619
1623
324
1638
356
2344
326
2229
478
532
329
2302
331
332
321
327
2246
337
601
339
1649
2287
341
611
606
2288
346
344
520
348
676
547
547
353
338
341
674
356
604
519
354
433
361
435
362
2321
2237
2237
550
343
343
347
2236
678
441
373
367
375
438
438
2250
439
2235
393
371
2324
1677
679
2353
2325
386
446
1679
444
2327
1698
388
1694
1695
1660
382
1701
1691
1708
1704
625
2354
1705
2312
628
1696
689
2275
2275
416
418
1638
419
1638
356
674
436
363
442
423
1675
424
387
426
427
430
2267
2238
434
434
2294
610
674
546
2213
349
368
677
350
422
2198
365
2251
376
374
449
450
2210
452
237
573
242
454
2389
310
2386
830
486
488
486
2357
2267
1387
1547
37
467
636
485
518
2283
906
1531
183
2451
1742
1498
854
854
2268
659
480
480
1388
482
260
881
2273
489
489
644
355
493
534
495
494
1733
2357
2267
901
881
500
2466
153
155
835
200
1545
153
85
153
1350
199
1351
85
1715
2256
2232
309
1597
310
154
1376
2384
285
2200
244
319
526
1389
239
239
1711
884
531
528
2314
416
2302
533
539
1731
1733
689
539
538
690
703
544
545
1640
419
436
648
421
422
549
549
551
553
1678
554
1697
1480
787
1354
1364
906
1480
1358
1358
569
871
567
872
1371
705
1586
875
453
237
2427
574
229
835
1510
482
665
1517
1478
272
2244
2212
585
587
587
487
672
565
591
530
594
591
314
276
1630
598
1647
2348
1650
1654
545
437
547
611
336
338
340
610
341
362
342
612
613
1680
1676
1676
618
2352
379
1670
1663
1666
1703
1702
2350
1707
1659
555
624
626
634
2260
654
813
1730
815
2257
2205
641
644
307
645
647
355
436
674
1652
1380
1467
1744
2333
285
2260
430
657
658
1712
517
701
263
707
1496
580
665
1359
1366
668
828
692
642
643
671
1642
2319
674
2320
676
491
2322
2323
1688
2325
1672
2356
688
683
683
686
539
689
2263
2423
2449
695
697
697
814
661
661
702
656
698
706
2194
1415
1430
944
776
1397
1406
731
1427
716
1445
721
1406
758
1400
727
730
735
1556
791
1353
909
749
761
769
1375
1361
738
514
1375
564
1347
514
1352
559
780
1433
743
949
558
558
1352
562
739
704
513
514
911
1429
759
1423
763
721
1416
1361
908
788
781
1439
743
1442
1357
1355
713
1352
773
774
1355
751
751
1429
1067
235
1553
780
777
1352
748
1520
1511
1471
878
1367
1367
2454
696
737
792
788
24
24
24
2423
24
2410
2423
2424
222
142
2384
308
2476
24
24
24
24
53
2423
203
37
814
288
24
24
24
2412
24
24
24
24
3313
825
826
1739
1752
2243
2218
2406
82
53
21
44
4
3
2445
2443
2432
1544
1542
845
1498
1506
1483
1541
1525
851
852
878
2430
881
878
881
878
881
707
881
707
893
868
867
567
872
871
872
848
524
872
868
867
867
880
880
871
871
881
883
898
885
236
2331
1564
848
1534
500
894
893
2464
875
878
878
881
881
854
662
476
907
767
1482
1522
911
8
165
839
748
912
1416
783
714
744
723
1557
1396
741
1558
1553
1020
1020
1017
1458
1053
1002
1455
1438
1449
1019
1438
1454
1452
934
1454
1041
1457
1458
1444
1451
1336
932
992
1057
1057
1057
986
1057
1000
992
992
1000
1333
1057
1057
1336
1336
995
1020
1000
1057
996
995
1333
992
992
1000
973
1000
1000
995
996
1057
1057
1057
997
963
1057
1057
1057
1216
1057
996
963
963
992
1000
1231
1057
996
997
1057
955
1000
1000
955
1057
1216
1216
1216
1000
1057
992
992
1216
1000
1057
1000
1020
1020
1002
1336
1000
1000
1247
1057
992
1057
1057
1216
1057
1057
1057
1216
1057
1057
975
1057
1057
1216
1231
1231
963
1216
1216
1057
1057
955
1057
969
1182
1458
995
1336
1316
1057
1057
1234
1231
1057
1057
1057
1000
992
1057
1216
1247
1231
1000
1336
992
1247
1216
1182
1200
1140
1200
1140
1200
1182
1141
1200
1247
1175
1182
1200
1247
1182
1182
1200
1200
1182
1057
1057
1108
1108
1057
1057
1057
1057
1057
1247
1057
1247
1057
1057
1247
1216
1247
1247
1216
1247
1057
1057
1247
1247
1247
1247
1247
1247
1247
1247
1247
1247
1216
1247
1247
1247
1247
1247
1247
1247
1247
1247
1247
1247
1247
1247
1247
1247
1247
1247
1247
1247
1247
1247
1247
1247
1247
1247
1247
1200
1247
1247
1057
1247
1247
1216
1247
1231
1247
1057
1247
1247
1216
1057
1057
1057
1247
1247
1247
1231
1231
1247
1247
1247
1247
1247
1247
1247
1247
1247
1247
1247
1247
1231
1247
1247
1247
1247
1247
1247
1247
1247
1247
1247
1247
1247
1247
1247
1247
1247
1247
1247
1247
1247
1247
1247
1247
1247
1247
1247
1247
1247
1231
1231
1231
1231
1247
1231
1234
1234
1231
1231
1234
1231
1234
1231
1231
1258
1247
1231
1234
1247
1231
1231
1247
1246
1247
1247
1258
1247
1258
1247
1247
1251
1258
1258
1237
1246
1247
1247
1247
1258
1231
1237
1231
1231
1231
1231
1247
1164
1057
1059
995
995
1057
995
995
995
981
1057
1059
1038
1038
1038
1164
1059
1059
1038
1038
1038
1057
1059
1038
1038
1057
1059
995
1107
1059
1164
1038
1038
1038
996
1057
1231
1247
1231
1231
963
963
1231
963
1231
1247
1234
963
990
1057
1057
1057
1057
1057
1057
995
995
995
995
1057
1003
1316
992
992
1000
992
996
996
996
1000
1000
995
1057
119
15
15
87
24
31
569
1348
662
1349
1370
1523
265
1374
1364
581
1522
787
569
1372
1523
1480
569
911
911
1367
263
664
706
1585
1369
2331
263
1369
705
568
1583
854
309
1384
2334
1378
1381
309
651
652
1744
1489
1573
1384
1384
1385
2469
2469
1467
1472
1387
1470
1388
2425
1390
1501
786
1501
1389
2446
2461
1394
773
762
1560
741
1556
1551
783
1405
744
744
771
733
916
728
927
768
709
924
1401
756
743
1399
1419
756
714
768
711
1440
1425
710
1426
941
1444
756
939
947
763
1443
776
1456
940
935
1450
1452
1456
1456
1451
932
928
1053
1458
1454
1447
1454
1002
1002
1019
973
1002
930
1041
975
1002
176
176
153
155
835
2423
1544
1470
1468
1487
1472
1472
1470
1470
579
574
574
2399
1474
2439
1537
1477
882
1523
1533
858
854
881
259
1516
1487
1385
1385
1488
1488
1488
452
1572
479
284
457
2335
1494
2400
2244
2244
1496
854
1507
884
1499
1503
1504
1505
2459
2462
2439
2439
256
1514
2303
1518
842
1509
1509
2439
854
858
2331
1529
1529
884
299
1506
884
1499
299
2452
858
894
524
236
1537
1477
848
852
1536
1542
1541
820
1544
506
761
777
1356
558
560
766
1352
561
748
734
733
747
736
558
752
736
2460
2337
1577
1570
462
1575
1578
2297
2448
1393
1581
706
877
566
262
115
837
128
246
834
246
2446
1593
526
526
1598
1723
1600
2259
297
1750
825
1601
2259
700
1613
1608
2378
1615
1616
1610
1612
1613
1615
474
281
1617
298
1748
1620
543
2206
1622
1638
323
1624
330
2228
1626
1653
315
1628
1631
321
333
302
1635
1636
1636
417
417
544
542
1640
597
599
1643
2346
1624
1646
300
1647
1646
1649
320
1650
300
1652
649
383
388
1677
1682
379
1681
445
423
424
1686
1686
617
1687
2311
1669
379
2326
446
2250
423
384
377
443
2251
2197
1679
369
380
449
1685
552
614
678
1701
1661
1662
681
389
1658
391
425
1675
556
616
615
1656
1656
2350
621
390
1672
643
306
1711
2263
311
1600
1713
1713
1714
276
311
2215
2281
2260
2357
1709
1720
2275
1604
1724
1724
1614
1728
1728
458
2403
1732
1731
288
824
1737
1492
2405
2359
1739
1495
2248
1378
2317
1746
309
2216
2200
1745
1380
253
1377
1383
452
1606
273
827
827
1752
2249
2224
2405
1741
1741
70
37
128
94
2626
46
82
4264
4264
38
2263
2275
1771
402
624
1959
2292
406
408
412
1690
1782
1949
404
1773
1785
2360
1775
1951
1776
1953
1778
1779
1785
1774
2360
1960
1923
2153
1987
2143
2178
2143
1997
2143
2142
2142
2143
2143
1981
1981
1980
2143
2148
2143
2153
1981
2153
2153
2153
2153
2169
2169
1985
2153
2153
1999
2006
2006
2162
2163
1904
1844
1979
1979
2178
1990
1990
2143
2055
1925
1997
1997
2153
1996
1999
1980
1980
1981
1849
2143
1979
2143
2148
2100
2100
2156
2003
2005
1866
1996
2153
2151
1999
1999
1999
1942
2153
2153
2169
1984
1984
1984
1984
1982
1982
1945
2000
2009
1988
2009
2162
2006
2006
2107
2156
1856
1982
2178
1925
2143
1997
1996
2153
1997
2142
2153
2153
1983
2151
2153
1999
1982
1994
1843
1904
2177
1924
1997
2143
2153
1826
2003
1996
1983
1997
1997
2153
2153
1996
2005
1982
1882
2006
1982
1986
2066
1984
428
557
630
403
394
2365
2292
1955
409
398
410
429
404
1692
1699
631
1700
1797
1958
1947
1961
1969
2362
1791
1783
1786
1946
1962
1961
1947
412
400
2047
2048
2047
2083
2046
2014
2014
2013
2014
2068
2051
2049
2052
2052
2055
2108
2068
2112
2116
2112
2108
2106
2108
2084
2086
2083
2046
2013
2022
2013
2045
2070
2012
2022
2186
2017
2024
2022
2025
2020
2029
2367
2073
2189
2097
2026
2098
2098
2031
2033
2034
2034
2033
2366
1970
2181
2092
2092
2092
2092
2034
2064
2050
2051
2013
2191
2187
1967
2084
2085
1798
2185
2085
2062
2063
2087
2087
2062
2370
2093
2377
2089
2089
1798
2012
2109
2109
2071
2022
2129
2073
2075
2135
2371
2030
2034
2093
2035
2039
2370
1966
1965
1962
1786
1786
1801
2363
1789
1800
2182
2182
2181
1790
2098
2052
2124
2123
2121
2123
2111
2120
2113
2118
2118
2071
2129
2119
2126
2119
2120
2126
2126
2058
2081
2130
2127
2131
2132
2137
2133
2081
2061
2134
2376
2138
2073
2138
2076
2079
2080
2137
2060
2030
2040
2039
2040
2039
1990
1991
2100
2177
2055
2100
2100
2057
2107
2000
2112
2100
2107
2107
2104
2107
2107
2107
1995
2011
2066
2009
2009
2011
2009
2006
2006
2004
2003
2003
2003
1979
2043
2042
2055
2043
1789
1800
1800
1772
1782
2188
1796
2191
1796
1777
1796
1976
880
566
1546
351
2208
2235
240
244
2223
291
2203
2212
286
2219
605
550
603
2211
2221
286
546
2209
2215
2247
2217
829
1753
2252
1639
2220
1627
2280
1753
2216
1380
2225
828
290
2226
1619
2230
2231
2238
2236
2207
2214
357
357
2225
604
2242
2241
639
2249
2240
1494
2245
336
2242
2242
1739
2248
364
352
2450
233
2253
2253
1469
642
2255
596
1716
2262
1604
1724
2263
2263
2262
1599
589
589
2265
1712
2269
2260
2260
2263
1721
1721
2262
692
2278
1725
2407
2247
2239
1605
470
661
298
1473
470
2286
343
606
2289
344
2290
1705
488
609
449
2267
488
2399
478
846
531
633
633
1528
2300
2302
2306
1644
2307
2308
1632
340
2352
618
2270
2316
2316
416
2334
2267
2319
2344
673
2321
355
675
676
677
678
1688
2353
2351
1708
2430
2318
2451
1489
2334
2285
1736
255
858
1524
2331
2340
2378
2342
1618
1622
1622
1643
1644
595
301
2349
1668
619
679
450
2324
627
387
2379
2267
2341
2333
1611
682
2361
2360
1784
1790
2031
2032
2037
2090
2028
2036
2090
2362
2028
2078
1788
2271
2379
2379
2381
2381
2423
200
2201
2252
2252
245
2201
2386
458
2388
2201
319
586
458
830
1534
2218
2445
2397
2389
1472
234
1509
2389
2389
1738
2386
843
230
653
489
2403
1738
2397
2405
2486
79
23
51
24
24
24
24
24
24
54
54
54
54
2411
2411
54
54
2434
785
2427
785
2428
246
2381
259
794
1535
1475
2423
525
789
2427
1510
238
2437
2460
1541
874
874
1534
500
502
2425
2448
2453
2437
1511
1542
2463
2454
2456
1485
2459
1499
1542
2468
246
247
2451
2467
2465
2447
2467
2447
578
2427
233
2476
308
2471
308
457
668
668
1568
668
1567
2461
1527
1493
3313
486
1743
522
1743
2479
1379
2487
1472
137
2508
2604
2604
128
2613
128
2613
128
839
2613
838
2535
137
137
3831
2491
2530
2650
2508
137
2542
2542
2510
2489
2531
2598
2579
2508
2542
2546
2513
2513
48
2569
2579
2546
2513
2579
2625
2613
2565
3831
2535
4260
114
2625
159
137
137
2508
2488
2536
2542
2597
4260
2597
2531
2531
2542
2531
838
2599
2538
2545
2579
2625
13
2613
128
128
9
4264
2494
3831
2608
2501
2608
2604
2535
2513
2510
2532
2541
2541
2509
2509
2541
2531
2598
2532
114
114
2598
2546
2625
2626
2625
2546
2546
2625
2626
2625
2537
2508
75
2599
4082
81
2509
75
112
114
2613
75
128
128
2534
2598
2626
2625
34
137
139
128
2608
2528
2613
2604
48
128
128
2491
2591
2562
137
2626
2598
2546
2625
2626
114
13
159
2488
2508
2535
2546
4264
2626
2509
2599
2650
2562
2544
3326
2625
128
2613
2613
82
2599
2534
2565
2535
2626
2541
2541
2541
2541
2541
2513
2513
2513
2513
2513
2513
2513
2513
2542
2541
2541
2541
2541
2541
2509
2541
2509
2513
2513
2541
2509
2532
2513
2513
2513
2513
2513
2513
2513
2513
2513
2513
2513
2513
2513
2513
2509
2509
2510
2513
2513
2513
2513
2541
2513
2541
2513
2541
2513
2513
2513
2541
2513
2541
2641
2642
2642
1596
2569
2726
2734
3053
2632
2747
4893
4727
4266
4939
4976
2767
4086
4086
1764
1588
2642
2723
2569
2569
2740
2398
4005
2533
4837
2748
3353
4838
2586
3352
3839
2985
3979
2757
2966
2760
277
4236
122
2586
3072
159
41
2764
2956
4231
2766
2764
3129
2964
3014
2791
3319
4746
2772
4744
4724
3146
2778
2778
2780
2781
4789
3192
3192
2784
2964
4744
4703
2788
2788
2941
3133
4988
3014
3963
2792
4090
2799
2797
2796
2798
3177
4250
2800
4001
3150
2768
2787
4707
2806
4132
2902
2807
3148
4731
2769
2812
4810
4805
3089
4124
4128
2786
4121
4749
4130
4145
4146
4142
4137
3138
3097
2828
2841
2831
3009
4735
2845
3037
3095
2819
2821
2824
4136
4825
4734
2917
2842
2918
2843
3101
2920
2920
4740
4739
4708
4791
4791
2829
4737
2852
2927
3171
2855
4793
2859
2863
2863
4699
2862
4190
2875
2907
3105
2931
4157
4170
2871
4151
4168
2930
4175
3044
4858
4200
4202
4191
4191
2882
4185
2911
4187
3116
2887
4861
2879
2880
2892
2882
2894
413
2262
2275
2276
2813
2808
2901
2808
2904
3139
3139
3039
2927
2907
2908
4193
4194
3114
3163
2952
2916
2835
2836
4797
3167
3167
4714
2922
2830
2829
3103
2926
2845
2926
4174
4699
4168
2933
2933
2934
4115
4247
3062
3361
3197
2939
4090
2791
3318
2942
3078
2945
2778
4801
4801
1520
68
4771
4770
3007
4787
3059
4994
2569
3952
2961
2473
3860
3149
4091
2966
3983
2741
3979
3347
2972
2977
2975
2837
3191
2979
3025
4232
2357
1711
2538
3343
2746
3954
2506
3323
2641
4083
1591
2533
278
2669
2550
4263
3843
159
2579
3851
2669
1591
4760
3136
4735
1379
1597
1591
4997
4988
4998
3154
2725
2732
4089
4972
1711
1711
685
685
2315
416
2954
3022
3124
4233
3182
3029
3026
3181
3160
3076
3030
3032
2903
3034
3035
3035
3037
2905
3038
3039
3040
2865
4158
4193
4184
3974
2755
3846
3868
3868
3847
3853
3052
3858
3383
3358
3057
3058
2985
4944
4003
4938
4081
4081
4076
3864
2971
3372
4250
3087
4702
2941
2942
2953
3078
2778
3078
3054
3084
3085
3021
3083
2762
2767
2814
4140
3088
2783
4815
2824
4712
3037
3036
3097
2818
2821
4816
2919
3093
4797
2849
2925
2856
4176
3108
3108
3109
3110
4165
4195
4195
4197
3115
3115
3118
4201
4818
3113
4834
2887
4218
2983
2313
541
637
4762
4206
2789
3012
2820
3136
3137
4797
3167
3140
4701
4757
2967
2770
2357
4778
2913
4742
4772
4761
4106
3151
3972
3059
3861
2660
3844
3158
3293
4713
4728
670
2778
2778
2975
4136
4136
4825
4826
4827
4828
4828
2832
2832
4183
2870
3174
2876
3180
2897
413
414
414
2277
692
2669
2550
3197
2939
3387
4102
4231
4803
3193
2963
3356
3195
2750
3912
3896
4050
3243
3268
3218
4045
3220
3211
3247
4056
3220
3251
3894
3404
4048
3228
4045
3396
3261
3222
3396
3260
3281
3398
3394
3250
3238
3157
3051
3048
2721
3047
3848
3049
3222
3893
3910
3257
3225
3399
3236
3228
3229
3394
3397
3229
3397
3394
3279
3210
3893
3243
3249
3845
3395
3048
3855
3209
3895
3410
3048
3841
3897
3847
3260
3266
3841
3266
3224
3215
3211
3052
3395
3268
3266
3848
3398
2401
2936
3371
3153
2755
2987
3256
3244
3049
2532
2541
2513
2569
2669
2546
2538
2669
2537
2513
4988
3293
805
2513
2513
2513
2532
2542
2542
2669
2569
2533
167
3190
813
2532
2513
2513
2510
2513
2542
2541
2513
5
3314
4239
3985
4751
4752
4251
4901
4726
1754
4263
2496
2549
1589
1589
128
2522
2554
4695
2523
122
4018
3993
2684
2623
3339
3378
3858
3352
3391
3977
3197
2987
3391
3353
3391
3352
4025
3387
4954
4955
3358
3358
3361
2989
3309
3358
3151
3356
3356
4693
4693
3358
3360
3347
2624
2675
4021
3054
3375
3377
3992
2621
2639
2512
3328
2628
3011
2511
2675
4957
3391
3347
3347
3391
3391
3354
3352
3860
3841
3394
3242
3868
3868
3855
2494
129
3399
3240
3242
4049
3213
3228
3251
3212
4047
4042
3261
3221
3916
3927
3422
3245
3933
3930
3198
3921
3246
3559
3436
3911
3928
3206
3206
3935
3206
3915
3204
3918
3264
3433
3921
3264
3426
3508
3508
3944
3942
3941
3426
3939
3502
3814
3491
3541
3420
3937
3938
3442
3949
3420
3415
3423
3423
3542
3425
3432
3422
3464
3507
3454
3541
3442
3420
3420
3491
3508
3447
3820
3521
3942
3942
3532
3942
3423
3545
3420
3944
3420
3948
3491
3423
3948
3943
3944
3434
3509
3537
3944
3947
3428
3540
3935
3428
3935
3940
3942
3425
3422
3422
3425
3933
3429
3927
3445
3937
3941
3553
3504
3499
3553
3939
3554
3520
3492
3933
3829
3504
3450
3499
3510
3541
3429
3806
3810
3442
3465
3428
3512
3420
3935
3432
3232
3933
3934
3415
3508
3442
3462
3521
3827
3812
3453
3929
3415
3937
3806
3545
3914
3432
3491
3462
3810
3815
3810
3448
3763
3458
3813
3778
3776
3760
3762
3514
3438
3815
3815
3813
3828
3448
3816
3763
3808
3776
3458
3460
3553
3820
3452
3532
3532
3498
3520
3484
3446
3462
3516
3554
3541
3806
3805
3471
3446
3449
3806
3446
3824
3541
3799
3806
3801
3516
3516
3824
3799
3541
3516
3806
3801
3516
3441
3516
3516
3798
3803
3798
3557
3798
3482
3798
3505
3803
3798
3753
3801
3797
3548
3803
3797
3803
3798
3472
3803
3798
3554
3824
3541
3817
3446
3446
3461
3446
3442
3462
3824
3818
3532
3450
3491
3823
3450
3545
3450
3541
3545
3447
3545
3447
3545
3545
3824
3545
3447
3545
3823
3457
3545
3447
3545
3545
3541
3472
3823
3516
3545
3823
3487
3539
3487
3539
3539
3539
3539
3539
3457
3539
3487
3539
3487
3457
3539
3545
3539
3539
3487
3539
3796
3796
3545
3541
3462
3516
3541
3545
3462
3541
3541
3447
3510
3545
3510
3544
3545
3545
3447
3447
3510
3510
3545
3447
3545
3447
3447
3545
3510
3447
3545
3545
3487
3545
3545
3545
3487
3487
3545
3487
3487
3487
3545
3487
3545
3447
3545
3545
3487
3487
3487
3487
3487
3544
3545
3545
3447
3544
3510
3510
3508
3464
3415
3821
3821
3415
3415
3821
3415
3453
3452
3453
3453
3453
3453
3453
3453
3453
3453
3821
3453
3453
3773
3821
3453
3452
3453
3453
3453
3453
3453
3820
3944
3541
3510
3510
3942
3510
3948
3942
3510
3948
3510
3560
3510
3434
3434
3949
3532
3464
3508
3508
3415
3416
3416
3946
3507
3940
3949
3948
3423
3939
3926
3948
3419
3948
3943
3943
3415
3415
2534
2534
1395
2513
2513
2513
2513
2513
3053
3840
3868
3001
3851
3973
3059
3059
3860
3857
2963
3276
3849
3194
3847
2755
3860
3868
3856
3151
4838
3866
3859
3352
3838
3989
3151
3864
3861
3862
2751
3860
3869
3981
3981
5000
4756
4243
3876
4245
3980
4839
2793
5000
4073
3880
3832
4975
4977
3995
4979
4958
2478
1588
4991
3398
4043
4043
3404
4049
4049
3251
3225
3260
4047
3216
4057
4048
3890
3220
3900
3406
3249
3414
3408
3249
3214
3402
3900
4055
3923
3904
3207
3413
3891
3405
3910
3414
3210
3264
3406
3903
3243
3917
3207
3245
3245
3427
3209
3252
3199
3200
3920
3921
3920
3918
3927
3205
3205
3922
3433
3433
3933
3436
3422
3436
3936
3930
3933
2533
3323
2642
2642
1591
2669
2607
3964
3962
2940
3010
3961
3282
4060
2745
3330
3951
3341
3081
4844
4013
3857
4838
2971
3379
4804
3962
3877
3143
4865
3983
4240
2966
4907
4984
2800
3986
3988
4014
3975
1580
4009
3378
4953
4965
3996
3998
2738
4000
3302
3063
2741
3070
4008
4696
507
2607
3975
4017
4014
3377
4024
4024
3377
4843
4974
4020
3334
3272
4786
4024
3017
2658
2687
2624
4950
2683
3835
2624
2533
122
4258
1546
3269
3255
3854
3855
3223
2957
3256
3050
3399
3241
3230
3157
3248
3050
3239
3855
4953
4908
2481
4070
2749
4989
1580
4910
3882
3887
3343
3371
3151
838
13
838
4958
108
834
1593
4991
526
4089
4769
4222
4094
4098
4249
4096
4093
4781
4238
4100
1608
4225
4104
4848
4106
4107
4107
4916
4109
4110
3984
4112
2787
4706
2805
4116
4809
2812
4117
4729
4732
2981
4123
4147
2814
4850
4144
3092
4730
4129
2813
2805
2901
3031
4135
4133
4813
4812
4807
3086
4139
2783
3091
2811
4146
2785
4129
2979
2978
4125
4169
4150
2868
4152
3111
2874
2873
4169
3106
2928
3107
4161
4162
4857
2932
2872
3173
2860
4173
2866
2857
4177
2907
4754
2929
2858
2861
4171
4180
3041
4182
2853
4196
2881
4192
2878
4188
4856
4153
4192
2909
3045
4159
4160
4197
4197
4860
3117
3112
2877
3134
4206
2263
1711
2771
4209
2777
3079
3078
4214
2771
3159
3135
1711
2952
3080
3162
2262
4093
4764
4108
4226
4897
4911
4998
4231
3128
4232
4912
2764
2800
4237
4993
4747
3987
4721
3982
3871
4242
4718
4896
4247
4244
2950
3874
4253
4249
4236
3985
4751
4725
4726
4252
2482
4248
70
1758
81
113
113
1762
4264
4264
2608
37
4267
108
108
4458
3175
4282
4452
4276
4454
4457
2895
4463
3121
4282
4450
4271
4870
4283
4681
4868
4293
4278
4294
4461
4287
4286
4285
4671
4425
4396
4335
4425
4310
4309
4339
4309
4320
4425
4424
4358
4671
4428
4358
4320
4424
4351
4358
4671
4371
4335
4335
4671
4379
4380
4653
4671
4385
4396
4385
4444
4392
4388
4396
4310
4310
4675
4678
4309
4307
4642
4309
4648
4310
4425
4424
4428
4322
4320
4675
4425
4425
4424
4311
4424
4425
4316
4351
4649
4434
4671
4668
4671
4320
4355
4671
4373
4651
4653
4653
4417
4388
4335
4335
4396
4443
4417
4366
4667
4665
4385
4667
4379
4655
4388
4390
4487
4443
4667
4394
4390
4388
4411
4310
4337
4674
4676
4358
4358
4320
4428
4351
4428
4351
4428
4417
4671
4671
4320
4417
4378
4669
4486
4667
4425
4301
4309
4358
4424
4675
4675
4316
4358
4358
4322
4358
4308
4429
4358
4320
4412
4437
4380
4396
4396
4321
4442
4444
4487
4417
4396
4461
2883
4280
2912
4451
4273
4453
2889
4454
2893
3120
3046
4459
2886
3046
4448
4447
4446
4466
4466
4467
4469
4470
4681
4472
4473
4473
4466
4476
4294
4280
4479
4545
4481
4505
4486
4507
4486
4509
4509
4509
4512
4503
4558
4558
4498
4513
4495
4498
4602
4605
4500
4607
4501
4503
4551
4549
4507
4549
4514
4509
4509
4513
4571
4518
4519
4519
4574
4571
4573
4524
4874
4523
4575
4574
4529
4527
4876
4521
4532
4579
4637
4534
4875
4538
4537
4537
4541
4540
4592
4637
4537
4503
4544
4558
4516
4525
4514
4587
4587
4553
4568
4503
4544
4568
4557
4602
4560
4561
4590
4878
4591
4685
4590
4589
4568
4571
4571
4573
4520
4575
4631
4522
4629
4577
4882
4636
4543
4582
4583
4566
4476
4587
4589
4473
4295
4591
4686
4683
4683
4593
4538
4683
4597
4881
4618
4606
4604
4605
4606
4607
4608
4608
4608
4619
4571
4613
4608
4614
4616
4614
4617
4575
4613
4613
4624
4623
4561
4624
4634
4627
4620
4628
4630
4577
4635
4633
4562
4882
4637
4883
4635
4879
4643
4643
4648
4643
4499
4499
4498
4499
4648
4657
4499
4605
4499
4388
4656
4388
4658
4388
4659
4390
4657
4509
4509
4509
4667
4486
4486
4484
4486
4486
4486
4669
4366
4504
4675
4482
4678
4545
4869
4297
4297
4296
4295
4296
4525
4687
4469
4690
4691
4294
3391
4693
3360
2750
464
4738
4754
4753
4701
3014
3147
2914
4703
3317
4720
4134
3096
4716
2833
3094
4115
4251
4720
2935
4710
4713
3074
4718
4216
4726
2792
4702
3031
4114
4217
4237
4892
4726
2731
3317
4251
4785
2773
2809
4120
4121
3098
4736
2846
2846
2839
2916
3098
3131
4215
4762
3316
4728
4752
3073
2774
4120
4732
3159
3988
3873
4753
3040
2719
3965
3876
2974
4220
2794
4745
2276
4864
2263
2262
2263
1711
4769
4823
4210
4823
4214
4758
2260
2260
1719
4212
4212
2277
2276
4095
4782
4204
4717
2995
2965
4803
2958
2769
4790
2823
2826
2842
2924
4794
2888
3078
2836
4171
2267
3078
2387
3959
3125
4777
4820
2315
4015
4807
3021
4811
4139
4813
2816
2822
3110
3118
4818
2261
415
2261
2316
4801
4116
4116
3166
3166
4826
3138
3168
3168
2825
3170
4831
4149
2869
4862
3340
3340
4034
4245
4840
4788
2962
4838
3975
4013
4846
4103
4848
4849
4814
4814
4851
4852
4854
4126
4855
4162
4832
4798
3170
3171
4198
4186
4801
4801
4240
4105
4275
4274
4450
4288
2885
4868
4578
4536
4878
4877
4579
4564
4684
4528
4584
4640
4284
4888
4824
2949
4086
2732
2569
2791
3869
4904
3014
3319
3000
2791
2732
4894
3012
3323
4901
3322
4914
2940
2940
1546
2951
2793
4237
278
2733
3012
4911
4911
4914
4252
4783
137
2508
2508
2508
2541
2542
2541
2541
2513
2513
2541
2513
2541
2510
2510
2510
2510
2513
3888
3064
4893
3887
3968
3016
2586
2569
2715
4943
4964
3061
3376
2523
3836
2624
3833
2639
4972
2716
4960
4948
4038
3333
4966
4808
4969
4964
4973
2585
4910
247
4058
2990
3320
2720
3066
2716
4755
2476
2476
4982
4984
805
3293
2476
4061
2476
1595
2478
4984
1579
1493
1729
2484
4997
523
4999
2487
1597
2006
1984
1984
2008
1984
