46
2402
2401
19
2
70
69
47
69
67
47
68
19
20
49
153
48
101
2403
22
52
817
79
53
26
91
28
29
2415
176
818
58
166
191
819
30
45
19
47
50
24
42
145
20
49
21
171
96
22
22
52
82
52
84
16
38
143
142
35
121
38
73
70
49
45
39
47
139
139
46
136
2402
207
163
197
2405
171
159
163
175
83
83
42
1796
110
87
89
129
191
814
93
175
2403
136
16
98
1
159
159
41
103
2
2401
2401
2401
45
82
27
815
38
2401
45
46
38
2
137
13
48
850
126
50
130
88
84
85
146
135
49
80
138
136
140
173
67
171
125
35
113
852
2
136
46
81
136
19
46
111
2405
170
170
197
197
197
202
165
197
197
826
197
160
160
160
159
159
175
196
165
160
159
197
164
206
814
814
206
165
202
165
202
165
165
165
202
159
159
159
202
197
158
202
197
197
202
170
170
170
202
165
159
202
160
170
912
228
2418
2434
579
812
210
743
521
2489
1393
258
260
1395
441
227
2379
211
1389
710
2361
242
2417
240
501
2458
1564
1550
1549
2229
798
2451
1614
1351
260
1615
1615
1466
1541
1549
806
806
1615
881
293
708
443
707
1393
259
258
1614
862
1612
1613
1615
563
669
260
669
2473
511
464
2245
315
696
1741
859
458
462
276
1638
2204
297
303
4991
2178
284
283
325
298
452
454
2337
2337
1639
1364
1591
1678
1680
1666
2176
459
1754
2375
2504
308
2227
1661
691
693
1661
693
2184
2215
812
2359
320
320
2196
322
324
1654
1654
1660
327
1657
537
651
330
1665
332
613
334
614
2291
2291
616
339
361
2271
425
344
2274
363
363
428
552
419
648
649
407
424
344
341
354
340
612
346
2171
1706
361
362
369
370
372
1704
434
433
1703
371
432
382
382
432
1707
1964
411
1702
1697
2335
1685
1729
387
374
374
390
1952
636
1810
1956
1979
1964
1978
2342
2341
1961
1957
1957
1811
1822
1823
1978
1823
2259
402
402
2255
404
650
549
551
551
411
379
413
1959
414
1816
2258
679
2231
512
353
2272
617
347
2180
373
425
2274
377
687
553
1693
1688
1697
626
2332
622
2182
2442
2442
710
445
4982
2516
2973
2975
489
247
2265
507
2252
638
2252
297
2266
561
212
906
1472
1497
463
279
469
1369
317
576
2471
576
881
491
491
1612
1612
1610
460
2250
288
454
2394
357
486
294
487
295
2979
827
1615
1604
1604
256
256
256
1604
1610
1388
499
2376
2376
583
209
1568
2454
504
208
779
507
779
1469
285
224
343
2520
241
4990
1353
2438
2438
2439
1402
2979
2296
535
2296
2283
2294
637
637
541
540
1756
541
541
543
676
543
596
1672
2179
423
611
550
551
552
554
1712
1692
556
557
415
1813
754
1342
1342
1342
1342
1330
742
1338
800
1353
710
1334
1359
1356
669
669
1345
2458
1605
1604
1604
1398
2463
1396
2366
239
1468
804
2471
1533
1532
568
1518
864
1517
1740
2367
282
459
2337
2337
1350
601
536
535
603
602
2245
2289
606
608
2290
609
616
352
2181
618
647
419
356
421
339
620
376
1713
375
1694
624
1727
631
389
389
1949
1960
1808
1955
630
1811
1958
1966
1965
1954
2255
2255
2357
640
542
2219
2243
1753
2393
353
512
354
408
1677
651
215
1770
4245
3005
480
480
659
2205
662
1644
256
1604
256
256
1492
260
260
260
1334
1346
1346
587
1334
2515
676
680
350
683
685
686
366
687
377
689
394
1815
2259
2259
2296
541
691
691
693
676
3183
695
4223
890
524
897
1346
1346
1640
664
704
596
1339
524
2460
524
956
1458
944
1447
1449
1437
949
984
946
1434
954
959
721
1436
1430
1412
1419
762
1432
717
942
938
747
738
1414
752
774
788
751
1581
1585
985
956
1422
1432
768
933
735
735
779
1589
781
725
945
946
749
768
1421
769
1338
1464
960
943
769
774
1433
717
938
777
747
777
751
1066
731
775
731
934
931
765
1428
440
441
1357
1605
1607
1341
801
1393
801
801
1342
577
256
1605
1605
810
952
774
582
170
827
816
159
126
142
192
817
197
203
2406
2405
696
464
267
702
702
197
164
197
206
165
165
170
202
97
842
843
2185
845
848
2516
208
849
851
17
67
67
13
2452
2469
261
858
1491
58
1552
701
700
1560
600
1550
587
1344
256
1606
1607
256
257
256
1610
917
2318
1612
806
255
1610
1610
1604
257
256
257
868
1612
1604
1610
1610
1347
1347
1347
709
2438
230
219
587
1346
1347
2438
708
1607
711
1606
590
671
1549
668
1350
2319
2320
1545
1558
891
885
243
701
701
2492
913
700
710
1347
1606
711
1610
1610
1610
868
868
1612
806
881
921
921
921
1330
746
768
742
1586
2
67
38
761
1420
1420
1439
1429
1429
1433
750
1435
958
763
995
1156
1121
1113
1240
1240
1013
964
1296
1014
1207
1014
1029
1007
1119
1173
1013
1021
1291
1295
1310
985
1142
1137
1135
1202
1202
1188
1087
1087
1087
1195
1135
1137
1240
1195
1137
1137
1108
1135
1188
1195
1137
1113
1113
1113
1113
1113
1135
1188
1135
1202
1135
1195
1195
1202
1142
1202
1135
1135
1195
1202
1195
1135
1188
1188
1202
1137
1195
1195
1202
1195
1195
1195
1195
1195
1202
1135
1195
1135
1137
1137
1108
1137
1135
1116
1188
1117
1108
1113
1240
1177
1112
1108
1135
1087
1135
1195
1135
1135
1135
1113
1137
1135
1135
1202
1144
1135
1202
1202
1135
1202
1202
1170
1135
1135
1135
1135
1137
1135
1195
1135
1042
1137
1240
1195
1087
1135
1202
1202
1135
1135
1135
1113
1137
1137
1135
1202
1202
1188
1240
1202
1135
1135
1135
1135
1135
1135
1135
1135
1135
1135
1135
1135
1135
1135
1135
1135
1135
1135
1135
1135
1135
1135
1135
1135
1135
1135
1135
1135
1135
1202
1135
1135
1135
1135
1202
1202
1202
1135
1202
1135
1135
1135
1135
1202
1135
1202
1135
1135
1202
1135
1135
1135
1135
1202
1202
1132
1202
1135
1135
1135
1135
1135
1135
1135
1135
1135
1202
1135
1135
1202
1135
1202
1202
1135
1135
1202
1135
1135
1135
1135
1135
1135
1135
1135
1202
1135
1202
1202
1202
1202
1202
1202
1202
1202
1202
1202
1202
1202
1202
1202
1202
1202
1202
1202
1202
1202
1202
1202
1202
1202
1202
1202
1202
1202
1202
1202
1202
1202
1202
1202
1202
1202
1202
1202
1202
1202
1202
1202
1202
1202
1202
1202
1202
1202
1202
1202
1202
1202
1202
1202
1202
1202
1202
1202
1202
1202
1202
1202
1195
1202
1202
1202
1195
1202
1202
1202
1202
1202
1202
1202
1202
1202
1202
1202
1202
1202
1202
1202
1202
1202
1202
1202
1202
1202
1202
1202
1202
1202
1202
1202
1202
1202
1202
1195
1202
1135
1135
1087
1135
1135
1135
1135
1087
1135
1135
1135
1135
1135
1135
1135
1135
1135
1135
1135
1135
1087
1135
1135
1135
1135
1135
1135
1135
1135
1135
1135
1195
1188
1202
1202
1202
1195
1195
1195
1188
1195
1188
1202
1195
1195
1188
1188
1188
1135
1135
1135
1137
1137
1137
1087
1135
1142
1188
1188
1113
1113
1108
1195
1195
1195
1195
1240
1116
1142
1135
46
46
2416
2416
816
164
814
800
564
1330
218
564
759
1342
1342
1342
260
669
669
463
801
800
800
564
753
802
1342
923
258
260
1342
1615
1615
1614
1615
1518
1334
1356
1356
2460
921
1615
1615
1333
706
260
259
1604
1334
568
801
564
1356
1357
1393
921
1475
1472
1380
2387
2237
1474
1501
1481
221
476
2495
2477
1534
317
1386
2457
2458
2458
1389
524
1608
213
1400
234
238
1405
1422
714
715
1439
761
1426
1437
1442
712
1440
1423
952
1444
952
955
1454
1445
1438
1453
1452
1447
1051
948
785
945
1043
1309
1023
1457
985
1023
1061
1052
985
1021
967
1303
964
1014
1006
1283
999
1296
1286
1047
1295
1119
1046
995
1014
991
1240
1014
1170
1035
1119
1207
1208
2452
251
504
209
502
1566
2384
2448
478
796
794
811
437
1485
2477
465
2469
1490
667
1517
2319
1340
1331
1518
1545
1549
917
917
1550
1549
1550
2441
574
1526
1479
246
2324
277
1511
2223
316
472
1331
860
1550
534
1562
524
1390
572
1358
1357
523
1615
259
259
1615
1615
1614
1612
1612
806
1612
806
903
1521
1590
1487
2391
582
1396
441
258
2463
805
260
805
260
1343
1351
262
493
479
245
2429
1531
856
1470
1494
1494
1493
1545
1493
2479
1521
1557
1547
1530
1554
1545
902
571
600
1491
589
891
865
904
901
905
862
261
855
1544
1418
1571
777
768
777
1418
1585
729
722
935
1407
722
941
1411
732
534
907
2470
1473
1499
293
1780
1499
1473
1362
1540
2317
1541
1602
1602
1608
2460
2438
524
255
255
1607
1607
1607
1358
259
68
11
584
852
1619
2455
1621
311
500
240
470
1736
604
2321
841
591
1637
1767
1639
1641
462
1791
1781
1633
275
1647
1648
2338
436
1362
321
2186
323
1675
1657
332
1666
2209
603
1661
1682
338
1664
335
609
1667
348
1668
1669
545
547
1683
681
1674
2288
1657
1676
2329
337
331
614
607
1681
1677
2308
386
2293
381
391
1715
634
1722
1721
628
627
1727
1695
632
1728
1720
386
1687
1687
1699
380
1710
1690
384
1689
431
1698
2330
434
1691
1725
623
1950
1978
392
1961
399
388
398
401
413
1959
1949
1962
629
395
630
2340
1812
398
690
484
3005
2217
2253
2337
1739
510
2262
677
3005
287
4730
2260
2246
2247
291
4238
2513
4242
831
1757
283
283
292
2228
1513
2512
2195
2396
654
2218
2363
1381
1772
1478
1362
1515
268
1785
1788
1789
1790
841
120
20
70
112
104
15
146
929
929
1319
2248
4730
500
1473
2156
1819
1971
2079
1818
1969
2163
2163
1977
1973
2080
1971
2154
2076
2029
2348
2082
2346
2351
2021
2082
2158
2159
2075
2074
2024
2029
2052
1827
1915
1944
1844
1858
1878
1844
1858
1858
1844
1844
1907
1915
1907
1915
1915
1915
1915
1907
1907
1907
1915
1907
1907
1890
1890
1827
1907
1907
1890
1851
1851
1944
1944
1858
1866
1866
1858
1844
1866
1844
1866
1858
1858
1844
1840
1915
1915
1938
1871
1907
1915
1871
1844
1915
1844
1844
1915
1907
1907
1938
1827
1915
1907
1907
1870
1870
1915
1907
1915
1907
1907
1890
1944
1890
1890
1851
1890
1907
1827
1895
1907
1907
1948
1851
1944
1850
1944
1948
1907
1915
1944
1844
1858
1844
1844
1915
1915
1844
1915
1907
1915
1915
1915
1907
1890
1851
1948
1851
1844
1858
1844
1858
1844
1878
1915
1915
1907
1915
1915
1844
1915
1915
1827
1890
1907
1907
1890
1851
1907
1948
1944
1890
1973
1965
1975
2156
2077
2078
1818
2081
1809
2162
2164
1824
1820
2154
1824
1972
1967
2039
2073
2040
2071
2018
2020
2025
2025
2039
2041
2070
2159
1975
2164
1860
1873
1873
1896
1849
1896
1851
1896
1947
1857
1832
1867
1837
1867
1948
1857
1889
1839
1946
2139
1857
1893
1983
1983
1881
1985
2144
1985
2142
1988
1855
2006
2002
2008
2008
1988
2057
2008
2013
2012
2058
2005
2008
2010
2012
2013
2013
2101
2108
2109
2013
2352
2109
2108
2108
2114
2106
2107
2107
2151
2149
1868
2002
1983
1982
1980
2034
1980
2121
2121
1991
1867
2122
1992
2083
2099
2105
2043
2044
2046
1990
1993
1988
1988
1993
2090
2057
2057
2058
2011
2058
2095
2097
2101
2103
2097
2104
2084
2040
2001
2042
2033
2043
2045
2049
2353
2352
2108
2352
2015
2016
2064
2020
1868
2130
2129
2135
2129
2137
2135
2136
1993
1987
1998
1999
2132
1998
2123
2126
2123
2057
2088
2091
2089
2086
1995
2086
2085
2088
2087
2090
2092
2094
2092
2085
2098
2084
2097
2097
2104
2097
2097
1928
1844
1844
1844
1841
1870
1870
1844
1888
1888
1888
1870
1830
1944
1893
1944
1830
1830
1948
1944
1857
1925
1947
1925
1890
1923
1925
1883
1849
1883
1938
1883
1838
1844
1838
2032
2050
2352
2032
2053
2049
2054
2036
2003
2009
2009
2158
2070
2070
2438
273
429
383
1700
1707
519
705
544
595
435
1705
2169
1706
359
610
451
611
2213
1743
2175
286
1377
1670
2183
416
660
307
2173
2193
299
2224
2207
2198
2216
418
2170
373
430
364
2174
2214
2254
285
302
2177
653
326
333
2226
1742
1776
372
1706
2422
2443
2232
678
2220
2199
2264
4730
1635
1734
2296
1734
662
1737
2276
2220
278
1745
2357
2255
597
1748
4285
1632
291
2261
416
2254
2191
2281
2267
2475
2270
615
341
2274
1711
1820
489
489
1709
2976
4760
327
250
2285
2285
638
872
328
2287
601
328
1674
2289
648
1696
396
397
2255
2294
2294
247
2337
683
682
684
426
2304
366
2333
688
690
1825
2312
1550
1546
1549
1546
1545
477
1763
1556
2282
1494
706
1546
1634
1636
1673
1656
2326
1674
2327
2328
1679
630
386
1695
376
396
1815
489
1750
1383
1970
2077
2020
2051
2051
2155
2017
2013
2019
2105
2048
2101
2099
2020
2101
2097
2052
2322
417
489
2360
2453
2434
1379
822
1486
1771
2394
4991
2436
2491
306
248
857
309
2480
862
1601
1758
4875
1366
2399
2400
2402
2403
826
54
170
170
202
170
170
170
197
173
159
159
202
160
2486
2489
530
243
906
1604
1612
2318
2318
1563
868
1612
1559
2438
1389
243
1605
1604
2442
1550
439
443
1607
901
1547
905
1559
1558
861
913
1401
2456
1600
2461
1400
2438
443
2420
1561
1549
1549
2461
577
1393
1392
2462
1614
1614
1358
1615
1615
1615
881
1615
806
881
806
1556
1552
1562
1565
1603
2432
1550
1489
210
2419
1387
222
217
2392
1484
1504
2324
2483
1473
1499
293
467
1591
467
2317
1650
2811
513
3166
2387
44
1800
118
37
37
1318
71
853
854
57
44
2588
1793
2636
4746
2560
4109
2587
2625
2562
2572
2601
4279
2603
2612
2639
2572
3315
2555
2666
2656
2556
3832
2659
2582
114
1798
2675
51
2563
2558
40
127
2566
2525
2642
2566
2573
1797
2546
2576
2626
144
99
122
3350
2581
2635
1618
13
156
1793
114
7
3353
44
154
66
1
154
4897
2657
2550
2542
2619
2643
2674
2546
2574
2655
85
2607
2547
2604
2521
2613
3334
2662
2569
2677
3
2531
5
1
2534
1
41
133
930
37
1318
66
114
2650
2554
127
37
114
66
122
107
1317
37
3427
2621
3351
50
2608
2654
2606
2549
2647
2661
2535
2588
2547
15
2619
4
2532
9
2581
4282
61
37
71
1798
2640
66
66
118
2541
2541
2543
2567
3323
2561
2605
3323
2692
2700
2550
2543
3323
2567
2658
4881
4882
4881
2568
2534
2710
2700
2568
3312
2550
3323
3323
2700
2700
2692
2694
2597
2692
2700
2597
2692
2692
2692
2657
2657
2700
2692
4881
2692
2541
3323
2541
2541
2570
2550
3323
2692
2590
2692
2700
2658
3966
2738
4899
2751
2740
2765
3302
4964
3848
3078
4108
4108
4100
4945
3302
3887
3045
3088
4916
4916
2761
4120
4960
4116
3017
2756
2755
3024
4792
4792
3871
4917
4057
4108
4108
3858
3858
3366
3173
3018
4792
3405
3418
3418
3418
3380
3985
3214
4099
4051
4103
4100
4100
4929
3366
3366
3418
3243
3858
3379
2789
3858
4948
3868
4726
2836
2984
3969
4224
3328
4803
2800
2791
2981
4761
2806
4712
3209
2818
2845
4662
4757
4757
4227
4226
4128
3164
4750
3210
2989
2803
4663
4164
2824
4724
3318
4993
4961
3054
2835
2835
3053
3055
3103
2960
2961
2839
2840
4145
4771
4809
3187
4144
4709
4711
2847
4765
4807
2850
4156
2852
4696
3156
3027
3124
4772
4751
2857
3129
2888
4755
4759
2891
4715
2894
4785
2931
3028
3157
3158
4781
4667
2884
2863
2861
4752
3122
4784
4657
3067
4200
2889
2952
2951
4196
4787
2955
4813
4758
3136
4188
4178
4183
4179
2903
2912
3194
2955
4208
4817
4217
2908
3144
2910
2895
4205
4825
3140
3146
4444
4439
4292
4294
4438
4455
4297
4296
4824
4824
4302
4303
4304
4467
4467
4438
3200
3183
4730
2923
2256
4770
3188
3190
2930
3191
4786
2900
2934
2913
4449
4287
2937
4740
4738
4656
2863
4752
2876
3189
3064
4198
2893
4193
3130
2897
4814
4214
2905
4220
4210
4773
3134
2927
3895
3391
3213
2758
3154
4849
2812
4757
4757
2938
4818
3883
4069
2979
2980
4838
2809
2982
2986
3019
3989
4262
3898
2988
4125
4255
3868
4021
4022
3085
3379
3379
3379
3366
3008
2762
2997
3107
4227
4227
4234
3184
2817
2817
3003
4737
3005
3005
3366
3366
3173
4103
3375
3374
3414
2762
2762
2762
4909
2750
3354
2737
3093
2768
4119
4044
4858
2769
3033
4115
3283
3023
3406
4283
4705
2945
2894
517
4283
4242
3856
2965
3390
4121
2987
3006
3199
3198
3199
3199
2296
3147
4764
4244
3209
3149
3149
676
3149
2821
2843
4147
2871
3159
2929
3065
2886
2896
4194
3068
4211
4213
3071
4306
4076
3850
3851
3851
3842
3074
3075
3301
3073
3848
3393
3077
3862
3862
3300
3007
3082
3853
2771
4103
4107
4106
4108
4937
2967
3014
4116
3298
3303
3302
3086
3081
3418
3360
3175
4706
4661
2822
3052
3107
4733
4734
4757
3110
3198
3055
3198
3198
4726
3871
4153
2849
3117
4156
2852
3121
3121
4669
2882
4701
2940
2941
3125
2860
4200
3132
4212
4205
4215
3142
4811
4204
2920
4436
4450
4442
4821
4815
4293
4445
4443
4457
4824
4737
3148
3050
4777
3150
3209
3170
3152
4231
4724
4222
2864
4697
2875
2866
3160
4687
3980
3097
4855
2998
2998
3167
2810
4732
4137
3375
4107
3173
4103
4801
3858
4108
3858
3859
3177
3855
3036
3248
3838
4676
4728
4740
4725
4234
3119
3001
2859
3122
2887
4202
4184
2914
4299
3197
3057
3200
3201
2923
3201
4285
3150
1802
4859
4654
3854
3854
4134
3209
4748
3211
3849
3213
3854
3854
3960
3564
3515
3226
3943
3451
3450
3820
3944
3956
3453
3555
3930
3228
3920
3223
3931
3279
3927
3435
3914
3433
3268
3241
3239
3909
3307
3841
3241
4084
3276
3825
3798
3510
3922
3230
3434
3233
3254
3421
3238
4085
3555
3264
3564
3484
3443
3288
3233
3271
3432
3509
3959
3526
3276
3245
4078
3941
3234
3910
3913
4079
3290
3798
3271
3936
3912
3241
3292
3265
1542
4031
4101
2964
4100
3862
4100
4100
3850
2786
3300
4935
2783
3373
3270
3945
3307
4922
2605
2550
3325
2550
2619
2580
2646
2601
4977
2692
2570
2541
2543
2571
3021
2796
3327
3209
3150
2550
2605
2728
2674
4889
2541
2571
3332
840
4268
2807
4672
3104
4849
4111
2668
4281
3352
2531
10
144
3410
4067
3970
3399
3398
4797
4018
3083
3404
3365
3403
3404
3036
4914
3375
3375
3373
3373
3414
3414
3405
4792
4792
4792
3392
3414
2762
3414
4105
3414
3414
2762
3366
2762
2762
4105
4792
3207
3207
3385
3391
3385
3381
3361
3098
3391
3213
3390
3216
3393
3216
3176
3101
3207
3404
3404
3852
4065
3100
4793
4049
4060
3013
4908
3383
3382
2745
3012
3382
3213
3207
3382
4654
2762
3414
4792
2762
2762
4792
3418
3418
3418
3418
3418
3418
3418
3280
4083
3994
3843
3430
152
105
3927
3906
3914
3250
3460
3933
3217
3224
3446
3953
3223
3601
3532
3567
3567
3673
3697
3464
3657
3533
3707
3465
3625
3823
3669
3640
3623
3607
3462
3734
3717
3462
3804
3646
3646
3646
3646
3646
3646
3585
3592
3646
3699
3646
3646
3699
3646
3582
3585
3646
3646
3699
3699
3646
3582
3636
3642
3582
3646
3699
3646
3646
3646
3646
3699
3699
3646
3646
3646
3646
3646
3646
3699
3646
3646
3646
3646
3646
3699
3646
3646
3692
3692
3699
3692
3646
3646
3646
3646
3646
3630
3635
3585
3585
3635
3585
3646
3640
3588
3627
3567
3692
3631
3567
3646
3582
3646
3646
3646
3646
3646
3646
3635
3646
3646
3646
3699
3646
3646
3646
3699
3646
3646
3646
3646
3646
3646
3630
3646
3646
3699
3699
3707
3585
3699
3699
3646
3646
3646
3646
3646
3646
3646
3635
3646
3646
3646
3646
3734
3699
3646
3646
3646
3646
3646
3646
3646
3646
3646
3646
3646
3646
3646
3646
3646
3646
3646
3646
3646
3646
3646
3646
3646
3646
3646
3646
3646
3646
3646
3646
3646
3646
3646
3646
3646
3646
3646
3646
3646
3646
3646
3646
3646
3646
3646
3646
3646
3646
3646
3646
3646
3646
3646
3646
3646
3646
3646
3646
3646
3646
3646
3646
3646
3646
3646
3646
3646
3646
3646
3646
3646
3646
3646
3646
3646
3646
3646
3646
3646
3646
3646
3646
3646
3646
3646
3646
3646
3646
3646
3646
3646
3646
3646
3646
3646
3646
3646
3646
3646
3646
3646
3646
3646
3646
3646
3646
3646
3646
3646
3646
3646
3646
3646
3646
3646
3646
3646
3646
3646
3646
3646
3646
3646
3646
3646
3646
3646
3646
3646
3646
3646
3646
3646
3646
3646
3646
3646
3646
3646
3646
3646
3646
3646
3646
3646
3646
3646
3646
3646
3646
3646
3646
3646
3646
3646
3646
3646
3646
3646
3646
3646
3646
3646
3646
3646
3646
3646
3646
3646
3646
3646
3646
3646
3646
3646
3646
3646
3646
3646
3646
3646
3646
3646
3646
3646
3646
3646
3646
3646
3646
3646
3646
3646
3646
3646
3646
3646
3646
3646
3646
3646
3646
3646
3646
3646
3646
3646
3646
3646
3646
3646
3646
3646
3646
3646
3646
3646
3646
3646
3646
3646
3646
3630
3646
3646
3699
3646
3646
3646
3646
3646
3646
3646
3646
3646
3646
3646
3646
3646
3646
3646
3646
3646
3592
3582
3646
3646
3646
3699
3646
3585
3585
3699
3699
3699
3692
3692
3635
3646
3646
117
66
2623
2694
2547
3312
3332
3337
3301
3077
3420
2788
3249
3072
3841
3858
3851
3851
3851
3842
3262
3301
3300
3301
3212
3425
3073
3074
3858
4108
2785
4108
3174
3008
3379
3858
3845
3836
3854
3862
3862
3379
3418
3007
3845
3991
4108
4108
3173
3173
3845
3863
3846
3862
3862
4101
4100
3082
2826
3973
2838
2519
4723
3876
254
3294
2775
3983
3031
3985
2749
4983
4933
4934
3084
3890
3889
3394
4936
4096
2763
1623
1403
3941
3251
3285
3252
3263
3921
3948
3939
3926
3275
3937
3569
3223
3482
3962
3441
3448
3952
3962
3951
3458
3460
3553
3564
3501
3529
3799
3466
3802
3556
3500
3824
3728
3819
3487
3462
3465
3707
3491
3503
3657
3806
3734
3487
3735
3546
3596
3599
3495
3603
3697
3689
3705
3617
3705
3692
3734
2984
2787
3354
2768
3016
4122
1467
3355
3308
4039
4924
4033
4032
3297
2983
4019
3356
3988
3990
3175
4801
3212
3423
3994
4792
4049
3405
4792
3405
3405
4792
3417
4910
2995
4035
3096
3873
4708
4682
2991
3114
3992
4041
4957
4048
3404
4063
2963
4101
4101
4106
4101
4107
3173
3008
3366
3418
3008
3418
2773
3418
3405
3405
3363
4790
3986
3895
3894
4945
4108
4020
4108
3174
3174
3174
3379
3380
3380
3011
4962
4766
4955
2776
4030
4045
4050
3419
3404
4051
4800
4093
4027
3404
4793
4058
4056
4051
4050
3013
3389
3402
3399
3409
3411
2747
3402
2787
3970
2795
4070
3279
3287
3236
3908
3435
3221
3220
3431
3926
3438
3917
3904
3231
3918
3233
3989
2772
2511
2268
1382
2268
4976
1595
4981
1592
2779
2779
4015
4095
4959
4839
4099
3854
3854
4099
4098
4654
3216
4654
4107
4098
120
99
4281
852
1625
2505
1803
2508
500
525
4742
3102
2793
4237
4266
4129
4803
4141
4133
4134
4131
4130
4264
4138
4140
4139
4273
2814
4004
4666
4160
4163
4780
4769
4165
4694
2846
4671
4153
4172
2833
3160
2856
2819
2818
2854
4164
4806
2844
4159
2926
4154
3110
4807
4808
4808
4168
4168
4169
4170
2855
3002
2816
4167
4221
3139
4775
4204
2911
3145
3138
2906
2935
2935
3071
3141
4811
2917
3143
4210
4207
4209
4189
4184
4176
4187
4787
4182
4183
4177
3137
4186
3135
4182
4217
2901
4451
4294
3196
4442
2918
2918
2919
4293
4440
4451
4447
4437
2916
4815
4756
4291
2917
2921
4288
4725
4725
4223
2979
2248
4225
4734
4233
4225
4727
4230
4231
2979
4234
4740
1748
1734
4127
4236
4140
4238
3155
3185
4240
2800
4243
4240
4246
4690
4270
4252
2802
2749
4981
3870
4989
4257
4002
3881
2794
4266
4714
4680
4857
4272
4819
930
2635
4277
4278
2626
99
12
40
1628
4223
4223
1622
1502
4565
4300
4822
4833
4302
4651
4463
4571
4455
4645
4564
4642
4565
4541
4554
4566
4570
4512
4568
4570
4649
4464
4652
4563
4554
4517
4833
4541
4351
4351
4390
4402
4309
4420
4349
4420
4357
4402
4420
4402
4402
4424
4402
4402
4351
4402
4327
4424
4424
4424
4424
4424
4424
4333
4311
4424
4426
4424
4426
4435
4435
4390
4311
4310
4309
4402
4420
4309
4312
4415
4349
4402
4309
4402
4402
4402
4320
4402
4402
4402
4420
4327
4402
4420
4402
4327
4400
4320
4424
4326
4402
4327
4424
4424
4424
4424
4426
4326
4424
4406
4424
4311
4311
4333
4424
4424
4333
4333
4424
4426
4424
4431
4426
4310
4435
4333
4311
4390
4311
4391
4424
4351
4435
4309
4313
4402
4320
4320
4327
4424
4402
4402
4402
4424
4424
4426
4424
4424
4426
4326
4435
4333
4351
4325
4404
4351
4402
4402
4424
4351
4402
4424
4351
4420
4424
4327
4326
4424
4424
4424
4333
4333
4424
4326
4311
4435
4435
4460
4454
4461
4644
4642
4517
4459
4458
4466
4653
4467
4298
4822
4836
4305
4560
4456
4536
4531
4561
4531
4507
4507
4827
4552
4528
4529
4526
4526
4464
4463
4638
4421
4638
4634
4633
4333
4632
4628
4628
4628
4417
4417
4362
4368
4629
4368
4613
4382
4434
4434
4627
4634
4471
4634
4631
4628
4628
4631
4629
4473
4491
4473
4475
4475
4481
4494
4497
4501
4499
4546
4497
4473
4505
4504
4501
4546
4588
4590
4549
4598
4587
4599
4597
4594
4594
4594
4590
4640
4640
4413
4413
4471
4490
4470
4488
4636
4477
4468
4639
4534
4573
4613
4483
4575
4574
4590
4591
4592
4586
4572
4534
4629
4629
4494
4475
4495
4500
4495
4500
4587
4588
4589
4590
4590
4585
4575
4489
4523
4522
4524
4558
4593
4605
4594
4598
4552
4834
4598
4552
4508
4508
4350
4613
4613
4613
4384
4410
4627
4627
4476
4627
4625
4624
4622
4485
4385
4613
4482
4495
4494
4486
4576
4486
4584
4578
4578
4579
4546
4546
4544
4582
4582
4546
4590
4582
4582
4588
4415
4415
4419
4419
4419
4326
4373
4326
4373
4408
4408
4326
4408
4426
4429
4375
4408
4429
4391
4434
4628
4333
4333
4333
4333
4421
4333
4421
4333
4356
4421
4396
4416
4416
4557
4557
4830
4512
4552
4538
4586
4491
4490
4492
4497
4648
4650
4526
1569
4195
3131
3068
3131
2950
3037
3211
3058
3058
4160
4162
4716
4194
2867
3120
4673
2823
3062
4669
3153
4860
3169
3345
3059
4161
3060
3168
4248
4270
4679
2810
2845
4710
4150
4702
2885
2879
2951
2950
4195
2881
4689
4674
4685
4692
4678
4744
4721
4151
2853
4695
4686
4269
2904
4201
2742
4973
4718
2936
4725
3025
3151
4285
4235
4135
2296
1734
2294
4223
4732
4733
4734
3171
2936
4736
4777
2248
4737
2997
4233
3183
4730
4235
4743
4745
4231
3168
3355
2982
4798
4750
3125
4754
4759
4199
4290
2938
4753
4773
2938
2938
2938
4747
3997
3051
3051
2924
3049
4779
3111
3049
3111
3111
4771
2849
2851
3142
4218
4756
2923
4776
4776
4000
2938
4018
2870
2877
3127
3129
3130
3130
2907
3196
4441
3987
3405
4792
4792
4018
4051
3998
4762
3874
4963
4046
4800
4046
4803
4136
4132
3186
4152
3110
4152
4153
4155
4751
4816
4221
4186
4192
4821
4825
4738
3972
4301
4829
4509
4829
4538
4301
4641
4507
4501
4508
4583
4593
4581
4583
4507
4581
4589
4556
4729
4739
3148
4737
3042
4841
4861
2825
4043
4850
3155
4855
4858
4968
4843
2309
4871
4869
4930
4872
3184
2812
4271
2813
4879
2588
2565
2536
2542
2603
3323
2549
2692
2541
2541
2692
4882
2623
2674
2674
2674
4881
2767
4900
3094
3886
2771
2762
4105
4103
4792
4792
3203
2762
2762
3366
2757
2965
2771
4916
4103
4103
3092
2961
4098
4101
3989
4929
4064
4931
4931
3012
4933
4096
3896
3896
3854
4098
3356
4792
4792
2772
3890
4937
4939
4100
4100
4107
4108
3858
3008
3008
3366
3008
3418
3418
4792
4791
4028
3363
3365
4903
2484
4054
4018
4964
2750
4966
4968
4969
4967
4846
1778
4986
456
2315
4089
293
2507
1382
840
4985
1598
4249
3000
4873
4992
708
445
255
