65
1
91
111
101
100
94
141
36
7
8
143
13
64
141
45
134
45
42
46
47
812
22
27
56
25
27
127
56
125
823
822
120
33
107
116
57
66
68
2378
38
39
263
41
43
17
115
133
18
48
19
22
2382
920
93
7
843
55
107
29
136
2566
98
100
4113
11
35
37
63
65
91
109
44
32
69
151
2380
75
163
74
74
50
76
78
123
23
103
162
84
120
121
166
20
162
14
92
93
73
133
117
1795
3
102
100
138
11
76
104
263
106
105
35
41
144
108
142
105
108
54
498
116
134
131
120
130
51
180
823
129
127
81
83
1794
15
9
15
111
107
107
2643
135
105
98
60
90
12
1315
145
151
159
156
151
156
151
151
152
806
806
155
70
156
159
152
181
173
179
810
74
1319
1319
2387
810
151
806
806
155
165
155
155
806
173
155
806
152
1319
179
810
155
173
177
806
151
151
151
151
151
173
180
155
181
152
899
487
1609
1334
557
1572
565
306
2394
755
1363
552
552
571
1326
1338
217
2375
2456
1506
1506
1506
599
1561
2401
2337
577
846
457
1332
2158
1576
1569
1377
2450
2422
892
1559
1554
1565
2443
1607
452
457
1555
917
552
457
1332
457
552
1577
2296
1331
1331
739
739
451
451
1322
464
1774
585
1784
261
1477
1739
257
4636
2241
266
256
275
269
438
1758
266
825
275
2185
276
4247
4735
2254
442
2376
428
1496
474
283
286
288
287
527
2352
2351
291
516
299
2199
3181
2804
2802
2804
2802
837
2183
517
268
308
2177
318
2261
310
1659
315
2203
317
2819
527
3029
1664
1665
4790
1668
1670
2204
1671
1687
604
1685
1666
2302
412
411
345
410
640
344
641
414
540
324
326
1667
313
605
609
338
339
2251
340
413
350
2164
347
2246
335
351
683
418
330
2245
333
354
362
364
335
416
1699
356
614
360
1691
1718
368
1704
1706
1712
2285
1721
619
627
1725
1720
1720
381
375
623
624
387
377
388
627
390
390
2893
2221
4707
1672
289
394
396
1658
644
336
366
1691
405
1721
375
675
2215
605
2190
609
610
313
538
537
2191
345
2280
336
400
1711
2155
2154
424
2247
425
1676
200
1408
2437
2296
2297
2296
2491
1756
4735
2944
4228
4229
282
446
4800
1743
2253
636
2243
779
1563
2354
895
650
2294
913
308
307
205
1386
208
854
1562
1569
2225
2224
2373
4247
2372
468
1683
531
3034
3034
303
2802
4736
1527
2296
2296
2296
1562
2297
892
1569
1334
1334
563
1361
1571
903
197
258
881
2353
1479
1589
732
261
776
558
61
636
641
640
1626
4986
495
294
2296
2296
1416
2428
2336
4753
3180
4755
3127
4819
448
3030
3032
3034
3030
3032
3032
3031
3030
705
1675
535
396
1658
395
643
644
399
541
543
1697
547
403
548
919
773
773
553
737
731
774
919
738
786
497
2298
2298
2298
744
767
556
742
1322
1322
1321
457
1331
457
892
2457
2419
2436
2404
486
489
1545
1548
252
913
1336
304
598
440
466
589
2254
442
497
3027
3024
3093
3027
1739
647
2305
4788
4789
1682
2307
1686
602
427
539
412
323
325
2308
328
471
612
613
1717
421
426
620
368
1703
1694
546
619
624
1731
2269
627
1733
1728
623
4819
4820
4227
3031
3131
2238
290
639
469
1737
338
608
326
395
1688
1664
2341
2214
2371
4799
407
652
407
2174
656
657
457
1506
457
1506
1601
1322
451
553
1327
553
1334
743
1363
753
758
2171
470
442
2264
312
677
341
2278
681
682
2312
686
2314
2893
2895
3033
3180
3034
3031
2893
2893
4234
558
2296
1561
2296
252
557
3321
704
274
530
653
919
457
457
1334
2298
1447
720
719
1427
930
1424
927
943
1449
1432
716
724
930
1433
788
728
789
733
932
761
922
726
725
789
1429
1418
1599
789
1597
1592
778
785
785
725
1600
1600
752
1600
738
778
786
769
753
754
1584
805
1592
1448
1423
727
750
784
1420
916
725
925
777
732
1599
777
1582
739
732
1589
777
1588
1436
761
762
721
1418
1592
1427
746
751
770
747
805
731
1424
752
725
1599
1599
1425
1428
725
1599
1599
760
778
1585
777
1599
739
778
1585
942
786
725
763
725
1592
922
1583
785
1440
789
730
431
570
892
1507
767
552
773
1338
1326
765
765
773
2444
1561
1561
761
772
746
1408
809
173
477
2382
810
125
134
813
813
152
154
156
2382
492
695
262
152
3131
151
70
806
165
120
2382
806
1525
1782
1522
2200
2200
2346
272
195
842
16
844
921
132
567
894
2461
1578
1499
1355
851
1541
1321
1565
850
1556
1557
1363
1363
2296
1555
1561
1561
2297
1569
1561
1569
1569
1561
2296
1561
1561
1562
1561
2296
2296
1561
2296
2296
1562
1569
557
2298
2298
1506
1506
2298
1506
669
1324
2298
2298
2297
1561
2296
2296
1561
1561
1336
1363
1321
2297
1325
1363
890
1503
1505
1569
1348
204
1335
1334
1321
1334
2298
701
1354
1323
1323
1335
2297
1561
1561
1562
2297
1562
2296
2296
2296
913
917
1331
913
914
779
1596
918
1587
735
36
9
766
934
1429
764
1439
1435
718
1424
727
750
1426
930
1438
1431
1459
1463
946
1460
949
1451
951
951
1460
942
1460
947
1466
1457
1457
720
955
1470
713
1305
962
1305
1004
1311
1019
980
962
3466
3473
1306
1019
954
1023
1023
1066
977
980
1019
962
1473
1019
940
1023
1018
3466
3513
1010
1066
977
1467
980
1293
957
3513
1035
1303
964
980
1023
1293
1035
1311
975
1006
1051
940
1312
1475
1311
1006
3513
1021
1050
1017
1023
1466
3813
936
1059
946
946
946
1470
944
946
1293
962
1035
957
1012
963
1018
1023
3473
993
1012
946
957
1304
1015
1303
1298
1303
3454
3548
1015
962
3754
1059
1474
979
1023
1473
1475
1305
980
1012
993
963
1050
3812
1018
1023
1022
3513
1293
1293
1018
1467
1011
3454
3466
3548
3754
3551
3460
3755
3806
3807
3548
3755
3548
3806
3754
3752
3806
3806
3509
3761
3473
3459
3473
963
3513
963
963
957
1015
1312
3808
957
976
3460
981
1242
1242
3808
1015
1314
1293
3808
1313
3750
1242
1242
981
1006
3453
3808
981
3528
1244
3800
3800
3453
1244
3453
1272
3751
3528
3803
3797
3773
1244
1271
3453
3490
3800
3802
3798
1304
1313
1015
3513
1302
1313
3801
1015
1313
1314
1015
1004
1004
1005
1314
1302
1015
1302
1293
958
976
3453
1242
972
972
972
976
3453
956
976
956
1302
956
1314
1314
956
1271
956
971
3798
958
1271
3468
958
3800
3800
971
956
1271
1271
956
956
3485
3798
971
1036
1293
1313
1293
976
1153
1293
1302
1301
976
1293
1291
3472
1301
1301
972
1301
993
1293
1301
976
1301
972
1011
1293
1301
976
956
1036
956
956
1292
956
956
956
3798
1290
3808
956
956
967
3808
3798
956
3535
1293
976
1293
993
972
1293
3812
1305
3812
1305
1305
962
3812
3812
3812
3812
1305
1305
1299
3812
3812
3459
3812
3812
3812
3812
3459
3812
3812
3812
3459
3812
3812
3812
3812
1305
3812
3812
3812
3812
957
3812
3812
1465
1015
1006
1015
1304
1066
1066
1066
1304
977
1302
1304
1066
1066
980
1018
962
1305
1305
980
1023
980
1305
1305
1018
1018
1023
1023
1059
1018
1005
979
1065
3812
1305
1316
1414
165
806
806
86
780
755
741
1327
740
756
773
773
773
1327
1327
1327
1327
914
738
742
738
753
765
765
1587
553
552
552
553
553
1322
1322
1331
1331
1322
497
556
556
1334
1322
1322
755
758
1322
1331
1332
1332
1331
743
783
740
1338
1332
552
1332
552
741
1490
2293
504
2487
462
445
1485
237
1491
455
581
2403
2464
1326
1326
1326
1332
1332
1331
1369
1332
1332
583
583
583
2296
1570
583
1369
1322
565
565
456
2498
1413
1425
1425
777
1435
932
1430
1420
1420
1435
718
727
1424
727
1599
1425
1599
1599
932
715
1430
771
929
775
723
747
1423
772
724
748
1444
1444
1451
1434
1444
762
1452
1434
1458
1448
1449
1459
749
951
943
949
770
951
949
941
948
1454
1463
1463
946
938
949
1467
946
950
944
944
453
249
2424
2425
1576
2152
2362
1549
2418
210
2409
2338
852
2421
2290
2290
1500
1356
1325
555
756
918
917
2297
1565
1564
1538
1550
463
1390
461
221
2195
2500
1521
587
555
1551
1531
1565
1556
583
583
583
583
2420
482
854
897
1529
2455
2256
2362
799
799
2446
1537
1540
2452
1602
1497
2368
1581
1580
1340
1505
1505
2297
1505
1504
2453
1565
1556
1575
1552
2287
2297
1323
1362
662
662
1557
1362
670
593
1501
1574
1577
240
1579
4074
761
1600
1596
916
1596
725
761
1592
1600
1428
730
725
725
788
788
760
924
736
1599
726
922
1419
934
1557
1531
1542
2497
4098
1607
1778
2490
242
2293
1380
1606
452
452
1567
4737
1328
565
553
1328
1328
1328
2483
457
457
457
1555
1555
1555
2296
2296
457
10
4112
2570
921
490
2458
1800
1391
1801
1633
459
1744
586
1783
259
1641
264
1790
265
1645
1643
2300
1753
1649
454
1651
1652
1517
1654
1379
2178
536
1681
1681
318
2258
1662
1662
2188
2804
4152
4152
2801
302
1666
2307
604
1670
322
590
526
1672
1660
534
394
4789
601
3090
3092
4742
4746
284
602
317
321
1686
322
1689
302
320
645
366
1692
423
372
374
374
1707
1696
421
616
1701
2311
371
1693
1704
2283
422
1719
367
361
401
2154
1711
363
354
1714
358
2248
402
359
1729
365
2284
1730
1724
1703
1695
1727
369
1726
1698
616
618
620
378
1734
1694
687
674
674
4757
1745
499
2254
499
2197
638
2216
441
441
4713
2227
1752
2220
1754
2372
2372
4244
635
3129
824
825
1653
221
2206
1518
267
1762
2292
2509
2507
2176
1512
1372
1789
835
1768
2207
1788
1790
2318
4274
1791
67
79
2605
35
4280
62
4112
4282
447
4283
242
1606
382
1722
1805
1805
1949
388
1808
1954
1808
1950
1951
1943
1802
2322
1944
1951
1804
1810
1806
1807
1949
1818
1802
1809
1803
1944
1802
1823
1835
1892
1858
1904
1859
1862
1829
1826
1921
1883
1907
1907
1868
1867
1928
1926
1876
1872
1911
1929
1845
1825
1825
1935
1845
1845
1915
1938
1895
2124
1938
1826
1854
1921
1856
1830
1919
1904
2108
1832
1862
1869
1836
1882
1835
1921
1870
1902
1837
2138
1862
1923
1928
1864
1876
2132
2134
1843
1911
1911
1883
1914
1881
1914
1891
1884
1881
1825
1825
1897
1887
1934
1974
1888
1846
1915
2120
1885
2126
1895
1934
1895
1895
2124
1883
1865
1825
1859
1855
1922
1909
1907
1834
1921
1835
1876
1883
1843
1843
1898
1888
1938
1895
1856
1823
1859
1855
1921
1836
1878
1871
1865
1867
1836
1862
1883
1846
1889
2131
1934
1891
1891
2126
1895
406
629
1942
688
1803
1943
384
2319
1948
389
380
406
384
1943
548
1940
628
1820
1955
1953
1817
1817
1813
1810
1956
1958
1964
1967
1955
1954
2024
1978
1970
1971
1970
1994
1998
1994
1997
1997
1968
2035
1984
1981
1997
1984
2111
2114
2076
2076
2074
2030
1991
1990
2026
1993
2000
1996
1997
1983
1999
1999
2009
2009
2000
2006
2009
2011
2010
2010
2145
2147
2147
2148
2068
2066
2013
2014
2066
2066
2014
2065
2014
2021
2019
2022
2022
2023
2032
2025
2027
2028
2031
2029
2060
2033
2031
2086
2041
2084
2070
2034
2040
2326
2329
2062
2061
2043
2040
1997
1997
2001
2004
2048
2003
2049
2010
2005
2324
2013
2014
2022
2020
2038
2059
1963
2060
1964
2062
2143
2332
2140
2065
2140
2142
1815
2142
2323
1959
2069
2085
2069
2083
2071
2078
2045
2045
2088
2004
2082
2079
2085
2091
2092
2084
2086
2048
2090
2089
2100
2091
2057
2038
2101
2331
2050
2049
2097
2007
2102
2331
2101
2051
2053
2053
2053
2053
1980
2107
2111
2107
2107
2111
2110
2113
2119
1893
2110
2110
2120
2114
1885
2114
2120
1982
1989
2120
2126
2126
1934
1975
1974
1971
1969
2132
2134
2137
2137
1968
1979
1979
1814
2140
2142
1944
2143
1822
2144
1965
1963
2150
2149
1966
1957
2298
2948
1553
2153
2155
351
2339
293
2159
2159
637
2177
2170
540
427
1657
2168
1676
415
2237
295
654
1787
1764
2161
2163
1746
2358
2156
838
315
2186
2187
309
2179
605
2193
2194
351
2166
2189
2167
2212
2185
2205
2182
234
2203
316
2197
1375
355
2165
225
2344
676
1736
2218
2238
2235
1640
4714
4713
447
656
592
2254
2198
408
408
4799
2232
1740
2221
3184
2227
1646
1747
2180
1542
2241
281
2260
2244
2251
2267
2246
331
1732
4735
417
4736
3087
2255
895
3127
4755
3127
3127
2417
4740
3128
4741
3092
4789
4746
4169
2266
1669
1715
1724
4820
4755
1489
2946
311
2265
2303
678
679
2279
2282
2312
685
2310
1735
1575
1556
2297
1556
2288
1511
1510
661
1498
917
1340
2289
2240
1642
1647
2265
1681
4788
3092
2801
2801
2801
2266
2268
1702
2252
357
625
376
4736
1643
1648
385
2320
1814
2322
1947
2320
2325
2325
2326
2021
2012
2140
2323
2106
2330
2321
4820
2946
456
1411
855
2493
297
651
1478
2504
469
1757
668
665
582
1415
551
2421
1543
2374
1574
2429
552
1761
2502
1387
1755
143
2378
2380
2382
2382
152
152
152
152
152
152
165
165
161
161
161
564
795
1334
557
1614
2393
457
457
1569
856
1565
299
893
1569
856
457
1331
457
1506
457
892
892
2475
573
430
2296
1562
890
1601
593
850
1348
1335
1323
1335
1392
2463
552
552
451
1322
1369
1369
1369
1369
1369
583
2296
1570
2296
2290
1500
1575
583
2419
2414
2407
1509
1531
896
1574
1328
1328
2483
2494
4978
1566
798
798
1335
1334
1338
1326
1326
552
552
553
1361
563
556
797
551
552
2398
519
1380
1604
3311
1628
2497
242
1608
1608
4981
2499
1608
4059
3165
2508
4244
2506
2511
2520
2573
2512
2569
60
2610
3419
2607
3419
2623
4281
2572
2523
2601
2598
2553
2550
2527
2529
2598
2555
2532
2594
4863
2587
2537
2998
2539
2595
2577
2625
2538
4279
2648
2574
2531
2586
3349
2511
2551
2535
2635
2557
2528
2546
2585
2585
2560
2516
3340
2624
2642
2621
2616
2561
2610
2602
2510
2571
2572
2520
3823
2618
2619
2573
2676
3305
2657
2657
2674
2598
2656
2559
2558
2588
2533
2532
2612
2629
2590
2628
2692
2599
2593
2523
2544
95
2599
67
2606
2512
4972
60
52
4279
2548
2614
2615
2621
4279
2575
2609
2620
2576
2641
2649
2625
2626
2631
2590
2589
2632
2642
2762
2635
2634
2591
2637
2582
2517
2582
2642
2614
4113
2515
2609
3822
2599
2576
2552
2613
2659
3315
2657
4865
3305
3302
2688
2702
2661
3305
3315
2659
2704
2653
2702
2705
2693
2677
4878
2684
2699
2677
2658
3302
2680
2663
2685
2696
2661
2663
2661
2703
2688
2661
2661
2692
2692
4878
2696
2705
2693
2702
2702
2658
2702
2699
2700
2658
2658
2661
4878
2702
2698
2702
4909
3401
3852
3859
3858
4069
4960
4037
3852
2757
3154
3291
3291
4934
3859
4685
4665
2754
3291
3291
3291
3141
4846
4103
2737
2738
4948
3291
3846
2955
4065
4047
2750
4847
4024
3362
4907
4054
4060
4000
4098
4052
3374
3051
3294
3846
3291
4065
3849
3849
3248
3236
3051
3835
3868
2761
3081
2765
2748
4837
2800
2766
2952
2776
4691
2771
2772
4989
4668
2776
2778
2779
4235
4230
4236
4236
4132
4739
3195
2786
2809
2788
2789
3037
4644
4655
4858
2799
1629
2974
2974
2804
3180
2974
2802
4691
4036
2808
2809
2810
2812
2898
4160
4164
4162
4144
2816
2787
3085
2790
3085
4154
4154
4176
2822
2823
2824
4159
4174
4157
4792
4171
2914
3106
3137
2846
2845
3003
2911
3138
2838
2825
2827
3100
2899
4679
3135
2913
3137
3106
2970
3041
2852
4647
4728
2832
2833
4675
3173
3103
2855
2855
2832
2834
2856
4638
2835
2835
4183
2859
3110
4196
3176
4205
4180
2870
4193
4200
4199
4216
4187
4211
4210
4183
4212
2867
3118
4209
3126
3121
4219
4211
4221
4221
2880
4221
4207
2221
4754
2221
2897
4160
4164
3039
3039
3102
3042
4648
3046
3177
4769
2884
3146
3146
4678
4674
3105
4750
3039
4653
4653
2836
2833
2848
3173
3042
4200
2925
2863
2864
4731
2927
4145
3069
3896
2752
4110
3901
2941
4235
3165
4235
3087
3086
3086
3988
4045
4799
2967
4710
4682
4724
4043
2742
4783
4240
4943
3413
2809
2959
4260
3881
2746
2965
4051
3196
2910
3166
4237
4700
4236
3107
4175
2974
2974
2972
4227
3187
2758
3997
3846
4775
3997
4051
3391
3391
3291
3077
3063
4909
3402
2708
2990
3970
2992
4839
4838
2987
3232
3236
3319
3269
2525
3001
2951
3136
4120
2995
3880
3860
4259
4110
3846
3883
4105
3027
4754
4754
3026
2967
2950
2973
2972
2973
3031
3032
3032
4246
3031
3037
4163
3038
4145
2929
3040
2917
2838
4648
4693
4637
4204
2923
4216
4215
3842
3261
3261
3267
3238
3238
3845
3235
3235
3855
3199
3841
3061
3839
3840
2758
3858
3830
3846
3846
3998
4960
3897
2740
3073
2709
3067
4038
2997
3849
3995
3080
2765
2792
3085
3196
4230
4235
4230
3833
2804
3092
4741
4741
3092
4256
3097
4176
4790
3097
4172
4173
4171
4650
4654
2848
2824
2826
4749
4727
3106
2847
2831
2854
2923
2928
4189
4202
2926
4191
4183
4216
3122
4793
4752
4183
4221
2884
3118
3120
4709
4819
2950
3031
4246
3132
4721
3133
3133
4233
2839
2827
2828
3040
4176
4170
2714
4004
4241
3146
3147
3146
4657
3149
3150
3997
3997
3846
3197
3051
3293
3051
3829
3061
3840
3860
3251
3841
4690
3031
4716
4716
4237
2909
4177
2899
2841
2970
2830
2830
2869
4195
3113
2878
3032
3034
2895
3184
3184
3031
3031
4757
3378
3997
4775
3850
3859
2769
3195
3037
3845
4106
3291
3850
4052
3424
3215
3934
4075
3228
3908
3215
3919
3912
3912
3906
3278
3429
4081
4090
4083
3431
3914
3281
3282
3223
4086
4078
3223
4086
3270
3244
4076
3281
3231
3272
4090
4081
4078
4078
3234
3230
3274
3233
3282
3233
3282
3282
4078
3259
3921
3910
3246
3246
3271
3258
3246
4081
3271
3245
3245
3280
3280
3414
3245
3245
3248
3417
3234
3278
3925
3428
3906
3224
3258
3230
4085
3208
3218
3230
3230
3911
3250
3417
4086
3226
4084
4086
4079
4079
4086
4086
3260
3226
4086
3226
3226
3248
3245
3275
3235
3270
3258
4079
4075
4085
3231
3247
3420
3225
3295
2756
4052
3061
3294
3839
3293
3057
3056
3893
4775
4088
3257
3224
2932
2659
3304
3304
2587
2692
2564
3307
2682
3303
2698
2661
4865
3315
2994
2764
3319
2762
4245
3305
2536
2695
2687
3827
4865
2657
3324
2501
3331
3334
4684
3083
4989
3972
3339
2624
3341
2601
2640
3343
3351
4908
4930
4035
4015
4906
4944
4018
3060
4047
3154
4047
4047
3855
3089
4775
4062
4062
4061
4061
4061
3391
3997
4780
4775
4051
3997
4062
4062
3997
3997
4062
4062
3291
3850
4052
3374
3291
3355
3860
3374
4052
3199
4052
2754
4775
4052
3855
3830
3060
4047
4056
3855
3384
4015
4047
4016
4056
3060
3859
3858
3858
3859
3156
3077
3060
3859
4062
4061
4051
4780
4775
3849
3865
3865
3053
4080
3258
3844
3229
2568
3418
3223
4092
3299
3222
3423
3283
3221
4087
3912
3270
3429
3905
3430
3202
3947
3448
3944
3256
3241
3936
3941
3256
3211
3213
3217
3263
3920
3943
3937
3939
3938
3217
3949
3952
3444
3444
3444
3953
3953
3953
3953
3950
3952
3441
3963
3441
3953
3953
3947
3952
3951
3952
3452
3949
3948
3948
3948
3953
3452
3441
3963
3951
3963
3452
3963
3444
3951
3963
3452
3963
3452
3951
3931
3963
3954
3452
3963
3452
3942
3214
3942
3942
3444
3951
3441
3444
3441
3930
3952
3947
3952
3441
3953
3931
3448
3948
3563
3944
3931
3947
3963
3953
3954
3952
3951
3951
3952
3444
3441
3951
3441
3441
3951
3963
3441
3963
3452
3441
3441
3441
3441
3930
3441
3452
3441
3452
3437
3944
3450
3952
3441
3951
3441
3951
3441
3450
3948
3956
3930
3441
3963
3211
3450
3953
3963
3441
3441
3441
3441
3441
3441
3441
3441
3965
3441
3441
3441
3441
3446
3965
3446
3965
3446
3444
3441
3441
3441
3441
3441
3441
3441
3441
3441
3441
3441
3441
3963
3441
3441
3963
3441
3441
3963
3963
3963
3441
3963
3963
3441
3441
3441
3441
3951
3441
3963
3963
3441
3441
3441
3963
3963
3963
3446
3963
3441
3441
3963
3963
3446
3441
3963
3446
3963
3441
3441
3963
3963
3441
3441
3436
3441
3963
3441
3441
3441
3963
3441
3441
3951
3444
3441
3963
3963
3441
3963
3963
3963
3963
3963
3963
3963
3441
3963
3963
3441
3963
3441
3963
3963
3963
3963
3441
3441
3963
3963
3963
3963
3963
3441
3963
3441
3963
3963
3963
3963
3963
3963
3446
3963
3446
3441
3963
3446
3963
3963
3963
3441
3441
3963
3963
3963
3963
3441
3963
3963
3441
3963
3963
3963
3963
3963
3963
3963
3963
3963
3963
3963
3963
3963
3963
3963
3963
3963
3963
3963
3963
3963
3963
3963
3963
3963
3963
3963
3963
3963
3963
3963
3963
3963
3963
3963
3949
3960
3956
3952
3956
3949
3956
3956
3960
3952
3952
3960
3960
3960
3960
3960
3447
3960
3442
3960
3960
3960
3960
3952
3952
3952
3960
3447
3960
3447
3447
3960
3214
3963
3963
3963
3963
3963
3954
3963
3963
3963
3441
3951
3963
3949
3952
3952
3952
3952
3952
3953
3953
3949
3444
3452
3948
3953
3953
3953
3452
3452
3452
3452
3931
3949
2576
3823
2682
2685
2536
2681
3827
2999
3053
3159
3050
3842
3261
3051
3261
3267
3844
3055
3056
3057
2757
3251
3261
3057
3414
3293
3293
3051
3835
3835
3835
3841
3840
3061
3061
3061
2758
2758
2717
3843
3846
3835
3846
2999
3840
3829
3291
3291
3291
3294
3291
3053
2963
4776
3879
4695
4005
4776
3979
4003
3984
4739
3076
4890
2710
3062
3846
3847
3846
3846
3412
2756
3411
3078
4918
3857
3848
3883
3019
2736
4084
3228
3244
3913
3219
3222
3431
3225
3909
3221
3246
4077
3246
4086
4086
3270
3905
3924
3300
3911
3427
3909
3924
3425
3215
3909
3426
3929
3917
3266
3207
3927
3926
3923
3921
3218
3918
3920
3933
3266
3937
3217
3264
3936
3937
3933
3239
3242
3203
3213
3937
3938
3937
3256
3941
3937
3256
3265
3188
3356
4893
2989
3345
4893
4071
2807
2964
3285
4039
4891
3350
3989
3347
3991
3992
4015
4015
3197
3055
3837
3865
3849
4051
3391
4056
4952
4041
4002
2759
4263
2760
4009
2930
2961
3843
4043
4033
4057
4019
4093
2756
4925
4925
2966
3365
4722
4058
4020
3990
3976
4933
4934
4941
4942
4778
4771
3989
4847
4824
3837
3838
3197
4781
4047
4016
4781
4779
4032
4047
4019
4057
2745
4945
4781
4781
3060
3160
3384
3389
3079
3160
3089
3384
3353
4070
4907
4072
4035
4046
4075
4078
3229
3415
3260
4086
4086
4075
4082
3260
3279
4086
4086
3262
3273
4086
3421
4081
3253
3299
3227
3258
3279
3079
4771
4779
4098
4098
3988
4096
4097
4008
4095
4284
4284
4097
4017
4017
4094
3292
3857
3155
3155
4969
3291
3291
2754
3291
4052
2754
3846
3846
132
845
2602
4113
4116
4949
2990
1629
2957
4118
2960
4125
4126
4134
4265
4136
4134
4272
4137
3194
4127
4135
4785
2768
4704
4139
4140
4141
4262
2810
4662
2897
2898
4162
2790
4160
2818
4672
4671
4152
2971
2974
4154
2971
3098
4156
2822
4158
2823
3036
3036
4160
3038
4643
3038
4177
3140
4744
2819
4742
4745
4742
4172
4792
4749
4173
3099
2784
4175
2784
3098
3176
4188
4201
2874
2875
2876
3176
3112
4186
2876
2928
4795
4203
4751
2926
4195
2865
2865
4197
2860
2862
4197
2925
2924
2856
2866
4731
4730
4198
2927
2859
4183
4183
3177
3114
4180
2875
4182
3047
4769
4216
2876
4186
3115
4190
2873
2874
4181
2878
4233
4233
4713
4820
4799
3094
4715
4716
4715
4231
4702
4721
4227
4709
2910
2909
2949
4234
4126
4140
4719
2968
4700
3166
4242
2785
4246
4856
4984
2770
4251
4253
3329
4776
3981
2796
4697
3144
4756
1781
3332
4252
4664
3337
4802
4131
4281
95
2644
4278
1796
4280
93
3419
4114
4234
4095
4095
4442
4442
3126
2887
2888
4439
2892
2892
2883
4442
3126
4442
4624
4624
4296
2886
2887
4293
4288
4633
4438
4445
4454
4303
4293
4803
4624
4416
4418
4425
4343
4318
4354
4393
4343
4354
4396
4321
4318
4396
4397
4317
4326
4418
4363
4360
4370
4404
4333
4421
4425
4385
4382
4385
4371
4371
4371
4382
4382
4334
4382
4392
4340
4356
4392
4392
4343
4392
4356
4346
4356
4356
4350
4327
4307
4396
4351
4352
4357
4413
4621
4396
4327
4356
4396
4367
4375
4618
4396
4352
4333
4426
4379
4601
4370
4370
4385
4607
4605
4427
4385
4376
4382
4381
4371
4381
4379
4607
4601
4477
4334
4610
4385
4334
4607
4370
4392
4334
4343
4393
4392
4394
4396
4396
4396
4396
4307
4333
4327
4425
4371
4385
4308
4375
4382
4382
4393
4356
4343
4397
4417
4340
4370
4327
4396
4426
4348
4394
4370
4366
4425
4373
4371
4381
4424
4382
4371
4382
4610
4382
4431
4431
4431
4770
3126
2886
4732
2887
2888
2892
2891
2884
3126
4442
4440
3118
4431
4446
4447
4446
4633
4809
4807
4807
4530
4547
4630
4630
4458
4445
4593
4468
4463
4480
4480
4483
4483
4485
4485
4484
4598
4598
4598
4475
4486
4560
4475
4475
4564
4569
4485
4616
4480
4480
4483
4483
4483
4483
4484
4484
4514
4495
4484
4514
4490
4495
4492
4497
4497
4495
4495
4495
4495
4497
4497
4540
4540
4809
4540
4809
4543
4507
4543
4543
4507
4591
4523
4523
4523
4483
4514
4481
4481
4481
4523
4513
4480
4571
4573
4560
4559
4578
4545
4579
4543
4545
4545
4545
4519
4484
4534
4490
4495
4492
4492
4497
4537
4540
4540
4543
4591
4591
4579
4516
4516
4516
4522
4530
4529
4543
4543
4507
4507
4809
4807
4807
4497
4560
4572
4475
4572
4570
4568
4570
4567
4490
4567
4567
4570
4570
4570
4571
4572
4567
4491
4577
4577
4576
4576
4577
4581
4583
4492
4537
4537
4584
4586
4537
4540
4591
4591
4539
4596
4596
4598
4596
4426
4598
4599
4597
4603
4475
4601
4605
4607
4475
4476
4477
4477
4472
4610
4485
4485
4464
4464
4612
4615
4463
4352
4615
4593
4616
4618
4619
4356
4594
4624
4807
4624
4807
4624
4529
4514
4630
4495
4495
4630
4630
4052
2948
4676
4676
4638
4676
4842
4641
4641
4642
4652
4646
4647
2853
4649
3101
4650
2929
4678
4654
4655
3147
3084
3877
4661
4151
4657
4640
4250
2726
2815
4669
4670
4671
4151
2844
3104
2836
2852
2844
2844
4673
4720
4928
3148
3162
4699
4144
4688
4680
2741
4692
4675
2853
4827
4883
4233
4712
4712
4702
3132
4239
4818
447
4714
4234
4820
4711
4715
4715
4711
4712
4712
4820
4709
2910
3186
2221
4708
2782
4680
4663
108
4125
4738
3350
4726
3137
3137
4729
4730
4797
3086
2862
3087
4235
4230
2745
4906
4001
4755
2950
4741
2950
3128
3028
3128
3026
4742
4148
2812
4790
4791
4727
4196
4751
4755
4709
4820
4777
4056
4155
2829
3100
2901
3108
2920
2920
3111
2872
3119
2955
4066
4782
4047
4782
2958
4777
3329
4032
3346
3416
3838
4016
4723
4784
4273
4161
3096
3092
2801
4788
4152
2801
2817
4791
3116
3177
4734
4752
4752
4710
4710
4014
2889
4442
4299
4294
4624
2887
3126
4807
4497
4497
4543
4543
4591
4624
4497
4591
4539
4624
4710
4710
4709
4831
3388
3356
4848
3012
3011
3400
3134
4223
4069
4830
3158
3063
4823
4852
4034
2773
4035
3991
4846
2969
2969
4010
4270
4860
4861
4862
2557
4865
2665
2699
2702
2659
2702
2701
2699
2658
2677
2692
2692
2705
2693
4879
3077
3061
3859
4099
4879
3061
3291
4906
3998
4051
4050
3355
4930
4050
3848
2977
3291
3846
4051
4051
3998
3067
3072
3997
3384
3079
3388
3378
3156
3156
3156
3858
4949
4953
3292
3155
3848
3846
3411
2756
3078
3078
3992
3352
4093
4926
4905
3066
4901
4058
4067
4067
3155
4968
2495
4115
3392
4822
3062
3859
3859
3061
3061
3294
3155
3077
3852
3061
3062
3061
3292
3286
4974
1779
4974
4977
4095
4098
4095
4098
4017
4017
4978
4017
4054
4054
840
3980
4244
4264
1862
2221
2222
4717
1862
1862
2221
2221
3184
