138
31
135
838
837
173
35
511
35
846
84
90
1845
133
112
276
2657
2609
2593
1842
1850
2617
2762
2704
2707
2654
2748
2681
4662
3408
2704
2627
2704
2591
85
35
126
2621
2706
2704
26
2653
2657
4311
112
2678
2620
2671
2616
4888
2614
23
837
848
2829
3366
3366
837
837
1342
2423
26
126
87
130
128
91
155
2704
2697
2697
2696
2712
2681
2663
2768
3878
4885
2587
2750
2743
2757
2662
2591
2750
2704
2591
2647
2712
143
124
1625
2423
32
209
101
2570
135
838
173
837
91
2769
2664
2826
81
2823
837
90
173
124
93
837
42
114
2702
131
2710
2757
2750
2757
2769
2595
2679
4662
42
2702
110
155
2719
2647
142
112
2201
3365
2600
837
30
837
23
133
36
126
89
2710
2658
2661
2697
2697
2697
2658
2658
2594
2594
2628
2697
2658
2697
2697
2679
2681
2662
1842
2704
2681
2712
2658
2603
2658
2681
2628
2594
2594
2603
2594
2658
2594
2594
2712
2712
2594
2594
2658
2658
2658
2658
2658
2658
2658
2661
2594
2712
2658
2683
3378
1602
884
231
937
2526
1827
4046
906
1607
2822
1527
1527
2847
4029
4783
1528
243
480
4049
1540
2338
4289
605
1591
684
4284
3387
2362
1418
1539
2518
600
932
1518
3378
1591
2486
1527
4801
1500
2362
4044
4095
2811
4013
1555
4705
879
684
2302
1527
2302
1528
4762
1578
1580
780
952
950
3030
2822
4013
4081
2824
4107
3378
4071
3059
3201
4723
2977
3389
3027
2842
4283
2387
2385
3216
3215
2835
4750
732
1684
292
657
2871
3933
4668
2843
2841
4211
4207
3166
2888
4276
1683
1808
858
1408
1414
1424
1509
1406
614
4769
2885
4194
2856
4169
4284
3925
3218
2874
3174
3235
2908
3111
3111
4750
3167
2893
4695
4814
4189
3105
4193
2892
2899
2911
3205
2905
3204
3169
4664
2930
4233
4238
2935
4234
4759
4235
2924
2900
2902
4679
2904
3112
2926
4234
4233
2985
2931
4716
2971
3179
4240
2934
2930
4239
4819
4241
4237
4230
2940
4217
4777
4226
3183
3184
3194
4221
4237
4258
4251
4223
3191
3190
4256
2943
4465
3193
4469
2954
4473
4322
4466
4330
4488
4470
4335
4469
4471
4828
4467
4328
3092
3089
3089
2896
4789
4788
3239
3113
2933
4235
4221
4818
2942
4794
2975
4827
1685
1685
4755
2928
2921
2917
3113
2971
2987
4819
2935
2991
3115
2972
4229
3183
4778
4817
4219
4220
2897
3163
459
2320
1423
2486
2486
2486
1509
325
1509
1840
1798
1692
1684
284
656
849
3920
4106
721
657
3027
4682
471
2780
1598
4670
4024
1655
2539
2834
4706
4300
4288
3212
3918
4042
1596
657
731
1684
2298
1684
4702
2855
3103
3262
549
656
3378
1580
1580
878
878
878
1555
937
1608
1614
1610
2430
2357
927
4030
1627
4662
1599
780
2823
777
2201
4731
3029
4234
1822
325
809
325
1517
299
285
2402
858
2486
1578
600
1509
215
1586
1659
1502
1406
1540
721
2530
3160
3159
3158
4188
2869
2866
3154
3155
3093
3094
3195
2888
2907
3168
3238
3240
4820
4820
4243
4231
4793
4818
4246
3243
4822
4329
777
2302
1378
953
956
465
957
2364
2492
1560
879
879
241
1525
881
881
1580
952
2510
1580
1647
1591
1647
1647
2527
1818
1827
1827
1518
2354
2320
3927
3213
2510
2539
1613
4158
4263
4163
2444
3041
4188
292
292
1556
4771
4815
4813
4813
4274
4051
3106
4179
4675
4687
2891
4752
2924
2931
2900
2901
4698
2979
2931
2991
4230
2941
4794
4220
4245
3186
4249
2945
4830
2948
2948
3192
2946
2952
4331
4338
4326
491
491
549
3195
3017
2830
4172
1799
1799
2986
4755
2928
3239
2971
4178
4289
4810
4295
2782
4291
2279
1685
731
2831
4171
3218
4682
2486
2486
2486
4056
1556
2538
1527
2510
937
937
1560
1556
1556
1544
4173
4730
298
732
298
2984
3110
4673
4702
3114
4663
2990
3180
4222
3117
3187
4327
3161
3092
4765
2884
3093
3091
1627
877
1578
2362
1557
2510
1558
4739
4667
4667
3040
2531
683
937
937
937
2486
756
756
1458
1443
961
1634
961
1443
1458
808
1634
961
1445
755
803
1641
962
1629
758
957
776
1633
755
958
774
1369
780
777
777
570
1369
1369
777
777
777
1452
1446
1459
755
963
779
779
779
780
781
780
777
465
1630
777
1453
760
758
1369
757
1369
774
774
1460
1445
1447
1369
1369
775
777
776
780
957
780
780
970
780
1633
780
780
777
961
1629
3925
1646
2363
466
1528
1524
2302
2364
1528
2306
2362
1596
2528
777
803
1369
2603
2658
3378
2705
2712
3015
1850
3015
275
1829
2658
2681
2594
2705
2696
3378
4107
2823
3036
3017
2705
2658
2603
2628
2697
2697
2603
4689
2825
4160
4161
4809
2833
1693
1680
1599
276
276
507
833
2319
2319
4070
4080
1643
4071
3032
1612
1555
1598
1606
2353
1578
2486
2362
2362
1555
878
2486
2362
2362
878
1596
2362
2362
2362
2362
2510
1557
241
879
242
683
684
242
877
683
879
879
879
2486
2486
2486
2362
1613
1643
2362
1582
4762
4130
4090
1555
1612
1608
937
241
1602
1611
1612
1608
2362
1596
2362
2362
2362
1580
1580
570
465
781
779
2539
465
779
836
847
1629
1629
1629
779
758
961
775
775
1641
755
1637
757
757
792
1472
1472
1466
1092
747
1459
746
746
747
746
1469
1460
743
1475
782
1459
1464
828
1092
1464
1000
976
1000
1081
1000
1000
1491
1492
988
1482
1000
1055
1055
1309
1491
1000
1081
980
1000
980
1080
988
1478
1482
1485
1081
980
1076
1076
1000
1055
980
1000
1000
1076
1076
1312
976
1076
1080
1309
1309
1080
1000
976
1333
1047
1080
1483
1092
976
1000
1309
1080
1483
976
1491
1491
1309
1490
980
1485
1482
981
1466
1485
1485
991
1018
1081
980
1076
1047
1076
988
1076
1312
1047
1478
1478
1333
1047
1333
1047
1080
1309
1309
1047
1076
1309
980
980
1478
1475
1491
1092
1020
1081
1076
1018
1076
1309
1312
1482
1492
1081
1309
1047
1478
1092
988
1309
1309
1309
1313
1313
1309
1309
1068
1309
1309
1309
1309
1309
1309
1313
1309
1309
1309
1239
1309
1076
1312
1047
1309
1312
1309
1309
1018
1309
1309
1312
1018
1047
1309
1309
1309
1309
1309
1309
1018
1309
1309
1309
1309
1309
1309
1309
1309
1309
1309
1309
1309
1309
1309
1309
1309
1309
1309
1309
1309
1309
1309
1309
1309
1309
1309
1309
1309
1309
1309
1309
1309
1309
1312
1309
1018
1018
1018
1018
1018
1047
1018
1309
1309
1076
1076
976
1309
1018
1076
1018
1309
1018
1018
1309
1018
1018
1018
1309
1018
1018
1018
1018
1018
1076
1018
1018
1309
1309
1309
1018
1309
1309
1309
1309
1309
1309
1309
1018
1309
1309
1309
1309
1309
1018
1309
1018
1018
1018
1018
1047
1018
1333
1018
1018
1333
1076
1333
1018
1018
1018
1018
1018
1333
1018
1018
1018
1018
1018
1018
1018
1018
1018
1018
1018
1018
1018
1018
1018
1018
1018
1018
1018
1018
1018
1018
1018
1018
1333
1333
1018
1333
1333
1076
1000
1000
1000
1000
1081
1020
1020
1000
1000
1000
1000
1311
1035
1328
1035
1000
1000
1035
1328
1000
1035
1010
1000
1035
1000
1328
1076
1311
1000
1000
1000
1000
1000
1328
1314
1000
1328
1018
1047
1000
1333
1333
1055
980
1080
1333
980
1076
1333
1055
1080
1081
1490
1076
1000
1000
1081
990
1492
1000
1080
1080
980
976
1491
1485
980
980
980
980
1485
1051
1080
1081
89
93
2681
2603
2704
2510
1607
471
1556
1556
2531
956
956
1530
2538
2538
1580
1580
465
2492
1607
1556
957
2364
570
465
1528
1527
2302
1580
952
2485
1580
1560
241
241
937
1580
1580
2510
1556
1556
2485
2485
1527
2510
1559
1556
1556
242
241
2302
2302
1386
1580
1696
3923
4291
4296
4298
4175
4175
4295
2806
4714
3210
3212
3923
4291
2358
1826
2997
1408
4018
3212
2997
259
889
892
682
484
1527
1527
950
1527
2485
2485
1580
1578
1580
2529
2528
2320
1595
1576
687
1403
1401
811
1617
249
591
961
760
760
1444
758
961
775
962
755
1641
755
760
757
1444
1636
775
1447
1446
961
1452
775
807
971
961
1446
1443
1459
1448
1446
1446
756
828
1446
749
756
828
1443
1459
746
772
782
1460
1459
751
749
1464
1459
1456
989
792
1092
1466
801
801
1466
747
1092
792
747
1475
1500
4960
2357
2354
1500
3405
3924
3924
4799
1425
215
1425
3919
4290
4319
3024
1826
1541
1541
2808
4803
4803
4987
1613
1613
2531
2531
1581
1581
2539
2362
1555
4056
3926
3924
3923
3923
4291
3069
3069
3390
4300
3389
4988
2369
4826
1688
4307
4053
1556
2539
3032
4056
2530
4090
466
2363
2363
466
2558
4029
4029
4041
4077
4078
2808
4803
1644
3932
4128
3932
4800
3213
4042
4768
4958
4763
4070
1581
2531
1613
1606
1596
2530
1581
1581
4768
1606
1606
4990
2812
4076
1596
1581
1612
1598
1515
4795
4130
1598
1515
4080
4070
4071
4070
777
780
779
776
1629
781
781
777
781
760
780
774
958
774
958
777
1629
776
1629
1648
4958
4965
2795
4050
4709
4020
3346
262
1393
1376
1572
687
255
818
684
242
683
1581
2486
2486
2485
1527
521
3062
3056
730
939
2541
1562
2478
1586
445
1585
325
325
1584
4735
3162
4745
2824
3151
4726
4301
2976
4688
4707
3150
4682
4688
3202
4707
4715
4692
2804
4816
3177
3237
3207
3234
3164
4191
4758
4195
4183
4198
4200
2889
2890
4191
2906
4190
4786
3038
3209
2915
3109
3107
2876
4811
4774
4686
4703
4710
3172
4192
3173
3104
4195
2996
2973
4253
4248
4257
3188
4250
4250
4259
4247
3186
2932
4249
2945
3190
3186
4817
4222
4224
3185
4216
3242
4225
4227
4217
3185
4219
4818
3181
4221
4830
2975
4476
3192
3191
3194
3243
2949
4320
2950
4244
2947
2955
2954
4821
4463
298
2298
2958
4169
292
292
657
657
4731
4841
4165
4743
549
732
732
732
4267
4262
4704
4260
1686
1686
2278
3154
3036
2368
4302
4299
1694
2369
4299
1687
4307
4296
4714
4047
1824
4175
2806
1553
2782
3029
4291
4293
3069
4304
2825
4160
4299
4809
4306
1693
1687
3231
4708
53
173
2710
2719
2588
1343
90
513
721
915
942
4578
4479
4655
4470
4656
4838
4482
4555
4655
4479
4555
4655
4546
4517
4518
4518
4528
4834
4606
4543
4553
4341
4341
4434
4430
4430
4346
4346
4346
4430
4341
4430
4434
4341
4341
4430
4434
4434
4434
4434
4434
4434
4434
4434
4434
4434
4441
4434
4434
4434
4341
4341
4346
4341
4430
4430
4430
4346
4341
4346
4346
4441
4441
4341
4430
4434
4341
4441
4430
4430
4441
4441
4441
4441
4434
4434
4434
4441
4341
4441
4441
4341
4434
4434
4434
4434
4434
4434
4434
4434
4434
4441
4441
4434
4434
4434
4434
4434
4434
4434
4341
4434
4346
4441
4341
4434
4434
4341
4434
4434
4434
4434
4434
4434
4434
4434
4341
4441
4430
4341
4441
4341
4441
4441
4434
4434
4441
4434
4441
4434
4434
4434
4434
4434
4434
4434
4434
4434
4837
4579
4580
4478
4479
4335
4518
4336
4323
4334
4339
4488
4339
4579
4483
4535
4571
4523
4535
4497
4515
4514
4357
4357
4571
4357
4523
4536
4430
4430
4430
4434
4430
4434
4434
4434
4434
4434
4430
4346
4441
4441
4392
4461
4441
4441
4441
4392
4392
4392
4430
4430
4430
4430
4434
4422
4434
4461
4461
4357
4410
4342
4422
4414
4368
4495
4636
4416
4367
4459
4635
4495
4641
4641
4491
4642
4495
4493
4511
4491
4489
4509
4492
4430
4430
4430
4357
4357
4357
4430
4430
4430
4430
4430
4374
4441
4346
4345
4618
4647
4373
4377
4374
4374
4392
4418
4342
4342
4368
4368
4456
4409
4641
4642
4646
4489
4504
4440
4357
4357
4430
4501
4597
4490
4509
4510
4493
4511
4635
4441
4441
4441
4441
4441
4392
4392
4441
4342
4403
4403
4368
4382
4358
4425
4376
4425
4439
4368
4403
4456
4452
4358
4425
4424
4371
4452
4452
4368
4456
4409
4396
4443
4409
4641
4646
4394
4646
4441
4441
4441
4441
4441
4441
4441
4441
4441
4441
4441
4441
4441
4441
4441
4441
4441
4434
4392
4434
4434
4434
4434
4434
4434
4430
4430
4434
4430
4441
4430
4430
4430
4548
4514
4544
4606
4606
4634
4357
4561
4460
4561
4561
1581
4094
3241
4242
4232
3387
4283
3387
3040
4164
4215
4173
3175
3179
4243
2919
2913
2444
3171
3178
4275
4048
3388
4164
2444
2549
3168
4215
2981
4742
4127
2833
4801
4801
4170
4775
2852
2894
4753
2920
2994
4240
2925
2925
4801
2920
4808
4746
4169
4168
4826
4826
4210
2906
4728
4826
4174
4819
3241
4297
4980
4297
4176
4799
298
4883
4157
4159
2959
4726
2296
2961
2958
292
292
657
4735
2846
721
3090
3248
731
3089
4779
4725
4736
4743
4807
4126
3201
3217
4692
4693
2843
4238
2929
2993
2940
2992
657
4699
2939
849
284
4694
4125
2869
2869
491
2807
3164
4815
3165
2964
4181
4186
2902
4249
3192
3246
3246
3246
4291
657
3170
3109
4673
2918
2918
4663
3115
4236
4223
3117
3118
4477
4095
4987
1613
4987
4714
4291
3920
4764
4965
1581
1581
1581
4745
4268
2871
3107
3108
4206
4206
2877
4711
4703
4249
4252
4219
3180
2957
3118
549
4713
4291
3391
4335
4526
4576
4484
4514
4495
4515
4498
4641
4443
4599
4641
4394
4597
549
721
657
818
1601
599
1808
1840
1645
2549
1540
2386
4988
2385
2326
1553
477
477
1799
1799
2430
2430
877
2533
1645
1406
1414
476
904
4080
1406
1406
476
1509
1808
3405
262
255
1686
1691
1684
1694
858
4269
110
2695
2663
2656
2697
2654
2658
2611
2679
2658
2658
2610
2658
2681
2681
2681
2365
2356
242
1526
937
1407
1407
1646
258
1539
889
1502
242
4958
252
917
2359
4126
1578
2486
252
878
1818
1853
3148
1646
2528
2528
4795
4079
1500
877
876
912
1657
892
904
2508
950
952
1580
1580
1576
1578
2363
1578
1578
2528
4319
4803
4749
2363
469
1647
4129
1647
2847
2847
4042
4768
4768
4077
4090
1391
1373
939
939
913
3014
2365
906
906
1608
241
241
243
2303
1527
950
1527
2508
1391
687
2356
2356
2356
895
906
949
906
1393
1393
4799
1827
1826
1545
474
4685
1839
1683
1551
694
2541
1551
4976
446
3392
1839
4050
2367
672
275
474
4677
1415
2271
1415
88
39
17
18
94
94
18
144
57
869
95
169
28
870
62
4015
38
68
70
72
4146
1847
2573
2574
47
122
2687
3398
2577
3056
2577
3399
2577
94
17
140
45
2685
2584
3252
15
19
123
1663
37
108
44
105
3872
2632
2677
56
18
2713
3062
2577
2585
23
23
94
1499
86
2
97
123
156
78
3399
3399
2687
55
103
98
1841
1841
2633
3872
121
2581
2636
2578
2578
2637
11
2577
2578
2584
2584
98
140
97
56
4147
173
209
4308
2583
57
513
94
94
2460
2639
2585
4012
49
2711
18
88
2460
18
2625
23
48
3063
3398
40
2615
2636
2578
2578
2636
2569
4015
123
1663
95
169
178
2615
869
98
3063
2711
2711
18
94
18
151
1841
169
100
2710
107
55
107
960
55
2687
55
107
107
107
1661
55
55
55
960
2694
1661
1661
1661
4145
1841
1841
3399
3399
1841
2687
2687
2687
3400
4145
1661
1661
1661
1661
4145
2687
2694
1661
1841
1661
1661
1661
1661
2694
107
107
107
3056
107
107
2694
960
1661
1661
2773
3143
3143
4908
2464
4901
2872
2567
3931
3934
3126
522
4937
4909
2862
4974
2466
2426
450
2223
1441
3936
4937
3935
4969
230
4938
519
443
590
4148
3143
2773
448
2205
4931
4938
3142
4091
3087
4134
4929
3139
2803
4138
3913
4937
2817
4937
4938
3339
3224
2861
2563
4915
4846
2434
4863
1811
4915
697
487
4734
2547
678
676
1809
1546
2254
463
333
2239
327
293
1677
3011
3369
1714
462
543
2208
306
625
1723
619
1781
620
324
1411
2269
2463
810
2473
2235
2373
2321
4771
2886
2232
1823
4857
2224
295
1727
1709
337
358
708
1712
2259
550
1729
493
330
2330
2212
1704
356
361
2215
428
553
360
559
2266
2203
379
1747
437
378
1760
438
424
2247
554
2346
2347
352
372
2265
355
558
415
711
1751
1751
439
1752
1752
389
384
713
417
560
435
1754
1736
1775
387
1745
403
714
1732
381
1772
1762
1761
395
1764
1773
646
398
1860
1860
2000
2001
1857
1997
2004
2002
1992
2006
2006
1859
2001
2001
4779
3089
3089
3246
1724
1731
358
490
365
2349
383
2350
1771
647
1997
2391
1674
2318
380
377
367
556
710
2347
2309
437
1753
382
1760
2350
2334
1775
388
1774
560
1767
426
3075
3946
4844
4971
4937
4970
4910
2463
810
810
324
607
619
1690
1690
1690
849
1805
4928
722
494
2299
2293
3330
4863
3453
4852
2542
2820
677
1790
2553
4983
4869
4906
3137
4132
303
2297
1677
414
335
542
653
2324
547
549
4970
4938
4132
4132
4132
4901
4973
4901
4900
4900
2774
3464
3144
3143
2773
4960
2774
3056
2773
2773
2781
3061
3066
3056
2301
2562
379
2251
809
442
809
3056
229
229
1675
1825
4971
4971
4971
443
442
444
2544
234
2432
536
721
319
3161
322
718
494
492
3195
4843
2336
4767
3197
4781
1725
2376
1726
2314
634
635
636
383
1749
1749
2378
648
2381
1997
3896
3352
3120
3121
3478
3898
3125
3339
2786
4902
3910
3911
3905
4972
4972
4971
4134
4150
4845
2796
1506
2428
3948
3143
2773
1670
4851
3226
3221
2813
1811
2234
2206
280
291
1728
680
680
680
3912
1706
2374
2374
3160
2225
4180
4180
2331
1715
2230
413
363
369
559
516
2243
555
666
557
1758
560
1739
2334
419
420
1769
561
404
402
1995
651
420
651
2000
1998
2001
2002
491
491
3195
4781
4842
2250
1786
607
2244
430
2220
432
710
1700
1821
517
2563
4690
549
473
679
2252
2231
2284
4970
4970
4970
3908
2817
3431
3226
3460
3119
3131
515
699
698
4730
1677
2304
359
2967
2347
709
354
433
382
1760
1748
1746
1776
645
2003
4767
4772
4780
3246
4779
4779
4730
3402
4932
4938
4970
4901
4900
4901
4733
611
2307
3263
4901
4902
4901
3935
3270
3270
3318
3982
3962
3337
3972
3958
3490
3277
3986
3505
3510
3958
3276
3282
3283
3285
3344
3345
3952
3340
3295
3487
3336
3486
4117
3335
3299
3342
3297
3310
3335
3339
3301
3315
3303
3305
3984
3274
3271
4111
3309
4112
4119
3485
3336
3335
3313
3896
3283
4120
3318
3978
3984
3950
4121
3359
4109
3324
4116
3279
3972
3981
3965
3897
3955
3315
4114
3479
3334
4121
3314
3283
3277
3516
3317
3340
3311
3295
3310
3345
3345
2864
4156
4156
4134
4134
4134
3905
3352
3352
3352
2776
4132
4938
4938
3323
3962
3081
2687
107
3403
2687
4017
3063
3398
4146
229
1815
107
1661
107
55
55
3056
3056
4863
4012
4733
2687
2687
2687
3399
2709
55
2709
4052
2550
840
2409
1547
1836
863
280
1796
2773
3056
4147
4147
521
142
3463
3464
3449
3127
3903
3061
2998
3467
3047
3078
3268
3225
3438
4970
4938
4938
4132
4938
3047
4938
2792
4132
4938
4938
4938
4938
4132
4901
4901
4901
4136
4902
2786
4864
3431
4902
4902
4938
4938
4938
3903
4972
3221
4132
3450
3442
3221
3221
3047
3465
2775
4901
3053
3053
4968
4901
2800
3463
3463
3465
4854
4972
4901
4938
4938
4938
4938
2816
2817
3890
3298
3479
3477
3482
57
58
3486
3485
3487
3954
3489
3344
3490
3957
3494
3495
3496
3340
3812
3812
3534
3626
3588
3514
4000
3278
3525
3869
3499
3585
3503
3574
3844
4000
3307
3612
4011
3626
3511
1055
1020
1007
1333
1333
987
1492
1020
1239
1091
1333
987
1333
1070
1070
1333
1055
1333
980
1012
1496
990
980
987
991
1020
1050
1316
1018
1034
1055
1055
1333
1328
1018
1037
1241
1055
1055
1309
1312
1316
1333
1034
1055
980
1333
1012
1088
987
1330
1026
1239
1034
1309
1088
1043
1487
1064
990
1492
1088
978
1465
3534
3544
978
978
1481
1018
1012
1055
1034
1310
1309
999
1312
1068
1003
987
3626
1037
1026
1018
1333
1018
980
1091
1239
1309
1043
1239
1012
978
1055
1070
3544
1050
1010
1312
1018
1028
1078
1091
1316
983
1041
1079
1241
1018
3515
3544
1018
1018
1239
1239
1266
1262
1266
1091
1250
1266
1250
1266
1266
1091
1239
1264
1239
1266
1266
1266
1266
1316
1068
1310
1316
1313
1309
1313
1313
1313
1239
1313
1239
1309
1240
1313
1309
1240
1244
1244
1239
1240
1313
1313
1244
1239
1244
1244
1244
1244
1317
1309
1309
1244
1244
1244
1244
1244
1266
1244
1244
1244
1244
1244
1244
1244
1244
1244
1244
1244
1244
1266
1244
1244
1244
1313
1240
1309
1309
1244
1313
1240
1309
1309
1003
1240
1309
1309
1026
1333
1240
1240
1240
1018
1240
1240
1244
1240
1240
1244
1240
1240
1018
1244
1240
1240
1240
1240
1240
1244
1244
1240
1274
1240
1244
1244
1244
1244
1244
1244
1244
1244
1244
1244
1244
1240
1244
1244
1240
1240
1240
1244
1244
1244
1018
1018
1018
1018
1018
1240
1018
1240
1309
1018
1018
1018
1018
1018
1018
1018
1018
1018
1333
1018
1018
1018
1240
1026
1018
1018
1018
1018
1018
1240
1240
1240
1018
1240
1240
1003
1240
1018
1018
1018
1274
1018
1274
1026
1018
1018
1018
1018
1026
1337
1336
1000
1044
1041
1041
1041
1041
1000
1035
1010
1010
992
1337
1035
1010
1035
1035
1337
1000
1329
1035
1328
1009
1046
1000
1035
1035
1000
1328
1337
1329
1328
1046
1328
1035
1009
1035
1055
1018
1018
1018
1333
1333
1055
1055
1333
1055
1026
1018
1055
1055
1055
1012
1330
1330
1079
1043
997
1077
1012
1055
1055
1050
1494
1052
1070
980
1012
1050
987
1064
1020
1336
95
95
3399
3398
2687
2578
2579
3894
3883
3121
3886
4036
3120
3224
3889
3890
3480
3893
3894
3892
3899
3481
3478
3298
3352
4937
2817
2816
3905
4974
4901
4974
3911
3908
4937
2817
3226
3911
3885
3935
4937
4937
3889
2816
670
3917
4292
4993
2270
2426
4992
4294
3071
4848
4684
1421
1420
4996
2267
3921
3071
2535
2536
4937
4975
4937
4961
4961
4962
4133
4133
4133
4844
2872
2796
2872
227
2534
213
596
592
3333
3345
3495
3290
3952
3309
3954
3949
3286
4111
3959
3358
3960
3960
3274
3281
3970
3327
3967
3304
3955
3283
3978
3319
3972
3962
3320
3992
3326
3318
3306
3978
3337
3329
3985
3981
3305
3306
3625
3511
3971
3981
3338
3978
3307
3995
3500
3869
3613
3507
3504
3583
3583
4000
3581
3574
3574
3585
3534
3588
3549
3544
3715
3574
3864
3569
3544
4103
2774
2773
2773
3144
4862
3414
4023
4849
4022
1510
2487
2506
2860
4998
4999
1513
2432
4717
4105
3449
3149
3903
3265
3904
4037
3480
3909
3221
4132
3139
3145
2788
4978
4848
4867
4294
4979
4050
1823
2256
1810
2417
2552
2837
4035
3026
4923
3047
3047
3451
4134
4134
4134
2776
2791
4134
2791
2791
3137
3137
2778
3357
4919
4100
4104
4856
4857
3086
4906
2797
3145
2998
3138
4085
4101
4104
3222
2813
2813
3047
3221
3914
4144
4072
3417
3047
3047
3415
4956
3047
4144
4144
3467
3460
3078
2815
4038
4935
3450
3127
3414
4099
3411
4960
3289
4110
4112
3311
3341
4109
4112
3485
3486
3296
3485
4113
3293
4115
4109
3311
3487
4121
3415
3033
4721
4852
4681
4025
3084
3943
4878
3025
2437
3944
326
4969
4938
2792
4970
4937
4937
833
521
2773
211
3056
2479
1432
444
1584
1584
442
442
442
1789
1837
2438
1814
1548
673
4882
4880
4266
1803
2560
1838
455
2838
4859
3394
4852
3229
4665
1712
2332
347
706
668
1707
2241
631
1722
1721
1701
331
2229
2216
328
341
623
626
346
624
633
2967
2342
338
338
338
1715
552
1716
1697
2249
1701
329
360
1771
2382
1761
395
649
394
1772
647
2313
392
1767
561
644
395
391
1774
1733
1767
390
386
642
1765
388
1735
1770
1739
641
1739
386
2001
645
1995
406
2000
405
646
401
2388
2313
420
562
397
562
2000
398
2297
2296
549
2226
1806
1806
733
680
2221
2260
2282
549
283
283
2304
610
867
4853
1681
1677
2278
1682
4842
3196
1690
2408
526
1834
1830
311
861
608
4292
4993
2251
2426
515
4994
2562
4855
3075
3008
452
289
288
2207
1833
862
1678
4304
4286
513
3022
79
2635
2682
157
178
2447
3056
2425
3211
2392
1866
1864
2005
2019
1870
1857
2392
1864
2013
2056
2401
1864
2401
1871
2197
2198
1870
2394
1871
2394
1875
1971
1946
1956
1971
1956
1971
1971
1956
1971
1971
1902
1971
1971
1971
1875
1971
1902
1953
1971
1916
1971
1950
1876
1933
1944
1889
1979
1969
1898
1937
1968
1971
2033
1956
1971
2033
1971
1956
1971
1971
1971
1971
1956
1902
2166
2041
1902
1956
1956
2162
1971
1916
1971
2166
2161
1876
1971
2166
1971
1958
2166
1902
1933
1944
1951
1888
1904
2166
2172
1903
1953
1900
1888
1918
1946
2180
1947
1903
1950
1946
1918
1971
1971
1892
2161
1971
1971
1971
1875
1944
1971
1971
1944
1971
1875
1951
1939
1925
1943
1903
1971
2161
1971
1971
1956
1971
1902
1971
1953
1971
1971
1971
1953
1971
1944
2172
1951
1947
1951
1925
1935
1901
1904
2012
1998
1867
2389
1864
1861
1871
2019
1869
1859
2391
1863
2389
2391
1998
1867
2058
2058
2058
1871
2113
2398
2056
2056
2058
2058
2058
1868
1867
2041
2041
2041
2041
2040
2128
2029
2024
2024
2039
2033
2033
2033
2024
2159
2159
2031
2021
2022
2041
2126
2127
2132
2126
2095
2050
2026
2044
2054
2050
2078
2079
2082
2110
2094
2094
2059
2077
2110
2112
2094
2113
2090
2395
2113
2398
2113
2090
2113
2395
2398
2395
2033
2130
2130
2053
2098
2100
2132
2138
2140
2138
2136
2146
2134
2136
2136
2148
2152
2396
2152
2148
2147
2024
2024
2081
2082
2082
2110
2094
2093
2090
2090
2090
2395
2106
2145
2100
2100
2147
2056
2056
2056
2114
2115
2398
2398
2398
2398
2014
2134
2122
2032
2032
2024
2020
2024
2020
2081
2074
2076
2085
2135
2032
2136
2082
2083
2141
2083
2136
2142
2142
2087
2084
2093
2093
2093
2087
2148
2090
2090
2106
2090
2090
2161
2161
2161
2162
2159
2161
2158
2161
2163
2163
1909
1909
2181
2185
1919
2180
1901
2026
1901
2026
1903
1901
2040
2041
2161
2172
2161
2041
1956
2033
2033
2067
2398
2115
2067
2056
2109
2100
2195
2195
2198
2058
4938
3059
2333
1734
1825
240
472
304
2376
1788
318
344
376
1757
351
664
2237
2253
2310
370
1788
1821
464
323
2227
1552
1710
344
514
2262
2233
863
2442
2254
294
2258
1713
334
425
371
1750
2315
2311
377
362
2275
517
678
865
2264
1820
2206
1703
342
2276
1787
1405
1816
1759
2566
313
313
313
2566
2566
2297
2300
2211
2959
2564
3089
701
722
308
1806
733
2221
2287
722
546
2305
2318
2961
2424
4277
658
1786
3139
2272
611
4847
307
2219
2266
2202
1753
638
2002
1806
1741
293
1806
4091
734
4903
321
320
1730
3145
1730
1708
1705
705
621
440
628
1770
650
720
719
546
4690
547
707
2982
366
359
2347
433
1760
1760
1748
1746
393
645
2391
3421
4938
3221
2813
3221
4720
2779
2999
4911
3909
3026
4804
2815
868
4991
705
705
1706
338
1721
551
1717
1769
1763
1767
714
651
652
1805
1806
2551
4989
1992
1871
2013
1861
1871
2112
2113
2152
2152
2094
2106
2067
2094
2106
2397
4995
544
545
2865
3934
590
4103
2268
2411
449
2432
2236
1676
4900
2263
598
2462
2463
607
4862
3401
3465
2775
3463
1410
2506
2482
2484
3084
4101
2462
225
2483
1813
4105
1650
1664
1681
2367
1832
669
1831
3152
73
38
96
55
148
2694
107
1661
1661
107
107
1661
107
960
1841
1661
4145
10
4148
4900
3935
4973
520
1438
449
4963
536
4937
3139
4963
4155
4085
3466
4971
4971
4970
4971
4132
3073
520
3139
3072
4133
4133
4134
4038
3438
3438
4864
2775
3053
4854
2544
2536
4936
3943
4971
4962
4961
4962
4133
4962
4962
4962
4132
4133
4971
2567
3073
3149
2778
2776
2776
2787
2776
2791
2791
4909
2791
4909
3137
2778
2999
2999
4060
4038
3944
3025
221
239
3139
3942
4908
4936
4900
4901
2786
4937
4131
4878
4878
4878
3053
4973
4966
4966
4937
3943
3943
4996
1419
58
1545
4666
282
860
244
503
1545
1551
4965
4691
1815
4285
1679
1412
1819
474
2402
2271
809
2271
4434
4434
4434
3913
1608
4434
3913
4969
4969
