4899
2616
2663
2680
2668
2680
2663
2680
2570
2572
4909
2623
2568
3305
2542
2569
2510
2510
2580
2539
2497
2504
3417
2601
2561
2604
114
4897
2607
2605
110
9
2631
2499
1784
920
2644
2676
2619
2544
2534
115
62
2515
2516
2542
2590
2540
2509
2538
2534
2497
2508
2537
2668
2512
2626
2503
920
9
16
2611
2668
2668
2621
2522
2573
3310
3310
3310
4907
3305
2654
2586
2588
2507
2521
2540
2588
2496
65
1785
112
131
2634
3829
141
2513
830
2630
2499
111
102
3417
2619
2677
2625
3292
3286
2618
1788
121
4909
2584
2668
2663
2667
3298
67
115
67
118
2543
136
2668
2545
3306
2665
67
2680
2668
2692
2570
922
4285
38
103
2498
94
94
44
2562
95
4898
3325
2498
2580
13
2559
2675
4909
3418
16
3322
7
2663
2668
2668
2669
2684
2590
3289
4901
115
67
2562
2565
2620
2507
2632
2607
2532
2586
2507
2507
2507
2632
2513
2618
2618
2618
2559
2606
2606
2565
2532
2532
2586
2532
2586
2606
2606
2606
2586
2586
2586
2586
2586
2586
2586
2586
2606
2559
2586
2586
2562
2586
2565
2532
2507
2632
2632
2632
2632
2586
2586
2586
2586
2586
2628
4943
3900
4875
4885
1387
207
2446
2471
2495
2495
3010
2698
4007
4743
4744
3076
2709
4127
2788
4739
1613
2441
3896
3896
2798
2715
3320
3896
2948
4739
490
490
228
509
2245
1483
2446
2446
1484
434
435
1502
563
2443
435
773
773
773
2439
2470
2439
1408
435
435
55
1409
2443
224
570
1541
567
1480
1480
2197
666
826
481
1791
1791
3317
95
4878
4892
1745
298
4718
4695
4275
4274
4752
4717
470
2287
4719
4163
4259
3020
2262
2197
1482
576
2940
3079
4149
2805
2813
4176
4130
3147
4266
3314
4006
4735
4745
3982
4743
3901
4717
4174
4173
4154
4173
4717
4888
507
2718
2784
4165
3168
4171
4813
4163
4156
2807
2811
3138
4151
4801
4151
4157
2814
3099
4702
4702
4703
2894
4152
3032
3097
4706
2841
2907
4723
2828
2822
3099
3095
2895
4814
3169
2816
2907
4728
2912
3137
3170
2823
2835
2829
4699
4725
2825
2917
2918
2842
4689
2846
2914
2845
2826
4805
2848
3034
4741
4819
2899
4208
2919
4209
4211
3175
4234
2862
4189
3111
4197
3122
4234
4821
4850
4226
3113
4217
4233
3118
4231
3013
3087
2795
2819
3169
3169
4814
4816
3172
2917
4215
4819
4200
4234
2943
4790
3128
3135
2834
3096
4814
4780
2838
2826
4725
3033
3172
2917
4212
2851
2857
4688
4690
4785
2390
4877
4877
3064
3897
4127
1411
3979
4745
4745
4745
4274
4770
4751
2764
2764
3191
3304
1400
796
3024
2969
2969
4733
1357
463
4123
2237
463
2710
663
2773
2904
666
2376
2218
2213
207
2245
2446
2429
207
434
1409
2781
2780
4776
4143
2763
2895
2810
4153
4154
2785
3022
3184
2443
1409
2470
2470
1614
1408
3900
2715
2628
2628
55
4123
2628
434
55
434
2554
4774
4693
4724
2951
3140
3979
3140
2628
4009
4274
4140
1631
4275
1411
3910
4745
3982
3979
3979
4107
3982
4743
4743
3127
2795
4839
4160
4841
4159
4182
3018
3125
4795
480
2256
4756
3093
4178
3102
2832
4815
3098
2821
4818
3104
3173
4203
2870
3116
2441
773
774
308
217
575
1357
1353
1483
1483
1483
2446
1401
514
2439
434
224
2411
220
434
1541
514
514
2714
2714
2411
220
3064
3003
4875
4744
4269
4744
3064
3320
3896
2480
2373
1410
1410
490
869
2409
4264
2930
4276
4243
4751
4176
2764
4259
1401
4842
4839
4174
4840
3077
4878
4151
4151
3027
4697
4149
4168
2908
4780
3032
2830
4730
3029
3028
3031
3032
3034
4742
2923
2899
4191
3037
4213
2854
4229
2902
4226
4224
4192
4222
3116
3122
2903
2970
2970
2969
646
470
4732
3147
4130
2763
4835
2830
4728
3030
4815
4167
4167
3076
4693
2493
666
4140
3128
4778
2808
2800
2771
4709
2934
1408
1614
894
556
2474
567
567
1541
1401
514
1411
1410
1410
1631
577
2440
4266
2769
2769
4749
2252
4143
4143
4776
2804
2894
2911
2911
3170
2897
2898
4206
2859
4202
4850
4799
3085
4840
4800
4172
2892
4794
4769
4287
1411
1410
1410
514
1410
1410
648
412
4787
4177
2476
1410
1410
1411
514
954
1447
1447
1431
709
1435
746
955
1457
789
709
703
715
1415
1422
764
708
733
1592
759
1589
1593
751
726
210
763
1480
1483
766
1338
1357
753
1441
1447
764
736
259
259
768
790
259
554
747
722
954
713
1591
1587
575
553
763
1457
1453
1447
1357
1428
259
767
768
766
554
1442
1483
767
1597
726
259
1593
1593
3890
4877
1412
1412
2370
2440
1613
773
791
434
434
2429
2429
773
1483
3003
2387
1410
1585
1436
726
2507
2632
2532
3324
2507
2559
4120
2624
2605
4265
4266
4008
2562
2532
4896
4896
3324
1627
118
2347
470
2507
2632
2586
2502
2586
4896
4896
2219
4984
4984
4264
4716
4277
3088
4244
4751
4253
4836
3323
2609
2625
2584
2668
96
503
2436
690
2463
871
898
205
1631
1629
225
205
2471
4121
1614
2479
2441
2479
1613
1613
563
228
221
1410
1410
1410
2441
1614
2441
1409
1409
1404
2441
1409
1403
514
1411
514
514
4127
4127
1630
1631
1401
514
514
1410
514
1410
1411
2387
2470
2479
1633
1631
514
205
490
2471
4123
571
203
205
898
4125
4973
4127
514
2790
1631
514
2439
2441
1403
1403
563
1405
221
1519
868
756
762
577
1339
730
4909
4909
717
1587
761
708
713
1422
712
931
1414
1424
1417
1027
964
981
943
1027
941
946
941
1465
942
1467
934
934
1027
935
941
943
940
1019
1448
1284
1040
1055
1055
1288
1030
1285
1312
1012
1079
1136
1174
1285
1030
1040
1164
1066
1309
1309
1317
1308
962
1079
1093
1080
1080
1218
1164
1015
1055
1136
1080
1080
1044
1046
1080
1040
1080
993
1160
1162
966
1065
959
1015
1055
1080
1148
1055
1312
1065
1316
1309
1080
1309
1164
962
978
981
1015
972
1080
1279
1312
1164
1080
1080
1080
1040
1150
1080
1080
1317
1080
1055
1141
1171
1148
1057
1150
1080
1080
1309
1079
959
1057
1040
1309
1006
1015
1288
1120
1080
1080
1080
1080
1317
1284
1080
1136
953
1148
1080
1080
1080
1148
1148
1148
1141
1080
1080
1148
1150
1148
1080
1080
1141
1148
1148
1148
1148
1150
1080
1080
1080
1141
1080
1080
1080
1080
1150
1080
1148
1136
1141
1141
1080
1148
1148
1148
1080
1148
1141
1150
1148
1080
1148
1148
1141
1141
1141
1148
1141
1150
1150
1148
1150
1080
1148
1148
1148
1148
1080
1148
1148
1150
1148
1148
1148
1148
1150
1150
1150
1148
1148
1148
1148
1148
1150
1150
1151
1080
1080
1080
1148
1080
1080
1080
1148
1141
1080
1148
1080
1120
1055
1141
1148
1080
1080
1148
1141
1148
1148
1150
1148
1148
1148
1150
1141
1148
1148
1148
1141
1148
1141
1148
1148
1148
1150
1148
1148
1148
1148
1148
1148
1148
1148
1148
1148
1148
1148
1148
1148
1148
1148
1148
1148
1148
1136
1148
1080
1080
1141
1139
1148
1139
1148
1145
1142
1129
1148
1147
1148
1148
1145
1148
1148
1148
1148
1127
1148
1139
1148
1148
1148
1148
1148
1148
1148
1148
1148
1148
1148
1148
1148
1148
1148
1148
1091
1080
1139
1136
1127
1136
1080
1040
1288
1040
984
1288
1275
1288
1288
1288
1288
1288
1288
1288
1288
1288
1288
1288
1275
1288
1288
1288
1288
1088
1040
1055
1040
1288
1288
1309
1136
1095
1136
1164
1129
1164
1164
1129
1164
1138
1129
1129
1164
1040
973
1055
1085
1066
1289
1053
1269
1065
1164
1311
1309
1030
1030
960
1164
1309
1015
1311
1289
1055
2684
2994
2504
2607
2607
570
2370
2411
1410
220
2470
2476
208
217
1544
774
774
1381
868
1483
2446
224
224
2446
570
1613
1374
308
308
1374
1540
435
791
1540
791
567
2442
2442
2412
2439
2370
2411
220
2370
309
2450
2450
2370
2370
1410
209
2451
1408
1408
1410
2411
2411
2411
1410
2479
220
220
2427
2427
701
4263
1391
1392
2390
4270
2719
2713
509
1773
1391
1773
1391
1391
1397
4735
4269
4269
2723
1481
2213
2381
4981
4943
2948
2714
3911
2714
2714
4129
3009
4875
2714
4933
4934
2926
2797
2797
1421
1423
1597
708
1420
1413
712
1422
767
931
1415
748
1432
1428
706
1441
735
1427
714
703
703
704
1426
1449
1444
1447
1437
954
1445
1447
954
705
1447
1443
941
945
943
1026
1461
934
941
1026
1460
934
1027
1023
1023
1023
1019
1026
1019
981
1027
936
1027
1791
2628
3321
1471
2493
643
2247
1394
3891
4745
4735
2213
2381
2789
4743
4743
4269
4744
255
824
508
1633
225
2474
2476
1403
563
2412
490
490
563
1403
2443
694
774
216
774
208
208
1480
1482
2247
1397
2247
1391
1391
219
277
3294
4878
3075
4135
4888
4134
438
4740
223
2478
2465
1577
898
2475
205
891
4129
4129
4129
2411
2411
2411
434
220
434
435
2429
784
435
791
1540
1541
1408
1523
2450
700
1620
874
2379
3897
3003
1390
1484
1483
2245
1483
308
1483
575
308
216
907
453
229
503
212
2409
204
2475
2475
2477
2472
2438
2437
2437
897
491
2436
1488
491
205
4973
2471
1632
1632
508
4128
4121
1790
126
95
268
268
761
768
730
1590
1590
720
1596
760
1591
1593
788
722
759
1587
2380
834
1399
218
1392
263
1536
4109
4972
2718
2470
2470
309
2387
2479
2387
2479
1613
1614
3831
2669
2511
2710
4913
4913
2798
3319
3977
2797
3894
3977
2797
4761
3142
4710
4995
4994
4994
1782
4882
1759
2374
413
649
635
1781
1509
822
440
474
2200
2207
1780
223
1774
4180
2813
2818
3168
2811
4161
2807
2814
4174
4801
2802
2802
4152
2801
4713
4736
4722
4183
2820
4844
3102
4152
4152
4802
3091
3091
3026
3028
4711
4703
4157
4166
2893
4154
3027
4202
4191
4741
2921
4210
4186
3174
2863
4211
3109
3036
4213
3106
2856
4184
2853
4215
3035
2847
4726
4212
4204
4205
2847
2920
4742
3105
3035
4206
4232
4846
4218
2868
2867
4198
4185
4846
3115
4845
2900
2900
4194
3111
2922
4820
2763
4835
3024
3021
4707
4259
4259
4259
3020
4773
4734
4707
2950
2799
3022
2943
3148
3148
3180
4278
823
297
634
4143
4136
4143
4133
4143
1750
2972
2778
582
2768
4888
2757
4142
4888
4132
2768
4740
1772
1392
4880
2951
3076
2493
4009
1773
4007
2237
1771
1772
438
4893
4264
4264
4277
4716
2761
3316
4252
4141
1767
277
2584
57
3286
16
1332
2592
2573
2519
2546
796
3021
3177
1771
2878
4474
4472
4471
4469
4853
3120
4465
4474
4859
4306
4306
4464
4300
4300
4299
4301
4309
4294
4306
4413
4649
4654
4655
4406
4655
4641
4655
4655
4654
4654
4608
4655
4406
4655
4406
4649
4654
4655
4655
4657
4407
4658
4658
4655
4654
4413
4658
4650
4656
4434
4651
4606
4406
4608
4608
4606
4649
4655
4654
4406
4654
4647
4654
4655
4608
4649
4608
4655
4654
4649
4647
4658
4655
4649
4658
4655
4649
4655
4654
4656
4657
4655
4657
4656
4395
4407
4610
4657
4656
4650
4655
4407
4658
4460
4610
4395
4656
4659
4649
4654
4407
4641
4649
4649
4654
4654
4654
4654
4655
4654
4654
4357
4655
4657
4658
4656
4644
4508
4649
4608
4654
4649
4658
4608
4406
4649
4657
4654
4649
4658
4654
4658
4658
4655
4356
4499
4656
4467
4298
4858
4821
4474
3039
3121
2874
3119
2886
4295
2878
3176
4297
2882
4320
4312
4468
4310
4300
4854
4294
4485
4484
4855
4483
4310
4468
4619
4615
4575
4575
4611
4574
4573
4520
4521
4519
4622
4615
4616
4504
4519
4519
4617
4508
4509
4507
4509
4509
4577
4528
4577
4524
4524
4525
4553
4519
4683
4533
4682
4682
4680
4682
4307
4478
4481
4602
4682
4686
4673
4321
4678
4678
4674
4321
4321
4856
4678
4674
4870
4674
4626
4626
4622
4536
4577
4578
4536
4868
4868
4869
4869
4632
4637
4869
4567
4547
4543
4543
4543
4544
4541
4614
4519
4682
4681
4566
4488
4595
4673
4592
4592
4593
4593
4593
4866
4860
4542
4541
4677
4676
4870
4856
4856
4466
4854
4313
4616
4616
4618
4563
4617
4617
4553
4617
4617
4682
4564
4587
4560
4587
4616
4623
4565
4566
4562
4566
4587
4625
4586
4586
4566
4569
4566
4679
4569
4570
4568
4866
4592
4593
4569
4593
4593
4618
4648
4604
4406
4507
4641
4509
4509
4509
4406
4509
4651
4655
4509
4509
4509
4663
4509
4574
4509
4573
4658
4610
4608
4608
4610
4654
4608
4607
4612
4615
4466
4466
4319
4466
4311
4860
4482
4685
4314
4313
4483
2439
514
793
2849
2850
2796
2796
3314
4276
4843
3094
4748
4748
2818
2844
3104
2836
3100
4748
4244
2909
2844
4760
4748
2796
2783
4240
4240
2719
3315
4162
2817
2766
3075
4729
4131
2757
4007
3316
4244
4720
4155
4737
2815
3134
3002
2823
2835
2837
4715
2816
3000
4880
2772
3163
2769
4244
4715
4715
4737
4738
4749
4749
4740
4693
3316
2824
2860
3887
3139
4708
4708
2789
4790
2763
4790
4731
3129
4769
2494
636
2794
2795
4245
4259
2781
3019
4260
4714
2799
2782
3022
3022
3148
2943
3192
3164
3013
4881
1749
4760
3000
2942
221
2423
3133
2963
461
4711
2925
3097
4701
4727
4727
3038
3029
4692
3020
2770
4249
493
575
4158
4160
4181
4160
568
2409
3090
4842
4842
4838
4802
4705
4207
3107
2792
2792
2794
1397
3020
221
563
2833
2833
2895
2911
3137
2840
2898
2918
2859
4820
4218
2418
495
205
205
227
1391
1394
1481
2197
653
462
490
2478
205
2389
645
1781
219
4813
4813
4174
4174
4802
4698
4170
3036
4184
4691
3038
3175
3020
3020
583
2237
2374
3039
4464
4466
4472
4294
4321
4321
4674
4592
4864
4318
4592
4568
4466
278
3022
3019
2791
4934
4123
4275
4134
3089
4271
4743
4743
4275
2758
4871
4263
3982
4745
3982
4835
4770
4121
4751
2990
4006
4735
4735
4890
2379
4745
4743
4745
4134
2758
826
4972
4140
4143
4143
4132
4263
4252
2235
4902
2521
2521
2496
2561
2562
2562
2632
2565
2632
2532
2532
2606
2588
2588
2618
3900
3896
3896
4915
4743
2698
2698
4127
2427
1614
563
4976
3896
4123
435
4121
3911
3911
3910
220
220
4885
4885
4885
878
692
4877
1412
220
1410
1790
893
1629
4123
4123
4126
4108
4890
3010
2714
2714
3009
1411
1410
1411
4885
825
2443
1409
2437
4129
2384
2411
1484
570
224
570
570
2429
2446
791
791
773
774
774
774
1541
654
568
903
1572
2438
491
2696
4981
4978
1519
1405
1615
4916
2790
3909
4916
4109
4885
4269
4265
4265
2242
4274
4142
4265
2765
460
4265
4946
2926
1503
2293
4836
4138
4009
2765
4254
279
3891
3891
3140
2535
2576
2613
2520
2581
2613
2613
2581
2524
2527
2528
2579
2579
2615
2615
2536
4283
2525
4284
124
2396
1787
36
24
170
799
4284
52
810
30
43
137
1333
30
1333
799
2574
2577
2583
101
46
74
74
124
124
125
2599
52
54
54
41
51
24
51
2517
2581
2552
35
31
129
16
2581
3834
2578
2621
2575
2614
2520
2599
2579
2520
2519
2578
30
36
123
123
87
147
108
42
21
76
49
128
801
801
201
19
74
172
33
186
48
98
1787
132
2536
2527
3286
147
4900
20
40
2527
2577
2578
2613
2535
201
133
48
22
2593
80
2581
2574
2578
3835
2520
2579
3835
3835
2629
2627
2657
66
163
162
98
47
45
91
59
4284
30
801
132
68
143
2528
4283
2553
23
2551
48
2613
2581
2668
2614
2599
2577
4284
2579
16
88
123
123
123
88
88
88
88
108
88
123
123
88
108
108
108
91
1787
147
26
123
108
88
88
88
108
108
88
26
88
88
88
88
108
108
88
108
88
88
88
88
123
88
123
123
91
91
108
88
2693
3971
4940
2953
3369
4001
3888
4097
3840
1654
3342
4104
4989
3368
3980
3895
3141
4100
2755
3342
3367
3376
4101
2706
3895
3895
3069
4979
3973
2617
3895
2482
4077
289
1398
1555
4990
4011
2289
2489
3351
3351
3351
4920
3281
4968
3840
2983
443
1777
445
1649
1648
2192
2627
2348
836
449
2273
649
279
457
310
4101
4280
4254
2198
698
1668
318
291
3190
3191
2233
2325
316
318
2214
1675
1670
1668
596
1688
478
4895
1651
4147
3892
3892
4267
3980
3981
4977
1660
1680
1680
1679
1647
1507
4039
292
1685
599
2334
1677
1677
1678
2310
2339
329
1685
1666
322
1665
2335
532
328
639
342
604
341
603
1663
402
2205
338
415
335
422
355
536
674
639
416
534
2309
344
331
334
506
2205
2205
420
640
354
674
352
2227
2280
608
426
2244
2196
2227
357
363
431
432
610
1736
406
2194
372
1697
427
375
613
613
1701
410
1700
383
1739
619
619
627
410
1733
385
384
391
382
390
627
1971
684
683
683
683
1667
1677
2309
669
2311
2309
640
351
339
426
1712
373
1730
409
695
273
355
354
638
600
2311
640
2312
361
356
2202
405
426
2316
1710
615
2343
2196
2195
475
1770
4829
4777
4829
3357
3342
3894
3894
3899
3889
4147
4997
4139
4139
4894
3128
3303
1538
32
807
477
3022
272
504
3045
127
2382
1389
4035
4834
311
651
1506
1388
1604
247
4106
3073
1761
1762
4139
2208
531
1675
1660
1675
3304
3304
3304
4950
3346
4060
4060
3331
4072
4942
4942
3186
4884
3300
3300
2993
2192
3301
2759
2617
2617
3881
127
3841
2526
1646
1606
422
2756
3894
3140
3894
2779
4008
4771
3335
2747
3354
2699
3981
3894
4946
3980
3980
4003
3127
303
3086
301
301
478
478
478
2297
1680
319
2297
2296
2256
2256
642
1667
1667
670
475
671
2312
2313
672
339
339
425
370
676
2317
2346
3040
3879
3879
3044
3991
3854
3051
3866
4889
3376
3376
3351
3378
3158
4055
4073
3152
2944
2755
3983
4001
4852
4810
4810
3326
2987
3978
2486
4069
455
4949
1647
2348
4895
4997
479
479
3190
4971
2337
2336
2337
1664
2367
1654
2299
2299
2224
2240
1657
607
2312
2209
2279
639
2225
600
433
600
2229
2193
374
1691
1714
377
366
1703
1740
2346
369
1729
616
2302
1737
389
1722
2794
3022
2795
584
2368
2291
2274
1756
1757
333
348
637
2311
2311
1676
4983
4103
289
1775
3304
1682
273
450
458
2212
3357
3400
3362
3987
4935
4069
2702
3881
3330
4830
1651
2392
2266
1645
314
402
344
419
601
537
340
1720
611
1731
517
2296
2336
590
588
2266
2266
3023
3301
4968
3357
3357
4068
2702
649
2214
531
282
1687
3990
4072
2702
3367
3370
3346
3351
3198
3936
3200
3206
3208
3926
3933
3935
3447
3943
3202
3208
3932
3428
4092
3210
3918
4086
3201
3264
3263
3234
3258
3211
3224
3221
3234
3223
3224
3838
3259
3238
3161
3262
3283
3925
3936
3231
4081
3218
3235
3235
3236
3416
3238
3254
3224
4092
3927
3931
3427
3915
3262
4079
2701
4086
3442
3208
3283
3945
3247
3926
3227
3920
3259
4080
3236
3283
3927
3840
4090
4083
3222
4082
3212
3233
4098
2937
4828
4831
4049
3073
3158
3157
3983
4968
3073
4831
3201
3262
3898
122
88
4282
1787
138
60
36
30
4008
4008
88
88
88
42
3288
2627
127
805
648
584
85
88
108
26
123
123
307
2231
818
2326
1647
4991
2392
4836
3835
2617
2523
2523
2529
2582
3971
2945
2760
2945
1556
4052
4034
109
1514
3339
2938
4034
4060
4889
4975
4030
4968
4975
3073
4060
4060
3346
3357
3346
3073
4968
3073
4968
4060
4073
4069
4073
4069
3376
3398
4072
3367
4938
3376
3376
4069
4069
3351
3351
3376
4968
3073
3073
4949
3339
4969
3985
2946
4879
4032
4011
4923
4923
4939
3339
4939
3339
3186
4883
3186
4923
2998
4923
4939
3346
4975
3073
3073
3073
4031
4825
2949
3045
3282
4832
3194
3220
2527
2528
3256
3218
4091
3429
3422
3203
3918
3918
3912
3912
3921
3210
3958
3958
3960
3437
3952
3953
3956
3946
3945
3947
3958
3205
3947
3950
3451
3446
3445
3445
3937
3242
3199
3947
3442
3476
3531
3473
3509
3826
3433
3522
3476
3444
3562
3562
3460
3815
3476
3432
3458
3961
3467
3522
3522
3433
3437
3432
3476
3965
3811
3806
3513
3460
3475
3531
3562
3806
3815
3806
3806
3825
3806
3562
3806
3825
3531
3562
3562
3806
3826
3826
3444
3826
3562
3815
3531
3818
3516
3512
3957
3811
3516
3518
3966
3960
3437
3960
3441
3957
3431
3525
3476
3519
3513
3472
3806
3458
3562
3472
3806
3965
3815
3818
3806
3811
3818
3503
3815
3815
3815
3513
3514
3458
3957
3441
3948
3952
3964
3514
3562
3791
3811
3452
3815
3433
3433
3562
3815
3806
3939
3441
3525
3806
3455
3815
3462
3462
3769
3769
3504
3455
3477
3462
3453
3815
3815
3815
3815
3815
3462
3455
3805
3493
3472
3811
3811
3452
3811
3472
3815
3452
3815
3806
3815
3806
3806
3504
3815
3504
3816
3815
3815
3806
3815
3504
3815
3496
3800
3496
3815
3815
3504
3815
3504
3800
3800
3800
3455
3455
3800
3462
3800
3800
3805
3800
3534
3800
3534
3469
3800
3800
3504
3799
3799
3469
3534
3472
3815
3472
3507
3472
3806
3806
3472
3806
3507
3815
3811
3806
3509
3806
3815
3806
3806
3806
3806
3816
3816
3504
3800
3500
3500
3806
3456
3816
3800
3816
3806
3800
3816
3800
3806
3816
3800
3800
3800
3800
3799
3504
3800
3800
3800
3800
3800
3549
3821
3504
3800
3800
3799
3800
3800
3806
3507
3507
3815
3806
3806
3806
3507
3472
3806
3568
3824
3525
3806
3478
3478
3816
3806
3460
3478
3806
3478
3478
3816
3824
3816
3478
3816
3554
3478
3821
3816
3800
3661
3800
3497
3816
3816
3817
3525
3478
3816
3478
3800
3504
3816
3800
3503
3806
3806
3791
3525
3466
3466
3512
3467
3467
3476
3511
3466
3466
3813
3813
3466
3459
3466
3466
3466
3466
3813
3466
3459
3459
3466
3466
3466
3466
3466
3459
3466
3826
3818
3806
3806
3460
3460
3474
3474
3525
3474
3503
3568
3562
3518
3518
3562
3511
3562
3458
3514
3512
3511
3518
3514
3518
3522
3522
3517
3961
3475
3444
3444
3476
3512
2579
2579
2577
2579
2579
36
122
88
89
26
3162
3162
3886
3988
3881
3853
3879
4920
3848
3415
3842
3157
3338
3989
3239
3879
3253
3849
3355
2982
4824
3383
3338
3370
3993
2702
3987
2983
2702
3338
3330
3398
3398
3158
3414
4005
1775
2349
4293
4005
4268
1655
454
460
2307
1396
4852
3141
4985
4004
1395
1607
2984
3371
3906
2747
4048
4048
4048
4777
4048
3907
4036
3269
2699
3981
2707
3913
3426
3210
3914
3263
3916
3918
3918
3918
3202
3255
3922
3241
3428
3202
3204
3204
3198
3915
3428
3926
3207
3243
3250
3251
3206
3951
3231
3945
3206
3204
3442
3938
3936
3939
3229
3243
3935
3945
3445
3450
3447
3205
3451
3446
3451
3947
3242
3942
3261
3447
3958
3430
3955
3438
3937
3952
3446
3966
3952
3952
3444
3440
3302
1582
3288
2617
2617
3300
2484
443
2739
4267
3889
4273
1604
2739
3141
3141
3141
1479
1557
2991
4822
2946
3329
4054
4010
4833
3332
4060
4106
2276
2325
1396
2307
1775
1770
459
307
1511
3313
1511
4137
2491
3384
4834
579
2725
4051
4033
4049
2944
2944
2944
2944
4992
4105
4992
1612
1602
1539
1582
3898
3983
4990
2489
1611
1485
1554
234
1539
806
4058
4062
4937
4952
4969
4061
3385
4094
2467
2725
4012
4051
3268
1564
4064
4032
3334
3970
4887
3976
4033
4876
4053
4879
806
265
240
3215
3221
3424
3223
3217
4089
3215
4086
3232
3258
3248
3215
4085
3212
3218
3984
1555
1553
275
460
1504
2413
3906
2747
3878
2724
3351
3398
3398
3345
3346
3351
3346
3351
3357
3400
3831
3292
2610
3392
2989
3269
2617
3977
2699
3894
2699
3894
2257
1637
2260
1641
1638
2251
1510
650
2250
2216
300
306
266
504
633
2235
2236
820
275
232
1683
330
1678
1658
1658
322
595
322
323
329
2299
313
1674
1674
326
1669
328
1677
642
642
1678
669
641
475
330
314
1658
595
595
594
312
533
1661
1672
1686
327
401
533
2215
407
1693
429
614
1734
407
1690
373
2342
378
428
1708
2301
1699
612
1712
1713
1711
362
370
2316
374
2285
1716
2194
1709
427
540
1725
381
1698
1696
1727
622
408
1724
380
677
1696
1695
1695
1729
376
543
2391
667
1755
1753
3303
3190
4139
1642
1755
1756
3021
1645
4139
527
581
1748
2210
4771
4894
4894
531
584
2778
1768
818
4137
4837
1764
2326
1766
2349
2481
2779
4100
4148
1506
1654
644
459
819
1783
1653
1653
274
4279
4146
820
1779
2518
2578
3834
16
2
100
2512
2547
3835
2794
2889
1389
1732
386
1806
2350
1800
1802
1800
1972
386
545
1962
626
1806
1806
1803
1802
1966
1972
1960
1970
2116
2057
2077
2136
2126
2362
2125
2125
2126
2127
2125
2116
2127
2126
2126
2126
2129
2021
2128
2116
2128
2032
2032
2122
2116
2033
2122
2034
2133
2032
2033
2136
2065
2359
2064
2362
2126
2064
2126
2136
2136
2082
2123
2082
2082
2047
2126
2126
2082
2116
2126
2136
2116
2082
2082
2116
2082
2082
2128
2082
2116
2082
2129
2122
2075
2032
2033
2037
2042
2042
2116
2122
2129
2082
2034
2033
2187
2034
2032
2077
2034
2125
2032
2087
2362
2127
2126
2116
2123
2127
2125
2116
2116
2116
2116
2032
2122
2032
2034
2087
2362
2126
2082
2082
2136
2123
2082
2082
2126
2136
2116
2116
2082
2122
2037
2024
2037
2034
2129
2032
2187
2032
2133
2318
1964
387
625
1723
393
393
1965
2282
388
1722
411
1972
2318
2355
1972
1964
2351
1818
1989
1975
2351
1812
1808
1809
1800
2044
2097
2095
2097
2101
2041
2100
2100
2363
2046
2046
2046
2360
2358
2358
2082
2047
2082
2042
2187
2095
2095
2041
2180
1983
2356
2100
2100
2356
1815
2352
2352
2188
2352
1987
1819
1815
1816
1818
1820
1961
1961
1979
1805
1979
1961
1979
1979
1977
1807
1977
2095
2095
2095
1983
1983
2180
1812
1813
2177
2095
1813
2046
2182
1825
1821
1821
1821
1811
1811
1813
2363
2186
2363
2356
2352
1820
1987
1961
1988
1979
1979
1977
1821
1824
1824
2351
2354
1811
1811
1959
1975
1975
1989
1989
1818
2360
2360
2045
2096
2042
2096
2358
2100
2096
2356
2096
2094
2094
2182
2360
2352
2356
2096
2096
2181
1821
2181
2366
1807
1987
1974
1977
1977
1961
1979
1977
1974
1977
2047
2065
2362
2127
2136
2136
2082
2082
2082
2082
2082
2034
2082
2082
2037
2129
2033
2028
2187
2358
2035
2100
2042
2043
2043
2082
2047
2082
2097
2047
2046
2066
1970
1959
1962
1970
1962
1823
1818
1816
1966
1816
3346
3351
793
2344
371
4830
4101
2275
1687
641
1651
1689
2314
2313
331
343
418
4895
350
673
1651
4100
2275
4997
4272
2491
641
606
2269
3313
2947
4991
1507
2277
2277
597
2278
605
332
361
2314
424
602
349
2270
4103
2288
1652
274
4103
2340
1684
2300
1755
2482
274
608
2937
3888
3888
3888
4102
4102
1644
1645
2367
2253
4250
1743
688
2794
1744
3304
3190
3190
1636
1650
3021
3022
695
3190
680
2250
2241
2269
2253
651
2223
292
2276
2223
2225
2230
345
421
358
385
3191
2232
367
3191
3303
1581
444
1398
1665
4160
2795
1485
595
1665
2338
1664
2334
1658
1671
603
366
617
2795
2795
3178
2795
1505
4059
2310
534
640
419
536
340
538
540
1719
544
2383
3331
4975
4033
644
1396
1766
241
2328
4058
4066
4094
633
2249
269
232
2334
1658
595
2299
2299
2239
379
542
2195
539
1729
543
3304
3304
1505
819
411
396
1973
618
1989
1961
1987
1807
1979
1979
1970
1805
1977
1977
593
3304
3022
3069
3980
4053
4147
3892
3892
3141
3141
4830
4145
3186
4830
3981
3980
4255
4255
3969
4144
2720
2697
4883
4883
2998
4148
4004
4004
4004
496
4267
4267
3141
4267
4262
4687
3905
4138
3191
4148
4137
2271
4284
87
42
42
81
88
91
88
91
91
91
88
1787
108
108
108
3393
3393
3367
2937
4810
4810
3141
3895
4914
4003
3376
4011
4011
4828
2375
4077
4796
3342
3331
3331
3888
4810
3978
2937
4829
3073
4831
4886
2762
3970
4883
2720
2720
3186
4883
2998
3903
3906
3152
4047
2747
4048
4796
3357
2937
2937
1472
4096
4049
4777
2944
2944
4104
4105
4992
2489
2490
241
1568
3268
4078
4018
4039
4976
4993
1568
3903
2998
4072
3374
3342
3152
4942
2984
2929
3906
4987
4852
4810
4008
505
4280
4280
4008
4008
4008
4008
453
582
4837
579
4837
2756
2756
2779
4752
2952
3889
3889
3889
4658
