95
116
2591
3
3
1657
92
91
968
969
92
133
144
2534
2546
36
17
21
117
2574
1837
2584
55
850
1833
2663
1334
2656
128
33
520
126
41
34
56
33
2675
4
36
2552
2560
2617
106
2546
4303
102
94
16
4302
2553
2605
2612
1833
2582
133
885
969
847
113
108
58
3
2642
531
2546
3837
145
1334
95
2675
2591
1333
128
25
31
31
1333
132
75
125
2612
4301
2616
2655
131
88
2652
125
41
29
147
2428
90
3
117
1657
2632
94
94
2609
2611
3
133
885
2642
2673
2546
136
279
2547
108
2586
2546
2537
885
138
3
114
134
30
2575
1832
146
146
2616
165
860
69
69
144
2591
2637
132
968
21
17
30
4306
136
2642
1657
138
143
138
145
2591
31
25
31
31
29
31
29
25
25
31
31
31
31
165
70
165
165
2428
70
132
25
25
75
29
29
29
28
25
25
25
25
25
29
25
70
2428
25
25
25
25
31
25
25
31
29
94
25
165
25
2396
950
948
236
2475
823
790
208
942
588
1561
1556
214
599
1812
1404
594
939
951
2397
2454
231
1659
514
681
236
547
1595
1400
489
1513
1562
247
829
828
828
935
4031
1595
1606
1606
1566
2449
2521
2521
594
908
935
1386
1387
262
954
2453
828
778
1562
1562
2452
1589
1803
1817
277
1820
278
860
291
279
280
1677
1676
217
294
2413
1827
2218
282
283
2223
307
1780
715
496
715
1780
1803
474
303
304
2224
2215
295
559
623
2395
1806
1509
2467
321
632
500
499
499
1823
235
1575
2409
305
306
331
1706
2344
362
336
1697
338
340
559
1700
1711
1702
2242
644
345
345
2308
429
647
716
720
643
2287
352
434
352
433
356
565
2201
526
677
2318
2230
426
353
2288
367
648
369
2191
2191
2189
649
649
381
383
437
722
377
377
379
1741
380
439
1744
382
384
658
376
2352
1747
1723
723
2309
2349
393
1731
1727
1753
1724
396
1764
397
1752
1752
408
400
1754
665
660
405
404
662
407
408
2274
409
410
666
411
415
562
679
416
417
419
420
420
1757
422
422
425
2265
2228
365
427
648
430
642
380
2247
2289
2322
436
418
651
438
652
387
441
1749
432
1412
1430
594
920
594
880
1800
296
2411
467
1420
4658
2266
667
742
495
671
1682
582
276
887
1410
617
573
329
477
1803
1506
241
244
247
247
1562
902
1595
1595
954
495
424
714
497
1788
1787
501
501
1721
302
2375
954
828
828
828
910
910
954
828
954
948
951
2508
198
607
1494
2987
946
233
774
278
778
1495
522
2239
355
1504
531
527
585
1397
920
594
2378
234
548
2303
630
2311
666
308
625
293
1790
555
1791
730
863
669
1708
561
431
563
564
566
565
565
2201
385
568
569
570
571
1759
779
1339
1357
574
1357
582
789
206
813
709
519
1341
1340
1352
1562
587
934
840
840
602
1376
1390
2446
199
1496
245
210
212
1343
2338
2338
2496
877
274
2414
1826
742
1781
2272
1382
548
630
2304
631
633
2245
1710
1712
637
1716
343
498
432
357
350
2227
676
429
678
368
350
722
386
1729
389
389
653
1733
1735
390
1759
1766
1724
1761
1732
397
663
1751
572
1754
552
494
494
293
2234
2278
623
2392
2387
2393
2227
351
2320
416
680
1404
684
2333
2265
689
690
691
1778
2267
468
935
910
910
1597
1382
1562
735
827
709
1341
628
818
1344
878
2274
1768
718
2319
2320
720
720
436
2322
2325
725
2354
727
726
726
629
555
728
670
731
667
886
594
932
703
615
739
694
695
742
809
595
703
703
1452
805
1465
1447
754
975
805
1468
1467
1453
1445
975
1447
751
820
820
973
1450
786
973
763
753
820
812
786
767
820
813
788
767
777
784
797
1445
820
1625
787
1631
787
819
774
1631
787
784
1466
1456
750
753
812
784
813
820
1460
792
777
581
1445
802
1447
1618
753
767
1468
814
1618
1450
784
786
1444
1443
1443
837
606
908
910
1340
1341
1340
1339
1356
1553
2187
910
758
1459
812
448
31
31
248
2428
847
55
56
55
2527
165
29
31
860
276
1616
739
739
29
29
29
851
25
31
29
1637
1798
280
1795
1801
2406
2526
885
882
118
883
15
133
885
2396
887
1593
2476
937
1600
2335
535
951
2464
889
1596
1605
628
1612
910
2187
2187
953
910
953
547
1595
509
1595
2338
2187
954
953
953
953
953
2187
954
954
954
954
1595
594
594
594
535
926
939
1611
942
926
594
594
594
2187
2187
943
1372
1602
618
942
943
2339
547
1597
1607
1607
928
939
939
2466
1607
585
535
535
2187
954
954
1606
954
1595
904
509
509
509
1594
247
1521
1352
964
787
573
1619
54
92
54
973
1625
973
974
975
1439
1439
754
1453
1459
1462
1442
803
1474
1479
1097
755
1001
1465
991
1097
803
814
1472
1471
987
993
1471
756
804
804
999
1470
992
1490
983
1491
1488
992
1482
988
1070
1326
1493
1481
994
984
988
1486
1487
1487
998
985
985
1476
1476
1479
983
1056
1051
1491
1484
1000
1051
982
1490
1051
1326
994
986
986
1484
990
1085
986
986
986
1477
986
1488
994
1477
996
1491
1051
1326
1051
996
996
988
996
1326
1490
1487
1479
1479
989
1001
1477
987
1479
1489
984
1481
1484
1484
1484
985
1486
1056
1484
1486
998
1491
1085
1058
1487
1085
1085
987
1326
1326
1484
996
1326
998
1487
1326
1097
1485
1480
1483
984
1489
1085
1484
1491
1050
1051
985
984
1326
1085
1492
1476
1475
989
1492
1326
1050
1050
1013
1013
1050
1050
1061
1013
1013
1050
1014
1050
1014
1050
1013
1050
1084
1013
1013
983
1051
1051
1051
1070
1484
1051
1484
1326
1484
1058
1489
1051
1330
1049
1093
1330
1049
1049
1049
1051
1489
1058
1049
1059
1049
1049
1049
1330
1484
1049
1058
1051
1049
1049
1049
1322
1044
1314
1049
1049
1049
1044
1049
1084
1044
1049
1044
1049
1049
1300
1094
1047
1044
1094
1484
1049
1326
1059
1059
1058
1020
1489
1484
1085
1051
1484
1491
1491
1488
1330
1028
1058
1085
1028
1330
1021
1021
1021
1021
1330
1028
1492
1023
1023
1021
1021
1086
1021
1330
1023
1330
1330
1021
1049
1329
1042
1042
1329
1081
1081
1324
1042
1049
1016
1329
1016
1042
1324
1329
1042
1054
1042
1081
1085
1085
1489
1085
1330
1492
1028
1492
1492
1058
1492
1028
1057
1057
1085
1083
1057
1021
1057
1057
1057
1057
1083
1057
1000
1021
1028
1083
1021
1086
1081
1327
1086
1329
1086
1083
1327
1086
1086
1086
1086
1086
1086
1327
1492
1057
1492
1493
1492
1028
1085
984
1055
984
983
983
1485
1055
1055
1055
983
1484
1055
1055
1055
1055
1070
1055
1055
1055
1055
1055
1055
1055
984
1055
1055
1484
1055
1055
1051
1055
1055
1488
1492
1058
986
1085
1000
1487
986
1487
1487
990
986
1085
1085
1493
1487
1491
990
983
983
982
992
1485
984
984
992
985
1483
989
988
988
1487
1481
986
1481
1477
996
984
1490
144
2501
33
33
29
29
25
265
519
963
778
778
809
1357
777
1357
829
574
1352
580
573
1339
265
708
1620
1339
789
1340
1340
1381
1356
2453
2453
828
828
1594
1391
615
615
1594
2453
247
1343
1344
840
839
735
1343
1343
1344
615
615
909
1386
1352
1352
1531
2521
2400
2252
1422
4114
204
269
2433
2383
1640
613
2408
2505
222
537
738
733
908
733
2470
1641
328
2377
754
1444
1459
1442
1443
973
1444
754
754
808
1453
1453
1442
1458
1460
754
1457
1452
1456
754
1442
1442
975
1457
751
749
1469
1455
751
1467
781
1452
1464
1460
1468
1473
783
997
756
1471
795
749
756
804
782
1470
755
1474
987
997
1475
1001
1470
993
1475
993
993
755
236
4865
198
232
732
464
204
2298
822
613
609
844
471
1513
2447
472
1516
943
1382
1359
573
1520
2338
547
547
1605
1605
1605
1605
2443
2495
1529
242
301
2357
2283
1543
313
1543
270
1689
1520
1600
1601
1602
2327
738
704
909
735
2474
1376
840
735
2453
828
2453
828
2453
247
2453
919
509
941
893
2498
2497
1592
464
1555
2479
590
600
832
829
2482
1564
1365
268
1570
2496
1600
1635
2336
4865
516
1520
1519
944
547
1595
1598
1604
1601
1552
1603
2497
547
1519
927
927
1609
1610
1516
209
209
897
1609
1614
1593
1616
2188
1626
786
820
802
769
784
787
821
1439
1625
763
820
753
821
785
1633
2499
4658
3999
4982
4802
1816
1636
1636
4114
1640
4031
4986
201
201
908
733
594
733
910
908
908
910
910
883
10
53
884
475
1436
969
1658
1659
1669
1671
275
1672
874
1673
2260
2523
299
1678
1784
1681
2283
1684
2342
1686
1676
1687
1804
2199
2205
334
1693
332
1705
337
2226
1698
2346
341
1699
1700
1701
347
1703
344
412
1707
413
560
561
1710
2317
2307
1694
1714
1722
1717
2286
639
346
1715
1720
360
1723
724
1746
1725
1726
384
1760
1728
1730
1730
1760
653
1750
655
654
387
2350
392
391
1739
2324
2294
1742
568
438
1731
1737
2293
377
650
569
2324
2352
1751
1758
1766
2310
1734
1756
398
1757
571
421
570
570
725
1761
1763
2353
1755
1765
1766
1769
465
1770
1781
1781
1776
2222
1769
1777
2255
714
2261
1670
1680
1784
1685
1786
534
1789
1792
283
283
459
1689
1540
853
2240
220
1413
2253
202
2382
1405
463
1533
284
874
876
2244
2386
2516
1828
1793
2596
2591
1657
2637
4882
2673
2673
3837
2586
667
2519
667
4114
1636
1982
1842
1983
1983
665
1985
1847
1992
408
1987
1989
1983
1842
1849
1982
1982
1988
1843
1843
1984
1846
1984
2004
1858
1849
1852
1852
1861
1863
1960
1890
1960
1900
1948
1867
1872
1868
1960
1959
1908
1908
1873
1873
1960
1966
1947
1968
1916
1947
1947
1881
1940
1953
1929
1887
1932
1942
1930
1889
1936
2159
1935
1960
1960
1870
1945
1867
1943
1867
1960
1961
1960
1872
1967
1911
1971
1873
1910
1964
1902
1960
1959
1872
1908
1911
1908
1908
1963
1887
1879
1964
1947
1874
1968
1921
1920
1971
1863
1886
1921
1940
1928
1890
1974
1973
1887
1974
1922
1956
2158
1931
1937
2162
1936
2159
2014
2163
1895
1907
1930
1957
1865
1904
1872
1947
1947
1876
1904
1963
1968
1880
1886
2159
1953
1922
1935
1924
1897
1869
1893
1960
1872
1966
1863
1904
1971
1907
1892
1947
1968
1965
1969
1879
1950
1932
1936
4998
1955
1976
1977
1978
1979
1991
401
401
1989
1983
1844
406
2359
1848
423
402
402
1990
1990
664
399
1996
1980
1994
1855
1856
1843
2177
1843
1996
1995
1995
1980
1992
2006
2007
2170
2007
2028
2007
2064
2030
2030
2039
2031
2060
2062
2015
2018
2014
2033
2107
2018
2010
2010
2114
2014
2028
2067
2028
2066
2028
2039
2063
2035
2039
2182
2035
2063
2036
2036
2180
2045
2046
2365
2048
2183
2181
2183
2184
2370
2370
2052
2054
2051
2103
1998
2102
2100
2055
2100
2175
2176
2058
2065
2027
2067
2002
2182
2066
2066
2095
2096
2096
2079
2068
2070
2069
2061
2072
2093
2077
2057
2178
2099
2098
2097
2039
2082
2034
2041
2036
2047
2046
2042
2088
2052
2052
2050
2140
2051
2057
2371
2001
2097
2000
2097
2179
1859
2361
2176
2176
2177
1999
1998
1999
1999
1997
2123
2122
2122
2061
2107
2115
2114
2115
2115
2038
2041
2115
2038
2121
2119
2073
2121
2041
2047
2125
2131
2131
2129
2073
2138
2131
2135
2135
2044
2087
2088
2364
2089
2138
2074
2050
2092
2142
2140
2015
2174
1893
2171
1898
2150
1917
1964
2150
2150
1933
1919
2153
2151
2010
2159
2151
2169
2159
2010
2012
2014
2014
2030
2014
1915
2167
2029
2167
2170
2029
2170
1948
1905
1909
2173
1860
1853
1852
2175
1999
1849
1859
2185
2003
2181
1858
1858
1858
1994
2987
4071
1743
1743
2190
2213
2192
2194
558
458
443
358
371
2201
2231
2202
2212
563
357
310
2250
691
1799
1709
2195
2203
310
288
1545
2220
2210
336
1696
2225
641
2203
426
375
375
2247
371
363
2196
673
692
2238
1825
2235
2241
344
2204
621
2214
2190
567
2435
2249
2255
1768
2258
712
2262
1783
667
667
465
1775
1781
2273
2256
1777
2269
667
1781
424
410
2274
1785
1685
624
2217
1605
2281
473
2282
646
643
351
373
378
659
2272
441
297
297
287
2302
551
2303
625
666
1598
340
2305
1694
2344
333
2348
428
442
1762
666
494
2301
2334
2273
1605
415
2319
2320
417
2321
376
723
1723
388
4111
1597
943
547
1597
2331
2284
471
1688
2335
4658
1519
1548
2340
1681
1829
1692
1713
2345
2306
1712
638
348
1732
2325
1748
2323
1761
2354
2265
2341
2314
2291
1981
2362
1852
403
2326
2360
2053
2363
2099
2369
2052
2075
2360
2050
2141
1861
2373
494
598
2465
1494
604
710
4865
1403
2394
2387
521
1611
1415
2468
1574
2438
1497
1514
688
2410
290
299
145
1333
31
31
29
25
165
165
31
25
75
28
1336
70
165
205
2440
446
205
952
828
954
828
941
1595
2464
954
954
2338
449
931
938
938
910
935
825
2463
1576
908
1515
2462
888
1608
897
1608
947
542
1643
2470
2450
1427
748
908
445
2504
1606
1606
704
1555
826
1388
2472
827
827
1556
2452
839
840
2442
2453
510
492
919
1526
891
1603
2498
1634
2500
2467
893
698
2505
512
2451
200
2506
1432
327
527
1639
2528
4135
4982
1636
4115
3391
4984
4978
2515
4264
1419
4295
2405
2536
2666
2626
2632
3371
2632
3371
11
3471
2585
9
2569
2536
2577
2594
3382
3039
2549
2697
2711
3021
3359
2709
2566
2667
2548
2608
2566
3346
3041
2563
3036
2573
3036
3036
2667
3041
2658
3390
3390
3390
3041
2563
2541
2665
2549
4880
2604
2646
2573
3836
2624
2716
2649
2649
2603
2717
2680
3843
2602
3367
2543
1656
2543
3033
3036
3360
3360
2563
3390
2573
2668
3371
2632
2599
2673
2548
2548
2569
2569
2569
2666
2660
2660
3349
2650
2608
2664
2550
3346
2555
2618
2564
2661
2654
2566
2588
2558
2667
2588
2660
2646
3348
2554
2625
4133
2544
2626
2587
2567
4883
2557
2543
2632
3371
2626
2599
2668
2639
2573
2551
2639
3371
2599
2567
3371
2573
2569
109
3382
2665
2563
2563
3041
4880
2590
2589
2638
2654
3349
3033
2658
2807
2577
3360
2804
2666
2588
2569
3348
872
2550
2594
2732
2563
4306
53
2541
3371
2543
2542
2548
2625
2548
136
3350
3350
3350
2555
2650
3349
2660
2660
2660
2660
2660
2650
2650
2555
3349
3349
2660
3349
3349
3349
3348
2660
3346
3348
3348
2660
2660
2650
2660
3346
2660
2660
2660
2660
2660
2660
2660
2660
2660
3346
3348
2660
3349
2660
2660
2660
2660
2660
3350
3350
2660
2650
2660
2660
2587
2660
2660
2660
3038
4845
2752
4970
3457
3398
3323
4968
3313
3140
3105
3104
4055
4933
4682
4845
3106
3244
3107
3437
4855
4931
4963
3120
2766
4678
3398
3408
2758
2758
2775
4953
4051
3336
3333
3025
4924
4924
3981
2758
3025
3025
3878
3866
2788
4802
3410
2974
3106
3881
4926
3881
4929
3025
2788
2795
3332
3313
3854
3855
4062
3892
2797
4094
4094
2802
4093
2804
3036
4859
2801
3388
3361
279
4160
4286
2850
2814
3057
3054
3378
3245
4693
4665
4664
461
461
2984
4874
4877
4066
4190
3017
4179
2831
4684
4170
2982
2836
4988
4276
2843
4707
2846
2845
629
728
4707
4690
4899
2853
2830
4672
4168
2856
3224
4166
4711
4173
4751
3072
2863
2865
4175
4178
2860
4702
2867
3156
2883
4779
3151
3154
2874
2875
2876
2877
2899
2879
4791
2961
4697
2882
2884
2955
4700
4701
2887
2888
2889
2874
2892
2893
4699
4699
2896
4758
2958
2899
4225
2902
2902
4758
2898
2903
2897
2906
2907
2897
4202
4201
3161
4216
2964
4213
3164
4200
2916
4212
4218
2917
4227
4207
4229
3168
4231
3173
4226
3169
3231
2918
4228
3171
4238
2921
4238
2921
2922
2921
2922
726
2274
2313
465
4182
2858
2939
2954
2880
2960
2900
2909
4198
4232
2918
4233
4743
2296
2878
2950
3187
4761
2955
3190
3084
2957
2876
3160
4792
3085
4217
2963
2963
2964
2911
4222
3162
3081
4053
2974
2973
3106
2981
4860
459
2984
4873
460
2265
4016
4806
667
4735
466
2990
2992
3307
3036
2735
4798
4284
4068
3852
2815
3202
3195
3993
3007
2745
3333
3878
3332
3025
3025
3013
4742
4260
4259
3015
4260
3159
3074
3018
3234
2266
467
3033
3332
4924
3026
4924
4924
4926
3339
3025
3026
3107
4896
3454
2752
2752
2763
3838
4093
2987
3042
3034
3121
4139
3282
2658
3390
3390
3283
3035
2821
4705
2887
3047
1839
4993
4991
3101
3242
3127
4142
4872
2375
2299
548
630
2299
2301
2989
4770
3180
3075
669
730
863
2834
3137
3079
2940
3190
2941
2954
2942
2961
2961
4718
3087
4223
2945
3089
4234
3292
3097
3860
3859
3294
3281
2739
3883
3244
3040
3845
3855
3850
3880
3913
4924
4924
3881
3114
2972
4895
2519
3113
4059
2747
2795
3010
4049
3876
4245
2757
3379
3071
3013
461
461
2984
3876
548
632
630
548
4244
4715
3147
3148
3150
3150
4180
2886
4700
2942
3154
4696
3156
3157
2953
2890
2896
2902
4223
2962
4224
4208
4820
3167
3167
4235
4226
3165
3172
4818
4240
4240
3174
4233
4237
3170
466
466
666
3181
3201
4241
2836
3185
2981
3186
3047
3188
2890
2941
3149
4848
3893
4853
1773
2948
4663
3199
2822
2852
4159
4924
3410
4926
3408
4030
3853
3853
3847
3875
3100
3283
3858
4676
2275
2274
3221
3015
4874
3222
4789
4790
2873
2959
3160
4214
4199
4228
2275
728
726
731
727
727
557
4859
3038
4089
3214
2974
3880
3362
4262
3198
3198
3875
3106
3875
3435
3942
3952
3955
3934
3946
3926
3264
3951
3943
3479
3931
3938
3480
3481
3303
3928
3936
4099
3482
4105
3301
3268
3312
4099
3290
3303
3308
3316
3291
3269
3276
4108
3959
3305
3320
3288
3290
3275
4100
4097
3279
4098
3938
3927
3255
3295
3928
3318
3482
3316
4102
3265
3314
3947
3280
3478
3470
3268
3290
4104
3290
3278
3256
3297
3277
3482
3934
4099
3303
3288
2851
4897
3882
3437
3857
3857
3098
3857
4944
3240
3318
3940
3318
3343
2650
2660
4859
2804
2650
3348
3982
2804
2805
2805
3359
2660
4989
2660
2660
2660
2660
2650
3350
3034
2994
2804
2804
3036
3390
2807
4094
3362
2650
2650
2650
2660
2660
2660
3350
2660
4112
4149
3376
2818
4293
4269
4295
2764
1838
4134
1655
9
872
4930
4092
4927
3395
4075
4093
3129
4007
3056
3408
4087
3130
3468
3883
3395
4926
3437
3410
4926
3437
3437
3410
2758
2758
3025
3025
3465
3410
3410
3437
3437
3339
3437
3437
3437
3026
3403
4924
3026
3403
3880
3880
3211
3106
3244
3107
3397
3868
3127
3106
3106
3435
3108
3244
3410
3410
3208
3880
4073
3468
3413
3131
3130
4074
3468
3408
3428
3429
3056
3107
4969
3442
3868
3211
3880
3411
3410
4127
3437
2758
3403
3025
3025
3025
3025
3025
2795
2795
3466
2795
3094
4097
3465
3469
4101
3471
3471
3272
3272
3482
3929
3930
3926
3477
3933
3939
3481
3267
3304
3960
3960
3499
3600
3500
3957
3502
3254
3490
3261
3499
3285
3262
3956
3949
3953
3315
3315
3967
3954
3977
3484
3484
3976
3973
3972
3972
3485
3493
3495
3484
3559
3974
3977
3971
3497
3484
3980
3601
3586
3493
3493
3486
3967
3971
3484
3973
3561
3521
3557
3974
3979
3976
3484
3555
3523
3553
3975
3601
3561
3523
3553
3980
3976
3979
3495
3588
3975
3975
3963
3976
3976
3509
3553
3553
3492
3978
3971
3497
3515
3498
3977
3963
3965
3489
3493
3969
3963
3968
3553
3484
3494
3979
3557
3553
3558
3492
3553
3553
3496
3493
3587
3559
3834
3553
3521
3588
3974
3587
3587
3553
3557
3492
3829
3979
3587
3600
3970
3962
3586
3970
3558
3488
3557
3557
3515
3561
3972
3484
3976
3521
3501
3261
3555
3588
3834
3587
3824
3587
3587
3587
3587
3782
3824
3781
3824
3587
3824
3587
3824
3587
3587
3587
3824
3823
3587
3553
3561
3561
3557
3553
3553
3561
3553
3829
3829
3829
3558
3523
3561
3546
3558
3555
3568
3555
3828
3829
3553
3538
3834
3829
3829
3829
3829
3538
3568
3834
3555
3555
3834
3829
3829
3551
3822
3822
3582
3829
3551
3551
3822
3554
3587
3551
3547
3835
3554
3829
3825
3822
3547
3551
3819
3597
3834
3829
3834
3508
3508
3553
3834
3828
3834
3546
3834
3834
3557
3496
3975
3538
3546
3595
3521
3522
3595
3542
3572
3595
3595
3546
3522
3572
3538
3595
3595
3542
3595
3595
3826
3588
3542
3522
3522
3833
3544
3568
3564
3507
3803
3803
3542
3803
3803
3564
3507
3517
3826
3803
3534
3564
3564
3564
3507
3564
3517
3517
3826
3803
3546
3522
3522
3522
3572
3522
3588
3522
3522
3834
3560
3501
3501
3601
3572
3572
3572
3501
3522
3560
3572
3510
3974
3572
3601
3572
3519
3519
3510
3510
3833
3595
3595
3830
3830
3595
3572
3572
3510
3595
3564
3510
3830
3572
3601
3501
3974
3522
3601
3557
3484
3484
3484
3484
3484
3484
3553
3484
3484
3484
3515
3553
3553
3553
3553
3515
3515
3553
3515
3553
3553
3484
3523
3523
3553
3553
3553
3553
3553
3492
3601
3588
3601
3522
3559
3980
3979
3559
3559
3521
3521
3521
3980
3977
3977
3557
3970
3978
3978
3970
3484
3977
3494
3973
3491
3971
3971
3497
3491
3487
3487
3969
3495
3484
3484
2536
2626
2548
3346
2660
2566
2660
2660
2660
2794
3293
3094
3282
3309
3099
3097
3855
3850
3095
3469
3857
2739
3283
3097
2993
3853
3853
3881
3854
3332
3332
3332
2795
3847
3875
3856
3333
2788
3866
3879
3309
4924
3853
3881
3040
3844
3875
3875
3875
3881
3850
3992
3903
3193
4682
3909
3903
3323
4016
4939
2827
3006
4931
4116
4934
3914
3913
3214
3214
3918
2734
3923
3932
3321
3939
3936
3288
3929
3930
3477
3477
3932
3258
3927
3267
3481
3946
3478
3941
3476
3944
3476
3938
3944
3299
3948
3945
3305
3255
3286
3286
3299
3256
3259
3943
3942
3955
3255
3254
3306
3490
3298
3953
3298
3950
3260
3949
3958
3965
3960
3964
3499
3315
3500
3961
3969
3499
3956
3969
3961
4847
4847
3454
2763
3120
3838
3038
3985
3986
2796
3994
3993
3125
4900
2997
4910
4965
3447
3447
3091
3096
2999
3465
2758
2758
3028
2758
3462
3460
4912
3010
2783
2771
3987
3892
2826
4023
4854
3134
4716
3848
3392
4960
4007
2787
4033
4035
3214
3882
3881
3881
3332
4924
3025
3332
3025
3025
3010
4904
3417
3462
3462
3449
4959
4000
3337
4056
3114
3105
2745
3336
3863
3209
4046
3011
2781
4958
4797
4806
3388
2999
4005
4808
4807
4006
4077
4922
4084
4077
3448
4079
4943
2787
4006
3429
3397
3439
4800
3429
3440
3440
4942
4928
4093
4072
2779
3341
3934
3474
4102
4105
4104
3934
3274
3934
3275
3341
4103
3935
3341
3287
3270
4075
4032
4069
3999
4802
2996
4112
3891
4284
4752
2997
4082
3116
2753
3127
3127
3875
3214
3410
3410
3410
3326
3882
3326
3882
884
10
137
133
3921
1839
1660
4137
230
1437
3000
4146
3133
4148
4150
4157
4152
4296
3245
4730
4162
4297
4811
4154
4161
2811
4153
4165
4826
2854
4185
2857
4786
4171
2855
4172
3152
4702
4815
4174
2872
2865
2870
2866
2868
4180
4171
4183
2857
4181
2938
4186
4787
2863
4189
4187
4192
4755
4193
4194
2868
3016
4196
4197
4213
3164
2964
4210
2915
3163
4203
2944
4204
3088
4203
4224
4224
3166
3166
4210
2913
4220
4220
2909
3162
2898
4225
4217
4219
2962
2905
4216
2965
4222
4223
3162
3161
4235
4198
2912
4236
2914
4239
4239
4204
2912
2946
4205
4235
4207
3165
4230
4240
3168
2919
4241
4242
3015
465
667
4703
4737
2985
2983
2823
4727
4738
4251
2266
2375
2824
3221
465
465
4734
4151
4746
1685
4858
4873
4991
2820
3181
4261
2984
4289
4870
4026
4288
4812
4826
4849
4992
4709
4284
2968
4296
3377
4292
4268
4985
4158
4265
4879
4306
2642
2621
2605
2645
2645
3837
2807
667
4980
465
3900
4284
2925
3176
4827
2928
4463
2920
2931
2933
2933
4467
4460
4460
4467
4828
4458
4831
4311
4465
4465
4315
4463
4314
4316
4464
4465
4465
4466
4395
4364
4393
4449
4640
4376
4612
4433
4614
4612
4640
4435
4364
4439
4422
4388
4383
4390
4438
4388
4351
4373
4393
4393
4393
4400
4454
4400
4447
4393
4410
4453
4631
4449
4453
4410
4364
4640
4643
4364
4435
4640
4364
4371
4435
4444
4438
4622
4440
4375
4439
4637
4421
4388
4438
4440
4422
4385
4435
4438
4386
4388
4388
4438
4390
4440
4394
4621
4447
4375
4636
4400
4402
4634
4400
4400
4393
4633
4486
4354
4388
4428
4622
4407
4631
4490
4633
4449
4454
4633
4490
4438
4380
4449
4612
4366
4435
4382
4388
4438
4373
4390
4375
4438
4438
4375
4393
4429
4449
4633
4631
4454
4415
4380
4642
4435
4640
4435
4640
4442
4439
4440
4438
4435
4422
4375
4447
4349
4393
4393
4635
4408
4454
4622
4631
4490
4454
3175
3169
2924
4796
4460
4831
2927
2929
2929
2932
2930
2947
2927
3176
3090
4456
2923
4456
4472
4469
4457
4326
4313
4465
4322
4471
4468
4471
4457
2924
2924
4534
4503
4502
4503
4503
4503
4506
4506
4509
4507
4534
4535
4535
4494
4579
4509
4554
4583
4500
4583
4501
4554
4541
4538
4538
4505
4505
4505
4507
4509
4509
4512
4537
4651
4512
4518
4511
4651
4650
4521
4521
4654
4655
4652
4654
4578
4473
4525
4528
4528
4323
4575
4646
4647
4646
4573
4645
4573
4528
4534
4541
4534
4541
4537
4479
4539
4539
4477
4539
4568
4540
4552
4547
4542
4543
4543
4570
4549
4838
4649
4570
4476
4568
4509
4512
4513
4511
4520
4514
4520
4559
4522
4522
4523
4524
4530
4532
4531
4565
4479
4567
4569
4476
4472
4327
4320
4321
4321
4328
4329
4328
4829
4829
4325
4592
4592
4579
4592
4582
4582
4584
4584
4555
4555
4513
4597
4590
4546
4591
4546
4593
4514
4601
4596
4599
4599
4551
4599
4841
4606
4558
4515
4560
4839
4564
4837
4562
4523
4609
4533
4609
4523
4492
4617
4390
4622
4494
4579
4622
4622
4621
4498
4627
4360
4500
4430
4454
4490
4631
4500
4554
4554
4490
4506
4506
4486
4635
4486
4486
4388
4483
4482
4482
4491
4491
4492
4329
4458
4318
4318
4317
4828
4455
4653
4479
4653
4326
4316
4481
3410
3435
2188
4718
4718
4660
4660
2839
4876
3078
4683
4667
2967
4167
2895
3086
2894
3153
4671
4680
2956
3084
3184
4850
3200
4294
4662
3079
4671
4679
4870
4875
4689
4673
4691
2859
4685
4685
3152
4697
2957
2951
4698
4669
4701
4696
4686
2737
4691
4666
3378
2854
4166
2867
4748
3895
4717
2899
4670
4973
4940
4725
4242
3183
3182
2262
4256
465
2261
410
667
667
465
3203
4764
4246
461
3044
3200
667
667
667
2355
4247
3139
2274
4145
4745
2277
4738
4686
3408
2809
4285
2828
4755
2875
2875
4757
4759
460
460
2904
459
459
460
4070
4034
4013
2300
2300
2300
4907
2299
4773
2304
2305
4776
4777
4778
2883
4221
4209
2301
666
668
4018
2296
3408
4787
3189
3225
2891
3227
2901
2910
4794
4211
3170
4798
3448
3413
3468
4808
4274
4766
4020
4957
4070
4005
3465
4810
4811
4803
4786
4188
2304
4816
2864
4817
4193
2966
3230
2965
3161
4781
2946
2264
4257
4021
2928
4462
4462
4310
4466
2927
4318
4577
4324
4474
4320
4527
4835
4320
4475
4564
4522
4320
2985
2264
2264
467
2264
2765
4091
4277
4864
4269
4966
3048
3197
3450
4930
4089
3451
3116
4928
4869
4052
4119
3055
4873
2817
4271
1818
2666
2664
2603
3350
3351
2660
3350
2660
2660
3350
2660
3350
3349
3346
3346
3349
2660
3349
2742
4903
3122
3422
4081
4924
3026
3025
2758
4090
3025
3025
4089
3214
3244
3242
3326
3326
2970
3324
3326
4002
4007
4086
3446
4085
3452
3455
3063
4934
4936
4935
3214
3214
4088
3028
3462
4944
3882
3881
3881
3105
3332
3331
3332
3878
3332
3025
3010
3010
3464
3464
4749
4080
4088
2971
4135
4961
3460
3405
4118
3457
4914
2756
4903
4918
2751
4284
1410
4989
4802
3891
4802
3999
4115
4153
4990
4976
4264
2531
4991
1818
529
1928
1936
1890
1973
