116
17
968
969
54
54
54
969
133
133
884
36
12
94
883
118
94
2425
70
165
847
31
128
30
69
867
128
126
520
861
30
30
30
106
4
15
31
29
104
108
145
143
94
134
2428
2425
31
25
29
28
41
883
10
520
126
106
531
54
969
54
4
117
15
117
91
52
969
56
56
851
75
75
850
75
25
40
104
147
34
128
113
21
30
30
30
108
108
847
45
133
968
54
16
98
120
968
968
969
54
98
34
108
108
1333
969
54
141
114
969
968
36
54
91
134
518
1334
108
113
113
57
147
147
860
2
45
69
132
136
135
133
118
847
233
861
969
36
969
2
16
54
4
108
2668
852
75
852
1336
1336
1336
851
851
852
851
1336
1336
852
55
852
850
850
21
56
55
850
851
851
851
55
55
851
851
851
55
851
33
850
850
55
55
1336
851
851
1336
75
515
1336
851
851
852
55
852
2388
205
2506
236
220
325
585
1613
325
545
2213
1807
1424
1432
319
1375
1404
544
1424
199
202
878
236
1821
471
1412
2407
1531
1648
923
538
594
1514
628
615
270
277
278
1592
1615
860
523
278
1717
1715
1714
680
1720
2276
337
342
638
880
296
1720
680
341
1697
2241
2199
1695
1695
303
1673
2332
1700
680
680
1722
1702
2242
443
1691
690
1781
1800
313
2389
2398
2381
672
2343
636
1711
2237
2221
343
1719
2205
2317
718
718
2319
2203
641
2348
348
1692
2308
359
2233
2227
359
428
428
498
435
2287
373
2289
373
434
433
2321
2322
2321
2321
565
565
565
565
436
565
2227
2288
498
719
2319
719
2319
719
2230
2230
354
353
2287
643
350
720
720
720
720
2321
2229
2201
358
377
378
434
375
2323
722
2323
721
377
441
441
379
1745
382
383
383
1731
2352
2352
2352
2323
2352
650
2294
2325
2325
2325
1740
1725
2309
1737
438
392
1738
1753
653
396
1756
1760
657
394
1753
1754
659
660
2353
657
658
657
636
636
415
430
362
430
679
369
430
430
369
430
719
417
719
356
719
720
720
720
720
436
2321
436
436
721
436
2323
2323
2323
2323
1742
1742
2352
2352
2352
2352
2352
2325
2325
2325
2325
1723
2325
2325
2325
1723
1758
1758
1757
1705
1708
2228
364
351
367
719
719
719
719
720
720
416
416
564
380
2290
649
721
721
721
721
721
436
721
721
419
438
568
568
568
2247
1743
439
1737
2293
1748
431
563
1404
682
201
448
2382
314
1826
1767
1695
551
1694
1635
516
3148
333
333
1696
637
1343
1494
2498
1793
227
935
639
1718
273
284
1819
1536
1395
1706
332
1705
625
648
341
1711
341
1700
2307
1694
1647
822
2468
2509
2396
607
1614
1513
732
198
618
618
521
335
1823
355
711
315
1403
1542
1800
889
447
2402
315
227
1417
2512
636
636
2343
2344
341
1700
341
2346
2345
636
414
413
562
679
679
679
430
369
416
369
417
369
416
416
369
416
417
417
417
356
356
356
417
565
436
436
356
436
436
2201
437
436
436
2323
385
2323
376
1742
1742
385
1742
385
1739
1739
1739
419
1739
1739
1739
1739
1739
1728
1739
420
1723
388
388
1723
422
1382
535
1343
587
1358
585
585
925
922
2451
537
896
1386
896
1506
2249
1807
2397
2388
232
1803
896
944
2258
2267
1768
425
1693
1695
1596
2343
1710
468
717
640
646
345
563
2231
566
417
565
565
643
363
427
648
678
643
649
377
650
419
419
419
419
651
651
569
1750
1733
2351
442
391
570
571
1761
1762
2349
398
1755
421
1761
2306
333
1698
2864
2346
1698
336
558
742
355
365
648
369
719
369
719
719
719
369
719
360
1825
1547
275
2283
297
412
560
1690
2225
306
637
745
1589
703
892
894
1516
1799
2217
691
1712
1705
2318
2319
2319
2320
368
2320
720
2321
435
721
2322
435
2324
2352
2324
1740
1724
1766
636
636
636
636
4776
236
946
1428
927
927
1699
1720
637
680
1720
1707
1548
949
949
538
995
988
1474
1477
1469
1471
1485
990
1469
803
1479
759
820
1460
749
1461
1618
1452
767
1439
1445
976
788
774
774
1628
1628
818
1628
818
585
585
779
779
1343
992
982
1488
1439
1444
976
1628
818
1439
767
818
820
1628
779
1344
1358
778
988
1482
994
1001
788
977
1343
986
1477
988
1343
1343
779
754
1439
1446
976
767
976
767
976
778
1485
585
977
1618
585
802
1467
1812
1405
327
1647
951
535
1578
2459
759
788
28
75
248
28
850
520
520
56
2516
1827
851
1336
851
1336
886
278
1593
1698
1699
1699
851
851
56
33
1336
851
33
1686
633
1770
2243
1777
673
2410
4261
233
882
58
10
2396
1574
1592
887
2496
1399
947
2476
1551
2339
1647
1647
260
900
1427
1648
1428
259
1648
1645
260
892
892
2440
1425
2451
2451
2451
2469
1612
924
949
925
952
925
1427
538
2469
2469
1578
1552
696
2339
895
918
950
200
2432
512
948
205
1607
948
1647
1647
259
1647
828
1372
778
774
1391
1358
778
818
133
754
1628
1452
803
803
1471
749
749
759
759
1469
1059
1059
1055
1014
1014
1491
1055
1051
1051
1051
1051
1056
1059
1059
1051
1055
1055
1014
1486
1013
1087
1087
1029
1279
1050
1013
1014
1079
1279
1320
1007
1013
1087
1278
1284
1275
1087
1013
1013
1050
1087
1275
1079
1297
1279
1286
1014
1087
1279
1318
1297
1316
1274
1317
1279
1299
1029
1279
1299
1017
1013
1118
1014
1316
1276
1079
1279
1319
1320
1013
1013
1079
1013
1050
1050
1050
1014
1070
1049
1079
1013
1284
1029
1029
1079
1320
1013
1079
1317
1014
1079
1280
1317
1299
1295
1050
1297
1079
1087
1029
1029
1050
1286
1013
1014
1284
1013
1017
1317
1029
1029
1079
1013
1317
1079
1299
1485
1014
1050
1120
1079
1079
1120
1079
1079
1120
1297
1120
1120
1079
1079
1297
1120
1120
1120
1120
1317
1079
1029
1017
1297
1029
1017
1318
1079
1079
1120
1297
1017
1297
1280
1024
1120
1297
1297
1120
1120
1297
1120
1297
1297
1120
1120
1120
1120
1029
1024
1297
1120
1120
1120
1297
1120
1297
1120
1297
1297
1120
1297
1297
1297
1120
1297
1297
1297
1297
1297
1297
1297
1297
1317
1317
1017
1297
1024
1024
1297
1317
1297
1317
1317
1017
1316
1024
1297
1297
1297
1281
1297
1281
1297
1295
1297
1297
1297
1281
1297
1281
1297
1024
1024
1024
1297
1297
1281
1297
1297
1297
1281
1297
1297
1281
1297
1297
1297
1297
1297
1297
1297
1297
1297
1295
1297
1297
1006
1024
1297
1295
1299
1295
1287
1297
1297
1297
1272
1281
1287
1297
1297
1299
1281
1281
1295
1281
1281
1297
1291
1281
1281
1291
1281
1281
1281
1281
1281
1281
1281
1281
1281
1297
1297
1297
1299
1295
1297
1087
1013
1013
1087
1013
1087
1013
1013
1087
1087
1094
1087
1013
1013
1094
1013
1029
1087
1013
1094
1087
1094
1279
1087
1094
1029
1094
1029
1279
1320
1280
1295
1299
1295
1299
1284
1299
1274
1299
1299
1286
1279
1279
1087
1087
1017
1087
1087
1087
1087
1279
1275
1275
1013
1050
1275
1275
1320
1314
1013
1087
36
92
56
33
33
33
896
1386
618
937
699
587
1386
587
1595
585
628
1382
585
587
1358
703
595
937
896
2473
699
595
896
943
951
909
312
1798
1689
1820
876
2214
2218
875
1538
1687
1798
1543
2283
2397
2397
710
1689
284
875
2409
608
1508
327
2456
543
2378
231
2403
754
1471
1469
803
1471
1471
803
1445
1439
759
976
759
1472
783
987
1474
994
1479
803
1474
994
1001
1474
1488
983
987
1474
994
988
1478
990
994
988
1059
983
1485
1484
984
1058
1485
1055
983
984
1059
1051
1051
1014
1055
1070
1055
1051
1050
1070
1055
1494
1614
886
607
1513
2336
1543
1688
1544
1810
270
280
235
1812
2397
1804
1591
2327
2499
1552
944
1598
954
1651
696
1534
1817
300
300
2283
1538
1828
1671
1671
2212
1674
2395
878
1598
463
1528
918
471
2253
1412
1500
474
1591
2235
524
1536
2334
471
1635
1635
1574
1595
1598
901
226
226
1420
696
696
1589
301
696
2466
897
2504
1603
1611
888
2499
887
2407
1593
464
976
1628
767
754
1618
976
1439
1618
976
1444
769
802
976
767
1439
976
1618
976
1460
2495
2284
1410
1829
1637
1816
2521
2439
2377
2384
586
923
923
450
9
58
232
2467
872
1438
2404
316
1419
2399
476
1771
287
2285
1771
2282
1784
1715
1714
1721
501
469
2263
2260
1714
1714
1714
1672
299
2373
2342
1829
2205
443
431
361
361
2226
2202
716
349
360
677
344
2233
334
415
362
561
415
2318
2343
640
678
348
429
346
349
349
647
723
723
723
723
723
723
723
723
389
387
392
392
652
569
1739
723
723
723
723
723
723
723
1739
1739
723
1739
1739
1739
1728
1739
1723
2325
1723
1723
1728
1723
1728
1723
1728
1728
569
1728
569
420
1728
653
442
655
1736
440
1740
382
2352
2352
2352
2352
2324
2352
2352
723
2352
2324
2294
2352
1742
2352
2352
1743
1743
385
568
568
439
438
2294
1745
1747
1748
1742
1742
2352
1742
1742
1749
722
386
2352
1760
2325
2350
395
390
1726
393
1723
2325
1723
1723
1757
420
420
420
420
1732
1762
661
1765
1735
395
2307
2279
693
332
1694
286
2217
742
333
1705
1695
477
2297
1684
1683
625
461
341
1720
1720
2342
620
624
1670
2393
2204
873
1793
1824
1541
1819
1545
874
1821
1687
1828
1785
1776
2256
2243
674
2207
534
1785
2341
1334
54
2668
147
84
109
52
137
3148
2345
1637
401
402
665
1983
402
1990
1759
401
402
2326
401
1850
1983
1988
423
1988
1978
1987
1989
1842
2096
2095
2045
2097
2097
2097
2079
2079
2097
2097
2095
2001
2096
2097
2097
2097
2095
2097
2095
2095
2181
2181
2097
2070
2035
2183
2185
2045
2183
2097
2097
2097
2096
2078
2097
2070
2001
2070
2070
2097
2070
2097
2097
2097
2096
2097
2097
2097
2070
2070
2095
2097
2097
2097
2097
2070
2070
2070
2095
2097
2097
2183
2045
2181
2098
2181
2001
2074
2128
2183
2183
2183
2181
2137
2095
2096
2182
2097
2097
2097
2097
2097
2097
2097
2095
2097
2097
2045
2001
2045
2097
2078
2097
2097
2097
2096
2097
2097
2095
2097
2070
2095
2097
2097
2001
2182
2095
2070
2183
2181
2131
1759
572
400
2326
402
402
2353
1751
572
423
1754
2354
423
1759
1841
1987
1987
1990
2362
1843
1850
1841
1841
1978
1987
1990
572
2098
2000
2098
2000
2099
2099
2099
2178
2099
2098
2078
2093
2048
2048
2077
2074
2074
2074
2364
2179
1859
1859
2178
2179
2360
1998
2360
2361
1999
2361
1998
1999
2102
1999
1999
1999
1999
1999
1843
1999
1999
1852
2177
1843
2177
2177
1852
2175
1850
2177
2179
2179
2099
2361
2178
1859
2178
2178
2178
2178
2361
2099
2178
2176
2176
2175
1982
2361
1851
2361
2364
2103
2140
2054
2102
2102
2103
2102
2177
2175
2175
2176
1849
1841
1861
1981
1982
1982
1850
1850
1850
1850
1854
2077
2077
2074
2074
2074
2141
2142
2143
2140
2103
2141
2092
2141
2076
2057
2076
2051
2051
2100
2057
2057
2057
2100
2100
2140
2054
2140
2103
2055
2100
2102
2177
2175
2101
2102
2078
2093
2093
2093
2077
2078
2138
2074
2074
2093
2093
2138
2138
2131
2138
2137
2045
2048
2087
2048
2183
2099
2099
2098
2098
2098
2098
2098
2098
2078
1989
1850
1850
1981
1981
1978
1849
1843
1978
1841
1647
538
1513
1635
2189
2201
568
567
1743
2190
2189
1796
2219
2199
1709
689
1778
431
565
2200
2201
2201
437
2201
642
432
2269
1778
563
416
566
370
691
1541
675
1769
622
561
432
2195
309
288
310
2238
674
2216
2216
1697
2202
2202
426
433
2191
2228
2222
2231
307
2244
2241
2234
2278
1801
2203
2205
363
2210
712
2196
2247
2201
567
385
385
235
2192
220
621
2240
559
294
2223
3148
281
2345
330
332
332
2224
1708
1713
2306
412
332
2345
1682
740
2194
1690
872
2347
1716
637
1829
348
1722
678
372
352
373
378
2353
1694
367
2293
1694
1600
304
2343
2306
1692
2343
646
366
2351
1734
2306
2306
2283
1689
241
2319
2320
2320
720
720
368
350
2321
2322
722
722
2323
2324
1740
723
2325
1754
696
1597
1538
1689
473
1681
890
954
1595
1525
338
1679
1828
718
717
2286
678
655
389
2293
386
386
660
725
1675
1538
2341
2326
1988
1842
1754
1999
1999
2176
1982
2176
1850
2102
2100
1981
333
1694
1641
262
2407
2412
536
2250
2213
715
1424
1511
1416
1781
2396
1786
2396
2386
2397
2413
2336
2213
2381
1826
1513
887
297
625
623
2394
695
2
143
74
1336
28
1336
1336
851
55
1336
55
1336
56
850
55
542
205
1807
228
202
605
2454
1433
262
2335
2458
204
1807
2455
1405
2459
698
1514
888
946
950
328
221
2456
2248
2459
1405
2498
474
2253
1532
1501
1530
1573
2446
475
1434
301
2507
608
2500
2377
2240
2192
2526
2526
1793
3380
1827
2524
2515
2526
230
1686
2530
1676
3137
290
2524
4874
2528
1806
1397
2536
2665
2543
2543
2543
2543
2543
2542
4132
2585
2548
2551
2536
3383
2550
2649
4890
2731
2619
3348
2618
2558
2620
2536
2716
2558
2660
2563
2563
3390
2667
2667
3346
2667
2647
2541
2666
2622
2637
2639
2673
2697
2628
2666
2649
2699
3370
2562
2621
2621
2622
2594
2543
3381
3041
2573
4306
872
2543
885
1660
2647
2548
2625
2626
2632
2586
2541
2660
3348
3351
2608
2664
2587
3349
2564
2622
2622
2677
2558
2588
2638
2590
2667
2588
2641
2639
3349
2554
2549
3384
1655
885
2587
885
2677
2543
4132
2543
2543
3371
2539
2639
2573
2601
2543
2543
2538
2642
2543
3371
3371
2543
3383
3381
3382
2668
2589
2589
2590
2669
2555
2732
2548
2666
2569
2607
136
2668
3471
2550
3021
279
2573
2543
2543
2543
2549
3371
2569
2668
3350
2555
2608
2701
2608
3349
3350
2650
2650
2650
3351
2650
2650
2608
3350
3349
3349
3349
2587
2660
3349
3349
2650
2650
2650
2650
2660
2660
2660
3349
2650
2650
2650
2650
2660
3349
3349
3349
3349
3350
3350
3351
3351
2608
2608
2608
2650
2555
3350
3350
3033
3120
4135
4845
3996
4876
4023
3868
4928
2797
3049
2839
3378
4867
4968
3133
1664
4850
1668
2502
4139
4139
4899
2735
4041
4285
4082
3993
1636
4018
4996
3058
3387
3250
3868
3899
4151
3361
2188
3361
3036
2853
2188
4197
2865
4175
4245
3158
4673
4860
2814
2865
2865
2864
2870
4173
2867
4168
4171
3017
4163
2996
2884
3222
4755
2883
2867
4702
3080
4664
4664
4664
4269
3053
3048
4995
2532
2831
4789
4787
4244
3192
2767
4193
4761
4697
2941
2943
4821
3156
2868
3187
2877
2953
2892
3226
4790
2896
4756
2876
2903
2898
2898
4759
4222
4222
4224
4224
4224
3162
4224
2913
2913
4214
4214
2910
4821
4821
4821
4794
4819
4795
4819
4819
3164
3164
4207
3165
4237
4207
3172
3171
2927
4460
2946
2946
4456
4215
2965
4224
4224
4224
4794
4794
3230
4794
2945
4198
4464
3172
4818
3172
4818
4818
3164
3164
4207
4207
3164
2913
2913
3230
4819
4819
2912
4232
4316
2924
4207
2927
4316
2946
4211
4211
4795
4227
4207
3164
4207
4818
4207
4207
3165
4781
4781
2921
2921
2920
4198
4232
2912
4232
4819
4819
2913
3230
4211
4818
4818
3165
4198
4794
4794
4794
4794
4794
4794
4207
4207
4207
4230
4231
4240
4213
4821
4821
4821
4821
4794
4794
4213
4213
4821
4213
3228
4793
4821
4821
4821
4821
4821
417
3148
4777
3083
4198
4718
4223
3087
3089
4233
2946
2946
4232
4232
4198
4213
4213
2900
4668
3079
4465
4464
4208
4208
4224
4208
4207
4207
2913
2913
2913
4198
2912
4201
4460
2928
3171
4819
2946
2946
2946
3089
4231
2921
4818
4818
4207
4207
4207
4207
4207
4207
4214
3164
4214
4214
2913
4717
4158
4850
4848
3919
3109
4993
2531
2531
3248
4743
3248
3199
4171
4170
2855
2855
4658
4776
4182
4182
3151
3844
1636
4847
4153
3900
3857
3158
4191
4157
4021
4020
3006
2937
2834
4170
4170
3230
3230
3230
4788
4788
4776
4776
4776
3915
3337
4969
3911
3035
3120
4139
4980
4093
2994
3035
3984
3293
2658
3858
3038
4178
4460
4460
4979
1503
1663
2817
4987
4743
4875
2971
2532
2533
3051
3991
4075
4786
2940
3147
3223
4777
2864
4816
3081
3084
3153
4659
4718
4660
4233
3163
4234
3090
3090
4233
2946
4235
2912
2945
4198
4198
4213
3309
3846
3844
2794
3283
3869
3869
4967
4896
4087
3429
3106
3122
4862
3064
2839
3904
3838
1436
4862
4086
4802
4075
3203
2815
4663
4664
4665
4663
4691
4183
2856
4965
3224
2830
2801
2880
3227
3227
4792
2891
2959
2873
4758
4794
4794
4794
4821
2910
2915
3175
3175
4211
4199
2913
4211
2911
4820
4820
4214
3164
3164
3164
2913
2913
2913
2913
2913
4794
4794
4794
3230
2913
4211
4211
4199
4211
4211
2913
2913
4211
4207
2913
3089
2945
4794
4794
4794
2913
2913
4794
4214
2910
2910
2910
2913
4794
2913
2913
3164
4214
4207
3164
4207
4207
3172
3165
4213
4821
4821
4821
4821
2910
2913
2910
4794
4821
4821
4821
4793
2857
4816
2864
2864
4184
2832
4683
3078
3078
4780
3172
4818
4208
4208
4211
2913
2913
2945
3089
4790
4790
4790
4268
4273
4157
3198
4776
4185
3079
2854
2860
2866
4778
4176
2975
3439
4090
4085
3876
3395
4025
4693
4181
4181
4821
4821
4821
4821
4821
3230
4821
4821
3230
3230
3230
4819
4819
4819
4819
4819
4227
4819
4227
2912
4227
4819
4819
4819
4819
4819
3230
3230
3230
4821
4198
4821
4213
4821
4813
4813
4813
2864
3148
2804
4934
4934
4089
1699
3223
2872
2967
3876
3426
3393
3109
3953
3964
3957
3932
3285
3299
3264
3964
3962
3264
3953
3285
3268
3303
3321
3932
3313
3946
3289
4098
3289
3313
3313
3291
3291
3282
3283
2794
3293
3293
3282
3309
3289
3500
3960
3969
3275
3475
3278
3275
4102
3289
4096
3282
4098
3278
3293
3283
2794
3502
3289
3500
3264
3954
3313
3933
3930
3956
3499
3957
3313
2794
3091
3289
3289
3278
3289
3289
4099
3289
3278
3291
3293
3254
3960
3869
3289
3313
3313
4098
3930
4682
4715
4850
4897
3058
3107
2736
3337
3478
3313
4720
2566
3350
3036
2566
3349
3360
3346
3346
4987
4295
4295
2660
2608
3351
3839
3983
3359
3390
3350
1698
1698
2566
2650
2660
2660
2650
3351
2650
2415
4734
4737
2852
4705
3201
2948
3200
3015
3984
4136
4134
4133
872
3121
4072
4865
4001
2807
3999
3450
3985
4943
4929
4847
2786
4039
4039
4936
4039
3434
4120
3432
3451
3031
3031
2755
4967
2742
4967
3398
3426
4996
3452
3426
4914
2742
3912
3432
4965
4126
4091
4871
4083
4954
3038
3454
3032
4930
2733
3454
3032
3432
3432
3915
3432
4120
4120
3102
3856
3291
4098
3847
3283
3283
2544
2543
3930
3930
3943
3299
3930
3259
3264
3932
3264
3946
3492
3976
3978
3971
3485
3494
3498
3498
3497
3960
3978
3967
3973
3976
3495
3964
3968
3493
3965
3962
3561
3553
3829
3835
3553
3557
3561
3557
3484
3555
3823
3824
3557
3496
3553
3553
3553
3484
3557
3557
3970
3484
3976
3553
3547
3781
3587
3824
3553
3553
3553
3781
3554
3553
3824
3552
3547
3597
3782
3829
3515
3484
3824
3523
3540
3558
3509
3587
3597
3555
3523
3561
3561
3834
3540
3561
3553
3976
3557
3970
3977
3977
3976
3496
3555
3970
3554
3554
3551
3557
3522
3597
3823
3547
3540
3587
3782
3824
3823
3824
3547
3505
3552
3829
3530
3553
3521
3484
3970
3970
3977
3834
3823
3823
3782
3822
3540
3551
3557
3555
3540
3823
3960
3485
3782
3782
3624
3566
3624
3581
3566
3581
3624
3581
3624
3624
3624
3624
3530
3530
3624
3624
3624
3624
3581
3597
3551
3547
3551
3554
3597
3551
3799
3784
3797
3552
3794
3779
3797
3799
3799
3794
3797
3797
3797
3797
3797
3799
3797
3799
3797
3566
3797
3530
3799
3794
3566
3566
3566
3566
3566
3794
3566
3624
3565
3566
3799
3624
3799
3797
3566
3794
3566
3565
3552
3779
3823
3797
3779
3794
3797
3779
3797
3797
3829
3509
3509
3794
3782
3782
3782
3782
3793
3794
3793
3793
3797
3782
3797
3799
3797
3794
3794
3797
3823
3793
3794
3794
3794
3797
3793
3793
3566
3799
3799
3793
3799
3799
3565
3793
3793
3793
3799
3793
3799
3794
3565
3789
3794
3797
3782
3782
3783
3797
3782
3782
3794
3782
3782
3782
3589
3782
3782
3782
3782
3782
3782
3783
3782
3782
3789
3792
3793
3780
3782
3793
3793
3798
3793
3798
3794
3789
3788
3782
3782
3782
3787
3798
3793
3824
3782
3782
3782
3781
3782
3555
3561
3555
3555
3561
3555
3555
3538
3538
3555
3551
3544
3544
3544
3544
3544
3555
3555
3544
3534
3555
3555
3555
3538
3544
3538
3542
3544
3508
3554
3782
3782
3555
3781
3553
3553
3587
3553
3553
3589
3824
3553
3553
3555
3553
3587
3553
3561
3555
3834
3561
3561
3553
3561
3553
3496
3496
3553
3523
3523
3977
3976
3561
3553
2541
4137
3349
2588
2588
2588
3100
3100
3857
3140
3876
3880
3106
3875
3846
4030
3429
3876
3091
3869
2794
3309
3457
3244
4087
3455
3882
3215
2976
4086
4085
3439
4924
3882
4021
4150
3377
3054
4708
2802
4265
3376
4265
3890
3894
4714
3352
2514
4296
4983
2766
4897
4972
2751
1662
1438
454
3289
4096
3264
3943
3299
3475
3946
3926
3320
3289
3932
3932
3943
3286
3953
3955
3957
3285
3949
3953
3957
3285
3298
3305
3254
3262
3502
3957
3949
3502
3500
3968
3304
3500
3500
3499
3502
3502
3498
3497
3497
3486
3963
3498
3960
3972
3492
3497
3492
3975
3978
3978
3971
3494
3485
3973
3978
3980
3972
3485
3036
3120
4139
4139
3033
4094
2826
4112
2767
4992
2531
4682
3192
3907
3907
4658
4806
4110
4798
4800
4030
3131
4126
2789
2771
4801
4826
4812
4165
4265
4811
4162
4146
2835
4853
2981
4713
3131
3025
4115
2782
4065
4897
4719
3987
4767
3391
4071
3895
3892
4274
4019
4018
4284
3891
4031
4658
3037
3131
3131
4943
2758
3401
1640
4066
3415
3129
2525
4954
3131
3042
4928
4927
3454
3239
3388
4094
3037
1497
3289
3268
3279
3291
3291
3289
3289
3321
4096
4098
3289
4098
3289
3287
3321
3287
4069
254
4286
4976
3900
1640
3922
4857
4996
3432
1655
531
531
1434
1436
2467
1437
540
454
1504
3149
3149
4751
3017
2815
2809
4753
4156
4175
1699
3246
4152
4160
3191
4196
4155
4746
4161
4297
3155
2867
2950
2951
3085
3190
3188
2888
2877
2955
3226
4793
4793
3228
3228
2890
2902
2896
3188
2958
4757
3081
2961
2961
3153
2895
4670
3229
3228
4793
2939
4789
2891
2910
2910
4792
2910
4792
3189
2902
3160
3160
2889
4759
3226
4789
2910
4793
4792
4793
4792
4819
4198
4198
4821
4821
4821
4821
4821
3165
4818
4818
4230
4198
2945
2912
4198
4198
2945
4198
2910
4794
4794
4794
4821
2910
4821
2910
4214
4214
2913
2913
4214
4214
4214
4207
4207
4818
4230
4818
4213
4198
4213
4213
3172
2912
2912
2912
4232
4794
4211
3230
4794
4794
4818
3172
4818
2946
3089
4231
4240
3172
3172
4781
4207
4207
3165
3164
4207
2913
3164
4207
3164
4232
2913
2913
2913
4214
2913
2913
4819
4819
4227
2912
4213
4198
4198
4821
4821
4207
4198
4211
4198
4213
4213
4198
2910
4821
4821
4821
4793
4794
4793
4821
2910
2910
2913
3164
4213
4213
3078
2834
2853
4817
2856
4817
2854
4668
2832
4776
4181
2856
4751
2810
739
282
2833
2834
4742
2833
2864
2864
4186
2415
4256
4251
4842
4725
4703
4265
3377
4975
4293
4025
4158
2800
4803
4746
4145
3000
4249
3183
4748
4738
4858
4810
9
144
885
4306
136
2617
1496
1656
11
4776
1659
369
369
369
369
356
356
417
369
369
417
369
369
369
369
356
417
369
369
1723
1723
723
1728
1728
419
1728
1728
1728
1728
1723
1723
1723
1723
1739
1739
1739
1723
1723
723
723
723
723
723
723
723
2352
723
723
723
1728
1728
1728
419
1728
1739
419
1728
1728
1723
1739
1739
1739
1739
1739
1723
1728
1739
1723
1739
1739
1723
1739
1739
723
1739
2325
723
723
1723
1739
723
723
723
723
723
1739
1739
723
723
723
2352
2352
723
2352
723
2352
1723
1728
2352
1728
419
1728
1728
1723
1723
1728
1728
2325
1739
723
723
723
1739
723
1728
419
1728
1728
1739
1723
1723
1739
1723
1723
1739
1723
1739
1723
1723
1739
2352
2352
723
723
723
2352
2352
417
2900
417
369
369
369
369
369
369
2900
369
369
418
418
417
418
418
418
417
369
418
437
437
418
418
356
418
568
1742
1739
1742
1742
1742
1742
2323
419
568
568
568
568
1742
2352
2352
1742
2352
1742
2352
2352
2352
2352
2352
2352
385
385
1742
385
376
1742
2323
2323
376
376
2323
436
436
719
720
356
356
436
356
356
356
719
719
719
430
369
369
369
719
369
369
369
430
369
369
369
369
369
369
416
369
385
568
568
385
376
437
385
385
385
385
385
385
2201
2201
2201
2201
568
385
568
385
385
2201
2201
437
2201
565
565
418
369
417
417
418
418
437
385
2201
2323
2323
721
436
436
720
436
720
719
719
719
719
719
369
369
369
416
416
417
417
565
565
437
437
437
437
437
418
417
417
369
369
369
369
356
1742
568
385
1742
2323
2323
1742
2352
2323
2323
2323
2323
2323
2323
2323
2323
721
721
721
721
2323
721
2323
2323
376
376
385
376
385
721
721
436
436
721
721
436
436
437
437
436
356
356
436
356
356
356
436
720
2321
2321
356
720
720
356
720
356
356
356
417
356
356
720
719
369
416
719
719
719
719
419
568
1739
419
419
1739
1739
1739
1742
2352
1742
1739
2352
2352
2352
2352
2352
2352
2352
2352
2352
2352
2352
1742
1739
1739
1739
1739
1739
1739
1739
419
419
369
369
417
418
418
437
436
356
356
356
418
3058
4996
3432
1616
2933
3090
2932
2930
4688
4695
4672
4702
2859
4692
4675
4696
4469
3169
3173
2915
2957
2905
4691
4691
4218
4219
2923
4456
2859
2832
2860
4694
3200
4679
2838
4702
4671
3047
2859
4172
4747
4870
4686
3219
2813
4712
4180
2883
2869
3187
2957
2903
3167
4311
4316
2924
4464
4250
2911
4693
4273
4180
2821
3201
4726
2882
3187
2958
4692
4703
3182
2930
2931
2757
4687
3057
4661
4662
3134
4181
4184
4177
4194
2819
4777
3150
4182
3150
4668
4694
4167
4168
2937
4181
4192
3245
283
4711
4172
2831
4986
2872
2811
2884
3189
4214
4214
4224
4214
3164
4207
4207
4207
4207
4818
4237
3165
3165
4793
4776
3164
3164
4207
3165
4207
4207
2863
2855
3151
4284
2857
3903
2857
2940
2892
3154
4224
4207
4224
3164
4207
4207
4207
4207
4207
2913
4169
4777
4112
2783
4821
4225
3230
3230
4821
4821
3230
3230
3230
4819
3230
4819
3230
4819
4819
4227
4227
4227
4227
2946
3230
3230
4819
3230
3230
3230
4198
3230
4198
4198
4821
4032
4126
4961
4153
2996
3988
4802
3026
3131
4126
4196
4148
4745
2960
2960
2954
2890
3160
3161
4214
3161
2913
2913
2913
3164
4214
4198
4213
4207
4207
4207
3164
4207
3164
4819
4227
4819
4819
4819
4793
4213
2856
3204
4164
369
369
369
2900
369
719
369
417
417
417
719
719
417
356
356
719
417
417
720
719
4182
4168
4931
4859
4271
4854
4280
3992
4680
4254
2763
3050
530
2833
2834
3078
3033
4242
3034
4852
4277
4992
4052
3907
3051
4992
4071
2759
3198
4170
2836
2980
293
2277
2536
2698
2706
2564
2564
2650
3350
3350
3350
3351
3350
3350
3349
3349
3349
3349
4970
4861
3061
3990
2977
3009
4850
3981
4859
4118
3323
2839
4864
4848
3337
4871
3387
4092
3042
2752
4138
2748
3119
2970
4848
4959
2736
3910
3902
4016
2827
4752
4000
2759
1658
4032
3920
4116
2734
3063
4687
3192
4876
10
4987
4984
4269
3380
4987
4976
4987
2525
2415
4991
1818
311
4985
2524
2277
2527
527
527
2183
2183
2045
2045
2181
