2516
2546
2606
2466
2466
2542
2623
2474
2472
2623
2623
3338
2509
2490
4885
2569
4281
105
2467
2490
2483
2484
118
816
2522
2522
2482
2521
1774
148
2535
2535
4285
1774
1773
148
2561
2540
3432
2490
2484
2555
2627
4885
2482
2483
2467
10
2520
2490
2519
2487
2573
2523
3338
2466
2623
1614
2598
2611
2602
2466
2542
2526
4885
2561
2516
2516
2509
2561
2566
2475
1774
1774
2573
3309
2483
2642
1773
2483
2487
2522
2523
2555
2557
2557
2511
3309
94
94
4285
2642
2589
2541
2474
2542
2566
2614
2614
2490
2523
2541
3338
2466
2542
2561
2509
2611
2627
2490
2598
2517
2561
2606
2466
2608
2542
2591
1777
136
2490
2560
94
2557
2555
3309
34
2475
2467
2509
2606
2511
2642
2472
90
4288
2598
2564
2611
2542
2606
2608
2614
2608
2509
2606
3309
3309
2521
2573
2601
2601
2601
2601
48
2524
2573
3309
2572
2572
3320
3320
3320
2642
2642
2642
1774
1774
2642
3309
2601
2601
148
1774
1774
48
94
48
94
48
138
138
48
3320
2601
94
2524
3309
3309
2572
2601
2642
3320
3320
3320
1780
588
2346
809
2414
788
1377
476
1567
267
667
1610
1538
800
1758
2215
896
2379
2446
2189
531
4125
4292
4120
1393
823
916
2293
1392
1543
2164
667
270
267
883
881
926
4064
2293
856
2398
593
593
4984
4105
892
892
792
2161
264
1548
885
871
885
273
501
2390
882
2258
1761
2295
1765
837
2753
120
838
2627
1760
4137
1768
1394
466
1390
3333
2212
708
827
663
662
2922
4989
4880
2924
3080
1395
1594
299
311
294
2171
710
2264
2345
296
2462
2355
2979
2786
3008
2787
2787
2787
1766
232
1408
4968
328
329
2186
1670
1668
2280
313
2194
337
2259
2261
1677
1653
343
2209
345
2210
1659
1656
2247
1672
1654
686
622
2248
653
356
367
524
687
654
421
346
348
1655
2176
365
432
653
2253
492
435
2180
2174
359
352
368
375
371
358
2285
352
374
439
376
437
2167
2166
438
626
626
441
2286
2254
1697
389
391
390
384
443
1703
392
691
631
1692
1689
1689
1685
388
2288
692
399
1723
1715
1714
1726
1689
1685
2221
2221
2881
4291
1647
1643
1662
334
435
370
423
1680
1697
425
398
1712
302
4243
2181
651
362
620
685
550
357
377
354
688
2284
2284
2214
2165
1702
383
380
624
548
1397
1603
892
892
892
2463
841
2766
2956
4242
4985
4759
4859
3006
643
2277
646
1635
1346
1779
1479
4983
2460
1549
474
1622
1395
1497
1496
1542
1529
931
1367
885
2293
872
2293
458
304
2925
1751
4263
4989
540
544
493
539
4242
883
883
883
883
792
926
883
926
2293
509
2446
1411
212
1780
281
4877
241
1615
520
2618
520
1615
2219
1759
652
525
2498
2999
898
1390
892
896
1617
1410
4793
4776
4793
4739
4740
642
641
645
3019
3017
644
3019
3319
3126
599
417
548
420
364
551
654
370
422
442
423
556
1686
1708
1718
679
583
1362
674
562
563
1359
1354
1336
678
572
714
1407
271
500
891
228
865
865
2353
452
1512
2341
1620
2994
1541
250
478
909
2293
2292
1545
1755
280
1767
296
464
2922
3080
911
4793
3009
3087
2785
286
2204
2310
2307
1671
612
344
614
549
552
2283
345
347
350
614
492
617
440
379
556
1698
2287
1709
448
446
1694
559
1681
393
1681
627
1726
630
1721
558
692
4860
4838
4838
645
2203
2240
659
1747
527
1747
618
2253
621
364
1676
2215
1401
261
4796
2235
2227
430
2217
2230
522
792
926
791
2418
1483
1380
905
669
898
899
897
679
594
2207
3182
1748
1666
684
351
686
687
687
688
2287
1695
2314
3178
2879
3180
3181
3016
3178
3019
3183
3006
526
892
892
920
903
707
299
1750
485
1351
895
895
896
717
1437
749
950
947
1429
769
1438
724
1439
726
1429
950
1434
1587
737
1416
729
783
945
735
736
1582
805
739
740
741
226
779
744
1357
1577
768
1428
948
1578
1579
752
755
938
779
939
936
1421
718
1432
1439
1589
739
728
571
1582
760
1441
570
1344
1430
745
721
775
1586
754
758
780
779
732
1421
783
753
751
751
2411
2439
2162
792
1605
875
704
1386
265
2411
791
716
1422
804
742
1409
2572
48
1779
2642
71
118
1773
1773
2999
48
2573
2521
34
1779
2743
3192
827
2601
2601
2557
138
1774
2521
94
4102
2320
475
293
1756
2360
4279
2466
2526
4119
2619
4121
3338
2466
516
1472
514
2354
1564
4107
1602
2407
2448
243
863
2443
2418
1563
2391
792
892
792
926
926
926
1558
2293
245
858
2293
892
926
926
926
926
926
926
885
883
885
883
2293
896
896
896
2407
892
2448
2350
917
892
896
896
892
892
926
1565
857
1558
908
1568
1565
2415
1557
2418
848
2352
922
2448
2448
220
220
918
2379
2407
926
2293
2293
2436
2293
2293
245
245
245
2398
2242
931
932
1376
567
746
1486
568
2541
2623
2466
734
1583
762
946
1429
1418
1413
1419
722
1425
1423
1424
968
954
1463
961
1459
1453
959
963
963
968
1442
1454
964
967
965
1449
1445
1452
970
1465
972
1030
986
1016
1325
984
1030
1030
1462
1312
1312
1322
971
957
1025
1018
990
1047
980
971
1079
955
1063
1461
1463
1023
973
1074
1016
1015
1047
1074
1016
985
1019
1312
993
1322
1032
1015
1072
1037
1047
1047
993
958
1322
1325
958
957
1033
1324
976
976
1312
1018
1064
1018
1018
1311
986
1032
962
1458
1031
957
957
962
1463
982
1320
1032
1058
1074
1058
1063
1322
973
1015
982
1460
1170
1322
982
995
1302
1302
1464
1042
1042
1019
1325
1042
971
1032
1001
961
1030
971
1078
1025
973
1322
1170
1170
1311
1019
1063
1026
976
1000
1321
971
1461
1456
1302
1001
1039
975
1310
1048
1311
975
1271
1310
998
975
977
1261
1042
998
1048
998
1048
1048
1310
1170
1312
1074
1074
1312
1023
1312
1058
1315
1015
982
1302
982
982
1169
987
1169
982
1169
1014
982
982
982
1169
982
1053
982
1049
1006
1015
1169
1015
982
1014
1039
1014
1057
1057
1038
1039
1039
1045
1045
1020
1070
1045
1043
1045
1049
1049
1045
1045
997
1045
1045
1019
1169
982
1169
982
982
1315
982
982
982
982
982
1324
1324
1064
1306
982
1007
1302
1302
983
1306
1013
988
1009
1009
1306
983
1049
982
1013
1009
1009
983
1049
1049
982
982
1306
1049
1009
1009
1009
1255
1009
1009
1297
1255
1297
1304
1236
1225
1009
1297
1255
1009
1225
1067
1258
1302
1302
982
982
983
1300
1306
1000
1323
1323
988
1300
1300
1321
1037
988
1060
988
1321
1000
988
988
988
1060
1321
988
1300
988
988
999
1051
1226
999
1236
999
999
1226
999
1299
1299
1051
999
1051
1226
1000
1000
1000
995
1321
1300
1037
1025
1313
1024
1023
1016
1026
1024
1024
1024
1026
1026
1024
1024
1024
1024
1066
1024
1066
1024
1314
1312
1313
1312
1026
1313
1024
1058
1312
1313
1074
1312
1066
1064
1323
1323
1047
1037
995
995
1047
1047
1047
1072
1047
1037
1318
1322
992
1325
1016
1016
1023
1016
1034
1018
1320
1025
1034
1063
1078
955
1462
1033
971
971
993
1460
1464
1033
1320
986
2509
3065
148
148
2601
94
48
591
1382
1365
574
1355
1485
1362
1353
1362
2384
482
1524
1339
1486
1371
1383
1484
1356
793
1338
905
801
1613
268
885
885
885
883
874
862
703
904
2279
928
270
1382
1484
866
501
1611
528
705
671
875
902
2161
876
1373
934
459
4100
2464
2451
1476
4981
225
1497
2344
1621
4985
477
2440
239
231
2447
895
892
892
902
2410
2387
2458
2458
1419
786
951
953
1415
734
946
1413
949
1426
725
761
1424
1424
760
772
1439
1428
1431
720
1424
727
1429
722
1435
767
959
748
719
1443
1444
1436
1442
1443
1441
759
1446
1457
1448
1450
1440
1451
1447
723
1452
1450
1077
962
967
1447
956
1453
1453
965
1457
965
965
1455
120
4866
212
4123
34
2985
230
1601
806
277
247
1535
255
1471
1534
2357
2401
1481
908
1550
2300
2292
858
861
916
1555
2418
2436
2418
1507
468
2245
2245
1600
1599
1597
1499
2343
1639
1499
2452
1487
2709
1510
1592
1546
895
452
902
792
1611
452
865
1612
928
885
885
880
928
871
928
856
245
2437
1593
1533
2243
2163
2985
1404
2419
1610
584
260
1367
667
2432
2262
593
855
1544
4807
2928
460
4866
4674
1553
1561
914
1556
1560
1551
787
1510
852
2290
2256
1556
1551
922
2406
2391
2405
2401
2406
2404
2342
2405
1575
825
4674
4051
803
733
740
785
1585
1580
777
753
948
1578
773
1587
1586
766
1591
762
2290
4050
4106
2927
2927
4104
2723
4100
3896
2717
2717
4098
2450
2353
716
573
892
892
792
2162
2162
792
792
2536
3338
2526
3338
4911
2998
2478
3004
3067
2237
1627
1626
2239
1753
1629
2338
4002
2239
4136
1744
2304
835
1630
2362
2362
1768
4988
4293
1663
1664
2306
2269
2267
2264
2208
2195
2784
324
1650
325
342
2311
1656
1657
336
338
331
1644
1646
1661
341
608
606
2265
310
655
2246
2312
1674
1675
495
323
340
1710
2287
1706
1704
1703
625
557
1700
424
1708
443
1709
1698
2315
1691
1699
690
2166
1705
378
2316
382
378
555
2166
1701
386
1707
623
623
1700
389
2286
1688
392
2314
1692
2272
396
1684
392
1680
425
1687
1687
1695
1690
2313
636
1693
395
692
1747
4291
319
2922
2922
607
2206
2358
490
2359
457
1741
1623
1634
1637
1637
4258
3140
4879
826
298
827
3163
2452
278
4980
293
2190
1498
327
1398
1399
657
4101
1598
2297
1504
1501
1503
1502
4987
1500
4988
4885
2566
2542
2511
2523
2561
2561
4885
2466
4291
3067
4291
4103
4981
2318
1727
407
640
400
410
1711
1711
403
426
407
1713
1727
428
2318
2289
407
1784
1784
1943
411
408
404
414
428
2289
2289
693
1991
1989
2085
1989
1989
1989
2026
2024
2024
1979
2024
1991
2078
1991
1991
1989
2078
2078
1991
2031
1986
2078
2090
1987
2084
2027
2029
2084
2029
2090
2008
2028
2085
2085
2024
1989
2032
2032
2026
2024
2026
1989
2039
1989
2076
2078
2130
2090
1990
1989
2031
1991
1979
2032
2078
2078
2078
2078
2078
1990
2029
2030
2029
2090
1991
1987
2090
2089
2090
2078
1992
2091
1992
2089
2085
2084
2029
2029
2084
1992
1998
2097
2089
2051
2009
2028
2085
2051
2097
1989
1991
2084
2024
2024
1989
2024
2078
2078
1989
1991
1992
2078
2090
1992
2084
2084
1992
2051
2085
2024
2039
2033
2024
2024
1979
2078
1991
2078
1991
1991
2078
2078
2078
1987
2029
2029
2084
2028
2027
2088
2028
1998
1719
1719
632
1727
427
1713
400
2317
1725
401
402
398
400
1713
558
1717
388
1685
639
405
1953
1787
409
1784
1785
1784
560
1938
1953
632
1711
2045
1962
2029
1962
1963
1962
1963
2160
2155
2157
2157
1961
2065
2046
2044
2010
2010
2333
2061
2060
2336
2336
2009
1963
1961
1956
1955
1963
2157
2159
2159
2159
1965
1804
1955
2075
1803
1804
1801
1801
1807
1807
1802
1952
1789
1789
1786
1807
1793
1941
1941
1793
1942
1942
1794
1794
2326
2326
1794
1794
1806
1962
1961
1952
1939
1939
1954
1939
1954
1805
2153
1806
1795
2154
2066
2067
1809
1809
1794
1950
1950
1792
1783
2157
2011
2011
2072
1958
1960
1799
1799
1796
1793
1807
1941
1941
1941
1794
1797
1938
1937
1948
1937
1792
1940
1940
2326
2326
2326
1942
1942
1785
1785
1787
2330
2066
2066
2065
2336
2020
2020
2020
2020
2072
2072
2020
2072
2068
2150
2068
2331
2072
1960
2150
2149
2149
2324
2337
2324
2150
1798
1808
1799
2151
1796
1796
1798
1798
1809
1941
1797
1797
1941
2046
2033
2033
2033
2037
2037
2090
2030
2037
2036
2098
2091
2091
2097
2097
2097
2097
2099
2085
2097
2097
2009
2155
2155
2155
2029
2062
2062
2062
2062
2062
2029
2031
2030
2033
2030
2289
2326
2289
2326
1785
406
1940
1953
1953
1952
1944
411
414
405
3343
4759
360
2165
2175
1390
2168
661
599
454
547
553
616
553
550
449
597
420
436
659
318
660
4279
1663
711
2173
649
2169
2360
2184
664
301
2192
330
2187
1642
365
431
2201
2199
436
615
2182
1736
2241
2206
840
2216
335
1649
2172
596
2185
372
442
586
2414
491
1748
1735
681
2221
1743
3006
4291
1781
1734
2923
4771
1730
683
489
4291
457
303
4252
2221
2238
1745
455
2188
2436
1624
4104
666
1672
369
2248
353
2249
399
4768
2250
3081
2765
467
1506
3124
3125
4860
3124
1551
4779
4778
4781
610
2266
2270
349
447
1691
4740
2964
4739
1595
4768
2418
2305
2281
363
2282
2283
689
1710
1710
690
4050
2418
1481
1558
2418
2438
1601
2459
1762
2460
3980
2300
913
1632
1638
1769
2268
3085
3083
2309
605
2311
611
627
690
1707
689
1690
2314
3079
1636
1782
635
2318
408
2289
633
2288
1785
1793
1949
2322
1794
1941
1797
1949
1941
1797
406
2223
4796
472
1466
288
1398
317
4866
2462
4260
4990
285
510
2355
239
1547
238
2985
1548
4263
4258
2453
2361
2608
2516
2520
2521
2601
3309
3309
3309
2572
2601
2642
138
138
138
48
1619
2378
2380
1619
2446
885
883
883
2437
2293
515
872
885
2293
228
892
228
2446
792
926
2381
1533
1604
2162
2438
2388
2403
2351
859
220
921
4968
2408
2447
2410
1404
892
2162
450
1570
2436
2436
530
452
452
1610
452
864
1610
1611
886
668
501
2444
885
2398
2444
2435
1507
2299
1533
2243
2257
2408
2781
2418
1545
240
2346
2445
221
587
1402
806
4270
2939
317
2699
2927
2723
4106
2935
3328
2759
4102
3165
525
3332
4992
2554
2646
2566
2517
2517
2517
2552
2480
2518
2613
2593
2566
2554
2628
2486
3304
3301
2674
3325
2637
2531
2501
2549
2599
2489
2628
2637
2599
2501
3968
2562
3968
4077
2716
3968
2562
2562
4077
3968
3968
3968
3968
2562
2571
3299
2674
2554
4888
2489
4077
2554
3325
2630
2646
2646
2637
3325
4887
2556
2556
4888
2466
2594
2518
2705
3968
3968
3968
2489
4077
2489
2600
2517
2517
2554
2561
4900
2566
2566
2566
2566
4900
2672
2562
2501
2672
2672
2672
2492
2501
2672
2488
2556
2523
2488
2599
2599
2579
2558
2599
2562
2558
2501
2665
2552
2486
2552
2566
2652
2566
2523
2523
2552
2517
2517
2517
2566
2600
2600
2512
2554
2489
2517
2561
2566
2552
2489
2566
2466
3300
2485
2500
2562
3968
4886
2560
2599
2579
2555
2672
2705
4077
4077
2628
3968
3968
3299
2599
2566
2493
2478
2531
2486
2531
2500
2512
3336
2571
2517
2571
2613
4900
2552
4900
2560
2672
2672
2672
2672
2672
2672
2672
2672
2672
2501
2672
2672
2672
2672
2672
2672
2672
2501
2672
2672
2672
2672
2501
2501
2501
2672
2672
2672
2672
2501
2501
2672
2672
2672
2672
2672
2672
2672
2672
2501
2501
2672
2672
2672
2672
2672
2672
2672
2672
2672
2672
2672
2672
2672
2672
2672
2501
2672
3186
3412
4932
4903
3416
4929
4039
2691
2734
3401
4019
4948
3063
2691
3893
4861
3198
3388
3380
3369
4878
4901
2678
2986
3062
3138
3402
3399
4910
4913
4044
2721
4036
4022
3843
4907
4908
2951
4928
3378
4913
2974
2736
4028
4026
4761
3394
4111
3366
2729
4920
3280
3402
2951
4024
3866
2735
2734
4950
3283
2708
3892
2944
4076
4052
3329
2716
2682
3968
4862
2744
3973
4077
2743
4133
4264
3089
2757
4679
2779
3330
2755
4717
4704
2764
4250
3164
3164
4730
2769
4046
4762
3194
4705
2791
2763
3021
4683
4693
4867
4694
4904
2750
2783
2962
2786
2961
3074
3089
4878
2790
2942
2792
3022
4170
2797
2763
4706
2799
2758
2776
4167
3137
4184
4162
4164
4722
4165
4183
4163
4181
4831
3103
2900
4764
3134
3134
2996
2829
3169
3097
2810
2810
3095
2826
2828
4708
3100
3134
2899
3135
2901
4709
2827
4714
2831
4764
2997
2897
2907
2815
2816
2816
2817
2838
2997
2903
2820
2997
2860
2859
3104
2905
2844
2852
2853
4207
2849
2849
4677
2847
4187
4206
4199
4189
4191
4224
2850
2850
4806
4225
4188
4231
4792
4791
4791
4233
4223
4233
2851
2879
2880
4739
4291
4170
2885
4171
3024
3026
2887
2822
4727
2890
2891
4220
3034
4746
4244
3133
3133
3100
3101
3136
4691
4688
2996
2830
2831
4801
2888
4712
2840
4710
2846
2845
2837
2842
4148
4937
3366
3393
3189
3077
3077
3164
3164
4238
4244
4751
3975
4817
3006
2953
4742
3146
4774
3227
2716
2682
4927
4273
4047
3426
2942
2943
3139
3901
4043
2711
4954
2736
4023
3864
2974
3142
3142
2778
3132
4731
4236
2825
4261
2772
2962
4859
4751
3971
2951
4908
2973
4908
2970
3147
2970
2975
3370
3381
4973
4931
4931
4872
2679
3970
2716
4877
2993
3186
4871
2980
2992
4077
2716
2716
3854
3971
2933
2995
2898
2898
2987
3899
2921
3868
3870
3189
3911
4874
4859
4779
4793
4793
4777
4793
2930
2776
3013
3013
4262
3015
3126
3021
3195
4698
4172
4171
3025
3025
2902
3097
3028
4685
2836
4675
4215
3106
4195
3859
3284
3257
3232
3227
3048
2685
3160
3388
3836
3852
3842
3846
3070
3002
4908
4921
4017
4947
3910
2678
3969
4949
4042
4040
3875
3873
4962
3984
4129
4702
4696
3196
3144
4250
4250
4730
4006
3083
2783
3085
3007
2742
4720
2805
3092
4180
4789
4182
4689
4708
4688
2900
4715
2811
2812
4763
3135
2900
2815
4675
4676
4214
2914
2913
2912
4212
3107
4192
4197
3109
3110
3112
3111
2857
4228
3109
4231
4743
2932
2931
2761
3127
3128
4683
3130
4690
3129
2824
2811
3102
3025
4179
4701
2789
2921
4242
4747
4695
4695
4757
4745
2754
4919
4112
4920
3994
4819
3038
3283
3156
3053
3049
3036
3877
3162
3019
3182
4731
4236
4238
3166
4799
3168
3103
3103
3098
2853
2856
3174
3015
3177
3176
3018
2880
2880
3019
2704
2704
4072
3287
3188
3070
3193
2754
3144
3143
3870
3870
3157
3367
3254
3927
3941
3921
3212
3273
3234
3208
3246
3926
3929
3444
3922
3915
4083
3216
3290
4084
3269
3260
3237
3260
3223
4086
3225
4083
3258
3267
3265
3259
3258
3245
3204
3202
3438
3237
3262
4081
3240
3430
3230
3239
3931
3923
3291
3931
3916
3270
3269
3249
3236
3939
3266
3234
3256
3211
3430
3920
4085
3263
4085
3242
3925
3935
3229
3290
3222
3271
4088
3236
3286
2702
4924
3395
3852
3285
3046
3851
4947
4118
4093
3442
3249
3909
2599
2672
2682
2682
2672
2501
2705
2682
3966
3966
3968
2501
4270
2672
2672
2672
2672
2672
2672
4869
2682
2682
2682
2716
2716
4077
4052
3192
2672
2599
2599
2672
2672
2672
2672
2672
4145
4265
4267
4276
4725
4278
4882
3972
2749
2528
2528
2593
2478
4932
4928
3345
3983
4055
2716
4048
4809
3387
3364
4073
4812
3072
3082
3352
2972
2970
3148
2972
3369
2970
2972
4913
4910
2974
4913
2720
3394
3394
3369
3370
2970
2968
2970
2970
2973
2974
2973
2973
2975
3388
3058
3388
3388
3388
3388
3355
3049
3366
3366
3870
3394
3388
3366
3357
3148
3984
3000
3364
3364
4910
3073
4054
4818
3992
3399
4067
3414
3414
3381
2978
3410
3001
3058
3058
3278
3395
3370
3370
3378
2975
2974
4907
3864
3864
3864
3873
3873
3056
2737
3043
3427
3071
3243
3241
2518
2479
3219
4087
3269
3216
3437
3272
3211
3440
3210
3247
3217
3456
3956
3946
3446
3952
3460
3253
3946
3462
3951
3451
3947
3944
3456
3953
3253
3949
3573
3461
3965
3944
3817
3558
3519
3510
3556
3445
3445
3520
3454
3449
3817
3804
3509
3520
3520
3529
3537
3468
3471
3452
3525
3962
3958
3959
3445
3477
3526
3553
3536
3518
3484
3484
3822
3519
3808
3519
3808
3510
3509
3808
3519
3569
3556
3822
3556
3449
3508
3511
3511
3457
3556
3518
3769
3561
3569
3524
3822
3529
3529
3764
3528
3478
3964
3955
3446
3963
3959
3964
3957
3767
3558
3962
3559
3521
3809
3519
3524
3809
3481
3518
3454
3765
3518
3791
3810
3536
3508
3509
3561
3808
3561
3519
3556
3561
3559
3569
3948
3520
3452
3958
3822
3470
3508
3519
3521
3767
3809
3445
3477
3822
3804
3814
3453
3808
3508
3813
3561
3768
3765
3785
3765
3786
3776
3765
3776
3776
3765
3762
3765
3762
3769
3765
3765
3773
3786
3765
3481
3569
3569
3519
3809
3809
3808
3809
3806
3806
3807
3464
3823
3809
3512
3464
3808
3824
3466
3784
3807
3809
3466
3479
3807
3806
3534
3466
3493
3806
3516
3473
3466
3808
3824
3555
3473
3567
3567
3567
3534
3473
3473
3496
3473
3567
3473
3604
3784
3473
3473
3784
3496
3604
3473
3598
3545
3521
3824
3570
3823
3823
3519
3813
3812
3518
3791
3516
3808
3521
3791
3510
3493
3516
3493
3482
3813
3805
3671
3493
3812
3493
3512
3813
3493
3493
3493
3493
3493
3812
3493
3805
3508
3466
3812
3812
3504
3466
3824
3562
3488
3794
3658
3671
3571
3473
3571
3488
3562
3562
3610
3610
3571
3571
3571
3491
3571
3660
3610
3562
3540
3516
3812
3812
3813
3813
3813
3504
3536
3493
3813
3814
3814
3814
3532
3803
3819
3494
3814
3813
3819
3803
3803
3509
3494
3813
3803
3797
3505
3802
3802
3547
3494
3502
3499
3499
3502
3505
3505
3802
3494
3802
3802
3547
3814
3813
3509
3509
3813
3813
3558
3558
3519
3558
3558
3558
3558
3767
3558
3558
3558
3767
3767
3767
3767
3767
3810
3810
3767
3774
3569
3767
3558
3810
3810
3558
3767
3767
3767
3767
3510
3813
3508
3509
3813
3532
3468
3559
3532
3804
3536
3536
3532
3468
3817
3817
3521
3537
3822
3822
3520
3558
3817
3568
3526
3468
3520
3445
3529
3958
3821
3527
3960
3449
3558
3558
2566
2566
2566
2501
2501
2599
2599
2562
2562
3834
3836
3231
3837
3838
3252
3257
3840
3043
3858
3044
3852
2685
3045
3257
3227
3284
3038
3281
3039
3878
3154
3155
3875
3050
3053
3279
3842
2736
2738
3832
3838
4921
3039
4025
3881
3832
3051
3053
3280
3281
3043
3898
3975
3976
2683
3974
4795
3274
3999
3274
2770
2945
2680
4971
3059
4918
4939
3287
4924
4936
4878
3911
3439
4095
3206
3290
3435
3436
3917
3919
3438
3913
3206
3914
3214
3915
3248
3440
3207
3205
3212
3205
3924
3931
3212
3214
3291
3933
3203
3941
3928
3244
3935
3933
3233
3932
3235
3291
3936
3451
3947
3949
3209
3940
3945
3461
3950
3453
3458
3956
3950
3450
3948
3953
3951
3954
3446
3455
3953
3447
4912
4912
3186
3341
2986
2679
2704
3982
2684
2739
2916
3069
2946
2702
2940
4808
4970
3073
4812
3986
3848
3889
3873
2720
4910
2720
4910
3364
2720
4032
4960
4046
3997
3977
3900
4001
2740
4680
2788
4724
3986
3347
4965
3399
3399
4063
4014
3887
3887
2729
3060
3060
3878
2951
3154
2735
2714
3873
2720
2720
2720
4943
4758
4944
2938
4945
4945
4946
4948
4949
2712
2948
2722
2721
3995
4816
4065
4906
4817
4875
3889
4819
4053
3429
3987
4057
4035
4056
4057
2726
4097
4009
3988
3987
3159
3401
3396
4055
3159
3355
3983
4930
4930
3342
3342
4038
4090
4094
3428
4082
3260
4080
4092
3431
3268
3215
4090
3220
3213
3250
3921
3261
4062
4097
4008
4761
4814
4813
4146
4814
4269
4761
2940
4059
4974
4977
3393
3886
3280
3287
3395
4112
4115
4118
3287
4118
3280
3337
2568
3336
3338
4934
2701
2594
3902
4122
3912
4741
4129
4131
4754
4275
4131
4839
2756
4135
4254
4255
4840
4134
4130
4142
4144
4840
4823
4273
2775
4684
4169
4168
4167
2882
4164
2792
4707
2959
4184
4186
4185
3094
2774
4165
2807
3021
3023
4172
4698
4148
4161
4825
2802
4178
4153
4180
3093
2806
2773
4183
2959
2771
4186
4208
4216
4207
2912
4204
2910
4203
2890
3031
4209
4210
4216
4214
2914
4834
4211
4835
2903
2903
2841
3105
2818
4687
2835
2848
4726
2838
2846
4766
2815
4678
2842
2906
2860
4205
4805
4202
2854
4190
2858
4215
4193
4195
2909
3106
3108
3108
4200
4201
4189
4833
3128
3128
4236
4291
3006
4240
4241
4250
4251
2895
3088
4756
4723
4859
4751
4732
4246
1741
1741
4128
4139
4256
4143
3131
4868
2920
4261
4261
4257
4730
4003
4697
2944
4265
4001
4000
4978
2780
3976
4795
4274
4005
4276
4724
4268
4881
4134
4145
2554
2512
2542
2579
2519
2566
2566
2561
4078
3006
2982
4291
3891
3891
2861
4235
2871
3115
2876
4836
2867
4219
4219
4227
4221
4837
2893
2870
4296
4837
3122
4296
3175
2873
2876
2878
2876
3035
3175
3175
2870
4402
4369
4630
4500
4654
4654
4626
4627
4627
4627
4630
4630
4630
4650
4630
4650
4398
4630
4630
4484
4404
4398
4630
4406
4500
4500
4509
4500
4500
4561
4596
4513
4560
4513
4513
4513
4654
4658
4491
4328
4493
4491
4328
4496
4630
4498
4402
4498
4498
4630
4498
4484
4381
4630
4630
4484
4630
4635
4498
4402
4500
4500
4505
4406
4391
4500
4406
4498
4642
4444
4500
4594
4500
4593
4513
4500
4402
4513
4506
4425
4505
4444
4600
4595
4513
4599
4510
4561
4509
4560
4598
4445
4632
4513
4628
4626
4632
4498
4630
4391
4498
4630
4630
4406
4500
4500
4498
4500
4561
4561
4598
4509
4630
4630
4590
4632
4630
4498
4484
4630
4398
4634
4630
4498
4630
4498
4406
4444
4505
4402
4561
4561
4500
4594
4513
4513
4598
3114
4218
2866
2862
4837
4837
4230
4836
3119
4234
3118
2892
4230
4235
3113
2868
4219
3121
4452
2868
2869
4299
4456
3122
4463
4465
4466
4467
4301
2866
2868
4539
4506
4548
4541
4541
4541
4513
4511
4515
4515
4547
4552
4551
4604
4604
4515
4607
4602
4601
4600
4599
4607
4546
4575
4540
4511
4511
4540
4666
4520
4520
4520
4671
4478
4520
4522
4522
4670
4670
4842
4847
4315
4480
4847
4312
4842
4843
4311
4317
4317
4304
4317
4317
4305
4317
4305
4455
4307
4317
4546
4559
4547
4549
4671
4671
4575
4476
4470
4476
4476
4553
4553
4553
4549
4610
4553
4316
4659
4307
4306
4306
4451
4468
4520
4520
4520
4522
4528
4528
4528
4528
4662
4662
4662
4317
4317
4659
4307
4664
4453
4469
4316
4464
4461
4303
4454
4295
4295
4455
4295
4455
4457
4304
4843
4603
4609
4609
4603
4609
4608
4618
4607
4615
4856
4620
4855
4618
4555
4609
4850
4611
4517
4526
4555
4555
4555
4664
4664
4533
4570
4585
4528
4662
4531
4659
4659
4662
4317
4582
4659
4582
4662
4589
4493
4591
4499
4604
4604
4591
4593
4498
4602
4600
4595
4600
4595
4600
4598
4599
4600
4607
4563
4514
4508
4508
4506
4513
4506
4505
4505
4550
4484
4493
4491
4550
4550
4295
4296
4296
4296
4462
4846
3120
4300
4480
4314
4479
2876
4479
3394
3278
4079
4685
2834
4711
4711
4701
3138
4681
4682
3162
4699
4147
2827
2823
3096
3096
4689
3331
2915
4688
4683
4978
4700
4696
2703
4682
4699
4716
4268
4725
4272
2760
2762
2762
4707
4155
4156
2809
2996
2897
4714
2828
4715
2808
4723
4728
4718
2760
4277
4721
2798
2799
4719
4729
4711
2819
4692
4940
4940
3128
4247
4733
4734
1741
4132
1741
1741
4252
4291
4291
4291
4741
2953
2953
4250
4245
4700
3006
2931
4859
4859
2895
4246
2880
4128
4736
4755
4756
4716
3994
4127
3895
4760
4181
4769
2899
2830
4765
4244
4244
4766
3163
4244
4244
4049
4966
4780
3011
3012
3010
4034
2803
2777
3083
4784
2795
4788
4830
2812
2913
4790
1781
4740
4740
4000
4244
2706
4798
3102
3168
2958
2832
3170
3172
4217
3173
2863
4071
4058
4910
3364
4054
3897
4775
2944
3348
4037
3848
3874
4735
4280
4134
2794
4783
4826
4159
4159
2800
2806
2914
4804
2843
2906
4832
4194
4751
4822
4004
3116
3122
2872
3175
2870
2863
4296
4842
4843
4842
4307
4317
4659
4841
4318
4659
4662
4846
4250
4751
4751
4242
4751
4967
3402
4867
3898
3332
4975
4270
3076
4929
3386
3407
4933
4974
3344
3898
3981
3903
2920
4237
4697
4266
4991
4900
2669
2637
2672
2634
2672
2672
2672
2672
2672
2672
2672
2672
2501
2501
2672
2672
2672
4973
2681
4109
2977
4096
2973
4907
4913
2975
4072
4913
4907
4068
3885
3198
3199
4118
2971
3910
2916
4118
3403
3400
4072
4069
4067
3409
3409
3902
2687
3904
3906
3287
3287
4820
2720
2720
3905
4014
3277
3277
4019
3878
3861
4023
3866
3155
3864
3872
4029
4032
4031
4035
4060
4074
3910
2699
4966
4943
4969
4976
3416
4905
3409
4902
4108
2692
4269
3896
4270
4814
2723
4814
3979
4106
4815
4867
4002
2954
525
4865
4986
4876
2027
2028
2085
2029
