2507
132
3309
2417
2458
2497
3323
2417
4107
3322
3321
4108
58
2414
4305
12
1580
111
781
111
41
2313
76
119
807
113
80
66
795
129
127
100
1748
100
56
129
100
128
2411
4111
2
4307
48
56
4305
103
63
94
17
787
22
92
75
23
115
2525
2436
3322
2418
256
100
100
2941
2417
2467
2941
134
2532
124
10
90
106
4302
2467
2531
129
33
1290
2317
151
16
26
119
78
1743
4303
4303
114
113
122
2536
99
24
2461
119
91
2497
1582
52
2436
1580
125
2495
2517
2525
2525
2467
2493
2416
2532
122
2461
1748
2493
2458
2507
2532
2467
3416
128
2493
29
36
102
1586
2536
84
84
2481
170
1586
3299
136
107
39
91
2487
782
2464
16
1582
28
1748
3317
2528
2458
2417
4108
811
2440
2440
2440
2317
157
157
1290
120
120
30
83
30
33
120
120
2317
30
1288
1287
33
2321
85
783
33
30
2317
783
120
24
120
33
33
33
33
33
30
30
30
33
24
30
33
1288
73
31
33
30
154
30
120
120
2317
120
157
120
30
123
30
30
1287
1428
481
558
2389
2327
478
203
2388
495
1529
202
1579
2388
1731
2163
855
855
856
855
2163
1369
4973
4985
4308
551
2329
1511
2298
1351
2199
219
1579
254
482
826
567
4089
855
855
2114
205
852
214
840
495
860
2199
1461
1538
1595
1739
256
487
211
253
4063
2198
681
439
293
277
2119
1738
802
1719
261
2134
639
459
1715
657
679
1352
1565
1646
629
2223
586
301
1633
514
283
4999
2300
1368
255
4145
2220
2220
1640
1640
1637
250
444
1568
276
1622
591
518
519
520
522
2145
1625
585
279
280
1633
2233
300
1611
314
592
405
330
332
331
2202
333
2237
1667
597
2265
1674
1674
354
358
1666
1672
345
345
662
389
523
347
2207
2207
344
343
2266
352
359
1672
415
602
1651
358
1655
356
1659
1660
2226
1684
2225
1696
604
603
1761
1759
606
1650
1693
369
370
374
610
376
366
1761
1753
1912
1773
1907
1773
1759
1927
1765
2274
2274
2273
1772
1772
2110
2110
1773
1774
4246
4264
615
4733
1609
1609
404
2131
337
526
391
1686
1911
530
1900
2104
2104
2139
2169
348
1663
1669
2203
524
2117
340
603
602
600
1649
1655
1680
604
1685
1693
1695
609
609
399
2342
855
855
2114
492
2135
1717
462
271
4992
2115
4063
2289
456
458
457
640
2182
2368
2404
211
2242
4084
226
472
2261
2197
1607
232
2248
471
1575
1575
398
635
462
2170
624
624
663
289
288
2260
1637
582
426
256
838
1575
1575
1575
2389
878
2295
204
1429
1585
2936
254
3940
1428
1584
4308
542
790
576
4308
4109
581
1673
1668
2940
2949
263
1435
855
856
1359
426
307
2215
616
507
572
574
668
577
502
502
382
378
381
381
2178
2137
2128
2152
2151
2118
2165
1670
527
1657
1690
1689
367
1760
1901
1918
1446
550
565
565
2252
869
495
868
542
883
882
864
858
551
1576
1579
2301
4310
1585
440
2248
824
864
1471
1593
1712
804
2129
682
683
1709
657
1445
307
4838
305
4145
1591
1730
1611
299
1612
587
593
1645
463
2164
411
342
346
407
318
318
590
1677
599
1692
367
375
371
2205
2205
365
1909
1919
1927
1763
1756
2272
1758
1758
1773
1927
1769
573
573
2181
433
3172
672
509
490
2133
2297
571
422
1669
345
2204
595
525
658
1349
1354
4989
2232
2184
638
2140
620
2195
1589
680
863
856
1516
851
824
820
883
645
576
290
2178
1698
1697
660
409
408
390
2239
2240
1664
362
1905
2102
2228
2229
2230
503
503
500
382
1710
4750
211
2299
855
2114
820
878
3300
1641
274
2121
2120
2252
878
820
2114
702
693
700
194
748
1540
721
1380
912
1550
1550
1552
708
715
1547
1311
743
1541
541
1311
1544
1311
711
1311
541
565
645
1311
1311
495
645
1311
1292
1382
749
914
727
743
1311
1311
649
1311
542
1311
704
711
1379
755
1379
722
1292
711
565
712
1371
753
721
565
1292
721
1293
728
649
541
495
704
774
649
1293
1336
1311
1311
712
712
4830
2342
1576
851
882
869
1579
886
194
1547
1292
2342
113
30
256
1290
783
55
55
55
32
3861
30
33
157
157
485
256
790
428
510
509
113
120
39
33
30
157
157
30
4277
272
1734
1736
803
2141
1738
4308
1586
2950
1586
1586
2457
2416
188
1537
1492
1538
2359
1530
790
1566
1524
876
2334
874
829
1528
825
855
886
886
1575
1575
887
234
2114
2114
1575
886
886
2113
2114
234
2114
1575
2389
2329
855
2349
652
855
855
855
886
886
822
820
888
868
2350
822
889
867
2299
876
876
1531
855
558
881
881
858
1526
2114
886
2112
887
234
840
864
2368
541
867
1483
1311
1581
3321
3322
728
743
724
713
713
712
1540
1540
748
715
1547
705
903
1420
1281
1406
922
932
1383
1383
1394
935
933
730
937
738
1420
927
1401
720
695
1381
1030
1398
1184
1130
1130
1130
1184
1184
1216
1129
982
1256
985
1033
1130
1130
967
974
1184
1184
1005
1005
1130
1130
985
1184
1184
1183
1130
1256
1130
1129
1130
1130
1130
1256
1256
1256
1005
1250
1129
1033
1166
1168
1184
1216
1183
1278
1184
1146
1184
1166
980
1216
980
1216
1130
1146
980
1216
1192
1184
980
974
974
1130
1185
1184
1166
1184
1005
1130
1130
1130
1168
985
1130
1130
1183
1281
982
957
959
999
1281
1250
1168
1130
1130
1033
1193
1184
1184
1184
1033
1184
1146
1168
1200
1146
955
1166
1146
1200
1192
1168
1216
1168
1168
1168
1146
1130
1166
1193
1279
1255
1424
1273
1279
1130
1130
1130
1209
1200
1184
1184
1166
1257
1256
1257
1257
1130
1184
1168
1204
1403
1278
1209
1168
1108
1166
1168
1108
1166
1108
1108
1168
1108
1108
1108
1108
1168
1108
1168
1108
1168
1108
1108
1108
1184
1168
1168
1166
1168
1146
1168
1184
1168
1168
1168
1168
1168
1168
1168
1168
1168
1168
1168
1168
1168
1168
1166
1168
1168
1168
1168
1168
1168
1168
1168
1168
1200
1168
1168
1168
1168
1168
1168
1168
1108
1168
1168
1168
1168
1168
1168
1168
1168
1168
1168
1168
1168
1101
1101
1168
1168
1200
1168
1168
1168
1168
1168
1168
1168
1184
1168
1168
1168
1184
1184
1184
980
1168
1168
1168
1168
1168
1168
1204
1168
1168
1168
1168
1168
1168
1168
1168
1168
1168
1168
1168
1168
1146
1168
1168
1168
1168
1168
1168
1168
1168
1168
1168
1168
1168
1156
1168
1156
1156
1168
1168
1156
1168
1156
1156
1168
1156
1146
1146
1168
1168
1168
1168
1168
1146
1168
1168
1168
1200
1168
1205
1146
1202
1202
1168
1202
1202
1168
1202
1202
1202
1168
1204
1204
1202
1168
1156
1168
1156
1168
1168
1156
1156
1168
1156
1156
1168
1156
1156
1156
1156
1156
1156
1156
1200
1202
1202
1146
1205
1146
1184
1184
1130
1130
1130
1129
1129
1130
1130
1130
1130
1130
1130
1129
1129
1129
1184
1184
1130
1129
1023
1130
1130
1130
1130
1184
1057
1129
1057
1130
1057
1184
1129
1129
1184
1129
1184
1130
1184
1184
1184
1184
1184
980
1168
1200
1209
1146
1192
1205
1181
1192
1146
1183
1184
1205
1146
1183
1184
1033
1033
1184
1184
1184
1184
1130
1130
1130
1130
1130
1129
1184
1033
1033
1033
1033
1256
1130
1130
985
982
985
1033
1193
980
1005
1279
1130
1130
1130
1129
2440
2415
2610
26
24
39
24
24
495
495
552
576
568
550
550
565
2335
2252
869
495
576
1446
550
2252
852
864
474
871
879
877
864
859
568
838
860
824
859
542
206
420
420
472
498
4990
632
2166
1460
2397
4082
2247
2399
1353
4993
1356
2689
2384
2354
1363
1363
862
862
2390
2353
2891
748
712
725
705
1546
724
713
713
1540
727
727
748
194
711
705
708
700
1550
1370
1548
1545
704
1548
722
1552
753
702
729
694
698
697
1380
1378
1388
701
697
912
913
1378
916
1409
750
1402
1410
1397
1390
1404
749
719
1408
1400
1281
933
933
1406
1410
999
930
1423
1424
1420
923
1411
960
254
478
1584
4308
2936
211
1513
2247
1356
249
1356
2344
4081
2115
814
2302
2302
2246
2246
873
873
1516
2252
2252
840
826
826
436
1440
1564
2399
1559
2394
2256
262
257
2256
1562
474
3994
1555
890
890
4820
1363
862
826
826
818
1469
2304
1426
2342
1458
440
817
817
1468
1523
1519
2304
1430
1539
482
474
1516
1470
889
891
2620
1523
843
890
2382
3994
1555
890
891
1533
1533
2360
2253
2351
1532
872
2360
2290
813
1538
1537
1539
4063
1293
194
543
712
543
1293
711
712
727
1315
1311
727
710
712
728
890
213
273
3990
3871
3871
4087
2394
4984
3871
3859
3859
3859
4090
2626
3994
2354
2301
880
878
855
856
855
855
855
856
856
3317
2944
3317
2436
2934
2934
2585
3021
3022
435
2270
1602
258
1739
2255
2270
2254
1462
792
3181
2254
1601
1740
265
1604
1714
259
1560
4312
4987
2146
329
520
2130
1635
1634
1626
1617
626
2149
296
1638
2222
2257
659
2235
1623
627
310
401
2124
516
416
2127
1610
588
300
328
384
384
383
385
1648
594
316
402
309
592
308
1636
583
2234
395
1755
365
1909
376
1761
377
393
1916
368
377
371
607
372
1693
373
2276
611
610
395
361
364
1686
351
1680
1684
1683
2267
609
1688
1679
607
1927
1759
1913
1769
1908
1909
1910
1910
1762
1775
1902
1760
1906
1906
1756
1756
1909
1909
1904
282
621
467
432
252
657
2180
1711
581
2132
2193
2289
2168
4247
1599
2287
1713
2310
2296
2297
263
466
510
287
2307
4276
2395
443
784
2309
1465
233
1346
2167
2949
1733
4084
2633
800
1739
1735
1723
1464
4995
2271
1740
2420
2467
2461
2516
4304
2611
3317
2468
2653
432
4264
2633
2633
2633
2002
2103
2031
1920
1967
1967
1959
2108
2108
2004
2029
2277
2002
1992
2002
2002
1969
1969
1968
1958
1959
1961
1959
1935
2003
2030
1998
1998
2002
1869
1869
1837
1869
1869
1869
1869
1869
1869
1869
1869
1820
1820
1869
1820
1869
1869
1869
1869
1869
1794
1869
1820
1837
1837
1837
1837
1794
1794
1794
1837
1837
1837
1837
1869
1869
1869
1869
1869
1869
1869
1869
1869
1820
1869
1869
1820
1869
1869
1820
1869
1869
1869
1869
1869
1820
1820
1869
1869
1869
1869
1837
1869
1869
1869
1869
1794
1869
1794
1869
1869
1869
1794
1837
1794
1794
1837
1837
1837
1837
1837
1794
1794
1837
1837
1837
1837
1837
1837
1837
1869
1869
1837
1869
1869
1869
1869
1869
1869
1869
1869
1869
1869
1869
1820
1869
1837
1837
1837
1837
1837
1869
1869
1869
1869
1869
1869
1820
1820
1869
1820
1820
1869
1869
1869
1820
1837
1837
1837
1837
1837
1837
1837
1837
1989
2018
1926
1987
2106
2029
2277
2031
2110
1920
2110
2022
2020
2277
2102
2019
2018
2108
1949
1987
1931
1989
1961
1958
2046
1958
1950
1931
1877
1935
1935
2108
1869
1869
1837
1837
1837
1837
1837
1837
1837
1837
1837
1869
1869
1869
1869
1841
1874
1794
1869
1869
1794
1794
1794
1837
1869
1837
1837
1837
1837
1837
1841
1874
1837
1875
1837
1855
1875
1874
1809
1855
1947
1855
2087
1875
1855
1855
1948
2087
1947
1947
2036
1948
2037
1947
2036
2036
2034
2034
2034
1944
1869
1869
1869
1837
1874
1837
1837
1837
2095
1885
1869
1819
1783
2097
1783
1794
1843
2097
1944
1995
1995
2097
2097
2097
1874
1875
1844
1855
1855
2083
1855
2085
1947
1947
1947
1944
1944
1944
1847
2095
1837
2095
1985
1992
2034
1994
2045
2045
2036
2037
2045
2043
2087
1957
1794
1794
1794
1794
1794
1794
1794
1841
1841
1897
1844
2074
2074
2074
1794
1843
1794
2083
2083
2083
2083
2074
2074
1843
2074
2074
2072
2077
2083
2085
1947
1947
1944
1944
1947
1944
1946
2036
2036
1869
1869
1869
1869
1869
1869
1869
1794
1869
1794
1794
1869
1794
1794
1794
1794
1794
1794
1794
1794
1794
1837
1837
1837
1837
1837
1837
1837
1869
1837
1869
1869
1869
1869
1869
1869
1998
2045
1998
1958
1984
1992
1990
1806
1874
1781
1855
1961
1806
1856
855
4063
3944
1658
1652
1653
630
2142
268
278
654
2154
2147
359
598
2164
336
264
335
411
2133
2157
2134
1737
1466
2160
2148
2155
2159
2136
2163
290
2145
1624
311
311
406
350
1663
412
359
1665
260
349
1704
434
2156
286
2167
302
2161
625
1700
1347
1653
360
203
1438
2169
1698
569
1704
1750
2287
4733
430
430
1699
1599
396
2188
2187
1701
1590
2193
2289
2289
432
2170
397
1749
2177
1596
2192
2132
2162
2155
1592
275
2402
584
2206
2265
2265
602
1662
270
338
601
575
2308
303
436
505
573
573
573
818
280
1628
4838
4838
1629
386
1629
315
2201
1694
1757
431
431
431
4744
1702
271
403
660
390
341
1678
664
2264
2268
666
1764
2879
2385
890
826
2347
4990
2403
1606
1468
2209
1525
1525
890
1603
1605
1601
388
388
4839
1614
1614
296
297
2262
1906
1694
666
608
1681
1907
1753
2181
1559
1606
2023
1968
1998
2023
2031
1958
1958
1948
1948
2034
2034
1944
2034
1948
1944
1947
1998
2289
433
1702
210
674
1425
1439
2309
4666
2408
571
2294
479
812
812
1439
4036
813
209
225
241
1360
421
462
2292
1725
2311
126
118
70
157
2317
2317
154
30
83
154
2317
30
27
783
27
27
1288
189
2329
2329
2328
2306
856
878
1576
1575
214
1441
2337
854
856
855
855
1576
1490
1575
886
2210
2290
674
821
2299
881
2351
2689
1360
1361
1362
855
862
886
1441
815
1491
1363
1579
567
818
1510
1524
1535
2382
2609
2242
438
189
2391
2326
196
2388
204
2295
1567
2293
3859
4086
4291
2609
3871
3871
2878
4091
2879
4091
2406
1560
4276
2871
805
4292
1587
2425
2489
2466
2442
2423
2442
2491
2512
2491
2491
2425
2449
4902
2518
2527
2429
2429
2526
2448
2475
2540
3290
2655
2483
2431
2488
2541
2483
2439
2655
2939
2437
2439
2651
2439
2449
2471
2511
2520
2453
2482
3328
2432
2478
2518
2477
2477
2577
2427
2447
2430
2431
2484
2511
2939
2655
3939
2655
3328
2529
2511
2442
3297
2471
4901
2494
2494
2449
2450
2535
2423
2450
2544
2477
2544
2580
2477
3290
3290
2541
2431
2482
2482
2483
2483
2487
2554
2437
2544
2485
3290
2450
2526
2459
2459
2466
2477
2469
2455
2484
3318
2493
2442
2449
2471
2437
4062
2422
2493
2471
2466
2493
2509
2493
2459
2527
2939
2939
2421
2483
2485
2484
2544
3939
2653
2518
2439
2483
2477
2487
3290
2527
2512
2655
2503
2944
2445
2423
2422
2428
2494
2449
2450
2502
2580
2544
2563
2544
2544
2544
2544
2544
2544
2544
2544
2544
2544
2543
2544
2544
2544
2544
2477
2544
2544
2477
2544
2544
2544
2544
2544
2544
2544
2544
2544
2544
2544
2544
2544
2544
2544
2477
2567
2544
2544
2544
2544
2544
2544
2544
2544
2544
2544
2544
2544
2567
2544
2544
2544
4888
3385
4940
4053
3366
2888
4924
3387
3146
3376
2605
3265
2605
2604
2932
3372
3372
3362
4722
3883
4979
3390
3941
3364
4925
2888
2867
4012
4079
3355
2640
4044
3353
3871
4827
4665
4665
3336
3349
3377
3373
3844
3146
2890
3864
2625
4119
3310
2937
2588
2588
4061
4062
3134
4274
4133
2671
3183
2603
3316
2697
2972
2708
2672
424
2874
4898
4898
4898
4758
2890
4174
2919
4167
4152
4690
4155
2711
3315
3039
2688
4885
3036
2694
580
4840
2219
2696
2695
4710
3997
2664
2703
4681
2975
4806
2745
4837
4810
4715
4136
2719
4167
2712
4160
4139
4149
2713
4148
2725
4153
2735
4769
2862
2791
2792
4816
3074
4227
3094
4240
4799
4230
4241
2830
2830
4186
2861
4189
3161
3155
2778
4669
4229
4193
2799
2790
4184
2797
4183
4187
2798
3094
2801
4181
4181
2831
2808
2810
3098
2802
4242
2815
2815
2783
4231
4577
4234
2833
4470
4477
4471
4332
4332
4488
4488
4488
4486
4486
4477
4526
4518
4577
4519
4513
4511
4548
4562
4526
4599
4526
4518
4518
4518
4545
4513
2177
2229
2186
2215
2823
2706
2738
2759
2852
2985
4184
4185
2987
3099
4479
4579
4548
4551
4726
4777
2797
4194
4798
2799
4184
2983
4207
4232
4239
4228
2986
2830
2986
4463
2783
4489
2815
4858
4862
4678
2954
4665
4665
4665
2688
4298
4996
4996
4897
1721
4777
426
3957
4894
468
2881
2881
2882
2884
3184
4050
2588
4936
2889
4829
2587
2681
2665
2894
2867
3137
3356
2607
2910
2911
2667
4896
4270
4269
4270
2918
2966
2691
2692
425
468
3939
3349
3341
3340
3145
3366
4940
3177
3385
3324
3324
2625
4036
3177
4888
2938
3941
3844
2651
3381
2938
4727
2946
2794
4241
3941
4885
4889
4882
3372
2608
4094
468
2212
4785
4784
4783
2964
2711
2966
2969
2969
3171
3166
2817
381
4154
4157
2823
2826
2826
2853
2982
4218
4185
2986
2986
4187
3099
4463
4486
4486
4510
3963
3835
3850
3964
3964
3835
3146
3336
3336
3962
3367
2952
3336
3336
3372
3339
2701
4890
3941
3845
3831
3380
2929
3034
2654
4117
2873
3315
2910
2874
4898
2876
3961
4145
3048
4145
3048
4841
3050
3870
4149
3052
4159
3059
3058
2722
2744
4667
4218
3083
4227
2851
2862
4818
3161
4846
3165
2833
4464
4475
4862
4860
4317
4488
4488
4546
4546
4659
4661
4663
4660
4519
4660
4511
4659
3103
425
3103
4784
2971
3175
3107
2686
2685
3127
4887
4887
2858
2799
4846
4811
2714
2589
4016
4827
4777
3129
2834
4742
3131
2893
4741
4665
3267
4039
3279
3367
3367
2595
3963
4891
4712
4750
4897
4269
4269
4887
3074
3156
2790
4184
4228
4228
4474
4471
4485
4551
2818
3166
500
2818
2960
2178
2817
4745
4881
4938
3267
3267
3145
3336
671
2668
2920
2973
4672
3367
3336
3336
3336
3341
3442
3442
3442
3442
3197
3197
3197
3442
3428
3935
3442
3442
3442
3197
3893
3197
3260
4074
3203
4074
3801
3203
4074
4074
3893
4074
3218
3801
3801
4074
3963
3801
3146
3963
3822
3850
3935
3445
3442
3260
3241
3241
4074
3822
3963
3964
3963
3964
3442
4074
3442
3935
3197
3442
3801
4074
3801
4074
3442
3442
3442
3005
3822
3442
3893
3260
3218
3213
3218
3844
3442
3445
3801
3241
3801
3241
3801
4074
3260
4830
4946
3341
3377
3004
2954
3340
3213
4074
3442
4948
2544
2544
3939
2544
2477
2655
2655
2521
2439
2544
2544
2544
2544
2580
2544
2588
3939
2937
4037
2971
2544
2544
2544
2544
3290
2544
2580
2544
4984
4281
3312
4294
4713
4298
4899
2939
2939
3297
3297
2459
2512
2424
2422
3385
2640
4895
4936
3382
4061
4050
3379
3352
3376
3383
3961
4059
3267
3341
3341
3341
2607
3341
3341
3341
3352
3267
3341
3341
3340
3341
3336
3336
3145
3376
3336
3336
3336
3367
2595
3380
3336
3336
3336
2595
4665
4665
4665
3341
3341
3961
3336
3336
3352
3961
4055
4833
4040
3345
3366
3145
3145
3366
3366
4940
4054
4057
3336
3341
3341
3341
3341
3341
3279
4832
4039
3822
3241
3964
3822
2422
2424
3241
3241
3241
3197
3197
3197
3197
3197
3197
3197
3197
3892
3203
3450
3450
3476
3723
3708
3704
3527
3445
3453
3493
3445
3496
3492
3487
3691
3492
3480
3474
3787
3787
3527
3787
1184
1130
985
1130
1130
1184
1184
1184
1130
982
982
982
985
1033
1108
1108
1184
1168
1195
1268
1268
982
1184
1195
1130
1256
1130
1130
1130
1130
1130
982
1262
1256
1262
1262
1130
1130
1033
1146
1168
1184
1146
1195
1108
1129
1184
1146
1184
1168
1216
1146
1168
1184
1130
1168
1146
1184
1183
1184
1146
1033
1108
1278
1033
1146
1108
1108
1108
1130
1130
1226
1130
1108
982
1130
1130
1195
3648
1038
957
957
963
3695
3523
1108
1130
1130
1033
1183
1184
1163
1168
1033
1130
1168
1168
1168
1168
1108
1108
1146
1146
1108
1146
1168
1250
1108
1108
1168
1168
1184
1108
1183
1250
1193
3534
1130
3764
1256
1033
1146
1146
1168
1184
1108
1256
1262
1256
1256
1130
1184
1108
1168
3491
1108
1168
1168
1168
1108
1108
1108
1108
1108
1108
1108
1108
1108
1108
1108
1108
1108
1108
1108
1108
1108
1108
1108
1184
1168
1108
1057
1163
1146
1184
1168
1163
1168
1168
1168
1168
1168
1168
1168
1168
1108
1168
1168
1108
1168
1168
1168
1108
1108
1101
1168
1101
1168
1168
1108
1168
1168
1168
1108
1101
1101
1101
1101
1108
1108
1108
1108
1108
1108
1108
1108
1108
1108
1101
1108
1108
1101
1108
1108
1108
1168
1168
1168
1168
1108
1168
1168
1168
1168
1168
1168
1168
1146
1146
1184
1168
1168
1168
1168
1168
1168
1168
1168
1168
1168
1168
1168
1168
1168
1168
1168
1162
1168
1168
1168
1168
1168
1168
1168
1168
1101
1168
1101
1168
1101
1101
1101
1101
1101
1101
1168
1101
1168
1168
1168
1101
1101
1101
1101
1168
1168
1168
1168
1168
1168
1168
1168
1168
1168
1168
1146
1146
1168
1168
1168
1168
1146
1168
1156
1168
1168
1192
1168
1168
1168
1156
1168
1156
1168
1168
1168
1168
1168
1156
1156
1168
1168
1156
1156
1168
1168
1168
1146
1168
1146
1146
1168
1130
1130
1129
1130
1130
1130
1130
1129
1130
1130
1130
1130
1130
1130
1130
1130
1130
1130
1130
1130
1130
1130
1130
1130
1130
1130
1130
1130
1130
1130
1130
1130
1130
1130
1130
1130
1129
1130
969
1130
1130
1130
1168
1146
1192
1168
1146
1192
1195
1192
1146
1183
1146
1146
1146
1183
1184
1256
1130
1184
1184
1129
1129
1130
1130
1267
1130
1130
1130
1129
1033
1033
1033
1033
1033
1183
1256
1130
982
982
982
1193
1192
1033
1256
1256
1130
1130
1130
1130
1130
1130
2449
4979
2439
2544
2544
2544
2544
3146
3043
3962
3844
3962
3963
3850
3004
3835
3964
3964
2952
3146
4039
3835
3005
3964
2952
3279
3399
3380
3367
3367
2929
3004
4039
3349
3279
2952
3335
3962
3367
3377
3367
4832
2878
2600
3886
2700
4285
2878
3831
4827
3283
3957
3978
3831
4978
3364
3372
2635
3178
4930
2956
4991
3893
3197
3197
3892
3203
3203
3197
3197
3260
3260
3421
3893
3893
3260
3197
3197
3442
3442
3442
3442
3197
3442
3197
3442
3442
3442
3442
3442
3442
3428
3935
3442
3442
3935
3442
3442
3935
3935
3442
3492
3504
3504
3539
3480
3527
3527
3468
3487
3786
3468
3490
3691
3775
929
922
3474
3708
3704
3704
1424
944
3477
3704
3704
2888
4037
3177
4888
3324
3177
4060
3831
4827
4955
3831
4953
2887
4013
3325
4971
3960
4825
3034
3034
4039
4039
4043
3352
2607
3400
4786
4786
4827
2878
3981
2606
4671
4828
2677
4758
4039
4045
3379
2627
4079
4103
3354
3355
3397
4046
3991
3325
3959
4948
3339
3137
3353
3356
3329
4045
2613
3325
4894
4895
4043
4043
4922
3383
3383
4043
4034
4011
3334
3383
3993
4012
4045
3383
4922
4054
3333
3327
3382
4040
3333
3327
4056
4060
4895
2625
4895
4061
3213
4074
3822
4074
3241
4074
3218
3218
3241
3260
4074
3241
4074
3893
3213
3241
3241
4825
3325
4012
3957
4091
3871
3865
4135
4085
2878
3859
3859
3859
3957
3957
4080
2612
2870
3367
3367
3336
3267
4665
3341
4665
3371
4665
2512
2611
2611
2944
3318
3875
3941
2491
3390
2586
4757
4730
4121
4124
3310
4129
4127
4123
2669
3182
3182
4118
4129
4133
4835
2661
4128
4132
4300
4758
4285
4691
4691
2979
3153
4808
2705
4161
2705
4141
4142
2839
4146
4146
4842
4146
2728
4148
2716
3086
2717
2741
4156
4156
4808
2846
4158
2977
2824
2743
4159
4839
4792
4163
3054
3123
3058
3055
2726
4151
3085
4147
4175
2744
4462
4321
4489
4319
4488
4487
4488
4462
4463
4479
4488
4321
4321
4327
4330
4489
4489
2815
2815
4462
2833
2814
3099
2805
2815
4464
2803
4226
4317
2811
4463
4471
3099
4546
4577
4486
4580
4660
4661
4660
4660
4479
4547
4548
4487
4661
4333
4330
4526
4660
4332
4579
2872
3113
4886
4733
499
2657
4265
2874
2876
4735
4248
4724
4257
4258
425
2912
2914
4802
1749
4730
4266
4268
4753
4896
4896
263
4997
4273
2969
1716
1716
3988
4857
2666
2663
3986
4285
4982
4918
4284
4284
3859
3859
4299
4279
3312
4719
2687
4300
3981
3317
3328
2493
2487
2444
3790
2440
2533
2658
430
2934
4247
2878
2878
2878
4542
4551
4599
4599
4498
4498
4515
4515
4496
4542
4597
4542
4490
4508
4508
4508
4508
4503
4503
4640
4498
4416
4640
4494
4508
4597
4490
4379
4379
4379
4453
4420
4379
4379
4420
4379
4420
4379
4379
4379
4379
4379
4379
4379
4379
4420
4379
4379
4379
4379
4379
4379
4379
4453
4453
4453
4453
4453
4453
4434
4434
4453
4453
4379
4379
4379
4379
4420
4379
4420
4420
4420
4379
4379
4379
4379
4379
4379
4379
4379
4379
4379
4379
4420
4379
4379
4379
4379
4453
4379
4379
4453
4453
4379
4420
4420
4379
4420
4453
4453
4453
4379
4453
4434
4453
4453
4453
4453
4453
4379
4453
4453
4453
4453
4434
4453
4434
4453
4434
4453
4453
4420
4379
4453
4379
4420
4379
4420
4379
4379
4420
4379
4420
4379
4379
4379
4453
4379
4453
4453
4453
4453
4453
4379
4379
4379
4379
4420
4379
4379
4379
4379
4379
4379
4379
4379
4453
4379
4379
4420
4453
4453
4453
4453
4453
4453
4434
4453
4494
4511
4416
4509
4551
4597
4599
4498
4516
4496
4515
4509
4562
4562
4510
4495
4513
4511
4646
4366
4646
4459
4638
4639
4503
4646
4650
4646
4415
4416
4416
4416
4379
4379
4379
4379
4435
4379
4457
4435
4435
4434
4420
4379
4420
4420
4434
4434
4379
4420
4453
4453
4453
4434
4379
4361
4435
4435
4435
4435
4435
4434
4434
4434
4435
4435
4435
4410
4434
4410
4459
4459
4459
4435
4435
4459
4438
4459
4459
4412
4459
4628
4638
4638
4412
4412
4412
4628
4628
4628
4628
4379
4381
4381
4379
4435
4435
4435
4382
4444
4348
4381
4348
4444
4446
4420
4358
4358
4627
4626
4650
4650
4371
4444
4444
4434
4434
4434
4434
4410
4410
4410
4410
4459
4399
4399
4626
4626
4626
4626
4626
4415
4435
4392
4392
4650
4650
4625
4412
4508
4412
4508
4639
4638
4638
4459
4420
4420
4453
4453
4453
4434
4434
4434
4434
4434
4434
4434
4434
4434
4358
4453
4420
4410
4410
4410
4434
4397
4397
4358
4425
4399
4410
4410
4399
4410
4399
4425
4425
4626
4626
4626
4626
4399
4399
4420
4420
4420
4420
4420
4420
4420
4453
4379
4453
4453
4453
4453
4453
4453
4453
4453
4453
4453
4434
4434
4434
4434
4453
4453
4453
4453
4379
4379
4379
4420
4379
4379
4420
4379
4508
4508
4508
4508
4508
4490
4650
4435
4435
4435
4459
4459
4640
4366
3376
4037
3326
4182
3092
2783
4183
4882
4672
4673
4157
4682
2975
2796
4183
4187
4207
2761
4695
2982
2857
4209
4682
4882
4687
4280
4694
4158
4708
4743
4689
4689
3124
3314
4696
4698
2718
4700
2948
2776
2797
4232
4181
2796
2795
2781
4720
4754
4711
2690
3313
4289
2704
2838
4255
3986
4718
4181
2782
2868
3264
3264
4724
4271
4271
3049
4728
4127
4875
615
614
4746
4736
2882
2673
4747
4740
4254
4743
468
3104
425
4749
3151
4732
4122
4752
4752
4685
4755
3345
2660
4135
2887
4165
3093
4237
4853
2801
4526
4777
4858
2811
2405
424
4035
4759
3329
4783
4782
4788
4784
4821
4789
4789
4162
4839
4838
4837
4806
3053
4195
4317
4663
4661
616
4803
4745
424
3345
3154
3161
4176
4227
4227
2832
2987
4471
4462
4333
4080
4833
4922
3383
3399
4827
4827
4933
4976
4892
4043
3034
4131
4834
4300
4285
4807
3154
4842
4839
4842
2713
2713
4844
4330
4317
4317
2831
4661
4580
4777
4266
2878
4518
4542
4503
4555
4508
4516
4509
4503
4459
4638
4625
4625
4438
4626
4638
4399
4626
4399
4501
4879
425
425
4981
4093
2640
4893
2604
4298
3386
3884
4889
2888
4938
3337
4058
4880
4060
4892
4686
4894
4943
4883
4272
4272
2666
4282
4126
2494
2488
2577
2580
2580
2483
2544
2544
2544
2544
2544
2544
2544
3290
2544
2477
2544
2544
4980
3387
3331
3020
3883
3367
4079
2607
3381
4925
3381
3372
3364
3374
3020
3374
4055
4056
4939
4059
3337
3337
3366
4057
3876
3393
2870
3341
3395
3960
3345
2870
3339
3338
3345
3991
4046
4936
4943
2587
3345
2932
4057
3387
3387
4053
4053
4941
4920
4924
4285
3865
3865
4917
3871
3871
2878
3957
4091
4277
2887
4049
3147
1716
1587
2407
2662
3885
1837
1794
1837
