27
149
178
153
153
153
153
153
832
19
24
832
214
53
53
146
115
4306
2706
116
2612
2719
3401
4306
2611
2729
2645
22
2637
2697
2733
2707
529
2616
2616
3368
2645
2614
2498
833
830
1865
2743
2645
3083
21
1869
2667
149
2612
129
129
1872
2599
2612
2637
144
520
19
4306
2615
2614
2614
2614
50
144
137
859
48
19
51
82
79
136
104
32
2616
2600
2667
2667
4306
2732
4918
2726
4918
2741
2741
2696
2644
2696
2729
2676
2676
2676
2676
2676
2645
2628
2628
128
829
859
23
136
116
2710
144
25
104
144
104
93
2729
2614
2614
2614
3367
21
144
2734
153
2498
137
18
2734
2512
153
153
4306
2734
4306
2614
2766
2766
2696
2696
2616
2741
2717
3367
830
2621
29
136
136
2645
2628
829
33
4306
2656
2655
2614
2734
153
137
153
830
61
104
163
136
2614
2614
2667
2667
2667
2667
2600
2802
2802
2644
2766
3369
2600
2600
2667
2628
2664
2717
2717
2740
2628
2628
2616
2677
2677
2644
2644
2644
2613
2676
2616
2676
2644
2644
2764
2644
2644
2764
2613
2717
2616
2764
2644
2691
2802
2667
2644
2644
2667
2766
2740
2644
2766
2717
222
1592
2640
463
1679
1639
1454
2488
872
872
2371
1590
1677
1546
1546
1674
1691
2427
2417
1674
1670
1670
2386
1618
2554
933
723
1693
1677
464
2275
1587
4850
2593
4065
1630
871
2568
2568
2568
3378
1587
1634
1634
1587
1634
4116
3938
1608
1671
1635
1563
1635
2568
2853
1634
1587
1556
1582
1629
1582
4991
4294
4850
2640
2632
4290
2640
4858
2632
4296
4788
3002
3053
3049
2854
3223
1851
1575
1578
4155
3102
3201
3265
4204
290
844
544
3158
2857
4851
3266
2878
4720
3047
2874
4204
1738
2363
4164
1837
1576
1580
2450
1461
273
481
273
273
4304
614
612
614
4167
4296
2371
2854
4814
4180
335
2438
336
4198
3214
3168
4745
1738
1738
4173
2900
4827
4804
2913
4182
4184
2894
2988
4728
2929
3005
2930
4806
2938
3173
3120
2922
3177
2911
4193
2991
4839
2931
2925
3175
4757
4731
2992
4840
2994
4750
3004
2916
2943
2924
4732
3004
4752
3011
2945
2916
2955
2943
4243
4770
4769
4867
4250
4231
2962
4220
4843
4206
4866
3189
4217
2976
2966
4845
4322
4875
3198
2972
2979
3196
4874
2978
4809
3192
4331
716
319
3167
4836
4826
2897
3213
3173
3122
4236
2997
4249
3128
3129
727
1715
3241
3241
4828
4729
2990
2992
4838
3012
2917
2935
3173
2924
4229
2954
3021
3184
2947
4233
3238
4297
1618
264
2427
1608
2427
1548
596
1471
1575
1575
1723
1844
1844
290
545
545
3936
3378
547
497
497
2854
4788
2871
464
3154
4762
228
1435
3048
4795
4859
2845
3933
4989
2591
2593
471
1582
1619
1620
1634
1587
497
728
290
283
4192
612
612
4818
550
545
1634
1634
1670
1606
890
2570
1634
1635
1621
2417
2572
866
519
2849
464
218
1447
2640
1623
4857
4123
2932
1574
1471
223
322
521
479
1579
2535
1580
899
234
595
596
595
1474
1613
1613
1613
547
314
314
319
498
501
4818
612
711
611
611
4178
3166
4863
2927
2927
2927
3213
2993
3121
3122
3123
2997
2964
4494
3000
1581
1604
1604
1433
271
271
1460
1566
1408
2523
2427
2417
878
948
488
953
1629
2575
899
899
2531
890
1691
253
1691
2423
1546
2423
2483
1693
1679
1550
2591
1631
1587
1587
4126
2517
4153
2586
4917
2496
2496
4179
501
544
544
314
1736
614
614
3044
4174
2438
2877
4827
4724
4838
3007
2934
3178
3212
4177
4740
4169
3172
2928
4769
4754
4213
2962
2960
3019
4218
4865
2999
2969
4245
3188
3187
3191
3246
4486
2982
547
547
539
539
541
4893
4164
4279
299
2364
4810
2910
4170
2992
4191
1878
4987
3044
4295
1836
547
727
4158
4162
4151
4154
3156
2568
1635
1635
1635
2275
1630
1582
1620
1620
929
2418
2418
536
869
300
2856
713
283
728
728
2989
4189
3117
3118
3008
3008
4733
3182
4230
3197
716
314
614
611
716
1874
899
2569
2569
2427
1607
655
3218
3103
4178
2428
1608
2427
2418
1485
784
1495
1492
1486
970
964
824
746
1499
1482
1486
786
804
1660
1653
960
1655
754
732
823
774
806
775
1416
1408
1411
732
585
270
1447
1557
1416
800
824
968
778
779
763
794
1417
1423
573
1447
1409
974
761
972
1501
755
792
823
1414
961
960
965
1493
1495
1416
1416
1558
776
1413
1413
1408
1454
974
1408
800
1658
575
1418
961
961
961
2426
2386
897
951
2569
950
2531
1565
1444
1566
1433
685
890
890
765
1490
1414
2729
2600
2644
2600
2718
2629
4306
2733
1576
1578
1847
2644
2666
2624
1874
2725
3083
2717
539
2600
2644
2644
2613
2616
2667
2667
2644
2859
4042
4802
4852
3390
1857
284
2496
2449
1874
520
859
829
19
2489
3378
1651
1622
3041
4078
2275
1552
1651
1622
2275
2523
1650
1670
1670
1621
1670
1670
1670
1587
1587
1587
1587
2569
2569
1621
1670
1670
1621
1635
1670
1621
1621
1621
1587
2427
2427
2427
1608
2417
2427
1623
867
2427
1608
1608
1608
1608
2569
2569
2569
1622
2417
2275
2275
1551
518
245
2275
2275
1609
867
867
2417
1647
867
2417
1621
1621
1587
1587
1634
1587
1587
1587
1634
1435
573
767
798
955
476
574
25
24
958
759
825
796
757
1654
807
970
751
750
1658
1666
1521
992
1518
983
996
1502
1510
745
983
1513
983
789
1513
1521
782
782
1498
801
1509
1502
801
1534
1390
1088
1363
1395
979
979
1531
1525
1071
1363
1043
1534
979
1395
1363
1018
984
1390
1531
979
979
1019
1531
1045
1363
1071
1005
1532
1071
1395
1043
1001
1005
1043
1532
1061
985
1066
1050
1005
1043
1394
990
990
1526
1057
1363
1377
1057
985
1057
1536
1061
1377
1062
1531
992
1518
986
994
992
1520
1062
1062
1532
1071
1042
1042
1390
1213
1001
1363
979
1088
1395
1213
1363
1043
1041
1377
1000
1071
1212
1071
985
1532
1534
993
1538
1062
1042
1392
1042
1071
1213
979
1534
1062
1041
1393
1507
984
1392
1287
1212
1074
1213
1218
1212
1074
1074
1223
1064
1213
1212
1212
1212
1206
1064
1307
1222
1218
1046
1212
1071
1042
1213
1042
1074
1046
1042
1032
1001
1039
1042
1001
1028
1290
1290
1075
1042
1039
1290
1033
1042
1290
1323
1290
1290
1042
1290
1042
1033
1323
1287
1283
1372
1287
1296
1279
1372
1325
1296
1272
1279
1272
1294
1325
1279
1287
1033
1283
1283
1294
1326
1326
1294
1326
1042
1042
1290
1042
1001
1032
1001
1042
1032
1039
1042
1042
1394
990
1039
1032
1066
1026
1039
1039
1039
1083
1039
1369
1290
1369
1323
1083
1369
1290
1043
1039
1039
1008
1083
1008
1326
1040
1283
1083
1323
1368
1326
1326
1368
1323
1323
1008
1008
1283
1291
1283
1276
1039
1032
1032
1039
1013
1375
1039
1039
1392
1393
1066
1391
1013
1392
1026
1026
1013
1013
1013
1013
1026
1043
1026
1026
1026
1369
1025
1369
1369
1369
1008
1008
1283
1369
1369
1026
1026
1026
1025
1083
1043
1013
1013
1392
1391
1392
1390
1390
1055
1534
1055
1011
1019
1054
1054
1054
1004
1054
1383
1054
1054
1383
1054
1383
1004
1004
1054
1054
1390
1004
1004
1054
1054
1004
1054
1054
1383
985
1363
1043
1013
1393
1018
981
1018
1043
1043
1066
1393
1066
1531
1395
1071
1071
1055
1055
1062
1534
1534
1390
1076
1531
1531
1063
989
1531
1532
995
1526
1526
1063
1088
82
93
82
2613
2729
2616
696
929
586
536
1556
1637
272
1582
1619
1445
586
1460
1581
252
252
536
2429
1566
272
1581
2531
2425
1442
954
1629
1620
1634
1634
1587
878
2418
488
488
1587
1587
1634
1634
878
2568
1620
2568
2568
1627
903
930
242
242
2531
891
891
1629
1465
4873
4292
4297
4987
1465
1676
4121
4122
3087
4762
4873
4873
4291
674
1468
1673
480
4122
3033
4118
2541
944
900
234
898
896
264
898
883
1476
1477
515
1611
788
964
750
797
958
1662
961
964
766
776
756
1661
1492
1665
1485
969
969
1486
1667
975
1487
1482
975
966
753
1491
1502
746
824
793
1494
974
1503
738
1485
749
783
782
1507
745
1509
780
1499
745
1509
1509
737
769
1522
782
1522
986
983
769
983
1521
1520
1524
1509
1874
4067
250
2852
1678
3033
4040
480
1471
4989
4988
4118
1571
1571
1468
1468
4018
4094
518
1622
2517
1637
1628
1628
1587
1671
1671
1671
1671
1587
1587
1587
4116
2594
4124
3033
3939
4291
4291
3934
3216
4756
4859
4167
1851
1863
4166
1725
3049
4120
1633
3410
2275
2275
1540
4074
897
901
2425
2425
951
1620
2425
2568
1620
1620
1620
2594
1587
2594
2594
1680
1587
1680
4078
4018
2852
1449
2426
475
871
872
1550
1550
471
4991
4125
4074
4067
2852
1628
1633
1671
2477
2477
1669
245
4126
2275
1540
4018
4074
2477
245
1552
1609
1650
1622
1540
2488
1650
518
4094
3409
3378
787
569
956
575
1413
695
575
767
779
269
760
569
803
760
575
957
2477
4800
2844
2817
3153
4292
4020
4074
921
921
1691
890
2569
2569
2569
2569
2569
2569
2569
1635
1635
60
127
529
859
2544
218
219
826
515
810
238
223
223
4149
4262
3391
4741
4298
4299
4269
4737
4784
3029
3164
4300
4761
3219
3218
3219
4902
4730
3153
4767
4743
2906
4194
336
336
1735
1738
4200
2914
614
2904
4186
4183
4763
3169
4864
4863
4826
4863
4863
4194
4175
1736
2438
4722
2878
2876
4721
2901
4203
2878
4822
4738
3182
4211
4209
3245
4866
4844
3126
4215
2957
4212
2962
2949
4244
3186
2963
3244
4226
3015
3017
4808
3123
3123
4225
3181
4238
4228
2950
2996
3017
4714
2973
4250
2953
2952
4830
4252
4248
4250
3127
2964
4241
4210
4245
2967
3194
4240
1716
299
299
717
4858
4150
546
544
545
4161
4160
1837
4797
547
728
843
717
4152
3233
2881
283
290
299
1836
611
537
4816
4046
4041
4802
1846
1718
4166
1714
4120
2827
4297
4295
300
1466
3933
300
4850
3044
3087
4762
4294
4736
4042
4290
4286
4166
4120
1846
284
1835
3394
4046
48
3064
50
2614
2614
2616
2641
529
859
859
238
521
3940
4497
2972
4328
4493
4491
4340
4347
4322
4330
4499
4501
4509
4485
4327
4343
4340
4341
4624
4616
4500
4513
4483
4391
4350
4426
4391
4391
4391
4391
4391
4391
4391
4350
4350
4410
4391
4391
4410
4410
4410
4410
4410
4410
4410
4426
4426
4410
4410
4413
4426
4426
4455
4426
4391
4391
4391
4391
4391
4391
4391
4366
4391
4391
4366
4350
4370
4410
4391
4350
4391
4391
4391
4391
4391
4410
4410
4350
4410
4410
4350
4410
4350
4410
4455
4413
4350
4413
4410
4455
4426
4455
4413
4410
4426
4410
4455
4455
4413
4426
4426
4426
4426
4426
4455
4426
4391
4350
4410
4391
4391
4391
4410
4410
4391
4350
4410
4410
4413
4410
4370
4426
4426
4426
4391
4391
4370
4391
4391
4391
4350
4410
4350
4350
4350
4391
4410
4370
4410
4410
4426
4426
4410
4413
4426
4426
4426
4345
4875
4877
3197
4500
2979
4492
4490
4324
4323
4320
4329
4484
4321
4321
4335
4333
4704
4569
4618
4505
4512
4710
4705
4884
4572
4702
4571
4700
4391
4391
4391
4426
4391
4426
4426
4426
4422
4422
4400
4391
4366
4366
4422
4422
4370
4366
4370
4455
4453
4422
4446
4364
4426
4422
4426
4480
4422
4480
4422
4647
4431
4480
4536
4380
4644
4684
4554
4530
4599
4645
4644
4599
4554
4551
4546
4577
4577
4709
4556
4712
4546
4541
4577
4541
4443
4446
4446
4643
4641
4648
4643
4587
4469
4627
4469
4627
4400
4692
4385
4515
4539
4510
4574
4588
4588
4420
4480
4382
4380
4536
4635
4524
4523
4598
4542
4546
4541
4541
4539
4573
4662
4648
4649
4585
4581
4708
4613
4712
4709
4709
4558
4557
4362
4415
4396
4418
4453
4377
4456
4382
4422
4420
4420
4430
4457
4434
4479
4679
4671
4536
4686
4686
4688
4691
4516
4516
4518
4690
4597
4524
4686
4521
4521
4519
4538
4542
4540
4540
4540
4522
4366
4366
4366
4370
4473
4413
4410
4370
4473
4410
4473
4410
4455
4455
4376
4455
4455
4455
4376
4426
4426
4426
4426
4426
4410
4410
4410
4410
4410
4391
4391
4391
4391
4391
4502
4502
4512
4582
4616
4647
4607
4659
4552
4883
4565
1608
3077
3014
2995
3014
1726
1674
4178
3059
4178
4279
4917
3166
2994
2993
3240
3238
3239
2856
3239
2922
3013
4163
2856
474
4156
4996
1852
852
2906
4180
4158
1846
474
4996
2586
4303
4198
4803
4803
2914
4837
2933
3242
3013
4839
3240
4983
3058
4796
2590
4857
4165
4303
4120
3214
4205
4864
2856
4120
4319
852
4841
258
1462
463
1877
728
2495
1716
4778
4277
716
2889
717
716
4276
497
546
497
4276
4916
3263
549
728
843
546
611
4270
3001
4796
4162
4156
1671
3086
3267
4039
3221
4735
4751
2909
3210
2921
3010
3196
4749
2939
544
545
1844
3222
4024
318
318
498
2834
1738
320
1735
2437
2877
4765
3018
4256
547
319
319
4295
2275
2275
1671
4188
2991
2991
3118
3008
4733
4769
4214
2952
4239
4094
2275
2275
2275
1540
3087
3942
3942
2857
2834
925
1636
1671
4758
4766
4744
3087
336
2436
2437
2899
2893
4221
3183
4232
4753
3195
3190
547
545
4043
3087
2980
4326
4503
4492
4342
4550
4551
4579
4511
4523
4539
4558
4523
4540
4503
547
547
545
811
227
1651
1580
674
674
1571
1546
1851
1725
1835
1580
1612
481
481
2363
1836
464
1623
2450
1572
1573
4067
1571
1572
1573
1573
1725
4094
921
283
290
290
1864
1726
1719
3027
830
41
2667
2624
2624
2667
2667
2666
2717
2667
2644
2613
2616
2677
1639
2386
1546
1546
1570
1570
2483
246
4018
1635
2568
1587
1587
1587
1618
4018
1634
1670
234
896
2427
890
1635
1635
2423
1546
2275
301
2569
897
518
1540
1651
1650
1651
1647
2582
2273
944
900
900
898
896
897
2424
1540
1587
1587
4018
898
504
949
267
1620
1630
601
1620
1630
1582
471
1629
2594
4992
4992
4126
4018
1651
944
1691
2484
1587
1680
1680
2548
944
2548
944
1470
2423
1579
1579
2817
2817
1578
1579
479
938
1579
3938
1681
4288
853
3150
1710
243
479
479
2468
673
480
1545
28
155
50
50
50
50
50
17
134
862
65
861
71
1399
152
148
1697
4145
865
119
1867
39
2653
140
3472
2713
3400
122
865
3472
2606
3398
3398
3090
2606
2606
3090
3398
3400
3400
136
101
72
69
2714
3400
2693
28
1399
120
70
12
1867
112
40
1872
2669
4307
2710
50
525
862
4145
2724
3398
3400
2614
3400
50
50
137
529
16
49
13
49
70
136
17
3472
4142
4140
865
7
1697
865
2604
2692
2702
2741
3472
3472
3472
2713
59
2606
2606
2606
2693
2693
2693
4305
864
72
134
70
137
2701
136
1865
2710
17
861
153
70
155
2704
2693
2693
3400
3085
2
3400
50
13
137
144
17
3400
50
50
4311
3398
4311
46
2614
2732
2606
2732
2733
2613
2710
529
3085
143
963
11
3472
49
2613
4305
65
126
4311
3398
3400
1696
3400
50
50
50
70
101
70
71
71
2614
4140
59
4140
59
59
4140
4140
4140
4140
4142
4142
4140
4140
4140
4982
4140
4140
4138
4138
2701
4982
4142
4142
4142
4140
4140
3472
4142
4142
4142
4142
4142
3472
4138
3472
3472
4142
4142
4142
3403
3403
3472
3403
3403
4140
4140
59
4140
4140
4140
3472
4982
4142
4142
4140
4316
1703
517
3951
3080
2487
2330
2883
1400
2478
2806
3145
4129
2808
1701
2516
2530
535
229
2592
3951
2824
2824
321
2584
535
534
451
517
517
525
2472
2588
4943
3412
2822
2478
4949
3406
3145
3144
3949
4972
4853
3419
4961
4966
3023
4907
4907
4848
3949
3949
4981
3948
4961
3947
3949
4942
530
2478
2478
3397
3364
2302
3090
3090
4145
2320
3377
3085
3083
678
542
308
835
2319
679
854
1850
2432
855
542
2319
526
324
499
729
2493
3093
3353
731
308
731
681
292
304
1754
1819
2362
2362
1850
2322
2318
1549
2530
1549
594
1745
1731
1731
2321
233
2279
2515
680
2306
1759
701
1739
2407
286
338
2281
672
334
416
306
1732
340
330
1734
325
326
1749
560
2293
2315
2293
432
527
527
353
368
628
1734
418
703
434
434
432
359
625
2291
558
353
349
375
2286
366
351
439
440
2413
2287
2287
2313
439
438
1790
377
438
2400
2413
563
379
1766
1794
1802
1779
446
2399
709
1773
399
1803
396
1814
405
2416
427
394
644
408
398
409
408
406
314
319
716
1756
357
357
669
346
2412
705
1784
1775
1800
404
2052
2384
499
528
2311
625
437
365
2379
350
350
371
562
442
706
1793
2443
1790
2277
1787
2277
3932
530
2592
3045
4146
4975
4975
4975
1549
1549
1547
1547
2431
2338
1843
683
729
1843
545
3077
3085
303
500
659
677
2830
3081
2825
4293
2832
2543
3426
2295
2366
2474
2478
530
4909
2826
2826
3145
3144
4961
2822
302
282
470
470
559
308
307
545
545
547
4961
3949
4961
3441
3946
3948
3948
3947
3951
3951
594
4144
1703
1703
1703
3080
3077
4143
4316
525
1700
3090
3090
4016
525
2317
2494
667
1855
1547
1545
1545
225
274
1850
3458
618
4912
1549
1549
1549
1472
2530
2530
547
320
319
1738
303
1761
308
307
307
307
2393
2439
2397
343
435
627
363
627
633
368
2413
635
1776
1810
2377
3929
4978
3227
4033
4031
3922
3457
2824
3230
4907
4945
4979
4973
3949
4981
4129
4990
2585
2585
2487
2574
1703
1700
2472
4938
4938
4899
3071
3947
4968
3413
2284
2304
1712
1833
1761
2372
1843
729
4944
1731
320
2436
697
2494
1746
327
2298
2323
556
356
347
561
2324
339
2291
557
626
561
2276
2329
640
2441
565
637
636
390
648
2445
1807
1797
1774
396
650
2451
643
425
547
547
2392
2392
2335
1704
2345
1705
628
359
2310
703
364
1748
2297
2596
2596
2596
3935
547
287
477
468
680
608
3949
3949
4961
3949
3412
3949
4976
4980
3404
3920
274
274
279
713
470
2370
470
418
436
558
353
421
422
423
1783
1805
394
307
2394
314
716
2393
4145
4144
4907
4907
4907
4980
3071
542
731
287
3226
4975
2812
4907
3969
3323
3332
3970
3282
3481
3971
3331
3984
3359
3281
3480
3973
3349
3316
3316
3352
4110
3301
4097
3315
3289
3304
3334
3913
3906
3907
3466
2843
3906
3920
3910
3272
3331
3308
3316
4111
3084
3130
3906
3317
3924
3912
3973
3291
3323
3483
3478
3333
3296
3909
3915
3276
3973
3980
3132
3967
3907
3339
3082
3340
3229
3287
3995
3139
4103
3338
3914
4108
3329
2823
2487
534
2487
4127
4981
4959
4959
4128
4907
4981
3296
3955
3040
2823
3472
4140
3090
2702
4140
4145
4145
4139
4141
2659
274
1847
4140
2607
4140
4140
865
865
4145
4145
3081
3090
3085
3064
2387
4140
3472
3472
4142
3472
67
3472
2859
2859
311
233
2326
1860
275
1706
2339
525
525
4311
134
860
126
1875
3258
3042
4896
3377
3051
4055
4965
3146
4014
4896
3412
4955
4961
4981
3441
4981
3419
2822
2822
3419
4907
4935
3948
3948
4961
3948
3441
3948
3948
3948
3419
2822
4935
4901
4935
4901
4901
4015
3457
4980
2812
4935
2824
4975
3441
4953
4979
3412
3412
3412
4904
4954
3412
3412
4965
4147
3951
3951
4147
4906
3951
2822
3948
2822
3948
3948
3947
3947
3905
3133
3467
3464
3134
50
60
126
3475
3314
4104
3958
3953
3960
3337
3284
3963
3348
3293
4001
4001
4001
3609
3996
4005
3491
3990
3488
3500
3991
3493
3986
3501
3500
3993
3330
3504
3986
4005
3491
3535
3531
3535
3882
3555
3535
3628
3533
3576
3507
3882
3549
4004
3533
3487
3535
3582
3582
4004
3541
3505
4011
4008
3608
3592
3507
3863
3525
3555
3555
3606
3527
3860
3571
3880
3860
3860
3549
3887
3526
3860
3577
3554
3554
3577
4007
4007
3577
3577
3870
3890
3882
3577
3599
4000
3577
3499
3608
3527
4011
4008
3505
3495
3499
3497
3526
3523
3527
3507
3880
3549
3535
3883
3507
3865
4004
3512
3554
3862
3571
3526
3554
3512
3524
3549
3528
3524
3856
4000
3532
3531
3505
3532
3608
3507
3860
3558
3558
3873
3592
3611
3891
3524
3540
3503
4004
3819
3554
3875
3524
3603
3853
3524
3827
3848
3623
3833
3833
3872
3512
3524
3542
3524
3603
3603
3603
3603
3558
3880
3507
3876
3880
3876
3549
3880
3725
3546
3549
3558
3549
3526
3549
3725
3556
3624
3583
3725
3820
3526
3511
3725
3624
3556
3583
3624
3546
3511
3868
3526
3583
3556
3595
3629
3583
3583
3624
3537
3866
3682
3630
3867
3629
3583
3780
3595
3583
3595
3666
3538
3723
3549
3526
3868
3546
3549
3862
3868
3862
3862
3868
3558
3889
3890
3555
3819
3539
3526
3860
3819
3798
3526
3785
3785
3520
3526
3820
3539
3820
3786
3820
3819
3820
3820
3539
3821
3785
3798
3785
3859
3818
3780
3798
3785
3818
3818
3820
3730
3822
3787
3785
3818
3798
3780
3787
3787
3798
3820
3820
3862
3526
3526
3862
3819
3862
3819
3554
3540
3819
3819
3821
3819
3819
3819
3540
3819
3819
3819
3860
3860
3860
3540
3862
3860
3798
3819
3819
3821
3821
3798
3798
3821
3794
3798
3819
3798
3821
3821
3798
3798
3798
3860
3819
3862
3554
3554
3860
3621
3621
3621
3621
3535
3608
3523
3621
3522
3621
3885
3884
3522
3522
3513
3513
3514
3514
3514
3513
3514
3871
3884
3621
3522
3513
3522
3521
3514
3577
3883
3860
3862
3582
3554
3582
3582
3582
3555
3554
3860
3582
3582
3541
3883
3882
3535
3892
3891
3608
3533
3535
3535
3541
3527
3487
3487
3527
3532
3612
4004
3612
3608
3608
71
49
516
4141
4142
3472
3472
3069
3141
4945
3149
3231
3926
3926
2842
3422
3928
3136
3907
3923
3470
3949
4972
3949
3947
4082
2812
4981
4961
3948
3069
3949
3949
3949
3944
3416
4907
4981
4981
4950
618
2811
3089
3932
2322
2330
1464
1854
4997
4915
3232
1463
4937
4772
592
2331
1463
2318
4021
4909
4997
4899
1400
2588
2588
3943
4973
4912
3045
4990
2542
2490
1682
517
235
3961
3479
3284
3957
4104
3958
3295
3479
3960
3960
4100
3328
3290
3348
3966
3323
3968
3969
3974
3971
3477
3955
3277
3983
3290
3285
3977
3984
3275
3980
3986
3982
3983
3272
3985
3502
3987
3988
3503
3502
3998
3998
3985
3990
3996
3503
3493
3609
4001
4001
3497
3489
3490
3498
3505
3489
3497
3994
3490
3490
3080
4316
525
1700
1542
3081
3077
4997
4942
4937
2890
3095
2318
2318
4899
4899
2487
3095
2530
2585
592
4910
2833
4012
3447
4088
3151
4030
3419
2822
3421
2822
3419
2822
3412
2835
4966
4966
4059
3023
3361
4023
4023
2811
4771
4915
530
4719
532
233
1709
288
1858
2478
4898
3427
3463
4846
4965
3412
3043
4958
4127
4127
4972
4961
4961
4961
4961
4053
4970
4815
2850
3045
3950
4895
2808
4938
2826
3144
3023
3023
3023
4966
2832
4967
3051
4908
3077
2850
4029
3443
4954
4114
4114
4848
4856
4969
4114
4114
3043
4815
4049
4114
4848
3146
3073
2828
2810
3075
3073
3042
3377
3258
2849
2849
4100
3915
3130
3300
3467
3340
3329
3339
3471
3084
3084
3468
3304
3314
4964
4846
4742
4742
3940
3148
4969
4990
2542
2574
4907
4907
4907
4907
3949
4981
4981
4981
4972
860
126
860
1700
593
529
2578
1682
451
826
322
322
322
1825
605
2334
1831
856
2296
700
4045
489
2381
2481
857
1862
677
490
2476
4282
858
3093
3232
4742
1758
1742
701
2434
1739
2307
1732
1760
417
1747
293
325
329
331
1763
1740
2373
2397
1757
1746
1739
2396
554
1748
555
2282
326
306
1745
1748
1747
707
1772
1782
641
1778
389
388
638
647
565
636
1787
1768
1780
1771
386
1796
1794
379
380
448
1792
2380
1791
445
2276
384
1794
1796
1812
397
395
567
1803
1801
1814
1809
2446
646
2445
1773
566
399
1814
1769
426
1705
717
547
289
729
729
729
2325
1824
1704
2369
547
2370
2370
717
2294
606
4281
3056
470
470
1722
308
333
1721
4984
455
532
1709
288
1709
2474
2882
3932
2494
2322
1853
2596
225
530
229
1854
3215
3932
4915
1848
2303
2327
2304
1849
603
1707
1720
3396
1862
47
2656
153
2614
2664
2663
20
136
16
861
717
238
238
2045
2051
2041
651
1887
2050
405
407
1893
2051
1879
2259
2040
2040
2058
2042
2069
1902
2261
1896
1888
2454
2016
2016
2038
2016
2016
2016
2016
2016
2016
2016
2016
2016
2016
2016
2016
2016
2016
2016
2016
1908
1908
2016
2016
2011
1930
1930
1998
2011
2038
2038
1930
1972
1930
2016
2239
2239
2016
1964
2016
2016
2016
2016
2016
2016
2016
2016
2016
1964
2239
2016
2016
2016
2239
2016
2016
1964
2016
2038
2016
2016
2239
2016
2016
2016
2016
2016
2016
1930
2030
2038
1932
1930
4998
4998
1908
4998
2016
2011
2011
1935
2038
2038
2031
1940
2013
2030
2016
1930
1930
2016
2016
2016
2016
2016
2016
2016
2016
2016
1964
2016
2016
1930
1964
2013
2011
1930
2016
2016
2016
2016
2016
2016
2016
2016
2239
2016
2016
2016
2016
2016
1930
2016
2031
1930
4998
1930
2038
4998
2038
2011
1890
2455
1899
2053
1879
651
2070
400
2049
407
1883
568
2455
2047
407
2048
2123
2061
2453
2272
2057
2057
2181
2118
2111
2109
2270
1884
1901
2192
2239
2237
2239
1940
4998
2038
1991
1991
2192
2192
2225
2225
1991
1983
2225
2229
2229
1973
1939
2037
2192
2154
2155
2086
2080
2080
2250
2250
2155
2155
2101
2079
2103
2096
2138
2137
2136
2105
2268
2136
2171
2172
2174
2174
2147
2065
2067
2066
2066
2150
2066
2150
2147
2192
2192
2192
2156
2194
2196
2110
2158
2190
2196
2203
2212
2191
2192
2203
2221
2460
2218
2164
2465
2159
2247
1983
2247
2097
2096
2138
2138
2140
2151
2147
2147
2220
2209
2205
2159
2109
2459
2462
2119
2127
2173
2265
2173
2065
2068
2068
2225
2191
2228
2228
2231
2232
2187
1996
1996
2078
2076
2074
2187
2088
2197
2203
2096
2071
2185
2185
2199
2205
2206
2145
2071
2131
2094
2140
2143
2146
2209
2143
2147
2168
2151
2239
2225
1949
2225
2016
2016
1964
2016
1914
1964
1964
1964
1975
1922
1928
1974
2011
1988
1983
1991
2038
1940
2038
2239
2239
2239
2237
2239
2239
2239
2239
2239
2239
2461
2454
1903
2126
2454
2118
2109
2106
2268
2267
2106
2271
4907
3364
374
376
2376
285
321
304
2439
604
617
1757
369
369
2374
668
342
604
2398
348
1823
2345
477
1706
603
1464
1849
1741
1742
682
854
1464
277
2279
1859
286
291
1743
1744
433
355
350
2375
362
360
341
340
1823
312
526
279
603
2304
305
330
617
1818
2494
1859
440
634
2475
2331
2330
2475
2330
2297
2384
2384
1824
1818
716
309
717
547
1825
499
302
2365
2369
547
547
547
2370
716
716
2491
4914
2350
2350
3412
2351
731
2830
2815
2282
1729
2292
359
366
2314
401
499
2289
2328
1843
499
678
4060
4967
501
1737
1737
4054
4054
334
620
1750
1730
2299
2289
391
382
319
547
547
499
2835
2407
670
670
560
353
443
443
1786
387
402
3406
3421
3421
2822
4089
3421
3940
2890
3091
4968
3051
2822
4849
3408
676
1827
858
3232
1746
2395
327
2283
2285
392
1765
381
372
1808
1815
499
499
3091
3935
1886
2040
2452
2041
1881
2059
2152
2068
2130
2153
2220
2461
2143
2463
2146
456
499
547
1480
2573
3080
1464
2331
2530
2530
1850
1712
225
235
235
1708
1713
3147
1834
1702
618
2331
592
1699
2850
592
592
1549
854
3042
1699
1708
470
1858
1464
1707
2597
71
108
7
865
865
4140
4140
4140
4140
4140
4140
59
4142
4140
4140
4142
4142
4142
4138
3951
1701
2487
535
535
2530
2516
2588
2588
3948
3948
4961
3419
3948
2487
534
4013
3947
3948
4961
2588
3943
4981
3949
4981
2487
2585
2585
2592
4965
534
4981
4907
4907
4965
3073
3078
3076
236
237
2588
4973
4973
4973
4958
4912
2475
2487
2487
3947
4815
3096
4128
4981
3145
4961
4961
4966
4053
4054
4970
4965
4012
1699
2574
593
2835
4968
1400
1701
4973
1480
1699
312
2585
2585
274
1579
4293
1850
1847
274
2513
1847
1579
1473
4302
853
4038
1709
1721
243
274
1722
1467
1855
1545
1547
4935
4935
4975
