15
15
4264
15
49
126
4264
119
126
1
1
1
15
49
15
23
51
24
16
1758
22
22
24
22
27
24
46
22
24
27
46
94
27
27
27
46
15
15
23
1758
1758
46
46
4264
15
15
23
51
22
1758
1758
22
22
22
126
105
1
24
58
46
46
4264
126
126
4264
15
79
79
79
15
15
4264
15
27
24
22
22
22
24
24
22
46
24
112
1762
27
24
46
46
46
27
27
46
46
24
22
15
23
164
4264
51
4264
112
112
15
4264
126
126
15
27
46
46
94
15
46
126
4264
15
126
15
46
15
126
15
23
24
1758
114
46
27
46
114
112
165
94
15
27
24
22
114
114
24
24
15
58
166
46
119
15
126
126
126
23
4264
15
15
46
22
22
24
22
24
24
24
24
24
24
24
24
24
22
24
24
24
24
24
24
22
24
24
24
24
24
24
24
24
24
24
24
24
24
24
24
24
24
24
24
24
24
24
24
24
24
24
24
24
24
142
53
2388
2468
215
525
1510
1510
453
2464
1357
524
1505
1515
500
230
579
1581
1581
2253
2443
2447
2194
872
1384
2436
1389
1393
1393
1581
2461
154
107
99
2468
872
2439
2462
1468
1517
843
2457
2459
120
2458
847
258
2194
881
881
857
881
499
175
1484
265
846
1488
1384
94
480
479
31
87
94
94
2378
2279
2407
1388
276
1599
651
2200
2405
814
814
596
2239
1728
458
1728
2403
474
1377
1532
815
815
1599
1715
2222
2282
2274
1753
2249
2397
2216
574
310
2389
1394
1394
1394
107
2276
1722
670
270
1388
2454
2425
584
1712
2227
2302
329
1637
2257
290
1605
2379
2266
536
659
2241
326
1634
320
477
477
1653
341
2287
1633
339
337
1651
335
325
1640
302
321
1629
323
1619
334
333
1649
2349
649
1622
2221
546
609
340
608
2211
674
355
435
2294
354
646
359
2232
607
446
2199
491
362
359
443
441
369
349
364
364
383
1688
1677
386
379
1673
1674
1675
424
680
1668
2311
385
448
1671
379
393
1722
4267
484
305
418
1638
1638
356
2321
421
551
424
554
1675
640
488
2246
1650
1632
1647
2308
544
2231
338
341
2319
420
2237
357
520
348
361
361
1639
1385
1501
1501
2448
1392
786
2449
878
878
2194
1593
1593
1593
2216
244
1738
653
285
653
486
1527
1546
113
2274
487
584
1723
910
808
1537
462
1566
502
1723
1600
1378
1488
1487
1385
2336
2303
1528
2459
2463
1710
458
458
830
830
538
538
538
2267
3079
31
1483
1506
2436
2436
2463
2463
2463
243
2445
107
184
53
795
168
87
1358
58
1347
54
1751
1467
336
1597
2478
1593
4991
4991
165
1386
309
697
2252
878
878
2446
1394
1593
2446
241
1581
1581
1581
1581
1477
1722
1711
589
488
670
670
670
670
670
430
587
1636
1639
417
417
1640
420
420
648
547
352
553
615
1351
864
476
1482
2338
1364
1374
580
872
1369
1586
903
910
706
879
1506
1506
259
259
525
525
1393
453
453
2449
53
52
2448
1515
698
2318
883
565
1495
2240
2223
1753
1753
2254
489
489
489
664
2263
2263
2275
1491
688
416
1733
470
660
1619
543
341
1625
303
2348
1652
1654
610
362
435
2207
343
342
1685
344
438
1680
1679
1687
2352
2291
449
1682
445
616
617
589
589
670
670
3190
317
2243
829
2218
2224
334
333
600
324
1731
2450
1511
482
1468
1387
2218
488
642
2215
311
1600
272
297
2430
2430
1478
568
905
1583
1583
1348
1371
2385
1494
670
586
458
644
458
1628
2308
599
2344
673
2319
675
2323
2324
2326
1722
1722
2277
670
1722
822
881
2430
881
706
877
1608
287
287
2255
1533
707
2194
566
872
2194
770
779
792
916
771
732
1548
1400
922
772
780
724
1550
1362
777
774
667
1550
561
268
752
235
235
561
1375
1356
1375
563
563
751
1482
570
1354
513
911
1363
1401
725
754
235
735
562
1360
667
564
704
1358
1360
1480
917
1363
728
1397
762
1356
1375
753
906
739
723
725
1548
476
791
513
766
560
788
563
911
563
1358
728
728
767
750
268
471
268
514
749
734
1504
789
789
259
1484
2436
662
863
864
1368
2437
2435
2318
2318
2430
750
1553
1502
786
24
24
58
24
24
24
27
24
309
522
24
24
24
22
87
59
94
24
814
24
24
24
24
24
24
22
24
2471
452
1745
253
318
2223
2244
1738
2400
105
51
51
2408
126
126
795
96
236
851
58
2462
892
236
851
2460
894
1483
1483
1483
2318
2318
1484
2436
1500
2436
881
881
1483
2436
2436
2436
2318
1483
1484
2318
893
868
867
868
2194
848
894
867
867
566
2194
878
871
2318
1483
2318
565
866
1564
875
236
1537
1543
1534
892
870
870
153
900
866
881
2318
2318
2436
2436
2436
889
1522
911
562
1499
2338
704
667
1
1
769
667
558
735
729
744
777
761
733
772
909
1550
1430
949
1067
950
763
1413
1419
776
756
1409
947
743
1412
1415
1415
1423
1420
758
950
717
1019
1017
1020
1020
1041
1020
1446
1438
1450
934
981
1002
1445
1010
1455
938
1020
932
1447
1445
1458
933
1444
1445
1446
1020
1444
1010
956
975
932
950
1041
1053
1020
1337
1445
932
1337
1018
960
1337
934
1018
934
1452
995
1445
1337
1046
1457
1002
938
943
1456
995
1019
1444
949
1446
1442
950
1441
995
1447
1458
1020
1337
1010
1337
1447
1002
1008
1337
995
995
1336
1000
934
1336
1439
995
995
1000
1457
995
932
1444
950
1445
1445
930
1041
934
1336
1337
1337
1010
1446
1458
1041
1053
960
1429
1445
956
1336
995
995
981
981
981
981
981
981
995
1164
995
981
995
995
981
981
981
981
1010
1029
1029
1337
1337
1337
1337
1010
1010
999
1008
1001
1000
1337
999
1336
1003
990
999
995
995
1337
999
999
954
992
954
954
954
955
954
1337
954
1008
999
1165
954
1166
1033
1164
1164
995
981
1004
1218
1164
1164
1164
1004
1164
1165
1165
1004
1004
1033
1164
1162
1004
1033
1162
1337
1000
999
1008
1337
1337
1337
999
1000
1000
999
1337
1337
1019
934
1000
1336
1336
1001
1001
989
1001
999
989
1001
956
1001
955
989
989
1001
989
989
955
1001
989
989
983
963
1265
1263
1304
1314
990
1314
1265
1314
1314
989
989
1314
963
1304
1265
1314
1314
960
956
1336
1001
956
1336
960
1001
1334
960
1335
960
960
960
960
1334
960
960
960
1334
960
1334
960
960
960
1332
1334
983
1334
1024
1334
1334
983
1334
1334
1334
1333
1334
1306
1334
1334
960
960
1018
1053
960
975
1447
1020
1447
1447
1447
1447
1447
1015
1015
1015
1447
1015
958
958
958
951
1015
1015
1010
1015
951
958
951
966
1447
1447
966
1015
1015
1015
951
951
1445
1336
1001
975
1053
932
932
960
932
1336
1053
960
932
1458
1002
1020
1020
1337
1041
1456
1454
1020
1454
932
932
1458
1458
1456
1444
1444
1445
944
1020
1020
4264
15
107
24
24
27
24
787
1372
1348
1349
1370
906
1482
1524
1523
662
1582
1374
1351
1360
906
1481
2338
498
905
1483
665
1582
1585
262
1483
1373
590
2430
665
1582
1371
901
2193
861
881
903
2469
1487
2285
1578
1487
482
1472
785
784
269
1486
462
2477
1514
2299
1387
1473
2381
239
2381
1513
526
1531
1486
2299
1486
241
501
243
242
454
871
695
860
2430
2437
696
2449
2449
454
242
2425
502
2473
2461
2446
2446
732
1353
767
912
748
781
735
749
780
766
777
767
908
912
1563
771
1558
1548
782
1562
759
748
783
744
741
745
1406
1413
760
726
921
714
1400
727
922
723
758
728
1427
757
1423
776
1404
1413
755
1418
1420
709
1429
710
716
949
763
950
947
1441
949
942
764
808
98
99
2414
820
260
2299
1498
256
526
319
319
1516
1514
789
1503
2381
2381
2381
2381
139
1537
1537
883
885
885
1496
2331
1526
1499
1500
2458
1517
846
846
475
475
2285
2285
2334
2333
1489
1576
1488
240
2201
2384
1381
244
1378
1746
1478
884
1519
2432
2330
2430
857
259
259
2457
2458
1507
2452
1474
200
572
786
1504
2456
1485
1528
1528
847
1518
255
843
98
120
2332
882
1477
2460
1529
2330
2337
845
2451
2432
2399
2460
2331
1534
848
852
883
1543
852
852
236
175
94
94
98
1375
907
562
514
235
235
1356
751
562
769
1353
1375
667
1355
235
1362
561
471
769
558
845
1509
4990
1568
261
4269
2480
2481
1520
2467
2434
2425
2434
234
881
881
707
707
878
881
881
1483
1483
881
857
499
164
165
82
12
1590
99
13
2473
2473
13
2478
2478
106
2478
1593
2478
1603
1737
1604
1615
2358
1610
824
2279
2407
4783
1616
1490
1609
1724
281
2486
1741
1748
1383
1573
2317
2317
658
2203
532
466
484
518
2226
692
689
492
2264
477
517
303
2266
533
655
1721
587
592
416
2314
288
494
279
328
2268
1731
538
492
442
2324
346
439
2233
370
549
551
2208
2197
612
367
375
347
348
2324
2234
422
677
646
436
604
437
2236
519
2289
346
2289
605
606
363
444
371
614
1676
377
1683
1678
552
1680
1679
365
613
1685
1684
1682
369
2325
585
585
4267
282
1740
489
643
487
826
1494
2243
2212
2267
644
586
644
1722
1606
1611
2486
830
830
2218
2394
670
814
831
1377
452
240
2384
1618
652
2201
1746
1747
2285
1577
1512
1472
233
1468
2469
1385
2450
1470
1387
2477
1385
2335
1745
253
1744
1746
240
244
2201
457
805
2359
1617
1758
4264
46
114
1758
4264
4264
4264
1341
4267
70
70
1697
680
1704
618
2354
1694
629
1670
426
681
387
402
1692
2355
626
625
1705
628
398
428
624
403
1942
2178
2106
2107
1979
2043
2055
2055
2055
1979
2043
1979
2100
2153
2003
2043
1997
2143
2004
1996
1996
1996
2004
2006
2006
2000
2112
2107
2011
2045
2106
1925
2049
2041
2049
2055
2049
2052
2055
1979
2055
2057
1996
2100
1983
2048
2048
1983
2143
2043
1997
1997
1997
2057
2046
2046
2004
1996
1996
1996
2116
2100
2100
1984
2112
2103
2104
2014
2006
2045
2006
2006
2006
2104
2014
2014
2067
2104
2014
2108
2153
2178
2011
2055
1990
1991
1979
1996
2153
2041
2143
2003
1996
1996
2004
2107
2006
2108
2009
1979
2055
2177
2041
1997
2100
1997
2048
2046
1983
2043
2057
2153
2100
1996
2006
2107
2014
2011
2107
2112
2068
2011
556
1664
1661
1662
1708
1666
620
389
2350
1670
556
1666
1656
1663
623
1660
630
1701
401
630
408
406
405
1947
1958
401
1963
412
1689
1696
1659
2047
2084
2084
2083
2013
2187
2022
2024
2012
2064
2085
2058
2054
2109
2082
2063
2122
2120
2120
2119
1966
1975
2192
2191
2187
2186
2186
2025
2022
2188
2189
2020
2026
2368
2368
2366
2096
2362
1968
2098
1969
1793
2362
1790
1775
2181
1790
2364
1774
1787
2360
1800
1800
1973
1974
1973
2188
1796
2191
1946
1964
1967
1965
2062
1798
2183
2087
2088
2089
2377
1789
1950
2363
1801
1786
2024
2119
2072
2130
2073
2367
2033
2096
2096
2366
2181
2181
2182
2180
2373
1977
1961
1962
1797
1786
1782
1773
1960
404
1952
1959
1952
1955
2081
2081
2133
2126
2119
2119
2126
2129
2119
2131
2131
2138
2138
2132
2376
2137
2369
2371
2135
2135
2079
2080
2061
2037
2039
2035
2077
2029
2028
2036
2030
2035
1970
2181
2092
2034
2092
2050
2050
2057
2082
2065
2115
2056
2116
2116
2116
2116
2116
2121
2121
2121
2121
2106
2111
2108
2111
2118
2108
2013
2013
2083
2013
2083
2083
2046
2047
2064
2047
2050
2049
2328
2328
1949
1957
1794
1779
1976
1954
409
410
412
707
707
2194
150
2213
2238
604
233
651
651
2281
2217
2248
2244
702
1641
545
2206
2220
2244
2225
2219
1621
1753
2249
233
2247
284
2223
785
1380
291
2204
2227
286
1380
2427
250
1469
1467
1716
2242
2256
290
326
2229
1627
2211
545
1626
1381
2245
1752
238
311
317
2225
578
1746
639
326
289
1739
652
481
2225
607
789
237
573
1510
794
794
1510
237
256
585
586
585
827
827
1606
1616
2267
1602
487
487
487
1602
2205
2267
4267
643
1710
1722
825
474
828
2248
828
2439
1609
297
1532
1613
2340
340
1649
340
2310
619
487
2309
647
2403
2403
2378
1542
2357
2260
2357
2379
2260
1719
528
328
301
344
2295
2357
2267
4267
1578
2462
591
599
2307
1642
2343
2320
2321
2322
350
423
138
2463
1530
1537
462
1473
1527
298
1565
884
2331
1477
1724
2342
1736
2334
2306
2263
2275
2283
2284
2290
443
2288
675
2352
383
487
2403
1618
2334
1669
1691
427
627
2351
1790
2364
1789
1788
2033
2092
2364
2181
2093
1960
488
488
488
230
1389
1389
2252
2397
574
2428
1581
2381
2216
2216
2224
2385
1394
1394
1389
2218
2218
222
2400
153
2469
1394
319
319
239
200
1394
1394
319
1394
250
240
200
234
2406
2394
240
244
233
2386
1614
824
15
22
22
22
22
22
24
24
24
24
24
24
24
24
24
24
154
870
500
1393
1393
1393
1581
1393
1581
2388
2468
243
1543
1506
1506
246
1393
215
2458
168
695
871
871
1506
1506
2447
453
453
1391
1501
1503
2453
2430
1484
1543
214
2423
2423
246
241
501
2426
454
456
456
695
2437
857
881
2430
789
1510
1537
842
483
483
259
2457
2459
1507
1565
2329
2432
1536
2467
2447
108
246
2452
2464
892
231
2426
2465
2445
2445
501
238
573
453
2381
2428
1743
4063
2474
668
1376
1386
1590
1743
1580
247
824
522
2398
308
285
2487
2487
2482
4089
4089
4991
4089
4264
4264
137
4264
4264
4264
4264
4264
4264
2534
128
2534
2594
2608
4264
4264
2608
3831
2508
2508
137
137
137
2541
2541
2597
4260
2531
2608
137
2542
2531
2532
114
2531
2531
2531
114
4264
2534
2608
137
1762
114
4264
4264
2608
2608
2508
137
137
137
1758
4260
2597
112
4264
2599
4264
2541
114
114
3831
4264
4264
4264
4264
4264
2608
2608
4264
4264
4264
2608
4260
2532
2597
2597
2508
137
2542
2542
4260
4260
2597
1762
4260
2531
4260
114
137
2531
2531
114
114
114
2508
2508
2608
2508
3831
4264
2508
4264
1758
112
4264
128
4264
4264
4264
4264
114
114
114
4264
114
4264
4264
4264
4264
4264
4264
4264
4264
2508
2541
2508
114
114
2531
2531
114
114
112
2532
137
2608
2531
4260
4264
114
114
2528
4264
2532
114
8
4264
4264
4264
4264
2608
2508
4264
4264
4264
114
2508
2508
2508
2597
2508
2597
2542
2542
2542
2542
2542
2508
2508
2508
2508
2508
2542
2508
2508
2542
2542
137
2542
2542
2542
2542
2542
2542
2542
2542
2542
2542
2542
2542
2542
2542
2542
2542
2508
2542
2542
2542
2542
2508
2542
2542
2542
2542
2508
2508
2508
2508
2542
2542
2542
2542
2508
2509
2538
3324
2733
2545
2723
3062
3063
2741
2592
3052
3284
4968
4005
2618
3882
3882
4076
4979
4756
4975
4976
2988
3382
2989
2719
3379
4972
4979
4076
4958
3325
2549
2599
4979
4937
3330
4030
3982
3070
2759
3998
4058
3272
4971
4969
4693
4693
3365
3355
3352
2515
2721
3860
4842
2967
2625
4249
4239
2579
2513
4236
114
2740
2780
4240
2967
4761
4718
4997
4896
4747
2772
4214
4717
4894
3134
4226
2961
3335
4231
3127
3007
3150
4784
4212
4726
4251
4251
3869
2793
4889
4893
4910
3887
4958
4236
3161
1722
3161
2764
3142
2969
4772
4772
3148
3075
2953
2813
4762
4744
4092
4221
3177
3177
2965
2802
4730
2785
2803
2803
2783
4140
4825
2823
2822
4145
4145
2819
4130
2902
4114
4128
3092
3088
4131
4120
4145
4146
4146
4855
4136
2807
2818
4121
4733
2919
4816
2821
2820
3035
4827
3100
3100
3137
2835
3099
4735
2820
4699
3035
4827
2840
2841
3039
3103
4794
2830
4736
4737
4173
2854
2867
4172
2860
2873
4156
2908
3173
4161
4162
4817
4164
4166
4166
3111
4175
1722
4267
3075
3030
3032
4133
4135
2903
4714
3095
3040
2865
4181
3074
3133
2975
4749
2817
4855
3091
4133
4113
2820
2821
4826
2808
3033
4740
4734
3008
3009
2918
2826
2809
4865
4959
3886
3884
4959
4944
4694
4693
3361
3887
3887
4086
4086
4914
4726
4726
2485
4911
4998
2778
3990
95
3079
3164
4209
4103
4843
2546
4253
4786
4972
3857
4769
3983
3982
3980
4804
3070
4969
4058
2975
3135
2942
4894
4850
3127
3182
3079
3079
3079
4024
3977
4021
4021
4971
2639
2639
3325
2489
2562
2599
2579
2537
2513
2650
2721
2598
3305
3072
2762
4130
4130
3010
2478
4086
4991
2599
3963
3963
3861
2792
4939
2938
4958
4958
4958
4958
3832
4910
4910
4910
3078
1711
2777
2952
3164
3161
3161
2258
3161
3161
2913
3145
3031
4134
4707
4114
4115
3033
4714
4710
4716
4708
4754
3106
3047
3860
3847
3397
3848
3048
3864
3382
3838
3856
3975
3388
2725
3152
2970
3883
2723
4076
4946
4076
4977
2561
4979
4005
4006
4006
3859
4009
3972
3057
4249
3871
4725
4725
4721
3163
2977
3057
4766
4267
2952
4249
2967
3178
3192
4803
2802
3140
4748
4723
3093
4119
4128
4815
3090
2823
4825
2919
4797
4739
2849
3097
2850
2827
2923
2859
2874
4170
3108
2934
4798
2931
2932
2874
3107
3079
3078
3161
3161
2799
4720
4746
4726
2942
4129
3092
4125
3032
2979
4755
3282
3961
3981
4840
4252
3130
3159
3131
2771
4209
2746
2987
3977
3866
3861
3859
2675
3843
3842
2792
4751
1722
4894
2941
4140
4118
4118
4116
4132
2838
4826
2845
2832
2853
4149
1722
1722
4267
1722
3161
4267
2669
4693
3371
3278
4077
3189
2780
4107
4758
3194
3196
4079
4077
3358
3202
4050
3404
3050
3216
4053
3414
3201
3203
4048
3279
3212
3271
3402
3221
3225
3399
3240
3050
3399
3256
3223
3248
3854
3256
3226
3226
3229
3394
3049
3250
3262
3224
3894
3895
3893
3900
3260
3241
3051
4046
3051
3848
3848
3157
3397
3249
3243
3895
3890
3235
3854
3050
3242
3841
3228
3897
3267
4050
3394
3259
3047
3261
3855
3223
3854
3266
3052
3892
3845
3050
3230
3256
3222
3157
3228
3228
2743
3062
4075
4075
4943
3347
2985
3059
3995
4837
3977
4837
3242
3854
4965
2542
2542
2532
2597
2542
2532
2532
2532
3963
3963
4997
2542
2542
2542
2597
2508
2541
2546
2625
2625
3190
2542
2542
2542
2542
4260
2542
2508
2542
2542
4983
2757
4243
2767
2800
3988
4237
4984
4264
3831
3831
3831
2604
75
4264
4918
2587
2623
3283
2625
4009
3968
2675
2515
3970
3154
3283
3977
3977
3977
3379
4837
4021
4971
3353
3371
3391
4021
4021
3379
3977
4021
3382
4957
4957
3358
3356
4957
3382
4925
2675
3056
3366
3056
3382
3365
4693
3347
3347
3158
3341
3388
4949
3284
3341
3377
4836
4925
2512
4957
4957
2550
4957
4957
4957
3391
3340
4021
3378
4030
4013
3857
3855
3855
4844
3848
3848
2608
2528
3398
3241
3239
3213
4045
3225
3260
3268
3261
4057
3399
3909
3254
3906
3911
3209
3252
3905
3901
3914
3907
3246
3921
3203
3923
3253
3409
3891
3211
3247
3231
3905
3406
3935
3935
3435
3435
3935
3205
3935
3935
3232
3206
3939
3935
3936
3935
3927
3917
3926
3934
3435
3928
3935
3245
3906
3427
3917
3938
3938
3416
3947
3935
3936
3920
3435
3938
3416
3416
3937
3935
3936
3422
3915
3947
3431
3936
3943
3935
3431
3916
3427
3233
3935
3453
3937
3938
3233
3233
3233
3233
3917
3935
3915
3254
3906
3918
3920
3921
3937
3938
3422
3939
3416
3416
3426
3233
3938
3935
3935
3917
3453
3423
3428
3943
3428
3936
3508
3416
3508
3938
3233
3926
3936
3508
3914
3233
3264
3920
3938
3939
3431
3938
3938
3452
3938
3928
3938
3435
3508
3423
3413
3508
3947
3423
3453
3453
3453
3765
3452
3765
3453
3515
3452
3453
3453
3765
3452
3453
3452
3452
3813
3813
3813
3765
3453
3765
3416
3938
3416
3938
3938
3416
3938
3938
3417
3938
3540
3423
3428
3511
3421
3511
3511
3827
3827
3938
3511
3511
3417
3540
3541
3511
3540
3827
3430
3416
3946
3827
3508
3511
3490
3490
3490
3822
3822
3490
3824
3446
3824
3490
3791
3541
3511
3541
3446
3824
3490
3798
3791
3938
3428
3428
3511
3428
3949
3938
3420
3428
3939
3939
3431
3435
3544
3511
3423
3420
3511
3420
3511
3420
3511
3420
3420
3511
3544
3541
3541
3420
3541
3947
3544
3420
3420
3541
3544
3446
3541
3541
3541
3544
3541
3541
3544
3824
3544
3447
3544
3544
3541
3541
3516
3447
3824
3420
3423
3423
3420
3423
3423
3947
3420
3511
3419
3420
3419
3419
3947
3420
3941
3420
3947
3947
3419
3420
3419
3420
3420
3420
3420
3943
3420
3947
3420
3420
3420
3948
3420
3420
3420
3544
3420
3420
3420
3420
3420
3420
3420
3420
3420
3420
3420
3420
3420
3420
3420
3544
3947
3948
3947
3943
3947
3943
3947
3938
3938
3935
3938
3938
3938
3938
3938
3938
3938
3938
3938
3938
3938
3938
3938
3938
3938
3938
3938
3938
3938
3938
3938
3938
3938
3938
3938
3938
3938
3938
3423
3430
3431
3947
3936
3432
3936
3425
3947
3936
3431
3943
3943
3542
3422
3935
3935
3926
3435
3233
3233
3435
3935
3935
3935
3205
3927
3927
3917
3936
3936
3936
3206
3233
3935
3935
4264
2591
2532
2532
4260
2542
4260
3849
3850
3839
3839
3047
3860
3860
2963
3856
3856
3001
3047
3846
3974
3860
2971
3838
2751
4078
2751
3058
3842
3977
3856
3839
3840
3344
2985
3857
2793
3962
3981
2968
4090
4941
2801
3880
2756
3143
2741
3962
4840
4076
4889
4889
2968
4893
4074
2782
3979
2548
2714
4937
4939
4939
4940
4940
3274
4944
3883
2723
4972
4972
2473
2478
4958
4958
3248
3221
3221
3213
3270
4045
3228
3260
3268
3281
3395
3396
3404
3218
4047
4043
3259
3251
3894
3218
4048
3235
3271
3258
3403
4057
3409
4050
4054
4043
3890
3406
3405
3267
3243
3406
3202
3214
4056
4055
3905
3246
3280
3912
3912
3208
3410
3209
3910
3908
3211
3921
3913
3207
3264
3919
3253
3252
3911
3909
3923
3264
2513
2530
2599
2650
2509
2583
2741
4804
2958
4003
2732
4889
2732
3979
2756
4003
2937
4076
3887
4910
1580
2587
2585
2623
3375
3158
3851
3851
3973
4016
4971
4949
4059
4023
4019
2962
4789
4789
4840
4839
3874
3870
3874
4718
2791
4849
4896
3983
4743
3862
4010
3960
4963
4029
464
4940
4943
4947
4947
4970
3993
2738
3331
4905
2622
2634
3994
4966
4967
4808
4808
3336
3991
3991
4008
4008
2742
3960
2622
2634
4259
4013
3989
3970
4015
4014
4015
2995
3969
4029
4035
4035
2401
4908
4017
2589
2658
3283
3339
4934
3284
2624
2515
2579
4259
98
3262
3051
3157
3269
3223
3236
3855
3157
3269
3051
3256
3269
3239
3236
3239
3855
4950
2951
4994
2749
4073
4060
2398
3064
4895
2720
2716
4693
3343
3348
3390
3347
3347
4693
3347
3355
3351
3355
2613
128
2599
2604
77
1595
2599
4255
4972
2473
4255
2478
2478
2549
4086
2478
4769
4096
4096
4225
2966
4238
4864
4788
4782
1608
4848
4254
4095
4225
2766
4110
3984
2748
2950
4785
2775
2788
2788
4771
2955
3148
4744
2258
3181
4123
3149
2964
2955
2768
4778
3076
3147
4703
4809
4771
4886
4231
4790
2956
4126
2802
3027
4233
2978
2834
3170
2829
2863
2862
4737
4708
2848
4738
4753
2925
4791
4794
2923
2829
2926
4736
3139
2825
2917
3036
2839
2916
2917
3136
2828
2843
4710
3102
3167
2872
2930
2907
2870
2857
4699
4178
2907
2929
3042
4700
3105
4180
3104
4172
2858
4177
4830
2941
3078
3315
2760
2977
3134
2760
4747
4713
3317
3079
2974
3133
4094
4105
4109
4916
4901
2770
3318
4901
2772
3161
3319
2961
3983
4701
4988
2781
3014
2740
4064
3877
3964
2940
4941
3961
4904
3876
3881
3879
3143
2781
2966
2764
4243
3873
3073
4907
2791
4240
4841
82
114
4264
114
114
1758
8
8
82
70
4267
1722
4989
3044
4167
2878
4198
4818
4191
4153
4190
3045
4197
4186
2910
4203
4187
4861
4861
2879
4202
2910
4194
4187
2876
4425
4663
4661
4480
4491
4546
4558
4559
4494
4494
4673
4429
4647
4483
4499
4499
4499
4499
4653
4657
4605
4499
4500
4656
4486
4485
4500
4606
4610
4610
4615
4608
4491
4554
4554
4546
4554
4492
4559
4559
4422
4559
4351
4617
4499
4499
4558
4481
4351
4558
4494
4482
4432
4499
4602
4603
4507
4507
4650
4499
4485
4603
4606
4604
4499
4499
4608
4615
4500
4485
4508
4508
4658
4508
4606
4614
4616
4612
4610
4508
4608
4663
4608
4613
4677
4609
4480
4545
4480
4673
4494
4499
4499
4671
4646
4499
4603
4485
4603
4607
4485
4612
4606
4492
4544
4677
4558
4482
4546
4499
4499
4499
4507
4558
4499
4335
4604
4655
4603
4486
4486
4508
4657
4603
4609
4571
4610
4160
4159
4185
4190
4157
3174
4199
4200
4188
4154
3112
2909
4150
2869
4193
4195
4156
3113
3114
2894
2883
4184
4795
2887
3046
2884
4463
2895
4280
2894
3120
2882
4588
4551
4586
4525
4525
4519
4572
4573
4630
4567
4567
4685
4568
4573
4628
4561
4561
4624
4627
4620
4474
4468
4586
4687
4692
4524
4630
4631
4631
4689
4601
4530
4874
4876
4291
4289
4528
4881
4691
4291
4881
4871
4290
4290
4298
4275
4453
4459
4282
4272
4451
4460
4287
4287
4685
4473
4295
4692
4477
4475
4446
4449
4446
4462
4295
4281
4590
4685
4296
4285
4285
4285
4450
4867
4271
4281
4631
4631
4530
4875
4579
4533
4597
4597
4597
4290
4287
4287
4287
4869
4299
4464
4461
4464
3121
4458
4458
3175
4272
4459
4453
2888
4275
4455
4591
4566
4565
4584
4879
4628
4628
4628
4635
4882
4883
4563
4584
4564
4591
4530
4579
4636
4581
4563
4592
4885
4539
4542
4537
4532
4598
4537
4297
4885
4597
4298
4287
4538
4297
4557
4568
4557
4555
4618
4625
4616
4625
4604
4622
4622
4615
4616
4615
4615
4622
4612
4613
4620
4620
4612
4515
4571
4610
4514
4511
4548
4549
4548
4550
4507
4550
4553
4553
4834
4834
2912
2885
2912
4277
4294
4691
4276
4293
2891
4278
2892
2750
2626
4733
4741
3098
4892
4980
3872
3132
4774
4752
4752
3146
4121
4121
4712
2804
4731
4751
2787
4732
4732
4752
3965
3159
4721
4702
3016
3141
4724
2774
4728
4244
4938
4702
4757
3871
4215
4208
4760
4785
4731
4119
2819
2818
3098
4121
2810
4731
3316
2724
2794
3985
3073
3876
4742
3129
2773
4250
3873
4727
3098
3094
4002
3063
2936
2936
3282
4001
3067
4720
3133
3315
4250
1722
4223
4267
3078
4222
2975
2975
3087
4705
3079
3079
3079
3133
1722
4093
4108
4752
3317
4264
4781
4846
3335
4846
4790
2822
4127
2822
3137
4857
2975
2841
2842
2778
4092
4018
4008
3164
4796
4059
4835
4796
4863
2954
4809
2816
2924
4177
2933
3078
3078
3966
3333
4117
4814
2901
4136
4825
4826
2838
2920
2906
4832
2587
4949
4020
3971
2950
2958
4788
4009
3999
138
4845
3972
4034
4847
4841
4245
3023
4821
4780
4777
2769
2856
2927
4792
2920
4163
4859
4169
3079
4849
4839
3109
3115
2877
4860
4833
4289
4288
4273
4460
4290
4290
4870
4452
4472
4681
4862
3079
3079
2733
2733
2578
4914
4938
3016
4076
4076
4910
4718
4252
2792
4958
4910
4958
4726
4901
3299
3986
2669
2672
4938
3887
3887
3887
2587
4910
4910
3887
3887
3014
4701
2581
2990
3319
2770
4998
3014
4892
4907
4999
4264
137
137
137
137
2597
2542
2508
2542
2597
2508
2508
2542
2508
2508
2542
2542
2542
2542
3324
2621
4076
4075
2716
4979
4979
4979
4910
2989
4903
4021
4075
4075
2585
2689
3188
2717
4021
4021
3062
3062
4946
4977
4973
2937
3062
2746
2582
2752
2578
2514
2589
2548
2593
4978
3015
2737
4948
2987
3278
3278
3063
2937
2623
3333
3061
4943
3997
4947
3998
4970
4970
4964
4964
2738
3967
2745
4906
4895
2720
2548
2548
4973
4973
3000
3385
2715
2727
2550
3066
4895
4001
4946
4946
4076
2484
4062
2484
4997
1379
1379
4992
2484
247
1595
2297
2476
4982
4998
3010
5000
2482
2479
2732
4991
2732
4086
2104
2014
2113
2009
4657
