2712
4897
2752
2706
2717
4904
2706
2720
2685
2719
2592
2561
2583
2755
4896
2562
2591
3464
2555
2698
2589
2581
2670
3382
3382
71
114
2583
2653
95
56
148
138
877
116
4
103
866
3349
2712
2714
2698
2594
100
16
2571
2559
2613
2680
2679
3858
4301
2588
4300
37
2646
14
2567
2740
2555
1648
12
148
23
2560
2716
2735
2623
3360
2680
2696
2719
4897
3365
4904
2641
878
118
102
2652
2642
2693
2601
2663
2663
70
1824
1
45
38
7
149
2617
116
8
67
2664
2663
2617
2696
2561
2561
2737
2664
3360
50
2716
2720
3344
2716
3349
2755
134
77
876
2564
23
2716
2712
2755
2735
2752
138
4910
4910
2645
2650
966
2568
38
140
13
45
2668
122
2546
2681
2546
8
4904
2
2601
2719
3463
2717
12
58
2561
96
2717
2716
2583
2665
2755
2641
2714
2714
2643
2643
2642
2642
2642
2548
1821
2651
2608
2608
2609
2609
2652
2615
2548
2667
2667
2548
2643
2601
2664
1650
2608
2664
1821
2609
119
5
2608
2608
2608
111
2608
2608
119
147
147
2608
119
119
2608
2667
2601
2649
2608
2608
2608
2608
2660
1821
1821
2660
1821
1821
1821
2608
2615
2651
2651
2548
1829
4130
2860
2480
513
2414
804
4991
510
228
473
3191
2775
1638
1638
4717
1431
3068
3070
4945
3047
2418
527
1644
1401
2538
2487
1551
2468
446
1574
596
874
2494
2494
214
214
320
216
216
1426
1434
1433
2483
1574
596
1574
1575
527
214
2494
781
1578
252
1578
2521
4993
4703
469
4028
1649
3374
274
500
3184
1788
1794
4874
2868
4676
3369
4721
2420
2831
4708
2862
4140
4140
4140
4140
2835
2404
2218
1503
4756
3134
2843
4726
4189
2838
4185
4748
4255
3370
3910
4722
3235
550
722
2857
2312
541
3138
4674
526
4693
2842
4190
2879
4192
2882
4173
2878
4727
3028
3245
4790
4182
4830
2863
4167
2892
2877
4711
3149
2984
2953
2866
3091
3151
4715
2904
2966
2889
2888
3225
2884
3153
3149
2895
2894
2899
2966
2897
4715
2972
2956
3223
4771
2908
2891
4682
2973
2887
3226
3093
2906
2906
2910
2920
2920
2917
2909
2916
4205
2927
3094
2911
2919
2926
4210
2929
2980
4218
3165
4812
3168
4837
4228
2921
2933
4795
2943
4841
4239
4842
2931
4223
4224
2946
2944
3173
2945
856
3357
856
4147
3357
4193
4192
3156
3188
2902
2883
2975
2912
4211
3169
2932
3175
4139
4780
4136
2835
2898
2897
4718
2971
3223
4776
2973
2974
4673
3092
4807
3225
4838
4777
4209
4217
4671
3095
2880
4133
1655
2509
208
4285
4143
4140
4140
4140
2835
4152
2835
1422
2392
2821
4152
4152
3199
4707
4890
1529
32
924
1412
603
587
2833
4700
1801
2255
815
814
814
2468
596
1575
214
738
2820
4765
4826
4826
4827
4139
4140
3090
3177
3178
4246
3077
4783
2821
2821
2494
596
2494
2483
830
1430
2493
2493
2520
2510
1830
4132
2780
3044
2477
1652
2690
3379
875
64
1656
3051
3181
2889
2966
3379
2823
4862
2858
2509
3120
4001
691
3357
856
2822
2822
3180
4151
2820
459
499
459
4754
3031
2320
539
539
498
4758
2870
3147
2881
2969
3157
3155
3152
2884
3158
2907
2913
2983
4235
4203
2941
772
1576
1577
1576
573
961
575
1576
1576
605
208
1350
1574
216
1574
1573
252
252
1429
447
1574
1573
2446
3997
4983
4129
1509
2444
1390
257
1647
257
1577
605
4268
4695
4244
4137
3005
3005
4140
4140
3180
3180
3081
2856
3030
550
3215
4277
3145
4791
3086
4179
4709
4161
3187
2901
3089
2892
4718
4688
3088
2952
2957
3092
4683
4838
3165
2959
4220
4214
2981
2928
3170
4840
2960
4230
3161
4201
2935
3172
4774
4225
4152
2821
4152
3031
2302
294
4720
4747
4748
4759
4759
4759
4759
4759
3058
4716
2955
3027
2865
4164
1423
2257
4152
4765
2825
4780
3012
3004
2861
4762
1791
596
596
830
1647
1576
1577
1577
1577
1430
1573
1554
783
1396
3142
1828
4758
4139
4802
4803
3189
4807
4808
2977
4222
4210
2925
4226
3084
4758
3084
3217
3179
3217
2267
3072
539
3179
4758
4125
4132
597
1433
1573
707
492
4247
2840
2870
1368
447
1573
447
1433
795
1453
1463
1440
975
746
776
795
795
1464
796
1456
1461
974
974
970
977
1626
1441
1615
968
1448
1622
769
1615
810
764
809
803
760
759
788
996
795
974
778
962
1618
965
779
1616
781
784
774
808
1470
1458
1455
786
758
769
812
750
1467
1464
1614
776
767
802
763
802
1617
1621
781
1468
806
803
755
1626
809
812
973
1444
536
2464
447
1575
1574
1574
1574
1573
602
602
1576
1433
1433
1622
1462
1625
535
2549
2651
1819
2609
2649
4127
10
2670
4283
2651
2667
4295
2697
2644
875
521
292
2299
105
5
105
111
147
2642
119
613
3347
4887
4706
2817
2813
4256
3381
3380
2687
2560
2561
2741
2735
121
1605
949
580
57
266
482
257
1644
2519
892
945
580
1643
922
205
830
2483
1429
1429
2483
2483
1647
1401
1639
1647
1433
1433
1552
1431
1552
1552
830
1431
2483
1552
1552
738
1401
1434
597
208
208
1434
208
208
208
2517
222
208
1434
597
208
597
1433
1429
530
935
604
909
1647
530
204
530
1517
1643
1643
230
2520
1637
2520
208
4130
1427
2482
208
208
1434
1429
738
1401
1382
1401
214
258
1401
1395
2504
258
2490
468
1616
763
914
964
780
2696
2685
778
758
778
1442
1455
1460
973
752
800
1451
1451
1457
1477
1492
979
989
1489
1057
1463
985
981
1489
1475
1492
1477
1492
1488
1477
992
1483
1481
982
1480
1004
1018
1018
1094
1019
1021
1055
1050
1028
1331
1094
1070
1326
1055
1021
1018
1017
1100
1004
1004
1019
1494
1484
1100
1028
1018
1018
1066
1007
1007
1018
1007
1062
1006
1080
1007
1007
1053
1051
1067
1083
1004
1007
1007
1094
1086
1028
1494
1086
1043
1080
1080
1006
1028
1004
1021
980
991
1490
1004
1057
980
979
1494
1057
1490
980
1066
1050
1019
1018
1018
1006
1018
1086
1087
1018
1066
1062
1491
1326
1094
1329
1067
1329
1329
1007
1051
1006
1080
1018
1043
1018
1007
1006
1084
991
1494
1028
1100
1331
1062
1018
1018
1018
1006
1491
1050
1004
1331
1062
1481
1051
1062
1329
1044
1326
1080
1326
1326
1326
1044
1326
1326
1326
1044
1326
1051
1326
1051
1326
1326
1044
1326
1326
1326
1067
1080
1005
1080
1080
1018
1080
1006
1006
1080
1080
1053
1066
1045
1018
1053
1053
1329
1080
1080
1080
1080
1080
1045
1080
1045
1329
1080
1080
1080
1080
1080
1045
1080
1329
1080
1080
1080
1080
1080
1080
1080
1080
1080
1080
1080
1080
1080
1080
1326
1080
1080
1080
1080
1080
1080
1080
1080
1080
1080
1080
1080
1080
1049
1080
1018
1329
1018
1053
1080
1066
1329
1080
1329
1080
1329
1080
1018
1331
1083
1043
1040
1329
1066
1329
1066
1330
1307
1329
1066
1336
1045
1080
1053
1066
1062
1329
1040
1040
1329
1040
1329
1040
1040
1329
1336
1066
1040
1329
1080
1040
1080
1039
1080
1080
1080
1080
1080
1080
1045
1045
1053
1080
1039
1039
1188
1039
1047
1039
1066
1066
1329
1066
1329
1329
1066
1083
1066
1062
1330
1062
1062
1062
1062
1062
1336
1054
1066
1330
1062
1062
1336
1054
1054
1083
1054
1083
1070
1062
1330
1062
1054
1330
1054
1054
1336
1336
1336
1336
1336
1336
1336
1336
1040
1336
1336
1054
1054
1083
1054
1336
1054
1336
1336
1336
1336
1336
1336
1062
1062
1062
1062
1062
1054
1054
1330
1100
1005
1005
1005
1044
1050
1050
1334
1334
1050
1006
1334
1006
1006
1006
1334
1006
1006
1006
1006
1006
1006
1334
1326
1006
1067
1006
1334
1334
1006
1006
1006
1006
1006
1028
1331
1062
1062
1062
1007
1007
1007
1007
1083
1062
1062
1007
1007
1083
1018
1005
1018
1100
1004
1059
1100
1004
1019
1028
1004
1021
1055
1028
1028
1028
1057
1086
1100
1100
2755
2623
3922
111
878
105
63
118
5
783
783
2503
1348
520
769
769
1578
483
251
1359
1360
602
216
1575
242
771
772
769
1371
574
1575
602
1577
1577
1577
1577
214
2491
959
1390
1573
1573
1573
1573
258
252
1576
1579
1366
1367
1577
1575
1575
1348
1574
1574
1350
1573
1573
1574
1574
1574
1567
1411
1410
4724
4881
1802
2246
1423
2258
4995
1500
1421
2860
4131
1435
2418
2464
534
1437
2768
4913
1438
1445
835
789
789
971
1460
747
975
1438
1452
835
1451
754
796
800
776
742
788
800
754
1466
796
1465
1465
1478
1469
743
806
1466
775
743
998
742
743
1465
984
993
984
1477
1483
1479
984
1483
1493
1489
1493
979
1492
993
1487
1494
1084
987
979
987
987
1494
196
234
3047
2781
32
2407
451
2258
4996
2254
2992
267
1605
944
945
924
531
695
2349
474
260
1395
686
1647
1639
1647
1647
214
1647
216
602
1508
1508
2257
2257
2395
2401
2422
4285
702
2540
674
1380
2310
1643
892
1643
610
884
601
601
836
1573
447
1573
836
1575
1575
1574
1577
1575
1575
1577
1577
1577
1579
1647
1644
2196
2196
2478
534
537
228
2487
320
1508
320
216
320
1581
1528
2505
1602
2406
1547
1352
701
1643
914
2310
1581
1643
1588
1516
609
1644
226
1587
2481
2441
2400
2516
531
2519
230
205
2516
2407
1497
121
2406
1586
777
757
813
834
802
1448
745
1619
1448
1438
791
1448
1447
977
977
1442
763
1643
1644
1548
480
1414
2228
1413
1410
523
1425
1506
1582
1654
3930
1573
1573
1573
1433
1433
2483
2483
1433
2483
1574
1573
2688
2640
2602
2567
4910
4966
3991
4914
2758
3046
3183
2847
4269
4892
4994
4981
2528
4988
4290
4872
285
705
705
873
1541
1543
2535
1791
2541
614
1796
309
674
2875
2879
2880
4171
4191
2876
4166
2878
4832
4834
4164
4183
2864
4161
4159
4685
4709
4727
4186
4193
4769
4187
2881
4831
2873
4169
3029
3085
4176
4180
4160
4725
4699
4167
2872
2872
4177
4180
4810
3228
2918
4794
4196
4205
4221
3162
3163
3164
4194
3095
4220
4216
4215
4209
3228
4212
2923
4213
4732
3160
2982
2913
4218
2919
2917
2979
4671
4219
2959
3227
3171
2926
4208
2925
4199
3166
3166
4195
4203
4234
4235
4836
2960
4200
4202
4232
4198
4199
4812
4144
2821
4249
3133
4826
4140
4140
4728
4721
4135
4748
4759
2821
4139
4826
4826
3244
4694
4990
2423
679
615
4827
4827
4144
4148
4140
4779
4778
4760
1545
2525
4141
4675
3064
2203
2243
4702
4730
525
2246
2226
2827
4701
4287
2817
4256
847
2397
2596
59
2708
46
2647
2711
2701
2598
2566
110
2757
4147
1410
1800
4307
3230
2938
4466
2963
4471
4313
4463
4312
4308
4468
4459
4468
4584
4468
4468
4469
4459
4847
4457
4470
4470
4484
4483
4848
4459
4847
4460
4562
4637
4563
4595
4598
4600
4603
4603
4501
4595
4600
4562
4562
4504
4596
4504
4504
4505
4596
4598
4499
4600
4504
4406
4563
4513
4564
4513
4596
4598
4518
4517
4563
4508
4503
4595
4606
4597
4603
4601
4607
4592
4603
4504
4594
4600
4406
4595
4504
4606
4598
4597
4504
4595
4600
4633
4503
4501
4594
4498
4605
4596
4598
4504
4605
4504
4600
4600
4600
4562
4596
4598
4595
4563
4597
4597
4514
4564
4596
4562
4563
4514
4600
4591
4514
4518
4518
4563
4596
4599
4562
4406
4512
4594
4594
4600
4594
4504
4596
4501
4595
4595
4595
4562
4593
4599
4642
4512
4507
4501
4595
4607
4593
4501
4605
4598
4504
4598
4596
4504
4595
4591
4562
4504
4504
4596
4596
4597
4597
4597
4600
4514
4543
4308
4461
4310
3175
4468
4468
4466
2937
2936
4312
4465
4461
2962
2939
4467
4850
4846
4320
4848
4462
4848
4484
4458
4318
4318
4585
4584
4533
4851
4311
4464
4616
4614
4613
4613
4519
4613
4523
4518
4518
4544
4543
4861
4617
4612
4611
4545
4543
4607
4609
4602
4609
4609
4602
4521
4522
4566
4522
4523
4518
4523
4664
4544
4523
4667
4525
4667
4664
4523
4481
4482
4661
4481
4666
4481
4481
4481
4660
4660
4660
4657
4660
4660
4316
4660
4327
4318
4849
4849
4657
4582
4619
4623
4620
4522
4520
4526
4526
4853
4531
4527
4570
4570
4570
4861
4623
4570
4534
4537
4582
4584
4529
4531
4532
4546
4663
4664
4664
4555
4480
4480
4581
4661
4581
4581
4581
4660
4858
4537
4530
4587
4587
4532
4584
4584
4584
4318
4318
4318
4327
4318
4316
4660
4458
4611
4861
4618
4608
4554
4611
4560
4610
4550
4546
4482
4554
4554
4618
4860
4860
4622
4622
4482
4555
4556
4854
4622
4570
4572
4572
4557
4556
4557
4580
4581
4572
4572
4572
4858
4581
4537
4858
4858
4609
4607
4603
4607
4598
4607
4600
4600
4607
4600
4600
4600
4600
4597
4547
4598
4604
4601
4597
4597
4597
4517
4515
4518
4518
4518
4564
4564
4564
4605
4606
4606
4613
4617
4606
4608
4847
4318
4318
4847
4315
4657
4478
4483
4666
4526
4473
4483
4483
4323
1434
1434
1629
2914
2914
4773
4704
4270
2840
2840
2875
3130
4188
2885
2908
2900
2893
4244
2968
4770
4771
4747
3012
4244
4276
4792
4792
2879
4135
3129
2814
2783
2841
4189
4708
4174
3154
2967
3186
2886
2885
4772
2899
2967
3056
3998
2831
2817
2829
3059
3148
2877
4243
4729
4286
2974
2915
4734
4870
4136
4759
4136
4741
4741
4758
3377
4291
2398
4147
2821
3357
4147
2846
4152
4140
4140
2820
4719
4135
3012
2821
2821
4139
4139
4826
3179
3357
4758
4758
2994
455
2403
4747
4751
1647
2196
4250
3219
1507
3247
3087
4689
2905
4673
3098
4152
4684
4732
4152
4152
4152
4738
210
1503
4264
4146
4146
602
1577
4264
4264
4191
3144
2874
4179
4688
2978
2930
2821
2821
4147
2821
4152
258
3222
2896
4803
3224
4807
2976
4809
2922
4811
4842
950
255
894
1644
1639
531
1422
1503
1577
602
4999
963
2349
580
4994
2828
286
4170
4171
2854
4168
4833
4677
4180
4220
3229
4672
2911
4202
4231
4152
4152
2537
675
3174
4306
4459
4318
2937
2938
4847
4662
4316
4537
4657
4662
4572
4475
4581
4858
4318
1816
4152
4152
4152
4917
513
3370
4735
4743
2492
3143
4827
4144
4144
1656
511
2530
3928
2407
4975
2478
1497
2779
4827
4140
4140
4730
665
2220
2562
2695
3858
2557
115
2551
2660
2660
2549
2660
2608
2601
2608
2692
2608
2667
4967
2480
4866
4886
890
830
2493
214
596
512
924
596
231
206
206
447
830
4885
1647
2464
1433
204
924
1644
512
205
231
511
1427
4865
3929
227
227
597
2464
949
1577
1577
214
2196
2391
2402
446
814
836
446
1574
320
836
1575
1575
1577
1577
1577
1577
257
255
1644
1645
204
4875
2782
4999
258
945
4131
2480
473
1651
2510
1653
2779
3917
2251
4292
4946
1414
1414
1418
4916
1529
2347
2835
4280
4257
3192
2672
2639
3863
2578
2728
2708
2578
2579
3345
2573
2579
2721
2633
2633
2691
2587
2689
2691
82
1822
83
2689
2659
125
29
2674
137
125
112
141
4302
36
60
4670
117
2721
3360
2573
2674
41
2429
276
2572
4297
137
2700
2691
128
1822
2676
83
108
83
52
3343
2728
2575
3388
141
110
2604
2728
2716
2631
2620
2577
2570
2637
2637
2673
2737
2635
109
4296
91
91
2671
4296
2605
123
83
29
53
28
1344
88
850
1343
31
109
180
4296
4296
2721
2587
2577
2737
2700
2671
2648
54
2619
3344
2728
3863
3863
2631
35
276
2629
4910
3862
3863
2619
2578
2636
4910
2587
2655
43
2629
171
90
167
20
3354
276
2674
2689
31
2675
39
4296
2669
2587
2659
141
2603
2721
2728
2728
2574
2635
3863
2635
2437
123
123
91
123
91
91
91
91
92
92
91
91
91
91
123
92
92
152
152
4296
152
4296
4296
152
152
92
4296
92
91
91
92
91
92
60
92
92
92
92
92
92
92
152
4296
92
152
92
92
92
91
92
92
91
91
91
91
92
92
2671
92
92
4940
3444
3421
2767
3249
4082
3906
4948
2346
3117
4819
2762
1632
3999
3116
4931
2371
4044
4000
4918
4941
3920
1678
3387
3880
3919
4986
4767
4089
2291
4059
1419
1406
3112
3112
3873
4969
3102
3288
4112
1542
3001
2265
1782
4063
3384
1782
3001
4669
321
2274
2229
1678
331
2534
4258
1783
424
331
467
685
2835
2835
4761
4761
1811
4109
291
680
1695
2359
1710
628
497
1715
1784
1784
4156
3914
1670
333
490
333
2309
1670
3000
283
1693
342
630
2315
2355
411
629
2292
2360
1712
497
1789
496
1701
2208
1713
341
361
428
354
427
636
2224
2238
348
347
434
347
374
2296
352
2210
2333
2295
427
413
634
345
360
359
669
358
558
640
372
715
432
2297
2296
373
2199
2236
370
433
375
441
441
1745
373
1743
1731
1718
2201
379
1742
1744
439
383
1728
644
385
385
1753
388
390
653
1758
652
650
1749
399
1756
395
655
393
394
2319
400
2298
651
657
4742
4758
4758
3179
4758
1692
1692
356
2328
712
560
366
2253
563
1723
421
1753
1755
295
734
2296
367
346
668
557
713
714
374
369
432
2215
2210
1746
1735
642
1742
2363
376
1741
711
2809
4043
4043
4043
4154
2424
2835
2835
2835
2821
678
2198
2821
734
3244
2351
302
3270
2536
4965
4067
1805
3336
3280
283
476
2371
2798
3010
4045
734
734
4761
4761
4761
2241
680
2309
490
2821
4894
2818
3328
4045
4046
4952
3249
3898
3243
3421
3424
3444
3444
4943
3384
4086
3444
2784
3050
4098
3356
4105
2812
2288
1631
368
3193
3048
4023
3867
4157
4958
4737
4052
3872
722
723
663
549
733
288
857
2276
2276
680
2276
2267
4758
2276
539
1709
548
1716
630
2329
2331
364
560
560
2210
562
2253
563
418
1753
1748
420
3460
4094
4094
3268
3309
3286
3893
3893
3279
3278
3304
3892
4958
4059
4057
3999
3445
4878
2798
3865
4989
4008
1782
1538
1676
733
733
4894
4894
4008
2313
2311
543
550
2352
2265
409
325
330
1696
1694
639
639
436
426
361
670
353
338
2235
370
433
2334
716
1732
388
378
1726
647
1762
717
1721
1752
1719
1730
2365
651
2337
2337
395
4147
3244
3244
2368
1771
2351
2283
2283
1784
4761
2295
2295
635
559
2247
4818
1679
4258
1668
1668
1674
278
476
2304
3328
3868
4009
3299
3875
3864
3897
3876
4030
1783
4758
4758
1669
4761
444
631
632
2239
365
2252
2200
390
649
2276
2267
720
4742
723
2267
4758
4758
4758
4758
3244
4940
3328
4960
3898
3899
2260
2219
2244
288
280
3898
3110
3110
3110
3311
3261
3251
3946
3296
3934
3256
3251
3963
3470
3469
3260
3938
3949
3936
3945
3472
3931
3933
3939
3272
3933
3265
3269
3284
3287
3298
3460
4102
4095
3288
4105
3316
3308
3311
3258
3302
3317
3474
3941
3265
3285
4093
3315
3272
4093
3254
4098
3467
4093
3939
3283
3281
3335
3940
3473
3931
3269
3259
3294
3944
3308
3270
3309
4103
3317
4103
4101
3307
4101
4103
3287
3951
3258
4095
3939
3945
3939
4095
3465
3475
3996
4015
3277
3313
4960
3284
3470
3308
4019
91
91
4091
91
4296
2819
2657
2605
2689
92
92
92
91
123
91
4090
3001
3001
1778
292
91
124
91
152
109
91
91
92
1797
1664
2353
2353
471
4155
4257
2793
2604
2678
2678
2669
2579
3345
3423
4089
4061
3989
4825
4669
1634
3113
4934
3127
3390
3900
3213
3021
3021
4960
4045
4952
3870
2790
4045
3880
4045
4045
4952
3898
3209
4118
4039
3037
3888
3137
3900
4039
3890
4931
2803
2802
3020
4066
3865
3866
4008
4007
4824
3011
2807
3449
3417
3125
3249
3898
3210
3449
3435
3125
3210
3021
4045
4952
3102
3280
3297
3270
3307
3006
3268
3254
2573
4910
3933
3474
3933
3295
3943
3936
3937
3470
3470
3471
3472
3986
3488
3977
3490
3978
3978
3259
3301
3301
3967
3982
3956
3985
3493
3986
3976
3976
3251
3483
3962
3486
3301
3552
3571
3554
3554
3855
3554
3854
3854
3854
3813
3499
3791
3697
3540
3854
3854
3555
3554
3550
3843
3520
3552
3552
3589
3563
3478
3589
3604
3555
3604
3497
3549
3843
3843
3553
3604
3573
3604
3813
3503
3533
3540
3510
3855
3512
3533
3546
3834
3603
3855
3819
3550
3558
3550
3604
3813
3546
3549
3550
3819
3854
3819
3525
3555
3552
3510
3983
3589
3476
3478
3983
3983
3589
3791
3571
3847
3840
3604
3813
3791
3819
3791
3813
3497
3791
3520
3604
3549
3791
3791
3697
3697
3983
3813
3813
3791
3554
3819
3549
3550
3545
3555
3967
3854
3477
3478
3571
3549
3549
3497
3791
3604
3525
3604
3854
3554
3551
3549
3573
3956
3791
3477
3697
3497
3813
3813
3801
3636
3636
3813
3813
3636
3801
3801
3813
3813
3815
3813
3636
3836
3817
3636
3636
3813
3791
3604
3791
3788
3604
3604
3813
3696
3799
3856
3796
3791
3791
3578
3813
3697
3813
3637
3813
3637
3525
3813
3821
3811
3567
3696
3813
3813
3821
3637
3637
3791
3813
3796
3578
3644
3637
3637
3531
3637
3648
3637
3692
3637
3703
3633
3720
3637
3599
3567
3567
3637
3637
3637
3648
3705
3705
3637
3648
3648
3791
3799
3811
3837
3813
3821
3813
3791
3821
3796
3799
3791
3791
3549
3546
3821
3813
3743
3497
3823
3821
3743
3754
3821
3567
3811
3789
3597
3821
3813
3696
3715
3821
3597
3743
3573
3743
3821
3789
3743
3637
3610
3703
3703
3703
3691
3637
3720
3610
3703
3637
3745
3610
3703
3715
3739
3718
3718
3705
3720
3648
3703
3597
3796
3821
3796
3573
3597
3497
3573
3597
3823
3573
3573
3573
3528
3573
3823
3823
3573
3534
3823
3534
3822
3823
3851
3823
3605
3528
3596
3827
3744
3751
3577
3823
3754
3754
3754
3596
3596
3823
3823
3753
3577
3754
3500
3528
3573
3538
3855
3581
3534
3554
3571
3571
3554
3554
3551
3554
3551
3552
3554
3554
3551
3554
3554
3551
3554
3554
3554
3554
3554
3571
3554
3554
3554
3551
3554
3551
3554
3551
3554
3554
3554
3554
3541
3791
3549
3573
3540
3855
3843
3510
3533
3834
3497
3549
3554
3510
3554
3854
3551
3554
3554
3551
3819
3819
3552
3554
3571
3854
3854
3847
3854
3854
3854
3847
3520
3541
3853
3545
3550
3571
3571
3863
2721
60
152
124
26
124
36
3288
3279
3304
3279
3306
3877
4094
4094
3273
3291
3278
3278
3316
3308
3297
3277
3878
3054
3110
3106
3109
3310
3104
3329
3865
3875
3099
3873
3873
2985
1415
1680
3913
4305
1803
4111
1799
3009
2345
1630
4947
4037
4038
2797
4058
4058
4056
3319
3043
3932
3267
3471
3949
3264
3264
3943
3934
3937
3317
3265
3938
3945
3283
3948
3256
3255
3302
3946
3256
3261
3955
3263
3260
3283
3959
3251
3258
3947
3281
3252
3302
3957
3262
3282
3953
3301
3251
3956
3956
3963
3487
3487
3965
3483
3301
3493
3481
3986
3970
3490
3490
3984
3969
3476
3986
3476
3976
3975
3476
3439
4005
4942
4941
4941
3439
1584
4062
4109
3000
4111
3915
1634
4061
4919
4919
4067
4071
4009
3461
3459
3280
2808
4952
4952
4112
4112
460
1408
1544
1672
1818
4293
4987
1818
3280
4989
4032
4934
4108
4017
4016
4781
4060
4072
4035
4061
2837
4767
4767
3010
4989
4072
4035
2411
4062
3305
3871
4078
4934
3871
3458
1635
3390
3457
4076
2533
4113
3457
3065
3426
3137
4067
4071
3114
3137
4007
4825
4939
4951
3384
3385
1585
3931
4095
3941
3474
3307
4103
3265
4103
3941
3474
3265
3285
3940
3269
3317
3940
3298
3941
3931
4964
4986
297
1533
1533
1407
319
1805
1406
238
1502
1511
2536
4955
4053
2766
3326
3326
3873
3873
2790
3021
3328
3329
3343
3342
3860
2579
3343
4879
4880
2816
4950
4971
2268
2281
1781
684
1665
612
2273
287
2225
2284
2274
1767
314
1768
664
703
2213
314
1793
477
1716
630
494
1699
317
1691
335
334
2316
2300
305
304
553
336
340
1693
2317
1715
673
1714
1692
343
1714
1714
355
355
1702
1705
317
1685
329
2248
2231
339
1711
340
2205
1681
438
389
383
1736
645
1727
1727
1744
1734
1717
2335
386
388
378
440
646
1728
643
1745
1738
439
1740
2301
563
382
1745
2301
1743
1740
379
418
439
439
1750
717
419
1724
1722
2318
1759
1726
1724
419
1754
2335
2336
1720
648
387
1729
647
1759
4761
1669
4147
2821
2352
1659
4894
4894
4894
1659
1670
295
2283
4894
1669
1669
3357
4147
2273
1774
2250
2217
4761
4760
4258
424
2272
4760
869
271
1810
1818
1663
1808
1633
4110
2290
1680
238
296
1671
2353
2353
1817
1810
2245
318
3343
110
2737
174
1823
3360
3342
2603
3344
1610
4147
3992
3357
1800
1806
1979
1839
396
404
404
1984
1844
1988
1988
1987
1979
397
422
1841
1976
1837
1977
1983
1835
1835
1984
1833
1844
1844
1831
1831
1977
1838
1831
2125
2005
2124
2064
2071
2071
2005
2064
2128
2074
2074
2074
2128
2128
2128
2074
2074
2113
2117
2117
2125
2115
2125
2117
2123
2117
2123
2114
2117
2117
2124
2124
2124
2124
2074
2071
2076
2071
2071
2075
2017
2128
2005
2128
2128
2127
2117
2128
2127
2128
2128
2074
2074
2128
2074
2128
2134
2127
2117
2126
2117
2113
2127
2117
2021
2117
2125
2117
2112
2117
2117
2124
2123
2123
2117
2133
2133
2114
2126
2117
2123
2123
2038
2130
2132
2122
2123
2124
2122
2112
2064
2131
2071
2071
2062
2064
2128
2128
2128
2074
2128
2117
2117
2117
2112
2117
2114
2114
2131
2122
2074
2075
2064
2128
2128
2128
2113
2117
2127
2074
2128
2128
2117
2128
2112
2117
2117
2122
2132
2114
2126
2038
2139
2123
2372
1832
1980
566
1837
1837
654
403
401
1982
401
398
405
566
718
2372
1987
1981
2374
2184
1851
1846
2373
1846
1845
2373
2386
2059
2183
2185
1850
2381
2098
2145
2144
2144
2385
2150
2149
2149
2380
2046
2077
2071
2073
2073
2089
2045
2134
2076
2133
2133
2124
2130
2144
2384
2061
2147
2054
2147
2380
2141
2092
2051
2094
2094
2092
2092
2377
2110
2190
2110
2056
2056
2110
2376
2056
2190
2003
1994
1994
1996
2003
1996
1994
2003
2001
2187
2003
1994
2098
2080
2098
2077
2057
2061
2379
2079
2104
2382
2080
2080
2103
2083
2082
2083
2101
2081
2001
2187
1999
2101
2104
2186
2091
2141
2048
2048
2046
2110
2191
2191
1994
1994
2002
2001
2000
2001
2102
2102
2057
2382
1842
2187
2101
1992
1842
1842
1993
1990
1848
1996
1996
1997
2077
2076
2135
2082
2137
2132
2139
2139
2089
2141
2139
2139
2137
2137
2067
2082
2069
2049
2047
2066
2189
2100
2081
2102
2384
2049
2188
2048
2193
2102
2102
2102
2193
1994
2102
2001
2104
2001
2075
2134
2075
2075
2117
2075
2134
2117
2117
2126
2126
2126
2126
2133
2133
2132
2126
2124
2131
2130
2091
2139
2139
2139
2138
2143
2136
2127
2133
2135
2134
2077
2098
2073
1841
1978
2004
1985
2004
1849
2187
1841
2057
2106
1998
1845
1845
1998
2348
372
2364
371
2364
641
4265
300
1708
1709
1676
630
435
715
562
713
429
1676
363
435
714
2282
1673
1810
2534
1716
637
638
1675
4157
1632
1677
2289
2359
2316
342
362
634
2294
640
372
372
640
1818
639
1666
467
1670
1677
2526
2360
341
2300
1666
1631
641
2364
371
3913
4845
1669
1669
1659
3179
3179
624
856
3179
3244
4147
1658
4894
4894
2288
295
1662
4147
2821
4894
4758
4758
4758
1658
2250
306
2282
2351
4986
289
1792
2232
2249
350
349
369
377
654
2235
376
2835
2835
322
4953
857
856
1789
550
4060
317
495
316
622
2314
326
1713
636
1736
387
661
856
3357
856
4894
555
2212
2214
357
2216
2237
2252
1739
564
380
4108
4952
4952
4064
268
460
272
4112
3006
3879
3442
466
275
269
1700
1687
1706
1698
2249
1733
389
376
2252
1761
565
4894
4894
1807
402
422
1836
1989
1831
403
656
1847
2193
2190
1999
2001
2193
2001
1849
1997
2188
2193
1841
2262
3244
2762
4088
4005
4820
3921
4153
2988
4154
4154
3425
3449
3420
4956
4051
3906
4062
4969
4036
2835
2835
4829
665
871
2684
137
128
128
127
92
92
92
92
91
152
60
4296
152
152
152
152
2988
3321
3915
3994
3117
4047
4952
3915
4953
3212
2797
4038
4040
4960
3995
4960
4067
4821
3396
4006
3425
3451
3249
4052
4955
3019
4017
4960
4959
4919
4050
4016
4781
3010
4072
4072
4817
2789
3927
3389
3926
3419
4938
4957
3108
4948
4955
2624
625
4150
1803
1414
1409
1419
1531
2986
297
2291
4828
2811
4760
871
3912
4511
4564
4564
4597
