69
37
15
15
15
36
15
514
883
882
1495
515
2
127
2416
1495
886
517
74
2417
181
236
236
2426
128
37
152
167
126
2407
1494
276
276
126
36
116
58
143
871
40
1574
64
130
90
135
2430
163
125
1337
155
871
514
198
883
521
278
861
198
133
92
515
69
114
37
37
69
91
36
117
276
520
520
849
2430
517
517
520
156
32
31
40
32
851
34
30
851
30
517
849
117
1495
134
607
134
135
14
31
15
1496
36
91
2
116
113
1593
127
278
127
36
36
91
278
133
732
135
1494
64
33
30
40
849
2465
45
16
37
2
36
517
517
233
517
886
1614
1616
515
91
91
133
134
2
117
117
106
849
849
849
2429
2429
2429
1336
520
2429
2429
2429
850
850
850
850
517
135
520
520
520
2429
1336
2429
520
520
520
520
850
850
55
2429
2429
520
520
517
850
520
520
1336
2429
852
2430
2429
2429
2429
852
850
850
852
2466
947
2432
2506
949
2504
1807
2507
277
2451
217
2238
2220
922
586
1826
2510
1424
205
950
2204
472
918
1803
2335
260
887
696
1500
1688
932
926
587
887
828
1341
270
274
468
2267
1574
888
294
1592
633
637
1672
2242
1704
623
3071
680
1722
1697
2203
4182
1693
1706
620
1534
640
348
347
345
2203
415
2195
559
1800
2400
692
716
2318
360
692
1770
217
1719
346
2202
430
430
679
430
430
679
416
417
416
416
719
417
720
2226
2233
2286
415
415
648
2320
2320
2320
2320
498
498
2320
677
2227
426
526
364
365
351
367
368
350
377
649
378
378
2290
381
721
722
722
721
436
2201
2189
2201
2189
2189
354
352
350
350
356
417
356
356
417
2229
2228
434
434
373
435
721
721
2322
436
436
2247
2190
2190
377
379
1741
383
386
2352
386
377
2293
2294
1741
1744
1737
1737
1760
2352
1749
1747
387
420
389
390
1735
1727
393
1753
1724
2310
2310
398
658
657
657
1753
2354
659
660
396
660
397
658
1751
2343
2343
2343
416
564
679
679
679
416
416
416
566
416
564
416
417
566
566
416
565
565
417
436
2201
2201
436
436
721
721
721
721
2201
568
386
1739
569
420
1757
1757
1757
411
1709
375
380
354
2287
436
436
436
436
436
358
358
358
380
1737
2290
386
722
722
722
2323
722
722
652
651
392
440
441
442
2206
357
1673
2455
746
930
1827
625
2857
2857
4786
1600
1592
1693
1693
343
2348
809
1514
2504
1538
2333
1345
1702
620
1820
208
683
903
414
411
332
332
435
643
349
640
1722
1692
4786
1386
1645
259
2451
2506
2466
200
200
887
1613
888
521
199
1344
779
1613
2396
1703
374
434
2388
1542
628
1375
1403
1692
361
361
334
334
1711
360
1711
1711
636
2343
562
563
563
563
566
642
566
564
566
566
566
566
566
566
358
565
358
358
566
565
2201
358
358
2201
2201
2201
567
2201
2201
567
2201
1743
568
567
567
1743
568
568
419
651
1729
571
1730
421
587
1343
519
809
1343
1343
943
926
1518
585
896
1426
2253
2456
2505
2506
2388
324
585
301
1598
1718
558
413
1693
1706
943
717
718
286
319
2320
2320
2320
2320
2320
2319
2319
366
366
429
677
643
370
358
358
2201
2189
358
355
353
2287
643
643
649
377
650
1729
1731
1750
724
655
656
656
570
1761
1761
1762
1732
663
1765
657
1766
1692
1693
1711
2241
2195
1708
411
412
433
373
565
565
565
565
436
565
678
678
498
1822
1798
1692
1707
1709
331
2216
343
637
703
1343
618
585
779
699
691
411
1706
368
368
368
350
368
720
2321
720
720
2321
2321
2322
2321
350
2321
2322
2322
2322
435
435
722
722
386
724
2350
1753
1710
717
716
1710
2343
1692
2465
1613
1648
255
585
1700
1716
348
561
535
896
932
987
988
1474
803
1452
1474
988
996
1469
803
993
783
1445
1460
1452
976
1467
976
975
1439
1628
1618
774
820
820
767
774
1628
818
774
994
987
988
1444
1467
818
1444
769
820
1631
767
779
1001
1474
1478
1471
1445
1460
778
1460
996
988
774
774
1463
754
1439
976
769
976
774
987
778
976
749
1618
802
1460
1600
1404
1650
587
1508
1648
1375
759
783
682
1336
850
2429
517
520
236
248
2526
850
849
2430
521
1514
1574
1711
1700
2429
2429
1336
520
1336
2430
1336
2276
1669
1775
672
2278
715
58
732
2396
2396
198
886
514
883
1612
1607
887
2327
1601
1552
2334
2444
2499
2339
937
1516
908
255
255
1646
1645
828
255
259
935
257
255
935
1654
896
923
949
586
923
889
1516
535
535
255
255
923
1647
944
509
1596
1634
1602
901
894
928
928
896
512
892
942
896
255
1647
1650
935
1341
708
818
802
809
1620
802
58
58
1460
1460
1452
1471
1471
1460
1452
1469
1469
749
749
983
1051
1485
984
1489
982
1485
1485
983
1055
982
982
1484
982
1485
1485
982
982
982
1279
1087
1318
1038
1320
1050
1013
1013
1014
1014
1029
1316
1319
1050
1013
1050
1318
1284
1292
1014
1279
1279
1014
1070
1051
1029
1014
1129
1029
1017
1277
1070
1094
1029
1124
1071
1319
1029
1071
1129
1079
1047
1038
1010
1049
1047
1049
1129
1330
1047
1185
1124
1047
1049
1094
1084
1044
1124
1279
1061
1051
1055
1055
1051
1059
1124
1279
1014
1322
1029
1184
1079
1044
1079
1124
1029
1079
1124
1006
1071
1006
1079
1010
1124
1079
1079
1029
1124
1273
1049
1014
1084
1055
1070
1087
1004
1317
1029
1071
1124
1050
1013
1044
1122
1317
1485
1124
1317
1004
1129
1124
1129
1124
1124
1129
1124
1129
1173
1129
1173
1124
1124
1124
1091
1124
1129
1124
1173
1079
1079
1079
1079
1071
1317
1038
1124
1122
1079
1079
1122
1122
1122
1078
1122
1122
1071
1079
1079
1122
1078
1122
1120
1122
1035
1079
1079
1078
1122
1120
1120
1009
1119
1119
1122
1009
1122
1009
1009
1122
1091
1122
1119
1009
1120
1009
1119
1029
1122
1079
1079
1079
1079
1071
1079
1121
1079
1029
1071
1094
1120
1121
1004
1079
1063
1078
1122
1122
1122
1079
1048
1122
1122
1078
1120
1122
1122
1122
1079
1122
1122
1024
1120
1120
1119
1122
1120
1122
1120
1122
1120
1068
1120
1122
1068
1009
1009
1120
1009
1079
1079
1122
1079
1024
1071
1063
1071
1048
1317
1317
1317
1004
1031
1122
1010
1003
1067
1078
1072
1003
1120
1004
1128
1048
1048
1068
1078
1122
1121
1031
1120
1068
1068
1078
1068
1031
1128
1175
1317
1066
1066
1317
1067
1010
1029
1087
1087
1029
1029
1029
1084
1087
1029
1017
1029
1029
1029
1029
1029
1029
1029
1029
1297
1184
1029
1029
1029
1029
1029
1029
1029
1276
1029
1029
1029
1300
1063
1071
1079
1006
1284
1061
1277
1066
1277
1317
1066
1299
1277
1087
1279
1317
1029
1094
1094
1094
1084
1013
1278
1087
1275
1013
1013
1059
1331
1314
1013
1014
1049
1087
1278
2
36
1424
276
520
1336
520
1336
709
1344
1344
708
1343
265
265
809
709
585
1359
1343
809
809
1341
1517
1372
1341
628
1386
1518
1382
535
1358
874
2283
533
2214
1674
1829
2240
300
1824
1815
1540
2500
1431
844
2459
2445
539
316
1452
1469
783
1467
1471
1467
749
754
1455
759
803
1463
1474
1452
783
993
803
1471
1474
1477
987
1474
996
988
988
1474
996
987
988
1478
988
1474
988
1485
1485
1488
982
1485
992
982
983
1485
1051
983
1055
1055
1486
1055
1055
1051
1489
984
472
887
2464
950
2508
888
2497
325
1817
1546
1812
463
1600
2498
2463
1602
944
1548
1359
1345
696
1499
1536
270
284
273
2373
2256
4261
534
2260
1358
474
918
471
214
613
241
253
2302
1604
1591
2253
683
1412
1413
1413
2284
1550
1635
2327
1548
1598
1595
1595
1420
2503
238
474
2284
1595
896
2339
1597
945
896
2339
1634
1603
1573
2327
2336
2336
976
802
1444
820
754
1439
802
754
1439
754
1439
759
976
1444
1460
1572
471
1689
473
1681
1685
2283
1793
473
1399
1420
1640
216
594
594
932
932
1372
883
1496
607
515
1496
2388
513
58
231
199
639
329
2347
477
477
477
1717
2263
1714
680
2281
2281
2297
637
740
1684
2373
2342
2205
641
642
719
719
719
719
416
430
362
679
362
362
359
2233
363
2318
498
360
498
498
2320
648
368
368
648
645
2288
676
526
562
679
679
564
416
416
564
564
564
563
562
564
564
564
564
2320
2320
368
2320
2320
368
368
368
718
2319
362
718
646
366
2308
351
676
427
365
678
647
648
648
723
2309
1725
1726
1760
1760
1728
420
1730
1730
653
1733
2349
656
1735
724
391
723
1740
387
2294
2352
438
438
393
440
391
1747
1749
1729
1749
1740
658
388
1753
395
1734
1765
384
571
1757
421
1760
1732
1732
1761
1763
1755
1765
1766
411
2344
1696
1693
1693
2223
560
1693
411
2343
2343
476
2282
303
412
3137
4181
1700
1722
4182
2260
1771
1769
2258
2209
873
1823
1821
619
1538
1829
299
1771
522
2234
1768
2340
1675
515
516
92
41
871
114
92
12
1496
516
1659
1793
1793
400
1754
402
402
665
404
399
1751
407
423
402
2326
423
402
1842
1989
1989
1989
1983
1983
2359
1983
401
402
1842
401
400
2065
2181
2096
2096
2096
2097
2079
2068
2096
2065
2065
2096
2096
2068
2068
2068
2096
2065
2065
2068
2096
2095
2182
2095
2095
2096
2185
2181
2045
2183
2065
2065
2097
2096
2068
2097
2068
2070
2070
2065
2079
2066
2096
2066
2096
2096
2065
2068
2079
2079
2065
2070
2073
2066
2097
2096
2066
2096
2096
2066
2073
2079
2066
2096
2070
2095
2128
2045
2097
2182
2097
2095
2096
2070
2070
2131
2181
2183
2002
2045
2181
2045
2066
2065
2182
2079
2096
2068
2079
2065
2065
2079
2065
2096
2065
2096
2182
2128
2096
2002
2181
2065
2079
2068
2065
2079
2065
2066
2096
2096
2066
2079
2065
2079
2066
2096
2096
2002
2095
2063
2097
2185
2095
423
1759
572
394
402
2354
659
665
2353
405
662
422
1754
400
1759
572
1759
1990
1990
1990
1988
1983
1989
1989
1987
1978
1979
1990
664
399
2000
2000
2179
2098
1859
1993
1859
2179
2184
2179
2000
2098
2078
2184
2184
2074
2078
2074
2076
2364
2364
1859
1849
1993
1859
1849
1858
1858
2360
1854
2360
1841
2360
2360
1843
1854
1843
1854
1854
1855
1843
1843
1843
1843
1850
1850
1843
1850
1850
1850
1850
1982
1850
1852
1852
2000
2179
1859
1849
1849
1849
1849
1859
1849
1851
2178
2361
2178
2361
2178
1861
1861
1982
1981
1841
1851
1851
2360
2360
2360
2360
2360
1854
1854
1854
1843
2177
1852
1852
2175
2175
1978
1978
1987
1841
1987
1981
1981
1850
1850
1850
1850
1850
1843
1988
2369
2099
2076
2367
2076
1998
2092
2363
2360
2363
2103
1999
2102
2367
2367
2369
2363
2363
2102
2102
2176
2176
2361
2176
2177
2101
1854
1999
1854
1999
2177
2175
1843
2175
2177
2177
2078
2079
2078
2078
2093
2093
2070
2079
2093
2077
2077
2094
2077
2183
2078
2077
2131
2183
2138
2048
2185
2185
2185
1993
2097
2001
2097
2001
2097
2097
2097
2097
2098
2097
1842
1989
1989
1981
401
401
1978
1978
2362
1979
1985
1979
932
535
464
2190
438
439
439
622
443
431
2195
563
432
2191
2189
2189
1743
2189
371
370
2231
691
566
357
2191
371
1796
1691
2193
431
2205
2231
2199
309
1825
1778
2216
644
2226
641
426
433
2228
383
2247
375
2230
2228
2215
337
2210
673
712
644
355
295
2246
382
1743
1743
2192
220
411
411
2241
336
304
338
2343
1718
1693
306
639
560
2343
1706
1706
2343
1701
2285
2199
1690
1550
2286
2332
2286
351
372
373
441
660
1693
1748
1693
2857
2348
1535
361
1531
415
2319
2320
719
2319
2319
428
428
655
661
654
2343
1543
2491
720
720
720
720
719
720
2321
2321
2321
2321
2322
2321
2321
2321
2321
435
435
722
722
722
722
722
723
2325
2350
2525
226
955
1828
1688
2260
1501
1600
1595
638
2347
2281
1674
719
2320
368
2320
719
2319
2319
2318
2318
2318
2308
366
1732
724
442
386
661
725
287
1828
659
2326
1983
1842
665
2354
1850
1988
1860
1852
1843
2175
1988
2177
2177
401
1692
2468
2504
1573
1810
2395
1635
2412
625
1612
1613
461
1607
456
1635
2497
2394
1591
1644
332
4182
2410
1683
90
152
182
2430
2429
852
850
849
852
520
520
520
520
520
1425
2213
218
260
2409
2504
2331
1428
259
2495
1392
2330
2499
2331
2499
894
927
227
201
447
1394
2463
696
822
204
1506
242
2298
1528
234
1662
2335
2509
924
2457
2469
598
2413
1676
3380
1689
2283
473
1638
1672
254
254
4182
2524
2834
2528
52
140
872
872
968
968
10
1496
53
1660
885
54
6
2642
4134
3382
3120
2551
2601
2606
3382
3039
2561
2667
2586
2698
3359
3036
4139
2563
3346
3036
2573
141
2543
3371
2584
4300
2807
2633
2538
2548
2594
2607
2662
2546
4888
3842
2617
133
1839
137
3033
3390
2658
1839
133
968
1436
140
114
9
3385
2543
5
54
2543
3346
2550
2554
2549
2666
3383
2549
3840
2618
2622
2677
2562
2669
2649
2667
2660
108
2665
2665
4133
4132
92
2649
92
144
31
9
968
968
883
5
2562
2668
35
279
141
98
968
9
2807
968
4136
4133
3984
1335
2667
2641
1833
1436
4094
2632
3041
2588
2666
1832
1655
3382
4134
4093
1436
4306
968
133
2543
3384
54
2543
54
2554
2549
2549
2549
2555
2555
2555
3350
2555
3349
3349
2555
2554
2554
2549
2587
2587
2587
2649
2550
3349
3348
2549
3350
3349
2555
3349
3348
3349
3349
3348
3349
3349
3349
3349
3349
2649
2649
3348
3349
2587
3349
3349
2555
2549
2587
2554
2555
2549
3349
3349
3349
3349
2587
3038
2763
2733
4872
3032
4847
4715
3293
4087
3323
4970
4862
4901
2742
4967
4727
4996
2977
4135
4963
3120
3998
4958
4092
3133
4070
3993
3985
4806
4039
3006
4113
3452
3455
4928
3056
3858
3869
4157
4072
4817
2830
3387
4177
1497
4737
1711
1711
1677
4758
2953
4860
4179
4186
636
4759
2877
2897
2899
2940
2857
2857
1720
4257
4986
4792
3225
3225
4759
2903
2905
4219
3084
4668
4185
4185
3379
3053
4178
3226
3226
4789
4194
4689
2896
4239
3167
4202
2943
2947
4464
4467
4464
4464
4216
4762
2928
2921
3160
2941
4821
4821
4821
3230
4794
4819
4208
3171
4209
4781
4606
4475
4563
4829
4323
4322
4460
4322
4465
4465
4460
4460
4310
4831
4310
3176
2925
4823
3232
2925
4796
4548
4530
4532
4611
4839
4523
4611
4605
4597
4566
4566
4545
4606
4323
4527
4322
4466
4828
4828
4327
4327
4327
4327
4591
4593
4600
4605
4611
4839
4530
4529
4530
4530
4530
4572
4838
4838
4838
4550
4570
4583
4538
4564
4563
4594
4510
4565
4548
4548
4563
4533
4527
4528
4839
4833
4518
4602
4521
4654
4650
4519
4511
4819
4550
4547
4550
4570
4838
4838
4474
4829
4829
4829
3090
2918
4828
4828
4466
2925
4237
3171
3171
2920
4463
4316
2930
4198
2912
4227
2918
4227
4819
4819
2913
3164
4213
3230
4213
4213
4821
4198
4213
4821
4821
4794
4821
4794
4794
2913
4794
4821
4821
4821
4787
4787
4813
4205
4223
4464
4464
4464
4464
4570
4551
4327
4547
4566
4566
4547
4327
4327
4476
3090
2918
2912
4198
4198
3080
4787
4591
4582
4839
4527
4527
4646
4323
4329
4645
4572
4570
4649
4327
4593
4593
4513
4602
4548
4317
4480
4655
4653
4462
4829
4324
4527
4563
4530
4528
4529
4572
4329
4328
4569
4471
3997
2761
4914
3426
3109
4992
3079
3078
2857
2857
4786
4786
4786
4112
4865
2939
2940
2939
2889
3313
4802
4928
3362
4802
3101
2953
4151
4287
4274
2745
3434
3081
4183
2940
4320
4459
3225
4790
3228
3226
4786
4786
4786
3056
4037
3032
4930
4135
3454
3034
2763
4980
3387
3239
3239
3034
3120
3838
3309
3309
3398
3038
4779
3377
4594
527
2519
2937
3440
3058
3992
1692
4808
2955
3224
2939
2954
4788
3223
2343
2343
2343
2895
4223
3163
4456
4569
3175
4551
4551
4551
4543
4543
4543
4552
4551
4547
3090
4455
3175
2946
2946
4232
4213
3309
3293
3313
3291
3868
3869
3395
3031
3208
3452
3846
3109
3323
3117
4963
4963
2763
3892
3428
3868
3130
2853
4748
4184
3190
2857
3439
2880
2955
2801
4819
3230
4821
4198
2913
4214
2913
3164
2913
4214
4207
4207
4207
4818
4209
4796
4796
2926
4796
4593
4543
4593
4534
4548
4548
4841
4600
4608
4576
4465
4329
4329
4318
4458
4310
4458
4458
4319
4838
4531
4533
4548
4564
4548
4548
4533
4456
3090
3175
4319
4466
4319
4796
4319
3176
4310
4310
3176
4465
4329
4460
4328
4318
4322
4465
2920
4822
4198
4198
3230
4819
4794
3230
4794
2913
3230
4794
2913
4228
4236
4199
4211
4199
3230
4211
4198
4821
4794
4821
2858
2858
2343
636
2883
4185
4167
3079
2937
3080
2938
4597
4522
4522
4575
4830
4459
4551
4570
4551
4793
4794
4794
4211
2913
4794
4029
4265
2834
2956
3081
2956
4675
2875
3188
3157
2884
3442
4004
3428
4085
4087
4004
4269
4173
2343
2938
4823
2925
2925
2925
2925
4327
4828
4464
4464
4317
4320
4649
4571
4570
4549
4549
4565
4565
4837
4327
4570
4327
4327
4464
4828
4467
4464
4828
4227
4227
4227
4823
4198
4788
4788
3224
2343
2343
2343
2735
3239
4929
3058
3058
3058
4085
1711
1711
2884
3084
3153
3451
3452
2755
3963
3960
3978
3478
3957
3957
3972
3965
3502
3949
3502
3264
3320
3320
3298
3286
3932
3943
3320
3299
3478
3268
3289
3289
3269
3289
3289
3291
3282
3289
3968
3493
3498
3320
3265
3320
4102
3275
4098
3930
3282
4098
3961
3968
3495
3949
3932
3299
3291
4102
3965
3489
3289
3268
3283
3264
3478
3268
3932
4096
3278
3282
3968
3289
3305
3268
3275
4102
3946
2525
4720
4996
3869
4897
3058
3478
3254
2736
2650
2555
2735
3351
2994
3982
2732
4987
2554
3349
3349
2623
2554
3120
4093
2987
1711
1710
3350
3350
2550
3348
2660
2554
2660
4746
4750
3202
2813
4664
3013
4139
4139
1663
4136
1663
1656
133
3454
4000
3985
4052
4943
4094
3903
4086
4871
4078
3439
4091
3426
3426
3426
4996
4996
2784
3426
3058
3058
3426
3426
3426
3426
3915
4085
3452
3452
2755
3031
4967
4090
3452
3452
3452
3452
3426
2755
3427
4996
4800
4657
4800
4965
4033
4657
3398
3032
3032
3451
2752
3454
4089
4930
3426
4996
4996
3432
3868
3879
3289
3268
3211
3293
3321
137
137
3943
3942
3259
3957
3953
3259
3305
3957
3955
3955
3306
3496
3555
3553
3523
3828
3978
3970
3523
3555
3971
3557
3484
3544
3976
3970
3484
3972
3515
3494
3794
3794
1061
3547
1061
3553
3794
3781
3825
1281
1281
3623
3551
3587
3794
3794
3551
3789
3794
3587
3781
3553
3794
3796
1009
1061
1061
3818
1009
3794
1061
1317
1009
3565
3503
1317
1009
1009
3794
3624
3623
3814
3547
3817
3825
3547
3624
1009
3551
1317
3551
3551
3555
1009
3551
3794
3538
3561
3553
3824
3568
3555
1009
3551
3796
1061
1009
1317
3794
1061
1009
3624
1009
1113
3794
1078
3623
1317
3554
1009
1009
1317
1317
1009
1009
3554
3781
3558
3824
3568
3794
1317
3624
1061
1009
1113
3587
3794
3547
1009
3624
3977
3781
1317
1317
1113
1113
1113
1113
1151
1113
1103
1151
1103
1103
1113
1113
1113
1103
1113
1113
1103
1113
1009
1009
1009
1009
1009
1317
1009
1009
1009
1009
1009
1078
1078
1281
1009
1009
1009
1009
1009
1009
1009
1009
1009
1009
1009
1009
1009
1009
1009
1009
1113
1113
1103
1103
1113
1103
1113
1103
1103
1103
1103
1113
1103
1009
1009
1009
1009
1103
1103
1009
1103
1317
1009
1009
1009
1317
1009
1009
1078
1009
1009
1317
3547
1009
1317
1009
1317
1078
1078
1009
1009
1009
1078
1281
1009
1119
1009
1078
1119
1009
1078
1009
1009
1009
1009
1009
1119
1009
1009
1009
1009
1009
1009
1009
1009
1009
1009
1009
1009
1009
1009
1009
1009
1009
1009
1078
1078
1078
1009
1061
1317
1317
1078
1317
1061
1281
3623
1061
3648
1078
1010
3623
1078
1010
1317
3623
1317
1317
1010
1010
1068
1068
1078
1078
3771
1068
1068
1010
1068
1068
1068
1068
1068
3794
1061
3794
1061
3623
1010
3551
3794
3794
3794
1061
3551
1061
1061
1061
1061
1029
1029
1029
1061
1029
1029
1029
1281
1061
1029
1029
1029
1061
1061
1317
1029
1029
1029
1029
1029
3551
1317
3624
1061
3794
3623
3796
3794
3794
3623
3794
3794
3797
3794
3794
1061
1061
3551
3551
3551
3794
3794
3794
3781
3587
3587
3554
3776
3797
3784
3825
3551
1061
2543
885
4135
2550
3346
2650
2660
2660
3140
3293
3876
3848
3313
3101
3847
3091
3868
3876
3283
3313
3282
3429
3101
3439
3452
3868
3100
3442
3445
4085
3452
3452
4854
4164
3376
4292
4158
4153
4285
4876
4309
4296
3921
4872
3116
3337
2971
4140
1667
3286
3955
3955
3958
3285
3305
3957
3259
3259
3955
3264
3306
3254
3964
3964
3964
3949
3262
3958
3502
3957
3499
3499
3492
3964
3968
3965
3499
3971
3492
3495
3497
3557
3970
3970
3496
3978
3492
3485
3484
3484
3494
3484
3834
3561
3553
3523
3834
3553
3553
3834
3829
3515
2735
3985
3985
3454
2733
4963
4859
4000
4267
4826
4988
2797
2839
3891
4797
4083
4075
3448
3848
3848
3101
4656
2789
4016
4018
4812
4021
4156
4734
4738
3182
3201
4030
4115
4955
3449
4053
2747
2747
2783
4064
4079
4806
4897
3986
3908
4017
2827
4752
4082
4111
4052
3876
4030
3448
3131
3131
4752
3415
3406
3391
4805
3448
3450
4088
4034
3394
4090
4088
4797
4110
4000
3388
2779
2987
1513
3932
3930
3930
3268
3320
3478
3478
3476
3264
3475
3477
3320
3264
3930
3946
3476
4069
4031
1816
2515
2515
1818
4984
4113
4984
3900
3900
4982
2765
3065
3452
3426
3426
3452
232
133
1436
1436
1659
4138
4980
542
4964
455
3151
4192
4197
4175
2861
4754
3191
4810
1711
341
1700
4196
3204
4148
4176
4176
283
1792
2810
4161
4201
2916
2911
2923
4202
4205
2918
4205
3086
4209
4481
4316
4793
3228
4793
4821
4823
4819
4795
4823
4819
4819
3162
4460
2927
4221
4780
2928
2928
4670
4205
4234
3089
4718
3163
3175
4235
4823
4819
4227
2946
2945
2960
2891
4792
2910
2910
3176
3176
4199
4199
4199
4199
3161
4214
2927
4237
4236
4222
2966
4311
3171
4793
4793
4793
4792
2919
4211
2919
4819
4211
2919
4464
4464
4464
4464
2925
2925
4823
2925
2925
2928
4311
4311
2929
4781
2932
4227
2933
4455
4464
2918
3090
2918
2918
4233
2946
4466
2925
4796
4796
4796
4310
4458
4458
4458
4458
3170
4236
4460
2927
2927
4462
2929
2947
2918
2925
2918
2946
4313
4314
4461
4327
4327
4476
4838
4320
4828
4833
4474
4474
4833
4570
4551
4470
4479
4314
4326
4521
4577
4324
4475
4323
4323
4323
4475
4532
4532
4530
4530
4476
4472
4320
4459
4573
4565
4649
4550
4213
4213
4198
2946
4232
4794
3230
4819
4819
4236
4237
4199
4819
2946
2946
4232
4198
4232
2912
4819
4796
4819
4823
4795
4823
2919
4211
4199
2926
2926
4211
2913
2913
4237
4237
4819
4819
4198
3080
3080
4786
4193
3150
2940
4180
2871
3080
3080
4787
2940
1692
4190
3017
501
2937
4183
4181
2937
3223
2343
4877
4810
3015
4242
4745
4153
2817
2980
4149
4286
1677
2992
3043
2822
2824
4159
1436
12
92
106
110
114
98
35
1496
4980
2502
1637
2523
4984
3228
4821
4793
4821
4793
369
4821
4821
2900
3228
4821
679
362
3228
369
369
369
369
369
369
2960
362
3228
1742
567
721
567
567
567
567
2189
567
567
568
385
385
385
385
385
385
376
2323
2323
2323
2323
376
2323
2323
2323
721
721
721
721
721
721
568
2201
2201
567
2201
568
2201
2201
568
567
567
385
385
568
385
2201
2201
385
385
2201
385
2201
2201
385
437
437
385
385
437
385
437
2323
2323
376
2323
721
721
2323
376
437
2323
2323
2323
721
721
721
721
721
721
721
721
1742
385
2323
567
567
567
385
385
385
385
385
385
385
2323
2323
2323
2323
721
721
567
2201
567
567
567
385
1742
385
385
385
2201
385
376
1742
2323
2323
437
2323
2323
721
721
721
369
4821
417
4213
3228
4821
4793
4821
4821
4821
4821
4821
4821
4821
369
4821
4821
369
417
417
719
719
369
369
416
417
417
417
369
2201
358
2201
418
437
418
436
436
436
2321
2321
358
358
358
358
358
2201
358
2321
721
2201
2201
2201
436
436
436
2322
436
721
2322
2201
565
418
418
356
436
436
2321
436
356
720
720
356
2321
720
720
2320
2320
2320
720
356
720
720
2320
719
2320
2319
2320
2319
2319
2320
2319
2319
718
2319
2319
430
430
679
430
430
679
430
2319
430
565
565
358
565
356
356
356
418
565
565
565
565
565
566
565
565
566
566
566
416
358
565
358
565
566
565
565
565
565
565
564
416
416
416
416
2319
430
416
416
416
416
416
564
564
416
416
565
565
2321
2321
2321
2321
720
720
2320
720
2320
2320
2320
2320
2319
2320
2320
2320
416
416
416
416
417
417
417
416
416
416
416
416
430
679
430
430
430
430
719
719
565
565
2201
2201
436
436
436
436
436
436
2321
2321
2321
2321
2321
2321
2321
2321
2321
2321
2321
2321
436
436
2321
565
436
565
356
565
565
720
2321
2321
2321
2321
720
720
720
720
2321
416
417
565
417
416
416
720
720
368
720
368
720
368
368
368
720
368
2320
368
2320
2320
2320
2320
719
2320
2320
2320
2320
2320
2201
2201
358
2201
2201
2201
2201
2201
2201
2201
2201
437
437
721
721
436
721
721
721
721
721
721
721
721
721
721
436
436
436
436
436
437
437
437
2201
437
2201
2201
2201
2201
369
430
430
430
416
416
369
356
417
719
719
719
369
3426
3426
4658
4539
4552
4479
4681
3184
2951
2881
2881
2895
2895
4659
2854
4203
2917
4544
4542
4540
4535
4593
4547
4551
4684
4543
4568
4544
4542
4173
4875
2876
3153
2950
4686
3163
4217
2962
2924
4471
3187
2956
4293
4666
4711
2898
2876
4221
2964
2921
3167
4655
4569
4591
4591
4591
4536
4580
4250
4546
4596
2871
2767
2875
2860
4180
4691
4210
4200
4829
4325
2869
4707
4510
4519
3192
3134
3080
2871
2883
2343
2343
3149
4787
4786
3157
2940
4755
3081
2956
3224
3081
2343
1699
1715
3156
4672
3188
4079
3158
4297
3159
3160
3176
3176
4465
4465
4465
4532
4563
4529
4527
4839
4527
4523
4611
2913
4794
4786
4328
4647
4646
4646
4527
4527
4527
4528
2857
4786
4786
3189
3988
2885
2954
2880
2892
4198
2943
3165
4224
4646
4322
4318
4322
4322
4323
4460
4311
4322
4829
4199
4236
4199
4786
4787
4786
2947
4467
4464
2947
4467
4828
4828
4464
4327
4327
4838
4649
4838
4838
4549
4570
4565
4565
4565
4838
4649
4649
4327
4464
4464
2947
4464
4227
2946
2912
4213
4821
4943
4126
4656
4801
4745
4014
4070
3131
3130
3151
3191
2819
2945
4204
2945
2918
3085
3228
3162
4236
4236
4207
3176
3176
3170
4228
3170
3176
4310
4460
2947
2947
2946
2946
4529
4646
4646
4529
4647
4328
4549
4565
4838
4211
4199
4211
2912
4819
3246
4803
4821
4821
369
430
3228
4821
369
2320
2320
2319
416
416
679
679
2320
719
416
719
2320
2320
679
4196
4786
3911
4847
4871
2838
2836
4184
4895
4183
2937
2937
3042
3248
3042
3454
4658
4806
4280
4071
4000
2762
2857
3200
4743
283
2543
2625
2549
2664
3840
2587
2587
3349
2587
2587
3349
2587
3348
3348
3348
2587
2649
4845
4850
2998
4960
4983
4929
4039
4934
4968
4861
4720
4927
4871
4929
4001
3398
3454
4930
4855
4962
4936
4682
4081
4923
3125
3006
2771
4767
4065
2766
1433
3009
4932
4967
3919
2752
4116
4662
1676
1686
1661
1689
2515
2514
1410
4031
1636
3197
2277
4183
4987
299
4528
