2664
160
2586
2527
2527
2527
3415
9
4268
3415
3415
13
2662
2532
2529
62
149
20
148
2532
2531
2542
26
151
2653
2653
160
2573
66
132
810
810
29
29
140
132
2521
8
11
2537
2567
2644
278
2529
2518
15
3
131
2567
2537
4914
2601
2653
2570
1615
2527
3415
830
48
122
832
3321
2586
139
2529
2650
160
160
2662
4911
2586
160
66
66
134
2667
116
20
802
116
2627
2607
2604
2608
2642
134
2611
116
118
29
163
182
127
3333
833
2525
2533
3
3
4913
3292
3333
13
2527
2586
2521
2661
153
462
2532
128
3414
4911
2585
2527
2631
3321
8
105
35
2564
68
2642
2642
2604
178
795
160
74
2634
2635
2667
802
834
20
833
120
1791
153
3414
2525
2631
80
157
160
2635
177
29
177
29
29
29
29
29
37
37
163
163
177
83
83
83
83
182
182
53
29
32
802
2667
163
163
143
32
29
29
29
1352
29
37
83
88
37
37
29
29
37
29
29
37
29
182
37
83
29
504
223
2498
1473
781
792
657
1392
2465
1516
1611
2454
786
1405
643
1388
225
2496
2496
1388
2491
243
1794
244
1388
1474
1589
1557
1392
480
1591
850
2457
782
909
909
2213
2754
1547
481
1499
498
1524
4069
4986
883
883
2214
451
876
837
886
856
886
657
850
863
853
1533
1503
2377
578
1775
1566
795
315
272
644
1635
822
1389
302
2241
3327
2266
1760
630
324
1647
2421
485
2420
2421
2421
1385
2308
1671
2366
1660
321
1647
305
455
2404
2402
2403
2492
1655
2365
1655
314
1656
1777
1387
570
2470
319
1658
1648
1664
1664
417
320
2269
593
1651
305
329
330
352
335
2255
638
430
639
431
489
2339
2342
438
372
2313
374
2313
375
669
545
547
517
358
666
362
2256
366
343
365
438
361
2219
2220
2274
606
607
1707
378
419
2372
608
2370
1702
444
444
443
443
1698
380
1727
381
1701
1682
385
1681
615
388
391
609
1685
1723
394
623
622
1715
1715
617
410
673
626
2373
620
622
406
624
397
410
413
3084
3084
2324
539
416
541
417
418
439
1680
422
422
423
1724
2374
647
2956
2258
345
343
341
417
349
378
376
374
2372
440
440
1711
441
549
384
447
610
2236
1397
1407
561
2443
883
2404
827
1761
2514
2956
1593
3281
3143
3124
583
465
283
2307
656
277
1489
2505
842
1545
301
284
1770
575
574
251
910
911
864
856
856
856
906
465
582
485
486
1756
1754
1654
492
642
1678
3143
906
906
1609
906
2213
2213
906
2213
906
2468
2468
900
222
505
1540
2959
1476
829
660
507
655
830
466
1483
435
2412
515
1769
1559
2402
561
2443
1408
1606
2327
2326
2327
528
2323
304
304
491
314
314
534
412
3126
3177
2226
1666
2236
544
543
349
545
546
547
381
420
1688
1722
421
552
1511
691
1608
654
264
264
474
658
1377
846
849
871
879
867
864
1558
501
1609
1609
2471
565
1402
241
243
515
2480
2481
1531
844
1547
845
2488
1776
1626
2247
456
583
457
2319
840
1669
1669
1670
591
276
2263
2338
1667
595
339
336
489
434
350
2343
518
356
359
605
668
370
1701
1713
549
1691
1691
1728
612
614
615
616
1718
1728
618
1729
624
1732
616
625
1717
530
465
460
535
631
2245
455
2407
645
2408
517
599
2341
418
1657
1388
1483
1386
460
647
582
2225
649
476
318
2213
2213
883
893
840
850
2217
1611
1559
903
895
1495
890
2248
2282
488
2340
433
666
667
669
669
2344
1697
2346
2347
588
587
3082
2365
314
588
412
312
4884
807
883
883
237
237
3127
688
299
537
1496
561
561
561
709
932
1418
772
723
777
762
1424
1417
762
736
710
751
717
513
760
1572
791
558
1572
726
751
553
554
1365
1367
659
1377
1380
1367
784
558
1414
732
511
917
1369
1364
556
1496
1380
1364
916
772
932
1578
762
757
785
753
1366
553
779
711
563
1362
732
557
776
1356
1361
1357
936
1432
1356
720
772
559
743
1570
738
1406
2491
883
453
879
2455
880
692
262
2473
2213
883
751
762
785
571
37
37
274
802
36
34
65
65
1769
83
134
2667
795
277
1567
3312
630
2642
134
163
88
66
2667
29
4071
1508
279
239
2271
1764
828
2527
831
832
832
9
13
2527
1476
1527
1539
2413
891
1603
2488
901
2468
247
891
471
1513
877
681
2213
883
860
860
2213
860
1589
1547
1499
1548
1547
883
860
860
860
2213
2213
2213
906
906
906
860
906
225
225
225
901
883
2496
681
877
883
225
561
883
883
860
2463
896
893
1555
1560
1492
2478
1557
893
514
2467
2468
2496
2496
2410
836
901
225
901
860
906
906
1547
906
856
886
856
856
1499
497
912
1498
866
1363
555
2357
474
3415
834
2528
719
920
720
926
710
727
727
742
1576
775
1586
717
755
694
1438
771
1440
1447
1419
1433
1440
705
1425
1431
1417
702
747
698
759
745
1432
756
706
1469
1022
1027
941
983
1456
1470
937
1020
984
982
955
956
949
1470
965
957
1074
701
940
1456
1460
1073
1455
1010
1326
1346
1026
1334
1074
1003
1026
1339
1346
1346
942
981
957
1010
1058
1336
981
1074
1465
959
982
1465
1465
1443
1459
1344
1346
984
1346
952
1471
1453
947
984
939
957
1453
1451
1451
1447
1443
702
696
1335
966
1025
1339
1057
1334
1464
965
1326
1335
965
955
1026
1068
1335
1074
1068
1335
1446
1278
984
1334
941
984
957
957
984
771
1461
701
1460
938
980
1068
1010
1010
1327
1003
945
1461
1346
1336
1068
1073
771
940
1068
1327
1327
1327
1032
1064
1327
1327
1295
1032
995
1327
1277
1280
1283
1327
1064
1327
1064
1064
995
1009
1346
1057
1346
1020
1339
1346
1057
970
1335
1325
1325
1334
1325
1036
970
1042
970
975
975
1334
1325
1325
975
961
1042
970
1036
1042
1335
1036
1007
970
975
1062
975
1163
1163
1163
1171
1171
1167
1108
975
1171
1038
989
1014
1165
1178
987
1191
1187
1108
1108
1334
970
1334
961
961
1056
970
1325
1335
1335
1334
1334
1335
1344
942
976
1319
1004
1068
1319
976
1315
1321
1311
1276
1313
1319
1056
1321
1319
1321
1270
1002
976
1319
1036
1325
1325
1319
1321
1276
1309
1178
1224
1321
1226
1226
1197
1321
1189
1272
1224
1321
1226
1238
1309
1224
1197
1224
1068
1068
1319
1325
976
1325
1056
1311
1335
1335
998
1324
1054
1054
981
1045
1316
1005
1054
1054
1315
1316
1045
1316
1074
972
1324
1045
1273
1314
1314
1239
1314
1237
1250
1045
1236
1314
1314
1314
1314
1314
1314
1239
998
1054
1336
981
1068
1324
1336
1027
974
974
1017
1027
938
974
974
974
1017
1057
1057
1277
974
1018
1277
974
1277
974
1018
1278
974
1057
1057
974
1057
1057
974
974
1057
1278
974
942
998
1342
1074
1068
985
1074
1025
1058
981
946
1074
1068
1068
981
1472
1467
982
1339
1019
947
938
937
1469
1027
1022
1464
1472
945
954
1453
957
957
1025
1025
1457
951
974
1022
2634
1409
132
143
2642
163
29
564
878
266
878
1494
2358
1608
563
1607
654
654
863
1373
1541
684
685
577
690
1374
268
874
259
262
262
240
856
886
909
845
849
237
561
482
856
910
902
577
2214
907
2214
902
903
1494
561
561
451
451
858
2350
1502
1592
2412
2477
1481
2505
317
269
2459
525
1601
228
2445
2442
501
231
1400
561
883
883
1407
2470
1619
1606
769
777
789
735
1570
918
1571
739
722
776
713
1576
717
750
1583
1574
762
708
925
768
750
1588
754
1580
1423
1417
1419
1418
790
929
1414
1419
933
778
1424
1423
704
1449
1427
1430
928
699
1435
1432
745
749
770
702
694
1435
1439
1447
730
1454
1439
1442
1434
770
506
3963
1477
505
808
1488
1486
2354
2460
233
780
449
255
1488
1527
2417
839
2463
1556
2325
2325
1548
1548
1589
1547
1589
2464
2464
2464
1500
1534
249
269
1482
2336
1645
477
308
270
644
1773
1551
1603
2447
893
2356
1400
2456
451
453
453
452
682
2214
856
240
240
909
856
861
497
481
497
843
2489
1550
1590
250
1475
2472
1402
1403
2481
2483
1519
2482
567
1518
2487
1500
1535
1512
2513
1538
1479
507
1514
1493
892
1557
847
2359
1546
2447
2349
2447
1526
892
2351
2468
2453
2466
839
1491
2467
2465
1562
2466
1540
838
507
2218
1361
1368
659
557
267
772
758
741
511
917
772
1359
728
741
766
724
246
4992
3883
4077
4077
1795
4069
4070
4983
4990
2754
4079
2497
2471
883
883
561
883
2213
883
883
883
453
1617
1782
154
1615
2493
4269
4091
4989
1620
1624
1750
823
1634
1766
1629
2360
4072
288
4109
1753
1781
1762
687
1641
4996
1780
2502
1598
2229
2235
415
415
414
305
334
2254
1656
591
330
590
1668
1674
2331
1661
637
539
415
416
539
541
2338
665
322
322
592
340
1672
432
1659
601
1677
329
353
1680
394
1694
1695
1684
1690
1727
1687
1688
1688
1689
1691
1692
2368
621
1695
394
390
389
1700
611
383
1700
1711
441
609
445
2332
447
447
1687
611
2345
1726
1723
1734
395
2334
1686
1720
1722
421
1725
550
551
393
618
2333
2315
1732
1721
1734
635
3024
310
292
457
1741
661
635
427
2296
292
3022
1749
2361
2300
2302
1757
4995
2516
532
1760
532
4993
1773
230
803
316
1771
1484
2500
227
309
2276
258
1393
270
1506
824
1765
1507
4991
1505
1767
2665
2586
2622
2611
4915
2521
2521
4911
3414
463
4271
463
4985
4068
1809
1979
1973
1801
404
1976
1806
411
409
1982
1980
1979
1798
1807
1980
1809
1800
1808
1808
1974
1803
1974
2000
2000
1966
1971
1971
1826
1907
1831
1919
1869
1869
2194
1835
2165
2164
1884
1866
1891
2165
1907
2194
1869
2171
2171
1958
2188
1962
1962
1962
1908
1940
2007
2007
2181
2009
2178
2006
2009
1919
2008
1831
1869
2195
2195
1835
2161
2162
1869
2172
1869
2165
2165
1856
2188
1907
2194
2003
1938
1879
2194
2171
1898
1891
1962
2171
1907
2004
2188
2003
1962
2003
1855
2166
2175
2188
1938
1906
2175
2185
2007
1919
2177
2009
2007
2178
2188
2006
2022
2007
2008
2033
2006
1919
2017
2008
1831
1934
2177
1869
1866
1884
2171
2171
1962
2194
1907
1938
1958
2176
1906
1919
1919
2188
2183
2007
1832
2161
2197
1869
2198
1879
1898
1958
2191
1934
1934
2171
1962
1913
1855
2188
2004
2177
2009
2189
2183
2006
1914
1968
1968
1968
401
401
1979
403
2378
408
407
411
424
403
1979
625
1982
400
399
1967
1984
1969
1818
1803
1815
1824
1814
1983
1996
1987
1805
1805
2064
2064
2004
2025
2028
2025
2068
2028
2035
2038
2038
2024
2063
2065
2078
2031
2031
2124
2123
2123
2124
2129
2031
2071
2024
2071
2208
2068
2038
2035
2045
2034
1997
2045
2067
2040
2047
2207
2206
2209
2119
1989
2210
1997
2211
2212
1821
1989
2117
2116
2115
2385
2384
1992
2199
2201
2199
1812
2381
2200
2070
2025
2072
2105
2208
2069
2070
2106
2070
2108
2087
2086
2107
2074
2079
2080
2081
2084
2112
2204
2203
2205
1994
2038
2138
2040
2044
2044
2049
2048
2392
2055
2119
2117
2118
2115
2115
2113
2060
1996
2108
1985
1994
1823
1823
1810
2382
2382
1812
1825
1816
1825
1816
1821
2137
2079
2136
2121
2136
2135
2130
2139
2130
2138
2139
2135
2139
2135
2145
2146
2143
2042
2049
2141
2393
2154
2145
2080
2391
2391
2053
2393
2386
2097
2054
2392
2061
2082
2082
2118
2115
2059
2057
2065
2066
2197
2013
2015
2166
2166
2001
2015
2125
2021
2173
2166
2021
2127
2021
2021
2020
1919
2021
2033
2029
2030
2030
2030
2004
2004
2028
2026
2005
2026
2004
2002
2001
2001
2001
1972
1813
1972
1812
1824
1822
1823
2212
1987
1997
1998
1803
1999
1984
3963
3281
548
1705
2220
2275
1771
290
2243
581
1648
2231
364
547
2260
2232
2234
543
2230
307
2275
291
1779
2228
1665
2233
2279
2224
1764
1778
2250
325
326
2253
2261
597
2257
2273
2221
442
364
428
2238
2292
650
2248
2272
2500
320
600
2227
235
1510
1704
1703
2459
2477
1746
2278
1742
2262
3022
1636
627
3125
3024
2291
2288
295
516
648
426
627
484
582
528
3176
2301
4784
306
2239
2464
467
1391
300
432
371
365
1710
446
1717
2319
2371
2953
1761
2309
1535
328
2323
530
530
2359
1650
1650
1650
1649
414
338
2311
2369
619
2323
493
2327
1593
2316
1513
2340
667
2341
348
670
369
671
385
1716
4021
1513
2463
1557
1513
2490
1396
1602
2352
842
2348
1543
1556
1640
1643
1644
323
1650
2329
2363
2329
2367
603
612
672
1693
369
620
392
460
1751
258
404
1798
2383
1972
404
402
1814
2119
2384
2395
2381
2055
2060
1817
2057
2113
1826
2299
465
526
265
1540
2501
308
1479
1395
2408
286
226
508
1394
2399
1480
2406
2218
1528
1756
4240
285
2424
160
160
160
177
2642
29
178
177
37
37
802
1352
88
1352
1352
224
502
2450
242
501
886
906
906
843
856
2409
856
886
1547
2443
1400
2496
2496
2213
2213
2459
1515
571
883
2417
2451
1563
514
2418
2410
2467
1398
1399
231
1400
1400
883
883
781
1490
2449
1547
1400
1401
2454
523
565
261
683
524
885
1611
907
2452
496
1499
2452
2479
1525
1550
1515
1550
2321
1604
2492
2489
1525
236
2411
234
836
2405
1399
1485
1395
3878
1769
4982
4077
2757
4988
3970
4117
4981
4251
4240
1395
3327
2415
2565
2534
2533
3414
2654
3414
2654
2574
3332
2574
4260
2536
2565
2536
2616
3330
3329
2535
2684
2688
3295
3295
4917
2547
2636
2536
2599
2547
3008
2550
2629
2550
2774
2770
2550
2549
2549
2769
2647
2647
2550
2647
2647
2656
2615
2535
2649
3305
2636
2774
2665
2566
2686
2638
2638
4928
2685
2646
2687
2687
4919
3332
71
2526
3180
2550
3309
2550
2629
2769
2629
4261
2654
2586
2587
2585
2534
2536
2557
2557
2557
2534
2577
2577
3299
3300
3301
2540
2657
3008
2540
2651
2552
3841
2609
2547
2553
2609
2549
2553
2549
2579
2541
2540
2656
4090
2526
2533
2541
2586
4915
3292
2654
2533
3414
2533
2557
2658
2658
3310
2663
2960
3414
2587
2533
2654
2774
2557
2527
3330
3331
2629
2647
2647
4913
2579
2554
2548
2643
3300
3180
2774
3310
2655
2550
2771
2534
2553
2557
3295
4093
2639
2659
2639
2629
2960
4092
2654
2654
2654
2615
2534
2656
2534
153
3300
3300
3300
3300
3300
2541
2640
2577
2577
2577
2640
2547
3300
3300
3299
3299
3299
3299
3300
3300
2541
3299
3008
3299
3295
2640
2640
2640
3299
3299
3299
3299
2577
3299
2640
3299
2640
2640
3299
3008
3299
3299
3299
3299
3299
3300
3299
3299
3300
3300
3300
2640
2640
3299
2541
3299
3008
3300
2724
2726
2725
2737
3397
2729
4006
4892
3865
4031
4084
3019
3891
4974
4757
2737
3056
3394
2996
4695
3893
2743
3838
3005
2727
3140
2748
4023
3352
3352
3283
2752
4960
4085
3151
3360
2760
3350
4039
3402
3352
3402
3403
3403
2992
3966
3379
3370
3370
3374
4697
3376
4887
3350
3359
3358
3348
3153
4089
4089
2977
3879
3141
4041
3959
3323
4040
2967
2770
3962
3072
4901
2774
1567
4803
4862
3012
4133
3018
3157
4747
4238
2818
2798
4724
3080
2954
4906
4907
3185
2756
3089
4145
4125
2826
4119
3033
2800
4718
4994
4249
3893
2782
4811
4129
4848
4850
3324
2736
4953
2797
3090
4714
2911
4140
2854
2814
4734
4127
4813
4136
2910
4141
4130
2829
2827
2848
3096
2926
3136
2928
2985
4856
2864
4795
4795
2866
4754
2871
2862
3042
3013
3135
3165
2853
2855
4741
2838
2933
2864
2934
2936
4739
4739
4702
3103
2942
4182
4701
4174
4187
4185
4184
2876
4183
4177
4180
2869
2867
2873
4158
4187
2940
2880
2878
4154
3110
2881
2882
2883
2882
2920
2887
2888
2889
2890
3118
4189
3112
3173
2919
2897
2898
2899
2901
2901
2902
2891
3117
4190
3084
3176
4810
3024
4140
3138
2913
2913
2936
4178
4186
3044
2918
2920
2895
3047
3144
2953
2861
4738
2840
4792
2914
3093
2842
2867
4799
4856
2874
4174
3105
4181
4180
2880
2881
4855
4167
3038
4954
3370
3057
3056
2951
3326
4993
4906
4235
2953
2956
2766
4841
4884
3076
3025
2785
4851
2765
2550
2967
4968
4820
3982
3070
4148
2813
4758
2730
4962
3283
3151
3358
3348
3352
3402
3187
3187
3133
4233
2981
3134
3167
2986
2805
4849
3143
2956
3307
3350
2759
3381
4086
2759
4696
4695
3402
3402
3391
4976
3004
2725
3000
3000
3894
4040
2959
3003
3960
3961
4095
3870
2774
2550
2769
3152
3328
2784
4745
2859
2932
1621
519
2781
3155
3056
3056
4098
3885
3143
2822
3083
2822
2822
4810
2821
2821
2806
2805
2808
4128
3178
4139
4138
4121
3037
3038
3040
3039
3041
3042
4178
4186
3044
3044
4163
3046
4199
3978
3863
3860
2765
3872
3869
3869
3344
3056
3081
3183
2991
2991
3398
2733
4086
2758
3190
3888
4975
3066
4095
4955
3998
2946
3404
3362
4002
3382
3085
4704
3074
2799
3032
4218
4218
4906
3071
4143
4850
4143
3083
4214
3876
4823
4847
3098
3098
2828
4717
4740
3042
2875
4737
2850
4792
2852
3101
3102
2943
3104
4164
4166
4204
4852
4196
3110
4202
3111
3114
3114
4204
4197
3119
3117
3112
3114
3122
3123
4805
4805
2988
4746
4223
4718
3130
2800
4211
2839
2837
2834
2936
4146
2803
4944
4893
2956
4774
4706
4706
2786
2779
3186
2759
3379
2760
4023
3975
4085
3871
3061
3364
4034
3977
3071
4751
2807
2907
4226
3134
4235
2929
2854
2935
4828
4188
4829
4155
4193
4209
2807
4128
4848
4128
3082
3082
3029
3962
3962
4895
3057
3370
3364
3311
4145
4707
3188
3399
3056
3399
3370
3219
3218
3903
3253
4053
3244
3265
3423
3419
3278
3279
4050
3221
3291
3053
3409
3259
3054
3220
3274
3052
3274
3846
3055
2731
3053
3851
3854
3844
3849
3851
3850
3207
3208
3243
3052
3007
3856
3848
3060
3866
3411
4061
3258
3277
3275
4047
3857
3220
3286
3859
3420
3275
4048
3286
4046
3411
3271
2764
3051
2731
3847
4060
3426
3855
3229
3226
3855
3412
3245
3891
3021
3189
3379
3191
3191
3154
3863
3887
3368
3051
4043
3050
4082
2547
3299
2967
2967
2547
3295
3180
2771
2771
2772
3309
2577
2515
3300
3299
3299
3299
3301
3301
2724
3180
2967
2771
2770
4040
3310
3959
4239
3300
2553
2553
3299
3299
2640
3300
2640
4118
3322
2809
4752
4256
4257
4909
3067
4096
2659
2659
4260
3332
3335
3337
4971
3338
4946
4040
4011
4822
3372
4023
4937
4032
4023
3344
2968
2760
2760
3379
2760
3379
2760
3379
3352
3352
3402
3352
4834
3379
3379
2760
2760
4695
3402
4695
4695
3402
3402
3381
3402
3402
3394
3394
3394
3056
3370
3394
4948
4030
3369
3056
3056
3379
3370
3370
3379
3379
3382
3342
4019
4019
3343
4031
3387
4027
4023
4023
4948
3390
3391
3391
3335
3397
3155
3394
3342
3379
3379
3402
3402
3402
3402
3402
3402
3352
3352
3352
3404
3404
3361
3358
3861
3846
3384
2971
3846
2526
2574
3408
3408
3225
3409
4053
3261
3268
3222
3264
4044
3220
3193
3947
3923
3444
3200
3932
3256
3929
3916
3930
3424
3933
3206
3255
3927
3910
3931
3290
3196
3445
3909
3450
3475
3450
3824
3523
3510
3510
3450
3953
3482
3450
3814
3489
3450
3464
3441
3470
3476
3514
3549
3533
3430
3473
3433
3520
3475
3798
3466
3532
3813
3808
3808
3449
3451
3592
3532
3592
3494
3514
3466
3470
3773
3523
3563
3825
3497
3812
3497
3833
3552
3523
3813
3543
3543
3592
3507
3545
3512
3515
3778
3540
3814
3952
3428
3439
3953
3950
3938
3429
3792
3764
3533
3476
3817
3773
3532
3512
3460
3543
3535
3953
3592
3532
3535
3543
3532
3807
3514
3543
3592
3543
3815
3502
3543
3476
3592
3273
3511
3566
3473
3471
3532
3809
3451
3815
3792
3466
3510
3553
3502
3814
3806
3917
3592
3807
3532
3543
3792
3543
3543
3592
3592
3792
3792
3792
3792
3543
3792
3592
3594
3543
3543
3543
3594
3592
3792
3554
3789
3592
3451
3466
3466
3815
3466
3543
3543
3554
3532
3532
3532
3621
3532
3650
3607
3543
3530
3543
3532
3621
3621
3543
3621
3607
3543
3621
3543
3535
3543
3543
3799
3621
3543
3606
3607
3564
3564
3543
3458
3607
3564
3606
3530
3564
3615
3564
3458
3607
3564
3607
3636
3625
3541
3542
3815
3621
3603
3532
3532
3460
3621
3532
3535
3535
3603
3815
3815
3802
3500
3621
3535
3621
3532
3810
3621
3602
3602
3621
3602
3493
3810
3493
3621
3605
3602
3602
3621
3605
3605
3807
3658
3621
3532
3719
3612
3605
3686
3607
3677
3607
3602
3651
3607
3602
3607
3607
3605
3651
3651
3605
3619
3619
3541
3602
3691
3607
3605
3678
3535
3621
3532
3478
3810
3478
3807
3532
3478
3532
3810
3806
3806
3806
3726
3756
3810
3735
3810
3810
3810
3726
3805
3726
3806
3810
3726
3758
3726
3675
3758
3675
3675
3728
3728
3726
3756
3602
3726
3675
3675
3726
3728
3806
3806
3467
3489
3806
3806
3763
3764
3450
3764
3764
3764
3764
3782
3764
3764
3764
3781
3778
3782
3782
3782
3778
3778
3778
3781
3782
3782
3764
3778
3771
3778
3792
3782
3792
3792
3500
3806
3807
3812
3806
3806
3514
3808
3514
3798
3532
3532
3806
3798
3814
3470
3513
3513
3545
3545
3769
3762
3450
3814
3798
3798
3455
3510
3512
3476
3501
3832
3433
3519
3762
3475
2536
2533
2536
3008
2577
2553
2553
2640
2577
3069
3868
3861
3870
3976
3284
3285
2761
3867
3406
2971
3154
3869
3992
3284
3872
4083
4083
3190
3150
4087
3348
3348
3404
3385
3365
3365
3150
3358
3358
3398
3976
2758
3150
3374
3061
3069
3399
3365
3189
3190
3864
3967
3984
4756
4889
2810
3880
3065
2976
4943
3983
3068
2804
4933
2735
4931
2746
2738
3366
2735
4094
4097
3268
3412
3221
3229
3245
3409
3239
3228
3243
3274
3226
3221
3212
3230
3417
3269
3264
3216
3236
3213
4057
4064
4063
4052
3246
3209
3277
3903
3215
3418
3898
4056
3210
3235
3423
3426
3422
3260
3930
3248
3919
3914
3290
3925
3194
3247
3954
3923
3194
3444
3925
3232
3937
3956
3935
3255
3446
3566
3957
3958
3004
3001
3001
2744
3004
4005
4006
4008
3065
2734
3063
4886
2970
4900
3973
4036
3339
4017
4016
3354
3404
3352
3352
3352
3352
3343
3343
4936
2978
4964
2977
3968
2730
2767
2732
2802
4729
3073
4843
4840
4026
3995
4023
4065
3062
2738
3373
3374
3374
4086
4086
3350
3350
3359
3360
3362
3352
3353
3353
3389
4967
2751
3971
3892
3888
4955
4084
3890
3349
3151
4935
4001
4001
4002
3341
4833
4004
4901
3354
4808
4836
4019
4027
3996
4972
4024
4024
3345
3994
4003
4023
4027
4029
4035
4031
4959
4029
3347
3386
2762
4039
4040
4015
4014
3051
3054
3407
3859
3054
3858
3258
3407
3253
3049
3259
3007
3253
3258
3226
3858
4946
4022
2966
3883
4838
4820
4118
3882
3874
3966
2793
3993
3886
4953
3057
3369
3189
3057
3379
3379
3379
3368
3057
3368
3057
1789
1782
4092
1782
4970
4270
1621
4970
1622
1623
2812
4101
4254
4106
4245
4102
4788
3988
2783
4781
4845
4112
4253
2776
4114
4259
4861
3877
4246
2814
3036
2911
2847
3033
4137
2820
4743
4742
3086
3086
4824
3164
3097
4750
3096
2844
3033
3035
2912
3034
3036
4823
2847
2816
4847
2816
2832
4798
4814
4135
2844
2823
3139
2846
4161
4203
2880
4157
4160
2884
4159
4162
3045
4165
4159
4203
3107
3116
4816
3109
4154
4170
4172
4161
3106
4177
2917
2937
4181
2883
4173
2941
4168
2943
3104
4167
3170
2872
2918
4191
4192
4208
4195
4195
4163
4198
4200
4165
4201
4203
3113
4205
4197
4207
4858
4222
4211
4759
3024
4884
4763
4773
4217
4219
4772
4762
4775
4223
3124
3123
4226
2922
4819
4819
4773
4229
4782
4232
4894
4233
3142
2987
2988
3016
4906
2740
4890
2749
2778
3986
3873
3881
519
4756
2958
3884
2974
4255
4752
3991
3989
4242
4839
2648
4698
3414
2544
4914
2585
2557
4911
3310
4884
3894
4776
2757
2958
4453
4463
4455
4456
2903
4863
2905
2893
2893
4465
4456
4462
4465
4284
4866
4275
4455
4285
4285
4279
4460
4283
4282
4464
4285
4462
4274
4384
4677
4368
4667
4677
4677
4647
4647
4647
4647
4677
4648
4677
4673
4368
4368
4392
4368
4368
4486
4395
4397
4368
4368
4368
4486
4492
4666
4395
4492
4664
4512
4499
4492
4492
4492
4677
4677
4677
4677
4647
4677
4437
4652
4648
4652
4368
4486
4486
4648
4486
4486
4371
4368
4368
4486
4371
4502
4486
4368
4668
4668
4668
4368
4368
4486
4661
4486
4395
4397
4486
4666
4666
4491
4492
4666
4383
4511
4490
4395
4486
4395
4661
4505
4492
4515
4511
4492
4492
4499
4572
4368
4648
4492
4647
4677
4648
4652
4368
4368
4659
4368
4368
4368
4368
4368
4397
4397
4492
4668
4572
4492
4677
4677
4677
4648
4677
4673
4486
4368
4673
4368
4368
4648
4368
4442
4397
4442
4486
4395
4668
4499
4395
4666
4512
4514
4572
4465
3120
2894
2896
4462
4275
3122
4863
2903
2892
2904
2921
3122
4832
3048
4450
3121
4450
4466
4467
4451
4295
4865
4277
4277
4471
4466
4470
4482
4282
2894
4507
4485
4507
4552
4507
4507
4511
4511
4513
4519
4547
4560
4548
4560
4560
4519
4622
4621
4610
4617
4612
4622
4553
4588
4551
4511
4549
4588
4549
4518
4519
4520
4688
4688
4526
4523
4688
4691
4690
4473
4878
4692
4694
4693
4693
4473
4296
4601
4542
4542
4683
4684
4684
4881
4684
4881
4289
4685
4542
4553
4553
4547
4556
4549
4479
4588
4589
4476
4589
4589
4589
4589
4569
4548
4558
4591
4477
4567
4685
4469
4469
4469
4590
4520
4520
4522
4524
4523
4523
4530
4872
4538
4537
4598
4596
4542
4877
4686
4592
4479
4589
4477
4471
4449
4468
4298
4289
4289
4300
4289
4300
4291
4864
4294
4561
4619
4621
4621
4617
4617
4623
4622
4575
4632
4631
4625
4624
4563
4624
4559
4627
4523
4637
4629
4636
4563
4570
4564
4876
4641
4533
4523
4580
4581
4874
4874
4534
4598
4543
4543
4541
4596
4495
4496
4501
4661
4605
4605
4501
4608
4486
4608
4610
4661
4612
4661
4661
4515
4572
4572
4573
4513
4513
4511
4512
4508
4511
4490
4486
4486
4507
4486
4484
4678
4494
4546
4290
4866
4286
4286
4299
4288
4451
4297
4694
4297
4280
4460
4482
3379
3379
4042
4179
4179
2938
2939
2803
4722
4707
4723
4715
3092
4725
4755
3043
2842
3094
2930
4715
3094
4711
4719
3881
4705
4728
4704
4709
3092
3145
4890
4728
4248
4256
4120
4749
4714
4127
4743
2925
2870
4754
4701
4739
2860
4741
4785
4958
4731
3158
4752
4126
2814
4735
4786
4757
2939
2869
3043
4979
4932
4761
4761
4745
3147
2909
4770
4819
4818
3084
3125
3125
3024
2811
2961
2979
4772
2964
3145
4884
3124
3124
3124
4778
4226
3084
4099
4110
4783
4775
4720
4023
2972
4246
3088
2928
3102
2858
4799
4184
2952
2953
4815
2955
2952
2952
4025
4804
2755
3026
3026
3026
4002
4124
4124
4144
4124
4122
2817
2830
4792
4169
4205
4809
4809
4806
3965
2953
4023
2854
4825
4826
4827
3169
3170
4830
4171
3172
4832
4959
3345
3343
4019
4808
3884
2750
4252
4965
4066
4020
3384
2973
4111
4242
2911
2815
4811
4812
4141
4147
2927
3107
4831
3108
2879
4206
4200
4771
4882
2792
4796
4868
4868
4275
4274
3122
4277
4869
4870
4869
4298
4598
4566
4867
4474
4874
4537
4302
4771
4771
4771
2956
3123
3020
4887
4249
2949
4891
2737
2515
2801
4895
4896
4897
4898
3886
4038
4098
4901
3885
3142
4907
4902
4908
4116
2655
2612
3316
3301
2593
2640
3300
3299
3300
3300
3299
3300
3299
3299
3299
3299
3299
3299
2997
2728
4978
4951
4065
3381
3402
3352
3402
4895
3352
3402
3181
3366
3394
4934
3368
3368
4969
2945
3368
3338
3995
3181
3009
4939
4949
4950
4970
2735
2733
2746
3057
3057
3338
3352
3353
4954
3062
3373
4084
3374
4086
4088
3349
3362
3348
3352
3352
3362
3353
3353
4967
3388
4947
4978
2504
2747
3389
3389
4930
3397
4974
3396
2728
4899
3969
3874
3878
2515
3882
2757
4838
4790
4988
4117
3157
4071
4907
519
2781
4258
1623
2007
2009
1919
2009
