4902
4302
2449
2442
2442
2466
3323
3416
2525
2458
3323
1581
2471
4902
4902
2504
10
111
94
4903
4903
3284
32
111
2487
2487
2584
3284
128
102
100
100
56
56
100
128
2425
2440
4111
2475
3295
2515
1748
4902
4903
4903
94
2
3284
3296
2540
2433
2486
2431
1581
2442
2458
808
128
128
89
2442
2466
4107
4902
2489
2471
2468
2471
2425
2449
2534
56
56
2485
2486
2549
125
32
2549
3284
2487
2483
2515
2502
2536
2502
3793
2461
2461
2461
56
12
2467
52
2466
2449
126
106
2577
2483
2493
3416
2442
2466
2449
2425
2461
1748
2478
2528
2442
2489
2449
2442
2535
2466
2440
88
128
2518
2461
2536
2502
2515
2434
28
3793
811
2471
2449
2502
125
2417
16
810
2528
3299
2529
2466
2449
2469
6
2440
2471
2449
2434
2434
3284
2536
2536
2536
2461
56
56
2536
2485
2486
2434
56
56
56
56
56
56
125
56
56
102
2485
2461
2461
56
56
56
56
56
56
2461
56
33
26
56
56
56
56
2536
2461
2434
2536
2536
3793
56
56
56
1429
558
2391
788
203
1342
649
1347
1532
1577
828
2358
238
1573
1728
1349
2329
2389
202
630
2306
1588
4310
180
207
254
1470
890
1460
1489
4820
771
831
2345
889
889
2112
4044
890
890
890
843
2387
4089
4091
855
855
2112
838
838
1425
829
890
889
649
472
474
828
440
632
1561
1593
1734
428
117
802
1748
1733
1598
800
1729
2182
2300
1738
1736
1720
792
434
639
461
2296
2296
623
461
1727
1556
274
276
293
301
268
2120
2135
2135
492
285
4973
577
2228
668
465
289
802
2163
418
2353
640
276
2160
517
383
589
2144
302
1643
684
682
308
308
314
310
626
625
592
331
402
594
2234
663
343
414
2204
1668
2207
1673
341
1671
1670
330
332
2234
349
349
1669
407
338
595
408
347
1665
411
597
414
354
1663
1649
600
1677
415
2225
357
1651
1653
604
358
375
377
1649
356
2226
362
363
1693
1693
1696
367
366
1913
370
1909
1909
1910
1761
1759
1759
1753
1904
1756
1908
1758
1758
1910
1910
1759
2173
2173
2175
2288
1632
2130
2127
2131
524
352
1687
393
1688
1911
1762
1762
2169
657
350
345
407
318
523
2151
413
358
2207
1667
1678
1666
1658
1654
1685
1684
1660
1692
329
2247
191
878
2329
855
1738
2141
462
2307
1702
4992
2879
1702
2289
636
2187
1703
641
1483
256
1492
4084
2404
1525
442
2197
1727
2248
440
471
841
841
472
829
890
890
886
2187
397
2170
624
2297
2296
508
1719
466
464
1702
889
761
761
2112
2114
2114
886
886
889
2391
2327
204
559
1585
790
4884
211
489
543
428
645
489
1703
1350
345
2949
489
492
858
2300
856
2329
209
1368
2175
504
2185
2175
617
457
636
509
512
508
511
672
791
3105
2120
2138
329
2125
337
2118
525
526
391
1656
1690
1689
1914
612
1915
645
759
2346
2331
1476
2368
1514
565
565
652
495
851
851
474
832
885
196
761
761
2301
1365
686
2328
481
1586
471
238
1334
883
890
1453
1510
1735
1595
2141
804
636
1697
1709
868
2186
615
2212
577
253
631
1612
298
1642
1642
1645
463
335
2117
342
405
330
2202
333
317
353
599
1650
1679
606
1682
607
608
611
610
1760
1754
371
1906
2205
1909
1909
1902
1919
1912
2181
458
2187
619
2171
2172
283
282
2135
571
345
338
590
2126
629
2166
1357
2399
1702
2139
2184
2140
2155
2179
2179
2112
2112
2114
2383
868
865
2113
840
824
882
1527
1311
871
803
4729
621
2235
2237
661
2238
2266
1678
2239
2268
1755
1764
2178
2173
2177
2229
510
381
513
4729
2289
485
855
855
879
420
3181
265
681
2184
1446
856
206
878
913
697
1385
1547
1548
753
697
1388
1390
1379
702
709
1547
704
1540
1540
722
708
541
1541
748
718
712
541
1292
727
727
565
1336
1311
2368
751
1371
702
1540
743
728
1306
1306
2252
1293
1306
904
711
697
1371
916
711
1292
711
1292
712
913
732
1337
2368
702
1311
1550
194
711
1295
1388
1381
1293
1546
725
194
713
1545
713
2356
2342
855
2114
851
205
852
685
864
1363
2114
855
692
1379
1338
1367
2461
56
256
73
55
32
102
102
2406
56
2486
3284
117
256
4063
3182
619
2485
2536
2461
129
56
3284
2461
4085
1722
1461
443
2159
1737
1738
2442
1582
809
1580
52
3416
2442
480
1431
482
241
1533
4092
1523
1531
2352
674
825
1443
2383
1528
674
2114
2114
886
886
2114
886
890
890
890
890
890
2114
886
886
886
886
2114
886
889
886
886
886
886
878
878
877
1531
855
2389
2298
1532
855
2329
878
855
2114
2114
1529
820
2383
816
1532
1530
2359
874
2210
2299
881
2327
2389
2389
188
812
1526
2389
1531
886
886
886
890
886
890
829
890
890
843
891
891
835
2335
1345
901
1518
1514
2458
3323
2493
1541
743
1546
1552
753
1540
1548
702
1370
704
734
722
937
925
926
1043
695
1409
1395
750
1043
1393
1403
1404
1383
937
1393
691
1385
1398
1398
1410
1397
1013
1013
992
931
1420
921
1416
1416
958
952
960
1418
1407
998
1416
959
923
923
1418
1424
921
935
935
1412
992
957
992
931
976
923
993
931
959
976
957
1420
996
923
992
960
1031
999
923
1000
933
996
1420
927
1407
1422
996
993
1029
993
919
931
919
919
1039
1013
932
1412
1406
935
1407
1407
1408
929
1031
1038
932
992
992
992
1424
960
957
996
959
932
931
1031
1031
999
1031
1031
1415
938
1039
992
931
938
1418
1418
1029
935
998
935
922
998
959
1031
976
996
993
992
1424
944
957
1031
999
935
935
921
1031
1029
1039
1268
1039
1268
1268
1039
995
1039
1223
1039
938
1039
938
1039
1268
1039
1268
1268
1223
1001
992
992
992
957
992
957
992
1273
976
1281
959
957
1281
991
1272
990
1273
990
991
957
1277
1281
991
976
982
1273
982
1250
976
990
976
976
991
991
982
943
949
1028
991
991
982
942
991
1024
1267
1272
1024
982
982
985
942
942
942
1040
976
990
957
990
976
1281
1273
1277
959
1031
959
959
996
996
1420
1279
1277
1281
1031
1031
1281
1278
955
1279
983
982
1280
1280
955
1277
955
1279
1005
1279
955
1272
1281
1281
1278
982
983
983
983
983
982
1256
982
983
982
1257
983
1257
982
1256
983
983
983
985
983
1031
1031
1277
1031
1281
1280
1280
1280
1281
1281
1281
1031
1278
999
1031
1278
1278
1278
999
1280
1278
1278
1278
1280
923
1279
1278
1278
1005
1278
1026
1005
1026
1005
1005
1005
1005
1278
1278
1278
1026
1005
1026
1005
984
1280
1280
999
984
1031
1031
1013
1038
1038
992
992
997
953
953
1275
992
992
953
952
952
1275
939
1275
952
953
1275
952
1275
952
992
1038
992
992
1038
1038
992
952
952
1420
1281
1281
923
1031
923
999
923
960
999
1424
923
999
1031
999
1424
931
960
992
997
931
998
1414
1013
1013
1424
1424
922
921
1416
919
1418
932
932
932
933
1422
1038
1013
2471
4985
128
102
2502
2461
56
869
495
2335
495
576
1515
1476
1337
864
472
2331
474
1449
2252
550
550
576
1446
1324
2251
838
840
840
864
829
890
889
887
835
824
420
205
891
890
208
495
576
234
828
2113
859
869
871
205
856
863
863
2336
1517
1356
4089
2303
557
1433
2633
446
2248
2293
209
4081
1458
2384
189
202
212
551
856
855
856
2390
1360
2401
1368
1550
753
692
1552
737
724
753
1548
1550
1550
744
1379
722
1375
913
1378
693
914
755
702
722
1552
709
1378
1380
698
1391
1384
701
1371
912
1377
1389
1371
1388
774
1399
1394
1402
1393
1390
1383
1402
749
719
738
1396
1412
937
1394
1406
1409
1401
1409
926
1393
1393
695
487
3940
559
4308
484
3944
757
1565
758
2211
447
418
4994
2115
814
2305
872
1534
1444
1516
1516
1470
1470
1470
890
2383
2362
2381
2383
2380
818
817
440
1564
2397
1559
439
262
2256
1607
4088
1517
4092
2210
2210
2304
551
419
863
2113
2113
854
887
234
890
889
208
889
890
208
890
2381
890
2381
2382
1491
219
482
4666
1362
2357
1570
1325
642
846
643
847
470
1489
818
1510
2620
4820
1426
4884
1539
1522
873
2246
2347
1471
1471
273
2210
2347
2242
273
874
1471
2351
2351
488
2350
815
2351
2349
2334
2334
1538
790
1539
4063
711
541
727
712
748
715
728
712
1540
905
715
716
1544
712
1541
726
1441
3994
3957
3957
3957
4311
3871
4988
3859
3990
3990
4049
2354
2301
855
856
856
855
2114
855
855
855
2113
4108
2418
4107
3322
2396
4308
2417
2396
4310
1599
2255
1739
2192
1462
2271
2287
4984
2310
4126
1604
2271
2395
258
259
4292
800
2395
4987
278
2154
518
1634
515
572
1624
2161
577
1637
582
1620
1621
2223
2224
277
1625
514
1609
416
2122
588
2233
300
1615
281
1641
1648
584
402
1644
592
1647
1646
327
1686
361
364
1695
611
366
368
528
605
605
367
608
609
2267
1694
1683
666
1696
1695
2241
1664
1661
355
1657
1685
1680
604
1662
599
1659
1689
1691
1664
1760
369
2276
374
365
376
1761
530
530
1901
1901
1916
1755
1757
374
1908
373
376
1905
283
467
255
1697
1697
1591
290
621
621
622
2170
3176
1712
1601
1604
4132
421
2294
263
1718
1720
1718
1717
4088
444
2292
260
2142
233
1432
2166
1435
2167
4082
233
2256
272
801
1723
2136
1725
1606
1560
2518
2449
2466
2485
2541
2494
2494
2489
2442
467
4110
467
2878
2878
2105
1769
2277
1771
1907
2110
1774
1774
1773
1918
2277
2277
1768
1926
2102
2105
1921
2031
1923
2031
2109
2031
2108
2108
2019
2029
2029
2023
1820
1820
1837
1869
1820
1869
1869
1869
1869
1820
1869
1820
1869
1820
1820
1820
1869
1869
1837
1837
1794
1869
1794
1837
1837
1837
1837
1794
1837
1837
1837
1837
1837
1837
1869
1869
1869
1869
1869
1869
1869
1869
1869
1869
1869
1869
1820
1837
1820
1869
1820
1820
1869
1869
1869
1820
1820
1869
1869
1820
1837
1837
1820
1794
1837
1794
1794
1794
1837
1820
1820
1794
1837
1837
1837
1837
1837
1837
1794
1837
1837
1794
1837
1837
1874
1837
1837
1874
1837
1820
1820
1837
1869
1869
1869
1869
1869
1869
1869
1820
1820
1837
1794
1837
1794
1837
1837
1837
1837
1869
1869
1869
1820
1869
1869
1820
1820
1837
1820
1820
1869
1820
1869
1820
1837
1820
1837
1837
1837
1837
1837
1837
1926
1918
1927
2274
2104
1770
2273
2110
1773
1773
1773
1775
1769
1769
1919
1919
1927
1759
2018
2108
1987
1968
2031
2030
2029
2031
2018
1987
1987
2108
1927
1869
1837
1837
1837
1837
1837
1874
1874
1874
1874
1874
1869
1783
1869
1794
1874
1874
1804
1794
1794
1841
1841
1874
1837
1790
1837
1781
1874
1874
1874
1806
1874
1856
1806
1856
1855
1806
2088
1942
1956
1958
2041
1961
1936
2088
1961
1958
1958
2008
2051
2051
2008
1970
2278
1982
2282
1998
2000
1998
2282
2095
1837
1885
2090
1781
1781
1847
1847
1931
1929
2097
1930
1950
1885
1843
2097
2047
1996
1997
1998
1992
1990
1950
1874
1855
1855
1855
1855
2087
2040
2040
2042
2008
2008
2051
2052
2054
2054
2045
1949
1931
1989
1949
2003
2003
2002
2002
2002
1978
1970
1970
1970
1969
1967
1843
1843
1804
1794
1804
1844
1844
1855
2083
1855
1855
2083
1855
1842
2081
2081
2082
2087
1948
2085
1947
1947
2081
2081
2036
2087
2037
2038
2040
2038
2043
2048
2042
2036
2034
2051
2054
2046
2052
1869
1869
1869
1869
1869
1869
1869
1869
1869
1794
1794
1794
1794
1794
1841
1837
1794
1837
1837
1837
1841
1874
1874
1874
1874
1837
1837
1837
1837
1837
1837
1861
1837
1869
1869
1869
2281
2023
2029
2281
1975
2019
1988
1935
1935
1935
1959
1967
1959
2108
4036
4830
598
360
1672
630
207
638
638
2129
2147
1670
411
1670
340
2148
2143
2151
340
2129
2166
2140
1725
1608
267
1618
2123
1466
1464
1737
620
2156
261
1616
311
591
346
348
1665
359
2164
406
2157
2132
490
803
1726
1348
2145
311
264
1465
1466
359
527
557
1438
1698
621
286
1700
1750
2270
2181
467
430
1711
2168
1709
569
2193
1705
2288
2169
2168
1750
4750
1714
1714
654
2172
2362
1592
1751
2198
2206
344
344
2265
602
1906
1709
2263
1715
459
435
1468
456
433
456
433
822
574
504
281
383
1626
2262
319
2226
372
2288
1702
2185
4990
1709
2383
519
662
661
341
353
2240
1681
362
666
4080
2362
1530
2383
2383
821
4993
4081
1732
2404
2879
1516
822
2254
1601
1740
1629
507
304
1627
1613
585
316
1694
361
601
664
1757
1913
657
1605
4082
1907
1765
1920
2029
1772
1904
1968
2008
1958
1994
1998
2051
2045
1968
2051
2054
2023
1713
2187
1568
483
487
1439
284
4884
492
422
2294
478
479
2303
2388
1513
285
3940
1537
422
2307
2292
2310
2440
2549
4909
3284
2485
2461
2434
56
2536
56
26
56
129
129
56
210
2326
553
189
202
889
886
889
2381
890
2298
889
889
890
212
551
196
196
2112
2112
203
213
2342
855
2348
1535
2291
2299
214
812
477
1359
1360
1361
1361
1362
855
855
417
1535
2381
2381
551
1363
862
675
496
839
839
839
888
828
865
843
208
843
843
1490
1524
1523
213
219
438
1567
2689
2362
1469
189
477
2392
204
2295
2392
2344
492
4285
2309
2933
3871
2878
3957
2887
4134
2687
4291
1716
2408
4899
498
2488
2428
2450
2442
2442
2442
2423
2491
2422
2511
2416
2450
2488
2488
2527
2512
2459
2477
2543
2544
2655
2655
2544
2544
3328
2476
2544
2544
2655
2651
3328
2651
3328
2651
2651
3328
2651
2651
2651
2651
2651
2651
2651
2450
2511
2477
2518
2541
2445
2653
2489
2488
2567
2429
2429
2544
2563
2577
2544
2544
2544
2493
2436
2422
2939
2651
2655
2655
3328
2651
3328
2503
2442
2449
2494
2494
2526
2450
2449
2450
2450
2526
2655
2439
3290
2439
2544
2477
2527
2655
2567
2483
2544
2483
2483
2439
2439
2437
2439
2439
2439
2445
3290
2477
2423
3320
2511
2450
2429
2449
2483
2483
2422
2449
2442
2450
2494
2529
2503
2658
2518
2658
2442
2494
2449
2423
3328
2450
2466
2459
2527
3328
2651
2651
4911
2461
2439
2445
2483
3290
2939
3328
2653
2477
2655
2655
2526
2439
2449
2655
2525
2459
2424
2459
3328
2658
2457
2423
2442
2442
2511
2526
2526
2526
2461
3290
3290
3290
3290
2439
3290
2439
2439
2439
2655
2439
2439
2439
3290
3290
3290
3290
2655
3290
3290
3290
2439
2655
2655
2655
2439
2439
2439
2655
2655
2655
2439
2439
2655
2439
2655
2439
2439
2655
2655
3290
2655
3290
2655
3290
2439
2439
2439
3290
3290
2439
2439
2439
2521
3290
3290
2655
2439
2938
3390
3390
4980
3145
3177
4953
4978
3146
3376
3279
4935
3995
4941
4932
4917
3377
3367
3392
3341
3884
2609
3021
2585
2604
4722
4938
3383
3352
3352
2927
3401
4079
3279
2929
3352
3373
3340
2625
3352
3352
3352
3399
4922
4923
2890
4665
3371
3367
3349
3349
3349
2888
3352
3399
4922
2929
3146
3279
3279
3403
3868
4284
4062
4037
3312
2651
3939
2651
3939
2654
4894
2653
3299
4123
4277
4710
2946
4686
3147
4297
2669
3107
3130
4742
1721
4276
1716
4272
4752
4007
3183
4273
4711
2664
4673
2965
4688
2873
4286
2688
2701
2697
3166
2969
380
667
3313
4710
2956
2702
2893
4691
4792
2705
3154
2672
4696
4142
2665
2882
4787
2714
4172
2716
4141
2740
2720
2741
2724
4762
3058
4819
3164
4238
3096
4798
4194
2789
4184
4218
2838
3117
2744
3156
2764
4703
4776
4845
4189
4818
4176
2765
2857
2796
3093
4238
2793
4197
2986
4243
3094
4240
4229
4241
4241
4232
4180
3090
4488
2815
2798
2801
3098
3099
2833
2814
2802
2783
2783
4226
4463
4471
4332
4489
4488
4488
4577
4577
4486
4479
4485
4661
4661
4660
4662
4660
4660
4660
4488
1750
4750
2175
467
2822
4808
2846
3155
2829
4184
4185
4236
3099
4475
4486
4486
4271
423
2776
2777
4847
4177
3156
2826
2982
4179
4193
4819
4227
2830
4181
4181
2797
4242
2802
4239
2808
2976
3877
3361
3371
3377
4889
4298
4276
4276
4997
1715
575
4827
3958
2289
2673
4777
4727
2660
4039
2651
3939
4971
4285
4976
4043
2894
4740
3947
2989
3136
3135
2929
3399
2929
3352
3352
4747
2912
2667
2667
4896
4896
4818
4275
3175
2970
1702
1702
2939
2929
3373
3340
3373
3374
3267
3374
3341
3341
3331
4977
3324
4890
2586
2586
3022
2651
3326
4938
3941
3941
3942
3844
3328
2651
2651
3844
2585
2945
4728
4212
2774
2941
2871
3316
3335
3377
3377
2608
2587
1702
616
2186
615
2185
2185
2882
3103
2972
4275
618
672
3106
3040
2964
4157
2846
2759
2853
4811
2828
4218
2985
4187
4187
2782
4463
4464
4487
4039
3835
3005
3850
4831
3835
3835
3380
3367
3962
3004
4921
2628
3335
3361
3373
3373
4947
2955
3883
3021
2935
3880
2638
4954
4922
4922
4821
3961
3037
2603
4298
2881
4747
1721
1721
4272
3961
2228
500
615
2229
4295
4723
3052
4842
3055
3056
4170
4706
4670
4207
4846
2763
2863
3086
4816
4195
3164
2809
3092
2783
4467
4317
2811
2815
2814
4488
4488
4860
4860
4317
4488
4332
4332
4487
4860
4661
426
425
2289
3106
4717
3038
3039
3127
4688
3127
4768
4192
4195
2767
4165
2589
3283
4889
1702
4271
4742
4724
4754
4741
4124
3373
3267
3349
3334
3034
3279
3279
3335
2952
3336
3963
3962
4695
4729
4729
4896
4896
4896
2728
2917
3161
4846
4227
4228
2833
4321
4485
4729
378
380
381
1710
381
513
4888
4888
4058
3349
3371
2952
3182
4274
2911
3151
3377
3377
3377
3367
3197
3197
3442
3213
3887
4074
3421
3442
3442
3893
3260
3892
4074
3892
4074
3203
3241
3801
3241
3218
3822
4074
3964
3801
3801
4074
3964
3005
3146
3963
4039
3218
3439
3442
4074
3822
3218
2943
2943
3964
3963
3963
3197
3241
3197
3197
3887
3801
3241
3850
3241
3442
3439
3197
3850
3421
3963
4074
2943
3964
2943
3844
3197
3439
3146
3241
3218
3801
4074
3241
3878
4924
3349
3267
3004
3142
3835
3835
2955
3349
3803
3197
3850
4946
2439
2655
3939
3939
2439
2655
3939
3939
2655
2655
2655
2651
3861
3290
3290
3290
3290
2544
3290
2938
3939
3939
3939
2937
2651
2653
4037
3182
2439
2439
2439
2439
2655
2439
3290
2439
4135
4279
2663
3986
4719
4298
4995
2611
2944
2424
3318
2416
2493
4890
2625
4971
4059
4040
2651
4976
3334
3336
3383
3381
3382
3383
3380
4059
3349
3267
3267
3267
3341
3267
3267
3352
3352
3352
3352
4922
4665
4665
3267
3341
3374
3341
3341
3374
3340
3341
3374
3341
3341
3367
3367
3367
3367
3367
3367
4054
3336
3377
3377
3377
3371
3367
3367
3267
3267
3961
3335
3383
3383
3352
3376
4825
3383
3383
3383
4057
3145
3367
3367
4979
4053
3336
3367
3367
4665
3267
3341
3341
3352
3341
3352
3352
3352
3352
3352
4922
4922
4922
4922
3989
3964
2627
4831
3964
2422
2422
3241
3241
3241
3203
3260
4074
3421
3893
3887
3892
3203
3442
3509
3428
3445
3445
3935
3442
3440
3442
3445
3442
3431
3442
3935
3935
3442
3442
3432
3442
3787
3442
3532
3498
3496
3489
3785
3783
3783
3460
3491
3491
3532
3785
3785
3460
3783
3468
3532
3785
3785
3491
3783
3783
3491
3787
3783
3498
3490
3475
3485
3493
3487
3785
3492
3548
3520
3771
3520
3489
3785
3450
3496
3548
3785
3492
3785
3492
3489
3492
3492
3527
3492
3493
3470
3771
3771
3492
3492
3468
3497
3772
3527
3454
3527
3527
3502
3491
3787
3527
3502
3771
3498
3490
3785
3475
3548
3493
3492
3771
3771
3493
3491
3472
3493
3493
3771
3485
3493
3489
3472
3520
3520
3450
3492
3544
3785
3513
3445
3468
3787
3490
3775
3485
3489
3496
3450
3514
3548
3783
3498
3492
3785
3481
3927
3513
3489
3493
3472
3514
3472
3576
3513
3513
3545
3541
3545
3545
3472
3514
3513
3514
3472
3472
3472
3575
3483
3541
3475
3548
3475
3548
3486
3496
3475
3771
3759
3520
3520
3485
3485
3450
3728
3485
3520
3687
3520
3550
3520
3638
3728
3728
3520
3728
3524
3759
3728
3524
3475
3520
3520
3475
3728
3520
3659
3661
3661
3627
3524
3526
3659
3524
3526
3526
3661
3652
3687
3526
3524
3687
3524
3591
3691
3591
3627
3450
3728
3475
3485
3771
3496
3638
3638
3493
3493
3475
3450
3450
3489
3492
3728
3728
3766
3485
3488
3766
3728
3728
3766
3728
3728
3488
3728
3728
3728
3728
3728
3766
3766
3766
3489
3691
3488
3638
3691
3728
3766
3691
3687
3691
3697
3659
3659
3659
3697
3687
3687
3697
3691
3691
3697
3697
3697
3553
3697
3717
3687
3697
3659
3493
3726
3726
3488
3488
3493
3489
3488
3728
3493
3481
3481
3481
3481
3694
3694
3488
3481
3488
3488
3694
3694
3489
3694
3481
3704
3694
3694
3694
3727
3691
3694
3699
3691
3691
3699
3694
3694
3694
3694
3710
3727
3691
3481
3481
3785
3489
3488
3481
3548
3775
3498
3498
3548
3537
3540
3540
3540
3498
3540
3732
3777
3776
3733
3776
3772
3772
3463
3730
3776
3733
3449
3449
3451
3448
3773
3736
3738
3469
3492
3481
3489
3489
3481
3481
3785
3785
3785
3785
3481
3481
3481
3785
3532
3532
3775
3775
3775
3775
3775
3775
3532
3780
3785
3785
3783
3783
3468
3785
3487
3487
3527
3527
3498
3498
2450
2450
2450
2655
2655
2439
2439
2439
2439
3004
3146
4039
3844
3962
3005
3835
4921
2628
4043
4043
3835
3835
4039
3835
4831
3279
3279
3279
2929
3279
2929
2929
4922
3043
3377
2952
2929
3399
3399
3004
3962
3373
3279
3279
3138
3004
3377
3377
3349
3349
3966
4885
4827
3956
4932
2600
4827
3882
4032
2868
2890
3831
2609
2587
4929
3392
3365
2634
2634
2612
3875
2608
3893
4074
3893
3203
3241
4074
4074
3260
3260
4074
3893
4074
3892
3892
3197
3893
3916
3916
3916
3421
3916
3197
3197
3892
3197
3197
3442
3197
3909
3197
3439
3197
3197
3197
3442
3922
3442
3442
3445
3442
3442
3442
3442
3442
3442
3445
3527
3509
3440
3508
3935
3935
3445
3935
3502
3442
3935
3787
4888
4881
3941
2934
2934
3022
3324
4895
3017
3831
3882
3829
3845
2604
4829
4060
4939
3327
3376
4832
4043
4051
4922
3352
3352
3352
3352
2627
2627
3345
4922
3346
3403
2645
3948
4828
4288
2953
4289
4694
3962
4050
3991
3334
4047
4048
3368
2634
3349
3349
3279
3279
3373
3352
2929
3399
3352
4922
3352
4922
2627
2627
3992
2613
4892
4927
3836
3880
4935
4935
4931
4921
4923
4923
3398
4821
4045
3325
4035
4894
4051
3034
4825
3383
3383
4047
4046
4040
4047
4040
4034
4046
4047
3383
3336
2595
3327
4056
3366
3333
3333
2888
2640
4061
4061
3326
3213
3218
3822
3822
3218
3822
3213
3822
3218
4074
3241
3218
3213
3241
4074
3822
4040
4969
4050
3957
4827
4285
4826
4827
2878
2890
4829
4034
2612
4981
3377
3377
3377
3377
3267
4665
3267
3349
3349
3349
3349
3322
2525
3321
2418
4942
4109
2950
4919
4991
1587
4751
4119
4120
4875
4279
3310
4127
2677
2669
4730
4133
3981
4281
4118
2889
4300
3981
4290
4290
2683
2823
2707
4806
4139
4160
4698
4681
4700
2694
4173
4175
3122
4151
4152
4153
2717
4139
4156
2745
2974
2823
4149
4159
4788
4841
4162
4167
2727
2715
2703
2721
2966
2919
3123
4234
4315
3097
4226
2815
2783
2815
3099
3092
3092
2815
4315
4858
4317
4470
2802
4474
3091
4232
2987
2807
4799
2986
4183
4181
4181
3091
4230
2800
4853
4182
2808
4233
4488
4462
4462
4477
4470
4488
2815
4463
4463
4479
4463
4464
4862
4862
4489
4489
4319
4477
2872
2872
4269
467
2289
4712
3050
2308
4276
4996
2657
2686
3038
1702
270
4897
4269
2175
4247
4116
4121
4267
4132
4883
2951
4998
2661
2668
2951
1716
2606
2666
2867
4278
3864
4804
4893
4891
3949
4804
3868
2677
3986
3986
4689
4282
4281
4758
2518
2658
2466
2485
2540
2449
2449
2489
2653
2289
2610
467
2878
2878
4548
4580
4526
4528
4519
4526
4519
4577
4577
4547
4659
4579
4547
4551
4609
4561
4520
4607
4607
4518
4518
4515
4519
4510
4607
4562
4551
4453
4379
4453
4453
4379
4379
4379
4379
4379
4379
4379
4379
4379
4379
4379
4379
4453
4379
4379
4379
4453
4453
4379
4379
4379
4379
4453
4453
4453
4453
4453
4435
4434
4453
4434
4434
4379
4379
4379
4379
4379
4379
4379
4420
4379
4379
4379
4379
4379
4379
4379
4379
4379
4379
4379
4379
4379
4379
4379
4379
4379
4379
4379
4379
4379
4379
4379
4379
4453
4453
4453
4453
4453
4453
4453
4453
4453
4435
4457
4453
4379
4453
4453
4453
4434
4434
4435
4453
4409
4434
4453
4379
4379
4453
4379
4379
4379
4379
4379
4379
4379
4379
4379
4379
4379
4379
4453
4453
4453
4453
4434
4453
4379
4379
4379
4379
4379
4379
4379
4379
4379
4379
4379
4379
4379
4453
4453
4453
4379
4453
4453
4434
4453
4453
4435
4434
4409
4547
4546
4545
4579
4579
4579
4661
4526
4526
4660
4660
4486
4659
4580
4546
4513
4577
4511
4511
4513
4511
4565
4565
4599
4599
4495
4495
4416
4496
4519
4513
4379
4379
4379
4435
4379
4435
4435
4435
4435
4435
4381
4379
4381
4379
4379
4435
4434
4337
4453
4457
4434
4434
4361
4361
4435
4435
4435
4435
4435
4435
4435
4435
4435
4416
4435
4459
4459
4416
4640
4503
4503
4640
4416
4503
4640
4503
4498
4503
4508
4508
4597
4597
4597
4508
4597
4508
4592
4593
4504
4381
4354
4381
4354
4435
4416
4415
4392
4646
4392
4646
4354
4392
4383
4381
4446
4444
4493
4624
4502
4490
4490
4493
4646
4435
4435
4438
4459
4459
4459
4638
4638
4506
4506
4506
4508
4504
4504
4504
4650
4416
4416
4646
4494
4511
4492
4543
4592
4555
4597
4597
4597
4601
4601
4498
4358
4358
4358
4358
4358
4409
4434
4410
4410
4438
4438
4438
4457
4358
4358
4627
4358
4459
4459
4438
4418
4411
4650
4418
4418
4399
4638
4459
4506
4419
4628
4628
4506
4508
4628
4504
4628
4508
4379
4379
4379
4379
4379
4379
4379
4453
4379
4453
4453
4453
4453
4453
4409
4434
4434
4453
4434
4435
4435
4435
4435
4435
4435
4457
4379
4379
4379
4379
4379
4379
4379
4379
4597
4609
4607
4597
4509
4509
4511
4640
4416
4498
4498
4515
4496
4665
4665
4063
3083
2796
2797
2797
4882
4722
3129
4672
4713
4137
4675
2855
4186
2762
4678
4683
3315
2979
4207
4682
4882
4256
4280
4671
4674
4683
4257
4671
4693
3124
4713
3131
4697
2704
4715
4708
2748
4211
2779
4208
4669
2765
3114
2685
3264
4755
3314
4718
4136
2683
4716
4695
4982
2797
4197
3083
3264
3020
2686
4269
4248
4255
1750
4117
3176
1750
1750
2288
467
467
4735
4777
424
2405
3049
4245
2289
2289
2289
1702
4898
4270
2173
4265
4128
4268
2686
3109
3383
4757
4290
3134
2726
2799
4238
4240
4240
1717
1715
4239
1717
1715
1715
4012
3960
2615
3104
431
4803
3970
505
4782
2212
4784
4839
3054
2716
4188
2813
4319
2185
617
432
3977
2308
2627
4807
3161
3161
4818
2790
4227
2987
3099
4462
4485
4055
4040
3352
3383
4825
3978
4786
4284
4933
4012
4043
4922
4122
4129
3981
4837
3045
3044
2695
2692
2710
4760
4858
4474
2810
2832
4330
4479
270
4835
4857
4661
4520
4520
4562
4551
4659
4599
4503
4565
4503
4502
4508
4504
4555
4597
4628
4506
4555
423
270
423
1702
270
4093
3381
4286
4893
4899
4979
3861
4883
4938
3385
4940
3386
4978
2640
4880
4013
3876
4998
4997
2687
4282
2662
2477
2477
2567
2544
2544
2439
3290
2655
3290
3290
3290
3290
2655
2655
2655
3290
2655
3290
2932
3387
4094
3392
4833
3341
3340
3352
3341
3337
3352
3352
4058
2634
3392
3361
3349
3349
3883
3020
3349
4055
3334
3337
4054
4057
4053
4053
2587
4920
3369
3369
3349
2634
4936
3352
2627
3369
3368
3349
3279
3279
3279
3279
2929
3399
2929
3352
3399
4922
2627
2627
3330
3993
4939
3883
2609
4925
2627
3379
3876
3331
3388
4053
4941
4943
4924
3859
4086
4999
4827
2878
4827
3957
3957
4134
3147
4135
4997
2408
2407
4299
4112
1837
1837
1837
1837
