2544
2540
2583
2692
4920
3283
2692
2692
2542
2588
2514
2511
2498
4915
2515
2509
2565
121
2635
2497
2546
1781
147
2608
105
1
15
2510
4283
1
3
69
17
894
40
40
894
40
4920
2544
2510
2497
4280
52
48
2516
2515
2535
4913
2499
4283
2615
2615
15
42
1788
21
2511
4927
2604
106
99
99
81
2534
2692
4927
2516
4918
2568
4914
2588
2540
2523
3283
4914
6
1350
1351
68
4281
2533
2502
65
5
45
1781
46
46
67
73
133
2507
75
14
48
65
65
2564
2639
2636
2636
3283
2592
2571
52
2692
2625
2543
4920
4920
3285
16
41
17
2545
20
4920
2517
2641
2655
2583
70
4927
3283
2501
821
99
2549
13
13
2
21
3313
18
2563
2600
2562
73
2571
72
65
2588
2500
4920
99
19
2511
70
4920
2692
2510
2499
3285
2562
4915
2541
4281
4281
4281
4281
4281
2592
117
4282
4282
118
117
39
68
2601
2594
118
118
2594
2594
65
1782
97
118
1782
117
117
117
39
118
118
118
6
118
118
152
150
1350
118
152
152
118
118
65
1782
118
118
4282
4282
4282
117
117
4282
4281
4281
117
118
2566
4282
4282
2594
57
232
4105
1405
211
2388
751
4993
488
2385
512
4904
4719
2400
2451
4748
1408
3886
2450
2483
1612
1412
98
842
1410
1764
2385
2467
2479
2479
435
2460
98
774
887
774
774
2249
779
779
1767
2478
2478
2478
2460
2460
2460
774
490
774
774
744
888
566
566
2394
2490
3058
1478
3305
139
3304
1478
142
4250
473
570
4259
3130
2900
4270
2756
470
3130
4741
2787
4121
4846
4121
4846
4113
1735
271
1401
2931
4797
3129
4727
2788
4254
4253
4232
4111
3302
3123
4711
671
676
2255
672
2298
399
670
4259
507
4771
4717
4150
4169
2964
2804
2752
2806
4140
2757
2757
2302
578
2347
4702
2795
4151
4730
4745
4131
4720
4136
2793
3019
2907
3078
2828
4732
3118
2991
3150
4788
4141
4710
4134
4159
2809
4738
4731
4739
3017
3121
2825
2830
4789
2908
3078
4737
2829
3153
2822
3080
4714
4737
2903
4733
2909
2819
2839
4177
4176
4708
3023
2840
3155
4196
2849
2846
4195
4859
4832
3156
4181
3094
2861
4224
2858
2866
4817
4862
3028
3029
4179
4178
2869
4211
4214
3101
1757
799
1757
685
799
4171
2962
3074
4173
3085
2832
2814
4828
3154
4219
2865
4225
4117
4110
4110
4119
2904
2807
4731
2889
3148
4814
2903
2992
2827
3079
2833
2814
4203
2847
2840
2909
4706
4699
4149
4995
4995
304
2451
3302
4245
4113
4121
4121
4780
4119
4119
2241
1478
4120
4118
4121
4740
4782
4994
465
9
1560
229
1531
1542
3128
4227
1512
293
2385
2249
2249
2385
2460
2460
774
1410
4121
4845
4117
4846
4846
4846
4846
4154
2359
621
2292
620
621
4119
4119
774
2460
2460
2453
1411
2453
1522
1522
2451
1405
57
232
1620
1619
252
57
820
4276
17
12
212
2559
4740
3118
3082
4276
2951
4864
4748
304
2702
4891
551
799
1757
3172
3172
798
2750
4125
2316
2381
2381
1790
2316
4285
1790
1790
2316
4244
2753
4167
3075
4168
3084
3077
3086
3086
3081
2911
2843
2919
4187
2857
2874
1572
1365
1375
1360
1360
1367
548
547
726
653
2478
1368
769
779
769
435
459
566
2475
2427
2460
435
2397
3141
1404
2468
2385
2394
771
885
842
842
221
652
4718
2927
3056
4111
2749
2749
4121
4113
1757
520
3172
522
520
672
2774
4904
4144
2347
3006
2772
2796
4162
4170
2905
3020
4746
4721
4705
4158
2792
2891
3079
2822
4794
4859
4196
4197
4699
4201
2848
4221
4817
3027
3090
4198
2915
4178
2859
2876
4215
4119
4120
4119
2316
2316
1747
4759
4235
4235
4778
4778
4778
4778
4778
2808
4731
3018
2813
315
316
293
636
4119
4110
4784
2950
3131
2989
3132
4239
2402
2460
2460
2460
842
888
559
559
559
1390
2427
1390
746
653
4742
4244
2274
4117
4813
4850
2794
2833
2821
2893
4829
2853
2856
2863
1757
4244
528
2274
528
2274
4244
1790
1748
3143
2274
820
561
304
2478
2478
414
471
441
2949
4799
1362
2427
2427
2478
2478
1460
1064
1468
696
1449
926
1456
917
1455
920
916
1458
930
742
695
748
727
1417
741
905
1434
1430
909
757
739
1433
1579
757
778
1578
755
925
1464
1460
742
1451
899
733
747
1425
898
744
1577
922
706
915
760
1443
1582
748
752
1440
921
1464
1455
890
1456
1574
1430
743
1417
1579
739
744
930
1462
776
727
1417
757
1436
694
1451
1769
294
2478
779
1530
1530
769
435
1365
779
1365
2478
2478
909
1461
755
2493
4281
4282
58
110
2592
10
105
146
4002
4282
118
68
1788
11
12
141
471
574
68
39
39
6
150
4281
39
2221
1778
4910
4726
2778
2742
4112
895
3392
2503
2534
2542
2593
4920
141
1560
2393
219
141
241
221
842
467
2477
866
879
1556
839
2473
877
1411
2453
2452
1601
2453
1408
770
770
466
770
2478
2478
1522
1408
1522
1522
1522
1408
1408
1523
1522
1522
558
2478
2478
2451
2451
2478
2451
2451
2451
222
1604
2478
2478
2478
304
2478
2478
1601
683
875
554
866
842
653
2393
865
1498
839
852
2382
217
217
2451
2451
231
2471
222
2451
2478
2475
1601
1522
558
1410
558
558
770
558
885
885
2439
1546
1366
1579
899
1555
1583
767
2588
2542
749
748
749
1438
1443
926
1440
1444
1449
1447
928
1447
1467
1474
1045
1045
914
1475
1468
1457
1469
1474
918
1474
1467
1474
1475
1467
1467
914
1476
1475
1469
3463
3555
3555
3555
1046
1011
1011
3437
1475
3555
945
958
3499
3507
1011
3555
1065
3555
1046
1046
1011
1012
1011
3437
1470
3555
3555
3555
958
949
3555
1065
945
3555
3826
949
958
3826
3499
3499
1009
3555
1047
958
3555
1009
1047
1012
1009
3556
3499
3499
3499
1012
3555
1011
1011
3437
1011
3555
911
1011
1011
1475
1474
1011
1011
3556
3508
1065
3555
3555
3555
3555
1014
3499
3555
3556
3556
1011
3499
3555
3826
3499
3826
3826
958
3499
3499
3499
3555
3437
3555
949
3499
929
3437
1475
1012
3555
3555
945
3555
3555
3555
3499
1011
3437
3555
3555
958
1476
3499
945
3826
3499
3499
3499
3499
3499
3499
3499
3499
3499
3499
3499
3499
3499
3499
3499
3499
3499
3499
3499
3499
3499
3555
3430
3555
3826
3826
3555
3826
3555
3499
3499
3826
3826
3826
3826
3555
3826
3826
3555
3430
3430
3430
3826
3499
3826
3826
3826
3441
3499
3430
3826
3430
3430
3826
3815
3826
3826
3826
3828
3826
3499
3815
3499
3499
3499
3815
3430
3499
3430
3499
3499
3815
3815
3815
3815
3430
3499
3499
3430
3430
3499
3499
3558
3499
3499
3815
3826
3826
3555
3826
3826
3826
3826
3826
3826
3826
3826
3430
3555
3555
3556
3556
3826
3826
3826
3826
3556
945
3826
3826
3826
1338
3826
3430
3826
3826
1335
3826
3430
3826
3826
3826
3826
3826
3430
3826
3430
3826
3430
3826
3826
3430
3430
3430
3430
3430
3430
3430
3826
3826
3826
3826
3826
3430
3430
3430
944
944
1016
3430
3826
3826
3826
3556
3826
3826
1059
1335
945
945
945
945
1335
945
945
1335
1335
945
945
945
958
958
1335
945
1335
1335
945
1335
958
958
945
945
1335
945
1059
1059
1335
1059
1059
1059
1335
1059
1059
1059
1059
1335
1059
1059
1059
1335
945
1059
945
1059
1059
944
944
1059
1059
945
945
945
958
945
945
945
945
3555
3463
3463
3555
3437
3499
3499
3499
3499
3499
3499
3463
3499
3499
3499
3463
3499
3499
3499
3499
3499
3499
3508
3499
3499
3499
3499
3463
3499
3499
3499
3499
3499
3499
1047
945
945
958
945
958
949
958
1065
1335
958
958
1065
1046
1009
3555
3555
3555
3437
3555
3437
3463
3555
1046
949
1011
1011
1011
949
1047
1065
1047
1011
3463
3555
3285
2510
4984
74
6
39
39
1350
39
1372
1372
459
549
498
752
453
1360
888
1360
1500
1500
1365
779
650
1372
761
1371
752
1501
548
1530
779
559
559
221
221
774
866
1546
554
435
560
560
560
770
885
887
566
1363
1369
559
1530
1530
545
435
769
1368
560
560
435
2460
2460
1376
2199
224
4725
4904
271
2223
293
636
439
1767
509
4105
2450
1412
1412
294
2496
2496
4892
1619
696
1444
1448
702
1442
1451
729
1444
1453
696
1449
759
1447
1450
926
1449
1456
1460
922
1444
1450
916
926
930
930
921
1457
1460
927
916
1462
1460
1471
1460
1460
927
1468
918
912
921
1454
921
1468
924
914
914
914
1011
1468
1473
1477
1012
929
1474
1045
1474
1045
1477
9
2433
57
1613
9
2391
2388
1395
292
2394
507
563
2434
872
1560
2449
874
565
649
2339
866
885
885
466
466
842
887
887
558
779
1489
2250
1395
636
2199
2386
2222
1512
4271
1777
2403
2217
1555
2461
848
840
839
219
2463
2397
2397
2427
2427
2427
769
2426
1530
1530
2460
559
559
779
559
221
559
221
770
467
848
2454
680
1392
1392
2385
2479
2249
216
1489
1489
1489
221
2461
1504
2434
2391
567
655
219
850
1555
465
221
850
219
219
1524
2439
870
1497
222
2423
2476
2448
831
222
2423
489
878
2391
141
141
237
493
1432
1439
749
1437
1417
1430
909
899
696
696
899
1430
1430
1438
1437
1438
743
844
2431
2465
637
1767
2200
223
223
302
637
1485
1535
2496
2496
1411
2478
560
2478
2478
2478
1602
1602
1411
2460
1411
2629
2543
3312
2612
4927
4889
2559
4972
2717
1618
3113
3117
4893
3305
4251
4911
814
3306
2995
4907
1777
2251
2252
508
813
813
814
1753
2401
571
570
2222
2200
2788
4169
2805
4145
2963
4728
2758
4150
514
673
2297
2297
4808
4163
4701
4720
2796
4140
3174
3122
3074
4787
4856
4852
2780
2779
3291
2955
2938
3014
4703
2759
2771
4745
519
519
4806
2801
4206
2895
4750
2855
2918
4202
2854
4205
3091
3093
3026
4751
4697
2916
4201
2851
2895
2846
4860
3025
2834
4828
4795
2844
4795
4734
2819
2841
2836
4203
3025
2914
4857
4831
2856
4182
4191
2917
4190
4186
4175
4220
3092
4815
3027
2915
4199
4184
2860
4192
4209
4778
4120
4704
2774
4121
4121
4121
4715
3142
4235
4765
4778
4119
4846
4846
4846
799
3057
3306
440
629
626
4846
4846
4116
4864
4761
575
278
4761
812
2403
2743
4724
4273
2221
224
2754
2785
439
2223
812
4910
4272
4749
3303
4114
2404
2216
2536
25
3283
47
4280
2517
2523
2548
2512
60
4109
685
223
302
4471
2872
3157
2899
4216
2878
4297
4866
2879
4301
4462
4470
4292
4315
4462
4302
4473
4867
4291
4460
4475
4468
4296
4311
4868
4470
4302
4464
4431
4652
4506
4661
4511
4609
4606
4653
4649
4661
4609
4663
4431
4411
4512
4655
4661
4661
4663
4511
4353
4511
4659
4431
4506
4432
4612
4409
4506
4512
4525
4520
4506
4494
4654
4511
4617
4611
4653
4607
4620
4654
4648
4659
4653
4511
4408
4661
4655
4611
4611
4611
4660
4661
4609
4657
4349
4655
4511
4431
4574
4663
4613
4659
4574
4408
4511
4511
4511
4663
4612
4511
4512
4506
4512
4611
4506
4574
4663
4663
4611
4431
4511
4660
4664
4576
4519
4506
4506
4611
4663
4408
4506
4654
4609
4609
4661
4660
4611
4653
4661
4661
4512
4663
4660
4506
4431
4663
4494
4386
4661
4608
4653
4648
4617
4611
4659
4512
4612
4659
4512
4653
4663
4659
4431
4663
4612
4611
4506
4611
4609
4499
4519
4293
2875
4295
2873
4872
4872
2898
3104
4207
2869
4469
4472
4217
2872
4465
4294
4871
4308
4308
4309
4868
4313
4316
4305
4305
4483
4681
4603
4481
4295
4467
4632
4632
4614
4622
4526
4622
4525
4525
4525
4519
4519
4630
4630
4627
4620
4556
4519
4620
4621
4620
4621
4621
4621
4582
4578
4578
4578
4525
4533
4532
4688
4533
4535
4604
4604
4689
4688
4535
4692
4688
4679
4312
4880
4880
4312
4482
4679
4303
4684
4884
4884
4870
4317
4684
4317
4870
4679
4684
4680
4546
4878
4633
4635
4534
4534
4880
4536
4536
4530
4874
4638
4881
4881
4630
4883
4638
4544
4544
4598
4681
4544
4875
4530
4556
4523
4688
4688
4567
4692
4484
4597
4597
4596
4596
4596
4884
4596
4538
4538
4880
4880
4603
4682
4681
4682
4304
4870
4305
4317
4305
4317
4305
4304
4626
4630
4626
4625
4619
4626
4561
4621
4561
4688
4688
4688
4555
4636
4636
4636
4636
4636
4688
4567
4585
4589
4589
4638
4538
4879
4597
4879
4570
4597
4596
4639
4879
4639
4596
4596
4546
4597
4546
4620
4620
4606
4608
4610
4608
4607
4511
4507
4609
4609
4609
4659
4575
4606
4511
4507
4509
4576
4575
4521
4521
4519
4525
4525
4577
4577
4522
4611
4577
4576
4614
4615
4623
4617
4625
4869
4305
4305
4305
4307
4683
4315
4691
4481
4880
4873
4313
4310
4310
2478
2475
1548
2910
2910
4791
4719
4261
3131
2949
2948
3069
4856
4789
2815
2905
4149
3069
2810
2831
3119
3069
4769
3056
2714
4148
2769
3076
4770
3303
3055
4723
2940
2787
4727
4139
3076
2809
2808
2904
4789
2910
3083
4151
2989
789
3112
2778
4743
2926
2770
2797
4236
4749
3303
2817
2838
4700
2776
4778
4778
4765
4704
4747
2274
4896
2494
2389
685
4120
1757
685
2775
4113
4121
4121
4121
4781
4765
4769
4119
4120
4110
4117
4845
1757
799
528
2274
3115
291
1736
4770
4770
842
863
4228
1760
1401
4234
2886
2921
4713
4736
4218
4119
4133
2834
4113
4113
4119
2960
1489
2250
3173
3173
4118
779
559
2757
3172
2779
2784
4143
3175
2790
4735
2849
4120
4120
685
4120
4119
842
3073
4812
3148
3149
2833
2892
2913
2894
4831
2863
856
775
885
842
466
1561
1768
2241
221
1531
2193
567
1498
880
4251
508
813
3072
4855
675
299
579
3127
3015
4696
3154
4707
3024
3089
4183
4119
4113
272
229
4207
4464
4867
4306
4216
3157
4305
4679
4303
4546
4683
4595
4540
4483
4596
4540
4305
2390
4119
4113
4119
3047
877
3302
4716
4246
240
4260
4760
4116
4116
211
2382
231
1413
2391
4716
2434
210
2998
4761
4846
4779
4744
1744
2203
2509
2539
4283
1788
116
2594
4282
117
4281
4282
65
65
118
118
118
118
1404
1405
4901
2777
1556
2460
1522
774
774
877
1560
2460
212
230
304
2427
1411
2994
770
304
560
877
1561
842
877
877
2382
2471
2471
4895
3903
230
230
304
304
872
774
221
774
438
294
2397
2397
769
2426
2479
769
2249
2426
779
779
779
559
559
221
1524
775
467
467
2393
4998
4889
2193
770
879
2450
1405
1412
1412
512
512
2998
2996
2235
4115
4906
2246
2246
1485
3047
564
1533
4780
2785
4123
4263
2537
2626
2664
2584
2669
3283
2669
2554
2587
2525
3279
2616
2579
2579
2633
2631
2631
2633
87
1784
27
143
2631
800
800
2626
90
135
38
83
33
76
38
132
36
2585
2524
2525
2626
85
29
499
2547
2579
137
1783
2556
88
86
129
27
54
88
23
2513
2669
4277
4277
788
61
2554
3283
4920
2521
2576
2602
2602
2586
2586
2580
2664
2617
35
112
127
127
126
112
145
128
26
29
53
22
204
1355
203
2422
77
35
170
112
94
2585
2609
2584
3283
94
94
2596
43
2669
2512
2691
3283
2581
2580
95
34
2618
4927
2524
2580
2669
2528
2584
3283
4277
1783
37
2596
96
160
80
51
2630
782
137
143
791
2640
28
112
2609
4277
4284
787
2552
3283
3283
2669
2531
2617
3846
2617
171
91
91
92
92
127
92
92
92
92
35
127
92
127
92
91
44
44
44
44
112
91
112
112
44
44
91
112
92
135
92
92
92
44
44
44
44
35
35
92
92
35
44
112
44
44
92
92
92
92
92
92
92
92
92
92
92
92
94
91
44
3973
2974
2703
3979
3264
4941
4262
4956
2360
3867
4838
4752
1593
3977
3384
3867
2361
3053
4752
4978
2976
3977
2491
3327
4030
4087
2488
3995
2944
2295
3991
463
1396
3867
3867
3867
4968
4030
2704
2487
1514
2980
1622
1627
3969
2935
1627
2395
1568
452
643
656
2360
461
808
2945
2342
2267
2294
2294
2281
4912
4912
4912
1752
1774
444
2239
644
270
460
314
2283
1756
284
1637
1637
4257
4754
2256
572
641
450
469
2342
4082
461
460
1676
586
1680
635
589
2351
314
1658
270
1756
1756
1756
2202
2201
1678
321
2309
326
1679
1661
322
1642
2236
504
630
345
630
332
333
420
535
349
594
324
434
348
2290
417
324
339
323
2211
331
598
598
2230
334
333
354
2212
416
2232
335
355
2287
363
1712
2287
360
668
1729
2233
336
361
1707
428
371
2355
2355
1715
1715
1692
1701
376
374
1730
1730
611
1719
1971
1727
1723
1732
1732
613
614
390
391
2357
1964
2274
2274
2274
1757
528
586
1674
329
589
341
420
591
352
538
1714
410
541
1726
281
281
332
347
632
324
434
592
592
423
334
2230
2208
591
538
369
359
1705
432
335
1709
328
3051
3384
3384
3384
2945
4997
4780
4912
4780
4120
1766
262
4120
1630
799
1621
269
3217
1490
3968
3985
257
4934
3386
305
645
1629
2487
2946
4030
1630
267
4248
4780
4248
1651
2215
468
641
4120
4120
1789
4030
4030
4030
4042
3264
3866
2735
2706
3315
3375
2698
2698
2935
2987
3375
2696
2988
3214
1789
3226
2538
2275
1515
2286
3070
2968
4001
3873
4785
3384
4754
2715
4844
4244
677
1757
520
267
274
274
469
640
642
469
4244
4244
2272
4244
284
687
1674
586
597
597
474
349
535
535
536
2207
2248
539
542
408
1725
3229
3217
3033
3389
3859
3864
3869
3351
3849
3863
3883
3042
3384
3053
2707
2786
4894
3971
4078
3860
1588
3986
1627
2491
2405
274
267
4912
4912
3063
398
572
399
1758
2256
2256
1666
290
312
2226
321
2290
596
349
593
2309
325
1650
2227
593
416
335
539
1704
365
1702
431
2311
2310
388
380
1688
1733
1698
375
1731
382
386
387
1722
685
799
799
1747
1747
1628
1752
1637
1637
4248
418
594
1650
533
277
4079
1509
2945
267
1624
1635
266
461
461
3053
3868
4029
3883
3866
3265
3878
3879
4001
1751
2274
2274
1752
1752
307
2219
421
2236
344
2231
2247
377
1717
4244
4244
4244
4244
677
4244
4244
4244
4244
4244
685
3166
3384
3053
3866
3866
1745
643
625
274
646
3866
3876
3876
3867
3241
3921
3938
3931
3928
3398
3920
3242
3936
3402
3186
3919
3906
3270
3259
3197
3269
3237
3405
3231
3204
3255
3206
4071
3268
3258
4058
3229
3249
3236
3037
3226
3031
3208
3194
3934
3938
3247
3395
3255
3204
3257
3390
3248
4059
3865
4060
3210
3225
3865
3196
3232
3936
3930
3201
3197
3269
4071
3240
3934
3189
3238
3208
3225
4069
3904
4062
3204
4056
3204
4062
3210
3930
3931
3209
4069
3197
4069
3209
3239
3203
4838
3053
3857
3857
3053
4070
3192
3236
3976
127
92
3290
127
112
4284
143
112
145
92
91
92
127
128
127
2979
2980
2395
414
1747
127
93
93
44
35
92
127
92
811
1623
1633
1627
2495
2751
4124
2979
2526
4277
4277
2609
3279
2575
2699
4902
4039
4695
3365
446
1490
3041
4042
2705
4836
3052
3351
3053
3053
3053
3053
4030
4030
3384
4030
4030
3053
4030
4030
3866
3866
3384
3867
3867
2734
3044
3052
3867
2734
3867
3053
3384
3053
3054
3873
4033
3063
3324
3054
4031
4042
3171
3041
3264
3264
2734
3264
3171
3138
3877
3264
3053
3053
4030
4030
3385
3858
3244
4067
4033
3389
4060
3280
4927
3200
3388
3405
3195
3908
3399
3400
3187
3906
3234
3403
3412
3412
3414
3413
3413
3562
3932
3942
3190
3413
3948
3416
3944
3940
3412
3427
3948
3935
3416
3219
3946
3932
3417
3417
3965
3965
3965
3417
3417
3417
3417
3965
3420
3965
3420
3961
3417
3417
3417
3417
3415
3415
3415
3417
3417
3417
3414
3946
3417
3965
3415
3420
3965
3965
3965
3961
3415
3965
3965
3965
3965
3415
3965
3415
3415
3965
3965
3965
3965
3415
3415
3965
3965
3415
3946
3415
3420
3965
3965
3965
3417
3965
3417
3417
3420
3417
3417
3415
3412
3414
3414
3946
3415
3950
3417
3965
3417
3415
3965
3420
3965
3965
3417
3965
3965
3965
3965
3415
3965
3965
3965
3965
3420
3965
3415
3420
3420
3965
3965
3965
3965
3415
3417
3417
3413
3417
3946
3946
3417
3965
3965
3965
3965
3965
3420
3965
3417
3417
3965
3965
3965
3416
3965
3946
3420
3965
3420
3420
3420
3420
3420
3420
3420
3420
3420
3965
3420
3420
3965
3965
3420
3965
3965
3420
3420
3965
3965
3420
3965
3965
3965
3965
3420
3420
3965
3965
3965
3965
3965
3965
3965
3965
3965
3420
3420
3420
3420
3965
3965
3965
3965
3420
3965
3420
3420
3420
3420
3965
3420
3965
3965
3420
3420
3420
3420
3420
3420
3420
3420
3420
3420
3420
3420
3420
3420
3965
3965
3420
3420
3420
3420
3420
3420
3420
3420
3420
3965
3965
3965
3965
3965
3965
3965
3965
3965
3965
3965
3965
3965
3965
3965
3420
3965
3965
3965
3961
3965
3965
3961
3420
3420
3965
3965
3965
3965
3420
3420
3420
3965
3965
3965
3965
3965
3965
3965
3965
3420
3420
3420
3420
3965
3965
3420
3420
3965
3965
3420
3965
3420
3420
3420
3961
3420
3420
3420
3420
3420
3420
3961
3965
3965
3965
3965
3965
3965
3965
3965
3961
3965
3961
3961
3961
3961
3961
3961
3965
3961
3961
3961
3961
3961
3961
3961
3961
3961
3961
3961
3961
3961
3961
3961
3961
3961
3961
3961
3961
3961
3961
3961
3961
3961
3961
3961
3961
3961
3965
3961
3961
3417
3417
3417
3417
3417
3417
3417
3417
3417
3417
3417
3417
3417
3417
3417
3417
3417
3417
3417
3417
3417
3417
3417
3417
3417
3409
3417
3417
3417
3417
3417
3417
3417
3415
3965
3965
3965
3961
3965
3415
3415
3965
3415
3965
3965
3965
3415
3415
3417
3965
3417
3417
3417
3417
3417
3417
3417
3415
3417
3415
3415
3417
3417
3417
3415
3415
3415
3415
3415
3415
3417
3417
2616
2616
38
44
135
1356
93
93
3861
3849
3386
2738
3874
3988
3855
3033
3389
3989
3863
3037
3862
3243
3244
3857
3883
3040
3876
3032
3876
3036
3874
3857
3873
3866
3853
3867
3136
4265
238
1641
4130
1398
582
1772
1766
1597
1400
1398
4089
3875
3867
3384
3053
4018
2707
4945
4978
3187
3260
3234
3234
3200
3396
3909
3398
3913
3246
3246
3269
3270
3185
3925
3187
3922
3183
3185
3245
3921
3230
3923
3185
3927
3182
3935
3931
3921
3233
3931
3929
3232
3936
3941
3939
3932
3942
3413
3413
3940
3932
3949
3416
3425
3944
3940
3413
3412
3944
3945
3945
3946
3425
3946
3946
3414
3948
3562
3946
4939
4968
2981
2976
2976
4897
1521
3981
246
4290
1594
3997
2282
3261
4940
4960
3985
3054
3986
4029
3989
3385
4030
4030
4042
2489
1599
2333
638
810
1779
1779
4275
4274
1780
4028
1490
4966
4042
4967
4018
2728
4021
4841
4040
4034
4798
3978
2739
3893
3980
1588
4034
4039
2195
3981
4028
4844
4836
4042
4033
4033
1547
4836
4031
4037
1537
4992
4033
3044
3043
3351
3319
3054
3138
3363
2705
3319
3984
4842
2935
4695
1539
4070
3202
3255
4072
3237
4069
3204
4063
3201
4072
3204
3259
3269
4071
3247
3269
4058
3201
3237
4037
1600
239
1485
1399
1396
1765
582
1394
303
1486
283
829
2922
3262
3262
3867
3867
3867
3867
3384
3384
3384
3136
2587
2552
4926
2519
2587
2718
3972
3308
4753
4931
645
1749
1749
645
1622
581
2265
273
2279
2279
2220
1739
295
581
625
2245
2214
2240
1776
1762
1676
586
328
400
284
285
1680
1674
286
1677
688
689
2218
306
322
306
1659
284
285
285
1674
589
285
285
589
586
2205
479
479
290
277
2242
275
1660
1658
588
2201
288
2196
364
371
1710
604
1695
1696
2196
1713
1714
2326
373
364
365
430
371
1711
1708
433
2198
356
362
363
2248
600
600
361
2288
1709
336
538
366
422
1719
380
540
602
378
606
612
2352
540
540
410
1684
668
376
1699
607
606
1697
1720
1752
1752
685
4120
1628
2275
1631
4912
1631
2275
1750
2276
2276
4120
1752
281
799
685
2265
1743
2254
2237
4248
4247
4247
642
640
4779
273
568
4269
1634
1625
1397
1591
4983
1509
1641
303
268
1626
1627
2343
1780
4269
2224
568
2513
25
2571
79
104
2524
2590
2513
2512
262
4120
2527
799
582
582
1970
1973
384
395
383
1965
1811
2366
1798
1806
1969
394
1960
1819
1817
1802
1959
1803
1815
1799
1799
2363
2367
2367
1807
1804
1989
1803
1807
2007
2154
2020
2001
2120
2001
1991
2001
2106
2002
2120
2002
2007
2007
2007
2008
2002
2152
2007
2108
2007
2157
2160
2157
2012
2012
2110
2157
2012
2010
2076
2074
2020
2020
2002
2064
2118
2052
2064
2064
2178
2106
2176
2104
2106
2007
2106
2007
2007
2007
2106
2004
2007
2106
2004
2106
2105
2106
2105
2105
2105
2011
2106
2108
2160
2106
2108
2108
2157
2010
2108
2109
2109
2161
2157
2119
2115
1913
2107
2010
2156
2012
2006
2075
2109
2109
2109
2109
2115
2157
2178
2115
2051
2064
2051
2003
2007
2007
2011
2002
2106
2157
2108
2157
2158
2010
2159
2156
2114
2115
2001
2064
2001
2120
2007
2007
2011
2106
2105
2004
2120
2106
2007
2106
2152
2157
2108
2115
2115
2157
2107
1999
2121
2020
2365
1963
1821
543
1802
1802
615
1968
1967
2366
1967
411
383
608
1962
1823
1806
1820
2364
2181
2100
1814
1981
1814
1981
1981
2095
2047
2100
2182
2181
2128
2067
2126
2129
2129
2136
2136
2131
2134
2081
2031
2063
2064
2059
2065
2029
2078
2118
2119
2119
2115
2076
2114
2129
2137
2084
2140
2084
2134
2134
2132
2080
2043
2038
2038
2081
2081
2369
2102
2102
2035
2370
2041
2036
2375
2370
2191
2192
1818
2192
1980
1818
1980
1987
1818
1978
1978
1818
2192
2067
2067
2067
2063
2043
2084
2067
2069
2069
2374
2067
2072
2073
2072
2089
2072
2073
1985
1986
1976
1978
1984
2092
2183
2132
2080
2035
2035
2034
2035
2102
2102
2192
2192
2192
1986
2188
1986
1985
1985
2048
2374
2184
2183
1984
1976
1983
1983
1818
1818
1818
2190
1980
1980
2127
2118
2119
2055
2023
2115
2123
2122
2079
2079
2034
2122
2129
2023
2054
2056
2055
2189
2033
2054
2187
2090
2073
2187
2189
2189
2189
2189
2189
2186
2186
1985
2191
2192
2186
2088
2186
2186
2064
2118
2120
2120
2106
2105
2119
2157
2105
2108
2110
2107
2110
2119
2115
2115
2107
2109
2121
2025
2079
2122
2124
2123
2125
2123
2126
2106
2119
2066
2105
2063
2127
2062
2182
1988
1988
1801
1988
1976
2185
1808
2043
1982
2101
2101
2368
2099
2337
598
358
2248
358
599
3300
687
686
686
1637
586
331
598
536
633
2284
1636
633
592
330
2276
266
2495
1773
1676
1677
1675
2341
4080
1592
1636
2294
286
286
587
327
347
347
2285
598
353
331
2335
595
1628
2294
2256
2343
2482
2308
321
327
1632
1510
360
358
424
3888
4267
1752
1752
2275
1757
528
1739
1757
1757
799
685
2266
4120
1630
1621
1624
1624
685
4120
1631
2274
528
528
2261
2237
2278
1632
2280
1552
269
810
269
313
631
339
505
335
615
340
355
4912
4119
451
4038
799
624
274
1758
3980
479
1756
1758
476
289
1662
287
2244
1710
606
1757
1757
799
624
4912
2204
307
434
2209
590
2234
2231
428
427
1689
4014
4042
4030
3054
257
2334
568
4991
4028
4029
4836
503
264
809
1666
290
573
290
1649
430
429
355
351
1687
1690
4120
4120
238
381
543
1799
1960
1812
1968
1716
1815
2191
2102
1985
1986
2191
1986
1976
1980
2189
2186
1807
503
685
4945
2944
2944
4003
3892
2751
3897
4127
4127
4973
2700
4933
4090
3983
4265
3981
4968
4090
4780
4780
4785
1745
2214
137
90
128
127
127
92
44
92
92
92
91
44
112
44
44
44
44
3897
2734
3885
3977
3867
4030
4030
3890
4937
3362
3384
3867
3867
4030
3975
3053
3319
4835
3350
4947
2700
3137
3264
4935
3266
3384
4018
3053
3384
3367
4037
2953
2953
3993
2942
4840
4046
4017
4935
4965
3901
3264
3264
3266
3882
3897
3266
2593
1513
3998
2246
2246
1770
1399
1403
2999
256
2336
4128
2951
4126
2210
3887
4497
4576
4522
4611
