2403
96
139
19
139
139
69
69
39
47
67
81
28
49
2404
47
48
48
52
54
26
79
143
83
191
818
2405
191
142
58
818
1469
464
464
696
192
142
270
58
58
142
35
139
139
2403
2403
53
129
35
464
49
21
2404
96
101
2405
52
164
25
165
39
98
69
17
696
58
464
58
58
58
815
19
19
136
49
39
39
171
171
28
46
81
817
79
203
159
158
79
142
79
182
130
86
94
166
91
159
820
2416
137
137
79
159
2402
125
16
47
96
52
110
139
2402
19
2
28
145
815
35
464
464
19
464
19
49
2402
19
39
464
464
28
19
125
1469
58
22
113
2415
33
88
159
1469
464
81
171
142
191
46
59
79
69
48
47
126
58
464
507
16
828
19
19
81
171
139
81
81
32
203
203
203
203
814
814
207
817
817
814
165
159
159
175
175
159
101
96
817
159
79
814
206
817
142
817
817
817
817
2416
2416
817
2416
817
817
175
175
175
817
817
175
2416
207
817
159
502
203
207
2416
171
817
817
173
908
2491
242
696
215
1481
744
2229
670
801
1533
2493
1776
217
671
587
1355
1355
530
210
2417
209
670
2453
2319
1557
1557
2471
2282
1342
1342
802
802
559
1466
1541
1494
1494
1494
1330
669
1498
1498
1347
1347
568
803
1341
568
1545
1605
1494
1494
218
1330
559
1330
2473
1777
464
591
464
696
1466
696
2436
1735
503
464
464
316
1644
275
2204
297
279
2377
1741
275
664
2207
299
2257
2258
2258
2258
2257
291
574
2269
1678
1664
320
1654
1670
1742
301
2515
1378
2245
1661
1661
2327
1681
1662
1682
227
2448
319
1680
2198
405
405
408
407
2208
348
2328
1658
1671
649
338
1677
336
1667
418
353
419
354
648
356
357
433
2278
371
371
370
1708
411
1706
1712
343
342
612
409
424
369
2274
433
367
553
1707
621
383
1711
1703
431
1700
1699
623
625
1697
1710
1698
374
1720
382
1951
1963
1694
387
1719
392
629
399
391
390
1715
2341
1960
1954
1822
1977
1978
1967
1974
2156
1819
2079
1969
1822
2162
1823
1976
1976
693
536
435
546
549
550
553
1704
412
1721
414
1816
2342
1824
659
660
372
363
425
2272
409
360
432
1698
378
1713
688
1690
1724
382
389
1720
631
624
2182
2445
671
1347
1345
2369
595
1747
679
460
1537
1531
828
638
460
480
596
461
274
873
696
1561
1501
1601
562
469
232
1380
1532
1343
559
1342
559
559
559
1545
705
705
2241
1745
416
2242
1745
339
1681
295
1676
2267
460
1469
1545
1605
1605
568
1355
1355
559
1341
559
670
1558
2378
890
912
1466
1567
2453
2376
209
696
58
756
2376
663
2220
363
1475
208
657
1325
1345
671
2358
2356
2326
328
536
329
300
294
704
295
539
539
541
283
831
1670
2183
2182
347
2213
551
552
554
554
555
556
627
1949
1962
1973
559
802
559
559
561
1329
560
924
1338
1338
563
1326
700
506
563
1333
1333
1331
1330
1324
671
800
800
442
568
2421
2486
583
1533
1532
1335
1494
2318
1327
1736
2174
451
705
544
2258
480
2326
1675
2326
606
1674
1740
2300
2299
2325
2329
2290
335
617
2211
2169
619
512
353
340
617
361
622
1694
628
634
2334
395
1728
1812
398
1965
1807
1820
1957
2340
1823
1978
1824
1818
459
537
459
702
702
278
643
1742
2243
1733
344
363
2273
428
616
1677
2236
1770
2374
660
2175
286
325
299
662
2266
1605
1605
1355
1557
672
559
559
559
559
564
1335
1354
1573
1771
2177
541
416
2302
408
426
366
377
376
2335
1718
1961
1826
535
693
487
693
541
1757
542
2376
890
1345
1345
1324
1353
1641
1639
2270
298
544
1345
1353
1353
671
1347
1437
1436
715
936
938
1431
785
960
775
771
1428
717
1419
1414
1410
1419
767
809
1408
1585
1413
774
731
792
793
767
743
1577
728
774
772
713
962
933
931
1582
931
726
1578
1575
737
784
1436
1425
721
1586
769
1409
769
752
720
1439
1435
769
774
1427
1416
1408
1408
1417
1586
733
740
952
790
809
778
790
1588
1412
2470
812
800
1333
709
709
800
800
800
800
802
1338
802
1397
568
1345
789
1424
1571
2446
159
817
696
191
175
1469
18
1469
142
143
159
814
202
504
696
464
464
464
859
1640
1641
165
814
191
817
2416
170
170
1506
1767
1782
844
2185
2202
848
501
208
16
47
47
2
908
2452
1488
855
589
464
464
903
534
1352
2319
1564
1491
1546
567
219
1605
1605
1355
1355
1355
1605
1605
1545
2319
2319
1493
671
1347
559
1605
1605
1605
1605
1605
1605
1545
1605
1605
1605
2319
1353
1353
1353
700
671
670
670
700
565
567
1353
671
671
1347
671
671
1355
1355
668
590
1324
2319
1354
673
1349
589
2319
1546
565
587
587
670
2491
891
1352
1353
1352
709
1605
2319
1545
1493
1545
1493
1494
1494
1339
1576
787
757
753
39
69
69
732
732
809
1411
934
937
1427
717
721
1410
1420
1463
964
945
985
999
948
1447
945
1463
1447
1449
946
1017
944
956
1051
1452
985
1453
1014
1113
1116
1117
1113
1014
1014
1215
1135
1240
1177
1007
1014
964
1113
1240
1113
1042
1042
1291
1006
1113
1246
1142
1195
1116
1240
1240
1112
1113
1195
1188
1188
1170
1166
1188
1195
1188
1207
1177
1240
1195
1207
1161
1137
1047
1119
1188
1188
1142
1046
1121
965
1046
1135
1208
1240
964
1309
1006
1047
1305
1142
1208
1240
1188
1116
1137
1137
1113
1188
1188
1195
1188
1215
1137
1195
1195
1240
1195
1177
1188
1135
1137
1188
1119
1113
1240
1142
985
1296
1007
1014
1113
1177
1195
1188
1195
1188
1296
1113
1156
1188
1195
952
1028
1296
1135
1135
1202
1135
1135
1135
1135
1135
1135
1135
1135
1142
1132
1135
1202
1202
1135
1135
1135
1142
1142
1188
1188
1188
1137
1188
1137
1188
1188
1188
1195
1188
1188
1195
1188
1188
1202
1195
1202
1188
1195
1195
1188
1202
1188
1202
1202
1202
1202
1195
1202
1188
1195
1202
1202
1202
1202
1202
1202
1202
1202
1202
1202
1202
1202
1202
1202
1202
1202
1202
1202
1202
1202
1202
1202
1188
1195
1188
1188
1188
1195
1195
1195
1195
1195
1202
1202
1195
1195
1170
1119
1195
1195
1195
1195
1195
1202
1202
1195
1195
1195
1195
1195
1195
1202
1195
1202
1202
1202
1202
1202
1195
1195
1195
1202
1202
1202
1202
1202
1202
1202
1202
1202
1202
1202
1202
1202
1195
1202
1202
1202
1202
1202
1202
1195
1195
1195
1195
1195
1195
1195
1195
1195
1195
1195
1195
1236
1195
1236
1195
1195
1195
1195
1195
1195
1195
1237
1195
1195
1195
1195
1202
1195
1195
1195
1202
1195
1202
1195
1195
1195
1195
1195
1202
1202
1195
1195
1195
1195
1195
1195
1113
1113
1113
1113
1113
1113
1113
1113
1113
1188
1113
1113
1113
1113
1113
1188
1113
1188
1188
1188
1188
1142
1142
1113
1188
1188
1113
1142
1188
1142
1188
1188
1195
1188
1195
1195
1195
1195
1240
1240
1236
1240
1195
1195
1240
1240
1246
1208
1208
1108
1114
1121
1121
1035
1113
1208
1208
1240
1042
988
1240
1216
1173
996
1064
1014
1014
81
2402
2402
2402
142
191
2416
192
218
263
561
561
783
759
1338
1329
769
561
559
1329
561
561
760
754
563
800
563
745
928
1338
1338
923
928
803
802
802
802
559
559
1341
1494
1326
568
1333
1333
1494
1494
1494
1331
263
1341
559
1605
1341
263
564
508
1333
1334
568
568
922
307
264
1365
1367
2222
1370
1473
221
581
2383
1380
1474
1599
670
1400
2459
1333
1334
577
213
318
239
1416
936
940
729
729
1412
934
1415
939
1418
940
941
1421
1421
938
1424
712
765
716
761
772
1425
1421
1423
1442
1436
785
1435
1443
1444
1436
764
719
949
957
1447
958
1465
959
954
1066
1051
949
1448
1017
945
987
1023
985
984
1017
1017
986
985
2434
2434
2454
912
2436
1486
2384
220
2495
1534
794
796
252
2480
857
1491
1350
1349
558
1337
1340
706
2319
2319
2319
1545
1494
1545
669
1330
262
1536
476
1364
1763
1513
281
592
842
1337
2298
1556
1546
2319
1547
1333
1346
800
568
802
800
802
559
802
559
559
559
559
1330
1494
1330
1330
1494
1545
1545
1550
1562
907
2391
582
441
442
1342
1342
669
669
921
588
1548
1552
244
1470
261
1340
1328
1517
706
706
1554
534
1546
1546
2320
1550
1492
1328
1344
565
600
590
521
904
904
863
1565
2452
1466
2452
503
503
1571
738
766
735
778
747
1579
1589
1418
1417
762
1414
1418
786
778
735
1547
907
1529
293
293
2324
1499
1499
2477
2317
2479
1602
578
1345
1347
1347
1345
1355
1355
1355
1355
1355
98
146
67
234
583
239
240
309
462
1633
1634
269
841
1636
2322
841
291
1639
1635
1636
1791
2321
1648
2400
1792
436
1768
321
610
650
406
1656
404
1669
332
2210
1682
330
1663
1683
350
357
349
609
1667
334
404
547
548
2179
2186
681
683
2325
2289
1658
322
608
421
420
331
614
1677
607
607
649
393
636
388
1964
401
1951
415
557
635
1964
395
630
1956
400
1729
1731
390
2308
624
626
1691
375
1693
390
1730
1687
2293
1695
1721
1717
689
1977
1952
1819
1810
1956
1978
1805
1959
1813
1966
1966
1808
1955
1809
1811
1958
1953
2254
2243
510
2260
2257
2257
2253
2217
2254
2199
2250
416
416
1748
1749
1750
1642
1647
1746
1753
483
704
275
484
292
277
1511
1785
1516
1479
653
2494
1369
475
1362
1515
1783
315
2230
2398
840
1759
21
828
46
815
36
82
146
16
68
828
502
403
1473
2042
2080
2027
2017
2021
2020
2018
2072
2159
2074
2023
2352
2047
2013
2108
2101
2019
2013
2010
2018
2010
2036
2033
2034
2015
2101
2045
1858
1915
1915
1858
1858
1858
1844
1844
1858
1858
1915
1915
1915
1915
1915
1915
1915
1915
1915
1915
1915
1915
1915
1915
1915
1915
1915
1915
1915
1915
1915
1915
1858
1858
1858
1858
1858
1858
1858
1858
1858
1858
1915
1915
1915
1915
1915
1858
1915
1915
1915
1915
1915
1915
1844
1915
1915
1915
1915
1915
1915
1915
1915
1915
1915
1915
1915
1915
1915
1915
1915
1915
1915
1915
1915
1915
1915
1915
1915
1915
1915
1915
1915
1915
1915
1915
1858
1915
1858
1844
1844
1858
1915
1915
1915
1915
1915
1915
1915
1915
1915
1915
1915
1915
1858
1844
1858
1915
1858
1858
1915
1915
1915
1915
1915
1915
1915
1915
1915
1915
1915
1915
1915
1915
1915
1915
1915
2039
2071
2000
2076
2352
2025
2351
2161
2082
2163
2157
2073
2022
2052
1982
2072
1975
2001
2002
1981
1988
2007
2058
2012
2149
1873
1983
2003
2000
2037
1844
1844
1844
1907
1915
1907
1907
1907
1907
1907
1844
1844
1844
1844
1907
1907
1844
1844
1844
1915
1915
1844
1844
1907
1844
1907
1907
1907
1907
1890
1907
1851
1890
1925
1890
1925
1925
1925
1857
1857
1988
1925
1947
1947
1988
1993
1997
2089
1987
1987
2091
2088
1997
2089
1996
2089
1996
1844
1844
1844
1890
1851
1883
1844
1938
1844
1844
1844
1844
1867
1844
1844
1844
1870
2126
1996
2126
1867
1916
1837
1907
1907
1944
1944
1925
1857
1857
1906
1857
2137
1906
1997
2132
2129
1867
1849
1938
2149
2122
2122
1995
2089
2089
2096
2087
2057
2090
1987
2008
1844
1844
1844
1915
1915
1915
1915
1907
1830
1944
1944
1830
1830
1870
1844
1870
1844
1948
1857
1893
1948
1853
1830
1870
1853
1830
1893
1893
1857
1857
1893
1893
1893
1906
2137
2137
2139
2137
1844
1844
1844
1844
1915
1844
1915
1915
1915
1915
1915
1915
1915
1915
1915
1915
1915
1915
1915
1915
1907
1915
1907
1907
1915
1915
1915
1915
1915
1915
1844
1844
1858
1858
1844
2098
2089
2101
2013
2046
2152
1856
1851
2142
1947
2142
1896
1347
700
856
248
621
1689
384
2379
2361
1654
1654
593
2209
429
429
364
352
2193
359
1705
2170
2189
286
2192
2390
2197
2216
2206
2363
652
2184
1659
1666
2225
2209
2210
373
1707
383
2231
430
512
642
2239
285
2184
846
1660
2226
613
2264
1786
1688
1692
2498
2232
2254
416
663
2220
541
1637
1642
2295
403
1632
480
480
480
662
2191
538
538
637
659
2259
1632
1646
291
2264
2205
2319
2451
2270
1527
2328
2277
2273
1709
2292
2081
2258
2271
1696
2258
2265
1489
494
328
2288
329
921
1657
1657
2288
1675
1675
2299
323
337
341
397
1956
2295
2283
2286
460
1545
1545
2301
685
427
366
2333
620
1702
386
1815
2078
2312
2319
1493
2319
667
1383
2475
266
874
2429
1332
1336
2321
1643
2338
422
682
606
2289
2289
1673
1665
615
396
2344
632
380
1970
1817
460
265
1509
2049
2016
2098
2099
2032
2007
1993
1993
2126
2123
1906
2129
1987
2137
2132
2083
2322
460
480
1603
1563
674
225
2369
2492
308
646
2454
890
1558
1558
2481
1566
1485
2384
1566
1732
1745
1762
2399
2509
2403
169
170
197
159
817
159
159
830
79
79
817
79
175
175
222
587
229
439
2469
1341
1341
1494
1494
210
2469
559
559
1559
1345
670
568
803
802
2442
1557
568
568
863
1489
862
865
1560
865
521
2456
2490
1600
1399
1345
1345
2433
858
1494
1545
2320
568
800
801
802
802
559
802
559
1330
559
559
1330
1330
1518
1494
1545
1550
534
1521
905
2482
2426
1545
1545
1490
1549
2457
902
1387
891
1387
2490
2443
1371
520
293
1473
1473
1540
1401
4985
2478
481
1381
848
2387
45
6
73
19
2
136
2
120
97
97
118
136
44
55
9
2531
4274
2636
51
2574
2533
4109
2606
2612
2637
2566
2548
3350
2545
2554
3348
3348
458
99
3348
2581
2545
3311
3311
3325
2666
2554
136
71
154
41
2615
2635
828
20
1793
2588
2585
9
2541
4279
2626
2610
2604
42
2
99
1618
4281
2583
3348
2647
2581
2656
1617
507
12
19
19
45
71
149
62
1317
46
46
1318
2659
2659
2728
2589
2640
2577
4282
2589
2610
2613
2662
2558
2556
2633
2676
2557
2659
4275
2665
2525
73
57
122
46
4746
24
85
73
67
136
2401
136
2614
135
828
458
50
135
19
45
136
19
1
2798
1318
19
10
4281
2581
2656
69
113
2555
2637
89
852
4281
458
828
2624
2647
14
2552
46
61
38
2531
2401
2554
3311
458
507
929
2
2401
2
4
66
2401
70
32
2619
2568
2674
2694
3334
2710
3831
3831
2539
3333
2674
2568
2560
2665
4746
2529
2531
2544
2530
3352
3352
3832
3831
3831
2539
2530
2539
2601
2646
2544
3831
2601
2539
2532
2579
2560
2560
2601
3831
3831
4897
2674
4897
2674
3831
2529
2539
2530
2560
4111
3830
2768
2767
3409
3965
3090
3302
3077
3178
4916
4100
4100
3893
4900
3045
3014
3208
3413
3413
3373
3414
2505
500
1804
2770
2755
4856
3020
3404
3404
3380
1555
2785
4108
3858
2785
2785
2785
3326
2511
3404
4792
4049
3418
3418
3985
3385
3385
4793
4099
3214
4099
2740
2762
2762
4792
3247
2785
3994
3082
3082
4917
3868
3023
2832
273
2797
2656
3023
3348
3325
4111
4229
458
458
828
4138
4133
3164
2818
4761
4978
3344
3209
4709
4683
4663
454
454
290
454
4237
4040
4166
2817
4155
2846
4666
2848
4765
3155
2825
4993
1620
314
1662
1661
1661
314
540
4689
3308
2839
2819
2956
4163
4780
4771
4782
3189
4144
4695
2851
2288
4165
2287
2850
4154
2856
2853
4674
3028
3027
2875
3157
2942
3001
2955
2954
4193
2952
2893
4190
4814
2896
2932
2939
3127
2878
4657
2881
2891
2890
4200
3122
3191
2950
3068
4180
4199
2953
2904
2905
3194
4185
4773
3137
4177
3136
2895
4183
4209
4452
4294
3195
4217
2908
4789
3146
2921
4204
2922
3138
4308
4823
4296
4443
4467
4438
4467
4456
4461
4644
4822
4833
4458
4466
4463
4466
4455
4463
541
541
402
2842
4806
3190
4782
2866
2896
4814
4788
4206
4440
4287
4298
4645
4227
2250
2951
2885
2874
2883
4784
2949
4179
2903
4188
4192
4787
4788
4212
2895
3144
2910
4775
3142
3159
4922
3391
3393
3207
3166
4849
287
1738
454
679
2252
3985
1542
829
2980
638
3148
4693
3420
4015
2656
3348
3986
4981
4766
4800
2989
4125
3873
4022
3303
3858
3858
4792
3414
3414
4018
4734
4874
1758
4988
4988
2882
4171
4171
3054
3054
538
2356
2668
2668
3414
3414
3414
3373
4099
4099
3414
3414
3414
3414
3413
4931
311
4115
1625
4119
3311
3326
1467
3016
4111
1625
2788
3023
3348
3249
3203
1619
4705
2894
4197
1619
513
3856
3176
3207
3207
2508
638
1744
313
312
601
328
637
2286
3209
2808
641
640
641
640
641
542
4159
4147
2844
2866
2866
2948
2896
2896
4191
2900
2933
2934
2935
4450
4305
3261
2786
2786
2785
2785
2789
3842
3420
3423
3847
3844
3301
3301
3852
3838
3853
3081
3081
3854
4792
3419
3856
3098
3207
4099
3855
2756
3862
2741
2505
4116
1625
4946
3086
3856
4051
4051
3175
3343
3113
2972
3345
3147
598
290
2337
3109
2327
1661
2287
2326
2327
4726
3871
3186
2849
2850
4751
2854
3126
2867
2896
4202
2879
2865
4753
2876
3130
3133
3132
3138
3071
3141
4756
4815
2921
4293
4295
4453
4822
4824
4821
4467
4466
4460
4454
4833
637
637
2286
3329
4678
3152
4724
2971
4855
4239
2885
2884
2860
4784
4154
4687
2838
4991
2997
4233
2937
2998
2810
2981
3373
3373
3414
3414
3175
2785
2785
2785
2785
3836
3853
3853
3036
3861
4975
4664
4988
4875
4874
2870
4783
2859
3192
2897
4192
4184
3146
4288
4642
693
540
540
693
541
693
542
542
3348
4111
3019
3385
3214
3391
3177
3177
4134
2813
3210
3107
3107
3177
3208
3207
3215
3412
3947
3937
3569
3228
3221
3275
3944
3952
3918
3222
3230
3279
3915
3232
3914
3231
3271
3438
3257
3306
3912
3245
3271
3290
3272
3074
3841
3246
4076
3842
3842
3457
3941
3949
3428
3430
4073
3261
4071
3280
3248
3075
3250
3269
3457
3923
3921
3841
3220
3073
3841
3453
3251
3224
3841
3073
3074
3291
3239
3268
3238
3276
3238
3243
3223
3848
3279
3234
3241
3246
3232
3908
2960
3854
4099
4099
3385
3855
3855
3855
3855
2786
2786
3863
4935
3214
4654
3214
3913
3937
3276
2595
2674
2668
2668
4111
3334
3427
2621
3348
2583
4109
4109
2648
2601
2665
2539
3334
2674
3033
4111
3348
3325
3311
2798
458
2544
4134
2595
3831
2552
2530
2659
2657
3334
2552
1508
3341
4707
4680
3346
2516
4283
99
1801
12
11
97
2
3093
3018
2978
3362
4943
3023
4797
4053
4048
3400
4048
2747
4048
3078
3402
3373
4654
3414
3373
3373
4654
4018
3404
4051
3385
3385
3385
3385
3414
3414
3414
3414
3414
3373
3414
3414
3414
3404
3208
3208
3098
3412
3412
3413
3208
3406
3036
3208
3412
3412
3208
3412
3214
3385
3385
3101
3098
3098
3404
3404
3364
4929
3357
3988
4048
4048
4064
3409
3361
3400
3014
4968
4859
3400
3083
3400
3414
4018
2762
3405
4051
3404
4792
4059
4059
3843
3245
3280
4051
3262
4077
144
69
3233
3233
3233
3431
3434
3922
3922
3918
3928
3231
3231
3537
3808
3807
3758
3804
3538
3449
3798
3553
3529
3484
3484
3802
3507
3441
3458
3555
3538
3825
3643
3636
3692
3692
3707
3707
3625
3743
3745
3637
3699
3700
3567
3567
3707
3642
3697
3635
3642
3707
3735
3724
3707
3636
3646
3646
3635
3699
3697
3692
3699
3699
3646
3646
3646
3699
3697
3646
3699
3699
3692
3692
3700
3699
3697
3673
3705
3804
3692
3692
3646
3646
3692
3705
3705
3567
3657
3640
3606
3636
3498
3606
3707
3728
3498
3462
3646
3636
3707
3697
3635
3646
3689
3625
3646
3646
3692
3646
3646
3699
3699
3646
3699
3700
3646
3646
3646
3646
3646
3640
3646
3635
3671
3745
3567
3734
3697
3635
3699
3700
3646
3646
3646
3637
3707
3585
3635
3699
3699
3553
3646
3692
3699
3646
3646
3646
3646
3646
3646
3646
3646
3646
3646
3646
3646
3646
3646
3646
3646
3646
3646
3646
3646
3646
3646
3646
3646
3646
3646
3646
3646
3646
3646
3646
3646
3646
3646
3646
3646
3646
3646
3699
3646
3646
3646
3646
3646
3646
3646
3646
3646
3646
3646
3646
3699
3646
3646
3646
3646
3646
3646
3646
3646
3646
3646
3646
3646
3646
3646
3646
3646
3646
3646
3646
3646
3646
3646
3646
3646
3646
3646
3646
3646
3646
3646
3699
3646
3646
3646
3646
3699
3646
3646
3699
3646
3646
3646
3692
3692
3699
3699
3699
3699
3699
3699
3699
3699
3699
3699
3699
3699
3699
3699
3699
3699
3699
3699
3699
3646
3699
3699
3699
3699
3646
3646
3646
3699
3646
3646
3646
3646
3699
3646
3699
3699
3646
3699
3646
3646
3646
3646
3646
3699
3699
3699
3699
3699
3699
3699
3699
3699
3700
3699
3699
3699
3699
3699
3699
3699
3699
3699
3699
3692
3699
3699
3699
3699
3699
3699
3699
3699
3699
3699
3699
3699
3699
3699
3699
3699
3699
3699
3699
3699
3699
3699
3699
3635
3636
3582
3636
3582
3582
3636
3582
3582
3582
3636
3582
3582
3582
3582
3582
3582
3646
3646
3582
3646
3582
3582
3635
3646
3582
3635
3592
3635
3646
3646
3692
3699
3699
3699
3699
3692
3697
3699
3699
3692
3699
3699
3697
3707
3699
3635
3635
3640
3640
3567
3642
3642
3689
3743
3625
3707
3625
3693
3697
3693
3724
3543
3636
3635
15
1
2538
2538
2646
2555
3315
3845
3845
2746
3419
3839
3179
3840
2785
3850
2789
2785
2785
3082
3082
3082
3082
3423
3849
3863
3863
3844
3844
3278
3073
2786
3073
3843
3424
2786
4099
2786
3414
4792
2762
3994
4051
3837
3853
3215
3853
4792
4792
4059
3994
3836
4014
3414
3414
3414
3022
3081
3081
3846
3214
3214
3214
4099
4046
3419
4749
2744
4921
4971
3876
4981
4034
2967
2519
2749
4032
3886
4969
4916
3213
3215
3215
3854
4936
3896
3901
1631
3911
3226
3437
3914
3908
3908
3222
3910
3912
3279
3436
3219
3942
3917
3930
3939
3920
3939
3936
3934
3266
3936
3569
3448
3455
3553
3460
3443
3454
3945
3947
3957
3553
3538
3564
3482
3959
3444
3564
3469
3822
3824
3660
3808
3462
3717
3805
3491
3798
3465
3465
3507
3799
3325
3325
3311
4115
4119
3348
2769
4045
3294
4037
3980
2748
2959
2986
1543
4030
4871
3402
4801
3991
3992
4800
4051
3404
4048
3404
3404
3404
3404
4792
3418
3010
4951
2777
2790
4254
2500
4708
4005
4261
4014
4051
4016
4802
4048
3989
3989
3854
3854
3854
3855
3855
3855
2786
2786
2785
2785
2785
2785
2786
3082
3994
3994
4792
4792
4792
4792
4049
3405
3363
4063
2776
4030
2962
4020
4108
4108
3174
3858
3008
3417
4923
4027
4088
4019
1569
3328
4050
4050
3403
4793
4793
3403
4016
4048
3989
3989
4063
4093
4957
4048
4064
4064
4061
3365
4066
4061
4065
3365
4067
2795
3358
3328
3328
3307
4084
4085
4073
4081
4074
3241
3236
3255
4081
3220
3293
3287
3269
3288
3233
3989
4957
4088
2268
1597
2268
4286
4089
2297
2507
2779
1551
4934
4097
3385
3385
3214
3216
3385
3385
3216
4654
3214
852
584
68
1402
1319
311
240
1622
4742
3102
2793
4131
2794
4127
4803
4247
4128
2813
2399
4131
4129
4130
2982
2801
4992
4141
4820
4262
4145
3061
3186
3187
4770
4771
4809
1675
4150
4670
4153
1662
2850
2850
3119
3118
2869
4711
3123
4165
2843
3187
3188
2925
2928
2871
3186
1675
2325
606
2325
606
3116
2851
4772
4158
2868
3160
4167
2857
3196
4442
2920
2911
2912
4452
2934
4447
4447
4437
2915
4815
2918
2917
2919
4448
4205
4204
2906
3139
4220
4812
4212
4205
4219
3143
4774
3134
4213
4215
4175
4457
4439
4297
4822
4444
4294
4293
4449
4287
4306
4450
4451
4289
4442
4301
4445
4292
4307
3155
4242
4241
1744
4712
4228
2252
2252
2973
4228
4725
2936
2356
2252
2974
2812
2259
2295
4126
4136
4140
4873
1758
2513
1753
3209
3329
1755
4246
3114
4876
4690
4682
4795
3029
3881
3162
4001
3096
2799
4268
4714
4878
1790
4132
67
49
828
19
157
84
49
68
49
828
2295
1319
1376
4558
4517
4566
4826
4458
4649
4646
4456
4559
4542
4826
4520
4536
4557
4557
4551
4502
4550
4507
4648
4507
4648
4532
4602
4835
4551
4586
4309
4351
4327
4309
4309
4309
4351
4309
4309
4309
4402
4402
4351
4402
4402
4351
4351
4402
4351
4402
4351
4327
4424
4402
4424
4424
4351
4327
4327
4424
4424
4426
4426
4309
4309
4309
4309
4309
4351
4351
4349
4309
4351
4351
4351
4402
4402
4351
4402
4351
4309
4309
4351
4351
4351
4351
4351
4402
4402
4351
4351
4351
4351
4327
4327
4424
4426
4351
4424
4327
4327
4424
4424
4402
4327
4424
4327
4351
4327
4426
4424
4424
4327
4327
4424
4327
4309
4351
4424
4309
4351
4309
4309
4351
4351
4351
4351
4351
4402
4402
4327
4327
4424
4327
4327
4424
4309
4309
4349
4351
4351
4309
4351
4351
4402
4402
4351
4309
4327
4327
4351
4351
4402
4320
4424
4424
4327
4424
4424
4426
4533
4560
4529
4564
4512
4570
4514
4571
4652
4463
4563
4564
4514
4531
4531
4561
4559
4522
4488
4488
4497
4501
4504
4588
4488
4488
4490
4526
4464
4526
4402
4402
4402
4402
4402
4402
4424
4424
4424
4424
4313
4312
4420
4420
4424
4420
4420
4351
4424
4424
4426
4396
4638
4402
4424
4421
4424
4333
4424
4333
4333
4628
4333
4333
4628
4629
4476
4476
4628
4628
4628
4497
4628
4497
4495
4579
4579
4499
4581
4500
4588
4581
4582
4585
4582
4486
4312
4396
4396
4634
4421
4638
4640
4638
4640
4396
4396
4396
4413
4312
4413
4415
4480
4483
4575
4480
4573
4640
4640
4333
4424
4333
4628
4628
4627
4628
4476
4579
4579
4579
4486
4486
4575
4484
4634
4488
4640
4640
4522
4572
4589
4589
4588
4588
4500
4587
4499
4497
4419
4420
4419
4326
4326
4426
4378
4426
4435
4435
4429
4431
4408
4326
4368
4368
4628
4628
4435
4384
4613
4413
4483
4384
4384
4625
4627
4625
4625
4384
4486
4579
4486
4486
4625
4579
4309
4341
4349
4349
4351
4351
4357
4351
4351
4351
4326
4351
4327
4426
4426
4426
4327
4426
4426
4424
4424
4424
4402
4424
4320
4402
4402
4402
4402
4402
4402
4402
4309
4313
4592
4597
4587
4588
4586
4574
4479
4628
4490
4473
4491
4648
4490
3385
3385
267
4181
4182
4183
3069
4877
4659
3211
4161
3105
4160
4201
4174
4174
3066
2944
3104
2929
4194
2824
2826
3167
4270
2970
3059
4673
4736
2827
2761
3106
2810
4710
4694
4671
3121
4656
4196
2950
3131
4195
2951
2880
3168
2845
4691
3153
4722
4684
2872
4231
4013
4269
4182
4180
4912
4718
4241
3185
4234
3151
4685
4729
4135
403
2259
403
2295
4235
4838
638
2252
4735
2937
2936
2295
2295
638
2279
541
2259
4237
4139
4230
3168
4048
4799
4748
4798
4168
2941
4755
4758
4773
4301
598
4754
4186
2250
598
2250
4747
4962
2287
536
2287
2287
4791
2288
2288
1675
2288
2326
4163
1673
3186
4169
2917
4444
4291
535
2285
2815
2252
3404
4781
3001
4784
3130
2897
2901
4221
4817
4441
1591
3356
3404
3404
4048
3990
4002
4762
2814
3405
3355
4051
4047
4062
4803
4804
3866
3186
3186
1662
606
606
606
4156
3125
2918
2914
4816
2907
4302
4299
2252
4236
4819
4540
4504
4507
4558
4509
4829
4504
4476
4495
4573
4574
4484
4585
4498
4485
4625
4590
638
638
638
4899
3019
2984
3977
2516
4070
3034
4873
3019
3015
3015
2737
2738
4933
3970
3030
4044
3897
1755
2513
4271
4249
4238
117
2587
2549
2692
2547
2674
2642
2560
2523
2523
2560
2674
3352
2530
3352
2530
2579
2767
3013
2750
4851
3382
3986
3414
3414
4018
3404
2484
4841
4792
4792
3414
3207
3215
3207
3414
4099
4099
2753
4018
3214
3855
3854
4927
2740
3024
2787
4858
4859
4060
4932
2771
4916
2757
3215
3213
4911
3404
3405
3404
2772
3890
3862
3862
2786
4100
2786
2786
2786
2785
2785
3858
3418
3418
3418
4792
4792
4792
4018
4028
4048
2772
3988
4903
2455
3404
4927
4964
3407
3012
3887
4968
4969
4967
3983
1596
4982
1597
1473
254
2507
467
3339
4986
1650
453
2516
4272
446
1915
3412
4327
4426
1915
1915
3385
3412
4426
