21
2425
16
15
15
15
15
1
78
1341
2424
16
16
21
54
20
2426
2425
54
54
23
2426
179
26
26
57
57
53
23
2429
56
91
204
2429
97
56
116
120
2425
133
1782
59
87
21
54
54
50
50
23
23
44
23
26
23
1782
72
15
42
81
813
116
15
15
15
15
21
50
16
50
16
21
15
50
52
52
53
53
53
52
53
23
26
1782
59
26
57
22
59
30
57
57
22
57
87
87
2427
30
2424
15
47
30
47
109
1782
1
161
15
15
1341
120
87
116
36
15
27
15
21
15
76
48
16
15
16
42
2429
133
88
57
57
26
87
59
1782
217
36
50
2429
22
15
59
30
1341
2425
219
116
73
15
15
15
15
50
30
120
50
15
87
53
53
53
53
22
52
22
52
52
52
53
53
53
53
53
30
30
30
52
52
53
22
22
53
53
52
52
52
52
52
52
22
53
53
22
52
52
53
53
52
52
53
52
53
53
53
52
53
52
30
53
52
150
849
2487
818
244
591
508
259
1550
2469
1521
2479
800
235
235
2490
1399
883
880
2392
862
862
2416
1587
2416
221
243
1587
225
2388
2334
1523
1526
492
2333
192
2334
247
4085
720
255
255
874
912
2461
862
517
1517
253
261
1478
318
1763
79
192
39
28
2364
2275
2276
1388
610
1604
2391
1758
2503
291
1614
1722
2213
287
1743
2505
2423
1502
594
713
831
273
2261
1727
1730
2266
2362
599
2208
2508
1382
1486
2411
235
2386
235
590
3332
3152
650
2230
1484
2488
457
596
1723
716
543
540
607
1655
2213
2233
1606
1721
4218
1731
498
673
276
300
1635
1643
614
663
1637
689
625
343
2239
2212
454
2321
1647
1631
1627
2310
1654
417
554
1636
343
616
1653
2348
1628
1648
420
660
623
2223
454
358
366
626
2293
435
2224
355
2198
2199
449
447
2323
694
350
386
696
380
1693
2226
2227
2187
1667
629
1682
1669
394
1673
1676
389
391
391
1668
1681
1680
1673
1706
1673
1711
3184
4759
2316
2306
2304
1656
2349
1630
327
359
424
1689
428
427
389
494
686
1628
2221
2354
1640
2309
1632
2200
2239
622
2321
327
2196
354
441
523
659
364
2286
331
1500
1586
1586
2467
578
231
2386
238
2386
2508
846
2422
2505
2419
2295
4797
478
99
3042
1732
503
282
2257
1546
901
1747
2502
1518
2342
1723
264
1482
1478
1529
2474
1523
868
247
2334
504
290
2417
668
2396
611
830
3332
652
3042
503
84
862
910
710
910
2333
862
2334
905
511
62
851
265
817
104
517
1349
901
316
2488
1629
526
2399
1600
4104
1480
2511
3900
907
882
1403
238
238
238
2483
2479
235
4281
2942
3207
4233
4233
1720
538
713
1614
830
3332
3213
3152
2262
473
331
332
1656
323
324
1630
327
326
422
561
566
1697
427
1359
583
1354
1363
1493
1361
227
885
888
887
1374
1373
593
236
506
1399
1399
244
244
585
510
851
1586
804
593
1519
897
2217
271
2247
2208
846
1773
2363
2419
466
865
3207
3151
3056
317
1483
3202
295
2280
485
1645
1646
1647
2211
336
613
1666
1640
344
497
345
2245
2185
627
451
349
383
1694
1675
1679
632
634
452
635
395
1675
1678
1678
4281
3042
3213
3213
3213
2218
2207
303
2396
463
322
2354
335
323
1746
2489
2449
226
1482
482
847
2251
603
2252
2241
596
1607
910
862
910
2477
1517
584
680
519
604
1382
1754
3184
1742
1741
1638
2307
1653
2348
1652
2322
692
2327
696
1687
3184
3152
3056
3332
3184
101
578
870
711
718
4917
1612
1607
1734
1516
1590
1590
1589
720
1431
1431
1427
807
725
1417
928
783
770
733
931
725
926
1419
933
1571
737
739
739
774
924
795
1562
744
787
776
752
752
914
781
751
519
681
749
768
783
1438
762
1576
766
753
765
764
765
1360
1362
734
806
807
734
1411
808
1577
754
761
733
1425
734
782
749
930
681
755
792
787
259
1428
1433
750
739
746
1568
569
1575
1576
2468
585
585
805
1497
583
583
2453
873
867
740
933
787
1402
23
52
181
23
52
82
2428
82
3031
3031
53
53
53
53
53
79
36
39
1614
53
22
23
52
22
53
53
22
1583
489
1381
2216
664
2189
306
2413
4978
17
2
42
130
1341
854
251
1556
1490
1531
1578
896
865
1552
885
909
910
801
862
876
862
2334
1519
890
2182
801
801
2334
2333
2334
862
862
862
862
1519
2334
712
887
887
888
887
580
580
887
896
887
887
879
887
255
2183
720
801
801
873
1551
864
865
2450
1552
900
2463
902
905
904
719
509
896
719
712
862
1519
2334
2334
862
1517
915
767
915
1495
767
919
29
1341
924
1569
1577
797
727
737
1416
1407
735
1410
739
933
778
951
945
954
953
1438
723
1441
952
730
1441
945
771
947
1439
1438
723
1444
1437
953
756
1465
1008
1336
1334
1334
1001
949
949
986
981
1009
948
948
949
1467
1008
955
1022
1454
1465
948
1454
946
1027
1074
1010
1334
1334
1041
1041
1008
1462
1334
1004
1041
1334
1041
971
971
1334
1041
1022
1041
1334
1041
944
1334
944
940
1004
1004
1334
944
1022
951
1022
951
1465
947
951
952
1454
1439
951
976
1027
1468
1009
1001
1334
1462
1465
1333
1009
1334
1454
1332
1334
1333
971
1041
1004
1307
1334
1333
1004
1334
947
939
1453
948
1456
940
1333
1334
1334
1333
1172
1464
1464
1022
971
1334
724
1454
1463
1004
976
1004
1069
1171
1172
1004
961
1004
1003
1005
1172
1004
1004
976
1307
1004
1004
1005
1332
1010
1300
1333
1300
1333
1333
1010
1004
991
990
999
1334
991
991
990
990
1047
990
990
1334
991
991
990
991
991
991
990
1334
990
1334
990
990
991
991
1005
1005
1005
991
990
991
990
990
1005
990
991
990
990
991
990
991
991
990
990
1312
1312
990
1334
1334
1334
1334
1334
1334
991
1334
1334
1334
1333
1334
1334
944
990
1334
1334
990
991
991
990
990
1334
1334
991
991
990
991
991
991
1334
991
990
990
990
991
1312
990
991
1312
990
990
1312
1312
990
991
1312
991
1312
991
991
990
991
991
999
1334
999
1334
1334
1334
991
1334
991
1334
1041
971
1334
991
967
1334
991
967
991
1334
1041
990
1334
990
991
967
991
991
991
991
990
991
991
991
991
990
1312
990
991
991
1334
967
967
1334
1334
963
1020
1075
1022
1022
1027
1028
1027
963
1027
963
1337
1337
1027
1075
963
1323
1331
963
1337
1015
1323
1028
963
963
1331
1331
963
1337
963
1057
1334
1334
1041
971
955
955
1041
1041
955
955
1334
967
967
970
955
1469
1009
1008
1010
1022
1022
1027
1027
981
1469
955
1041
1465
1467
1041
1041
939
1450
944
1025
1020
15
527
2429
22
22
22
1346
581
1348
1374
678
477
583
573
1495
583
1356
678
1350
1353
573
918
912
1517
1540
604
1589
1548
1369
258
258
581
1373
1591
676
676
1481
1499
252
252
490
1528
461
239
2444
250
1499
2283
230
253
491
482
2447
537
244
534
478
1529
2473
589
508
223
458
229
2484
2466
2466
1398
1403
2416
727
735
739
741
1576
777
1416
742
785
1417
1418
1562
1419
736
926
772
783
1431
1411
732
736
1409
1411
926
1419
807
1443
1435
1422
1429
773
1440
1427
770
1440
1433
1423
778
1434
1445
791
730
1438
771
1444
1444
953
756
1444
947
778
723
1453
948
953
947
778
730
1439
952
79
25
25
1560
804
253
482
457
309
2387
491
2474
2456
586
2447
244
235
857
2478
858
1552
895
1370
2343
2342
864
1520
1545
2334
1524
2475
1530
2299
2299
2299
293
1500
1479
1582
1393
2507
2250
2497
2248
2247
2342
1547
900
1553
459
459
2458
2448
1498
247
861
2472
2451
1535
1400
1401
1522
1523
1524
1547
1476
1559
1538
1491
1491
2335
1553
2340
2459
2335
1533
1532
864
902
884
1555
1552
1549
884
866
1556
828
99
1562
763
762
747
753
747
748
915
759
794
1569
795
786
1577
761
1569
1577
480
4987
1584
2498
2502
4987
1585
2486
2486
1399
1399
676
1591
255
254
908
677
677
909
874
910
73
160
159
222
590
4282
1405
141
1404
2501
1600
240
1599
1609
487
1618
263
1380
1616
1765
1739
1738
1739
1776
2282
275
2274
1737
1775
1624
1626
1395
2338
717
2206
600
313
606
2258
1720
2234
300
3151
651
315
2279
2353
475
285
472
2362
542
601
472
301
499
3203
2260
415
283
297
2281
2285
2265
321
652
500
375
376
443
1691
384
448
446
563
564
2186
628
371
372
379
373
387
368
374
424
345
523
662
618
558
2203
360
368
348
2287
423
346
2324
1677
630
1686
2357
450
1684
1692
426
566
428
565
1698
1696
2358
2356
393
1685
390
2401
2402
4219
1752
2505
2505
2295
1749
2242
654
2402
4219
1742
495
3184
1508
1617
1623
668
668
2396
4269
530
1614
1614
1743
1477
1393
820
2250
305
1759
1499
1500
2502
2512
233
1529
592
490
2443
226
2283
2502
293
2504
1385
665
1762
2236
1383
2189
2394
2495
1507
2365
133
90
15
140
2624
120
120
133
40
4759
105
66
1702
1683
640
638
639
637
1701
1711
429
1712
2361
396
405
645
645
408
411
411
1959
404
1703
645
396
1925
1885
2043
2001
2001
2040
2091
1990
2141
2001
2001
1885
2000
1979
1885
2095
2039
1980
2002
2002
2002
2000
2000
2043
2043
2007
2004
2043
2177
2177
2043
2039
2001
2046
1820
2038
2044
2091
2051
1977
2039
2095
1885
2095
1885
2000
2045
1885
1885
1990
2002
2141
1983
2095
2003
2077
2046
1982
2045
2002
2108
2002
2002
1980
2002
2002
2045
2041
2002
2077
1920
2043
2004
2108
2041
2043
2010
2077
2043
2011
2104
1887
1995
2043
2039
2046
2141
2039
2003
2141
2001
1977
2045
2000
2002
2043
2043
2010
2177
1989
2141
2038
1885
2001
2051
1983
2002
2045
2000
2003
2051
1885
2095
2002
2045
2043
2007
2004
2043
2043
2177
2108
1707
1707
644
2331
1717
1712
639
1716
641
1710
389
1668
398
1702
1709
567
397
431
1959
1959
2291
406
1957
646
431
430
1956
403
644
644
2080
2044
1971
1971
2079
2078
2175
2079
2176
2048
2060
2053
2116
2175
2175
2117
2092
2104
2117
2104
2021
2114
2080
1973
1971
1974
1964
2176
2180
2176
1796
1964
1967
2379
2179
2379
2368
2371
2030
1808
2368
1807
1952
2370
1968
1792
1805
1793
1792
1792
1792
1950
1811
1805
2086
1970
2059
2081
1960
1960
1963
1945
1798
1799
1810
2173
1802
2054
2059
2057
2369
1805
1803
1803
2369
1799
2180
2021
2180
2023
2030
2371
2371
2031
2371
1968
2086
2086
2085
2056
1946
1799
1949
1790
700
2367
1800
1791
1792
1792
1792
1957
1952
2118
2127
2127
2125
2115
2121
2114
2024
2114
2125
2090
2132
2017
2132
2132
2128
2126
2131
2030
2017
2380
2071
2132
2375
2375
2074
2071
2380
2017
2031
2072
2072
2037
2037
2086
2086
2072
2033
2052
2048
2110
2051
2108
2092
2095
2095
2108
2108
2108
2095
2108
2108
2106
2108
2108
2108
2104
2104
2175
2013
2175
2177
2042
2177
2044
2078
2177
2044
2044
2044
2044
2046
1791
1791
646
404
1958
1949
1946
1946
1952
1959
1959
255
255
829
556
557
555
2489
2392
2406
432
670
670
2214
2214
600
420
418
417
1650
2214
1509
1634
417
845
1772
308
1729
2420
279
239
2391
493
553
2201
2188
1485
531
587
2190
2205
2232
2254
2192
2192
2195
1628
555
420
554
2246
2210
2235
2201
456
1728
234
2470
2248
2278
2206
2219
1514
2249
800
2188
617
419
591
239
591
591
456
687
656
656
1770
844
3152
1767
4281
4759
842
2295
2292
2295
1768
2204
657
3042
4281
4281
288
2292
3184
841
1622
598
845
2194
1736
1615
1610
594
476
1620
343
2354
623
623
356
2355
1659
2288
4797
2505
2256
1489
2303
1788
4281
2476
4777
4777
2926
704
3044
2298
614
2289
1695
4281
4281
4759
482
2295
2352
1639
612
1652
2321
2322
691
2325
695
697
1534
1545
2477
1540
2283
860
860
1525
1527
899
595
2364
2366
1511
2337
609
2926
3056
549
296
2290
1699
2288
347
2324
2355
390
503
1751
2283
1504
2313
640
2332
638
1951
1968
1804
2085
1950
2031
2035
1793
2035
2031
2332
503
4219
2292
503
221
2487
246
232
232
235
235
235
1774
855
2479
1588
235
463
847
520
1750
855
2386
2447
536
257
2447
2386
2386
1760
1471
2409
281
4992
1743
1486
280
2509
49
30
30
53
53
53
53
52
53
53
53
53
52
52
53
53
903
585
585
2487
1587
1587
1587
507
492
2333
2334
1587
2450
2334
2334
458
236
910
2485
585
1586
585
2454
870
1551
1578
884
1555
2463
222
2483
236
2441
870
585
858
861
709
2469
2469
2448
1498
1543
1525
859
2462
1399
242
2446
2477
508
507
223
906
2486
586
2445
239
3900
2500
1580
3034
3908
2480
4085
3900
2446
1398
4980
798
3035
4994
4995
2510
4988
1602
1602
2399
4272
2635
4279
1785
47
123
123
123
123
1340
115
1339
4279
4272
2635
4277
2630
2677
2588
2648
2648
2624
2617
2676
2624
2538
2604
2635
2569
2568
4923
3337
922
2604
2538
2652
2605
120
4279
4279
2624
2624
2654
2614
2648
2648
2635
2526
2513
2569
2624
2624
2624
2557
2624
123
77
123
2564
2558
2662
45
71
123
123
15
4272
120
71
4279
2635
120
120
1785
2535
2568
2568
2533
2533
2561
2563
2533
2568
2557
4276
1782
2573
2557
2573
110
2635
2538
2538
2625
2654
140
2541
2561
47
2553
3
47
120
2624
1782
47
123
123
47
123
120
4276
89
89
133
124
123
133
1785
47
1785
1785
1785
123
4279
4279
2539
133
140
2573
2538
2625
140
4276
3341
164
2635
4922
2538
2635
88
2563
115
2677
2555
116
2640
1781
123
120
123
47
71
1785
1785
4279
88
89
2533
2533
2533
2567
2532
2567
2567
2568
2568
2568
2567
2568
2533
2533
2561
2567
2562
2561
2563
2568
2534
2533
2568
2568
2567
2568
2534
2534
2567
2567
2568
2567
2532
2567
2568
2535
2563
2567
2567
2532
2567
2567
2567
2567
2567
2567
2567
2567
2535
2562
2567
2567
2645
2646
4911
3316
3092
3092
4028
3085
3386
4947
4972
4091
4966
4966
3015
3406
3406
3901
4954
4090
2989
3016
3988
2524
4955
3990
4940
3995
4030
4033
4945
2540
4052
3367
4968
4093
4687
4805
3376
2667
4836
3893
3418
4036
3910
2633
3343
2762
2611
2549
2753
2633
117
4845
2802
3905
2982
4783
4258
4891
4250
4019
4116
3028
3170
3170
2975
2999
4012
4841
3215
3173
2838
2791
4725
2799
3101
4724
4705
2817
3907
4938
4887
4887
4887
3916
4264
3051
3054
3053
2826
4754
4028
3911
2828
2991
2836
4132
4130
4725
4726
4784
4766
4766
4137
4139
4142
2809
4144
4135
2837
2845
4144
2844
4811
4143
4143
2844
4811
4855
4811
4158
4158
3162
4140
2865
2865
2865
4788
2850
2850
4145
4145
4746
4145
4746
4746
4136
4136
2835
3060
2963
4728
4162
4162
4143
4160
2852
4148
2830
2830
4136
4746
4145
4746
4145
4145
2850
4788
2850
4145
4788
4788
4788
4788
3117
3117
2834
4151
4717
2963
2864
4136
4729
4717
3118
2931
4788
4788
3125
4788
2850
2849
2850
4788
4162
4145
2849
2849
4746
4746
4729
4746
4736
4736
4729
4789
2876
3191
3191
3191
3117
4788
4788
4788
3117
2851
2863
2848
3001
4855
2851
2851
3158
2944
4730
4734
2868
2853
3125
2881
2881
2890
2881
2958
3129
2872
2880
4789
2881
2888
2888
2888
4191
2888
3056
4759
4759
2811
4148
4151
3059
3060
3060
2931
2931
3191
4823
4826
4826
4829
2853
3129
4756
4794
4717
4717
4745
4745
2849
2849
4160
4160
4788
2851
4788
4788
4151
4129
3059
4729
4729
4729
3125
2865
2835
3060
4708
4703
3118
2863
3122
4162
4145
4162
2849
2849
4160
4160
4160
4143
4811
4811
2831
2774
3915
3913
2759
3383
3385
2754
3917
2755
4903
4247
4247
4238
2801
2801
4794
2985
2678
4281
4864
4769
2982
4845
4048
2616
4261
4053
4967
4041
4783
4106
2774
2764
4961
4961
4945
2766
3402
4775
3156
3117
2865
3005
4241
2787
4219
2942
2942
4836
2997
2997
4835
2997
2997
3402
4835
3367
4953
3209
2647
3353
2655
2580
3330
2666
2645
2524
3866
2549
2577
3355
4225
3991
4136
2969
4102
4103
1600
3907
2817
2817
3037
2752
3916
2754
4102
4967
4092
4092
4219
3095
4777
4777
4777
4864
4230
4241
4242
4242
3152
3152
3168
4149
4699
3059
3059
4150
4150
3060
3060
3061
2931
3061
3062
3192
3193
2853
3121
3129
3878
2773
3419
4004
4004
3876
3883
3411
3380
3892
3895
3093
4944
2968
3038
4971
4939
3092
3912
2668
3912
4029
4961
4836
4031
3081
4253
4262
4266
3347
4719
4775
3000
4798
3886
3054
3054
3055
2777
4263
2842
2822
4157
4159
4159
4161
2829
4165
4128
2831
4150
2963
4788
4788
4788
4135
2837
2845
4162
4855
4788
4855
4855
2851
2851
2851
4165
4165
3117
4788
4788
2865
4788
4788
4788
4788
4788
4788
4788
4788
4788
4788
4788
4788
2874
4708
4855
4855
4855
4855
4855
4811
4811
4143
2849
4143
3029
2952
3128
2871
4790
3159
4160
2858
3129
4191
2880
3007
3007
3152
3213
4758
4697
2813
2972
3099
2830
4145
4145
4162
4160
3117
2851
2851
4151
4163
3162
3996
3088
2995
3348
2942
4775
4781
3168
3153
3171
4115
2997
3415
3415
3886
3418
3212
3178
3869
4714
4714
4265
4748
3185
2814
3114
4152
4141
3188
2835
3188
3188
4824
3190
3126
4823
4823
2865
2865
3117
2851
3125
3127
3052
3052
4777
3052
3184
3152
3052
4281
3208
3394
3083
3394
3218
4917
4121
3168
4003
3387
3387
4687
3434
3435
3939
3236
3433
4067
3237
3929
3231
3942
4079
3225
3260
3430
4068
3289
3267
3297
4072
3277
4069
3252
3265
3287
3423
3282
2745
3025
3025
3874
3877
3868
3025
2984
3923
3931
3226
3287
4070
3882
3290
3073
3022
2772
3870
3875
3242
3307
3306
3270
3428
3075
3288
3074
3179
3933
3227
3232
3873
3867
3243
3179
3420
2745
3283
3865
3236
3932
3247
4069
3251
3079
3249
4082
4078
3087
3915
3915
2968
3884
3883
3038
3375
3412
3391
4077
3872
4956
2568
2533
2565
2565
2563
2563
2658
4928
4920
3908
2818
4254
2567
2567
2567
2568
2533
2665
3860
2649
2567
4116
2568
2567
2568
2535
2568
2569
2568
1340
2964
3903
4253
2749
4743
4743
4017
2970
4986
2575
3341
2618
108
76
3013
4040
3984
3396
2611
4084
3397
4027
2746
4027
3368
3414
2997
3414
2997
3370
3367
3402
3220
3394
2768
4836
4835
4836
4836
4836
4836
3402
3218
3212
3390
3385
3411
4057
3397
3381
3218
3390
3390
3082
3383
4684
3399
3379
4050
4051
3368
3400
4000
4948
4952
3410
3082
3014
3410
3378
3378
4835
3402
4836
3402
4836
4023
3896
3874
3423
4844
3217
123
71
3266
3266
3246
4081
3245
3262
4071
4071
3256
3240
4074
4074
3221
3446
3968
3967
3966
3454
3259
3281
3292
3279
3462
3446
3950
3964
3454
3230
3232
3956
3941
3966
3222
3488
3534
3523
3523
3981
3849
3534
3534
3534
3974
3478
3523
3485
3564
3849
3971
3457
3849
3531
3849
3975
3455
3973
3973
3440
3523
3977
3849
3521
3553
3483
3564
3854
3523
3485
3849
3849
3485
3565
3819
3841
3478
3981
3819
3981
3981
3520
3980
3981
3450
3533
3819
3521
3819
3561
3980
3553
3980
3971
3450
3523
3531
3964
3457
3970
3969
3454
3457
3457
3485
3528
3564
3849
3523
3483
3980
3841
3483
3553
3457
3478
3485
3854
3841
3485
3565
3841
3523
3483
3841
3841
3849
3564
3841
3292
3534
3975
3564
3849
3523
3854
3483
3819
3841
3528
3442
3849
3485
3854
3957
3974
3854
3854
3841
3841
3818
3841
3841
3807
3807
3807
3818
3526
3841
3841
3526
3841
3841
3841
3841
3567
3567
3523
3841
3841
3483
3523
3483
3478
3483
3819
3483
3483
3485
3854
3483
3483
3483
3483
3483
3483
3485
3483
3483
3483
3504
3483
3854
3854
3483
3849
3483
3483
3483
3483
3496
3504
3496
3496
3483
3830
3483
3483
3496
3483
3483
3483
3496
3537
3483
3537
3483
3504
3537
3483
3483
3819
3483
3483
3854
3485
3483
3854
3854
3854
3854
3854
3828
3828
3483
3485
3485
3828
3828
3485
3828
3854
3854
3854
3485
3828
3828
3828
3828
3485
3520
3485
3828
3828
3828
3537
3828
3828
3828
3828
3504
3828
3828
3537
3828
3828
3485
3537
3828
3828
3828
3828
3537
3854
3485
3485
3854
3854
3485
3485
3854
3485
3485
3485
3564
3485
3564
3564
3565
3564
3564
3565
3564
3564
3565
3485
3565
3564
3485
3564
3564
3564
3564
3828
3564
3828
3828
3828
3564
3828
3564
3485
3828
3564
3564
3828
3564
3485
3485
3564
3565
3564
3485
3849
3523
3849
3523
3849
3523
3523
3523
3841
3841
3841
3841
3807
3841
3841
3841
3809
3841
3841
3809
3841
3841
3841
3841
3841
3841
3841
3841
3807
3841
3841
3980
3483
3564
3485
3485
3485
3564
3485
3485
3564
3485
3485
3485
3531
3530
3455
3523
3849
3849
3849
3849
3523
3523
3531
3528
3531
3534
3534
3440
3971
3564
3564
3981
3969
3450
3534
3488
3849
1785
1785
1785
4279
4922
2538
2568
2538
3085
3889
3885
3084
3084
3086
3418
3418
4041
4844
3891
3883
3890
2773
4005
4843
2771
3416
3892
3219
3388
4006
3177
3416
2997
3887
3894
3174
3009
3009
3094
4892
2985
2996
4034
3996
2743
4035
2764
4839
2747
4036
4939
3092
4028
4908
2764
2764
3859
4895
3038
2751
4937
3911
2989
4984
4985
2501
4076
3244
3244
3430
4070
3250
3237
3264
3248
3241
4073
3240
3240
3233
3295
3232
3225
3920
3924
3928
3930
3227
3920
3929
3921
3933
3223
3934
3932
3432
3940
3944
3284
3937
3233
3291
3236
3221
3259
3935
3953
3950
3936
3280
3224
3258
3259
3951
3446
3945
3946
3448
3966
3969
3970
3453
3446
3279
3454
3257
3860
2778
3353
3353
2620
4064
2747
4785
4034
4888
3919
4961
4956
4956
4939
4939
4048
4040
3990
4058
4001
3105
3175
4844
4046
4054
4049
3367
3363
4946
4963
4962
4841
4841
4009
4009
3992
4087
3991
4915
3898
4711
4749
3175
4042
4782
4948
4800
3038
4957
2997
3010
3398
4964
4032
4064
3913
3914
3914
4945
4030
4946
4962
4946
4031
4963
4038
4066
2633
4042
4022
4047
4027
3400
4044
4782
4059
4059
4799
4837
4043
4056
3386
4000
3364
4061
4061
2559
2559
2678
164
3253
3879
3078
3423
3290
3179
3269
3297
3289
3283
3253
3307
3420
3254
3268
3999
4906
4088
4982
2500
2763
4936
4936
4937
3382
3391
3377
3009
4094
4687
4094
3412
3301
3
76
4
13
3918
10
1596
1405
1599
1599
4102
4102
4106
4113
4111
4016
4237
2994
2776
4235
4117
4086
4779
4237
4847
4840
4127
2803
4236
4115
4993
4865
4086
3909
3909
4744
4716
3114
3101
2822
2797
4135
3051
4163
3003
2842
2808
2844
4811
4142
2790
4726
3101
2927
2927
3216
3058
2842
2824
2822
2806
4787
3115
3215
4159
4811
3116
2991
2829
4161
4161
2807
4164
3162
3001
4158
2851
3123
3123
2859
2943
4734
4826
3001
2853
3194
2874
4700
4855
4855
4811
4811
4143
4160
4811
3123
3158
3157
2851
2868
4823
4823
4788
2851
3117
2851
2851
2851
2847
2847
2847
3191
2931
3062
2949
4703
3122
4729
4736
4162
4162
4160
2850
2850
4160
4160
4160
2948
2948
4855
4855
4788
4788
4855
4788
4855
4788
4823
4823
3190
2951
2873
2873
3124
2869
2858
3030
4826
2853
4829
3194
3128
4855
2945
2850
2869
3030
3030
3160
3155
4281
4281
2782
4108
3102
3102
3102
3097
3096
4780
4710
4219
4229
4232
4217
4112
4114
4125
4123
4901
4898
4899
4894
4115
2796
2794
4838
3899
3163
4260
3910
4259
3997
2827
3993
4035
4892
2996
3991
3997
2804
4252
4257
3111
4749
4722
2792
4890
4126
2988
159
148
47
88
110
2624
921
8
40
4281
60
4097
4185
3128
4858
2961
4169
4181
2959
2897
3198
4194
3133
2899
3132
3135
4813
4179
2901
2900
4182
4178
2962
4540
4876
4536
4677
4587
4879
4876
4540
4540
4540
4875
4562
4876
4540
4876
4540
4540
4580
4580
4540
4539
4539
4540
4540
4539
4539
4536
4879
4539
4536
4536
4562
4296
4540
4296
4883
4297
4297
4876
4540
4580
4879
4540
4677
4540
4879
4540
4883
4540
4875
4879
4879
4677
4879
4540
4540
4879
4876
4539
4539
4875
4540
4580
4580
4536
4536
4536
4540
4540
4540
4580
4580
4536
4536
4539
4536
4879
4589
4577
4536
4536
4876
4875
4580
4879
4879
4876
4876
4540
4540
4875
4875
4540
4540
4580
4536
4539
4876
4536
4539
4562
4297
4876
4879
4883
4876
4540
4540
4562
4879
4879
4875
4539
4628
4540
4580
4539
4879
4580
4539
4536
4534
4539
3198
2937
2894
4185
4196
2961
4168
4186
4193
4192
4185
3130
2896
2957
4174
2903
2898
4174
2893
4205
4814
4178
4178
4833
4862
3200
4200
3143
4204
4181
4869
4284
4869
4462
4293
4869
4288
4299
4295
4295
4298
4672
4299
4299
4305
4589
4299
4594
4594
4869
4869
4454
4455
4455
4306
4867
4286
4285
4286
4868
4868
4457
4793
4793
4867
4457
4793
4793
4861
4861
4861
4210
3141
4211
3134
4177
4177
3139
4201
4201
4201
4464
4295
4464
3072
2913
2940
2913
3200
4871
4871
4285
4834
4298
4294
4285
3146
4201
4201
4215
4834
4834
4868
4474
4867
4457
4456
4793
4793
4793
3140
3141
3141
4201
2914
3146
4199
2939
3200
3200
4834
3199
2906
4167
4210
4167
3134
4177
3142
4203
4298
4305
4305
4305
4306
4594
4594
4594
4868
4286
4294
4306
4306
4305
4456
4456
4294
4868
4294
3146
4294
4294
4457
4456
4793
4793
4457
2914
4793
3141
2916
4793
2916
4297
4297
4297
4672
4879
4879
4539
4589
4539
4539
4536
4589
4589
4536
4536
4593
4594
4475
4299
4297
4307
4879
4883
4869
4540
4677
4675
4883
4675
4307
4869
4167
3132
4177
3199
4167
2906
2911
4458
4212
2907
4202
2909
2908
3382
164
3061
3061
4707
4704
4752
4712
4694
4695
4251
3346
2810
4129
2963
4129
4717
4128
4748
4265
2831
4717
4129
2795
3183
4752
3170
4021
2743
4258
4696
4744
4738
3153
2743
3098
4974
4748
4725
4739
2790
4135
4727
2830
4727
4717
4717
2963
4129
4717
2830
4738
4226
3996
3028
4249
4743
4722
3164
2836
4135
4740
2825
4974
4749
3118
2965
2965
4941
3300
3300
4034
4034
4217
4217
3110
4220
4759
4118
4847
4759
4759
4281
4234
4794
4222
4221
4756
4780
4281
4281
4281
4231
3184
3184
4236
2788
4741
4747
4758
4846
4122
3906
3362
2786
4158
4158
4855
2849
2849
2849
4162
4145
4162
2847
4746
4145
4145
4145
4791
4794
4788
4788
4788
2850
4145
2848
4145
2975
4798
4109
4037
4963
4230
4816
4816
4946
4816
2824
4816
2842
4142
2838
4160
4160
4160
4855
2849
2848
2944
3159
4281
4281
4785
4794
4147
4141
4131
4821
2865
3190
4824
4823
3190
4823
2835
2865
3117
3117
2865
3126
3121
4910
4050
4050
3366
4785
3362
3906
4025
4065
4043
4022
4778
4760
4117
4848
4010
3114
2822
2822
2823
4786
3116
4855
4811
4160
3126
4143
4145
4162
4143
4823
2865
2865
3117
2870
4829
4794
2942
4119
2804
4792
4196
4813
4167
4196
4856
3140
4861
2914
2914
3141
2914
3142
3140
2916
4167
4270
2942
2942
2740
2544
4714
4941
4941
4966
4966
4255
4267
4753
3041
4092
4901
4267
3100
4893
2666
3089
2748
4939
513
4939
4887
4888
4888
3330
2765
4969
3166
4912
4753
2816
840
2635
2533
2569
2569
2569
2567
2533
2567
2567
2567
2567
2567
2567
2532
2563
2532
2532
2757
3357
4966
3915
4966
4090
4955
3404
4008
2766
3367
4090
3915
3367
4008
4970
3395
3395
4971
3915
2965
3912
4940
3915
3301
2966
4062
3017
2760
3026
3409
4936
4970
4944
2966
3384
2965
2965
3360
4033
4957
4957
3304
4968
4968
4959
4031
3998
3365
2744
4973
2480
4051
2750
3012
4895
3408
4034
2965
3092
3900
3900
2500
4256
4256
4904
4101
4254
4024
2465
4977
3181
1789
3036
4995
3908
4268
3040
2819
2755
4104
2011
2077
2041
2043
2043
