93
17
39
16
7
16
38
16
813
39
813
143
129
93
93
136
119
17
80
93
187
18
58
187
2379
36
168
181
2379
785
36
35
127
30
446
30
36
72
95
77
788
86
29
68
93
143
47
48
181
187
187
181
779
779
788
812
7
58
782
783
59
7
16
7
38
72
47
16
47
16
2
38
143
2378
135
181
181
181
23
181
2379
779
25
86
1318
2379
2379
89
99
36
168
168
34
34
33
135
47
95
16
144
48
144
28
25
39
1602
11
38
906
68
29
59
32
11
120
7
68
38
94
2
16
7
16
811
784
149
33
168
168
1318
33
33
25
496
32
143
783
2379
118
89
48
9
48
58
137
1603
16
16
7
16
143
47
2
143
16
59
181
181
181
181
181
181
181
2378
181
2378
181
181
181
181
181
48
135
133
2378
2378
181
181
181
181
181
181
79
2378
2378
2378
181
2378
181
181
2378
2377
181
181
181
181
181
181
181
181
181
181
181
181
2378
48
181
181
487
197
216
2353
1371
1371
2356
548
1551
201
1374
2382
299
2222
200
220
763
2395
2394
2194
1527
2434
508
200
560
2447
2380
2400
1743
2345
1528
454
2441
563
563
221
1528
456
1585
765
765
1500
1521
205
819
1527
655
1329
427
1489
1489
261
570
489
260
1558
43
2249
1618
272
1751
497
451
2194
1487
432
271
1736
443
2197
576
576
3019
2364
1751
1750
471
473
685
451
642
2188
274
311
2186
2246
2363
1487
2172
2172
1376
1376
2400
2383
297
3179
297
2212
299
266
1745
497
642
1629
2313
2312
584
2309
2198
2199
283
2310
2310
2270
1640
303
1644
2192
309
319
1658
1663
1641
2286
597
629
340
593
590
412
397
397
2201
1643
2284
1650
525
593
340
630
661
307
426
525
526
342
2254
2203
2181
399
2288
598
2253
349
408
330
344
337
601
1674
331
665
349
2290
364
423
1667
2220
2220
1688
2292
602
1702
1701
1669
362
1707
373
1699
1709
617
384
1700
362
614
362
362
3181
3182
1653
2309
306
2284
307
307
412
398
351
1671
1698
1704
1698
2241
2241
426
317
594
661
2284
396
2208
628
499
343
343
2169
2221
2207
357
2255
2255
424
1647
280
2418
2418
1461
1501
2347
2347
291
291
2363
288
573
2322
576
2943
4282
1749
1535
4753
2265
4805
2226
444
2299
860
1625
1628
1482
899
641
2233
804
1489
427
454
1379
565
456
1528
2266
2266
466
467
625
323
518
518
470
4753
1768
678
1527
1523
1522
2434
456
1523
456
880
2380
196
488
1518
2390
1452
1361
1355
2409
2236
583
2182
2350
2468
2468
1370
268
268
1741
861
2423
2358
2358
1377
291
1389
2400
2400
4750
2895
2797
3089
3089
579
511
1735
519
517
673
519
3178
312
305
1647
1632
1631
395
397
631
631
529
530
2221
1672
402
403
2304
1337
541
1331
450
1319
1322
820
1386
862
1468
768
653
2415
208
763
2402
1371
1371
2222
486
219
2418
1372
503
237
1553
298
582
1743
2183
2176
2176
514
2322
2322
1467
3087
293
2798
261
1740
1638
632
2314
1659
1648
1650
396
2202
319
2315
589
630
2286
592
352
1687
421
600
1676
2259
1690
1682
536
611
610
612
605
1714
361
535
609
2257
3021
4804
3029
3184
522
623
2246
1724
658
1716
2201
2275
336
2284
1662
220
1748
203
263
1750
2352
638
441
637
2247
2233
684
1524
1527
1525
1528
1329
829
869
1335
873
1487
2217
3183
1725
1719
1651
1652
336
660
660
662
663
2319
1684
1665
3180
3179
3179
520
3183
1454
1501
1520
869
869
794
685
684
574
2304
1498
764
241
765
932
1417
1428
1424
1406
915
696
1423
1434
1437
1419
1406
1421
1405
775
713
1575
708
1394
750
756
752
734
742
714
731
538
538
746
202
1323
1323
1335
746
937
1423
920
726
761
495
1336
495
730
1323
1332
1338
744
1566
1430
940
1412
755
712
741
1565
1431
699
1435
721
445
724
1324
1392
493
1562
1323
754
930
250
703
752
748
687
759
761
1745
2223
200
208
2434
1340
769
300
1525
1522
709
737
739
1458
2379
181
127
181
135
24
23
24
2348
1741
181
181
181
181
181
1450
32
259
1737
181
181
181
2377
2378
181
181
2378
1758
804
1754
298
806
656
2196
573
3325
492
496
61
55
906
2450
2357
2405
1545
1483
1530
1550
1553
1543
826
1525
2434
556
2434
1521
1527
1528
237
1500
1500
477
1500
1528
456
1528
2434
1527
2434
1527
2434
1528
857
865
1386
765
862
1386
1386
1386
1555
832
2417
765
832
765
1386
765
556
556
1523
874
1511
1466
2408
2442
2437
877
2410
862
857
862
486
861
858
858
1527
237
456
1528
1526
459
902
901
751
900
544
729
813
8
756
1571
1574
911
1414
1393
701
914
747
1408
1403
917
1445
1303
1054
1052
939
929
964
1446
1004
985
1442
1003
1448
985
1005
1445
921
924
1438
959
1436
1291
1013
974
1275
1274
1078
1245
1292
1084
966
1087
1306
1306
1292
1293
1142
1277
1046
1011
1298
1289
1300
1054
1269
1288
1134
1158
1098
1203
1278
1131
951
1154
1151
1276
1274
1214
1190
1190
1210
1234
1107
1203
1274
1275
1275
1194
1144
1143
1151
1134
1167
968
1076
996
1076
1145
1081
1273
995
962
952
953
996
1102
1264
980
1138
1079
1097
1016
1081
1097
1138
1196
1011
1097
1158
1132
1198
1200
1165
1102
1168
1107
1092
1107
1273
1284
1004
987
1001
1143
1138
1200
1168
1167
1090
1015
1298
1043
1190
1209
928
1001
944
1104
1103
1101
1057
1109
1084
1101
1106
1092
1091
1188
1090
1106
1101
1093
1166
1094
1092
1109
1097
1100
1134
1167
1135
1093
1089
992
1164
1146
1162
1192
1154
1165
1154
1152
1194
1160
1162
1194
1215
1147
1170
1152
1154
1161
1207
1162
1157
1152
1158
1207
1183
1165
1161
1153
1186
1161
1161
1218
1161
1155
1162
1183
1171
1161
1186
1162
1161
1163
1161
1218
1155
1223
1171
1163
1162
1148
1157
1158
1147
1158
1154
1147
1167
1154
1194
1167
1200
1148
1275
1215
1154
1158
1215
1207
1225
1215
1152
1215
1210
1210
1152
1207
1225
1210
1218
1210
1218
1215
1215
1218
1228
1224
1223
1225
1224
1218
1223
1230
1233
1231
1225
1224
1225
1225
1225
1218
1218
1225
1169
1152
1150
1152
1200
1154
1210
1207
1206
1210
1206
1206
1050
1206
1211
1202
1209
1211
1228
1206
1206
1235
1212
1235
1212
1205
1229
1217
1229
1228
1217
1218
1227
1229
1205
1206
1212
1222
1212
1225
1217
1200
1201
1235
1235
1206
1262
1078
1265
1046
1251
1266
1265
1267
1262
1270
1252
1253
1253
1270
1262
1252
1260
1255
1257
1253
1263
1253
1265
1262
1259
1272
1258
1254
1261
1262
1256
1210
1157
1203
1195
1204
1204
1279
1051
981
1237
1197
1216
1203
1277
1022
942
966
1131
974
1083
1083
1264
1264
966
956
1287
1282
1298
1292
1214
1214
983
976
945
1297
1013
118
561
785
2378
2378
2378
1348
577
647
1537
2305
542
1325
445
900
550
1354
1537
1332
545
445
903
540
1524
458
868
1365
1526
1348
1525
1525
871
566
1500
2425
2428
268
255
1484
2324
453
498
504
1748
1748
203
453
256
634
255
427
1750
1371
1746
1371
1747
2281
224
1372
1381
2452
1382
762
777
1591
2344
1391
1391
2358
508
696
1415
1402
1412
1396
760
695
913
1399
915
1392
749
704
1416
743
692
1419
1425
1410
691
1416
1415
723
736
1420
692
932
1441
1418
936
1432
937
1428
927
1444
930
931
1445
921
923
1053
1006
929
1448
1036
939
939
1005
1036
995
1007
1003
1052
1307
1307
985
1309
1445
953
962
246
487
491
1533
1374
427
1750
498
2355
2355
427
1372
2223
1745
2222
1371
2222
226
447
2405
827
827
1541
1536
1491
2436
238
238
1528
1375
1375
1744
1744
255
280
256
1486
1486
1627
1740
2363
299
2195
1743
1743
899
281
1513
876
1520
209
208
565
565
455
254
1480
822
1495
1458
1460
1379
1459
1482
281
226
1517
1347
1538
1544
1513
1539
281
1514
2445
821
2302
1511
1549
1555
874
2442
1555
2407
1557
447
2360
818
1572
717
726
716
1336
720
654
1568
909
725
727
752
1564
712
728
1577
738
2441
1378
1490
802
448
1369
1378
2443
1591
428
763
1500
1500
1500
1600
765
2428
1500
556
1521
1525
64
501
4110
301
217
1313
507
217
1377
4119
2468
1377
1377
1728
257
1616
1612
1614
2306
1758
1618
1613
264
2323
1621
1611
1623
2306
1730
2307
2308
1739
2301
2191
274
524
585
2272
1653
1654
2199
304
1637
1640
1641
283
315
2199
1635
1633
1654
306
1646
1634
394
314
1638
2311
2311
1661
586
1655
587
302
588
472
1641
1683
1684
1685
1689
359
422
1686
1686
1694
420
425
1693
2318
1666
356
367
2206
358
351
352
414
399
346
333
345
2205
2206
1685
348
531
353
664
1670
1674
2292
667
368
370
372
366
401
1704
601
604
1675
2316
2277
1669
1668
374
658
1716
4753
2212
2279
2279
2279
582
1722
2237
2225
512
466
2235
2893
571
1620
2244
467
467
625
1733
1732
621
516
4782
1740
805
2189
1742
572
2219
280
280
2324
290
220
224
203
453
220
203
1484
448
256
1625
1752
805
1754
1754
2218
2213
2196
808
1626
1622
21
43
38
123
28
68
144
27
4110
3182
1453
1453
405
2321
1945
383
1777
537
615
608
404
2330
381
381
1785
1774
1938
1776
1942
1942
1948
381
1946
1938
1936
1976
2132
1998
2026
2026
2037
2079
2080
2080
2026
2026
1981
2026
2026
2132
2080
2037
1970
2080
2080
1984
1991
1989
1990
2028
1993
2140
2091
2028
2028
2091
1976
2037
2024
1976
2037
2024
2038
2079
1988
2037
2080
2132
2082
1987
2024
2030
1987
2132
2080
2080
1981
2080
2080
2140
2030
2024
2140
2024
2080
2091
2080
2080
1970
2082
2082
2030
2091
2091
2031
1993
2024
2091
2091
2091
2028
2090
2028
1998
2049
2089
2140
2078
1998
2037
2024
2081
2037
1989
2080
2037
1988
2024
1989
1989
1998
2091
2089
2028
1976
1976
2037
2132
2026
2080
1981
2026
2024
2026
1987
2079
2140
2082
2026
2030
1990
1993
1972
2091
1998
1997
2089
404
1706
1947
2321
2330
617
1777
385
1712
1697
373
1715
668
405
537
537
1944
1937
1934
1948
1940
1784
1791
1775
1948
1782
1933
1947
1947
615
2066
2032
2063
1960
2063
2066
2103
2063
2007
2036
2046
2101
2100
2007
2002
2101
2101
2092
2103
2092
2095
2103
2065
1953
1960
1953
2160
2160
2009
2007
2163
2163
2338
2005
2163
2010
2338
2338
2332
2164
2338
2331
2331
1792
2074
2073
2072
1790
1791
1799
1799
2153
2155
2021
2072
2067
2045
2045
1951
1951
2065
1797
2159
1797
2068
2067
2068
2036
2041
2044
2071
2021
2154
2341
2069
2158
2009
2096
2009
2054
2056
2333
2332
2074
2016
2017
2017
2018
2021
2061
1933
1786
1782
1800
1773
1788
1787
1783
1798
1791
1799
1789
1794
2040
2102
2100
2111
2100
2104
2103
2108
2098
2110
2005
2111
2108
2111
2110
2102
2111
2112
2108
2108
2110
2110
2062
2334
2335
2340
2060
2339
2336
2012
2058
2113
2023
2023
2017
2017
2058
2017
2039
2034
2101
2039
2091
2094
2078
2080
2093
2091
2091
2091
2091
2092
2083
2092
2091
2091
2097
2092
2095
2088
1997
2007
1997
2028
2032
2064
2028
2024
2032
2032
2032
2035
1938
1787
1783
2326
1787
1782
1793
1933
1955
1782
1934
765
765
1455
2184
528
413
220
2173
1755
686
2191
2175
2183
2217
1649
526
526
396
524
2183
2183
1648
396
2246
2217
2173
640
2183
2196
211
2194
523
2190
623
2213
215
2196
220
656
2247
2197
273
304
2177
426
590
413
2184
525
299
1630
2209
2209
583
622
270
583
2218
273
308
2215
656
2218
210
2213
2185
528
2214
633
1748
1748
2214
2240
1725
2224
1718
2227
3178
1728
1727
2893
1721
2976
2230
677
2236
640
2238
4753
2894
392
442
619
3183
1728
1613
2210
2209
623
1610
2262
444
1483
2262
2251
411
2275
340
2254
328
384
596
416
3019
3144
452
1495
1482
3089
3022
1482
3089
4796
581
1639
2313
1642
321
1691
1677
3024
2892
2892
1484
4282
1651
1651
659
660
2285
2286
663
665
363
666
1492
238
2437
1347
2250
1750
635
1481
1495
1540
1538
1616
2229
1615
1486
314
581
1638
1638
587
2276
2290
2256
354
664
2320
1680
4752
1729
1484
803
384
1946
1785
383
1789
2074
2074
2022
2153
2017
2022
1789
2023
2017
2326
393
2894
677
2239
2447
560
2406
211
633
2222
2222
2222
289
2451
2400
1376
1376
1716
627
816
289
2448
2347
2347
2187
1464
2222
2347
1376
2195
819
2443
2351
276
279
215
572
2245
143
143
99
181
181
181
181
181
181
181
181
181
181
181
181
181
198
2223
2223
2382
200
200
2418
1382
1523
456
225
200
825
456
225
2423
1383
1523
2402
2223
2418
2223
2223
1520
2405
1529
1556
2419
2410
1389
2412
1388
777
1520
2223
1578
1528
209
201
208
1460
455
455
2263
1515
1465
1591
1380
2411
1528
1381
2381
2449
2381
1591
2214
1371
633
1741
4982
1490
2463
4990
1605
448
1741
1605
1390
1756
1462
1756
786
502
2456
269
2466
1370
1370
15
1759
3834
140
94
2597
2597
94
907
4111
3427
2479
2481
14
14
2573
2629
2523
2550
50
4277
54
2557
2484
52
2566
2606
4273
2580
2560
2639
2536
2531
2570
2605
2623
2586
130
106
2469
21
22
122
4274
20
40
100
2494
2550
41
41
22
52
42
52
94
2476
112
2598
2587
4274
59
3331
94
2597
94
15
68
2581
2548
107
69
144
97
2647
2647
2491
2525
2525
2486
2514
2525
2562
83
82
25
1762
84
1762
85
2487
2606
2566
132
122
122
2514
2520
142
2483
4112
144
144
28
25
94
94
94
144
117
130
26
108
139
21
1607
94
45
69
144
140
131
140
94
4278
3835
2623
21
91
132
2566
132
124
82
3329
2765
2515
2639
2560
2520
91
2514
3428
2599
2598
59
2574
2540
62
116
94
142
2581
131
131
2544
33
108
2525
2525
2525
2491
2521
2491
2491
2527
2559
2491
2491
2491
2525
2525
2521
2559
2521
2612
2514
3838
2559
2525
2561
2529
2491
2560
2559
2559
2559
2559
2561
2559
2559
2491
2561
2559
2572
2559
2559
2559
2559
2524
2525
2524
2525
2491
2525
2491
2527
2521
2524
2521
3006
2993
2793
2692
3887
3887
3142
3061
3346
3975
2695
4888
4261
4980
2714
4976
4978
3078
3904
4980
3017
2457
1313
3011
4874
4086
4828
3999
3996
4787
3975
3306
2460
3994
3972
2984
2984
4024
4031
3964
4034
3014
2725
4825
3999
2611
4121
3320
2509
3305
2762
4281
494
4775
4251
4257
2785
4840
4002
4000
3143
2799
3129
2774
4715
2809
4870
4234
4850
3885
3140
4172
3095
4840
2809
4694
4143
4703
3132
2771
2792
4688
4877
4877
4888
4888
3090
4148
2795
3087
2799
2800
3142
3904
2786
4169
4718
4835
2897
4145
2810
4166
4163
4144
4161
4161
4168
2817
4155
4147
4734
2820
4154
4170
4801
2821
4801
2820
3103
3103
3103
2835
2835
2835
3169
3171
3171
3171
3171
3171
3171
4720
2833
3139
4720
4726
4726
3097
3097
3139
3038
4698
4147
2834
3102
3102
3137
4812
2897
3097
4719
4726
4720
4720
4720
4720
2834
3171
3171
3171
3139
3171
3171
3171
3171
3171
3171
3038
3038
4698
4698
3139
2838
2838
3098
4697
2900
3171
3171
3171
3171
3171
3137
3171
3171
2833
4720
3171
2833
4726
4720
2838
2838
4725
4725
2837
2851
2851
2843
2843
2831
3171
3171
3171
3171
4813
3171
3010
3136
3172
3104
4811
4811
2849
2830
2910
4696
4684
4845
2842
2864
2856
2926
4201
4183
2867
2852
4205
4203
2864
2865
2925
2925
4176
4189
3181
3182
3021
4141
2897
2898
2898
3038
3037
3039
2900
2831
2831
4815
3173
4845
4845
3175
3081
4762
3097
3097
2818
2818
2914
2912
3137
3137
2972
2972
2972
2972
2899
4701
3036
2838
3098
2838
3171
3171
3139
3037
3041
4695
4724
3010
2911
2912
2833
2912
3137
2912
3137
3137
3137
3137
2913
2913
2929
4827
4741
4933
3067
3899
4944
4996
4996
3884
4256
2934
3134
3083
4232
4232
4762
4285
4683
1727
4794
3149
2769
4775
4094
2978
4134
3893
1608
3060
4840
2955
4827
2754
2958
3996
3975
2752
4036
2812
4240
4812
4812
4149
4171
2784
4753
4284
4806
4034
4034
2960
2722
2960
2722
2723
2722
2723
2989
3402
3967
3000
3069
1769
1451
2715
3327
3011
3162
2535
2697
3011
2946
2768
3097
4983
4996
500
2468
2792
2771
2771
2701
4944
4888
4996
4996
1608
4888
4877
4753
4967
3087
3086
3086
4163
4163
2974
2975
2975
3178
3178
4143
4158
3035
3035
3036
2915
2915
3037
3037
3039
3039
3039
3040
2831
2921
4206
4206
4190
4044
3274
3848
2954
3983
3878
3058
3377
3359
3345
3880
3340
3902
3070
3269
4916
4261
4261
4932
2994
3270
3974
3997
4036
4826
3980
3321
3077
2789
3134
3079
2813
4232
4763
2701
2795
4838
4838
4231
3090
3092
3092
4173
2823
4167
4152
3096
2835
4709
4699
2915
4698
3171
3171
3171
4147
4734
2819
3102
3138
3138
3105
3138
4811
2972
4811
4811
4811
3171
2972
3171
3171
3171
3171
3171
3171
3171
3171
2972
2972
3171
2972
2972
2972
2921
4696
3104
3104
3104
3103
3103
2913
3103
3102
3137
3102
2829
4204
4816
2847
2854
2827
2841
2856
2866
4189
4205
4794
4794
3178
3027
3007
4237
4742
2971
3167
4719
4720
2819
2834
3137
3171
4812
2972
3036
4151
4150
2706
2957
2754
4248
4753
2788
2775
2788
2774
2802
2973
2960
4957
4033
3393
2725
3405
4938
3873
2771
4876
4730
4714
2944
4765
4810
4810
2836
3171
2914
3171
3171
2914
2843
3171
2843
2843
3171
4814
4813
4811
2842
2852
2796
4148
2797
2798
3181
3181
2975
2892
3969
4009
4927
3277
3198
3310
3192
2788
4047
2739
3189
4010
3199
3912
3936
3916
3434
3257
3224
3920
3252
3927
3915
4073
3236
4079
3216
3239
3005
3048
3279
2700
3221
2749
3221
3227
3844
3854
3842
3873
3846
3849
3877
3162
4003
3856
3210
3918
3913
3223
3426
3052
3001
3852
3845
3057
4830
3857
3439
3266
3437
4081
3430
3053
3281
3058
3855
3199
3433
3205
3049
3050
3233
3982
3253
3843
3248
3866
3212
3280
3227
4074
2749
3842
3161
3426
3240
3890
4740
4740
4030
3065
3058
3282
4953
4957
2984
3230
3053
4741
2560
2525
2622
2622
2572
2486
2598
2490
2523
4990
4876
2463
2559
2524
2525
2529
2525
2485
3289
4274
2491
521
2562
2525
2560
2559
2561
2491
2561
9
4271
4258
3321
3322
2772
3323
4706
3324
2467
3327
3329
2574
2478
906
2992
4829
4027
4820
2509
3977
3398
4038
4948
4038
4062
2980
2960
4957
2960
2980
2723
2723
4010
4009
4953
4035
2722
4035
4036
2723
2723
4036
3198
3384
3359
4976
3403
2718
4061
3359
2739
3359
3359
2931
3899
4957
4935
3399
3992
4789
4063
4918
2724
4828
4884
4977
3376
3068
3403
3400
3403
2723
2723
4036
4036
4035
3059
3849
3422
2948
2954
3851
94
115
3423
3052
3258
3234
3268
3236
3236
3235
3216
4081
4069
4069
3945
3455
3447
3445
3948
3454
3201
3206
3947
3946
3448
3949
3207
3455
3445
3945
3205
3231
3937
3445
3232
3568
3485
3475
3475
3510
3825
3529
3959
3485
3957
3561
3475
3483
3506
3476
3476
3524
3475
3483
3825
3961
3568
3957
3952
3952
3824
3559
3561
3517
3521
3517
3480
3519
3824
3506
3475
3561
3506
3829
3825
3475
3561
3510
3537
3829
3958
3509
3528
3510
3958
3523
3537
3561
3521
3825
3523
3521
3524
3524
3440
3824
3483
3440
3953
3451
3961
3960
3440
3953
3506
3957
3527
3825
3475
3475
3524
3561
3824
3509
3953
3561
3483
3506
3561
3506
3829
3561
3475
3824
3475
3475
3825
3527
3831
3262
3529
3445
3527
3825
3475
3506
3475
3537
3561
3957
3525
3825
3526
3506
3931
3957
3509
3509
3831
3561
3831
3831
3561
3831
3780
3831
3831
3831
3831
3561
3569
3831
3831
3561
3561
3561
3561
3475
3475
3831
3475
3475
3561
3561
3464
3825
3475
3821
3506
3506
3806
3503
3797
3561
3668
3508
3465
3561
3475
3561
3508
3464
3508
3508
3464
3561
3508
3508
3561
3465
3561
3548
3561
3464
3464
3806
3561
3561
3464
3806
3465
3465
3464
3806
3806
3548
3806
3548
3806
3467
3465
3668
3517
3824
3508
3481
3824
3506
3797
3825
3506
3516
3506
3508
3465
3483
3506
3506
3506
3506
3506
3506
3506
3508
3506
3508
3506
3506
3506
3506
3508
3506
3506
3508
3506
3479
3508
3508
3508
3506
3508
3548
3508
3503
3508
3508
3822
3506
3506
3508
3506
3548
3479
3508
3506
3506
3506
3506
3506
3483
3506
3506
3506
3483
3480
3506
3827
3506
3828
3828
3506
3828
3506
3828
3829
3483
3506
3506
3483
3828
3480
3827
3827
3560
3506
3828
3827
3828
3480
3827
3506
3483
3827
3827
3827
3827
3560
3506
3483
3506
3506
3506
3506
3475
3824
3825
3475
3475
3467
3824
3475
3475
3475
3475
3475
3475
3475
3475
3475
3831
3475
3475
3831
3475
3475
3475
3475
3475
3475
3475
3831
3831
3475
3475
3528
3824
3506
3506
3483
3483
3483
3483
3483
3480
3506
3483
3483
3483
3526
3825
3475
3825
3825
3825
3825
3824
3824
3526
3830
3957
3529
3529
3952
3524
3480
3480
3961
3961
3453
3485
3824
3824
13
13
146
106
2639
2566
2566
2566
3061
3379
3059
3345
3388
3157
2751
2751
3060
4043
3065
3159
3155
3274
3850
3420
2703
4033
3160
3380
4010
4035
3404
4033
2960
3190
3388
4011
4953
2703
2961
2770
4286
4265
3091
2717
2717
3999
2957
4137
3888
4825
4261
4261
4263
4262
3997
2753
4117
4974
3067
4028
4979
4114
3904
4118
4119
4118
3224
3202
4077
4084
4071
3240
3236
3239
3237
3223
4070
4082
3242
3209
3218
3208
3914
3906
3214
3913
3436
3911
3906
3905
3437
3199
3200
3920
3280
3203
3925
3917
3924
3926
3203
3261
3438
3945
3933
3933
3942
3207
3250
3250
3261
3460
3201
3460
3455
3455
3446
3942
3947
3454
3950
3960
3949
3456
3960
3460
2609
438
3000
3000
4115
2996
3888
4260
4736
3884
3012
3997
3892
4728
4261
4877
4089
4041
4026
2951
4060
3343
4824
4056
2735
3993
4037
4037
3995
3995
3891
4807
4260
4825
4138
4774
4827
4991
4255
4893
3998
4256
4002
3394
4831
4096
4049
4039
3269
2704
2960
3975
2752
2953
3338
2996
4933
2698
3971
3974
3894
3972
3891
3891
4826
3891
2461
438
2756
3424
4824
4964
4973
4085
4973
4004
3075
4054
233
4966
4055
4937
3342
4971
4939
2744
4968
2756
2755
2167
2359
3005
3851
3425
3051
3845
3855
3225
3238
3260
3248
3005
3222
3281
3161
3238
4005
1589
4091
2464
4982
1587
3018
3903
4098
3359
2984
2702
4011
2985
2984
3064
4957
4957
4112
94
2625
4116
292
562
1608
4118
4119
4119
4119
4996
2955
4773
4747
4125
2781
4124
4132
4832
3150
2462
4128
1619
4126
4130
4131
4833
4133
3192
4247
4895
4989
3319
4091
4694
4140
4835
4144
4799
2817
4717
4839
2814
4149
4162
4168
2821
4801
2821
4153
4734
2805
4835
2897
2806
4158
4162
3093
3093
2815
4173
2823
3094
4173
2822
4167
2816
4169
4170
4152
4151
4151
3169
2920
3104
3105
2840
2830
2859
4685
4696
2920
4814
2851
4206
2851
2851
3138
3103
4801
4801
4801
3137
4801
2840
2917
3010
2972
2846
4814
2831
3171
4811
2972
4811
2972
2972
4720
4720
3101
2831
2900
3040
3040
4695
3101
2838
2837
2912
2912
3137
3105
3105
3137
3137
3137
2901
2901
3104
3103
3138
2972
3138
3105
2913
3105
4814
4814
2843
2858
3173
3172
3106
2857
2856
2860
3173
4206
4206
2851
4193
3105
2848
2841
2855
2917
2857
3100
2908
4766
1727
4235
4754
3025
2945
2945
4758
4230
3145
4236
4753
4753
3080
2966
4767
4245
4134
4769
2969
3084
3084
4249
3028
3028
1734
4272
4266
4269
4850
4266
4272
2952
2768
4880
2754
2770
2754
2768
2455
4138
4127
4258
4267
4268
3323
4706
4894
4995
4136
4110
109
94
59
26
82
64
1601
4113
4750
1606
218
2874
3175
3119
3112
2876
2876
3114
4223
4224
4219
2874
4818
4210
3118
4846
2884
2875
3122
4224
3117
4219
4580
4559
4630
4562
4562
4559
4559
4580
4559
4561
4580
4580
4559
4580
4559
4561
4580
4866
4627
4559
4866
4866
4559
4627
4866
4630
4630
4560
4866
4630
4630
4580
4586
4559
4586
4561
4560
4560
4580
4559
4627
4559
4580
4563
4561
4561
4561
4561
4559
4580
4559
4559
4563
4559
4562
4580
4561
4627
4866
4863
4627
4627
4626
4627
4626
4630
4630
4559
4559
4561
4626
4626
4630
4630
4866
4633
4861
4539
4632
4632
4577
4559
4580
4626
4561
4559
4559
4627
4559
4559
4580
4627
4559
4627
4627
4626
4866
4627
4630
4630
4580
4861
4580
4561
4561
4627
4559
4559
4580
4559
4559
4580
4866
4619
4627
4626
4866
4559
4626
4866
4630
4632
4866
2873
2873
4216
4190
4219
4842
4188
4176
4188
3114
4818
4186
2867
4215
4216
4218
4847
3047
2907
2906
2884
3124
3117
2906
2906
4287
4462
2881
2877
4222
4672
4585
4585
4672
4672
4587
4868
4865
4587
4868
4868
4539
4532
4577
4539
4579
4538
4575
4860
4672
4672
4672
4868
4868
4668
4594
4475
4301
4475
4593
4532
4475
4289
4475
4475
4474
4303
4475
4290
4290
4290
4288
4297
4297
3125
2883
2883
4288
4302
4288
4288
4672
4673
4673
4299
4310
4310
4299
4300
4300
4673
4673
4302
4868
4668
4301
4302
4302
4302
4302
4302
4855
4865
4865
4593
4593
4532
4593
4475
4289
4297
4297
4297
4455
4311
4301
4465
4296
4287
4302
4287
4454
2881
4819
2883
3177
3124
2883
4457
4851
4864
4539
4538
4539
4538
4534
4629
4865
4532
4590
4668
4592
4668
4589
4593
4593
4591
4532
4301
4301
4670
4670
4590
4593
4475
4475
4670
4670
4304
4312
4312
4304
4312
4861
4539
4539
4539
4560
4863
4863
4579
4630
4578
4630
4577
4630
4577
4577
4577
4633
4633
4864
4861
4586
4561
4861
4586
4561
4563
4563
4561
4561
4561
4587
3177
4210
4210
2906
4224
2881
4453
4852
4289
4458
2887
4462
4291
3359
792
3099
3099
4702
2916
4707
3032
4708
2806
4692
4730
4140
4698
2916
4701
4699
4709
4714
4692
2929
4698
4698
3163
4727
3078
4716
3323
4689
4269
4157
4717
3148
4729
2717
3323
4713
2772
2809
4716
4153
2810
4146
4719
4147
3097
3097
4698
4698
4698
4719
3130
4745
4713
3007
2794
2772
4731
4001
4718
2810
4735
4230
2800
4268
4697
3887
3887
3141
3141
2706
2706
4736
2967
2967
4758
3008
4766
4129
4123
3182
3182
3021
4120
4790
3026
2956
3081
3147
3021
2894
3023
2812
3164
3164
4123
4246
4735
4710
4729
2947
2783
3319
3885
2783
4811
3104
3103
3139
3139
3139
2834
2833
2833
4720
4720
4720
4720
2833
4844
4763
3138
3105
2972
3105
4720
2833
2833
4870
4763
2811
2941
2941
4794
4836
4837
3995
4837
4164
4164
4799
4841
4841
3137
2913
2913
3103
3137
2912
2849
2826
3021
3022
2952
4762
2897
3170
2807
2836
3171
2843
2843
2843
2843
2843
2900
4813
4813
4813
4813
4813
4845
2293
4038
4037
4008
4090
4986
4259
4826
2168
4046
4045
3150
2766
4133
4834
4774
4142
3093
3093
4838
3094
2823
3104
4801
3137
4813
3102
2833
2912
3102
2843
3171
3171
3171
4780
4845
4806
3128
4849
4138
4802
2874
4221
4210
2867
3124
4289
4290
4302
4302
4312
4854
4457
4312
4311
3177
4129
4806
4806
2713
3963
4000
4688
3141
4877
4877
4711
3143
4707
2793
4888
2968
4881
3135
2935
2999
4689
4704
4704
2303
4877
3884
3884
3884
490
4889
2801
3168
2777
2770
4894
1625
4280
100
2516
2516
2562
2525
2525
2525
2525
2491
2525
2525
2525
2572
2572
2521
2559
4970
2707
4980
4740
4980
4980
2793
4914
2723
2959
3994
4980
4740
2723
2752
2705
2960
4032
2716
4740
3887
3270
3338
4741
4032
3277
3334
3333
2997
2990
3402
4117
4886
4097
3277
4951
4740
4728
4040
4053
3072
3072
3071
2752
3995
2782
2782
4053
4887
4098
2801
1605
4789
3895
4879
4890
2713
4736
4736
4261
4990
1741
4982
4893
2463
2791
292
2463
1584
1390
265
4270
1617
2779
2454
786
3013
3012
4262
4996
500
1998
2028
2091
1998
1998
