134
39
140
150
140
71
98
96
98
66
148
877
13
14
15
47
17
78
2426
20
21
22
22
54
81
26
27
29
35
117
59
842
31
33
141
143
68
69
16
100
1823
86
43
20
45
28
94
139
49
24
49
80
51
129
876
98
844
58
131
112
98
102
145
1
114
2
16
39
13
134
71
13
861
2437
841
155
171
171
179
93
25
79
41
1822
83
84
1822
91
33
89
123
73
201
38
876
57
95
167
201
1823
101
150
71
140
140
1
108
109
131
4
140
107
151
102
67
143
6
23
521
521
40
125
127
129
2676
142
1820
46
35
126
1342
137
188
12
188
96
131
4302
875
150
1342
149
87
132
72
1342
152
155
156
176
158
158
1344
159
200
158
158
76
191
203
203
849
168
169
188
862
862
174
187
176
1344
186
181
862
181
186
202
161
202
202
200
161
202
190
190
167
192
191
849
202
200
178
178
156
199
193
160
161
201
191
2431
195
2518
2441
2461
470
816
210
2481
805
924
2461
214
1577
1577
216
216
1412
1802
2464
253
253
674
601
211
205
1497
2460
2475
885
2514
1806
1529
234
1528
1581
1579
1395
1395
246
2536
2514
2514
2514
1528
2310
460
253
1639
1639
1647
1647
214
258
940
609
1395
1528
805
1581
1579
1528
1529
281
270
314
611
469
287
1610
4670
467
733
1817
212
322
532
873
2226
857
662
2230
2204
2420
456
2998
2303
1669
1536
1584
1709
1693
1695
2205
546
454
455
1801
217
870
315
3235
3235
550
550
2245
2251
320
2445
322
1712
2208
1684
327
303
2247
330
2292
332
544
1691
2358
2316
337
353
340
354
341
2293
343
713
345
345
360
346
346
347
350
416
366
636
2317
355
414
426
359
2295
670
639
363
672
365
2199
634
2294
434
369
370
437
372
640
377
2296
433
439
1741
379
379
380
371
2364
2301
2362
1735
1719
2318
1732
643
388
2366
1718
394
2319
655
395
396
1762
391
1750
651
1760
402
402
404
405
404
407
2949
2949
4798
325
411
413
558
560
562
418
384
1754
1754
1986
1779
707
425
426
427
428
494
431
357
348
346
2296
435
2333
561
438
2200
1740
378
373
642
631
447
1433
253
1639
2540
873
4245
456
4864
2345
1512
855
465
465
1772
321
685
572
235
941
2343
1582
1567
331
475
1805
1533
481
481
1529
2310
2310
1581
2514
609
911
2272
2270
2419
2419
1785
711
550
1789
316
495
4798
853
1395
1395
686
1644
686
911
911
911
920
207
726
2407
2400
512
462
2478
516
1496
767
883
772
274
2244
1800
349
526
527
525
607
253
253
253
1435
4798
4796
541
4796
4782
4799
4783
659
704
550
661
704
3217
3084
3236
3084
305
409
554
555
556
558
633
352
562
563
563
1723
565
1753
656
1368
1576
1579
1576
251
2500
468
807
1361
931
253
832
214
2494
1528
1528
1383
2483
1647
257
1395
1574
1575
1575
228
2390
527
603
266
603
481
1432
1569
1593
225
624
220
872
545
457
2299
225
543
3074
3140
540
620
1767
627
1705
628
629
1713
630
2241
2215
344
668
427
429
638
363
435
372
372
564
1745
1745
644
2363
1730
1730
649
1758
652
1758
2361
394
393
649
397
650
3178
4798
465
3179
3179
2244
2403
679
2398
669
2235
428
672
673
1691
2257
1803
2541
4252
2278
2279
424
683
684
1674
1644
1644
1644
1644
225
1579
252
252
696
1552
1552
936
895
2538
3236
493
708
2328
712
415
713
436
2333
2334
1731
1762
3234
2948
4796
3231
3234
3233
723
4758
2947
2947
4755
2478
1639
253
1552
1552
3244
288
288
490
1359
1401
1552
738
1471
1463
1478
1469
1466
1455
1454
1475
990
746
1466
1456
1438
1458
1444
1620
977
1625
1441
802
763
777
1625
766
812
757
773
781
768
811
1626
1481
1466
972
1442
1622
1619
1616
784
781
782
764
1448
994
1470
1456
1449
755
769
241
990
788
742
769
798
796
1447
974
1615
1614
1615
779
1465
804
974
803
778
757
778
758
814
1574
1639
1644
1639
1577
214
214
214
1577
1576
830
1644
1644
1644
1440
1473
792
814
193
854
837
2440
500
133
30
2439
199
189
2429
863
1498
514
1611
3357
856
841
1344
1344
181
90
182
851
1344
4
1544
1812
1797
2222
1541
4291
232
874
57
120
138
12
6
2417
2305
2508
882
1516
273
1571
253
741
1603
619
885
936
936
1644
1644
1644
892
892
892
911
2514
2514
2513
2514
1644
911
911
911
911
1644
911
2514
911
911
911
2514
732
253
253
253
253
2196
1601
589
1552
738
738
253
1644
1644
1644
1516
916
689
691
610
237
1594
2467
2479
945
582
918
927
253
510
223
741
253
253
1644
892
911
911
911
2514
2514
2514
609
2504
2504
2504
1528
2503
764
763
1349
1622
116
66
98
1450
978
834
754
970
971
796
800
975
797
1462
1490
991
991
1021
1085
1099
992
1492
989
1491
1488
980
980
1488
983
1057
992
1478
1494
1084
1477
1483
1067
1045
1095
1188
1188
1331
1006
1006
1051
1083
1046
1047
1010
1076
1044
1044
1338
1002
1000
1319
1325
1005
1334
1004
1004
1050
1087
1331
1064
1309
1038
1312
1313
1188
1280
1033
1324
1024
1040
1188
1015
1001
1053
1009
1188
1047
1034
1312
1187
1039
1040
1337
1337
1188
1186
1024
1039
1029
1307
1080
1338
1044
1092
1338
1053
1338
1338
1050
1010
1086
1058
1338
1092
1326
1326
1082
1038
1302
1186
1005
1044
1032
1323
1186
1091
1096
1002
1186
1092
1322
1073
1058
1092
1092
1092
1285
1307
1324
1319
1024
1487
1080
1019
1062
1326
1186
1316
1180
1091
1186
1303
1100
1049
1047
1092
1309
1316
1094
1019
1069
1107
1092
1096
1071
1071
1060
1046
1077
1103
1092
1060
1052
1064
1092
1136
1046
1046
1092
1077
1046
1077
1302
1285
1285
1123
1024
1285
1001
1032
1179
1048
1065
1186
1186
1132
1048
1323
1032
1179
1046
1032
1182
1138
1075
1078
1179
1136
1179
1120
1134
1048
1078
1024
1132
1150
1134
1179
1136
1159
1134
1163
1147
1146
1153
1109
1153
1146
1185
1148
1153
1136
1153
1153
1113
1152
1161
1001
1065
1001
1186
1024
1065
1068
1024
1073
1182
1132
1048
1073
1187
1132
1065
1192
1069
1180
1235
1133
1180
1132
1181
1180
1014
1321
1132
1181
1181
1088
1014
1231
1192
1132
1048
1075
1132
1207
1176
1201
1200
1204
1200
1231
1193
1200
1200
1200
1181
1179
1139
1231
1200
1195
1204
1200
1201
1180
1014
1014
1186
1309
1075
1180
1309
1235
1030
1309
1308
1314
1309
1250
1072
1072
1250
1318
1192
1273
1318
1252
1308
1308
1033
1273
1229
1317
1252
1310
1244
1241
1310
1246
1251
1310
1252
1269
1229
1239
1030
1239
1310
1244
1318
1309
1009
1318
1314
1309
1279
1087
1326
1325
1087
1095
1325
1326
1087
1326
1095
1279
1286
1286
1286
1282
1282
1292
1283
1283
1326
1292
1286
1279
1284
1282
1283
1292
1292
1286
1292
1039
1323
1073
1033
1187
1312
1320
1319
1036
1033
1319
1309
1036
1320
1329
1045
1053
1038
1022
1047
1047
1080
1080
1326
1022
1053
1329
1329
1100
1059
1338
1330
1330
1040
1066
1010
1042
1051
1280
1341
149
861
34
1344
85
90
1365
1365
2502
518
518
1360
1578
251
1579
1579
1579
1579
1349
242
215
2496
518
574
1576
1576
961
1577
1579
1579
1528
1528
257
1395
1569
1396
2494
2494
2494
1528
1528
1528
2470
505
1528
257
257
1347
1554
214
895
1401
1647
214
1528
1504
1799
1414
313
2257
1426
1799
1500
1501
1502
1422
1511
267
1425
2480
1636
1429
2483
2483
738
1639
1433
2483
2418
1436
1437
747
800
835
754
1450
970
971
1460
1460
747
751
1462
1461
1473
1466
776
743
1459
774
1468
1464
1467
742
1465
985
750
1485
806
1463
1481
775
1482
998
1098
984
987
993
993
1486
1489
1479
1483
981
1494
1477
1493
1490
1484
1492
980
1494
1086
1056
1058
1055
987
1057
1020
259
2412
235
879
513
881
1572
1503
297
1503
1425
1500
2468
538
2291
2511
1514
2342
1589
1588
237
1405
587
2504
2513
2514
2514
900
2514
2514
885
2306
297
1531
1534
1537
1679
281
308
319
477
2369
588
1582
885
2474
1628
1401
738
738
1647
1401
1401
1395
257
1647
1395
1528
257
2514
609
609
609
2514
884
1570
2492
880
1499
1574
1574
1574
1577
1577
1577
1577
1580
1579
1529
1581
2310
2347
2347
1582
2338
1512
2412
1499
960
1569
237
2326
957
1629
2506
236
1628
1597
1583
608
582
950
619
1589
1598
947
924
213
1515
2489
881
1495
1586
2416
809
1613
810
1624
810
1621
745
969
973
813
1615
1439
977
968
791
1549
1551
1629
460
460
460
1679
1408
1416
1680
460
1634
2536
1434
1433
1639
1401
253
1401
1644
255
1644
1644
1639
1647
1647
877
103
196
875
1830
473
1652
511
511
231
476
1660
612
1662
1811
1661
1659
1678
734
4894
2288
2353
1818
1665
1668
1676
471
1818
2346
2290
2233
444
1683
1685
1686
1696
2232
1689
622
315
317
1692
2316
1694
1712
339
636
304
1699
1698
555
1703
2355
1707
2313
2311
497
1716
2293
336
1694
1709
496
1692
1734
716
646
1736
1721
1725
1722
1723
419
564
1724
385
443
1728
646
1733
386
1732
378
381
382
2297
1737
1738
389
376
1741
442
373
418
1744
2364
1757
405
1748
717
1729
2318
648
1721
1748
421
1755
1757
1727
1726
645
2365
1752
387
2336
2404
4252
1774
2269
2303
2299
1773
703
667
3176
2420
4796
2269
1781
1670
1669
4761
1788
4261
856
662
662
662
1678
1793
224
847
613
2203
1809
1410
1411
1423
675
677
1680
1539
272
869
1540
286
2535
867
966
44
3
60
4298
151
142
55
103
1656
4798
4254
4130
1416
1979
1749
399
1982
401
1984
1983
1985
406
1839
1987
1987
1832
1831
2372
1852
1833
1844
1988
1846
1835
1847
1836
1841
2187
1840
1980
1841
1920
1878
2084
2179
1887
2182
2182
2152
1887
2179
2179
2173
2008
2009
2008
1908
2021
2177
2174
2009
2010
2166
2174
2011
2034
2011
2034
2034
2020
2020
2031
2031
2033
2033
1954
2181
2006
1889
2154
2005
1868
2016
1856
1863
2006
1878
2010
2175
2010
2007
2009
2178
2010
2007
1942
2021
2021
2021
2173
2032
2030
1920
2021
2009
2173
2125
2114
2174
2013
2166
2114
2172
2033
2123
2034
2020
2032
2030
2013
1929
2032
2114
2020
2041
2034
2035
2034
2084
2118
1921
1899
2084
2182
1856
2181
2153
2160
2177
2176
2179
2174
2174
2177
2025
2013
2034
2034
2035
2038
2152
1889
2182
1903
2179
2179
1923
2177
2009
2176
1878
2179
1927
2021
1920
2034
2013
2020
2033
2034
2030
2087
2038
2034
1991
1991
1978
1979
2372
1832
657
1834
2298
403
1838
422
400
718
422
1977
1837
1992
1976
1995
1990
1996
2373
2185
1850
1992
1999
1994
2004
1993
1837
2068
2068
2028
2065
2029
2066
2065
2066
2040
2040
2062
2075
2071
2074
2124
2130
2076
2071
2127
2132
2124
2133
2067
2099
2067
2099
2066
2189
2037
2047
2040
2188
2002
2049
2188
2049
2046
2048
2383
2110
2050
2193
2048
2190
2110
2383
2056
2051
2105
2057
2056
2185
2108
2105
2183
2386
2382
2079
2059
2068
2069
2071
2000
2100
2100
2082
2081
2100
2070
2083
2080
2071
2070
2077
2080
2379
2059
2186
2103
2103
2083
2088
2088
2049
2045
2141
2046
2044
2092
2377
2377
2095
2061
2051
2060
2053
2059
2381
2001
2100
2101
2081
2104
2186
2374
1851
2185
2183
2185
1845
2376
2185
1997
2071
2134
2135
2137
2133
2139
2137
2130
2130
2045
2139
2139
2137
2137
2137
2073
2136
2046
2142
2139
2144
2137
2077
2098
2384
2385
2149
2141
2141
2094
2094
2096
2061
2379
2054
2061
2078
2148
2061
2062
2005
2062
2064
2062
2125
2125
2064
2127
2125
2127
2125
2123
2123
2123
2033
2123
2116
2124
2038
2130
2040
2086
2038
2032
2038
2038
2030
2029
2028
2028
2028
2062
2063
2005
1843
2374
1851
1843
1841
1842
2187
2003
1994
2192
2109
1848
2003
1993
253
2198
2199
2201
2200
2252
2394
680
552
2220
1702
2209
2215
366
2239
2212
1815
2214
2216
2207
682
2219
2522
1701
1682
2259
1775
2255
1412
1814
291
2230
289
2233
2234
2235
425
432
2237
2238
2228
2241
2284
290
871
2229
1410
330
338
1696
2206
2246
2236
2253
1508
2488
1422
493
2263
2242
2250
4753
1666
4755
4796
3237
2273
293
459
466
522
706
4798
4798
617
4254
4744
1658
295
2283
2261
1775
2225
1675
735
1511
298
342
361
368
374
400
4864
4864
441
4864
4750
2289
472
4783
658
465
884
332
2312
543
2312
1707
2314
2300
1742
653
647
4799
4754
4799
2344
2998
709
328
2330
2331
2332
714
2333
1746
2362
2337
2305
885
1598
885
938
2513
2345
2371
1570
880
959
1380
886
1666
1671
2356
326
620
621
2357
1710
342
645
716
1743
715
1759
2366
459
1782
1807
401
2375
1846
2372
1852
399
1845
2056
2376
2382
2382
2054
2379
1845
2054
2095
2374
2352
459
459
217
923
2455
598
702
1512
310
1787
2541
2476
2516
2409
2348
2489
229
1513
881
1638
4261
4891
2395
1669
471
2425
2427
76
2428
163
198
850
153
164
154
159
173
187
187
865
850
1428
233
2445
449
1551
1395
911
2514
2514
1601
2514
2514
944
253
1429
253
1644
686
447
885
836
1639
1639
1515
1596
1607
1600
2479
509
946
2418
2520
1434
830
2483
253
1639
2468
1604
2514
2514
2493
830
214
1401
596
252
258
258
1528
1528
1528
2310
1528
609
2504
884
1548
2507
2507
1608
2509
2510
2505
2473
2515
2442
2482
2442
2517
2509
2443
1680
1631
2530
1416
1408
460
460
2533
1634
1634
1678
4247
1423
2828
536
2653
2610
105
2651
147
5
147
2553
2663
10
2653
3857
2611
2545
2645
2566
3380
2695
2563
2565
2564
3345
2568
2572
2637
2556
2593
2579
2574
2576
2815
2577
2573
2669
2691
114
2662
2617
2584
2630
2580
4301
2588
2558
2679
2591
2590
2563
2595
2598
2597
2599
967
4125
2608
3033
2669
2659
2600
145
113
2581
37
2664
3463
2699
2643
4300
136
2693
3860
2720
3358
4898
2696
2680
2741
2596
2569
2627
82
2673
2632
2633
2562
2721
2578
137
2566
2681
2548
2686
2601
3
2641
136
100
2648
103
104
1821
1825
4299
2638
2819
4301
119
1824
70
1650
2692
2662
119
2686
2602
2668
4294
2673
2639
2629
2634
3051
2617
2681
3857
3863
135
2592
878
2560
2555
2678
2606
2689
147
146
2662
2679
99
2683
2697
2623
2623
2712
4897
4906
2752
3360
4906
4904
2716
2701
2712
4906
4897
2714
2717
2714
2752
2641
2641
2619
2716
2641
3361
3358
2737
2737
2716
2706
3349
2735
4907
3349
2717
4907
4904
2737
3349
2720
2752
2717
3349
2717
3349
2755
4906
2623
2704
3365
2712
3361
4904
2583
3349
2717
2714
3992
2758
4913
2768
2784
2761
3994
3922
3278
3212
3019
4056
4957
4055
3994
2765
2778
2986
3067
4949
3191
3930
4983
4129
3046
4924
3191
3008
4962
4962
3143
4018
4986
3019
4057
4057
4058
4961
4959
4867
4962
4049
4962
4786
4059
4016
4109
3322
4932
3126
4959
4957
4957
4942
4961
4961
4961
3288
4058
4058
3102
4057
4019
2823
3142
2817
3048
2760
2853
4669
4765
4146
4283
2861
2825
3064
4721
4264
2841
2831
2843
4246
4749
4253
4756
4140
2836
4185
3245
2840
2861
4159
2871
2846
2847
4991
3998
4983
3030
2855
2855
2855
2856
2858
2762
4000
3012
2862
4710
2864
4182
3221
4726
2868
4727
2870
3079
4163
3190
4172
3148
2892
2892
3186
2893
4793
4769
3156
2883
2884
2885
2887
2888
2973
2888
3225
2906
3058
2893
3157
4803
2897
2886
2899
4771
2900
2902
2956
2905
2906
2907
2885
2974
4673
2920
3226
2915
2914
4772
2917
2916
4209
2918
2919
2920
4228
4222
2915
4777
4811
4221
4205
4206
2928
2929
4199
4226
3163
4195
2933
4223
2946
4224
3174
4471
3230
3169
2942
4236
2943
2944
2944
2945
2946
2936
2948
2948
4745
2949
4796
2951
2954
3189
3089
2890
2976
2959
4194
2960
4842
2931
3197
2964
3003
2904
2899
2900
2969
4803
2972
2909
2973
2974
3158
4808
4809
3161
2979
2924
2981
2982
4219
4688
4052
2988
3925
3926
3132
3377
4253
4756
4756
4749
4864
4111
3001
4252
3002
3003
2824
2825
4112
4878
4107
4110
3928
2808
3012
3014
3015
3017
3995
2809
4058
4017
4058
4961
4961
3410
3002
3246
3218
4757
4757
3218
2838
3028
3029
3176
3176
3176
4961
2797
4959
4959
3202
3323
3202
3412
2794
3411
4918
4914
4879
2757
2757
3121
2780
3049
4880
3990
3122
3122
3279
3053
3444
3122
3004
2898
2888
1657
4128
3195
3114
4036
4117
4133
3928
3176
3075
3233
3075
3075
4796
2844
3079
3080
4264
3082
3080
3236
3236
4176
3086
2953
2954
2971
3089
2972
3150
3092
3093
3095
4200
3096
4233
2962
3276
3019
3019
3018
3878
3304
3459
3106
3106
3313
2988
3864
4956
4955
3117
4058
4045
4948
3926
4959
4042
2789
2789
2766
2851
3044
2780
3999
2787
3124
3124
4938
4047
4963
3137
3372
2775
3131
3002
3085
3024
3024
4756
3139
3139
2857
3140
3139
3142
4730
2873
2874
3147
4792
3148
4716
4716
4689
3152
4712
2967
4793
2969
3157
2907
3160
3161
2930
3162
3165
4839
4197
4237
3167
3098
4234
3170
3164
2935
3173
2944
2937
4840
3177
3177
2844
3078
3083
4264
4720
3183
4690
2847
4240
2898
2898
3187
2955
4192
4702
3908
3915
4872
3196
3198
4676
4707
4135
4151
3202
4042
4959
4042
3127
2797
2797
4058
3209
3242
4037
3450
3279
3897
3216
4744
2964
4240
4739
2882
2894
4806
2902
4808
3159
2923
4208
2939
3234
3082
3234
2948
2949
2947
4744
3080
3237
4943
4117
3925
3925
4147
2822
4766
3247
3104
3925
3925
3925
3259
3481
3971
3940
3261
3952
3957
3481
3953
3947
3944
3960
3949
3937
3937
3954
3295
3284
3943
3265
3475
3318
3467
4095
4103
3300
3293
3277
3278
4096
3297
3495
3969
3971
3317
3935
3272
3271
3315
3462
4098
4099
3312
3945
3483
3259
3281
3308
3465
4094
3318
3487
3259
3251
4094
3273
3316
3471
4104
4101
3334
3315
3275
3484
3313
3335
4103
4095
3266
3468
461
2767
4932
4956
4957
4955
4957
4957
3019
4957
4957
3118
4117
4117
4100
3258
3270
3319
3337
2701
2816
3352
2696
3339
2567
3345
4993
2715
3365
2755
3352
2571
3238
3007
3356
2830
4263
3358
3337
3349
2716
4910
2626
2712
3863
2534
4286
2829
4706
3375
4290
3990
3379
3379
2687
3381
4127
967
2758
4888
3384
4006
3434
4060
4050
3423
3390
4082
3441
3390
3435
4086
4117
4117
4117
4117
3202
3323
4049
4962
4962
4962
4936
3323
3412
3202
3202
3202
3202
4786
4961
3411
3203
3203
3454
4949
2988
2988
2988
4668
2988
3445
3451
2988
3925
4936
4936
2988
4117
3107
3396
2988
3205
3205
3137
3387
4067
4073
4934
4944
3043
2772
2772
2990
4973
2759
3422
4948
2989
3422
4117
3412
3412
4962
3412
4786
4962
4961
4961
4015
4961
4786
4047
4015
4097
3309
4048
3006
3298
2601
2670
3934
3267
3475
3296
3302
3256
3255
3261
3283
3946
3954
3977
3589
3589
3589
3518
3593
3985
3477
3477
3559
3486
3558
3487
3593
3853
3986
3986
3490
3987
3984
3985
3982
3840
3838
3568
3696
3697
3838
3571
3554
3496
3825
3836
3691
3785
3620
3571
3571
3836
3501
3785
3832
3549
3554
3847
3834
3854
3791
3512
3600
3635
3599
3568
3830
3566
3539
3568
3582
3579
3600
3609
3827
3598
3836
3579
3829
3856
3596
3742
3637
3500
3534
3832
3533
3696
3836
3582
3549
3635
3543
3546
3571
3854
3551
3854
3791
3550
3545
3849
3553
3852
3853
3555
3640
3554
3512
3568
3579
3579
3532
3838
3819
3537
3585
3567
3588
3506
3644
3638
3747
3690
3821
3583
3600
3625
3532
3500
3625
3836
3823
3581
3559
3551
3566
3605
3604
3638
3610
3506
3579
3625
3579
3552
3554
3604
3661
3595
3984
3538
3689
3651
3583
3625
3625
3611
3620
3618
3625
3625
3625
3625
3583
3627
3624
3582
3617
3625
3625
3615
3624
3625
3624
3537
3611
3579
3634
3579
3569
3576
3568
3584
3654
3651
3564
3537
3641
3645
3654
3661
3582
3582
3537
3537
3536
3582
3625
3627
3582
3664
3625
3695
3664
3582
3677
3583
3625
3664
3624
3615
3615
3632
3615
3624
3664
3624
3627
3615
3664
3615
3629
3677
3664
3627
3629
3664
3632
3674
3615
3548
3641
3537
3582
3582
3633
3654
3647
3572
3677
3564
3686
3578
3500
3640
3647
3700
3689
3687
3654
3640
3689
3536
3669
3661
3689
3651
3654
3640
3665
3649
3689
3640
3664
3645
3640
3695
3640
3673
3664
3685
3677
3664
3664
3664
3677
3670
3685
3672
3677
3664
3658
3664
3674
3658
3674
3677
3664
3664
3685
3664
3647
3687
3572
3661
3695
3689
3689
3647
3645
3699
3653
3659
3711
3688
3663
3712
3731
3731
3687
3731
3731
3699
3731
3699
3687
3731
3731
3731
3724
3732
3649
3724
3721
3732
3723
3714
3734
3649
3734
3730
3736
3722
3663
3663
3653
3687
3703
3742
3702
3705
3804
3604
3554
3814
3794
3838
3838
3794
3791
3587
3587
3587
3810
3810
3587
3809
3817
3814
3817
3810
3800
3817
3814
3810
3568
3568
3568
3635
3814
3568
3817
3568
3533
3687
3585
3747
3637
3595
3609
3542
3526
3697
3633
3578
3713
3542
3811
3549
3506
3539
3836
3838
3604
3554
3554
3838
3791
3573
3605
3855
3571
3571
3605
3830
3507
3851
3540
3541
3840
3814
2662
2646
2625
4910
2737
2737
2721
2728
2763
3310
3103
3290
3054
3099
3105
3018
3018
2797
3878
3878
3461
3875
4038
2763
4009
3877
3329
3280
4057
3019
3019
3019
4058
4058
4058
4058
3892
3113
4036
4956
4956
4015
4015
4015
3899
4008
3019
2797
2797
2797
3899
3117
3867
4956
4955
4956
4957
4046
3909
3009
3907
526
3911
3913
4305
3921
3996
4976
3069
4109
3016
4131
3922
4946
3924
4036
4036
3925
3331
2987
2779
1654
1654
3471
3469
3260
3311
3950
3296
3952
3256
3470
3949
3283
3252
3951
3962
3944
3957
3251
3262
3944
3961
3963
3302
3252
3303
3301
3967
3968
3253
3974
3607
3975
3487
3480
3971
3488
3476
3978
3478
3480
3970
3477
3979
3592
3977
3981
3589
3983
3977
3563
3520
3566
3517
3562
3553
3562
3505
3519
3048
4940
4878
3121
3045
2781
3049
4004
3994
4819
3918
3995
3920
4733
4112
4813
4951
4051
4007
4007
3127
4824
3871
4046
4801
3205
4049
4962
4049
4049
4934
4059
4781
3996
3915
4282
2811
2859
2770
4150
4271
4824
4113
4108
4964
4964
4919
4956
4956
4956
4957
4038
4042
2797
2797
4961
4015
4015
4961
4786
4786
4821
4049
4076
4051
4004
4052
4053
2767
2789
2766
4056
4057
4057
4057
4017
4017
4016
4059
4781
3010
4035
2788
3385
4063
4066
2807
3443
4816
3886
4113
4072
4033
4074
2788
4953
3395
3442
4929
3391
3425
4006
3042
3446
3425
3393
4965
3384
4091
1612
3307
4100
3298
3285
3265
3939
3307
3935
3470
3314
3939
3933
3474
3938
3465
4075
4061
1634
460
4109
1630
4979
3368
4305
1633
4109
4112
4989
4115
4115
4865
4037
4036
4037
4956
4932
4117
4117
4117
4957
4932
56
32
2690
64
3047
4967
3047
1651
4130
1655
4136
4244
4244
4140
2814
4137
4826
4155
4152
2821
4139
4743
4256
2820
4153
4258
4257
4156
4030
4709
4160
4831
2867
4164
4164
4166
2876
4711
4169
4191
4169
4193
2880
4189
4173
4190
4175
2864
2952
4178
3087
4171
3139
4182
4833
4184
4187
4835
2881
2875
2879
4191
4186
3146
3229
4203
4794
4198
4198
2921
4202
3228
3097
4201
4202
3163
2983
4205
4196
4207
4203
4215
4810
4221
4773
4777
3227
2978
4216
4212
2924
4218
2913
2978
4219
2923
4223
4224
4208
3168
4227
2934
4229
4228
4230
3174
4231
4232
4235
4836
3171
4236
4795
3172
2932
4738
4738
4251
4798
4798
4747
4756
3025
4747
4243
4700
3183
4798
4757
2964
4254
3237
4137
4743
4760
4761
3185
4739
4890
3245
3028
4262
4293
4270
4892
4284
4285
3906
4281
3910
3059
4276
4818
2985
4141
3371
4729
3374
4269
4155
4293
103
2657
2605
4297
2585
4126
1819
1826
4132
4755
4755
4132
1416
4468
3175
2941
4846
4774
4464
4313
4464
4471
4469
4459
4467
4468
4327
4318
4306
4850
4848
4467
4462
4311
4484
4484
4456
4318
4315
4461
4847
4381
4651
4514
4541
4624
4604
4542
4501
4542
4487
4495
4487
4487
4506
4506
4506
4631
4378
4506
4489
4489
4489
4408
4489
4408
4511
4511
4491
4493
4489
4642
4514
4564
4511
4511
4596
4415
4541
4551
4624
4542
4551
4496
4542
4624
4506
4542
4651
4506
4506
4506
4540
4506
4378
4506
4495
4506
4651
4552
4506
4648
4509
4507
4651
4489
4508
4648
4506
4593
4591
4648
4593
4489
4512
4513
4511
4642
4511
4511
4511
4642
4642
4642
4596
4600
4563
4564
4543
4513
4514
4513
4599
4488
4375
4514
4624
4542
4506
4495
4552
4627
4506
4487
4506
4506
4506
4489
4503
4408
4492
4642
4509
4517
4514
4624
4604
4604
4654
4495
4541
4648
4651
4506
4508
4651
4542
4489
4651
4506
4489
4508
4642
4511
4514
4489
4509
4514
4515
4514
4457
4469
4458
4466
3175
4306
2940
4846
4312
4313
4312
2962
2941
2939
2937
4458
4471
4316
4472
4458
4472
4323
4323
4848
4848
4480
4475
4481
4473
4470
4471
4548
4507
4548
4545
4544
4544
4515
4515
4518
4518
4550
4550
4602
4602
4519
4602
4609
4607
4606
4519
4519
4546
4576
4544
4544
4515
4663
4663
4523
4523
4664
4523
4520
4522
4522
4520
4525
4587
4531
4531
4525
4667
4526
4533
4587
4531
4532
4539
4533
4533
4532
4584
4532
4657
4582
4582
4539
4546
4561
4547
4560
4664
4576
4561
4561
4546
4559
4561
4560
4558
4854
4610
4575
4574
4557
4537
4858
4581
4662
4580
4558
4522
4523
4619
4522
4520
4531
4569
4531
4531
4528
4539
4539
4539
4572
4854
4482
4480
4578
4579
4660
4660
4584
4582
4584
4584
4584
4584
4584
4587
4587
4610
4609
4609
4608
4608
4606
4565
4567
4566
4614
4616
4612
4612
4618
4612
4575
4619
4521
4619
4623
4621
4622
4572
4570
4623
4859
4569
4531
4859
4530
4572
4527
4539
4539
4572
4528
4547
4604
4604
4604
4604
4591
4602
4600
4601
4607
4600
4591
4607
4600
4563
4600
4599
4597
4599
4564
4517
4515
4515
4543
4510
4510
4545
4507
4508
4549
4507
4549
4548
4549
4660
4660
4848
4318
4584
4327
4661
4667
4482
4481
4525
4483
4483
4473
2197
4671
4672
4214
2979
4732
4893
4677
4698
4178
3087
4160
4682
4683
4689
3149
4688
4678
4684
4682
4680
4881
2833
4289
4179
2863
4685
4693
4701
4703
4686
2868
4708
4165
4167
2877
2889
2966
4713
4732
4714
4715
4704
4718
4719
2831
4707
4249
4724
4166
2878
2877
2783
4723
2979
4671
4933
4735
4737
3182
4738
4248
4741
4744
4748
4827
4796
4797
4754
4755
4748
3024
3024
4751
4752
2833
4798
4798
3176
3135
3025
4758
4254
4136
2835
4719
4690
4763
4062
3005
3919
2870
2881
4770
4772
2914
4841
4749
2968
2982
4749
4749
4749
4780
4767
4785
4784
3076
4788
3389
4789
4788
3139
3075
3145
4181
4792
3165
4205
4795
2949
4797
4799
4845
4749
4049
2882
3223
2902
2883
3158
2975
4211
4208
4239
4051
4049
4801
4962
4964
3205
4819
2798
4156
4060
3457
3011
3126
4139
4862
4828
3220
4833
4833
2854
3144
2840
4188
3165
2926
4838
2912
3171
4226
3003
4845
2943
4459
4462
4847
4318
4463
4307
4322
4587
4587
4858
4581
4527
4572
4323
4570
4530
4318
4144
3176
3176
3176
2852
4942
4885
3214
4003
4275
3184
4877
3055
4971
4734
3993
4888
4868
3386
4966
3219
4253
2827
4894
4154
3858
2612
4896
2571
4900
2715
2714
4904
2755
2715
2715
2714
4909
2720
2741
2716
2706
4970
4918
3320
4945
4928
3411
4961
2802
4962
4962
4941
4961
4962
4961
3926
3925
4928
3926
4959
4959
2986
4935
4932
4932
3441
4087
4080
4971
2759
2759
4889
3927
4947
3331
3925
4932
4969
4962
4962
4822
4955
4955
4955
4955
4957
4958
2797
4058
4015
4015
4015
4015
4015
4786
4962
4963
4032
4953
4088
2771
4968
4049
4050
3922
4914
4946
4971
4972
4114
2769
1680
2531
1630
1630
1630
460
4109
1634
1810
1634
1635
2527
3026
4994
2424
255
1639
1644
