11
1617
1789
4092
4090
4090
4090
1789
4090
520
4092
1617
520
9
924
11
829
807
572
105
74
143
1352
509
222
29
35
1566
9
21
39
808
838
838
1564
810
1565
1540
1566
1789
1617
105
160
29
122
507
3415
158
18
149
832
802
802
182
132
143
132
800
68
573
4090
1477
808
2416
4042
243
4090
4090
4260
1794
2654
832
1617
832
61
3415
4260
61
274
808
34
26
151
808
808
39
67
68
153
140
140
512
48
122
1566
810
810
272
507
507
808
133
4260
244
573
2574
494
2574
2628
2667
4092
4260
4090
4090
2526
152
507
507
1480
8
507
4090
2528
4091
2574
1789
838
4090
4090
13
829
277
2628
1567
278
810
278
278
272
163
1409
1475
148
1565
809
133
119
1567
515
807
510
1476
507
507
4090
4090
4090
4090
1789
1617
1615
1615
4093
1567
36
799
36
151
34
36
809
36
274
275
795
34
34
36
133
795
795
795
808
274
274
799
36
36
809
809
275
275
274
275
275
274
274
274
809
36
808
808
795
36
275
274
36
36
36
36
36
36
36
36
809
36
494
275
795
223
236
2470
234
2413
643
1389
902
578
571
1392
2501
1388
1388
2266
2459
2472
315
2403
2276
2415
2445
2445
224
227
2266
2413
574
1776
469
1392
2414
1598
1484
453
453
2456
1527
1404
849
565
477
823
1630
2291
2320
2416
2414
223
466
2320
271
592
1671
1677
1630
332
334
2367
1778
827
2407
2281
1677
1677
1653
321
2421
583
583
531
300
1781
2377
595
1679
1672
1679
1674
1661
2244
1664
1666
427
2292
1764
1778
2223
2241
1394
2275
631
1668
1667
1667
1668
2280
287
315
594
1661
336
596
2340
641
418
418
418
1653
351
1674
415
415
1664
666
2339
639
638
518
346
345
2312
342
599
668
382
1712
2370
2317
2371
444
1708
381
2274
548
435
2313
2343
439
418
2222
1707
374
1702
1710
607
2372
419
442
1705
548
447
447
444
1704
1700
611
1692
1693
1683
1696
445
390
445
390
1715
671
1681
388
1723
394
2346
395
1684
1690
1690
401
424
2347
396
410
397
411
400
401
1798
403
1801
405
1975
407
408
411
2328
2329
2329
2329
541
543
545
544
545
439
419
419
1680
385
1722
421
425
1982
1978
537
305
379
373
366
372
371
440
2231
363
1698
384
1701
1700
381
1689
549
549
615
1693
2369
612
2237
1766
2276
2500
2473
2474
2275
2402
827
635
295
2956
295
3026
3026
472
1603
2320
1662
539
1665
1660
593
1607
257
1474
1550
1644
1386
854
907
331
1674
273
273
279
1770
1397
786
1665
582
582
2296
670
329
330
1657
1657
329
328
328
2475
786
502
2399
900
236
242
1527
2513
223
223
572
890
1540
1494
223
302
289
378
308
1395
2402
243
285
1779
2419
1778
1778
309
1395
1408
2275
227
1650
2452
2363
2363
322
2329
1664
539
590
329
329
330
590
1656
1656
2229
2236
349
543
545
547
546
1703
1703
420
420
1687
1688
422
1725
424
2358
869
684
1375
654
1545
657
878
888
2454
561
883
1555
237
259
877
2477
2500
643
1388
2442
242
2276
1770
895
1482
2359
651
2248
2292
2279
2228
539
582
583
2463
1667
1649
2338
2338
2338
466
2339
2340
640
432
430
360
2230
2231
547
606
346
437
365
438
668
370
1713
611
1681
1689
1728
393
2373
1729
1721
623
616
2373
404
403
2315
408
409
552
1979
1973
322
1650
1663
1656
590
642
324
648
646
1746
426
375
2314
2343
546
440
353
2271
239
824
298
1755
1650
2243
2242
1646
1658
1660
1677
2454
1404
2351
1554
896
2358
1556
1764
2304
591
647
647
582
667
348
669
670
419
2372
2345
2345
385
2346
2347
1981
330
2329
330
330
590
1656
1670
2410
1405
1517
2469
901
1678
592
1679
2229
2228
225
883
453
1429
1429
1438
770
1583
708
754
1444
1444
1446
1418
708
1430
706
767
762
760
925
722
559
775
1359
721
741
785
1357
1367
1360
784
657
585
1511
690
1377
769
747
1429
694
1370
1370
1370
919
1367
919
1494
655
1384
745
767
1441
747
1418
928
1357
713
1380
1571
1454
704
771
685
1366
1419
690
742
1359
1365
1367
660
770
771
562
713
742
267
557
710
2512
2263
643
2476
237
903
317
786
769
932
1356
39
34
36
1478
65
494
1476
1478
1476
808
1764
1779
4991
36
36
34
34
572
508
1480
1488
1654
1677
34
34
512
275
809
799
799
809
4996
1749
579
1742
2262
2303
307
645
4090
572
572
505
139
71
900
2405
473
1549
246
2355
1386
2487
855
246
481
2463
2490
1404
568
908
1404
2476
1404
786
1404
1404
2476
2496
883
883
231
2454
2473
2473
2400
891
2454
883
453
883
1404
453
2454
2454
786
892
894
2494
1490
1589
2479
2410
2467
2498
2468
2496
502
2465
1404
2476
783
783
262
259
554
554
726
854
266
919
4092
1617
71
926
1575
928
929
930
723
737
737
733
1580
762
718
1469
938
1463
940
982
982
944
1450
944
1026
940
1463
952
957
938
938
1471
1464
701
1073
1337
1472
1277
1277
1295
1327
1036
1277
974
1018
1277
979
1319
1295
1302
1337
1337
1278
974
974
1280
970
1277
1068
1277
1277
980
980
974
966
1032
970
1295
1163
1283
1309
1321
1327
1277
1295
1050
1106
970
989
970
1283
1346
989
970
1036
1321
1171
961
1334
979
961
1283
1050
1050
1050
1346
1278
1277
1277
1050
974
1020
1052
974
1027
1338
1040
974
974
1163
1295
980
1303
1295
1106
1050
1277
1171
1106
1171
1171
981
1280
1171
1106
989
1163
1321
1050
1050
1106
1280
1327
1283
970
1050
946
1277
1337
979
1283
1106
989
989
1032
1303
1050
1338
1018
1283
1106
1166
1163
979
1058
967
1166
1050
1050
1050
1093
1050
1050
1050
1050
1093
1093
1050
1050
1050
1050
1050
1050
1050
1050
1050
1050
1295
1050
1050
1050
1171
1050
1106
1106
1295
1050
1106
1050
1106
1106
1106
1103
1050
1117
1050
1106
1106
1106
1117
1161
1050
1050
1117
1117
1117
1106
1050
1050
1106
1106
1106
1106
1161
1131
1116
1131
1106
1106
1050
1050
1116
1131
1127
1050
1131
1131
1131
1050
1161
1050
1204
1127
1131
1127
1131
1131
1116
1116
1050
1050
1106
1106
1106
1171
1106
1106
1106
1106
1050
1171
1171
1283
1117
1161
1117
1163
1168
1161
1204
1161
1117
1160
1117
1187
1117
1117
1204
1161
1161
989
1161
1161
1161
1190
1127
1190
1221
1204
1204
1204
1204
1204
1204
1204
1221
1204
1204
1204
1204
1204
1221
1204
1204
1204
1161
1117
1161
1117
1163
1187
1187
1187
1161
1187
1181
1187
1187
1187
1181
1187
1187
1187
1181
1194
1181
1182
989
1181
1187
1187
1182
1182
1204
1204
1194
1204
1194
1204
1190
1207
1194
1194
1182
1190
1190
1204
1190
1194
989
1181
989
1187
1187
989
989
1032
1295
1295
1032
1032
1295
1032
1032
1032
1295
1295
1295
1295
1295
1295
1032
1295
1295
1295
1295
1295
1295
1295
1295
1295
1295
1295
1295
1295
1295
1295
1295
1295
1295
970
1103
1171
1166
989
989
970
970
989
970
1163
1163
1226
1039
970
1280
1283
1295
1295
1277
1277
1277
1277
1277
1277
1277
984
979
967
1018
1018
1277
970
970
1325
965
1057
1032
1277
4260
4268
834
808
512
274
1552
902
881
890
1493
527
869
879
1375
654
2350
905
844
896
1543
1541
888
656
2357
237
2454
1561
561
452
1553
847
452
1559
898
840
2456
262
1507
282
472
1766
1765
308
235
824
1506
1505
1596
279
270
2362
1771
2241
316
2422
472
644
230
1619
571
2460
780
1485
2406
525
1408
2415
768
754
1580
1574
929
1416
1416
740
740
739
767
767
1587
1424
1432
759
1435
759
1430
745
704
1432
1427
747
930
1431
1437
694
1444
1438
770
1454
1457
745
1451
747
1442
701
1445
937
1456
696
945
1466
953
953
1452
1472
953
1467
1460
938
1461
1461
1022
982
1467
939
1339
1469
938
982
1040
1528
1528
224
224
242
508
1549
230
644
2362
2241
2241
644
230
1387
1388
1388
1603
469
1526
1515
893
1557
1543
1551
854
2461
886
574
1385
1504
270
270
1508
1508
282
823
2517
1630
2234
827
1629
310
456
2248
2248
2351
852
2354
1523
1524
228
228
575
269
2322
1536
1526
1483
1397
1503
2353
842
469
1512
1537
909
856
1548
481
868
861
1600
1533
498
1524
1396
2308
856
2467
2466
471
841
1513
2467
2478
2451
246
2356
250
1537
1591
721
267
919
741
559
726
690
753
926
659
721
739
713
743
1570
753
1535
1487
4075
1644
1595
3987
1390
2511
781
2459
241
561
451
2454
452
71
1620
4090
2510
1409
2493
525
2415
2412
1395
327
475
476
327
300
2291
2287
2307
467
1678
1671
532
467
1631
2299
1625
592
1671
1628
297
2300
1641
1780
1781
597
434
2232
417
417
416
415
415
333
2255
664
1668
665
666
352
342
335
356
540
540
544
542
541
448
434
433
2340
354
323
354
604
595
605
603
2311
336
344
340
353
489
1716
1718
1719
615
1686
380
1727
422
1722
550
551
1717
618
2333
1731
1684
1734
1685
614
672
1681
387
1680
549
390
609
1695
389
2368
612
422
1691
671
399
399
2374
403
396
395
1720
1724
423
552
1726
1726
626
626
2315
622
624
673
647
646
1650
1670
2264
475
304
304
305
283
632
291
290
1650
1651
537
538
2329
1627
652
280
2424
292
292
486
1761
1679
329
1677
2517
1626
589
645
2376
2265
579
2227
282
1645
1777
285
2267
2246
1775
2271
1776
1762
1767
1763
2283
516
2280
1737
661
2238
581
286
1641
1751
4269
2218
4090
507
1783
163
4090
2526
2533
1475
1670
1670
2502
1970
1980
1808
1799
1802
1977
2000
411
1986
1797
1980
1822
1811
2379
1814
1812
1817
1818
1803
1998
1822
1972
1813
2379
1869
2005
2006
2197
2064
2013
2013
2197
2011
2015
2064
2064
2005
2005
2064
2064
2015
2064
2005
2005
2005
2005
2026
2007
2006
2028
2007
2007
2007
2021
2029
2006
2006
2022
2001
2197
2064
2064
2001
2065
2013
2001
2065
2001
2013
2013
2005
2166
2189
2064
2064
2005
2001
2064
2064
2001
2166
2125
2123
2004
2025
2005
2004
2064
2007
2007
2007
2021
2007
2028
2007
2028
2009
2028
2006
2028
2028
2004
2026
2007
2021
2006
2029
2029
2006
2006
2006
2022
2007
2003
2004
2013
2001
2013
2064
2064
2005
2064
2166
2001
2004
2004
2021
2007
2021
2007
2029
2001
2001
2013
2001
2064
2001
2005
2004
2025
2064
2005
2064
2013
2007
2007
2005
2004
2004
2006
2028
2007
2006
2031
2028
1966
1968
1805
1970
1981
1971
1800
1974
1976
1806
1806
1982
1808
1809
625
1983
1805
1985
1986
1969
1983
2210
2380
1992
1824
1988
1996
1987
1987
1984
2000
1805
2024
2025
2024
2068
2025
2027
2027
2035
2030
2031
2075
2063
2078
2079
2078
2138
2037
2137
2134
2124
2130
2033
2091
2071
2072
2027
2027
2068
2092
2038
2035
2092
2037
2046
2046
2043
2139
2040
2044
2042
2056
2390
2041
2047
2209
2386
2386
2386
2050
2055
2114
2115
2118
2119
2385
2201
2200
2200
2200
2396
2113
2074
2075
2075
2068
2105
2068
2070
2071
2086
2108
2086
2086
2107
2079
2080
2087
2085
2081
2113
2203
2084
2109
1994
2037
2138
2138
2094
2040
2094
2041
2390
2051
2050
2062
2057
2113
2113
2060
2083
2105
1995
1987
1994
1994
2205
2204
2381
2199
2201
2201
1993
2384
2392
2079
2143
2137
2134
2136
2130
2140
2129
2139
2131
2139
2094
2141
2147
2141
2135
2147
2135
2080
2080
2151
2150
2150
2393
2159
2146
2146
2081
2154
2098
2393
2041
2098
2051
2157
2102
2159
2388
2062
2101
2102
2101
2101
2065
2077
2122
2013
2078
2123
2125
2121
2127
2127
2124
2125
2127
2127
2129
2022
2022
2127
2033
2033
2031
2029
2031
2030
2030
2027
2027
2026
2025
2025
2064
2064
2066
2064
2065
2066
2381
2382
1812
1823
1986
2206
1997
2105
2211
1820
2212
1987
2454
453
4992
1711
1711
441
2272
826
826
321
1648
2240
2245
2235
2274
548
2219
2260
2259
2240
350
2220
649
2239
1646
1744
306
2224
448
2233
428
303
2234
1510
2271
825
2245
320
2269
2261
2259
2256
436
376
1704
1705
2221
2219
825
362
2250
2270
2252
2238
1765
2265
2254
429
2245
2249
661
661
443
1711
1387
2224
235
235
316
689
2225
289
2251
1670
1624
2307
2329
1670
2329
301
305
305
305
319
1647
1650
1650
1670
2226
2226
1670
591
687
281
1760
291
325
2366
2367
592
1638
1768
1672
2310
447
1712
2370
613
2332
2378
531
607
2369
460
460
255
2330
1503
1649
414
414
1502
1664
1664
323
354
2340
2340
431
2312
621
2315
322
322
322
2329
1645
304
348
667
667
440
670
369
369
1701
611
394
672
2374
1798
251
2486
843
1505
2352
2352
2376
2308
886
482
1514
1673
2309
2360
1763
433
2340
323
665
2338
338
359
620
619
2346
612
1697
404
673
1650
304
2306
298
2284
2379
2384
1810
1799
2384
2054
2054
2111
2395
2058
2057
2395
2380
2057
2053
1810
1650
1663
305
2444
1394
2409
1527
2247
2224
1771
1388
580
2247
488
2495
2246
1394
2278
1746
635
2410
636
2411
1507
2241
2241
1605
469
2275
2275
456
580
1512
1606
485
2421
2421
2234
2246
455
2423
833
149
20
20
26
65
36
36
36
799
799
799
36
808
808
275
795
571
1388
643
643
1388
1398
227
1532
2276
2418
2488
247
449
2477
643
2477
2263
786
2479
1489
2417
1489
836
2498
2510
526
781
1486
792
2263
1590
1534
1481
575
478
1501
1500
1590
241
1398
2493
1525
1604
2471
2450
1399
2450
1389
1388
1771
1509
1779
822
1779
1779
1764
1764
4980
1764
1795
1622
2505
828
2777
2953
803
1509
285
2302
522
2422
2402
2655
2657
2616
2616
2616
2616
2574
2659
4090
71
2659
4270
2638
2536
2612
3329
3328
2745
3307
3316
2690
3839
2593
3180
3960
2551
2549
4015
2535
3300
2647
2967
3962
3959
3958
2753
2967
2770
3337
4041
2616
2580
3330
2535
2544
2658
4041
3959
2597
2686
2612
2639
3307
3301
3840
2610
3302
2578
2551
2547
2544
4271
4096
2999
3957
4015
3959
1794
2616
4090
2574
1794
2656
3010
3330
2534
2576
2615
2616
3331
2967
3180
3008
3299
3299
3180
3180
3299
2553
2578
2577
2548
2579
2769
2550
2561
2960
4041
4040
2550
3959
3310
4041
2745
2541
2616
3067
4271
2574
3295
2616
2608
2628
2659
2616
4090
2616
2615
2579
3310
4041
3963
2663
3963
4090
2656
2616
4090
2616
3959
4090
4090
3005
3000
3001
3302
4042
2774
2769
2774
2960
2628
1794
4901
2576
2657
2576
2550
2526
1791
3180
3006
3307
3005
2753
2744
3959
2616
2616
2616
4090
3010
2615
2580
3331
4042
3299
3008
3008
3299
3008
3008
3008
3008
3309
3309
2771
3008
3008
3008
3299
3008
3295
2771
3309
2771
3295
3180
2771
2771
3295
3180
3008
2550
3008
3008
3309
2967
2967
2771
2771
3309
3309
2771
3008
3309
2967
3180
2771
2967
2771
2771
3309
3309
3008
3008
3008
3008
3008
3008
2771
2550
3295
2771
3309
3000
3838
2743
4970
3003
4722
4953
3017
3338
3879
3967
4752
2804
4081
4081
3072
4098
3014
2504
4982
3066
4969
4895
4888
3322
4987
3141
4005
4962
4789
2947
3352
4900
4084
3862
4083
4252
4254
4102
2963
3281
4762
4901
4039
4762
2959
3963
2768
3089
2823
4782
2773
2819
2831
4728
4909
2516
4744
4151
2820
2814
4126
2961
4772
2987
4105
3985
2833
4152
4130
2829
2827
4725
3035
4140
4760
2922
4909
4908
3157
4994
2515
3128
4847
4141
4141
4812
4763
3324
3876
2826
2828
4713
2930
3138
2913
2913
2936
4127
4742
4814
4140
2911
4137
4823
4824
2926
3096
2924
2839
2840
4794
2857
2834
3166
4829
4187
4815
4815
4183
4173
2869
4153
2917
4186
2932
4794
2935
2935
2936
4701
4177
4184
4185
4175
4829
4153
4174
2938
2937
3044
3106
4167
2877
4181
3105
2878
4171
4166
4852
2940
4172
4172
4160
2882
2891
2890
2918
4154
4208
4200
4193
3119
2889
4158
4159
2873
2921
4209
2900
2903
2893
2904
2905
2894
4461
4462
4456
4462
4278
4458
2903
4282
4459
2894
2329
2329
2329
591
2912
3040
2913
2936
3041
4153
4153
4162
4162
2918
4200
3047
4465
4464
4138
3026
2939
2868
2942
4856
2936
4174
4755
4172
4180
4156
4171
4830
4161
4161
4165
4164
4196
4853
4853
3113
2843
4245
4958
3889
3889
3997
2515
4257
4233
3133
3025
4771
2961
3025
3026
4067
1479
3033
3033
4125
4791
3059
3874
3003
4003
4861
4097
2761
2829
4132
4102
4104
2749
2975
4945
3033
2979
2979
4188
2824
4130
3086
3086
3026
4124
2999
3019
4961
2735
4892
3066
3066
3838
3838
3337
4080
3004
2725
3838
3081
4014
4039
3976
4896
3894
2784
2869
2869
803
519
3838
4981
4991
4240
4035
3892
519
519
3893
1650
1650
2329
2329
2815
2329
3033
4140
4137
3086
3087
3087
3087
4811
4850
4121
3036
3038
2843
3042
3043
3043
2917
2917
3044
4162
4162
3046
4199
3112
3120
2971
3184
3869
3284
2765
2971
3069
3868
4036
3370
2948
3344
3383
3863
3065
4758
4722
2804
3838
4889
4034
4088
3345
4763
2811
4728
3134
4211
4140
3025
2979
3025
4959
4847
4847
4847
4847
3011
4255
2929
2847
2847
2985
3137
4826
2856
4186
4179
2879
2860
2859
3102
2934
3169
4829
2879
4155
4166
4159
3113
4193
2897
4857
2889
4189
3121
4832
4456
4456
2898
2892
2902
3120
4454
4285
2910
4124
4124
4849
4849
2818
3144
4774
3160
2870
2867
4795
4856
4178
4824
4727
4729
3990
4907
3026
4139
4707
4120
4149
4133
3139
3189
3387
3191
3372
3347
4842
3339
3989
4726
4785
591
2799
2799
2979
2935
2853
2936
2874
3170
4174
3171
3171
4171
4191
3172
2896
2921
4812
4811
4811
2329
2329
4850
4850
3004
3335
3997
4956
3370
2805
2824
4146
3034
4016
3379
3370
2947
3902
3208
4051
3246
3274
3243
3237
3223
3426
3250
3264
3278
3237
3252
4050
3251
3856
3244
3220
3253
3844
3220
3007
3226
3859
3050
3844
3848
3977
3411
3069
3868
3152
3992
3855
2731
3427
3250
3903
3156
3408
3856
3849
3866
3846
3846
3870
2971
3851
3226
3424
3210
4043
3214
3855
3259
3855
3407
3914
3901
3263
3069
3286
3240
2971
3243
3845
3055
3847
3870
3211
3426
3069
3259
3274
3153
3978
3245
4067
4889
4940
3364
3398
3998
3055
3264
3855
3008
3008
3309
3957
3962
2647
3960
3960
2724
3180
4991
3989
4991
3008
3309
3008
2577
3299
3299
3960
3003
3964
3281
4129
4849
3008
3008
2550
3180
3309
3299
3299
2550
4090
4215
3085
4214
4221
4751
4718
3016
3131
521
3838
2744
2744
4270
4096
4090
2737
4013
4025
4971
4014
4838
4009
4939
4904
4804
4942
3386
2758
4957
3283
4940
3998
4957
3182
4940
3182
3370
3390
3370
3379
3367
2746
2746
2746
2968
3375
3189
3379
3379
2947
4940
2948
3182
3890
3338
4948
2977
3338
4946
3389
4942
3395
2997
3396
4951
4951
2743
4898
4950
4951
4957
4957
4957
4940
4088
3150
4085
3285
3286
3846
3858
2765
3851
3852
2659
1788
3408
3225
3259
3409
4045
3049
3261
3228
3222
3278
3229
3229
3923
3439
3430
3930
3549
3448
3194
3929
3260
3566
3938
3912
3444
3255
3927
3515
3927
3922
3916
3921
3925
3549
3916
3925
3455
3450
3451
3824
3514
3472
3455
3464
3792
3792
3532
3532
3489
3834
3550
3532
3814
3489
3764
3560
3533
3472
3953
3549
3474
3450
3450
3543
3532
3532
3489
3489
3802
3451
3807
3778
3543
3514
3514
3532
3514
3533
3806
3489
3813
3808
3501
3812
3472
3808
3482
3560
3523
3532
3543
3824
3497
3561
3449
3474
3561
3439
3826
3514
3953
3439
3430
3953
3549
3952
3439
3792
3834
3476
3532
3773
3543
3532
3474
3532
3543
3535
3549
3792
3763
3532
3592
3514
3621
3952
3543
3543
3532
3763
3561
3451
3808
3520
3501
3200
3549
3433
3762
3763
3532
3532
3592
3532
3792
3792
3472
3762
3818
3543
3806
3917
3473
3806
3532
3543
3543
3543
3792
3781
3592
3792
3781
3781
3792
3792
3792
3792
3792
3792
3592
3792
3543
3530
3792
3594
3781
3543
3543
3532
3778
3792
3532
3532
3799
3543
3543
3621
3532
3602
3532
3621
3543
3621
3602
3621
3607
3607
3621
3621
3532
3607
3607
3607
3607
3621
3602
3607
3621
3621
3543
3621
3607
3607
3602
3607
3607
3607
3607
3607
3607
3607
3607
3607
3607
3607
3607
3607
3607
3607
3607
3607
3607
3607
3607
3607
3607
3532
3621
3532
3621
3532
3621
3532
3532
3532
3532
3621
3621
3532
3532
3802
3602
3532
3810
3806
3807
3810
3756
3726
3756
3716
3716
3807
3810
3756
3602
3756
3602
3716
3756
3716
3716
3807
3602
3602
3621
3716
3602
3732
3726
3732
3732
3675
3675
3675
3675
3675
3732
3677
3732
3732
3675
3675
3726
3742
3726
3732
3726
3675
3745
3756
3810
3532
3602
3810
3810
3810
3807
3807
3756
3735
3735
3735
3735
3806
3726
3756
3756
3735
3735
3735
3735
3726
3735
3756
3726
3760
3756
3806
3756
3732
3726
3726
3732
3732
3732
3726
3732
3732
3732
3726
3726
3732
3756
3726
3726
3732
3732
3732
3732
3732
3807
3735
3806
3735
3539
3760
3806
3450
3475
3762
3764
3764
3764
3762
3778
3762
3764
3790
3778
3774
3774
3778
3778
3774
3774
3764
3764
3774
3774
3793
3764
3764
3787
3778
3778
3778
3782
3774
3778
3561
3532
3489
3806
3514
3760
3808
3514
3806
3514
3806
3806
3760
3806
3514
3814
3470
3450
3450
3450
3450
3456
3769
3455
3450
3814
3798
3501
3533
3455
3515
3501
3808
3501
3482
3482
3450
3450
2616
2615
2504
2967
2771
2550
2550
3309
3017
3346
3284
3081
3071
4020
3869
3154
3059
3867
3406
3061
3061
4843
3406
3184
3059
3872
3365
3376
3150
4031
3394
4083
4030
4808
3190
4034
3155
3382
3399
4089
4902
2767
2974
3157
4704
3323
2740
4861
2749
3986
3875
4994
4118
2778
4094
3021
2945
4006
4932
4098
3014
2504
3014
3245
3221
3221
4050
3409
3409
3228
3156
3243
3222
3226
3291
4044
3219
3269
4055
3209
3214
3427
3238
3214
3275
3410
3215
3230
3902
3902
3423
3907
4055
3419
3909
3898
3424
3231
3420
3207
3907
3924
3423
3930
3273
3255
3231
3931
3930
3925
3928
3929
3446
3921
3441
3941
3444
3937
3445
3951
3566
3954
3948
3954
3447
3942
3566
4900
3000
3066
3066
3894
3004
2751
2740
3986
2515
2515
2732
4248
4073
4840
4022
4804
4959
4032
4016
3070
3864
3348
2741
4942
4246
3877
2767
2792
2792
4253
2969
4101
3326
4891
3324
4891
4256
4836
2763
4077
3983
4964
3981
4756
3282
3068
2750
2970
3994
3876
4250
3965
3984
3970
4079
4004
3361
3384
3996
3995
3352
3352
3343
3883
4936
3981
2755
4988
3966
3352
3362
3181
4937
4938
4972
3181
4947
4938
3972
4787
4841
4992
2764
3855
3051
3407
3007
3051
3054
3051
3245
3859
3857
3853
3226
3259
3407
3407
4002
2793
4985
4117
4789
4247
4076
3021
2742
2949
2947
3356
3373
1621
1794
4270
4098
4982
2492
1623
454
2412
1395
4131
2812
4099
4851
4220
4770
2973
2795
4229
2986
2988
2965
4788
4110
3139
4145
3089
4783
4106
4231
4259
4862
3092
3094
3138
2854
2911
3035
2912
4735
4741
3164
4823
3164
2929
3166
2927
4793
3096
3013
3035
3138
3037
2944
3093
3038
2929
2911
2911
2911
2911
2846
3100
4798
2836
3097
2849
3164
2846
3165
4191
4209
4816
2889
4197
2872
4195
4198
4202
4201
4192
3114
3114
4206
4207
4195
4858
4160
2918
2887
2880
4194
4162
3045
4159
3110
4157
4816
4204
4163
4203
4854
3121
2893
3047
4463
3117
2899
3118
2919
4200
3048
3111
3112
3122
3122
4863
4796
3117
4453
2980
3187
1670
1650
4745
2779
2821
2799
2821
2964
3147
3147
3188
2822
4124
2799
2799
1670
2972
2973
2776
3185
4219
4216
4993
2823
3087
3086
2953
3085
2782
3074
2781
3158
2950
4715
3988
2809
4981
4890
4902
2775
3991
4839
4242
4232
4220
4214
2782
3158
2800
2801
4995
4995
4781
4269
2536
2574
4042
153
2667
2656
2526
2536
1475
4143
1409
2492
4449
4274
4301
4868
4294
4295
4283
4467
4467
4451
4286
4288
4298
4685
4287
4682
4292
4296
4295
4297
4468
4289
4289
4298
4368
4307
4395
4395
4677
4677
4677
4349
4652
4437
4677
4361
4357
4368
4324
4368
4368
4361
4648
4368
4368
4397
4397
4368
4668
4666
4666
4668
4668
4666
4395
4661
4492
4492
4661
4499
4361
4361
4677
4677
4437
4650
4497
4652
4501
4361
4341
4652
4368
4670
4368
4678
4677
4677
4361
4357
4652
4677
4368
4368
4657
4657
4368
4501
4486
4368
4671
4486
4670
4502
4661
4661
4397
4661
4668
4395
4664
4668
4395
4486
4668
4510
4397
4668
4666
4664
4664
4612
4499
4492
4499
4395
4664
4661
4368
4356
4395
4679
4483
4652
4368
4368
4368
4368
4368
4368
4368
4368
4368
4668
4368
4668
4395
4668
4572
4668
4677
4341
4652
4437
4679
4677
4483
4324
4677
4368
4368
4368
4652
4673
4368
4368
4673
4668
4336
4395
4666
4397
4663
4492
4511
4666
4666
4466
4450
4470
4464
4302
4291
4285
4458
4457
4460
4460
4449
4286
4284
4451
4470
4452
4477
4479
4470
4471
4693
4473
4474
4595
4590
4590
4479
4478
4481
4482
4546
4546
4507
4507
4511
4552
4511
4511
4513
4513
4520
4560
4560
4560
4605
4574
4613
4607
4607
4610
4610
4612
4505
4553
4588
4553
4551
4551
4550
4511
4519
4513
4622
4516
4518
4526
4526
4622
4522
4524
4872
4871
4523
4529
4528
4528
4878
4530
4534
4534
4539
4540
4535
4598
4541
4542
4874
4566
4567
4565
4541
4547
4547
4561
4516
4549
4588
4589
4589
4556
4558
4553
4561
4558
4562
4605
4561
4627
4559
4564
4593
4570
4559
4591
4589
4622
4575
4525
4576
4633
4579
4871
4875
4580
4581
4544
4586
4586
4873
4563
4478
4589
4589
4590
4477
4592
4593
4686
4542
4542
4598
4681
4475
4878
4561
4621
4621
4618
4617
4618
4615
4615
4615
4632
4622
4623
4577
4577
4616
4624
4619
4576
4632
4625
4624
4624
4624
4626
4628
4629
4631
4634
4631
4580
4642
4880
4563
4580
4544
4876
4643
4876
4496
4501
4650
4501
4496
4501
4501
4501
4501
4661
4501
4610
4608
4664
4610
4664
4610
4505
4505
4505
4610
4517
4514
4511
4511
4511
4490
4490
4668
4511
4507
4668
4486
4501
4678
4546
4501
4560
4685
4881
4881
4469
4477
4469
4688
4691
4690
4692
4692
4694
3356
4940
2947
3367
4992
3104
3045
2883
4728
4728
4709
3034
4121
4726
4223
4716
4179
2937
3044
4699
2842
4718
3129
2842
4179
4775
4774
4890
4119
3130
2802
3325
2944
4717
4706
3074
4890
2801
4727
4719
4719
4733
2827
4743
2848
4741
4754
2939
2938
3105
4702
2939
4739
4705
4730
4749
4786
4786
4708
4747
4714
4736
4741
4720
4256
4748
2883
4162
3140
3018
2736
3187
3032
2784
4731
2365
4803
1670
1670
4144
4144
2797
2910
2821
2910
2796
4707
1650
4124
4124
4138
4138
591
1670
2794
2783
3146
2798
3993
4147
2832
2958
3098
3091
3101
2943
4185
3108
4168
4455
3025
3103
4853
2956
4771
2754
3341
4137
2816
4122
2815
4023
4137
4122
4122
2847
2847
4792
2865
4857
2898
2899
4144
2329
322
4124
2821
2853
2854
2935
2935
4174
4188
3171
4153
2879
2878
4831
2920
3173
4275
4942
3288
3995
4839
3877
4111
3873
3358
3361
3354
3088
4851
4106
4107
3138
2854
4823
2817
4823
2928
2852
3115
2885
3116
2878
4854
4796
2895
2821
2821
4846
4765
4865
4293
4299
4864
4274
4869
4532
4872
4564
4567
4581
4564
4687
4878
4628
4640
4687
2910
2910
4124
2949
3014
2748
4908
2802
4249
4257
3016
3885
4908
3967
4235
4906
2725
4894
2737
4902
4994
4994
4079
3993
3875
3326
4021
3893
4906
4219
4218
4902
4893
3311
2534
2535
2541
2540
3300
2640
3008
3008
3309
3008
3008
3309
3008
3180
2967
3180
3180
2771
4970
4899
2803
3881
4011
2803
4888
4895
3886
2734
2750
4007
4972
3972
4887
4968
4896
4976
4097
4886
4943
2946
4960
2756
2810
2730
2976
2766
3982
4833
3969
4989
4008
4952
4973
2727
4973
4905
4729
4991
4991
4258
4909
3327
3989
1509
4071
4991
2510
1623
3327
1592
286
2952
4981
1509
2420
4232
1769
1769
2006
2006
2006
2006
2006
