94
72
56
817
2624
2550
10
828
12
829
1629
38
113
144
828
118
796
827
45
76
51
796
24
130
116
68
89
31
43
793
445
240
30
35
109
137
43
2501
67
66
41
87
2192
2604
2393
93
39
17
158
50
25
52
810
4120
4286
829
825
836
109
265
43
2629
3325
2502
4122
131
2635
66
145
3
61
2501
11
29
29
174
162
98
57
797
797
81
122
42
4284
26
88
135
116
33
108
23
57
92
134
96
4121
18
17
40
124
3325
2502
2550
2548
2591
123
60
2192
112
127
2564
2564
830
2624
102
127
2624
826
503
137
119
147
26
91
83
74
445
16
59
33
47
2599
57
1627
118
817
445
445
271
138
127
3325
2504
17
2608
2608
2629
174
2406
174
174
2406
174
166
1334
1334
1334
798
174
174
169
1333
799
799
22
797
797
29
29
2404
797
166
34
34
798
129
29
129
1334
1334
798
1334
1334
1334
22
797
798
799
1334
1334
166
174
812
812
1334
798
80
798
799
799
2436
2477
435
664
664
2434
1368
460
2410
500
883
884
884
1399
884
884
307
2219
784
510
875
875
264
469
2446
2409
1634
1474
250
884
2231
2418
1497
1506
2325
234
1530
1531
1539
2322
2289
4986
4099
1620
5000
1494
562
250
562
250
562
2469
2414
787
564
502
500
1381
1380
559
1396
1512
1638
267
452
452
581
1582
2762
450
695
1777
293
318
277
278
273
1763
1662
2222
316
285
440
2286
287
288
1654
444
1682
1687
598
2224
1656
1673
634
297
298
2495
2471
266
4839
4839
3090
4839
3090
269
1766
1614
311
323
2206
401
2299
344
344
317
325
597
4154
1681
2810
1667
595
4802
1684
326
638
416
639
342
605
669
2309
608
423
363
423
357
357
358
426
2244
506
347
475
640
352
336
337
2280
354
331
339
2229
2193
1718
1718
362
2196
1709
1721
431
2343
1711
1715
1707
430
367
365
1733
1709
612
1693
373
1706
376
1694
379
1695
2346
380
381
623
385
1722
625
625
387
2318
627
1967
392
393
1723
386
626
3087
3086
3014
1674
532
402
536
640
426
359
407
408
388
380
388
412
649
2227
2228
334
2279
672
340
601
368
363
675
370
370
611
1713
427
1705
1717
613
2208
308
217
1544
880
850
850
2374
296
2492
440
4789
4758
2484
4687
2292
2292
630
276
2277
553
1611
492
2413
2481
1485
1340
292
457
1512
1770
1504
1534
2417
231
584
698
284
441
473
472
607
478
4160
4160
1688
4160
2906
787
785
880
880
857
469
2420
908
875
899
1572
205
690
203
226
496
690
492
1475
732
500
804
502
1578
1628
449
421
337
1632
509
886
219
880
787
2384
2479
224
4172
4841
4798
521
521
522
524
4160
4160
2795
4160
4160
2794
2795
1675
2201
534
419
403
404
405
539
406
1712
1719
1698
410
1730
545
916
1374
1374
577
1338
554
1352
916
259
742
886
555
5000
838
502
884
884
510
779
558
886
250
250
250
239
1540
1550
569
2245
897
495
1504
1395
665
238
2330
1638
1744
2200
295
1673
1745
2258
1343
4840
4175
4174
4840
1747
232
594
4802
594
1683
2278
327
606
2205
2204
608
415
346
349
350
602
610
432
542
1699
1701
1735
1704
616
1728
618
621
627
619
2345
384
384
1732
389
521
3124
4873
2793
3022
633
2210
634
668
1749
335
338
334
404
1689
1667
1774
644
635
2941
2198
283
649
282
310
2275
250
787
787
787
1565
1383
1380
1380
577
577
875
875
887
546
1343
1748
413
2258
2309
2311
2312
339
2314
425
2344
2342
677
678
3085
3084
4160
4841
4160
3022
2795
3087
3126
2435
848
469
848
875
875
3190
2275
2275
479
531
916
838
838
899
1490
927
930
1414
763
1587
727
1598
706
1420
736
772
1417
1596
767
770
728
739
1588
760
766
1595
745
763
770
722
1595
742
770
766
742
500
742
742
763
730
732
1355
732
742
500
742
732
546
732
741
210
730
1426
1594
731
731
1585
749
729
763
1586
500
500
500
500
726
502
500
500
500
751
933
730
1425
1593
759
210
761
210
740
1430
933
210
766
727
744
763
764
500
764
1590
742
764
500
1590
500
500
500
764
500
500
500
1428
742
742
759
730
742
770
742
742
1592
739
749
1481
1480
2414
238
661
562
1374
884
884
1379
1379
1374
215
469
857
730
1422
210
573
34
798
498
167
797
804
793
58
58
1333
798
174
174
498
1473
806
73
3304
174
167
34
129
33
801
1334
1643
2333
819
300
306
583
439
227
508
825
139
1791
3418
891
2383
2319
833
2447
883
265
1554
844
2322
834
2321
2331
886
887
848
850
903
866
860
469
469
1497
2417
469
2415
903
866
857
469
850
850
860
857
785
857
2417
875
899
903
875
555
838
555
1573
886
838
555
903
903
880
5000
469
860
886
1490
843
854
1490
1490
1488
888
1562
1496
1577
844
664
664
844
875
899
491
892
844
844
664
903
469
866
857
469
857
2414
488
2415
1524
238
1364
1361
756
751
726
451
790
726
829
1784
733
733
745
924
750
737
718
727
731
727
727
1596
760
745
754
1438
1438
1441
734
707
735
755
704
1428
1441
714
1453
747
754
712
765
710
713
935
1459
1026
1469
944
941
1461
1461
971
971
1026
710
953
1457
1457
1460
943
934
1439
1461
1449
1439
1442
1457
941
971
1027
1469
1466
1470
1454
1459
1008
1026
971
1456
1464
1456
944
940
1008
1456
949
1024
1025
1456
1452
1019
1442
1456
1025
1006
947
1328
947
940
1453
964
940
941
954
954
1447
1446
711
705
1008
1461
1456
1027
1026
1019
941
1448
1019
1025
1026
1449
1328
1469
1008
1024
1006
1024
1015
1057
1019
1026
971
1056
1454
1452
1457
1439
734
1461
934
1026
1024
1006
1328
1027
1449
1457
1468
1036
1008
1008
942
1444
1008
1015
1057
1057
1057
1312
1015
1057
1030
1015
1057
1015
1057
1030
1057
1314
964
1068
1030
1015
971
972
1027
1328
1027
1328
1006
1027
1027
1006
1006
1328
1006
1006
1006
1006
1006
1317
1008
1006
1008
1014
1006
1015
1006
1006
1006
1025
1318
1006
1006
1015
1015
1005
998
1005
1012
1005
1005
1316
1312
960
1295
1312
1015
1005
1312
1295
1000
989
975
1027
1006
1328
1006
1006
1006
1006
1328
1006
1006
1008
1469
1469
1452
1006
1008
1008
1008
1008
1005
1006
1006
1006
1323
1006
1031
1006
1005
1006
1006
1005
1008
1031
1006
1006
1005
1005
1005
1005
975
1005
1005
960
1005
1005
1005
1005
1006
1005
1005
1031
1005
1295
975
1005
1295
1008
1006
1008
1006
1008
1008
1008
1008
1006
1008
1323
1008
1006
1006
1006
1323
1008
1323
1006
1323
1323
1031
1008
1008
1323
1323
1323
1031
1323
1005
1006
1005
1323
1005
975
1054
1318
1323
1006
1323
1006
975
1005
1295
1006
1006
1008
1024
1006
1008
1027
1461
1027
934
935
934
1459
1461
1027
1027
935
1027
1027
1027
1027
1027
1027
1027
1027
1321
1027
1027
1027
1027
1027
1027
1027
1027
1027
1026
1027
1026
1321
1027
1027
1027
1027
1452
1027
1025
1008
1008
1470
1469
1466
1466
1470
1024
1008
1466
949
934
941
1026
935
1459
934
1448
934
1459
1461
1461
941
1461
1457
945
944
1452
953
953
1460
1459
62
1634
129
34
33
29
1354
1354
1356
1353
502
699
1374
1338
1338
1353
1374
1353
1353
451
1379
1379
1342
546
1379
259
790
562
562
562
577
577
1383
558
1383
776
778
1343
875
884
884
778
558
1354
1343
693
1383
250
250
250
1367
1367
1343
884
884
901
562
884
783
1775
4293
507
2237
1655
3893
1505
2307
1392
1605
1505
2440
2476
562
884
562
562
562
693
776
250
562
776
564
565
2414
485
2452
251
1383
1369
1369
1410
1411
1412
1587
764
500
1598
760
1415
719
1597
737
769
731
727
727
764
764
764
764
1593
931
719
1418
727
736
771
750
769
1413
923
717
931
930
927
1419
930
1416
1424
1419
1432
1436
929
754
713
735
704
1434
1430
703
1434
1427
1434
753
703
703
951
746
734
1447
951
711
1445
1445
206
2372
497
493
2371
4886
1477
1775
1400
1505
1478
207
1610
1486
832
2433
1575
888
1491
2330
699
918
1386
854
1500
2472
1479
2325
2307
289
1512
1511
1766
4984
1767
1768
1492
1612
1537
885
1566
1524
565
1525
1365
2462
465
2463
1535
2293
2466
1555
2385
461
461
1503
1503
2276
241
1514
1556
2375
1557
1558
1513
2330
1563
2415
2330
1570
1514
842
1566
1600
1568
1564
890
844
841
835
1489
1575
841
835
2432
1574
1487
1580
831
1583
3975
766
500
1590
725
1590
730
766
742
732
1590
749
764
764
770
728
761
739
731
500
722
919
722
749
2331
2467
1602
2739
2739
4987
2482
2491
4987
1797
4983
4103
4098
4990
4992
2725
662
693
663
662
1369
1369
1408
250
1620
871
850
903
903
5000
880
5000
4123
4287
3004
4281
1793
2790
4289
1631
2716
4129
272
1753
1637
1641
1649
1754
1639
274
1644
3190
1755
2348
2367
652
1651
1757
1652
2326
1507
1606
1663
1657
314
1658
1659
1681
2240
1671
2226
4839
4842
4839
595
322
669
597
328
1686
341
1673
401
1676
314
533
534
2334
1678
4801
4174
4173
2803
596
599
2340
2300
598
327
642
322
330
343
1690
1734
375
1729
1700
1696
1690
1730
1699
544
1734
614
1727
617
617
373
378
407
1691
1693
407
427
611
377
1716
1692
2343
1702
1697
612
1733
369
2317
1725
383
1739
369
410
1724
409
543
1700
621
622
382
1729
1738
1725
2248
1749
3124
2249
2257
2286
2257
1743
2272
2271
2265
2265
4808
2268
1642
2270
2270
474
1758
4261
478
3022
1762
1761
274
818
819
1783
1777
1643
1609
1387
1773
218
1776
4983
4997
1640
1779
820
822
1652
1653
2549
2537
2499
2583
2544
2636
2586
2557
4287
4292
3014
4292
4102
4103
1972
2355
1965
1965
1968
1969
1989
1960
1989
411
1800
1972
1798
2351
2351
1800
1809
1823
1814
1820
1803
1820
1811
1811
1964
1808
1962
1938
1840
1852
1832
1865
1864
1831
1832
1830
1867
1872
1928
1943
1940
1946
1842
1922
1889
1929
1948
1929
1853
1953
1958
2151
1955
1855
1907
2163
1912
1914
1956
1830
2143
1865
1935
1832
1937
1832
2145
1938
1831
2149
1838
1948
1838
1920
1870
1877
1944
1862
1831
1843
1842
2149
1886
2148
2153
1846
1870
1888
1848
1892
2147
1929
1896
1907
1891
1912
1856
1957
2158
1957
2166
1853
1902
2158
2154
1907
2164
1910
2165
1912
1859
2004
1890
1838
1932
1864
1831
1831
1920
1943
1943
1879
1879
1889
1826
1908
1895
1899
1954
1909
1856
1863
1869
2145
1938
1867
1840
1881
2175
1838
1946
1845
2148
1826
1903
1903
2161
1957
1896
1906
1909
1912
411
1960
1975
387
1964
2355
1799
2350
2350
396
1806
411
1799
1972
1973
1807
1960
1822
1977
1974
1819
1818
1812
1823
1822
1984
1984
1961
1979
1975
2051
2000
1991
2014
2014
2008
2020
2106
2072
2072
2002
2061
2103
2001
2072
2103
2001
2104
2115
2107
2108
2058
2049
2055
2017
2053
2021
2017
2073
2072
2032
2021
2026
2034
2024
2034
2033
2100
2028
2028
2184
2186
2186
2102
2102
2101
2041
2041
2101
2101
2180
2180
2095
2095
2095
2044
2095
2058
2063
2051
2185
2054
2056
2057
2091
2070
2091
2125
2064
2119
2118
2060
2067
2046
2182
2182
2093
2069
2067
2071
2025
2120
2077
2078
2029
2029
2028
2028
2036
2041
2041
2044
2044
2066
2089
1984
1985
2183
2181
2181
2182
2177
2180
1824
1983
1823
1983
1815
2363
2118
2124
2119
2115
2106
2114
2074
2111
2129
2077
2128
2130
2123
2134
2127
2119
2064
2029
2129
2132
2081
2136
2362
2066
2135
2141
2083
2079
2133
2357
2364
2141
2086
2036
2041
2044
2084
2044
2003
2003
2003
2003
2003
2001
1891
2145
2105
2154
1891
2152
2011
2107
2159
2150
2154
2110
2004
2011
1998
2020
2168
2008
2167
2167
1990
2148
2153
2175
2174
2142
2142
2003
1824
1813
1983
1812
1821
1825
1822
1986
2088
2189
2188
2190
1978
881
4078
3268
541
1713
2194
223
582
2199
2214
2235
2215
353
2244
2209
600
2235
420
2203
2241
219
2221
1780
1769
312
600
2273
1772
2231
2236
2238
2240
324
2225
2232
414
2196
2227
2194
352
345
2205
1771
2234
1743
279
1510
2239
603
2251
505
2195
540
2247
2247
2262
1749
2260
2260
1646
2253
4793
4792
3014
458
448
2284
449
2216
2211
4873
647
471
3013
2795
1636
2269
2233
650
1555
2277
1764
1398
291
361
355
2281
2285
390
4787
372
4789
2933
2288
2413
2809
4792
3018
2809
455
2810
2810
4173
4174
2299
1679
4801
329
417
1703
2302
3126
4792
454
2286
2311
2309
2311
672
2313
674
2316
374
2342
1724
2318
1567
2323
1495
2323
889
1388
247
2466
2328
1513
1559
2331
1646
2348
1647
2310
1658
4801
4174
4842
3091
3091
606
2341
622
2301
1710
1737
389
2906
2253
1647
2282
1816
1812
2353
1801
1815
2100
2100
2046
2095
2041
1813
2363
2084
2039
2354
3124
2286
2470
220
2418
3294
2480
583
1472
298
1741
2377
2421
891
892
1484
563
1486
1556
1509
2469
1408
694
2388
2389
2218
2391
38
47
201
801
90
1333
799
799
812
1333
812
129
797
22
22
22
205
899
884
664
791
2478
510
884
2419
1534
2472
2471
2432
1497
1499
787
787
787
250
250
854
2420
567
1542
208
488
2415
1488
1515
2432
834
1577
1572
841
844
1402
2441
694
693
577
693
1383
1383
1383
1624
776
252
850
850
850
453
2473
1567
1378
1550
1551
1502
1553
837
1517
2447
662
662
2443
1631
3900
2327
212
228
844
899
884
884
562
693
693
693
1571
839
884
2412
868
577
1397
643
4983
2482
3294
4125
4987
4102
4989
4989
2488
4991
4992
4993
4892
3890
4996
4895
2580
2619
2609
2510
2559
2504
3417
2503
2503
3324
2541
2521
2689
2609
2512
3292
2611
2542
3310
2663
3291
2545
2613
2552
2680
3834
2529
3301
2999
2524
2529
2526
2552
2565
2633
2590
2573
2577
4077
2580
2650
2637
2625
2644
2644
2516
3834
3834
2574
2626
2610
2551
3288
2627
2600
3321
3417
3320
2513
2507
2590
2619
2533
2533
2559
2541
3293
2668
2667
2667
3292
3292
2667
2519
2579
4284
2520
2581
2614
2524
2527
2536
3831
4909
4909
3322
2609
2586
4909
2499
2615
2510
3324
2504
3418
2513
2530
2600
2542
2997
4896
2565
3417
2626
2540
2551
2511
2526
2514
2599
2527
2520
2576
3300
3302
2623
2570
2582
2618
3292
2587
3292
2617
2600
3321
2560
3417
2633
2584
2540
2571
4283
2667
2667
2667
2672
2668
2582
2582
2582
2566
2582
2667
2667
2667
2667
2667
2566
2667
3292
3831
3293
2667
3292
2582
2582
2582
2566
3293
2566
2528
2566
2528
2528
2582
2582
2566
3293
3293
3831
2566
2566
2566
2582
2667
2582
2667
2667
3974
2582
2582
2582
4909
2566
2566
2667
4883
3186
2984
3160
3160
3339
4955
3980
3390
3238
3988
3379
3379
2954
3394
4006
4271
4116
3379
3379
3370
3076
3908
4933
3392
3065
4036
3379
3379
4015
3335
3362
3895
4775
2724
4925
2746
4105
3995
4047
2937
3343
3398
3071
3057
3071
3057
3335
4920
4021
3236
3238
3071
3880
4005
4077
4131
4132
3970
2720
3088
4077
2943
2781
4263
4164
2808
2494
2769
4260
4720
2805
4767
4241
4249
4249
4138
4829
4176
4182
2812
2813
4149
4711
3163
4707
2713
4982
4913
4158
3090
4842
4841
4158
4842
2951
3981
2783
4163
4157
4152
4152
3027
2895
2833
4736
4738
4803
4166
3026
3026
4171
4171
3168
2817
4737
3099
2816
3100
2831
3102
3169
4816
2822
2844
2824
2825
2845
2827
2898
4700
3134
2909
4815
3137
2907
3002
2835
2837
4780
4816
2897
2846
4689
2849
4781
2915
2847
4206
4848
2850
4212
2851
2853
2853
2855
2856
2857
4189
2859
4203
2921
2862
2863
2865
4805
2866
2867
2868
2903
2869
3120
4221
2858
2875
4216
4216
2878
4295
2879
2880
2881
2884
2884
2883
2874
2876
3087
4795
3086
4170
3027
2895
3030
3030
2898
2898
4206
3036
2901
2902
3039
4709
3145
2846
2826
2835
2909
3137
4701
3097
2913
2915
4818
2898
2918
2919
4208
4210
2922
2923
2924
4705
4037
2706
3398
3398
4875
2930
4242
2932
2932
4892
4759
4759
2937
4052
2941
3079
3078
2771
3192
2944
2720
2946
4145
4049
3044
2800
2782
2765
4004
4003
4001
2961
3193
3193
4257
3166
4236
4257
3171
3138
4159
3090
4159
4758
2945
4935
3355
4935
3400
4918
2961
3362
3362
3370
4071
4940
4883
3186
3326
2694
4876
2991
2998
3971
2986
3227
3161
2759
3254
3300
2942
2766
3002
3897
2717
3887
3881
4880
3281
3187
4944
3285
3083
4797
4798
2810
3025
2785
2970
4181
2970
2792
2792
4160
2793
2794
4711
4170
4150
3029
2912
3031
3032
4700
3034
3035
4213
3037
4193
4226
4225
3412
3873
3873
3047
3049
3225
3224
2750
2750
3989
3367
3881
3394
3157
3157
3054
3338
3338
2740
3187
4919
3279
3061
2797
3065
4884
3269
4003
3881
4920
4054
2757
4240
2786
3025
4696
4241
4767
4241
3989
4839
4174
4173
4173
4174
2756
4838
4171
4802
4838
2819
4180
3102
2834
2829
4817
2830
2908
4785
2910
3098
2843
3173
3105
3107
3108
4228
4845
3111
3112
4227
3113
3122
3115
4849
2875
3119
3121
3121
4296
3078
3018
3018
2793
3022
4732
4773
4773
3130
4746
3001
3136
3103
2896
4161
2820
4735
4272
4882
4694
4709
4694
2772
2799
3192
3281
3355
3281
3853
3071
3071
3880
3006
3370
3006
3074
3237
3842
4734
2794
4249
2905
3165
4761
3169
2911
3170
2828
2917
2917
4202
4819
4200
2902
2792
4160
3084
3085
2795
2793
2793
3124
4073
3345
3345
3370
3370
2770
2968
4695
3412
3367
3370
3370
3343
3917
3202
3428
4089
3211
3216
3918
3202
3232
3232
3213
4089
3210
3248
4082
4093
3214
4092
3222
3416
3201
3257
3235
3201
3217
3217
4093
3221
3265
3259
3259
4082
3223
3256
4081
3245
3260
3238
3266
3266
3266
3235
3220
3235
3262
3213
3933
3219
3219
4085
4079
3234
3219
3282
3236
3219
3223
3223
3284
3236
3223
3236
3224
3252
4084
3207
3912
3924
3264
3201
2701
3258
3929
3923
3049
3226
3424
3412
3220
3217
3234
3234
3257
4083
3257
3257
3257
3215
3236
3257
3234
3236
3236
3236
3923
2750
3217
3201
3222
3222
3256
3260
3220
3421
4091
2953
4920
3343
3158
3158
3157
3071
3838
3873
3878
3345
3215
3426
3221
3069
2667
2760
3969
2668
3293
2526
2526
3293
2667
2566
2582
2668
2667
2693
2697
3969
4053
3303
2582
2582
3293
3293
2528
2668
2667
2582
3313
4266
2761
3316
3317
823
2988
2993
2617
2610
2512
3323
2626
2998
4889
3986
3328
3384
4094
4049
3332
3338
3994
3987
4065
3994
3989
4074
3343
3345
3345
3351
3400
3400
2961
2980
4918
3345
3362
3345
3345
3343
2980
2980
3400
3345
3370
3370
3398
3370
3370
4069
3988
3370
3370
3370
3398
3398
3345
3400
3987
3382
3338
2982
3995
3153
4074
3384
4057
2982
3380
4068
3160
3160
3160
3160
3369
4072
2702
3370
3345
3400
2981
3400
2981
4918
4021
3851
3225
3245
4079
3044
4080
2626
2626
4090
3258
4079
3214
3216
4086
3212
3212
3232
3217
3921
4092
3201
3198
3231
3945
3938
3209
3208
3251
3939
3940
3927
3200
3932
3442
3250
3243
3229
3240
3940
3244
3960
3958
3443
3443
3966
3955
3955
3946
3946
3516
3966
3444
3435
3967
3946
3955
3436
3958
3443
3445
3949
3960
3440
3948
3947
3959
3949
3521
3967
3443
3435
3968
3444
3443
3967
3967
3448
3434
3968
3956
3951
3967
3567
3956
3967
3434
3443
3950
3944
3950
3443
3435
3967
3443
3521
3451
3445
3436
3445
3826
3958
3442
3450
3447
3937
3944
3951
3231
3475
3959
3439
3964
3967
3521
3958
3964
3521
3967
3516
3562
3967
3962
3521
3825
3435
3826
3826
3509
3521
3451
3826
3949
3826
3956
3445
3261
3953
3958
3444
3967
3444
3967
3509
3440
3952
3959
3451
3826
3967
3927
3942
3946
3962
3826
3562
3562
3503
3509
3826
3503
3509
3509
3509
3562
3531
3509
3562
3531
3806
3509
3806
3443
3444
3444
3521
3516
3444
3967
3509
3825
3967
3503
3444
3825
3520
3825
3520
3825
3824
3791
3825
3520
3825
3825
3535
3460
3503
3503
3824
3503
3967
3521
3503
3824
3791
3791
3791
3824
3824
3502
3806
3816
3791
3791
3824
3550
3806
3791
3824
3806
3497
3497
3806
3554
3823
3825
3503
3562
3826
3967
3825
3521
3825
3825
3520
3521
3435
3435
3503
3520
3535
3967
3535
3460
3824
3520
3503
3460
3535
3520
3520
3503
3806
3502
3824
3503
3535
3967
3520
3825
3503
3502
3824
3478
3824
3568
3497
3550
3824
3554
3554
3824
3568
3554
3554
3806
3824
3806
3824
3497
3525
3478
3967
3825
3825
3503
3962
3825
3535
3825
3825
3520
3520
3967
3962
3520
3520
3475
3520
3520
3535
3824
3535
3535
3967
3535
3520
3520
3535
3824
3824
3535
3568
3824
3824
3535
3502
3824
3520
3824
3520
3824
3502
3520
3535
3520
3520
3962
3962
3960
3958
3431
3958
3958
3431
3958
3958
3431
3958
3958
3512
3476
3431
3431
3958
3957
3517
3433
3522
3517
3433
3517
3958
3958
3958
3957
3957
3957
3516
3516
3517
3451
3444
3967
3825
3967
3968
3968
3963
3967
3967
3444
3967
3444
3957
3966
3443
3443
3958
3445
3959
3959
3437
3966
3949
3952
3946
3946
3445
3448
3954
3448
3944
3951
3431
2540
2618
3293
3293
2582
2582
2528
3161
3047
3161
3854
3854
2701
3880
3852
3047
3044
3253
3157
3838
3840
3854
2701
3838
3224
3071
3071
3071
4110
3880
3159
3853
3006
3370
3379
3370
4021
3054
3840
3854
3071
3071
3071
3881
3866
3866
3379
3370
3379
3057
3379
3048
4852
3888
4273
4735
3892
4268
4267
4810
3889
4829
3141
4980
2708
3397
3057
3372
2741
3057
4935
3150
2978
3355
3875
3883
4020
4108
4972
2696
3234
3211
3218
4087
3210
3214
3214
3421
3419
3212
3219
3248
3219
3217
3257
3217
4092
3914
3428
3424
3425
3233
3924
3212
3202
3419
3203
3207
3933
3926
3283
3422
3931
3918
3244
3931
3930
3198
3928
3928
3932
3931
3929
3251
3229
3936
3209
3249
3198
3945
3943
3940
3229
3940
3205
3243
3940
3941
2720
4938
4923
2987
2992
4923
4889
4267
4852
3894
3895
3977
3983
4879
4949
4949
4070
3384
4054
3990
3046
3045
2753
4918
3362
3994
4823
4048
3895
4810
3892
2779
2765
4275
4008
4265
3194
2944
3331
3337
3381
4970
4931
4022
2976
2748
4966
4030
4975
4012
4822
4887
2955
2755
4002
4791
4831
4050
4051
3976
4075
3848
3856
4010
4058
2742
4055
4834
4063
4060
4057
4056
4013
4063
3331
2742
4833
2702
3378
3330
4070
4062
2702
3330
3330
3329
4971
4876
4076
4053
2938
3264
4081
4080
3220
3215
3257
3217
4089
3256
3215
3258
3257
3257
3248
4085
4083
4088
3219
4084
4084
4088
4079
4090
4062
4095
4063
2739
2739
2937
4830
2947
4262
3888
4268
4268
4268
2937
3983
4106
4929
3868
3197
3189
3907
3370
3379
3398
3158
3398
3398
4116
3281
2505
4281
3320
4122
4126
4890
3066
3065
3909
3009
2950
4130
4252
2778
4274
4253
4136
4279
3148
3191
4140
4141
4836
4776
4254
4255
4144
4147
4148
2801
4703
3028
4152
2894
3026
3027
2893
4738
4722
4842
3090
3090
2811
2811
3169
2812
2818
4165
2814
4711
4697
4168
2925
4698
2925
4813
4813
2893
2893
4154
4801
2803
3092
4779
3101
3094
2817
3138
2811
4183
2820
4191
2870
4198
3111
4188
4190
2900
4192
3038
4193
4195
3109
4196
4197
4199
4846
4208
2854
4191
3174
4205
2899
4207
2866
2852
4209
4847
4212
3106
4214
4215
4216
4217
4218
4234
4220
4188
4223
4224
2902
3114
4189
4227
2871
4229
4221
4222
4233
2869
3130
4761
4794
3125
2941
4243
4766
4767
4766
4243
4749
4245
2941
2940
3144
2904
4794
4808
4751
4752
4771
4256
4235
3166
4258
2969
2791
4995
4137
4265
4994
4893
4262
4272
4885
4885
3089
2947
4268
4279
2758
3314
4740
4278
4142
4146
2538
2559
2553
2547
2532
2586
4286
2554
2990
4808
4102
4268
4464
4304
3176
4465
4858
4858
4470
4302
4302
4303
4465
4294
4307
4854
4306
4859
4297
4309
4468
4313
4300
4491
4317
4304
4306
4305
4854
4420
4345
4410
4328
4332
4328
4364
4328
4327
4421
4443
4421
4381
4457
4345
4380
4393
4650
4457
4650
4649
4390
4457
4395
4407
4509
4395
4407
4656
4654
4574
4658
4659
4608
4364
4328
4437
4420
4364
4328
4421
4437
4331
4437
4421
4345
4644
4381
4644
4377
4437
4345
4447
4327
4457
4644
4437
4395
4650
4509
4642
4395
4644
4393
4406
4655
4509
4395
4395
4395
4608
4608
4656
4395
4509
4519
4458
4656
4407
4655
4608
4509
4610
4499
4520
4659
4659
4608
4395
4420
4658
4420
4328
4421
4421
4650
4457
4650
4421
4338
4390
4390
4395
4356
4395
4395
4663
4610
4610
4364
4437
4328
4420
4327
4447
4345
4650
4457
4644
4381
4421
4457
4649
4395
4455
4656
4407
4498
4608
4656
4499
4610
4658
4462
4462
4461
4472
4474
4859
4467
4858
4853
4469
2885
4472
4296
4464
4475
3121
2877
4317
4476
4461
4301
4484
4312
4309
4479
4481
4476
4480
4463
4477
4502
4503
4560
4560
4560
4615
4533
4524
4524
4524
4603
4603
4603
4616
4620
4563
4615
4615
4619
4627
4575
4502
4560
4553
4682
4627
4532
4683
4577
4528
4682
4534
4528
4682
4530
4601
4862
4601
4601
4601
4867
4601
4601
4601
4485
4541
4598
4484
4598
4484
4318
4675
4674
4870
4318
4546
4560
4560
4563
4682
4488
4589
4556
4589
4562
4572
4560
4587
4562
4563
4565
4566
4570
4569
4678
4570
4570
4571
4571
4528
4631
4531
4601
4601
4529
4541
4541
4596
4546
4546
4567
4567
4569
4481
4589
4486
4679
4478
4307
4318
4870
4318
4318
4311
4319
4312
4483
4616
4624
4616
4623
4627
4621
4627
4631
4531
4868
4868
4627
4623
4637
4587
4565
4538
4581
4869
4869
4866
4866
4869
4585
4544
4581
4541
4541
4544
4585
4541
4546
4546
4546
4543
4437
4641
4641
4327
4641
4563
4507
4648
4606
4615
4617
4608
4608
4615
4614
4575
4614
4611
4573
4525
4525
4573
4519
4617
4509
4617
4437
4509
4503
4502
4492
4672
4437
4640
4318
4319
4466
4319
4307
4478
4686
4487
4597
4314
4316
4315
3343
2762
4689
4691
2920
4692
4271
2773
2784
4712
3163
4713
4688
4742
2841
4728
3095
3096
4727
2829
4731
4718
4717
4269
4713
4702
3146
4739
4716
2796
4736
2806
4156
4722
4730
2907
4724
2914
4726
2841
4725
4724
4733
3891
4719
4244
2723
4157
3099
4731
2796
3315
4692
4690
4745
3140
4761
4245
4762
4748
4732
4871
4752
3014
4792
4808
3126
3147
4766
4766
4760
4762
4714
3125
3017
3143
2794
2891
4757
4894
4772
4774
2504
4790
4177
4777
3092
4780
2844
4781
2923
4473
4759
4786
2933
4242
4759
3984
4015
3978
4798
2809
4173
4166
2810
4166
2810
2810
4154
4167
4151
4151
4178
2838
4186
4806
4798
3017
4792
3888
3998
4813
2911
4814
2840
3172
2848
2848
3174
2862
4821
3986
4937
4066
3362
4066
2982
3888
4280
4831
4033
2949
3990
2949
2763
4253
4837
2804
4813
4801
4842
4801
3091
3091
3093
4844
3117
4820
3110
4783
4231
2940
2940
4280
2880
4294
4320
4294
4466
4858
4474
4312
4484
4484
4674
4593
4864
4678
4484
4567
4543
4856
2940
2962
3017
4979
4073
4938
4743
4007
2931
4979
2787
3132
3339
4710
4939
3369
4915
4886
3976
2768
4052
4949
4945
4891
2964
4715
4716
4895
2654
2665
2672
2668
2667
2667
2566
2667
2667
2667
2667
2667
3292
3293
3293
2566
3293
3392
3393
3370
3333
2926
2700
3379
3379
4970
3359
3401
3997
4073
3986
2721
4935
4935
3379
3008
4918
2961
4918
4036
2707
2980
3330
3336
3383
4068
3369
3369
3369
4068
4890
3902
3057
4947
4110
4947
4118
4022
2979
2978
4070
4030
4064
3862
4961
4046
4968
4969
4013
3385
3869
3905
2700
4943
4030
4977
4929
3160
3333
3379
3379
3057
3197
4942
4067
3379
3363
3397
3188
3894
4100
4983
4101
2788
4102
4987
4102
3898
3898
3898
2948
4104
4105
4106
1782
2789
4996
4144
1870
3087
2891
3177
1831
1940
3087
3013
2795
