120
49
1341
1341
124
76
15
1340
4
3
3
159
16
15
120
21
20
179
82
2426
133
54
1782
82
186
26
1782
50
23
56
2429
189
137
97
87
56
90
116
15
16
50
133
1782
87
120
21
54
50
2426
54
54
133
23
26
1782
1340
920
159
40
835
91
36
2524
1340
71
2524
48
47
2425
20
50
50
15
47
16
57
22
23
53
53
30
52
52
26
1782
1782
4276
26
26
1782
59
59
26
140
52
30
15
73
29
920
75
30
133
2624
1340
1340
123
124
1339
47
1782
88
148
71
124
120
47
47
130
93
124
186
2425
27
85
140
26
59
1782
53
85
2649
54
813
26
30
110
2427
8
2426
42
185
147
3355
94
76
1340
161
16
47
15
47
23
23
23
23
23
23
23
22
22
22
23
23
53
23
53
23
23
53
53
52
57
23
53
53
23
26
23
22
22
23
22
22
22
23
23
22
26
23
23
52
53
22
23
23
23
23
23
23
23
23
23
23
22
53
23
23
23
63
849
527
904
1549
812
585
508
575
1366
903
2458
508
2470
2444
719
719
582
582
2490
1398
4283
4100
63
880
877
2478
2452
1500
1524
1489
2448
38
119
1544
861
4089
1589
719
887
802
260
2450
583
751
1353
2303
1396
33
1508
487
37
144
144
271
134
1610
1612
1479
674
319
308
2503
318
713
475
2266
2206
2419
4989
2505
2275
2338
1518
1746
1744
330
320
286
545
472
599
3040
526
2416
1512
3201
3203
3203
3202
3055
3202
1393
1477
2409
673
485
2211
1633
1656
2309
1630
328
1635
2280
3149
3149
2302
1639
2350
607
1641
1643
1636
1644
1663
1642
2354
616
1653
694
620
2288
362
363
350
351
367
353
339
338
2322
1630
1631
2231
362
356
2293
624
2324
367
368
369
2287
347
373
374
446
627
371
2286
443
443
348
382
1694
383
1710
1701
629
628
1688
389
698
1705
635
1671
395
1672
429
1713
411
1714
412
400
1797
700
396
405
406
2291
408
409
1954
412
1954
4763
4759
4281
4281
1645
331
324
420
418
661
423
1689
1708
428
1709
1949
404
1719
687
360
434
341
2311
327
2202
2202
442
349
2327
424
446
447
384
448
450
1685
451
1696
1628
2485
889
889
887
4995
1750
4240
1743
2975
478
829
2649
4794
468
2292
1726
2265
2253
914
2297
144
1552
2502
1547
573
2298
1606
261
1530
1523
247
505
505
1734
603
1743
1741
668
668
357
651
552
552
3202
550
4794
144
1368
869
869
1497
712
680
2405
510
815
849
3027
144
2678
816
63
2655
765
36
765
85
4271
610
658
435
3352
3040
4269
460
879
580
2480
4794
4816
4764
3007
4230
2264
2385
552
3056
3056
3207
3184
552
3152
3184
3184
601
1649
1648
556
556
557
619
354
2197
563
1690
630
567
1707
430
1360
1351
572
782
767
781
575
1374
765
1357
803
572
1372
880
801
2469
1399
141
70
1522
1522
1346
1376
1493
228
841
2414
846
2262
472
466
2505
1349
4819
3046
4816
3201
1608
1483
3106
2350
3109
1657
1660
1662
334
2199
618
497
621
1642
343
616
1640
345
627
377
447
394
631
634
2358
1669
636
568
403
638
638
2313
410
1704
642
1961
406
2977
3006
468
468
3152
3152
830
2254
2207
668
463
281
622
355
341
625
422
315
2442
230
860
4798
1733
1733
2252
2232
2277
1723
291
1375
1589
1350
1353
517
1358
1358
789
519
2243
3184
656
2418
2308
327
2320
358
2325
693
696
697
1668
1791
4777
4759
3206
4777
4777
3206
3184
4759
3184
63
884
879
879
1358
680
1614
675
273
493
2271
1363
1358
1358
887
929
1409
933
740
806
737
1418
736
1425
1562
1562
923
775
740
739
748
1564
1569
787
748
1569
748
1566
748
787
776
789
752
914
575
752
919
782
1419
768
726
747
1564
747
747
750
915
751
919
933
740
739
1411
739
924
808
1566
781
762
926
797
735
754
745
794
746
915
750
787
750
1419
807
750
808
776
784
919
1568
760
4065
1586
801
803
1356
1361
709
255
787
1562
754
1400
26
23
1344
23
52
836
200
81
813
3993
23
22
23
23
32
37
36
99
3332
1614
26
26
26
22
57
23
23
23
1583
1755
1761
2230
234
1510
4979
85
85
10
85
852
920
103
515
1471
863
119
1551
604
39
249
2335
584
2461
1370
1537
581
1550
1590
1536
1536
869
869
1496
1376
887
887
869
869
879
1590
1590
1376
1591
869
904
680
719
907
1372
904
887
1589
879
887
678
1369
2341
1374
1550
678
2342
1517
1549
593
593
593
712
520
1549
1549
1372
1358
887
887
1591
1496
505
1376
913
749
915
484
1362
915
130
68
159
1569
1564
1576
1576
1575
737
1571
786
806
1562
1562
1577
1569
951
1334
1441
1457
953
1443
721
1445
954
730
1433
778
733
1450
1439
771
1422
1437
1419
1454
768
1250
1254
1258
1220
1250
1250
1258
1154
990
1229
990
1258
1220
1177
1258
1258
1250
1250
1312
1312
1220
990
990
1250
1250
1250
1154
1312
1177
1250
1258
1154
1220
1229
1312
1312
990
990
1154
1258
1202
1250
1258
1250
1250
967
1250
1250
1202
1250
1258
1250
1258
1250
990
1250
1258
1258
1250
1258
1258
1229
1258
1242
1258
1250
1202
1258
990
1258
990
1242
1202
990
1258
1258
1250
944
990
1031
970
1041
990
990
1250
1154
1154
1258
1258
1250
1250
1250
1258
1250
1250
1250
1250
1250
990
1202
1250
1250
1250
1250
1250
1202
1202
1202
1250
1258
1202
1258
990
1258
1056
1054
990
1220
1154
1154
1250
1250
1250
1250
1202
1258
1312
1258
1258
1220
1258
1250
1250
724
1312
1250
1250
1202
1202
1250
1202
1202
1202
1202
1202
1202
1202
1202
1202
1202
1202
1202
1202
1202
1202
1202
1202
1250
1202
1202
1202
1250
1250
1250
1250
1250
1250
1250
1250
1250
1250
1250
1250
1250
1250
1250
1250
1250
1250
1250
1250
1250
1250
1250
1250
1250
1250
1250
1250
1250
1250
1250
1250
1250
1250
1250
1250
1202
1202
1202
1250
1202
1202
1250
1250
1202
1202
1250
1202
1202
1202
1202
1202
1202
1250
1250
1250
1250
1250
1250
1250
1250
1250
1250
1250
1250
1250
1250
1258
1258
1250
1250
1250
1250
1250
1250
1250
1250
1250
1250
1250
1250
1250
1250
1250
1250
1250
1250
1250
1250
1250
1250
1250
1250
1250
1250
1250
1250
1250
1250
1250
1250
1250
1250
1250
1250
1250
1250
1250
1250
1250
1250
1250
1250
1250
1250
1250
1250
1250
1250
1250
1250
1250
1250
1250
1250
1250
1250
1250
1250
1250
1250
1250
1250
1250
1250
1250
1250
1250
1250
1250
1250
1250
1250
1250
1250
1250
1250
1250
1250
1250
1250
1250
1250
1250
1250
1250
1250
1250
1250
1250
1250
1250
1250
1250
1250
1250
1250
1154
1154
1154
1154
1154
1154
1154
1154
1154
1154
1154
1158
1154
1154
1154
1154
1154
1154
1158
1158
1158
1158
1158
1154
1158
1154
1158
1154
1158
1154
1158
1154
1158
1154
1154
1154
1154
1154
1154
1154
1154
1154
1154
1242
1250
1250
1250
1250
1250
1250
1250
1250
1250
1250
1250
1250
1250
1250
1250
1258
1258
1250
1250
1250
1154
1258
1242
1154
1220
990
1258
1250
1250
1258
1250
1250
1229
990
1229
990
1229
990
1258
1258
1258
990
990
1154
1154
1254
1257
15
15
3033
2429
26
26
26
26
227
259
477
519
752
571
1353
572
573
1363
1361
577
765
919
571
914
1352
583
1495
517
1373
1358
477
1346
681
1347
1347
259
1357
765
582
803
803
477
240
478
1499
244
1529
2283
2502
491
1531
457
1542
2475
3918
589
880
883
883
886
255
458
2446
4967
1563
744
1562
1577
924
1569
760
760
737
763
795
806
740
740
1577
775
739
806
743
1407
1576
741
1407
924
738
737
1417
775
1431
1431
807
736
735
734
1419
807
734
725
1409
933
1438
724
1429
1437
1440
733
1423
768
756
1438
756
944
947
778
1441
780
1041
756
948
1447
1463
1041
953
1074
144
812
63
2655
2758
63
2389
2473
1530
1521
2475
1402
1585
265
2389
1556
898
895
595
1516
1349
574
1363
1362
1376
1497
1544
2476
1518
594
482
2318
2498
1503
1382
1381
1389
469
918
1487
480
1539
1540
857
882
892
862
1519
1545
2482
1535
1559
2453
1521
1523
1543
1525
856
1532
1526
2478
270
1780
46
918
1350
2343
1536
1355
2410
2451
864
1537
1553
2184
859
2342
1494
885
865
604
1492
1549
584
865
897
2461
1471
33
38
117
164
808
808
747
1564
792
746
915
1564
747
767
784
747
915
762
1569
1539
1490
1489
2978
4024
4024
2500
2498
1789
4987
3997
3997
3997
4089
2763
4688
2484
2484
582
1373
1589
582
887
1589
1589
1589
256
2575
2645
3355
3341
2646
3986
2666
3091
2758
1611
2366
1767
2274
275
2339
2366
1737
1766
2276
2276
1616
2339
1626
2274
1775
1623
1747
1765
1580
1584
300
554
323
1632
332
333
2302
1635
329
2221
2821
3201
3202
2821
611
1653
2353
2310
299
615
301
544
1646
1632
600
417
2350
612
4807
4807
2304
2304
1664
613
1660
614
321
336
498
609
704
335
1686
391
388
1706
1706
385
1673
566
1676
1677
1711
1679
453
1680
1670
635
2357
393
1682
1674
2329
379
425
449
1692
380
380
1695
377
1697
565
1698
402
1700
2331
640
1681
1715
643
401
1702
397
644
1710
633
1678
633
641
1715
1716
1717
2396
2402
4229
2942
1769
464
2505
264
316
304
657
4794
495
4281
1618
1616
1617
2423
4992
530
2794
1746
650
551
3036
4912
1387
489
4990
2510
1383
2299
1528
2449
4104
592
2500
4085
2493
1506
666
1757
683
3318
292
1625
120
71
2654
4276
2624
2645
2575
120
2632
2942
4281
4085
2985
2985
2369
1800
1804
1793
1807
1795
1809
1976
1796
1801
1811
1957
1802
2083
1805
2171
2368
1804
2368
1967
2179
1966
2179
2181
2173
1969
2172
2170
2382
1814
1870
1879
1924
1814
1924
1849
1924
1924
1924
1924
1903
1903
1903
1814
1870
1870
1903
1903
1879
1870
1870
1928
1879
1873
1873
1902
1879
1879
1879
1939
1939
1939
1939
1814
1924
1921
1817
1814
1822
1849
1924
1817
1814
1817
1924
1903
1870
1870
1903
1870
1924
1903
1924
1924
1903
1903
1912
1870
1903
1873
1879
1870
1870
1870
1870
1870
1870
1870
1873
1870
1870
1879
1873
1935
1879
1873
1862
1879
1873
1879
1862
1870
1879
1939
1939
1939
1893
1939
1902
1879
1814
1886
1849
1924
1814
1924
1903
1903
1870
1924
1924
1873
1870
1879
1879
1886
1873
1879
1939
1902
1814
1849
1849
1814
1924
1924
1903
1903
1924
1903
1903
1924
1903
1870
1903
1873
1873
1879
1873
1873
1870
1939
1939
1798
1960
1945
1973
1790
1811
646
1952
1794
2291
1953
1813
1790
646
1958
1798
1965
1974
1962
2079
2078
1962
1966
2379
2029
2030
2060
2044
2077
1972
2181
1975
1905
1824
1833
1833
1862
1941
1937
1845
1939
1942
1942
2166
2135
1822
1823
2153
1896
2136
1823
1830
2140
1862
2144
1978
2167
2161
1833
1840
1940
2159
2153
1896
1895
2006
2160
2009
1985
1896
2065
2062
2019
2064
2066
2006
2014
2066
2022
2022
2019
2120
2125
2018
2090
2069
2381
2381
2075
2126
2132
2127
2167
2166
2138
1980
1985
2163
1977
1981
2038
2038
1988
2091
2040
2051
1991
1989
2093
2110
2128
2055
2053
2052
2046
2048
2153
2153
1997
2062
2062
2099
2064
2111
2113
2121
2120
2115
2127
2119
2045
2001
2000
2046
2050
2059
2374
2036
2056
2056
2029
2030
2027
2030
2020
2024
2135
1994
2140
2144
2144
2148
2151
2153
2153
2098
1999
2098
2094
1996
1994
1994
1991
2096
2097
2097
2097
2094
2095
2051
2092
2092
2107
2105
2101
2112
2113
2113
2119
2119
2113
2115
2120
2120
2120
1822
1817
1822
1822
1817
1823
1866
1870
1862
1862
1870
1817
1881
1894
1862
1861
1881
1935
2150
2150
2153
1939
1942
1939
1941
1873
1873
1873
1873
1876
1870
1817
1828
1821
1924
1905
2087
2036
2087
2089
2059
2057
1970
2011
2004
2077
2010
1966
2020
2177
719
2678
2979
2186
2187
2226
1486
2247
671
716
2208
2195
2210
369
370
441
2200
1754
555
2198
598
845
2266
2394
2391
2192
1629
1729
664
2421
2246
2237
2219
277
2238
2221
2200
2224
2225
523
368
360
2249
2223
2218
653
2278
843
456
328
1627
337
844
226
2244
2227
2454
2456
656
2401
269
2240
4759
2346
4281
4229
4229
4281
1605
466
2296
2296
596
1604
655
4794
2977
2942
1741
288
4281
4759
2256
1621
2204
2193
2205
1615
1620
1546
2284
1659
364
659
349
2289
4798
624
378
4244
2975
2345
1518
4230
4230
4230
2384
2472
3149
3150
4819
4803
4155
2306
4153
614
342
2312
2355
3167
3167
3167
4281
2505
4798
2349
1652
359
690
2323
695
375
387
1686
699
3018
1552
1538
1544
1491
478
1531
481
1525
1559
1363
1355
899
2257
1776
1624
1654
1654
3107
3046
3046
3109
3108
2285
2355
2312
1667
452
386
639
2361
2295
2365
2336
1950
1806
2084
1803
2370
2371
2090
2019
2022
2128
2128
2119
2374
2090
2115
2121
2084
4797
2977
4797
1597
2452
246
2386
2511
4280
4105
847
4269
2452
901
2403
537
2678
2462
1403
251
1471
2397
3350
4240
2508
2494
2509
50
53
54
23
23
23
23
23
23
23
23
23
52
52
52
52
53
510
877
877
2479
2487
582
582
909
1497
2450
858
884
886
579
1589
719
911
1520
255
255
1491
2461
884
1555
2403
2463
1549
3859
2397
880
458
879
720
888
1556
897
480
2453
2333
2334
2477
859
2459
898
2335
3090
1490
1552
590
902
903
880
508
854
855
2484
235
3997
4088
4088
3090
4024
4024
2985
4089
4066
4052
3908
1789
4912
3919
4988
2504
2501
4279
4279
1785
71
4277
71
1784
2586
2553
2591
1785
1785
2635
2635
2592
2617
2617
2588
2635
2635
2533
2680
2680
2568
2557
4279
2533
2568
2601
3337
2665
2571
2572
2651
2602
1785
1785
2630
2635
2624
2557
2650
2635
2635
2635
2541
4919
2533
2648
2648
2624
2569
2624
2618
2665
2622
3861
3333
2543
2605
2618
71
2531
1785
120
4279
4279
1785
4277
1785
4277
4279
2535
4921
2567
2533
4919
4922
4921
2569
2557
2624
4276
2557
2568
2557
2561
2571
2535
2625
4920
2513
4277
2564
2528
123
2563
123
2624
2624
3341
71
71
1785
1785
2538
2611
115
71
1785
1785
124
2539
71
2658
2658
2704
2598
133
2538
2573
2624
2562
2593
2610
2635
2603
2568
2561
110
4920
2555
2555
2622
2558
2674
2605
71
115
2677
4279
4279
4279
110
2533
2533
2562
2567
2567
2567
2567
2535
2535
2534
2567
2567
2567
2562
2532
2532
2532
2562
2563
2534
2534
4921
2535
2567
2567
2534
2534
2534
2534
2567
2534
2535
2534
2567
2567
2534
2532
4921
2532
2532
2567
2532
2535
2567
2567
2567
2567
2567
2567
2567
2567
2562
2567
2567
2567
3317
3026
4952
3410
3410
4942
4966
3405
3247
3894
3411
4945
3406
3912
3012
3390
3218
3218
2743
2759
4902
4900
3316
3082
4000
4061
3991
4040
4958
3414
2770
4782
4026
3362
3362
3218
3218
3218
3074
3895
3417
3289
3289
4963
2774
2611
4016
2762
2611
3860
3860
2559
2610
4845
4115
4865
2790
2786
4753
4018
4264
2796
4725
2798
3000
2999
4216
4238
4238
4012
4025
2806
3173
4784
2829
2799
3168
2998
4266
4705
3907
4092
4263
3054
3055
2824
3055
3203
3055
3991
4947
2828
2991
4128
2831
4134
3058
4132
4130
2836
2836
2837
4786
2980
3048
3101
2842
4138
3162
4142
4144
2847
2848
2849
4811
4855
4158
2852
2873
2871
2870
2856
2857
2858
3193
3193
2862
2848
2850
3188
4821
2868
4736
2870
3159
3124
3126
3191
2876
2876
4701
2854
4789
2952
2882
4733
2953
2879
2880
4792
2889
2952
2891
2891
4750
2950
3137
2884
3129
4187
4832
3133
2901
3136
4172
2894
4171
3199
4833
4167
4212
2918
2909
2911
4452
4452
4215
2914
2915
4793
2917
4458
2920
4461
2912
4452
4759
4777
4777
4763
3058
2927
4151
3059
3060
3062
2948
2932
2935
2895
4857
4862
3200
4871
4228
3102
4735
3029
2944
2850
3190
4707
2949
2951
2856
3127
4827
2874
2860
2957
4750
4180
2959
3130
4194
4704
3038
3381
3381
3381
4905
4247
4239
4239
4238
4913
2800
3104
4053
2765
3167
4232
4231
4224
2982
4120
4782
2550
2746
4261
4025
2744
2992
4109
4106
3905
4946
3363
4050
2941
4756
4901
3099
4898
2814
3156
3002
3005
3051
3004
3102
4794
3860
3884
4045
4045
3379
3397
3364
2742
2760
3019
3026
2549
2633
4950
3317
3316
2537
3262
2612
4057
4931
4225
4769
3158
2869
2537
2748
4916
4938
3382
3041
4971
4794
4763
4816
4230
4774
4775
2980
4241
4243
3052
3056
3052
3052
3184
3216
4695
4149
4129
4150
2931
3061
3062
3119
3065
2955
4702
2936
3069
4200
3071
2913
3250
3075
3305
4069
4082
3277
3275
3379
3218
3267
3876
3876
3893
3866
3082
3373
4090
3209
2537
4945
4030
3865
3885
3878
4245
4262
3347
4719
2941
3103
4216
2999
3025
3205
2925
3201
4816
3046
4110
2827
2842
2842
3114
3115
4159
2844
4158
3118
3063
4708
3127
3122
2864
4788
3117
3125
3128
2886
4175
2937
4196
4177
2962
4170
4214
3138
3145
4861
3142
4814
2910
2919
2908
3072
3141
4863
3102
4864
4230
3152
4242
3028
4698
4697
4713
2813
2813
3157
4812
3126
2835
4137
3996
4960
4841
3102
4770
4780
4718
3153
3171
3172
3389
3389
3254
3873
3085
3085
3892
3245
4897
2825
3184
3156
2814
2814
2813
4141
3188
4823
3192
2853
2853
4197
4185
2906
4834
4777
3053
3055
4777
4777
3184
3052
2942
4942
4057
3381
3381
3379
3893
3213
4115
3214
3169
3169
3212
3212
3212
3212
3218
3964
3221
3446
3948
3933
3939
3933
3946
3968
3454
3949
3955
3951
3938
3930
3273
3926
3227
3931
3236
3244
3923
3295
3238
3929
3227
4077
3256
4067
3238
4074
4068
3241
3238
3298
3305
3463
3970
3221
3435
3239
3276
3928
3429
3260
4069
3262
4082
3938
3921
3959
3954
3223
3938
3305
3922
3305
3432
3964
3230
3259
3305
4074
3936
3436
3226
3286
4080
3243
4071
3956
3970
3256
3438
3225
3920
3256
3227
3432
4065
3087
3381
3303
3282
3211
4045
3244
3921
3273
4947
2567
2567
2550
2567
4921
3864
4927
3326
4923
2567
2532
2567
2533
2533
2533
3860
2593
2550
2613
3331
2567
2567
2535
2534
2542
2535
2533
2535
4087
4260
3902
2789
4021
4893
4986
2599
2665
2565
2531
2528
2587
2515
1784
4943
3365
3984
3396
3175
2611
4032
4837
4055
3180
4043
3025
3368
3389
3389
3381
3381
4050
2769
3218
3218
4045
4095
3389
4045
4006
4055
3177
3177
3379
3218
3218
3218
3378
3378
3892
3084
3212
3218
3378
3378
3218
3218
3218
4045
4045
3175
3093
3893
4050
3869
3399
3400
3095
3401
3397
3379
3379
3397
3410
4060
3397
3397
3379
3218
3381
4055
4055
4006
3417
3423
3269
3430
3439
4069
3276
71
2581
3428
3239
3439
3940
3274
3234
3434
3933
3939
3231
3273
3931
3931
3545
3809
3809
3670
3681
3734
3980
3965
3841
3673
3451
3567
3520
3565
3657
3545
3691
3830
3975
3983
3457
3969
1250
1229
1220
1220
1258
1154
1250
1250
1154
990
990
990
1220
1258
1202
1202
1202
1206
1250
1220
1220
990
1250
1250
1154
1312
1258
1258
1258
1258
1229
1229
1312
1229
1312
1313
1154
1177
1258
1202
1202
1250
1250
1250
1202
1154
1202
1250
1202
1202
1250
1250
1202
1250
1229
1250
1250
1202
1250
1250
1250
1258
1202
967
1258
1202
1202
1202
1202
1258
1154
1034
1154
1202
990
1254
1258
1250
1056
1023
1329
1031
967
1056
3809
1202
1220
1126
1258
1250
1202
1202
1202
1258
1258
1202
1202
1250
1202
1202
1202
1250
1250
1202
1250
1202
990
1202
1202
1202
1202
1250
1202
1250
990
1258
3830
1126
1056
1258
1258
1250
1250
1202
1202
1202
1229
1312
1229
1258
1157
1250
1202
1206
3546
1202
1250
1206
1250
1202
1202
1202
1202
1202
1202
1202
1202
1202
1202
1202
1202
1202
1202
1202
1202
1202
1202
1202
1202
1202
1202
1202
1202
1202
1202
1202
1202
1202
1202
1202
1202
1202
1202
1202
1202
1202
1202
1202
1202
1202
1202
1202
1202
1202
1202
1202
1202
1202
1202
1202
1202
1202
1202
1202
1202
1202
1202
1202
1202
1202
1202
1202
1202
1202
1202
1202
1202
1202
1202
1202
1202
1202
1202
1202
1202
1202
1202
1202
1202
1202
1202
1202
1202
1202
1206
1202
1202
1202
1250
1250
1206
1206
1250
1206
1206
1206
1206
1206
1202
1202
1206
1206
1202
1202
1206
1206
1206
1206
1206
1202
1202
1202
1202
1206
1206
1202
1202
1202
1202
1202
1202
1202
1202
1206
1202
1206
1206
1202
1206
1202
1202
1206
1202
1202
1202
1206
1202
1202
1206
1250
1250
1206
1202
1206
1206
1250
1250
1250
1250
1250
1250
1250
1206
1206
1206
1206
1250
1206
1206
1206
1206
1250
1206
1206
1206
1206
1206
1206
1206
1206
1206
1206
1206
1206
1206
1206
1250
1250
1250
1250
1250
1250
1157
1154
1154
1154
1157
1154
1154
1154
1126
1157
1126
1126
1157
1157
1157
1157
1157
1157
1157
1157
1158
1158
1158
1157
1157
1158
1157
1154
1154
1158
1154
1157
1158
1157
1157
1157
1154
1158
1158
1158
1158
1157
1250
1250
1250
1250
1250
1250
1250
1250
1250
1250
1250
1250
1250
1250
1250
1258
1258
1250
1202
1154
1154
1154
1126
1126
1126
1154
1258
1210
1250
1258
1250
1258
1250
1250
1229
1258
1313
990
1229
1258
1250
1258
1258
1258
1220
1154
1177
1154
1258
1154
4279
3357
2534
2534
2568
2535
2535
3289
2772
3290
3264
3253
3250
3283
3872
3076
4069
4070
3079
3251
3249
3255
3305
3422
3880
3086
2990
2772
3212
3302
3419
3293
3254
3884
3176
3876
2745
3253
3212
3895
3887
3423
4841
2764
2754
3088
2804
4785
4961
4037
4028
4053
4036
4961
4970
3385
3083
3391
3393
2752
4969
4984
3934
3942
3231
3932
3923
3239
3942
3933
3926
3435
3284
3232
3306
3306
3224
3224
3943
3281
3259
3257
3274
3936
3224
3223
3950
3222
3948
3292
3446
3458
3966
3458
3963
3966
3446
3292
3454
3460
3446
3819
3440
3958
3485
3507
3981
3450
3849
3784
3828
3849
3485
3545
3478
943
1056
3681
3681
3753
3681
1447
943
3732
3827
3681
4942
2559
2760
3316
3026
2577
4949
4029
4962
4960
4962
3914
4084
3358
3360
3360
4058
4022
3878
3179
3297
3266
3875
4842
4050
4051
4031
4031
4037
4036
4260
3910
3901
3898
3899
4838
3424
3998
4083
4047
2987
3372
3414
3402
4049
4948
2987
3360
4949
4957
2766
4968
3398
4959
4964
4032
4958
4965
2765
3984
3879
3073
4023
4003
4843
3217
3998
4940
4044
4805
4837
4033
4800
4042
4843
3037
3081
3105
4001
3095
3178
3081
3105
4949
3984
2611
2559
2559
3240
3927
3428
3928
3294
3286
4079
3270
3924
3226
3435
3438
3920
3930
3270
3261
3242
3095
4965
3990
4048
4048
4024
3909
2767
2767
3362
2985
4785
3997
4048
4048
4907
4944
2752
3212
3219
3218
3381
3218
3381
3218
3218
3388
2586
2645
2645
2586
3341
4936
2576
2670
3014
3986
4113
4111
4114
4779
4014
4014
4118
4760
2802
4779
4917
4236
2803
4866
4866
4778
4125
4993
4865
4259
2804
4727
4744
4129
4147
4130
2812
3049
2839
2809
4726
4745
2822
2823
2821
4137
4140
2843
2808
4811
4161
4162
2811
3057
2929
4148
4696
3059
4699
3112
3114
4806
4132
4154
3107
4157
4158
4787
3116
4161
4143
4163
4164
3162
4832
2899
2901
4168
4204
4208
4208
4184
2898
3070
4208
4176
4176
2962
4813
4169
3136
2903
2902
3197
2896
4193
3068
4189
4190
3131
4191
2892
4858
2886
2936
2896
4859
4198
4198
4833
4201
3144
4815
2893
3143
2898
2939
2905
4209
4211
4210
3134
4213
4202
4202
4201
4706
4709
4710
4281
4229
2782
4108
3187
4216
4108
2820
4737
4737
4709
3104
3154
3154
4281
4281
4270
4119
2788
2423
4898
2971
2794
3166
2787
4242
3036
3036
2988
4013
4255
3903
4749
4009
4034
3092
2996
4035
4785
4785
2504
4257
3902
4743
3181
4126
4848
2575
2608
71
4276
2624
47
47
120
2614
4219
2646
4281
2985
4785
2985
4869
4285
4456
4287
4289
4481
4290
4291
4292
4284
4457
4295
4675
4299
4297
4306
4306
4300
4300
4473
4301
4683
4303
4296
4299
4286
4297
4431
4309
4363
4330
4314
4319
4350
4315
4405
4315
4427
4428
4351
4320
4363
4363
4409
4325
4362
4362
4416
4416
4427
4440
4434
4366
4330
4330
4330
4330
4330
4329
4333
4398
4442
4338
4319
4424
4405
4347
4315
4430
4315
4316
4350
4354
4349
4325
4363
4355
4414
4362
4374
4359
4403
4312
4316
4312
4363
4349
4349
4322
4372
4391
4329
4363
4410
4355
4436
4357
4377
4431
4357
4357
4329
4442
4338
4338
4442
4421
4398
4329
4415
4442
4329
4338
4377
4384
4333
4398
4338
4338
4338
4338
4425
4345
4311
4430
4315
4362
4351
4363
4364
4436
4362
4362
4412
4402
4411
4329
4366
4420
4330
4400
4334
4333
4424
4350
4344
4315
4316
4430
4320
4366
4319
4362
4363
4428
4431
4363
4379
4366
4433
4442
4385
4421
4329
4330
4338
4398
4442
4451
4293
4466
4464
4285
4455
4457
4870
4459
4481
4460
4454
4463
3147
2940
4451
4292
4467
4676
4479
4471
4680
4595
4595
4474
4676
4563
4477
4582
4469
4453
4480
4483
4485
4664
4387
4486
4665
4388
4448
4657
4656
4482
4493
4494
4482
4656
4504
4639
4500
4499
4643
4502
4648
4485
4507
4487
4511
4489
4489
4490
4656
4655
4498
4546
4512
4519
4568
4512
4519
4524
4522
4524
4520
4515
4570
4520
4573
4529
4579
4575
4579
4595
4522
4536
4538
4877
4538
4538
4578
4578
4543
4553
4493
4545
4510
4548
4509
4551
4552
4554
4553
4555
4556
4555
4596
4558
4559
4628
4878
4562
4875
4581
4564
4566
4603
4504
4604
4604
4569
4607
4605
4624
4572
4626
4632
4631
4631
4633
4878
4620
4583
4506
4584
4565
4563
4588
4876
4538
4539
4538
4591
4592
4872
4534
4521
4557
4597
4501
4598
4502
4601
4504
4503
4603
4602
4603
4602
4603
4602
4618
4599
4612
4569
4607
4615
4610
4617
4612
4559
4617
4621
4622
4614
4623
4624
4623
4621
4620
4631
4631
4633
4633
4627
4627
4350
4634
4634
4637
4352
4377
4634
4377
4642
4645
4650
4643
4393
4377
4377
4393
4393
4648
4648
4504
4396
4657
4398
4388
4421
4421
4421
4667
4665
4670
4346
4359
4669
4670
4347
4879
4674
4593
4475
4673
4883
4586
4520
4547
4678
4521
4681
4682
4478
3218
2613
3361
4689
4751
2958
2877
4941
4712
4694
4696
2795
4699
4700
2877
2861
4703
4717
4742
2963
4703
4734
4723
3092
4781
4715
3164
2810
2830
4781
4258
4722
3996
4249
3170
2809
4728
4728
4136
3122
4735
2882
4733
4734
2943
3122
4729
4227
3028
3096
4019
4974
4135
4145
4226
4253
4019
2883
2878
4956
3915
4028
4780
3155
3155
3110
4757
4847
4847
4281
4763
3007
4107
4223
3185
3187
4221
4221
4718
4794
4864
4794
4217
3154
4281
4112
4236
4237
3182
3153
4050
4846
3906
4025
3215
2946
2945
2880
2855
2917
2800
2961
2887
3000
2801
3990
2983
4032
4768
4884
4886
4230
4051
4801
3149
4801
3046
3046
4156
3114
3114
2850
3135
4814
3142
4772
3167
2942
3103
4027
4141
2865
4824
3001
4826
4829
2954
2896
3198
4182
3359
3366
4055
4844
4842
3362
4037
4940
4032
3358
3268
3870
4117
4124
4840
4010
4849
4141
2821
3107
3106
4851
2822
4854
4856
3135
2960
2953
4861
3199
3185
4119
4841
4287
4295
4870
4298
4672
4867
4871
4872
4575
4528
4878
4875
4624
4878
4595
4626
4633
4627
4879
3102
4794
4794
2744
4973
3365
4939
4955
4909
3405
4911
4267
4950
2760
4056
4060
3916
4949
4063
4714
2765
4937
3348
4898
3156
4693
4890
4237
4279
4279
2562
2533
2533
2569
2567
2567
2567
2567
2567
2567
2567
4921
2534
4921
2566
2534
3012
3405
3378
3912
4971
3212
3366
4045
4061
4000
3386
3082
3082
4094
4956
3374
3105
4001
3365
3178
4056
4056
3397
3397
4895
3385
2752
4687
4687
4058
4049
2751
3413
4835
4051
2987
4059
4951
4937
4895
4027
3012
3364
3410
3411
3410
3405
3404
4970
3915
2804
4088
3909
3408
4024
3362
3362
4048
4048
4086
4048
4039
2817
4912
4985
4268
840
4099
1893
1862
1902
