2571
2583
3337
4903
4907
3349
3367
3349
2696
4911
2719
2592
3352
3352
2590
4898
2645
2554
2562
2589
2610
2663
2663
2661
2699
70
102
2612
2642
1650
967
66
61
3383
966
116
2715
2752
2546
2563
4294
67
102
2565
2564
2559
2641
2679
2613
2588
2658
2610
2611
4294
3363
3380
2555
2650
102
98
47
2668
2733
4907
2632
4899
2596
2626
2622
3365
2714
2598
2752
2549
2664
3857
2614
2679
2601
2653
114
44
1
135
99
2662
1342
2582
9
119
2666
8
140
2601
2681
2718
2591
2567
3337
2617
2647
40
2720
2624
2733
3367
2729
4899
67
150
16
122
2594
96
4907
2596
3337
2718
16
2715
2730
2714
2696
866
2595
69
71
3
71
38
20
2615
138
4896
967
2652
2562
13
2664
2719
2741
3382
47
2687
98
4907
4907
3363
2743
2704
2681
2620
2748
67
47
2643
2693
3859
3857
2662
2642
2642
2643
3857
3857
3857
2693
4895
2615
2615
2615
2649
2607
2607
2615
2642
2642
2548
2642
2549
2607
3383
2607
2607
2552
2549
2549
2649
2643
2550
2607
2607
2649
2643
2607
2643
2549
2615
2642
3857
3857
2662
2662
2662
2643
2643
2549
2649
2607
3052
4945
4968
4866
4869
451
2468
2468
2530
536
537
2860
4950
2770
4933
4975
2783
2778
1651
4991
2783
1434
1434
3917
3120
4000
4129
3122
3120
4131
4675
920
2196
2460
4992
1508
320
446
836
218
447
1573
2306
1429
2483
1573
814
814
814
1638
597
1638
1433
1433
1573
97
2483
2483
447
446
1574
1574
1503
1508
2395
2542
122
500
877
55
4695
876
3062
3196
2303
1801
2868
4677
3129
4141
4827
4686
2272
4864
4708
4189
4146
4264
1764
2408
1500
481
3134
3085
4725
4726
3148
4187
4748
4135
4141
4286
3143
4730
4737
4733
4933
3922
3215
4184
4182
4182
4183
3375
2849
526
4924
2842
4190
4193
4171
2882
4173
2876
4727
2873
4192
4162
4830
4162
4167
2892
3153
4711
3149
4688
2954
2866
2957
3150
4682
2905
2904
4713
3225
3158
4712
3149
3189
4803
2894
3186
2904
4715
2972
2955
4806
2886
2886
2906
2906
4713
2888
4808
2977
4683
4671
4673
2910
2974
2973
3165
3226
2958
4732
2926
4210
4216
4216
4217
4838
2932
2932
4837
2921
4229
4205
2942
4226
4239
4842
2931
3167
4224
3172
4224
2933
3233
3233
2856
4769
3188
3156
3027
2883
3225
2975
2923
2926
4195
3168
2825
4780
3081
2898
2897
2972
4806
4770
2901
2973
4673
3092
4807
4808
2913
2916
2919
4671
4214
2968
2221
4885
4885
2991
3068
1436
1436
4737
4737
3908
4724
4138
4759
4748
4151
4146
4146
4263
1425
500
3232
2838
2839
4707
1578
1529
1649
2243
1530
2986
1552
4159
4676
2538
310
2256
2488
2487
2487
2468
836
816
447
2483
3201
4766
4765
4826
4765
2955
4163
4164
2951
4175
3080
3080
2483
2483
597
597
1433
1433
1651
4129
2606
3379
97
1649
2606
1573
138
1433
2600
4763
4277
2966
2764
3908
3908
3908
2606
4271
4141
4827
473
3371
1654
1654
4737
4737
3918
3918
4115
4733
4933
4933
4263
2856
4834
2855
2854
4191
2838
2872
3078
4785
4798
4303
4754
4792
2880
3155
3157
2902
3152
2883
2975
2907
3159
4221
3163
3170
2483
814
320
320
216
602
1577
214
1508
1508
2468
2468
2480
473
2509
836
601
601
601
447
1574
2418
227
1654
3930
601
2464
4871
534
2852
4975
4734
4735
2851
2781
4976
815
2444
206
206
2460
1431
2519
4892
2994
4287
4747
4748
4768
4151
4151
2515
3144
4833
4833
4833
3131
3214
4831
4802
2953
3087
4709
2866
3187
4770
3091
3186
4718
2971
3088
3089
3150
3093
3094
4219
2959
3228
4200
4220
4209
4836
4812
4225
4225
3097
4228
2934
2941
4842
3029
3029
3028
499
464
4720
4135
4136
4139
4136
3058
4716
3090
2902
4177
4161
2775
4881
525
1423
4144
4263
2870
2840
2862
2841
2832
3135
1433
1434
2196
253
1637
1574
1574
1574
2520
2418
227
206
206
473
1433
208
4285
4249
4721
4741
4745
2820
2820
4765
2896
2895
4804
2903
3224
2890
2976
2911
4222
4210
4226
3139
2857
4834
4789
4832
3076
3076
4254
1819
1436
206
206
2418
227
227
2279
1779
3134
2870
1429
206
206
227
1435
1477
984
993
1467
742
742
795
1483
1477
1473
742
750
975
1451
747
779
1466
1625
978
1615
781
756
483
320
1554
779
1503
1508
320
1573
603
750
1463
984
781
972
783
518
1615
1578
1390
1578
990
1626
1477
1466
1624
812
210
1503
779
1477
992
984
603
776
1390
974
1615
320
836
1483
1508
975
977
1503
1348
973
973
4996
4883
2391
1437
2445
2509
208
836
836
447
447
836
836
814
814
3060
2509
206
483
1465
210
3857
2662
2662
1648
3857
2664
2670
878
1650
4284
4141
4292
2615
2642
3858
2614
4127
103
122
3177
1772
3857
3857
2643
147
2549
3859
3859
220
2531
4977
4028
4703
3374
3142
4243
4244
4143
4862
2553
2686
2561
2685
2743
57
1496
949
2478
884
2196
946
582
2510
875
230
2461
2510
1829
1433
208
1434
208
1434
1434
1429
2460
448
206
206
206
1434
1433
1429
2483
1433
2483
1429
2483
1429
1435
227
1435
2418
473
473
4132
2510
2480
227
2418
2418
1435
2418
1436
2509
2509
208
511
473
1435
2461
920
1427
1829
211
510
2461
223
4967
1653
473
473
4967
473
473
2509
2483
1429
1429
2483
2483
533
830
1431
483
483
1430
1365
781
2741
4912
972
810
1625
1466
796
747
752
800
800
1465
1441
1059
1006
1050
980
991
1492
980
979
1004
989
980
1490
1490
991
991
979
980
992
1042
987
1279
1285
1092
1078
1292
1080
1087
1080
1188
1071
1109
1024
1087
1326
1024
1073
1092
1047
1047
1080
1080
1006
1071
1071
1106
1071
1073
1073
1080
1078
1109
1106
1160
1078
1073
1111
1024
1158
1024
1024
1132
1078
1024
1047
1080
1024
1071
1172
1024
1080
1285
1087
1095
1172
1285
1073
1334
1005
1018
1080
1044
1172
1279
1188
1073
1071
1111
1111
1285
1111
1111
1111
1080
1071
1071
1153
1073
1160
1080
1172
1172
1071
1285
1071
1188
1080
1073
1285
1042
1039
1292
1078
1071
1111
1106
1111
1080
1279
1172
1173
1489
1160
1109
1111
1172
1172
1172
1172
1172
1172
1172
1172
1160
1160
1172
1172
1172
1172
1172
1172
1172
1172
1111
1111
1111
1111
1172
1111
1160
1111
1172
1160
1160
1071
1160
1160
1109
1172
1160
1160
1172
1172
1160
1111
1160
1160
1172
1172
1160
1160
1160
1160
1160
1172
1111
1172
1160
1172
1172
1172
1172
1172
1172
1160
1172
1160
1172
1172
1172
1160
1172
1172
1172
1172
1172
1172
1172
1172
1172
1172
1172
1160
1111
1111
1160
1111
1160
1160
1160
1160
1111
1160
1160
1078
1024
1160
1160
1111
1109
1172
1160
1160
1160
1172
1172
1160
1160
1160
1160
1160
1172
1160
1160
1160
1160
1172
1160
1160
1172
1172
1160
1172
1172
1172
1172
1172
1172
1172
1172
1160
1160
1172
1172
1172
1172
1172
1172
1160
1158
1160
1160
1109
1153
1153
1160
1153
1153
1173
1146
1078
1153
1153
1217
1153
1185
1160
1172
1160
1173
1078
1160
1109
1153
1160
1172
1160
1172
1172
1172
1172
1160
1172
1160
1160
1160
1160
1172
1172
1046
1160
1153
1109
1150
1158
1153
1285
1292
1024
1064
1292
1292
1292
1292
1292
1292
1292
1292
1292
1283
1292
1292
1292
1292
1292
1292
1283
1285
1064
1071
1092
1071
1292
1071
1047
1109
1108
1109
1073
1024
1073
1073
1073
1073
1078
1024
1078
1073
1024
1045
1071
1092
1092
1292
1285
1279
1285
1073
1188
1188
1080
1087
1073
1073
1073
1080
1047
1292
1092
2704
2781
2663
2652
2550
601
2445
447
2464
2464
597
2482
210
216
216
1574
216
214
2459
836
836
447
446
446
446
1434
1430
320
320
2486
1574
1573
1573
1574
1574
830
830
830
448
2520
2445
2464
2464
2445
595
830
830
2445
2445
206
1637
830
1573
830
206
601
2445
2445
2509
208
2464
2464
1433
447
596
2858
2257
1413
2395
4992
3191
4692
525
2395
675
1423
2257
2258
1422
3192
4734
3910
3057
1506
2254
2523
4974
4889
3928
3930
4133
3930
3930
1437
4875
4875
2779
3336
3336
4052
3918
3319
747
1458
977
1455
1460
747
746
1445
974
800
1462
1456
1468
776
1469
1463
742
750
788
750
1471
1463
806
1492
986
984
985
1477
1483
984
992
1478
984
1480
979
979
979
991
1484
1490
979
1490
1484
1490
1059
1050
1050
1004
1042
991
1338
1050
991
991
991
1649
2606
3379
2477
2543
2258
2258
1500
4274
4724
4724
2521
1421
3997
4736
4933
3192
4735
940
1497
513
1427
2515
2481
2482
1429
2459
921
2460
2460
2483
1429
830
1430
1574
216
216
210
210
1503
1500
1503
1422
1422
2258
2257
2221
2422
4993
3214
3372
4137
2849
2813
2540
4272
1802
1636
884
924
946
2448
223
1605
534
4133
534
2464
601
2445
447
447
447
1573
836
830
1573
1573
1574
1574
830
1401
2493
738
1644
1600
2406
3060
1657
536
218
2468
2468
836
320
1508
210
320
216
2514
1551
1607
274
2461
1428
2441
223
2461
2442
884
950
2448
2448
1428
207
2479
889
2448
2461
4967
2530
231
231
600
4130
1652
32
874
876
2392
2392
1615
781
781
803
210
1625
756
1446
745
756
1448
1626
1447
810
2518
1608
1418
1412
1426
1530
2507
4865
4115
4916
597
597
2464
2509
208
2509
208
597
1433
2625
2743
2561
2987
3044
3044
3319
3353
2762
2762
3914
3918
3918
3197
3377
4269
3219
4981
2527
2535
4877
4994
528
2420
424
679
1796
285
1541
3136
1788
2227
2421
2397
674
675
2879
3148
2893
2882
4171
3190
4174
2878
4791
4830
2864
4790
2867
4699
2984
4709
3153
3146
3156
3147
2881
2867
4802
2874
3144
3144
3086
2952
4180
2984
4711
3086
4177
4790
2953
4810
3228
2918
2924
4777
4218
4211
4221
4838
2983
2959
3095
3161
2919
4811
2916
4222
4213
4732
4672
2913
4773
4773
2920
2979
3094
3160
3094
3227
4795
2926
4225
4202
2929
4206
3162
2926
4235
4205
4194
2960
4202
4199
4215
2925
4139
4136
3080
3082
4679
3245
4151
3245
4264
4691
4249
4728
3012
3012
3080
2825
3005
3005
2948
4990
4291
872
615
2820
4139
4826
4140
2820
3177
2844
4152
2202
2848
4887
3130
4256
4887
4244
3064
4723
1411
1410
4275
3143
2775
1423
3370
2395
2770
1410
1410
1411
846
4980
4269
4268
4723
4288
3142
2829
4244
4743
529
532
2566
844
3862
47
149
100
2572
4900
2597
842
3080
3234
1800
3230
2939
3230
2936
4312
2945
2944
3175
2938
4307
4307
4468
2938
4471
4313
4464
4464
4315
2938
4306
4599
4501
4598
4599
4600
4607
4603
4608
4606
4600
4597
4606
4599
4594
4600
4600
4594
4598
4598
4598
4599
4597
4597
4597
4598
4598
4598
4564
4508
4597
4517
4607
4608
4594
4606
4608
4608
4600
4606
4600
4595
4598
4600
4598
4606
4606
4594
4606
4598
4594
4607
4601
4605
4600
4600
4605
4599
4600
4598
4595
4597
4597
4600
4599
4563
4597
4597
4518
4598
4597
4598
4597
4597
4517
4514
4518
4597
4597
4518
4600
4598
4597
4603
4600
4603
4598
4595
4598
4598
4598
4597
4599
4596
4599
4599
4517
4597
4591
4607
4600
4606
4600
4600
4597
4605
4595
4600
4599
4598
4598
4564
4597
4518
4605
4598
4597
4518
4597
4774
4774
4846
4239
2938
2962
2937
4223
3173
2946
3169
3230
2939
4846
2943
4461
4308
4846
4850
4470
4459
4468
4848
4462
4462
4322
4310
4846
4861
4617
4617
4617
4614
4522
4519
4523
4523
4523
4861
4612
4618
4610
4518
4518
4609
4609
4607
4602
4554
4602
4521
4526
4520
4520
4525
4522
4664
4523
4525
4525
4481
4482
4667
4481
4316
4458
4475
4587
4481
4483
4660
4458
4327
4318
4318
4847
4847
4847
4318
4318
4318
4849
4620
4570
4623
4587
4520
4531
4587
4570
4527
4570
4530
4623
4621
4530
4537
4582
4582
4584
4534
4532
4585
4523
4523
4555
4482
4579
4475
4581
4660
4660
4660
4849
4660
4660
4537
4851
4533
4533
4584
4326
4318
4318
4460
4847
4459
4470
4618
4618
4611
4554
4618
4554
4664
4554
4554
4482
4554
4854
4555
4860
4574
4622
4574
4557
4854
4557
4854
4573
4572
4858
4556
4557
4557
4579
4660
4662
4581
4858
4660
4660
4581
4660
4660
4611
4607
4609
4601
4602
4601
4607
4608
4601
4601
4597
4607
4607
4597
4601
4601
4543
4543
4523
4518
4519
4564
4567
4613
4606
4567
4606
4617
4608
4614
4612
4460
4468
4315
4306
4848
4322
4321
4483
4483
4311
4309
1638
1435
842
2908
2908
4729
4729
4729
4287
2875
2875
4751
4243
2880
2884
2907
2899
2893
4248
4243
2900
2884
4751
3056
4717
4189
4747
4747
4279
4287
4172
3154
2862
2829
4704
4244
3142
2770
4722
4243
4173
4166
2878
2892
2899
2888
2885
2886
4771
2826
2967
3004
3905
2831
3216
4721
4243
4701
4697
4190
2878
4249
3056
4723
4893
4706
2887
2915
2850
4702
4696
4870
3998
4780
4765
4780
4719
3181
4254
2828
2398
3080
3232
4700
3245
3245
3081
3028
4693
3012
3012
3080
3080
3005
3005
4766
2948
3233
2847
667
3200
3056
2824
2459
1429
4738
3085
481
4179
3088
3151
4689
4714
4714
4232
2971
4672
4264
4146
3198
2407
603
4169
2855
3029
4169
216
1428
2873
3144
3144
3220
4831
4684
2978
4201
2855
2855
2855
1410
3081
253
2483
4803
4804
3189
4805
2956
3224
2957
4809
2922
4208
4812
923
2390
920
2461
204
2243
1426
1425
2394
1644
481
2460
2517
2461
4262
4261
286
1411
3222
3222
4791
4791
4831
4681
3087
4220
3229
4214
4233
2932
3081
4264
2423
1422
1804
3098
4466
4306
2962
4459
4847
4459
4657
4660
4581
4318
4660
4858
4460
873
3080
3081
3081
3320
1649
4285
2814
2859
4276
4933
4933
3371
2814
4759
4270
4733
4737
4733
4139
4136
4126
4255
2780
2859
4724
4724
2860
2406
4737
4736
3192
2813
2817
121
2771
4139
2820
4152
4244
4270
4244
1814
4897
2556
2614
2653
2699
2615
2643
2662
2615
2662
2662
2642
2607
2607
2649
2664
4131
4975
3916
3320
4933
4933
4915
4131
447
1433
2483
4974
3916
1829
1433
1829
1654
1654
3929
2464
2464
4869
4869
4869
253
253
4882
2391
2464
206
196
4999
875
1649
1649
4132
4115
4966
3928
2779
3930
4133
1437
206
227
4882
874
830
2483
945
4133
217
601
2446
601
447
601
446
836
836
1574
1573
814
1574
1574
1574
1574
2310
1577
885
2196
2196
207
2768
4114
4946
830
2483
1639
4945
4983
2779
4983
4865
4734
3910
3369
3369
2246
4138
4149
4284
3369
480
4142
3927
4052
297
884
4743
4152
4024
4283
4760
1794
4280
3911
3908
2630
2630
2635
2570
2682
2570
3863
2570
2574
2577
2577
2569
2674
2648
2630
2656
2605
2576
137
129
2429
60
109
24
177
30
4297
108
1346
143
43
110
1343
31
30
845
2569
2674
137
101
76
170
188
2648
2676
82
2656
41
41
54
1823
53
52
49
3344
2721
2587
141
141
35
77
2636
3366
2632
2632
2627
2639
2655
2675
2633
2639
2572
2631
36
36
127
127
128
4296
109
86
53
852
20
46
177
1346
2431
87
179
179
31
169
77
171
60
123
2580
2577
3861
2671
3861
20
40
2570
2673
2632
2682
2633
174
171
170
22
2648
93
2636
2628
3861
2728
2637
2672
2721
2721
112
2657
2729
2
167
849
201
94
45
123
59
4297
143
90
137
13
87
2578
2605
2689
78
2688
139
2682
2721
3366
2684
2671
2672
2684
2569
47
91
127
127
127
124
124
124
91
42
124
127
128
91
92
36
91
92
60
152
26
91
109
124
91
124
109
36
124
124
124
124
124
124
109
109
124
109
91
91
124
124
127
127
127
127
123
123
91
91
3045
4879
4971
2809
3445
2837
3009
1630
3900
2346
4117
1634
4109
3421
3995
3194
4020
1632
4019
4117
3421
4117
3368
4055
3996
3194
3994
4971
2757
2816
3996
1538
3356
296
1511
2338
1634
4989
472
1634
3432
4050
4050
2802
4117
4963
3867
3894
460
1542
855
1665
1672
276
2819
1782
519
282
2274
680
2245
331
322
3368
4293
4760
680
2272
2359
331
299
4147
2822
2284
1502
409
329
410
1687
1712
2359
628
1715
1690
1784
2283
4293
4829
4022
3906
3995
3921
4914
1706
1706
2313
2313
1677
1678
2766
283
336
630
626
626
626
2327
328
1710
2293
1712
1690
2358
4168
326
409
341
428
2317
427
636
353
2212
411
2239
432
426
346
346
367
559
351
428
427
556
709
328
639
360
524
2239
2211
357
672
634
436
365
425
368
640
561
2199
2252
2236
433
2296
373
641
641
645
417
2253
2301
1717
438
1719
443
1745
385
1753
1722
2319
387
1758
392
650
421
1756
395
654
1760
393
2365
652
1749
3233
3231
3231
2948
1704
626
709
708
2330
710
430
415
416
561
417
2335
1748
391
734
734
634
634
2235
2241
430
430
2331
374
434
2209
559
561
1746
382
442
1743
2252
2200
711
1537
4819
4767
2798
3412
3323
3921
3921
3016
3907
4293
4154
4147
2821
2821
4264
2830
2511
519
3180
3180
3030
2288
683
3869
276
2348
479
4052
2806
301
2268
269
2323
460
460
4989
4032
856
857
2821
556
304
1698
1687
1687
4263
4263
4263
4821
4049
4072
4060
4072
4080
4944
4944
4943
4913
3992
2756
3045
2198
2819
2760
2816
3033
3900
276
3867
2604
2351
1679
2294
2823
3912
3911
3914
4023
4150
4760
4081
4786
3412
3921
3921
3921
4947
3995
3915
3915
3083
3141
3140
2857
2857
2855
3030
4169
333
2311
2311
333
542
2276
2276
1691
1692
1704
2328
2329
2329
712
351
364
416
416
2333
371
2334
2362
2366
3306
3110
3039
3277
3866
4009
3310
3113
3439
2799
2799
2799
3396
3249
3206
3425
4786
4989
2837
4112
4016
4021
4020
4845
2758
4880
4819
460
3425
1582
3394
2353
1782
4154
2424
1789
1789
4147
4088
621
621
4833
4834
2265
2346
1683
2314
1689
339
444
639
2332
2216
361
670
635
2241
631
357
2237
2237
2334
716
389
389
1732
1728
1731
717
380
1721
1720
1729
2365
1750
1757
3030
3030
2855
464
1776
2308
1675
1669
4761
345
2295
359
430
712
1700
1631
2526
296
678
4263
1790
1668
1675
476
680
4049
3412
4962
3440
4118
3425
3449
3893
3434
4820
1783
471
2264
4894
327
411
414
557
632
352
366
1744
564
420
2322
543
3138
724
543
2267
2267
3083
3988
4963
4963
4963
4080
3391
423
304
304
329
497
4824
4080
3449
2799
4668
4050
3412
3259
3301
3971
3953
3259
3251
3302
3303
3490
3976
3261
3944
3963
3946
3472
3949
3952
3267
3940
4095
3942
3272
3334
3937
3293
4095
3272
3266
3297
3310
3275
4105
3876
3313
3258
3258
3301
3971
3460
3943
4106
3466
3315
3462
4098
3316
3268
3938
3957
3959
3283
3964
3278
3931
3310
3935
3976
3259
3258
3956
3274
3251
3276
3470
3315
4102
3315
3257
3956
3865
3933
4103
3287
3466
3469
3935
4109
3000
3000
4060
4060
4032
3407
3887
4112
4963
4060
4060
3472
3308
4109
124
91
1820
152
1820
143
143
143
4150
4150
91
91
91
127
2816
2819
110
514
2279
2389
83
124
109
26
127
127
2251
2228
1811
2371
2353
1810
471
4257
3863
3339
2579
2579
2573
2728
4878
4879
3050
4878
240
4092
4062
110
1582
3424
3001
4062
4072
4888
4032
4049
4963
4032
4032
4072
4072
4050
4049
4050
4072
4963
4032
4963
4072
4080
3425
4080
2799
2799
2799
3421
3421
3439
2799
2799
2799
3425
4049
3323
4117
4963
4963
4072
4951
4085
4032
4005
4919
2411
4076
4986
4941
4941
4080
3444
4080
3444
3448
4879
4943
3424
3444
3424
4080
4049
4032
4032
4032
4963
4049
4049
3208
3299
4100
3457
3872
4093
2577
2573
3334
3314
3474
3955
3263
3948
3952
3255
3470
3471
3949
3472
3986
3983
3977
3977
3486
3591
3981
3488
3956
3476
3983
3481
3476
3976
3982
3986
3986
3986
3482
3965
3253
3985
3972
3854
3819
3554
3819
3543
3563
3555
3854
3853
3554
3543
3843
3521
3854
3589
3571
3511
3571
3854
3854
3563
3477
3589
3552
3553
3791
3546
3554
3834
3566
3819
3550
3549
3549
3549
3546
3540
3549
3510
3533
3540
3819
3510
3543
3549
3541
3541
3545
3550
3554
3791
3819
3586
3550
3819
3555
3604
3853
3550
3562
3589
3563
3977
3558
3545
3589
3512
3854
3511
3554
3549
3554
3571
3819
3549
3855
3563
3791
3546
3549
3791
3855
3533
3791
3791
3791
3554
3819
3554
3545
3520
3978
3477
3562
3854
3554
3533
3549
3554
3791
3589
3589
3571
3791
3533
3253
3558
3533
3855
3813
3791
3813
3813
3813
3791
3499
3813
3804
3813
3796
3791
3791
3791
3789
3789
3813
3813
3796
3813
3549
3554
3551
3840
3554
3549
3791
3840
3791
3549
3791
3549
3521
3791
3791
3697
3497
3789
3789
3791
3497
3791
3791
3791
3796
3789
3497
3789
3791
3791
3796
3597
3796
3796
3578
3813
3796
3799
3821
3789
3796
3796
3813
3821
3567
3811
3796
3597
3696
3813
3743
3574
3567
3549
3521
3549
3604
3521
3855
3521
3549
3549
3497
3791
3549
3546
3819
3497
3497
3549
3546
3497
3855
3573
3573
3697
3497
3500
3500
3855
3573
3573
3573
3497
3573
3789
3573
3597
3521
3573
3821
3791
3821
3597
3580
3813
3821
3715
3821
3821
3743
3597
3573
3697
3715
3821
3743
3821
3821
3549
3497
3549
3791
3500
3549
3573
3497
3549
3533
3528
3528
3855
3533
3573
3528
3573
3533
3855
3573
3855
3855
3512
3573
3534
3573
3528
3573
3573
3573
3823
3573
3573
3573
3821
3534
3573
3573
3573
3521
3538
3573
3605
3789
3573
3573
3823
3540
3549
3855
3533
3855
3571
3552
3571
3571
3571
3571
3571
3571
3571
3571
3554
3571
3571
3552
3571
3571
3552
3571
3571
3554
3571
3571
3571
3571
3571
3571
3554
3571
3550
3586
3533
3855
3503
3843
3510
3510
3843
3847
3543
3843
3510
3555
3555
3554
3571
3552
3571
3571
3854
3571
3552
3854
3555
3555
3854
3854
3502
3834
3853
3853
3854
3854
2672
2674
2672
2672
2674
36
124
124
1346
36
3426
3137
3882
3137
3893
4008
3110
3324
3100
3870
3876
3125
3114
3127
3289
3875
3273
3291
4119
2796
4934
3387
3435
3429
4934
3425
4007
3411
3425
3435
3438
2799
3432
3902
2796
4030
1807
2354
1808
2811
4110
2290
2343
1533
2323
678
4021
3906
4305
4022
1531
1408
4918
2988
4936
4059
3010
4060
3010
4767
3010
3331
4053
4053
3994
3921
3994
3948
3261
3472
3260
3942
3296
3302
3952
3952
3255
3938
3260
3472
3946
3261
3956
3251
3259
3311
3946
3251
3261
3259
3959
3251
3957
3970
3301
3301
3953
3956
3487
3483
3301
3956
3493
3487
3965
3301
3488
3985
3490
3481
3976
3986
3976
3985
3481
3979
3591
3490
3983
3977
3488
3477
3967
3977
3986
3562
3476
3477
3853
3486
3356
1495
2816
3238
3051
3238
1416
2345
1630
3906
3907
2985
1416
4111
4020
3915
3915
1502
240
3993
4051
4939
3394
4066
4066
3886
4050
4072
4113
1511
2345
678
2323
2370
1415
478
2251
477
4987
477
4155
1678
4067
3126
1593
2533
4986
4061
3010
4112
4112
4112
4112
1634
4989
1634
2536
2533
1499
1495
4109
4112
1634
1634
1634
2291
1571
234
1499
1611
3011
4074
4107
4061
4032
4076
4964
4076
1571
4986
4035
2788
461
1629
4108
4076
3390
4965
4884
3989
4061
4942
3001
4873
1611
270
246
3284
4095
3937
3300
3317
3939
3284
3936
3317
3941
3318
3931
3941
3937
3943
4813
2492
1593
523
1533
1531
2305
4036
4015
4017
4017
3412
2799
2799
3323
4049
4049
4050
3412
4049
3412
2625
3343
2602
4973
3121
4053
3353
2762
3994
3914
3914
3914
2273
1660
466
1663
271
2250
2240
2219
2225
2275
314
287
275
282
2285
2213
870
1797
212
676
342
355
708
2327
2327
1690
626
626
2360
637
1684
1685
325
1699
340
1711
341
335
334
1690
1704
708
1692
2328
343
412
1683
627
2315
626
2208
409
330
353
1713
354
409
409
1682
418
383
1740
644
1727
1734
1734
386
716
643
1739
378
1742
564
642
1737
1738
441
377
417
1746
1735
441
1741
2201
381
1739
563
392
1718
419
565
387
2361
384
1748
2336
1731
1722
1725
390
648
2318
565
1669
3232
1670
1780
2822
4147
4147
2281
1670
1669
3080
734
2821
3232
1768
703
2206
2835
2835
2835
490
2308
4140
2240
1544
4987
4828
1818
2371
625
1415
1680
2836
2526
4030
1537
2290
1803
1805
272
867
1818
1818
1817
4155
4257
1545
869
2568
2632
3367
47
87
50
2668
2599
3366
3232
2948
1414
1755
396
397
403
1987
400
657
398
396
656
1986
397
397
397
1983
1982
1982
718
1991
1986
2137
2100
2046
2079
2098
2379
2077
2080
2080
2379
2080
2098
2384
2098
2077
2098
2148
2102
2384
2384
2385
2048
2188
2149
2139
2104
2149
2110
2146
2048
2110
2379
2379
2382
2080
2079
2145
2379
2080
2379
2379
2097
2384
2079
2079
2079
2077
2098
2079
2137
2080
2079
2139
2079
2054
2144
2061
2079
2384
2061
2384
2095
2079
2149
2149
2079
2193
2095
2057
2057
2139
2141
2149
2095
2048
2190
2110
2146
2048
2046
2110
2145
2048
2098
2379
2381
2381
2102
2384
2379
2083
2137
2104
2144
2137
2188
2139
2048
2048
2098
2379
2136
2078
2079
2079
2144
2104
2104
2077
2379
2102
2384
2148
2149
2095
2188
2054
2146
2148
2191
2109
2188
2146
1762
1832
398
397
405
403
402
657
651
1762
1747
398
718
1749
399
718
1832
1832
1983
1837
1837
2375
2372
1981
1987
399
2386
2386
2184
2386
2185
1998
2376
1845
2376
2382
2386
2386
2382
2376
2109
2059
2382
2382
2382
1996
1851
2184
2185
1850
1850
1845
1845
1998
1844
1833
1845
1846
1848
1844
1978
1836
1833
1988
1835
1836
1978
1978
1990
1978
1990
1978
1990
1977
1977
1839
1976
2386
1843
2374
1840
1850
1980
2372
1852
1843
2374
1852
2386
2374
1831
1831
1976
1839
1831
1831
1852
1845
2192
1845
1845
1846
1977
2004
1978
1990
1990
1990
1976
1841
1980
1980
2375
2375
1979
1839
1977
1977
1991
1837
1837
1977
1842
2382
2382
2386
2382
2382
1998
2376
1841
1841
1842
1842
1842
1842
1842
1848
1976
1841
2374
1841
1849
1841
1841
1976
1978
1977
1976
1976
1977
1990
1976
1977
1976
2079
2382
2379
2379
2079
2079
2079
2079
2079
2079
2061
2141
2095
2079
2095
2095
2190
2109
2110
2376
2110
1998
2056
2057
2106
2079
2382
2382
2105
2079
2386
2079
422
1991
1979
1989
1979
1988
1834
1833
1834
1988
4050
4049
854
715
372
4265
3368
300
1714
1714
1676
1692
714
2332
363
355
494
1676
711
713
1783
4979
1674
2424
4818
2534
1716
638
1662
2534
4110
1810
1678
685
2289
629
342
429
345
640
714
344
344
639
2282
1633
467
1677
1817
1633
342
2293
2300
1783
1631
1817
435
4111
3009
4818
3009
4281
4305
734
4894
2352
1666
4254
1774
3217
3082
2268
2830
4147
2822
1658
295
3083
4263
3244
4147
2947
2242
2217
2282
1666
684
2232
2232
1511
329
635
2238
358
432
370
655
2822
358
379
2822
2830
2508
1584
1511
2854
2855
2856
2291
4168
4168
4834
4834
2356
1683
340
2235
1741
1730
3231
2856
3082
2856
1406
1635
328
413
671
431
633
2215
2210
2253
1744
1724
2489
4072
4032
4061
1805
1419
224
2536
880
4816
4071
4075
2244
2263
318
478
2327
2327
627
2314
2315
338
388
1723
2200
2210
380
1753
4263
2830
1535
1793
1986
406
656
649
1837
1978
1978
1976
1978
1977
1989
1837
1976
1976
1767
4263
3030
3999
3920
3001
4820
4158
3913
3915
3915
4265
4258
4944
4157
3920
3995
4761
4761
2784
4153
4878
2784
4943
4880
4944
4030
4273
4282
3906
462
3915
3906
3906
3906
4987
2197
4955
4152
4146
4157
4155
2261
2674
1822
128
83
25
124
123
91
91
91
91
91
109
109
92
92
2759
3042
3421
3000
4845
3000
3915
4020
2765
4019
4117
4113
4113
3000
1512
4091
3389
4117
4060
4113
3000
4845
4767
2798
2798
4060
4060
461
4669
4940
4878
2784
4941
4943
3055
3444
4947
3925
3202
4059
4015
3010
3389
4963
3000
4111
2412
1635
3010
4112
4112
4112
4112
1634
1634
1634
2536
2536
1597
2533
1612
4955
4055
3922
1635
2533
4928
4944
3421
2988
4117
4957
4944
3043
4918
4036
1630
4845
4845
3369
2246
4150
4292
4145
4150
4150
4150
2305
613
4828
1548
4844
2823
3014
4145
4148
3015
3193
3907
3912
4597
