2490
2554
4888
3325
4888
2549
4888
2549
4900
2669
2628
4900
2519
2519
2490
2490
2571
2518
4885
2482
2477
2623
2478
2515
2477
2624
2467
2482
2543
2569
2569
2473
2567
2508
2474
2467
4887
3325
2554
2520
2583
3340
2467
2484
2490
2490
2554
2566
2482
2482
2483
2515
2515
2514
2549
2486
2479
2593
2467
2597
9
4897
4888
4888
2523
2490
2484
2490
2490
2519
3325
2523
3325
2608
2466
4884
2516
2566
2541
2477
2539
2514
4289
3825
3825
4884
2476
2509
2567
2591
2508
2614
2614
2466
2561
3325
2662
2646
2523
2606
2510
2583
2630
2674
4888
4888
2633
2484
7
2620
7
105
2520
11
4888
2484
4888
3325
7
4887
2556
3325
2551
3432
2510
123
3826
2626
2578
2578
2583
2608
11
2490
3432
2546
4885
2578
2542
2628
2630
2478
10
2644
2597
4888
4888
2549
2549
4887
2561
2523
4887
847
9
2608
2509
2509
2509
2509
2543
2543
2608
4884
2509
2509
2509
2509
2606
2608
2509
2542
2540
2540
2509
2543
2608
2608
2543
2608
2608
2508
2540
2608
2540
2608
2608
2608
2608
2608
2608
2540
2542
2608
2608
2608
2608
2509
2608
2509
2509
2509
2509
2509
2608
2608
2608
2608
2608
2594
3902
4934
4904
4701
1399
586
2344
4124
2464
2347
4878
4940
4680
2683
2683
4724
2692
3004
2779
4277
2353
1603
4978
4922
3274
2693
3311
4922
3004
4268
231
892
2447
4867
2414
806
2344
2381
2355
2380
2397
2258
2410
1409
1604
450
1535
806
472
531
472
1604
1604
1408
4119
1409
1409
222
2344
1536
800
327
1477
680
317
844
153
2619
2536
4690
1777
2779
3142
3081
317
2762
4681
2744
4131
4138
3162
2896
4751
2762
2773
4261
4261
491
2343
225
590
2776
2776
2775
2798
4182
4179
4741
4745
4131
4276
4003
4272
4728
4728
2683
4971
4683
4174
4784
2802
4784
4703
4697
525
2702
2763
2807
3137
2805
3166
2791
2774
2799
4159
4184
2883
2795
2793
4707
2810
4722
4156
4699
4148
2885
4169
3027
4688
2828
2827
4709
3133
3169
2900
2808
4689
3024
4799
2814
3100
4709
2828
4691
3025
4800
4764
2829
4692
4692
2897
2997
4802
3028
4692
4685
4714
2819
2818
2996
4834
3171
3029
2839
2852
2889
4677
4677
2904
4770
4833
3174
4193
3107
4201
4790
3116
3174
4806
4225
3034
4228
4192
3112
4224
4792
4793
3179
2786
4186
3095
3095
3168
2832
4801
4802
4803
4835
3173
3174
4774
4774
4262
2898
4715
3096
3168
4769
3135
2996
4714
3028
2833
4802
2842
2818
2903
2823
2835
3101
1390
4864
3898
3898
4876
4122
4122
4728
4729
3976
4729
4131
4735
4741
2755
4261
2755
4262
1476
813
3018
2772
2772
4718
1539
478
2602
1758
247
3062
2419
2764
3143
3161
317
2215
1398
586
586
2381
2381
1398
2380
1603
3194
3194
4141
4130
4133
3024
2803
2777
4166
2776
3015
4262
1409
1409
531
2439
2439
1604
3004
3066
2481
2603
4119
2536
2481
2397
1777
2439
2527
4757
4679
3099
2740
3976
3976
3976
2486
4265
4131
4138
4968
3329
4122
4122
4728
4728
3976
3976
4109
4728
2683
2683
3019
2782
4826
2782
2783
2959
2771
3078
3010
4779
3006
1781
4291
4180
4789
2813
3102
3168
2900
3103
4801
3098
2906
3172
2856
4231
1603
1535
1536
806
1536
788
1539
2421
806
2414
2414
2381
4968
4968
472
2397
222
222
222
222
1536
2458
2458
3911
3911
238
2380
2692
4992
3898
4978
3893
3893
3898
3311
4978
1398
318
2458
1617
2447
2411
239
4696
3130
4277
4241
4741
3194
2754
4261
2387
4158
4826
4828
4178
4693
2779
2795
4788
3023
4684
4721
4169
2811
2900
2902
2809
4708
4171
4171
4691
4688
2822
4686
2843
3030
2890
4215
4676
2845
3109
4225
4194
2891
3033
4190
3117
4230
4220
2962
2962
3013
3005
4838
3127
2943
4127
4133
4821
2824
4708
4171
2825
2882
3022
2703
4679
2999
2999
4821
4262
2758
2942
2773
2757
4695
2953
1603
2353
892
902
2387
1536
1408
1536
472
2458
1617
2458
1617
4968
1603
2408
4265
4240
4240
4733
1741
2754
2754
4133
4150
2796
2797
2826
3167
3026
2821
3029
2841
4208
2855
3086
2786
3083
3085
3083
1781
4793
1741
2536
4122
1617
1410
2458
2458
2458
601
305
2930
4762
2409
1410
1410
2458
2458
966
1463
1030
1453
967
959
1457
984
1018
1452
954
966
1427
1444
772
778
964
738
1417
783
735
1412
1539
1477
1354
784
1477
1477
800
800
589
965
954
1030
778
1419
1336
1337
781
770
1337
1539
965
733
966
1449
738
735
788
327
784
1018
966
1458
589
1447
676
950
739
1536
450
1460
2414
725
1434
327
1336
1430
1419
2780
4701
1617
1617
1617
2408
2353
450
450
2380
2380
450
2381
1535
806
4876
1410
1410
765
1452
1539
4884
2543
2509
3338
4884
2542
2472
2623
2541
4275
4275
4134
2608
2608
2516
2516
3337
3338
132
4743
1738
2509
2509
2608
2508
2608
2509
2509
596
2759
2759
4266
4696
2760
3088
4733
4128
4839
4839
2480
2613
2661
2674
2549
157
133
848
702
1543
892
2446
2446
4968
1776
1619
231
2440
3335
2439
2353
1603
2353
2353
2353
2410
2447
530
2458
2458
1410
1603
2439
1603
1603
1603
2410
1603
1603
2410
2458
2458
2458
2458
3004
3004
2998
4968
4968
2458
2458
2458
2458
2458
4122
1410
531
2353
4125
4968
2458
231
231
2440
1776
240
221
2446
2446
2700
4911
3004
4968
2781
4968
2458
472
1603
2410
2447
1409
1409
581
2411
1512
1539
770
1405
575
226
2669
2633
720
776
738
964
1451
748
1445
769
1437
1452
1431
1066
1272
1066
1326
1311
1025
1314
1320
973
1063
1314
1026
1026
1311
1024
1025
973
984
1311
984
1080
1087
1087
1138
1087
996
1080
1040
1040
1090
1152
1145
981
1099
1087
1141
1087
1017
1040
1048
1099
1272
1090
1090
1152
1152
1149
1141
1048
1138
1152
1144
1152
1144
1149
1144
1145
1152
1138
1145
1145
1144
1087
1040
1040
1087
1152
1152
1138
1040
1087
1080
1085
1152
1085
1141
1272
1272
1272
1048
1310
1152
1080
1106
1141
1087
1144
1152
1087
1152
1152
1152
1099
1144
1152
1152
1145
1152
1048
1152
1152
1152
1085
1087
1141
1040
1085
1085
1048
1040
1087
1152
1152
1152
1144
1152
996
1085
1152
1152
1460
1152
1152
1152
1152
1152
1152
1152
1152
1152
1152
1152
1152
1152
1152
1152
1152
1152
1152
1152
1152
1152
1152
1152
1152
1152
1152
1152
1152
1152
1152
1152
1152
1152
1152
1152
1152
1152
1152
1152
1152
1152
1152
1144
1152
1152
1152
1152
1152
1152
1152
1152
1152
1152
1144
1152
1152
1152
1152
1152
1152
1152
1152
1152
1152
1152
1152
1152
1152
1152
1152
1152
1152
1152
1152
1152
1152
1152
1152
1152
1152
1152
1152
1152
1152
1152
1152
1152
1152
1152
1152
1152
1152
1144
1138
1152
1152
1152
1152
1152
1152
1152
1152
1152
1152
1152
1152
1152
1152
1152
1152
1152
1152
1152
1152
1152
1152
1152
1152
1152
1152
1152
1152
1152
1152
1152
1152
1152
1152
1152
1152
1152
1152
1152
1152
1152
1152
1152
1152
1152
1152
1152
1152
1152
1152
1152
1152
1152
1152
1152
1152
1152
1152
1152
1152
1152
1152
1152
1152
1138
1152
1152
1152
1152
1152
1152
1152
1152
1152
1152
1152
1152
1152
1152
1152
1152
1152
1152
1144
1152
1152
1152
1152
1152
1152
1087
1087
1087
1090
1087
981
1085
1087
1087
1087
1087
1087
1087
1087
1087
1087
1087
1087
1087
1087
1090
1087
1087
1087
1087
1087
1087
1087
1085
1152
1144
1152
1145
1145
1141
1141
1145
1141
1144
1152
1152
1149
1087
1106
1087
1098
1098
1087
1085
1080
1087
1085
1040
1082
1099
981
1082
1085
1141
1040
1040
1087
1087
4887
3969
2541
2543
2543
222
238
2341
1410
2341
2353
2450
788
788
1537
1535
1536
1537
1403
2381
2381
222
222
2344
2344
2409
234
806
806
713
1535
2397
450
1535
1535
800
2411
2411
530
472
1617
2341
2380
1410
1410
2411
2411
1617
238
1410
1402
1408
1408
1408
1410
238
238
238
531
2408
2341
2341
2439
2380
800
4267
2215
1759
1390
4867
4702
3138
2999
1390
1393
2462
2215
657
1474
4272
3893
3893
3089
1475
2215
1390
4977
4874
3911
3911
3912
3912
3912
1617
4876
4904
4904
2916
2916
2916
3978
3274
1436
1437
1434
747
1436
1430
959
722
722
769
780
1440
972
1447
1459
954
968
965
1450
966
968
954
1452
1025
1078
954
1062
966
1465
1030
1018
966
1030
1465
1025
1320
990
1058
1026
1026
1025
1058
1024
1170
1066
1314
1314
1066
1048
1074
1311
1066
1311
1312
1311
2536
2481
2528
1571
4270
224
2216
225
3894
4729
4720
2451
1399
4864
3893
2683
3893
3893
2438
842
212
1619
239
239
2449
2447
1404
896
228
231
1409
2447
1409
2411
1536
788
1536
327
327
327
327
1477
2216
2216
657
2215
2189
2343
2779
4697
3074
4132
4697
4129
4980
4277
2168
1402
1543
1567
509
2378
2446
2404
1621
3912
1621
2341
238
238
2397
222
222
2397
2397
1408
1604
1408
1408
800
1408
584
800
2411
792
863
515
3899
4992
2464
2355
2414
2414
450
806
2414
788
788
788
593
2257
859
498
231
233
587
2378
2378
2378
2435
2448
509
509
233
2346
2352
2443
2346
231
4911
2440
4123
212
212
4123
2994
1776
526
157
469
282
784
765
226
739
743
738
776
1412
1576
1420
951
738
1590
776
1469
2405
1475
2190
1401
477
1532
4967
4109
2702
2439
531
1410
1410
2408
472
2353
2353
2439
2658
2549
2646
3910
2678
3411
3274
2965
2789
2789
3974
2789
2789
4747
3131
3077
4730
4881
4882
4279
2778
4257
2453
2925
429
4263
1767
1767
841
4244
4989
455
597
2184
2168
1393
3094
4162
4163
4161
2804
4184
4164
4165
4178
4177
2883
4175
2794
4147
4699
4155
4722
4185
4186
4180
4831
2794
4150
3092
4829
4160
4167
4172
4170
4148
2792
4167
2882
4153
3022
4217
4205
2848
4211
2844
4213
4217
2853
4770
2914
2890
4675
4209
2903
4805
2838
2841
4687
4710
2834
2842
2837
2905
4710
4712
2823
2906
4686
2907
4199
4804
4187
2859
2910
4212
4206
4804
4197
3110
4193
3032
3106
4204
2847
4187
4821
4127
4262
3018
4723
4261
4261
4261
3013
4723
4734
4719
2943
2943
3015
4774
2754
2754
2880
3332
4865
2345
650
4130
4133
4130
4130
4130
4743
3078
4135
2185
4697
4266
2742
4139
4266
4129
2759
3330
2215
1759
4867
4003
4724
2999
4265
2462
2703
1758
1758
2189
4980
4881
4278
4266
2760
3331
3088
2750
4128
4140
4987
1502
2652
90
2523
9
2610
2583
2523
2523
2484
69
3018
3180
1394
2862
2862
2861
2867
2876
4232
4222
3175
2861
4837
3175
2870
2870
2870
2876
2873
4456
4296
2870
4846
4607
4600
4600
4601
4601
4600
4602
4601
4613
4601
4599
4613
4601
4600
4601
4600
4600
4599
4600
4600
4607
4599
4599
4599
4599
4600
4600
4607
4593
4599
4599
4608
4601
4602
4599
4612
4612
4601
4601
4601
4600
4601
4601
4601
4601
4613
4600
4601
4600
4600
4602
4602
4607
4600
4601
4607
4600
4600
4600
4600
4599
4599
4600
4607
4598
4599
4599
4607
4599
4599
4600
4599
4599
4599
4597
4516
4599
4599
4607
4600
4600
4599
4602
4601
4602
4600
4600
4601
4601
4600
4599
4601
4598
4600
4599
4599
4599
4498
4609
4600
4613
4601
4600
4607
4613
4600
4601
4607
4599
4600
4607
4599
4607
4607
4600
4599
4599
4599
2871
3115
4767
4235
2861
2892
4218
4223
4233
2865
4235
2862
2862
3122
4836
3122
4457
2872
4463
2878
2894
2894
4304
4845
4845
4843
4456
2872
4570
4617
4617
4617
4567
4516
4516
4520
4520
4520
4619
4619
4855
4609
4520
4520
4609
4609
4602
4603
4603
4603
4567
4528
4848
4528
4522
4520
4520
4520
4528
4522
4528
4670
4670
4670
4303
4303
4306
4528
4670
4857
4308
4846
4307
4307
4307
4841
4841
4841
4307
4307
4841
4307
4570
4570
4571
4585
4530
4585
4472
4526
4531
4533
4533
4570
4555
4533
4582
4659
4317
4662
4662
4662
4317
4855
4520
4555
4671
4664
4857
4857
4844
4307
4307
4307
4307
4307
4659
4842
4662
4319
4317
4318
4305
4841
4841
4846
2894
4457
4855
4855
4574
4574
4855
4609
4520
4574
4855
4555
4574
4555
4553
4555
4574
4555
4852
4664
4555
4664
4555
4555
4534
4659
4555
4659
4664
4659
4659
4659
4659
4659
4307
4307
4659
4307
4307
4574
4602
4609
4602
4603
4602
4602
4599
4602
4600
4599
4600
4600
4599
4602
4599
4599
4599
4516
4599
4516
4607
4516
4607
4599
4566
4599
4617
4612
4614
4855
4846
4846
4295
4846
4304
4842
4847
4314
4843
4456
4843
472
2458
69
2816
4765
4267
4724
4276
4276
2773
4162
4245
4733
4163
2831
3098
3134
2811
4245
4733
3101
4764
4745
4245
4724
2791
4241
4241
4702
3330
4830
4183
2790
3074
2788
3075
3088
4268
3162
4733
4705
4706
2807
4183
3100
2829
2830
3134
4764
4268
2810
2995
4679
4717
3162
4240
4240
4725
4725
2807
4165
4734
4733
4725
4680
2760
2830
2815
4694
3138
3138
4694
2780
4774
4821
4127
4734
4734
1741
2920
527
3018
3180
4756
4261
4261
3013
3013
4757
2790
2942
3015
3015
2754
4760
4760
2221
2881
3129
1748
3146
2995
3146
1403
2447
4246
3195
590
3021
4148
4688
3096
4713
4713
4196
2915
2839
3013
2761
4746
516
230
2783
2960
2959
2960
788
233
4157
4828
4158
3090
3090
2915
4726
2909
2961
2961
2782
2204
3013
452
1409
4798
2796
2884
3167
3136
2901
2887
2888
2908
4805
2855
2342
1618
231
231
241
1393
1401
590
2168
668
247
2447
2445
231
3165
4257
4279
2189
4825
4825
4829
4178
4786
4698
4172
3031
2852
2835
3033
4833
3013
3013
2463
2204
2453
3113
2870
4846
4227
2870
4846
2894
4307
4307
4659
4305
4307
4659
4846
4990
3015
4262
3014
4940
2602
3329
2744
3089
4272
2683
2683
3329
2744
4735
4267
4728
4728
4728
4821
4127
3335
4254
3067
2788
4720
4720
4878
1470
4729
2683
4729
4129
2744
526
2702
4138
2754
4135
4129
4267
4132
316
4886
2516
2516
2477
4884
2608
2608
2509
2509
2509
2509
2608
2540
2541
2466
2542
4934
4978
4978
2702
2683
4922
4922
3004
2380
2439
1409
4874
4978
2526
1604
3335
3912
3912
3911
2341
2380
4701
4701
4701
452
452
4701
1617
2341
1410
1776
896
1614
2526
2602
2998
4109
4878
4878
3911
4904
3912
1617
1617
1617
4701
526
2411
1409
509
3912
1617
238
2347
2344
222
2344
2344
450
2381
1535
450
450
1536
1536
1536
1536
1541
1537
2435
892
892
2346
4904
4977
4108
2411
2411
864
3902
4934
4878
4934
4967
4701
4272
4275
4134
232
4131
4134
4275
4275
1400
4134
3910
2916
308
2298
4822
2755
4005
4275
4754
2178
3894
3894
3976
2573
2573
2488
2488
2556
2488
2488
2488
2609
2599
2559
2555
2522
2573
2573
2558
2558
2595
2601
1775
109
4285
1774
47
109
193
2522
1775
109
148
1773
2580
817
96
1334
83
2523
2555
2557
4286
20
204
162
4286
4286
1775
2560
1775
47
47
47
109
47
19
2657
2556
2563
1773
118
1335
9
2556
2556
2523
4888
2487
2511
2579
2511
2522
2579
2523
2523
48
1774
110
110
2524
4285
1774
1775
19
20
135
51
57
109
2364
45
2369
169
96
143
2
165
4285
2601
2491
2491
2523
94
2523
135
2583
2488
2523
2523
2488
2487
20
162
2
1335
4286
2372
2556
2487
2523
2556
2579
2555
2556
2556
2564
2595
2633
127
143
169
12
164
1770
2601
71
2524
148
92
2601
43
161
2667
4285
2500
2372
2492
107
2488
2556
2556
2522
2511
2555
2522
2523
127
110
110
110
110
110
93
93
48
48
110
110
110
48
48
48
48
94
4285
94
48
139
1774
110
110
48
48
1774
48
48
48
139
48
48
1774
48
48
48
48
139
139
110
110
110
110
110
94
2601
48
139
3186
3186
2978
2946
3409
3998
4269
4099
3050
2320
3288
4105
4105
2724
3977
4000
4000
4102
2945
3288
2724
3365
4002
3068
4000
3975
2684
4975
2986
2531
3975
4988
4076
1639
1600
2256
4985
2935
2245
4985
3374
2952
2952
3153
3288
4816
3836
3843
262
1753
4283
1627
1629
2581
2990
1743
71
466
660
661
2191
295
294
4002
4840
4256
598
2340
337
295
310
3319
2761
2217
2296
546
546
314
339
312
2311
1671
323
325
1745
2238
4840
3895
3895
3900
3900
3901
4903
2263
2265
602
603
2303
835
4040
329
1674
655
609
609
2310
608
608
2246
1673
1674
1650
4828
4826
1670
1660
343
349
348
347
1659
2210
1642
1644
2176
652
365
652
367
369
364
687
2271
619
1662
608
608
620
433
618
2176
2179
549
420
617
687
2181
2200
353
352
422
359
2201
2180
439
354
2249
623
623
627
442
2175
382
424
1702
1694
448
1698
1709
425
626
1692
1693
1723
399
400
425
1688
1685
1716
1724
1715
635
1722
1713
2881
3179
3180
3179
341
1652
608
1665
1666
608
364
364
435
2284
442
1680
392
398
708
298
369
622
345
449
2280
2280
363
352
355
616
654
370
2316
379
1707
1707
2199
373
614
1499
4814
2770
4814
2967
3374
3974
3974
3900
3139
4815
4143
3192
3193
3193
4262
3126
1479
117
3015
3177
3015
1622
664
3231
2617
1471
1392
2916
3056
328
665
475
1391
261
2457
2935
3348
645
544
3193
549
339
339
338
339
4262
4262
4262
4961
4942
3347
3347
3347
2724
4972
4973
3413
3412
2705
3971
2986
2929
2990
4863
2504
2531
3884
2590
3837
2596
1624
1597
2248
2944
3974
3139
3976
4004
4004
2769
4073
4045
2967
3974
3974
3974
3064
3977
3977
3977
3016
3008
3007
2786
3084
2782
3177
2784
2276
2263
2276
535
2225
2225
1781
1677
342
341
1666
351
1666
363
2281
2281
2282
370
2284
441
1710
1695
2288
3036
3285
3840
3256
3858
3045
2685
3881
3344
4114
3374
3374
3082
3070
3845
4069
3150
3979
2739
4761
3997
4000
4000
4273
4872
4871
3975
1595
4068
1506
4927
1634
1742
1745
4143
540
494
3319
4970
4785
3087
3083
3084
2338
2320
1667
2309
547
2208
1664
621
686
2176
434
348
2177
1642
548
449
2180
2174
2316
2287
1701
384
444
2315
692
692
397
397
395
1692
636
400
1689
3177
3015
2782
2274
4239
2274
467
2361
2361
2253
362
362
2280
684
418
2452
4979
1640
1761
4262
494
292
666
474
660
4942
2967
3872
4812
3061
3355
3354
3884
3073
4004
1744
2362
1741
4137
2306
1643
1643
420
550
552
616
2214
1702
1718
2236
3009
3086
2881
533
2236
2236
3183
2745
4942
4942
4942
2686
2686
2235
339
339
301
495
3849
3201
2724
4114
2724
2952
3374
3456
3950
3956
3942
3253
3936
3209
3947
3446
3457
3937
3253
3455
3935
3210
3927
3943
3437
3923
3222
3931
3220
3221
3205
3263
3271
3438
4091
3263
3229
3265
3240
3837
3267
3453
3453
3950
3955
4087
3216
4082
4095
3240
3431
3242
3239
3223
3206
3459
3460
3255
3940
3271
3268
2685
3437
3964
3253
3947
3450
3292
3936
3259
3440
3262
4093
3240
3942
3451
3834
3915
3260
4084
3236
3254
3437
4100
4795
4795
4047
4775
3348
3280
3279
4761
3348
3348
4047
3441
3224
2927
110
48
2494
4285
2580
2598
148
138
4004
4134
139
48
139
1775
2496
2596
2581
120
2340
2274
24
110
1774
92
110
110
1503
596
1763
1500
1638
2362
2362
4255
2556
2531
2548
2548
2635
2633
2993
3186
4869
2704
2356
4877
4817
1779
1506
4072
4051
4817
3348
3344
3348
4942
4942
4942
3348
3348
4065
4942
4942
3419
4048
4942
3348
4816
4048
4068
2686
4068
3361
3374
3374
2724
2724
3402
3374
4114
2724
2724
3419
3374
3374
4816
3348
3348
2938
4072
3348
4808
4036
4759
4962
4059
2993
2993
4068
4068
4068
4068
4932
4931
4931
2993
3386
3386
4068
3377
4962
3348
3348
3348
4033
4031
3043
3258
4080
3426
3849
3428
2556
2635
3261
3216
3217
3266
3233
3939
3943
3941
3234
3207
3927
3247
3822
3822
3520
3520
3962
3958
3510
3529
3450
3445
3822
3446
3445
3960
3449
3524
3528
3528
3951
3447
3947
3957
3458
3767
3786
3777
3473
3466
3558
3558
3767
3518
3784
3807
3501
3541
3767
3558
3760
3823
3765
3767
3569
3477
3520
3558
3768
3477
3545
3567
3788
3824
3493
3786
3807
3567
3545
3604
3567
3466
3496
3806
3473
3466
3567
3807
3534
3567
3466
3570
3537
3808
3567
3588
3786
3778
3808
3569
3521
3545
3553
3807
3822
3558
3520
3520
3486
3521
3521
3670
3765
3823
3787
3790
3790
3765
3555
3545
3496
3817
3545
3496
3603
3789
3598
3473
3545
3545
3545
3777
3561
3788
3521
3815
3963
3520
3518
3569
3784
3473
3545
3790
3604
3558
3558
3765
3545
3658
3450
3816
3658
3598
3596
3545
3583
3583
3596
3590
3604
3590
3583
3583
3542
3545
3590
3590
3554
3566
3583
3596
3554
3583
3545
3789
3788
3790
3789
3545
3545
3780
3604
3604
3604
3598
3603
3604
3604
3578
3549
3604
3566
3545
3603
3604
3603
3590
3548
3604
3604
3604
3590
3604
3604
3614
3548
3548
3589
3596
3630
3589
3596
3548
3583
3604
3650
3596
3594
3609
3590
3614
3591
3650
3652
3609
3656
3545
3545
3598
3604
3598
3598
3603
3598
3604
3604
3604
3545
3567
3567
3604
3603
3603
3496
3604
3611
3539
3600
3604
3604
3612
3610
3611
3612
3539
3539
3604
3604
3548
3604
3548
3603
3622
3548
3604
3630
3630
3650
3596
3619
3709
3619
3630
3637
3614
3661
3578
3678
3578
3649
3578
3594
3598
3603
3603
3603
3600
3603
3610
3604
3598
3600
3610
3610
3658
3610
3659
3610
3610
3610
3488
3611
3611
3611
3611
3497
3610
3611
3610
3659
3539
3659
3716
3612
3612
3612
3618
3612
3612
3539
3661
3611
3659
3612
3659
3548
3612
3539
3677
3473
3610
3496
3473
3488
3768
3768
3776
3776
3776
3768
3776
3768
3768
3776
3781
3776
3776
3772
3776
3772
3768
3772
3776
3781
3776
3776
3776
3768
3772
3776
3781
3772
3808
3496
3600
3600
3784
3488
3806
3806
3501
3523
3473
3562
3784
3810
3810
3778
3765
3784
3787
3765
3569
3765
3767
3569
3558
3558
3569
3569
3482
3812
3516
3791
3767
3765
2555
2522
2523
2555
2522
1774
93
93
93
48
3160
3160
3842
3151
3884
3985
3285
3039
3043
3858
3838
3876
3868
3877
3859
3048
3258
3243
3061
4027
3421
3983
3354
4111
4960
3355
3984
2731
3401
3000
3073
3374
3394
3280
2737
4001
1761
1395
4104
2944
2939
1640
471
1400
1391
1498
4274
4274
4983
4274
1473
1598
4902
3365
3288
4045
4046
4775
4775
2770
4775
3909
4039
2690
2684
3901
2684
3939
3255
3247
3925
3931
3244
3202
3933
3941
3941
3207
3291
3442
3203
3235
3459
3235
3950
3233
3203
3936
3255
3455
3940
3936
3208
3528
3955
3946
3451
3450
3457
3965
3946
3450
3953
3456
3947
3450
3822
3957
3963
3446
3528
3528
3528
3957
3447
3454
3452
3957
3822
3822
3529
3520
3963
3522
3556
3556
3445
3520
3518
3962
3317
1548
2496
3967
3301
2705
1782
459
4100
3900
3139
4271
2455
4103
4000
3897
3897
1497
1547
4866
4817
4966
4071
4006
4819
2941
4923
4048
2935
1600
459
1498
1391
1761
1395
475
326
1504
4986
290
4144
836
4054
3890
468
2709
4049
4944
2940
3979
3979
3979
3979
4106
4106
2459
255
4807
1534
281
2927
2927
4985
4985
1601
1478
1554
2243
1534
825
2941
2726
4096
4944
4963
4964
2726
4009
1593
2709
4097
4049
2928
1602
4965
4009
3072
4930
3982
3981
4037
4912
4052
4817
2929
289
823
3245
3270
3205
3215
3913
3913
4094
3437
3930
3290
3919
3268
3923
3929
3216
4050
2299
468
227
1400
308
1533
3905
4045
2708
2708
3374
3374
3394
3374
4942
3419
3419
2698
2967
2698
2665
3829
2528
4861
3969
3274
2965
2789
3974
3974
3974
3974
522
595
523
1625
286
2211
1756
2183
2188
430
319
297
319
2205
2188
2182
2191
1766
227
658
611
1679
609
2268
2268
1650
2310
1651
2270
2312
1668
1669
1647
332
1658
1674
1656
1653
342
1650
1665
1665
342
1655
340
1644
2268
4828
4178
2310
1663
417
335
336
613
1675
1647
1660
547
1700
391
381
1709
691
1710
1697
690
690
1701
2166
1705
2254
443
624
423
2165
439
376
358
2286
389
380
383
373
378
2167
360
692
1681
1708
626
1682
628
1680
392
2314
1681
397
625
396
630
390
1688
4137
2880
2223
1731
3126
3319
3192
2237
2223
1631
3018
707
707
2880
1734
2211
315
2769
4136
4136
465
2274
2769
1756
837
4986
4144
1752
2321
293
1395
1762
2756
4102
4001
1499
1639
1394
278
1765
1629
2304
1769
2362
4991
4255
839
1755
2521
2523
4888
9
104
135
3304
2487
2556
2880
2221
476
558
388
388
2317
407
640
407
427
388
1720
693
632
632
632
409
408
408
693
632
428
2068
1956
2072
2324
2337
2324
2067
2337
2337
2150
2067
2150
2150
2150
2067
2150
2149
1954
2150
2150
2150
2072
2150
2150
2150
2150
2150
1960
1959
2150
2072
2324
2324
2325
2337
2324
2331
2337
2337
2337
2324
2149
2150
2325
2324
2325
2068
2068
2324
2068
2337
2324
2020
2149
1798
2020
2149
2325
2150
2149
2150
2149
2150
2150
2150
2150
2150
2149
1798
1798
2150
2020
2150
2149
2072
1801
1799
1959
2072
2072
2072
2331
2072
2337
2324
2331
2150
2068
2150
2150
2067
2068
2150
2150
2068
2072
2150
2072
2072
2337
2324
2331
2324
2324
2324
2068
2150
2150
2068
2150
2068
2150
2149
2150
1808
2068
1808
1959
2150
2072
1799
2072
1808
1727
2289
398
388
403
388
401
407
634
398
1685
1717
2318
1713
2318
2318
2289
2289
639
632
405
2289
2289
2289
1784
407
1797
1797
1794
1797
1793
1941
1796
1807
1807
1809
1809
1809
1809
1796
1799
1798
2325
2325
1798
1799
1794
1794
1941
1942
1942
1793
1807
1793
1793
1949
1807
1786
1953
1949
1953
1787
2326
1785
1787
414
405
1953
1953
414
1953
405
1953
1953
560
560
560
1794
1794
2322
1942
1942
1942
2326
1950
1794
1794
1950
2322
2322
1950
1940
1947
1947
1940
1940
1950
1807
1802
1793
1793
1786
1947
1953
1953
1953
1953
1938
1948
1947
2326
2326
2289
1940
406
406
560
405
632
414
405
1947
1809
1809
1809
1797
1798
2322
1798
1807
2322
2322
2322
2322
2322
2322
1809
1950
1950
2322
2322
1950
1792
1792
1950
1947
1953
560
1792
1792
1953
1953
560
560
1948
2324
1795
2324
2150
2324
2150
2325
2325
1798
2149
2149
2150
2149
2325
2149
2149
1801
1799
1960
1799
1799
1796
1798
1798
1797
1798
2325
1798
1797
2325
1809
2324
639
639
693
428
693
1785
1943
1785
408
1784
4942
3377
34
689
440
4145
4002
309
1678
1677
1637
656
2283
686
492
1679
614
1637
621
2283
2238
4102
666
2362
4813
3328
655
1672
1635
1768
4146
4991
835
2244
2244
612
611
1672
620
369
688
617
2283
350
1632
4104
295
1636
2362
4104
1671
2312
2247
1744
1597
1638
2285
4103
4269
4273
4269
2939
4983
1631
1631
2338
1628
1741
1735
2221
3178
2230
4262
3319
2761
1622
1630
3018
3015
827
3319
2221
2240
648
2239
1635
665
300
300
2245
313
2187
2176
2202
357
431
1683
3126
2196
437
2761
4262
2354
2164
1600
2784
2782
2786
1594
4826
4826
4827
4826
609
2268
613
345
1699
445
3176
2786
3018
3177
1757
4064
2268
1662
334
549
551
436
421
372
1700
557
1480
3347
4962
4817
1760
1498
1501
1594
248
3867
4819
4063
2241
2203
286
278
2268
2268
4176
1667
1668
2195
1696
424
2213
553
1684
1687
4262
4262
1757
1764
426
402
1719
1721
632
414
414
560
1953
1953
639
405
1948
560
1730
3015
3177
3068
3901
4076
4815
3895
3895
3897
3897
4815
4755
4932
4145
3901
3901
4883
4883
4862
4142
2704
2730
4931
4931
3413
4823
3892
4274
4274
514
3897
3900
4274
3900
4264
4051
4945
4135
2755
4145
4144
2218
2522
2524
110
1775
24
110
94
110
139
139
139
139
1774
1774
94
48
4973
3408
2724
4795
4795
4795
4000
4000
4974
3999
3288
2935
4008
4795
460
3342
4046
3150
3347
2940
4795
4273
2770
2723
4814
4047
4047
3980
4079
4928
2993
4912
4929
3386
2993
3386
4935
3288
3150
3997
4045
4775
4046
4942
3891
3891
2985
2717
4775
4761
3979
3979
4106
4106
4105
2459
2459
1594
1602
4807
2985
4041
4040
4971
4064
2460
3904
3407
2724
3365
3150
3150
4933
4902
2918
3905
4983
4273
4273
4134
1394
4134
4134
4275
4275
4004
4134
2382
2212
4280
1507
4280
4005
2740
2756
4736
4271
3894
3139
3139
4599
