95
13
866
56
2663
878
878
10
64
4127
1819
55
140
144
70
1341
877
122
133
23
20
28
52
133
500
84
108
39
2429
117
141
131
1820
883
109
117
43
60
5
866
47
65
24
152
135
1
27
67
139
21
49
100
53
25
129
10
2690
1819
103
270
43
110
3378
3382
2601
3378
71
2652
148
96
47
69
7
3383
102
26
31
177
174
201
78
30
35
25
41
82
82
127
125
1822
123
91
124
2671
845
171
1650
64
12
2690
877
170
2584
101
10
10
2607
2663
2650
105
86
4296
4302
2555
2663
4295
2609
2607
966
112
3464
57
96
43
121
2671
91
128
129
849
121
4670
2425
141
124
94
2684
22
1819
844
57
519
4302
3378
2689
878
2670
103
150
147
5
119
2432
177
1346
1346
1346
1346
33
90
33
34
1346
1346
174
1346
180
862
34
179
188
22
26
33
2433
845
1346
33
1346
34
31
31
31
31
33
33
33
34
88
33
34
1343
2437
34
34
90
1346
1346
1346
1346
2432
1346
1346
1346
33
169
90
33
180
879
512
205
946
945
2406
2468
2481
1350
1516
920
2310
2517
1410
2243
4999
4999
741
4999
675
2418
2530
4129
527
918
921
2338
2476
1807
297
2338
1529
2417
2416
911
2347
4109
2196
2196
2196
926
833
2455
1401
520
2472
297
268
1610
1661
868
270
270
270
271
2198
1673
733
1536
302
1712
2394
2537
1813
288
2232
736
303
457
2997
2998
1669
2343
1511
1715
1714
2316
337
1681
1686
1698
455
4996
1420
206
318
3144
4833
4168
4168
4168
4168
523
238
2509
301
336
2212
1683
2327
356
430
2233
353
2292
4164
4164
4164
1704
708
4181
341
636
2235
427
670
428
362
494
2329
435
640
374
2296
2297
377
379
437
2253
669
669
712
430
430
365
434
346
2294
634
2332
561
2201
2253
641
373
376
2200
417
2364
642
373
2301
1740
2297
389
1732
439
1757
1747
1735
382
383
384
386
1729
1730
1720
1725
1722
391
717
402
651
405
396
397
2337
1762
1750
650
400
400
401
403
396
406
3140
3234
3075
3076
412
1683
671
672
558
561
437
1734
1748
384
1754
398
1762
423
706
2236
2236
346
361
415
352
2215
439
441
715
437
417
564
1739
438
1719
1733
443
644
2214
1433
2196
2196
2196
525
2423
3136
456
3003
460
2348
4669
3078
3078
464
464
322
466
1369
2536
246
2305
1416
2291
505
2359
2304
445
678
297
2310
1644
1644
490
545
2419
492
1786
1785
2332
317
2856
2357
4168
1690
3003
270
1641
1644
1644
1644
950
4999
207
2441
879
513
2781
1495
1612
879
232
3047
700
855
700
4128
3122
2262
432
433
3122
3061
2828
2413
2196
2196
2510
3077
4832
4183
4788
4183
332
2872
2856
2854
2856
2855
2856
3082
3080
3082
3082
1697
555
556
431
633
560
2210
562
563
1737
418
419
421
1754
566
1368
1390
579
577
1372
1348
1400
1517
1392
590
591
2472
530
449
1639
216
1433
4132
4132
1529
267
1381
1646
963
272
1780
2421
614
546
332
293
2998
2350
4182
4791
4832
4791
612
676
4181
4831
4181
630
342
340
355
2216
366
344
524
670
639
639
711
372
641
1745
564
1724
386
1726
645
2318
1761
566
656
392
650
1759
1760
2365
654
1991
1749
3079
4785
3078
4783
3080
3080
856
2244
615
1786
2404
679
347
350
346
363
416
1704
2257
480
1408
3176
490
490
424
2219
2219
475
279
1641
2194
2349
728
1391
530
590
567
1518
2229
3082
705
2420
710
415
351
416
2333
2333
1746
1734
717
2337
3139
2857
2857
4834
3139
2854
3082
3082
3082
1498
2478
2196
2195
530
950
4147
1709
300
305
304
1372
4997
936
2196
1444
1445
976
779
812
794
1439
751
1459
1446
1446
1450
977
777
1438
757
780
834
1621
811
745
811
802
811
766
1348
768
811
766
1350
567
801
805
1457
1465
1460
1623
791
768
1623
771
801
700
965
1440
802
975
1450
975
1442
779
802
1348
780
970
1443
1439
783
766
1439
760
786
760
809
771
835
1458
771
779
760
811
965
757
1627
4873
836
1639
607
604
1389
1639
255
803
974
804
1574
84
33
855
177
845
519
59
59
59
3059
33
34
177
852
232
270
855
2198
3180
3244
29
1346
125
31
33
177
177
33
2534
1539
1544
1797
2226
1541
2535
4128
4128
4128
32
4126
2644
2650
2407
1609
880
1586
1604
1589
1610
1597
1570
531
1607
1590
900
610
1601
2195
892
1643
892
892
1644
1639
2196
2196
892
892
1643
255
2195
1644
2195
892
950
4997
4999
213
701
950
2196
2196
2195
1643
1599
530
892
1588
1602
1592
1523
892
944
531
935
935
4999
2400
1605
945
580
935
2196
1643
2195
892
1644
1647
504
576
809
909
1355
1613
103
3381
1819
1622
763
761
968
1620
757
1623
812
756
756
1447
1449
1449
992
983
1474
1084
1493
1466
1466
1472
1475
1483
797
750
788
1488
1483
788
796
749
1462
1084
1468
1073
1039
1336
1039
1073
1249
1311
1073
1336
1062
1336
1054
1336
1039
1054
1054
1272
1272
1007
1062
1336
1336
1336
1253
1249
1037
1073
1062
1336
1318
1054
1039
1336
1062
1062
1007
1007
1086
1073
1054
1253
1253
1240
1272
1311
1007
1249
1243
1253
1253
1313
1272
1311
1311
1336
1243
1311
1311
1272
1272
1311
1054
1054
1336
1311
1249
1253
1240
1007
1240
1336
1336
1267
1007
1336
1240
1311
1488
1007
980
1491
1494
1057
1086
1243
1188
1039
1054
1313
1249
1249
1253
1054
1073
1272
1253
1253
1253
1007
1267
1253
1253
1272
1267
1272
1267
1267
1267
1253
1311
1253
1313
1086
1054
981
1007
1028
1336
1039
1188
1272
1272
1253
1249
1253
1054
1062
1054
1054
1336
1240
1267
1243
1473
1007
1272
1253
1267
1267
1267
1267
1267
1267
1267
1267
1267
1267
1267
1267
1267
1267
1267
1267
1217
1267
1267
1267
1249
1267
1253
1253
1253
1253
1267
1253
1267
1253
1267
1267
1267
1253
1267
1267
1267
1267
1267
1267
1267
1253
1253
1267
1267
1267
1267
1267
1267
1267
1267
1267
1253
1267
1267
1267
1267
1267
1267
1267
1267
1267
1267
1267
1267
1267
1267
1267
1267
1267
1267
1267
1267
1217
1217
1217
1267
1253
1267
1267
1267
1267
1253
1267
1267
1249
1267
1253
1267
1249
1249
1272
1311
1267
1267
1267
1267
1267
1267
1243
1267
1267
1267
1267
1267
1267
1267
1267
1267
1267
1267
1267
1267
1243
1267
1267
1267
1267
1267
1267
1267
1267
1267
1267
1267
1267
1224
1224
1224
1224
1267
1267
1224
1267
1224
1224
1224
1224
1243
1243
1267
1267
1267
1243
1267
1243
1243
1267
1243
1243
1267
1243
1243
1243
1243
1243
1243
1243
1260
1243
1243
1243
1267
1243
1243
1260
1243
1260
1260
1260
1267
1267
1267
1223
1267
1260
1260
1267
1260
1260
1260
1260
1260
1260
1223
1243
1243
1243
1263
1272
1243
1073
1073
1073
1073
1039
1073
1073
1073
1073
1188
1073
1188
1039
1073
1073
1073
1073
1073
1073
1073
1073
1073
1073
1073
1073
1073
1073
1073
1073
1073
1073
1073
1073
1073
1073
1073
1073
1073
1073
1073
1073
1073
1073
1054
1267
1272
1272
1243
1272
1272
1037
1037
1272
1037
1272
1263
1272
1311
1272
1054
1054
1272
1249
1073
1073
1240
1336
1039
1336
1336
1240
1240
1318
1311
1311
1318
1062
1336
1062
1336
1062
1336
1313
1313
1313
1007
1007
1039
1073
1039
1240
61
61
2780
117
88
124
26
124
1351
1367
245
1352
700
1347
1366
1362
505
1359
1389
1400
700
801
1348
1369
833
1403
508
1546
731
5000
504
1351
1360
2471
2471
1351
695
700
741
902
607
2450
534
1630
677
2521
1406
1799
1630
1419
460
1500
1634
1502
4983
1427
2460
253
253
253
253
2483
2480
4131
810
757
777
808
834
761
969
1627
794
1623
1623
762
762
1447
1449
1449
976
756
1446
1444
968
755
813
755
1441
778
972
1448
1455
1455
800
835
1445
1461
1462
748
754
971
1445
1452
990
1472
776
806
1468
1459
742
1473
775
1470
996
1488
992
992
984
1098
1028
1467
1488
989
1488
982
1098
1494
246
2406
879
3047
3046
1498
1499
1418
2345
603
1531
320
1634
515
1513
2511
1514
1595
1592
1591
1588
1547
474
1405
688
892
2505
2291
1511
2345
2344
1679
1631
2346
1804
224
1537
1631
505
2533
2492
2474
900
1584
253
253
884
884
884
2507
2338
240
1574
603
297
472
1582
1583
1583
1629
880
2412
462
1611
508
1547
237
908
248
2533
1571
1570
900
2506
2533
1571
489
489
619
1515
1589
1550
1605
890
1515
2342
940
1609
1586
1495
2198
2197
779
779
768
780
760
760
1626
780
1618
1617
811
1623
745
780
1624
2340
1628
2338
4989
4109
4109
1633
1631
1632
1630
4305
4281
4305
4109
1634
4813
1429
1429
926
917
2196
928
2196
2196
2196
254
926
3378
3378
3379
2606
3046
2757
3990
3044
3121
2351
1782
1665
1662
1664
1671
1782
1666
1795
734
4894
1666
2353
1818
1662
1783
2283
471
1678
1680
1680
2224
556
328
411
4162
4162
4790
2249
635
2241
4181
3144
4168
4181
708
2328
2360
2300
339
427
325
325
412
413
554
555
708
709
4790
4830
4790
4790
1692
638
342
637
1694
2317
1691
626
335
343
2335
2362
647
1752
1721
380
1722
1717
1753
1724
565
1727
385
647
2318
648
2336
390
1720
2335
716
1742
381
1744
643
1741
1736
1728
1745
1717
1723
385
396
649
1748
1750
653
2319
395
380
2366
420
1755
1756
1758
1718
652
652
393
655
717
2404
667
4797
4783
624
459
459
2269
1767
306
2261
3077
2270
4796
2281
1670
1783
1669
1788
1787
4994
497
3180
549
4262
3218
1678
281
2529
2538
2228
2323
1426
2258
536
445
4305
1630
2534
867
1793
869
307
3347
1672
1817
2581
2601
2638
4297
2647
3990
3379
2683
3356
4754
3234
1630
4111
1630
2375
399
1987
657
1835
1983
1985
1837
1838
1831
1981
1987
1831
1841
1980
1852
1988
1840
1840
1846
1846
2373
1847
2003
1841
1840
1843
2374
1852
1954
1925
1876
1957
1939
1889
2151
2151
1868
1861
1861
2178
1947
1898
1903
2157
2158
1912
2175
1927
1907
1967
1920
1927
2174
2174
2174
1927
2162
2025
2015
2172
2013
2169
1863
1856
2151
2180
1939
2154
2182
1939
2151
1963
2151
2151
1947
1961
2158
1899
2155
2178
1898
2179
2151
2178
1947
1912
2158
1908
2177
2177
2158
1967
1912
1961
2022
2161
1927
1909
1908
1927
2166
1876
2025
2166
2030
2174
1921
2177
1921
2025
2021
2166
2034
2015
2013
2020
2168
2174
1914
1939
1929
2151
2151
1892
1860
2178
1912
1961
1868
1868
2176
1912
1921
1927
1920
2013
1927
2020
2025
1954
2151
2182
1941
2181
1902
1942
1942
2178
2178
1874
2151
1967
2161
1878
2177
2177
1884
2174
2177
2160
2034
2172
1839
1991
422
1990
718
1981
657
1984
1984
401
403
2375
1986
399
718
1839
1977
1978
1849
1995
1992
1976
1996
1997
2185
1998
2101
1999
2001
1993
2004
1978
2062
2062
2028
2028
2006
2034
2030
2038
2033
2038
2033
2074
2074
2111
2111
2087
2041
2128
2064
2021
2117
2125
2123
2068
2068
2029
2028
2032
2038
2038
2124
2120
2038
2139
2066
2088
2040
2040
2049
2089
2377
2046
2092
2047
2046
2048
2110
2378
2051
2054
2059
2056
2107
2052
2057
2057
2059
2059
2105
2059
2072
2062
2071
2099
2066
2067
2069
2067
2083
2070
2072
2073
2070
2077
2075
2076
2135
2098
2078
2379
2080
2103
2083
2103
2124
2043
2130
2089
2089
2089
2044
2092
2094
2054
2054
2053
2097
2381
2100
2082
2100
2081
2186
2186
2059
2386
2386
2386
2106
1998
2386
1998
2190
2109
2128
2134
2128
2126
2117
2122
2123
2124
2124
2132
2130
2132
2132
2133
2076
2134
2075
2131
2139
2143
2139
2138
2136
2077
2145
2144
2143
2143
2091
2149
2380
2149
2096
2384
2380
2096
2148
2061
2054
2154
2182
2017
2017
2019
2019
1903
2022
2160
2021
2021
2005
2116
2114
2114
2112
2114
2021
2119
2116
2118
2034
2033
2033
2034
2030
2030
2007
2176
2010
2019
2180
2006
2006
2016
2017
1851
2386
1851
1850
2186
1842
2187
2193
2189
2000
2188
1996
2193
1994
2196
4669
2399
1744
1738
1738
1411
1412
2205
1701
2220
444
1702
2201
2253
2209
357
2226
632
2199
2207
2213
2204
1540
2202
553
631
2274
613
309
2246
287
2247
1688
338
2234
2211
425
2252
370
2201
2237
2251
2238
2217
290
2230
314
1422
2248
1689
668
703
1413
2200
563
2468
1508
1763
666
1773
2250
3234
2265
3076
4797
3076
3075
1658
1772
465
1772
2273
1658
2259
3177
3078
4783
492
2270
2949
3232
1659
2283
2284
2206
2225
2351
298
1634
628
429
367
367
441
442
3003
345
1743
4246
4749
2289
2291
4163
4163
4163
4163
1593
4164
4790
4182
4790
4831
4162
4162
2293
361
645
2361
4785
4784
4788
3075
459
3003
356
712
416
351
436
715
1746
2334
2335
2366
4813
2305
1523
911
1594
460
460
1678
1582
1512
1405
963
2340
1662
1677
1677
2327
2327
4830
4791
4791
3145
4831
629
1726
645
2362
644
2334
650
2366
465
2346
2371
2375
1833
2374
2372
1988
1845
2376
2377
2056
2078
2078
2097
2382
2376
2096
2147
2374
3177
3078
3176
230
2478
2477
218
2542
515
452
2398
873
2478
949
949
2465
4092
2508
217
1572
881
2520
2541
1791
846
2528
2424
69
87
2427
852
1346
2432
1346
1346
1346
860
1346
1346
30
30
30
34
1343
2519
918
4997
601
2464
741
4999
1644
892
891
2305
923
253
2196
2196
2196
1644
1570
1644
2195
1596
2477
923
1608
949
2479
924
3070
2481
1429
1429
2196
253
2196
2511
2342
234
830
2310
884
1593
1548
1548
1514
1570
4970
234
2473
211
509
223
920
233
2518
2442
1429
228
4281
1633
2526
4970
4109
2798
4111
4109
461
4109
4992
1538
3026
3060
4291
1810
1654
2698
2546
2665
3463
2645
3463
2687
3380
2687
2687
2617
2617
2562
2583
2561
2567
3344
2592
2559
4898
4899
3343
2603
2632
2569
2680
2621
2632
2573
2815
2756
2578
2573
3053
2574
2617
3857
2686
2545
2565
2627
3388
2614
4896
2634
2685
2640
2622
2564
2589
2628
2596
2599
2686
2756
3342
3988
2604
2678
2605
2687
2645
2756
4895
3857
2546
2681
2617
2591
2615
2591
2680
2578
2740
2747
2746
3341
3345
3345
3340
2569
2627
2630
2673
2632
2674
2752
2570
2636
2639
3345
2696
2591
3033
3051
2649
3341
2607
2585
2648
2606
3464
3463
2679
2615
2586
2812
2555
2554
3857
2615
3464
2669
3464
3342
2567
3988
2816
2588
2682
2635
2629
4903
3007
2818
2634
2669
2682
2719
2684
3344
2668
2688
3339
2659
3353
2580
2645
2555
2560
2680
2679
2680
2675
4902
2746
4902
2747
2747
2709
2709
2709
2739
2739
3338
2747
2747
2718
2742
2710
2742
2742
2741
2619
2739
2740
2709
3338
2709
3362
2739
2619
2739
2739
2739
2618
2710
2709
2709
2739
3362
2740
2740
2710
2739
2710
2739
2709
2709
2709
2747
2709
2747
2709
2709
2720
2710
2710
2709
2784
3055
4944
3446
3446
4942
2769
3043
3288
3128
3421
4057
3421
4924
2759
4668
4668
4668
4702
2987
4971
3448
4879
3421
4919
3439
3014
4062
4919
3412
4965
4113
4786
2798
2798
2799
2799
2799
3887
3429
4122
4098
4098
4767
2811
4867
4137
4141
2793
2804
2784
4090
4091
4766
3245
4155
4173
4768
4692
4990
2853
3028
4166
4726
3024
3025
4757
4757
4757
4030
4767
3146
4187
4792
2876
4699
4179
3086
4687
4679
4870
2851
2817
4191
2873
2874
4169
4168
3144
3057
4055
4189
2875
4685
3149
2866
2952
2867
3189
4167
4709
2877
4792
2951
4177
4177
2882
4170
3156
2880
2878
4712
3186
2967
2968
4793
4776
3027
2975
2908
2887
2916
2916
2909
3226
4808
3093
3186
3187
3223
2903
4673
2904
2887
2885
2884
2883
4807
4672
4672
3094
3160
2915
4773
2918
2979
2923
2913
2913
4777
2924
4773
2928
2929
2918
4217
4223
4210
2923
4206
4208
4203
4795
3172
4198
4228
2921
4239
4812
2932
2943
4465
4223
4312
4471
4457
2939
3175
4774
4461
4774
4463
4312
4312
4471
4471
3231
3139
3233
4789
3087
2952
2955
3090
2955
2957
2976
4809
2922
3228
4812
3230
2962
2938
3198
3002
4732
2973
2898
4770
2890
3151
2891
2917
2914
3159
2912
4809
3227
4201
4216
3166
2928
2983
4204
4689
3331
2799
2799
2799
3059
4289
3025
3025
4757
4253
3024
3003
4819
3384
3078
3246
3134
2871
2841
4185
4113
2804
4088
4153
3010
4974
2840
2825
4780
2823
2837
4016
3410
3246
3247
2993
3185
4240
4738
4739
4192
4192
2873
3190
3002
3077
2760
3038
3414
3412
3420
4080
4944
3008
3055
4879
3055
2804
3001
3008
2784
3050
3045
4096
3355
4087
3050
3004
2861
2888
2974
3992
2991
3377
4882
4668
2779
4115
3077
4832
4832
4183
4176
4178
4176
2838
4191
3029
2855
4169
2855
3082
4180
4681
3087
2971
3089
3091
3150
3092
2977
2958
2911
4213
3228
2960
2931
2931
4466
4099
3106
4102
3293
3462
3310
3275
3450
2799
3876
3417
3125
3426
3426
2988
4057
4917
4943
4879
4017
2809
3065
3402
4070
2814
4244
3131
3373
3085
3024
4757
3025
4008
4833
4833
3144
4832
4791
4244
4274
2882
3220
3222
4769
4769
3154
3188
4682
3092
2906
3158
2966
2899
2901
2902
3152
4221
4221
4202
4233
3163
4235
3164
4228
2935
3167
2937
2941
4840
4841
2946
2945
2944
2937
2940
2871
2844
3079
4163
3080
3081
2831
3183
4691
3132
2847
2847
2889
4771
2902
2956
4170
3910
3920
3194
3002
4677
2843
2843
2868
3012
2862
2799
4121
3099
3039
3451
3435
3212
4099
3998
4721
3082
4739
4738
4738
3182
3223
3224
3225
4808
2975
3226
2926
2926
4226
2938
2854
4169
2854
2856
2854
3082
3030
4783
4940
4086
3432
3432
3450
3435
4264
4264
4186
4698
4698
3451
3450
3450
4668
3432
3259
3262
3301
3946
3468
3256
3468
3944
3301
3495
3261
3302
3966
3951
3938
3945
3937
3936
3933
3940
4103
3475
3272
3285
3265
3936
3284
3287
3315
3285
4102
3287
4098
3266
3466
3308
3961
3962
3302
3318
3475
3334
3318
3298
4105
3293
4105
4099
3955
3938
3957
3282
3949
3954
4095
3931
3308
3465
3259
3262
3944
3308
4100
3952
3317
3317
3272
3284
3300
4105
3955
3965
3287
3941
4101
3269
3287
3936
3267
4003
4053
3432
3249
3864
4956
3412
3284
3931
3949
2766
3338
3338
3048
3338
2740
3007
2815
2579
2573
2709
2710
2709
2746
2746
2746
2760
3048
2793
4063
3081
3338
2747
2709
2739
3860
2722
2746
2618
4265
4292
3370
3372
3374
4892
4990
3238
3238
3051
3051
3033
2602
3380
2555
3424
3386
4888
4083
4825
2793
4060
3443
3454
4007
3392
4008
3387
3432
3432
3432
3323
3410
3412
3432
3432
3410
3452
3452
3414
2777
3414
3450
3450
3450
2799
2799
2799
4668
3420
3396
3213
3450
4668
3450
2799
2799
2799
2799
3414
3414
4825
3391
3212
3410
3127
4083
3441
4034
3443
3391
3450
3446
3391
3446
3444
4085
4080
3450
3432
3432
3414
3414
3412
3402
3102
3869
4100
3474
3268
3334
2645
3380
4104
3314
3474
3942
3942
3296
3468
3469
3952
3255
3949
3933
3933
3541
3541
3854
3555
3833
3833
3986
3253
3977
3520
3965
3555
3986
3492
3851
3986
3541
3559
3968
3968
3971
3974
1073
1054
1336
1039
1073
1073
1272
1272
1073
1086
1062
1336
1336
1330
1253
1073
1073
1267
1037
1042
1080
991
1073
1037
1073
1062
1336
1054
1311
1039
1062
1062
1062
1062
1007
1004
1039
1336
1054
1073
1253
1073
1272
1037
1073
1073
1073
1246
1073
1253
1311
1272
1253
1272
1062
1267
1272
1073
1311
1272
1253
1311
1253
1007
1311
1253
1219
1219
1073
1311
1073
1080
1039
1219
1007
1039
1054
1318
3541
979
980
1004
1007
3833
3541
1253
1039
1039
1054
1311
1073
1073
1253
1054
1336
1253
1253
1253
1253
1073
1219
1246
1199
1253
1272
1267
1007
1219
1219
1219
1253
1073
1219
1037
1086
1054
3559
1039
989
1054
1318
1199
1246
1253
1073
1219
1062
1094
1062
1054
1039
1073
1219
1263
3968
1219
1267
1267
1267
1253
1219
1219
1219
1219
1173
1173
1173
1219
1219
1219
1219
1219
1219
1219
1219
1219
1219
1173
1073
1219
1253
1073
1073
1073
1073
1253
1253
1219
1219
1219
1267
1219
1253
1219
1267
1219
1217
1217
1219
1217
1267
1219
1219
1219
1217
1217
1217
1217
1267
1219
1219
1219
1217
1219
1217
1217
1217
1217
1217
1217
1217
1217
1219
1217
1217
1217
1217
1217
1217
1217
1217
1217
1217
1219
1217
1253
1267
1219
1219
1219
1253
1267
1267
1267
1267
1219
1253
1253
1253
1311
1267
1267
1267
1267
1217
1217
1267
1267
1217
1267
1267
1267
1217
1217
1217
1267
1217
1217
1267
1217
1267
1267
1217
1217
1217
1217
1217
1217
1217
1217
1217
1217
1217
1217
1217
1217
1217
1217
1217
1217
1217
1217
1217
1217
1217
1267
1267
1267
1267
1267
1267
1267
1267
1217
1267
1263
1263
1267
1263
1267
1263
1263
1267
1267
1267
1267
1272
1267
1260
1267
1224
1267
1224
1217
1217
1217
1217
1267
1224
1224
1267
1267
1224
1224
1217
1217
1267
1263
1267
1272
1263
1246
1188
1039
1073
1039
1039
1073
1073
1073
1039
1039
1039
1039
1039
1073
1073
1073
1073
1073
1039
1039
1073
1073
1039
1039
1073
1073
1073
1039
1073
1039
1073
1073
1188
1073
1073
1073
1073
1073
1073
1073
1073
1073
1267
1253
1272
1246
1263
1037
1037
1272
1246
1037
1246
1263
1263
1037
1240
1054
1054
1073
1073
1073
1073
1073
1039
1039
1039
1039
1073
1073
1318
1311
1311
1054
1318
1313
1062
1054
1007
1062
1062
1313
1272
1311
1054
1054
1039
1039
1336
1073
1336
1073
2681
4971
3860
2619
2632
2709
2618
3279
3867
3279
3276
3306
4099
3274
3898
3106
3297
3462
3892
3288
3316
3278
4095
4093
3210
4119
3408
3893
3421
3428
2803
3865
3306
4116
4931
3113
3897
3876
3429
3239
3108
3330
3000
3906
3060
3912
4845
3009
3995
3996
3994
3919
3915
3995
2765
2988
2988
4117
4117
3926
2860
3929
3317
3468
3471
3472
3475
3943
3943
3469
3937
3318
3937
3470
3471
3472
3295
3260
3952
3947
3255
3263
3950
3948
3260
3283
3296
3302
3951
3257
3259
3956
3962
3251
3281
3962
3251
3257
3493
3312
3251
3986
3971
3490
3486
3593
3976
3487
3488
3561
3591
3488
3984
3541
3983
984
1084
3502
3833
3504
3502
989
1492
3541
3833
3833
4942
4063
4878
4878
4880
2784
4089
3920
3996
3994
4019
4053
4112
4004
4951
4969
3394
4071
4008
4009
3877
3291
3870
3411
3410
4963
3010
3010
4767
4020
4150
4024
2775
4023
4027
4820
3273
4035
4964
3437
4953
4117
3202
4786
4786
4076
4822
4925
4884
2766
4057
4017
4786
3389
3389
4060
4822
4004
3384
4888
3879
3872
3041
3886
3453
2808
2788
4032
3443
3392
4033
4061
4108
3406
2806
3425
3434
3434
4817
4074
3393
3434
4006
4005
4965
4867
4090
4090
3307
3300
3271
3300
3307
3272
4103
4103
3269
3317
3318
3941
3285
3939
3931
3269
3474
3395
4051
4061
2798
4109
4109
4110
4157
4979
3000
4111
3009
4281
2798
4112
2788
4928
3926
3421
4668
4668
3432
2799
3432
2799
4668
4116
2602
2756
2756
3353
2606
3070
3045
2553
2758
2757
4780
4255
4256
4152
4256
4828
4143
4139
4146
2821
2821
4140
4844
4257
4844
4151
4258
4154
4828
4156
4818
4711
4710
4684
2895
3189
2953
4177
4161
4174
4727
3153
4171
2874
2874
4171
2894
2882
4172
4793
4190
2892
2953
3087
3189
2954
4160
4688
3088
2894
3221
4162
4161
4162
4831
3146
3155
3147
2969
2879
2893
4193
4193
3188
2925
4203
2927
4205
4224
4232
4232
4837
4225
4230
4232
4195
4195
3163
4836
2927
4229
2930
4199
4811
3162
4794
2959
4200
2930
4202
2924
2981
3165
4219
4194
3162
3229
3174
3174
4812
3169
2933
4236
4224
4224
4225
2963
2961
3167
3169
4234
3170
4236
2933
2933
4239
3183
4700
4752
3076
3076
3142
4255
3135
3025
4748
4243
4693
4693
4700
3003
3196
2964
3075
2949
4743
4862
4258
4761
4240
3185
4994
4890
2839
3029
4262
4262
4156
4150
2849
4266
4729
4282
4737
4975
4273
4278
3009
3009
1810
4284
3371
4723
3064
4155
4293
3379
2575
3464
2633
2595
2642
2666
3858
2575
4796
3045
2949
4111
4111
4111
4847
4307
4850
4846
4464
4484
4313
4313
4470
4456
4467
4847
4316
4318
4318
4318
4318
4462
4323
4321
4323
4481
4483
4324
4657
4315
4327
4385
4415
4381
4409
4624
4624
4542
4496
4496
4625
4624
4496
4624
4651
4654
4655
4627
4374
4628
4631
4651
4651
4627
4651
4651
4651
4648
4651
4648
4651
4648
4406
4493
4644
4408
4499
4362
4624
4656
4624
4496
4542
4496
4496
4542
4415
4496
4365
4381
4631
4378
4652
4655
4485
4381
4496
4625
4624
4375
4625
4630
4447
4506
4651
4651
4632
4506
4500
4631
4651
4502
4350
4651
4631
4651
4646
4499
4410
4647
4490
4509
4635
4648
4410
4406
4646
4637
4494
4493
4492
4406
4493
4410
4504
4333
4375
4642
4496
4496
4365
4626
4650
4631
4631
4375
4628
4651
4651
4651
4651
4627
4408
4648
4642
4491
4491
4624
4542
4333
4625
4496
4495
4378
4381
4655
4630
4375
4496
4651
4651
4631
4627
4651
4645
4646
4490
4651
4637
4406
4498
4646
4474
4456
4475
4468
4306
4306
4467
4309
4464
4470
4313
4459
4467
3175
4469
4458
4457
4458
4472
4577
4480
4666
4587
4587
4851
4480
4579
4479
4482
4475
4484
4473
4553
4549
4540
4507
4540
4506
4508
4511
4514
4514
4551
4547
4604
4604
4514
4563
4604
4603
4601
4600
4600
4595
4548
4548
4507
4510
4543
4515
4543
4517
4517
4564
4663
4515
4518
4519
4518
4519
4521
4531
4520
4523
4518
4521
4522
4853
4531
4537
4569
4572
4587
4531
4537
4537
4570
4537
4537
4858
4572
4548
4548
4547
4550
4544
4544
4545
4546
4561
4550
4547
4550
4575
4560
4610
4610
4575
4854
4573
4580
4557
4854
4558
4559
4605
4597
4564
4564
4566
4614
4614
4619
4521
4570
4570
4572
4621
4621
4572
4622
4576
4546
4561
4578
4579
4662
4581
4858
4582
4537
4582
4537
4587
4532
4525
4602
4609
4603
4609
4600
4600
4597
4563
4599
4606
4606
4608
4606
4608
4575
4607
4609
4614
4608
4617
4608
4611
4611
4575
4612
4861
4619
4616
4619
4619
4619
4622
4574
4570
4572
4572
4621
4570
4570
4542
4604
4552
4501
4501
4589
4589
4592
4501
4591
4592
4504
4503
4503
4503
4504
4504
4593
4593
4596
4514
4514
4492
4509
4509
4509
4509
4540
4485
4551
4551
4485
4541
4551
4542
4660
4657
4582
4657
4657
4660
4662
4523
4576
4664
4667
4667
4483
4482
3432
3356
3385
2978
4220
3161
4214
4734
4159
2863
4160
4728
4688
4671
4214
2958
4682
4684
4722
2972
2905
4714
4728
3917
2842
4268
4704
2984
4718
4707
2783
4675
4276
4706
4166
2869
4718
2877
4718
2966
4732
2919
2979
4714
2910
2966
4715
3199
4708
4243
2829
4730
4167
3153
4741
2858
4287
2918
3095
4000
4733
4733
4752
3197
4752
4248
4720
4827
4148
4789
4789
4788
4136
3002
3135
3135
3012
4751
2832
3078
3079
3077
3246
3198
3233
4144
4760
2835
4763
4707
3454
2825
4030
3010
4187
2884
2885
2913
4773
4774
3024
4838
4838
4756
3024
4062
2870
4060
4175
4164
2865
4164
4963
2865
4182
2864
4791
4790
4802
3221
3220
2900
3164
3171
2942
4788
4785
4783
3024
4049
4805
2902
3224
3225
2975
2912
4222
2926
4811
2932
2788
4107
3453
3406
3398
4819
4819
4032
4963
4884
3877
4010
4765
4826
4828
4829
2970
4803
3145
4831
4831
4181
4181
2881
3171
4836
4204
2923
2942
4239
3002
4148
4845
4846
4314
4462
4847
4660
4464
4468
4851
4569
4531
4573
4557
4619
4572
4526
4570
4621
4623
4581
3002
3077
3077
4114
4115
3439
4976
2782
4269
3445
4865
3376
4942
4941
4085
3444
2852
4089
4884
4893
3384
4946
4872
3219
3219
4868
4026
4894
2680
2641
2714
2750
2725
2725
2710
2734
2709
2709
2709
2709
2709
3860
2739
2740
3860
3362
4971
3042
3420
2986
2987
3421
4107
3412
4087
4939
4082
4668
3421
3323
3319
3323
3434
3441
4088
4081
4081
4085
3391
4080
4972
2988
3926
3323
3323
4939
4049
3925
3202
4786
4963
4953
4953
4084
4946
3922
4049
4914
4080
3423
3420
3445
3042
4918
4918
3320
3009
4110
4110
4973
2798
2798
2798
4112
4109
4987
4112
4113
3062
4260
1655
2828
2424
3930
2020
2025
2025
