27
2426
2
7
7
144
2609
144
11
4
4
67
966
134
135
1
46
16
23
78
170
2428
19
51
93
133
52
25
109
2426
84
26
31
59
143
59
42
36
141
117
3
151
149
201
20
101
41
112
14
45
28
72
77
53
49
24
81
80
81
129
877
102
118
521
141
109
60
4296
5
2652
2690
68
114
116
67
39
13
1342
1825
150
26
33
34
81
2429
169
169
30
845
25
108
41
82
83
84
86
166
91
88
92
169
188
130
95
120
150
1825
167
2547
100
2648
8
105
2609
105
95
68
152
4302
43
40
2605
114
135
71
2552
72
2689
1821
13
47
143
122
137
127
128
82
129
4126
43
87
171
117
125
87
1822
2437
148
17
61
843
112
2605
64
140
3
119
4
167
95
1342
136
2671
177
177
852
176
841
1344
1345
1346
172
859
837
177
174
203
849
172
172
203
169
169
90
1346
180
179
29
1345
1344
180
180
862
172
860
1346
90
1346
1345
89
860
849
849
168
172
2432
860
860
859
859
859
177
177
177
177
177
1346
849
1346
860
2434
1497
2400
2390
919
2406
2488
267
779
238
2460
1581
1529
233
2251
211
902
727
277
911
601
1427
231
232
929
2511
923
2512
472
2412
2310
2504
2514
1498
2536
2505
460
460
2471
1401
1647
1403
1558
827
470
250
810
573
297
1537
271
276
868
519
854
271
270
1820
269
295
295
1542
466
476
702
873
287
1669
282
681
2274
1785
492
458
457
1669
2283
2346
280
279
301
302
682
545
304
614
455
1801
2413
318
551
704
663
663
611
625
1507
684
684
2247
1681
1707
2355
2230
291
2232
467
2308
1714
335
1693
1695
2249
1696
339
1713
1694
2360
342
1716
639
428
2295
670
359
524
350
351
633
352
353
1694
630
327
2241
668
670
428
362
494
364
365
2209
2209
345
347
524
432
2333
435
634
367
369
2296
348
379
2200
370
2236
1722
371
372
2301
1740
1734
2334
383
646
1732
389
388
2336
386
386
1729
1760
395
1752
649
656
1762
1762
1749
651
2298
394
402
402
395
396
397
3179
4758
1685
1699
411
671
559
437
1737
384
1717
1748
420
391
2260
665
358
358
636
2300
637
2329
2214
350
432
360
344
416
436
438
2252
1739
376
1741
374
373
1702
1574
1574
255
1382
1645
1657
872
2423
2419
456
2302
2998
460
4302
4251
2389
1769
522
2351
1614
1597
725
941
1680
1582
961
2268
2268
1536
1531
297
2310
885
2513
1779
706
1785
1785
1786
2404
355
857
856
288
3031
521
486
911
911
2514
2513
917
2461
2517
204
512
513
854
2198
2407
1496
196
812
131
794
944
196
1773
669
2235
4996
4128
2541
2538
1382
1639
229
1638
474
2267
4304
660
2272
733
733
856
857
3357
680
490
410
555
555
557
558
557
560
560
562
563
1744
1753
1753
420
757
770
790
782
780
1615
1615
1641
729
767
1361
1400
1383
1383
2491
239
252
830
1433
205
1652
2306
267
264
1518
271
612
2421
1815
2278
2279
457
520
722
724
704
275
496
316
299
2292
1712
1716
2212
2234
431
345
338
340
2293
342
630
429
640
640
372
643
642
382
644
1743
1733
1719
1756
1757
1726
2361
1758
645
2319
1761
655
656
392
2276
1771
3357
734
2263
2250
614
2404
454
454
353
668
2317
638
414
496
675
445
1816
2260
1777
665
1775
2285
2273
1662
1393
1373
700
1353
1350
579
1623
771
2229
3179
666
1692
708
711
712
363
2332
714
2334
2335
2366
4742
4758
661
3179
856
3179
1828
2478
1644
1639
1397
1390
4894
1662
1674
424
801
819
1384
1645
1478
1472
984
751
1466
753
1464
1098
750
1464
742
1466
774
1462
1460
1455
1443
754
977
974
1457
1460
971
755
1445
761
1449
756
1446
1444
1622
1621
762
813
1626
1440
1467
795
1460
1460
789
1441
971
971
1627
1444
1444
1627
1439
1620
791
774
1440
998
797
774
755
1448
835
802
1443
1471
996
1626
1625
1454
1620
800
752
755
973
972
763
973
1444
762
806
988
777
1451
1446
1452
1446
778
1455
970
603
836
258
257
576
807
1577
686
892
1448
835
1448
216
29
177
500
29
169
849
843
35
31
845
2540
1346
859
2429
232
274
519
883
859
734
29
29
29
84
34
33
841
841
89
2534
1811
1793
1813
1794
1541
2535
121
121
64
97
138
56
119
2516
2417
1610
882
1517
2473
1597
1570
605
608
691
1591
1351
1391
257
1395
688
686
912
686
911
2467
1568
1644
892
911
2513
1564
1395
257
1568
2491
2467
1390
696
607
833
951
831
833
1641
890
1367
1398
833
2471
819
2195
1640
686
911
1546
1400
2467
1546
939
1595
1594
924
531
5000
604
591
604
2441
947
695
604
902
604
892
892
892
894
260
911
2512
2512
1567
1355
764
962
761
964
1627
968
116
98
967
754
758
1450
1456
1459
753
1455
800
797
797
1458
1451
1477
1492
989
986
992
1489
1478
993
986
981
1477
1475
1492
1479
1479
1479
1477
1477
1483
1483
1493
993
1483
1491
1058
991
1058
1058
1491
980
1055
1080
1329
1043
1489
1028
980
1484
1043
1086
1028
1057
1491
1491
1494
987
1488
991
1028
1080
1336
1042
1094
1028
1080
1058
1042
1083
1338
1040
1086
1057
1042
1042
1080
1007
1058
1057
1028
1086
1057
1488
987
987
1043
1053
1080
1040
1490
1058
1490
980
1490
1055
987
979
1486
1493
1489
987
1492
1083
991
1057
1042
1338
1039
1040
991
1043
1080
1337
1083
1491
1188
1043
1083
1039
1028
1062
1086
1080
1329
1053
1040
1490
1053
1028
1080
1086
1490
1494
1489
1004
991
1043
1083
1080
1042
1080
1039
1028
1004
991
1080
1083
1475
997
1083
1336
1053
1053
1053
1087
1295
1295
1295
1053
1080
1053
1295
1053
1080
1284
1053
1053
1087
1053
1053
1320
1295
1188
1295
1295
1040
1080
1329
1042
1307
1080
1042
1040
1329
1320
1040
1083
1040
1066
1039
1039
1329
1320
1336
1320
1320
1066
1054
1062
1329
1039
1320
1039
1320
1188
1053
1062
1040
1329
1320
1320
1320
1188
1322
1073
1318
1188
1284
1320
1073
1322
1320
1322
1073
1188
1318
1318
1073
1073
1322
1073
1073
1073
1066
1066
1329
1066
1066
1040
1083
1329
1337
1040
1083
1336
1042
1337
1337
983
1330
1336
1040
1083
1062
1062
1330
1082
1062
1320
1082
1054
1066
1336
1062
1320
1336
1054
1054
1319
1054
1054
1083
1054
1336
1336
1318
1318
1320
1318
1318
1318
1318
1318
1318
1318
1318
1188
1318
1318
1054
1318
1054
1318
1318
1318
1026
1318
1318
1062
1054
1062
1062
1007
1062
1062
1083
1062
1336
1083
1336
1083
1007
1083
1007
1062
1054
1007
1007
1062
1054
1062
1054
1062
1054
1007
1336
1054
1336
1054
1054
1054
1336
1054
1313
1313
1313
1054
1313
1054
1054
1054
1054
1054
1313
1083
1007
1083
1007
1028
1083
1007
1059
991
1004
1059
1004
1004
1004
1004
1004
1004
1004
1004
1018
1018
1004
1004
1004
1004
1018
1080
1080
1042
1080
1018
1338
1004
1080
1004
1018
1018
1018
983
1083
1337
1028
1007
1086
1007
1028
1028
1028
1007
1086
1086
1007
1007
1007
1028
1086
1491
1338
1043
991
991
991
991
1004
1490
1086
1028
1491
980
1490
1057
1057
1057
1488
1488
1086
991
135
1342
38
132
90
31
29
126
88
779
760
760
1618
811
809
793
798
965
804
804
768
766
1622
780
1369
1357
587
584
1366
1357
1348
572
1562
767
772
592
1363
961
2370
1408
2246
1411
1803
1808
1680
480
2344
538
1504
1634
1533
2480
1637
533
1431
698
1401
1401
2494
830
1434
227
4130
776
800
1458
1462
1456
754
789
753
746
796
752
1458
1458
1458
785
1453
1471
776
744
1471
788
742
1465
1472
788
743
1465
787
1478
994
806
744
1470
1483
1463
985
990
1467
1474
1472
984
1482
1475
1477
990
1478
1485
1483
1483
992
981
1492
1492
989
981
1489
992
981
992
979
1477
1477
981
1498
259
462
879
527
2405
3049
1499
1418
1511
1426
1419
320
210
2536
515
2489
2489
2342
1589
2350
1392
567
1372
1371
1527
2514
1593
1511
1502
678
1807
2371
1792
2401
2346
2532
2203
1368
2533
1628
963
1551
1647
2494
1395
1395
2504
1395
2514
2514
884
2507
2338
1513
881
214
1577
239
266
2306
1593
1593
1629
1512
1512
1611
1495
1372
1352
1547
587
1520
1629
2474
1522
1584
1571
1380
605
530
580
610
1588
1550
731
580
619
934
1606
2477
2392
514
855
4670
755
1440
968
778
978
747
1445
834
1445
761
970
972
747
1442
977
971
972
835
835
751
1450
886
234
1512
4109
460
1630
1631
1678
1630
1416
1631
460
1634
1634
1635
1637
2509
206
243
825
1644
256
688
258
1402
1375
103
147
97
2666
1435
1830
4128
1654
1655
1658
2281
1660
1659
2282
867
1663
1670
1817
1669
295
1669
2265
2353
1818
1666
2282
1677
1676
1677
1818
1679
303
2204
1682
1684
543
333
289
330
1789
550
316
673
301
336
2232
1696
1698
2311
325
1697
554
335
334
719
622
300
628
2289
2316
322
1712
1709
1790
628
381
1735
1742
1736
390
643
1721
418
1723
564
1725
385
1745
443
646
440
378
716
379
439
381
2364
377
562
2200
1738
1732
433
379
442
374
1744
372
2364
1746
380
2335
1758
1731
2318
1721
648
1748
1748
1754
421
565
1722
1727
645
2319
653
1761
2318
2336
455
539
275
1660
617
292
1768
1774
2207
615
3031
666
492
1828
1780
1671
1677
2283
1783
1788
1786
2541
4261
734
1668
733
1791
1678
2371
307
319
1539
1678
1416
525
1798
675
2343
1680
1810
1792
1812
869
1540
2528
1817
1672
1648
2689
1821
1822
1823
70
3379
1819
37
2657
4242
4254
4132
1633
1680
1979
2337
1988
657
400
1984
1983
1835
1837
406
1986
1987
718
1852
1852
1980
2372
1988
1981
1840
1833
1835
1984
1847
1846
1831
1841
1840
1840
2375
1913
1953
2167
1891
1863
1859
1894
1891
2151
1958
1940
1941
1942
1966
1943
1944
1962
1906
1966
1900
1912
1962
1962
1966
1925
1878
1921
1971
1973
1967
1973
1929
1974
2168
2163
2027
1956
1954
1861
2181
1956
2152
1957
1890
2151
2153
1939
2153
1913
1906
1962
1904
1868
1941
1867
1943
1861
1863
1904
2158
1964
1894
1948
1911
1967
1961
1910
1912
2161
1874
1973
1973
2158
1874
2161
1967
1921
1920
1920
1920
1878
1921
2177
1973
1914
2166
1912
2034
1920
2172
1921
2172
2084
2166
1954
1904
1948
2152
1858
2153
1860
1966
1872
1862
1962
1945
1912
1942
1967
1914
2166
1920
1909
1929
1921
1859
1956
2182
1867
1956
1861
1860
1854
1962
1897
1904
2157
1894
1910
1962
1914
2177
1948
1880
1921
1973
1920
2012
1920
1989
1991
422
1990
718
1832
1981
657
1982
2298
403
1983
398
1749
399
718
566
1977
1977
1976
1976
1993
1849
1997
1846
1845
1850
1850
2187
1999
1992
2003
2004
1985
1838
2006
2007
2010
2030
2028
2038
2030
2041
2032
2041
2064
2017
2064
2019
2111
2120
2039
2113
2019
2125
2125
2123
2114
2069
2068
2029
2067
2029
2037
2066
2040
2086
2086
2047
2189
2047
2042
2047
2191
2049
2377
2050
2046
2191
2193
2188
2191
1997
2110
2055
2052
2060
2060
2107
1998
2108
2106
2108
2105
2386
2106
2060
2072
2068
2071
2062
2189
2099
2000
2102
2100
2082
2082
2083
2070
2080
2075
2075
2073
2080
2382
2059
2382
2382
2186
2081
2080
2086
2086
2088
2130
2045
2045
2141
2048
2092
2146
2095
2095
2148
2060
2059
2078
2379
2001
2100
2101
2101
2186
1842
2386
2386
2386
2184
2184
2185
1998
2185
1845
2110
2075
2128
2075
2134
2127
2132
2126
2132
2132
2129
2129
2132
2140
2138
2137
2136
2135
2045
2090
2142
2142
2144
2145
2077
2384
2145
2385
2142
2141
2149
2141
2146
2385
2097
2146
2095
2061
2053
2148
2061
2017
2155
2155
2182
2158
2018
2155
2158
2158
2164
2158
2021
2021
2114
2114
2023
2166
2166
2162
2025
2020
2041
2118
2034
2013
2034
2173
2009
2011
2178
2177
2175
1887
2179
2016
2179
2005
2180
1843
1851
1843
1980
1842
1852
2187
2190
2003
2002
1996
1996
2192
1848
1643
1645
1644
1639
1642
2197
2237
2201
2236
2236
2394
674
424
305
871
554
553
2216
366
631
1682
1814
444
631
357
2213
2242
2206
2394
2223
552
2224
2217
308
1543
2245
2219
683
290
330
2233
1689
2235
2238
426
425
2211
2239
2234
703
1410
664
314
1797
613
329
2248
1688
613
1545
2236
2253
1421
2258
2403
1765
615
1767
1774
4758
1665
1670
2266
4758
2269
292
292
1769
1768
306
3072
539
705
705
4758
3179
1783
1676
2283
1676
2206
1774
1821
1666
1673
1582
278
629
428
2295
346
2296
2365
2303
2297
2296
2303
2412
941
2291
2277
2277
2349
542
407
2358
622
2359
341
442
1729
647
2266
1799
294
1703
343
710
711
2331
713
2333
1746
2362
717
2399
889
960
1599
2290
460
1511
1548
880
1359
1360
1592
1670
1672
296
1705
723
722
2292
629
646
1728
373
441
435
652
2366
2368
1782
2323
401
2375
1846
1852
1852
1982
1844
1850
2378
2109
2078
2105
2056
2061
2376
2095
2097
2374
2374
498
294
2481
923
2455
1420
537
2423
1428
217
679
2398
2476
949
207
536
2477
1572
534
1609
940
891
1787
1791
2419
2542
1784
4761
2425
2425
76
2428
2429
25
2433
177
1346
177
859
859
1343
180
849
865
172
2515
222
2447
2480
929
2473
2514
885
447
1514
2514
1605
1401
727
2485
260
2513
816
320
688
686
1516
886
1600
1602
2479
945
915
2520
208
2483
1552
2494
1647
1644
1508
1608
1570
1579
214
258
258
1528
2310
609
2347
1571
1628
1603
597
2530
4968
889
2520
946
2482
2448
2481
1500
219
1538
1538
4983
1630
1416
1416
4109
1634
1436
1634
1634
461
1791
4995
2541
471
2613
2612
2562
2617
2615
2643
2643
2615
2686
2601
3464
2556
3857
2544
2559
2679
2592
2640
2696
2590
2589
2593
2740
3344
2596
2569
2637
2571
3861
2578
2580
2669
3355
2577
2636
2573
2577
2653
2654
2680
2563
2568
2630
2587
2544
2559
4898
2641
2752
4899
2564
2594
2598
2597
2620
2599
2553
2602
2567
2579
2580
2691
2668
2549
2642
2610
2611
2681
2679
2546
2562
2614
2699
2698
2618
2618
2724
2701
2622
2720
2740
2739
2572
2628
2627
2630
2672
2631
2632
2633
2635
2682
2636
2639
3341
2634
3857
2560
2687
2547
2752
2646
2647
2629
2615
2642
2652
3858
2545
2569
2655
2678
2658
2549
2581
2654
2697
2617
2587
1821
2566
3342
2573
4294
2671
2673
2674
2629
2704
2604
2583
2634
2546
2682
3857
2684
2645
2719
2591
2567
2659
3380
2642
2698
2693
2752
3857
2562
3857
2638
2750
2726
2703
2724
2726
2725
2707
2744
2745
3360
2724
2724
2703
2734
4903
3348
2718
4902
4912
2618
2739
2746
2742
3337
3862
3367
3348
2734
2734
2709
3348
2731
3338
2709
2734
3338
2745
4903
4903
4903
2709
4903
2734
2747
3348
2725
3338
2750
3338
2726
2746
2745
3338
2714
2745
4902
3050
2758
2758
2986
3042
4942
3995
3287
3014
4948
3017
4918
4730
4913
4936
3430
3143
3203
2768
4970
3046
3992
4938
4919
3397
2810
4781
4051
4786
2804
4113
4786
4059
4109
4117
3323
4117
3328
3439
3880
3315
3299
4767
2836
2814
2812
3048
3007
3988
2817
2818
4283
4140
1810
4024
3013
4765
4290
2829
4152
4720
3004
2832
2997
4775
2997
4891
4891
4023
3010
4766
4780
3200
3012
2842
3246
4694
2994
4277
4869
4970
3028
3081
3080
4263
4025
3914
4751
4135
3012
4725
3144
4175
4171
2831
4173
2869
3002
2949
2838
4186
2840
4189
4174
4190
2875
2875
4792
4835
3146
4776
4776
3187
2967
2899
3058
3186
3223
4689
4689
2878
4172
4769
3222
3153
2892
2967
4793
4793
3223
4803
2966
4715
3187
4771
2898
2966
4713
2883
3152
4770
2885
2886
2973
2888
2973
2973
2888
2921
4198
4808
2884
2974
2916
4810
3160
2924
4209
4215
2918
2929
4812
4208
2926
4795
2927
4228
4224
2946
4223
4471
3230
4239
3170
3170
4236
2944
2933
2944
2945
2946
2936
3179
3236
4758
4744
4175
4161
2952
3189
2955
2956
4808
2958
3228
4225
2925
2962
4738
4863
2966
4712
3154
2880
2881
2894
3149
2889
2898
2899
2901
2902
2890
4214
4672
2910
4212
2917
2885
2914
2984
3319
2766
4117
4117
4002
4290
3377
2997
4778
4891
2996
2998
2998
3000
4092
2575
4749
4749
4747
4751
4826
4113
3048
4081
2424
4060
3879
4780
4136
4027
4282
4019
4016
4048
4756
3196
4876
3185
4260
4260
4769
3245
4151
4264
3031
4800
3883
2796
3411
3411
4962
3430
3043
4880
2757
2757
2757
2793
3008
4879
3991
3990
3315
2576
3425
3353
4248
4280
4712
3060
3990
4994
3900
4692
4932
4966
4924
4744
3232
4242
3002
3177
4146
2822
3083
4263
3357
3247
4176
4179
3087
3088
3088
4688
2971
2972
3151
2891
4683
3095
3161
3097
2931
3098
3266
4094
4102
3460
3266
4103
4095
3248
4116
3867
3874
3459
3125
3322
4057
4053
4053
2758
3991
2809
3892
3457
3127
3371
2783
4289
3024
3024
4247
2996
2997
4247
3893
3232
3234
2948
2817
4192
4191
2870
2870
2862
3147
4685
4684
4684
2901
2878
2879
4792
4769
3155
2901
2884
2884
2978
2979
2913
4839
2982
2924
4196
4232
3167
3163
4235
3171
3165
2935
4228
4238
2937
3174
4840
4863
4863
4251
4147
4894
4243
2846
3132
2993
2993
3184
3185
2892
3154
2881
2954
4185
4702
4273
2828
4863
2964
4700
3197
3181
4748
2820
2791
2800
3876
3288
3898
3065
3300
4993
4722
3179
3026
3185
4260
4259
4193
3188
3027
3157
2902
2883
3226
2912
4208
4226
4263
2830
2948
3357
2830
3357
3988
4085
4117
3888
3249
2835
3005
3196
3198
3332
4931
4931
4117
3259
3301
3956
3958
3964
3283
3956
3485
3253
3259
3303
3944
3959
3281
3955
3952
3952
3311
3335
3933
3937
3942
3255
3256
3295
3949
3469
4104
3931
3265
3470
3936
4104
4103
3317
3318
3941
3933
3963
3607
3971
3255
3296
3943
3936
3256
3285
3932
3317
3465
3272
3266
3269
3260
3303
3963
3953
3281
3940
3950
3284
3468
3487
3959
3960
3307
4100
3957
3318
3261
3261
3471
3470
3470
3475
3317
3317
3256
4101
3961
3965
4101
3954
3949
3283
3470
3935
3948
4873
3124
4058
3329
3873
3277
3202
3411
3951
3962
3933
3861
3861
2745
3339
3861
2742
2706
3343
3345
3860
2744
2726
2726
2725
2701
3238
3988
2815
2819
2821
2821
3862
3862
2709
2735
2731
3863
2705
3367
2649
4284
3371
4286
4703
4289
4990
2756
3051
2688
2567
2555
111
2643
3448
3439
4867
3387
4007
4035
4108
3114
3205
3137
4074
3107
3393
2800
2802
3202
3412
2794
4801
3456
3323
4117
3411
3895
3411
3412
4952
2794
4962
3249
3250
4936
4117
4117
3427
3429
3212
3447
4117
4932
4117
4932
3323
4117
3431
3412
3323
4007
3417
4013
3213
3434
4825
4073
4049
3446
3422
3418
3418
3428
4971
3042
3042
3249
3239
3243
3202
3412
2794
4048
2807
3866
3462
3314
3267
3934
3289
3466
3267
2665
878
3263
3468
3296
3262
3262
3952
3944
3947
3953
3953
3946
3955
3971
3985
3978
3490
3487
3480
3490
3253
3976
3978
3483
3490
3972
3985
3976
3971
3481
3974
3493
3480
3487
3983
3563
3589
3983
3562
3562
3977
3977
3977
3819
3554
3555
3505
3561
3977
3977
3977
3545
3519
3504
3494
3983
3983
3984
3591
3476
3589
3984
3819
3566
3550
3541
3561
3591
3983
3545
3505
3555
3819
3505
3561
3541
3819
3986
3505
3593
3562
3981
3982
3505
3560
3986
3479
3986
3541
3549
3855
3562
3986
3983
3488
3476
3977
3488
3983
3519
3985
3476
3978
3480
3986
3488
3855
3563
3560
3550
3819
3541
3550
3589
3977
3855
3541
3603
3476
3554
3853
3540
3819
3505
3561
3986
3855
3549
3550
3545
3983
3541
3561
3819
3969
3977
3976
3976
3563
3541
3504
3505
3541
3541
3554
3977
3977
3589
3562
3855
3505
3483
3549
3505
3505
3855
3855
3549
3604
3554
3521
3855
3554
3554
3554
3791
3549
3549
3554
3549
3549
3791
3521
3791
3521
3791
3819
3550
3819
3552
3541
3819
3819
3819
3533
3851
3541
3540
3541
3834
3540
3533
3540
3534
3534
3855
3851
3541
3851
3851
3533
3851
3534
3851
3851
3851
3566
3533
3843
3538
3534
3534
3534
3534
3534
3791
3796
3549
3796
3696
3796
3549
3791
3534
3573
3534
3796
3497
3796
3573
3796
3696
3813
3796
3796
3541
3540
3540
3540
3541
3851
3851
3541
3851
3541
3541
3541
3505
3853
3851
3851
3851
3851
3851
3851
3851
3851
3581
3822
3851
3566
3505
3851
3851
3851
3851
3851
3851
3851
3534
3581
3851
3851
3851
3534
3823
3823
3534
3822
3534
3534
3823
3823
3822
3534
3822
3596
3822
3823
3822
3534
3823
3534
3823
3823
3823
3763
3851
3852
3851
3851
3566
3851
3505
3505
3851
3522
3557
3557
3522
3557
3522
3557
3828
3504
3504
3557
3828
3557
3557
3504
3557
3852
3557
3828
3828
3828
3828
3828
3828
3538
3828
3557
3828
3828
3828
3557
3557
3828
3826
3828
3852
3852
3852
3522
3504
3504
3589
3589
3589
3589
3555
3983
3589
3589
3589
3555
3555
3555
3854
3552
3552
3854
3854
3589
3854
3854
3854
3552
3552
3552
3552
3555
3854
3555
3854
3854
3854
3854
3854
3552
3552
3552
3478
3541
3505
3851
3562
3504
3561
3593
3518
3505
3608
3593
3518
3505
3593
3853
3558
3853
3589
3589
3589
3983
3983
3977
3589
3983
3562
3494
3477
3977
3488
3494
3494
3494
3494
3986
3589
3589
3589
4895
3044
2619
2722
2632
3367
3863
3275
4098
3268
4098
4098
3276
4102
3304
3877
3316
3106
3288
4105
3308
4093
4106
3868
3102
3900
3110
3870
3288
3276
3100
3865
2763
3867
4039
3280
4020
4111
4870
4724
4829
1633
3016
3194
3917
2798
4112
3906
3922
4946
3925
4956
4932
4957
4955
4954
2779
2780
3283
3948
3257
3951
3311
3296
3468
3944
3255
3947
3283
3283
3946
3961
3966
3259
3957
3303
3251
3959
3282
3251
3257
3281
3262
3251
3962
3301
3971
3301
3312
3493
3495
3960
3301
3253
3259
3493
3253
3962
3490
3482
3483
3487
3487
3487
3490
3973
3974
3490
3483
3488
3985
3490
3969
3974
3976
3489
3978
3970
3976
3487
2784
4940
4063
3045
3045
4878
4092
4090
4019
3919
4885
3995
2769
4989
4004
4951
4005
3440
4066
3876
3306
3877
4010
4048
4049
3389
4767
3996
4845
4030
2534
4145
3063
3370
4675
3099
4113
2788
4033
3442
4957
4056
4015
4015
4786
4049
4953
4004
4888
2767
4055
4017
4016
3010
4032
4822
4004
3385
4090
4031
4824
4069
4814
4065
2788
4822
3443
4034
4003
4953
3436
3886
3391
3426
3438
4825
3447
3212
3425
3434
4088
4965
4867
2793
2818
4669
3945
3945
3267
3932
3943
3255
3256
3475
3949
3264
3935
3260
3261
3256
3942
3255
3952
3260
3335
3468
3296
3942
4075
4062
1635
1630
4109
1630
1632
3368
4281
4305
1633
4109
4109
4989
1635
4813
4036
3331
3115
3115
4042
3202
3202
2802
4043
3381
3464
2644
3382
3070
3046
3378
3929
4875
4748
4759
2813
4141
4760
4141
4256
4827
4828
2835
2835
4862
4828
4828
4826
4258
4154
4155
4156
4157
2842
2868
4160
3145
4785
4163
2841
4709
4167
3030
2838
3146
2840
2875
2861
2841
3148
2871
4177
3085
4178
4180
3190
3075
3234
4789
4185
4187
2840
3012
2862
4189
2839
3146
3227
3162
4221
4777
2981
4199
2930
2928
4222
2959
4200
3161
4201
2983
2913
4777
4218
4217
2923
4217
2917
3226
2908
2974
2974
4809
4671
2919
2919
2888
2909
4772
2908
3094
2915
2975
4223
4232
4811
4195
4203
4794
4198
4199
4229
2960
4231
4225
4202
4233
3162
3164
2927
2934
3166
4206
2932
3184
2847
3185
1828
2817
4244
4247
2834
4247
4247
4244
4721
3183
3183
3031
3218
4739
3185
4254
4256
4257
4257
4154
3195
4890
4890
4261
4152
4146
4146
4262
4987
4150
2826
4270
3369
4282
4110
4276
3905
4278
1632
4829
4292
4285
4286
4731
4028
1810
4155
2650
2659
2642
4297
2585
1824
4300
4301
10
3047
3122
3047
1633
2526
2938
2939
4850
4308
2943
4464
4484
4464
4312
4313
4459
4467
4306
4847
4468
4318
4460
4308
4462
4848
4309
4309
4323
4483
4327
4314
4315
4308
4847
4346
4413
4380
4454
4333
4432
4628
4334
4366
4366
4334
4336
4417
4435
4381
4381
4443
4442
4418
4435
4445
4447
4627
4372
4381
4339
4354
4396
4358
4403
4405
4405
4634
4410
4639
4396
4636
4636
4416
4433
4361
4432
4433
4365
4435
4433
4625
4417
4366
4379
4387
4445
4421
4378
4375
4361
4379
4369
4365
4366
4421
4418
4445
4394
4447
4651
4650
4354
4381
4440
4427
4390
4627
4631
4427
4445
4384
4636
4634
4412
4397
4396
4646
4358
4354
4396
4405
4633
4635
4636
4503
4640
4406
4639
4651
4403
4637
4426
4413
4435
4411
4364
4417
4418
4418
4439
4417
4389
4377
4435
4381
4445
4381
4396
4385
4358
4414
4641
4634
4454
4328
4625
4417
4442
4334
4361
4372
4345
4372
4375
4423
4382
4435
4389
4627
4445
4389
4440
4354
4403
4640
4354
4396
4412
4640
4454
4456
2937
4456
4458
2939
4306
4774
2941
4464
2945
4312
4465
2938
3175
4239
4469
2963
4458
4471
4316
4661
4473
4475
4321
4587
4584
4584
4480
4661
4482
4482
4473
4473
4470
4495
4541
4540
4506
4487
4487
4490
4507
4509
4512
4512
4541
4553
4552
4552
4552
4513
4589
4501
4592
4594
4595
4598
4553
4549
4507
4507
4512
4510
4512
4517
4512
4597
4663
4517
4523
4518
4518
4523
4523
4520
4525
4522
4523
4667
4525
4525
4526
4531
4531
4531
4532
4533
4587
4532
4533
4529
4532
4582
4582
4582
4539
4549
4541
4553
4550
4576
4544
4545
4507
4546
4550
4559
4546
4555
4554
4854
4553
4610
4555
4854
4557
4537
4581
4581
4557
4555
4579
4598
4512
4597
4518
4519
4521
4616
4521
4521
4527
4527
4530
4570
4572
4572
4572
4854
4546
4561
4480
4559
4580
4662
4581
4584
4582
4582
4584
4584
4533
4533
4533
4525
4553
4602
4589
4603
4591
4601
4594
4598
4598
4564
4599
4606
4608
4608
4607
4611
4554
4609
4519
4608
4611
4612
4618
4554
4573
4622
4861
4619
4616
4521
4619
4623
4621
4619
4859
4570
4570
4570
4859
4570
4656
4497
4628
4625
4654
4629
4590
4629
4631
4445
4590
4502
4503
4633
4592
4631
4592
4635
4637
4503
4504
4509
4509
4400
4489
4400
4646
4654
4400
4654
4651
4654
4654
4624
4495
4656
4497
4657
4318
4848
4326
4660
4657
4660
4664
4482
4525
4481
4483
4666
4481
3323
4117
4117
4670
2905
2905
2910
4714
4713
3191
4693
2843
4677
3215
2863
4716
4682
4689
3149
4710
3374
4688
4716
3131
4679
4763
3199
4696
2863
2843
4699
4719
4701
4268
4704
4707
4707
2841
4165
4166
4727
3153
2966
2889
2904
4716
4718
2877
4711
4249
3056
4720
4706
4717
4708
2876
3216
2783
4287
4713
2905
3908
3192
3911
3185
3182
4250
3142
4243
4758
4743
4758
4254
4242
4254
4244
4749
4756
4244
4752
4700
4242
4251
3218
2964
4758
4743
4258
4258
4761
4728
4728
4062
4144
4265
3919
4835
4793
2893
2899
2886
2942
4775
4188
2887
2997
4775
4775
4139
4107
3176
4755
4254
4070
4797
2949
4169
2873
2870
4172
4773
4206
4254
4254
1828
3009
4775
4964
2882
3156
3157
3157
2902
3158
2907
2923
2926
4239
4925
4801
4048
4071
4110
4819
4820
4035
4003
3104
4066
4139
4844
4828
2874
2855
2855
2855
2825
4838
4839
4211
2914
3158
4836
2932
4775
4800
4293
4293
2943
4462
4850
4460
4318
4846
4851
4322
4526
4587
4572
4858
4569
4572
4582
4587
4569
4623
4318
4143
4863
4863
4251
4924
4087
4942
4735
2770
4269
4914
2995
4877
3424
4943
4944
3445
4114
3386
3385
2848
4063
3386
4115
4891
4262
2827
4981
4761
2698
2583
4897
2622
3340
2750
2747
3350
2747
3350
2707
3338
4908
2734
2735
2731
2734
2742
4902
4973
2989
4950
3922
2988
4786
4962
4081
3394
4080
4117
4936
4961
3918
3994
4959
3441
4087
3425
3445
3391
2772
4889
4974
3926
4955
2789
3202
4737
4006
4822
4055
4057
4017
4059
4963
4032
4964
4084
2987
3070
4969
4050
4972
4918
4947
2759
2765
3927
4933
1631
4982
4129
1630
1630
1630
4109
1634
4112
4131
1634
848
461
4891
4992
2828
2424
1876
1920
1973
2166
