43
21
123
71
71
1785
1785
71
40
115
124
103
120
4272
133
143
49
21
43
2648
2624
2624
55
2426
2624
110
2558
120
4276
140
2605
28
2575
2654
2605
2662
2605
2558
4272
1340
120
2624
2625
2558
2632
133
133
133
21
2624
2624
2624
2569
2557
4276
2557
71
3341
71
836
2609
2609
2652
2608
71
71
1785
3341
4272
124
4272
120
48
4279
1785
21
2654
4276
4276
133
21
55
110
4276
110
2573
2573
140
140
2654
2625
2654
2654
2654
2654
2654
2558
55
21
16
8
9
124
4279
2569
2557
71
77
71
71
1785
1785
2625
2608
2608
2608
2615
2648
71
2608
71
4272
1785
123
2653
47
71
71
2426
2609
186
2631
2654
2654
140
2654
2605
2538
109
2614
120
2662
120
4279
1785
2631
55
40
20
189
2650
2652
2608
2652
71
1785
71
120
1340
1785
120
4279
2608
2608
4276
4276
4276
109
1782
1782
59
140
140
59
4276
4276
4276
43
109
109
4276
55
55
43
140
44
44
110
110
110
44
44
110
140
110
140
88
110
110
59
55
4276
110
59
59
59
59
4276
4276
4276
4276
140
43
4276
59
4276
850
2487
46
456
2473
508
570
884
2458
2458
1522
2479
1477
585
591
2248
2487
880
903
1383
1544
1497
2454
1586
1403
243
70
1586
2250
144
2482
2459
1388
1524
4910
868
2448
910
910
862
2678
2459
2334
1519
861
862
1543
2500
888
2482
911
875
910
910
46
1519
1520
1345
247
862
2333
2475
1390
1388
164
134
1508
39
271
2649
1397
2274
2276
1614
1504
522
1606
1759
528
683
317
1614
1614
2254
2213
1741
2505
2505
1739
2365
1531
273
831
1613
673
276
671
2385
846
845
2207
1377
2391
1391
1486
231
231
2447
2447
237
552
552
552
665
1397
804
521
2265
2192
542
540
1655
672
2206
285
476
707
2362
499
2353
299
1635
615
1643
2310
1660
1637
660
624
356
622
622
355
690
690
557
337
336
335
2307
2200
340
1642
342
343
344
2321
617
559
2293
437
355
360
367
366
365
364
435
523
355
2225
434
395
352
444
381
1686
628
629
450
384
2187
1691
429
698
636
1671
1672
1701
1959
405
646
407
408
410
1704
643
1716
1797
3184
4281
301
1632
1633
323
327
358
423
562
1697
1707
1708
1709
686
657
2199
2212
337
2354
2349
2321
1651
2224
436
620
691
439
2227
368
381
1694
349
378
1650
1479
1402
2467
880
579
880
310
309
309
2406
2421
2413
2505
2419
1743
4797
4797
2502
2613
2942
433
2292
1727
2257
4089
224
2509
1580
2446
1540
2261
1605
1378
1503
1500
2475
2474
1523
247
1498
868
862
862
864
603
1742
2417
668
1640
552
650
652
503
4798
1519
862
862
911
876
911
862
1497
1544
2464
510
24
66
3361
85
13
1346
164
812
610
1483
339
2512
533
1601
4104
13
1382
1758
896
2209
880
883
2387
309
2399
222
235
235
2447
2942
4759
4759
4233
503
433
830
650
552
3332
3152
493
302
601
417
324
1647
325
326
661
558
561
1690
1675
431
644
1494
492
492
492
1517
868
1495
583
1347
907
905
905
679
1365
1365
2341
2334
712
880
880
875
908
1399
805
1399
591
591
591
141
1586
1522
1522
2474
718
2459
1520
249
865
1753
2236
2214
1773
2208
1725
2363
2505
2505
1788
1788
4776
3207
1396
704
313
297
321
1664
1629
1631
556
2238
1636
614
613
1666
625
438
627
2287
2186
1696
452
451
1685
1670
567
638
2313
2312
2356
1706
1700
430
406
2942
503
3213
3213
3332
311
845
2201
463
599
338
1642
1659
1630
498
1484
592
1478
1584
847
503
1733
1730
2254
1723
596
1612
862
862
1497
862
480
492
2333
2333
862
593
1589
889
517
604
307
2242
3184
1742
1741
496
1639
611
1652
689
357
692
2326
386
387
1958
4759
4759
552
3152
4759
835
580
886
720
719
1589
2802
291
713
2270
1516
580
579
579
1431
1431
1422
736
928
1417
777
768
770
733
1410
1416
1411
741
775
763
764
924
787
752
1569
763
787
753
477
571
765
752
1517
477
259
681
1517
754
768
929
774
762
767
747
1360
750
918
259
918
1419
740
807
734
1570
915
1569
477
784
784
797
734
1422
1517
477
1350
774
914
749
781
1361
1419
1351
808
1569
753
569
744
1568
761
2468
2454
459
870
1497
258
875
912
258
912
258
2453
2182
876
782
933
477
110
1782
59
4276
55
36
55
2605
1382
2508
2507
4276
4276
109
85
132
2678
110
4116
4276
110
110
2604
110
4276
4276
110
4086
292
488
228
2217
1514
2420
2214
1510
85
920
3341
3
115
25
2678
2389
1555
1579
1526
480
1554
64
866
1490
1549
246
1497
801
1544
1497
1497
1497
2459
2459
1520
2335
886
255
1544
1497
1544
1544
862
1497
1519
1519
539
1519
877
905
905
580
903
903
901
884
579
579
888
580
580
255
255
801
1555
904
2482
2482
1550
1471
1551
2482
2482
901
2405
902
905
826
1549
904
1544
1520
2459
2459
2334
1545
2459
2334
2334
1541
573
767
767
2342
918
764
163
163
762
762
915
1576
1575
1571
794
1417
1562
739
775
924
730
947
945
1444
953
1443
1438
1445
791
771
791
723
756
730
771
771
1423
1440
768
1427
768
1022
981
1300
1334
970
1464
937
1457
953
1332
991
1041
1467
1461
1059
1334
967
1457
981
1026
1056
1056
1027
1074
1004
967
1334
1041
1041
971
978
967
1307
1041
1041
1041
955
947
1054
1041
1041
1041
1334
1041
939
953
1041
1334
990
1334
939
940
951
940
990
1469
1026
947
952
1453
953
947
951
1027
1022
1041
1300
1004
1004
1008
1306
1309
1334
952
1000
967
1171
967
967
998
990
1309
1333
1171
1332
1450
1454
944
953
1457
1008
1334
1334
1004
1334
1007
1464
1022
1008
998
967
724
1457
1334
1005
1005
1043
1005
1228
990
1221
1302
1232
1231
1005
1171
990
961
1304
1231
1232
1177
1063
1309
1171
1333
1334
976
991
1171
1312
991
991
1054
990
991
1054
1312
1312
1312
1312
991
1312
1312
990
991
1312
1312
1312
1312
991
1312
991
990
1312
990
990
1312
1226
1229
1226
1232
1312
1229
1226
1225
1225
1312
1312
1312
1231
1312
1312
1312
1242
1312
1229
1229
1226
991
991
991
991
1306
1312
1312
1334
991
991
999
990
1334
944
990
1312
1054
991
991
990
1312
1312
991
1312
1312
1312
1312
1312
1312
1312
967
990
990
1312
1312
1312
1312
1312
1312
1312
1312
1312
1312
1312
1312
1312
1312
1312
1312
1312
1312
1312
1312
991
1312
991
990
1312
999
990
991
990
967
967
967
991
990
1312
967
967
1312
1312
967
991
967
1312
991
1312
1312
1312
1312
1312
1312
1312
1312
1312
1312
1312
1312
1312
1312
1312
1312
967
967
967
1334
967
1334
963
1075
1020
1022
1336
1075
1027
973
1020
1336
1331
1337
1337
1015
963
1337
1336
1323
972
972
1015
1337
1331
1331
1075
1015
1337
1331
1337
1337
1266
1450
999
967
1312
967
967
1041
967
967
967
967
967
967
970
970
971
1300
1020
1008
940
1022
1022
981
982
1026
1026
982
946
1074
1454
1041
948
948
984
1300
120
1785
120
2605
110
2654
803
1358
862
581
1348
1359
258
247
868
868
1517
2342
2343
912
1368
1374
1359
912
912
1494
875
875
258
910
862
862
862
2334
1520
584
254
1592
1592
2334
2334
862
1519
1366
862
910
910
862
1367
1368
682
874
1591
875
258
875
2334
308
293
2500
261
592
2408
2470
490
490
1379
1580
293
293
2283
232
239
230
1481
1499
2299
250
589
507
2441
236
458
892
2453
229
2484
2466
1404
2584
238
1572
737
1562
1577
1576
1576
1565
737
795
806
1562
739
775
924
927
1409
731
1416
1576
1411
1417
1410
1411
797
1419
807
1443
807
1433
807
1411
1419
779
1433
1425
768
1421
1443
1445
770
1437
1430
733
1436
768
1437
1434
756
947
1438
778
1453
1444
756
954
1442
947
1439
1444
132
3330
85
3330
2473
1530
482
2412
460
2475
253
491
244
244
2445
591
2778
1559
2462
1551
897
678
2343
1538
864
2482
2459
2459
2459
2459
2459
2459
2476
1543
594
1530
482
2283
2283
2338
2318
481
1378
489
2188
2492
1384
531
1766
1762
604
2978
1526
480
1556
4906
459
459
894
492
710
910
910
910
862
862
2333
861
2334
861
2472
1578
2459
856
1476
4066
4280
709
2469
2469
2448
2469
1498
2448
1498
1524
1518
1534
4065
164
1492
604
2335
1490
1490
895
1552
2297
1489
858
1535
1534
2471
1553
2463
901
2450
898
858
2452
2450
2462
270
164
2678
749
750
767
1360
914
750
753
767
762
776
787
748
787
787
753
764
2478
513
4089
4982
4086
2500
4987
3299
2409
2409
1399
908
908
255
886
255
720
720
255
801
909
108
112
2575
158
535
60
4282
1599
4097
240
2620
2399
2399
1736
2364
275
1615
1511
1751
1738
4977
4917
4237
2346
2282
1624
2274
2276
2275
4993
1775
1583
1387
2498
2191
1650
606
2304
2316
649
2233
328
549
651
315
486
2353
277
1635
472
331
493
474
1645
609
2923
2317
1744
274
272
714
319
1641
1746
551
294
425
631
379
393
1691
1692
1689
566
565
453
1698
377
1670
1693
1698
2244
442
445
628
350
424
354
2226
351
442
348
347
2245
371
2327
1710
1667
1678
632
392
1682
428
1674
1676
1677
630
634
2355
1705
635
398
2401
2402
2396
4219
842
841
2296
2505
4797
842
1770
598
2193
503
656
466
4281
1767
1617
2423
2417
1743
281
281
830
1614
713
2493
1385
666
2189
1510
1763
305
1762
1765
1500
1584
1480
800
261
307
1501
1396
1580
4088
2338
840
1506
263
318
248
1757
234
279
1513
1747
1625
2635
2610
2585
2608
2608
2604
2569
2575
2640
2670
2524
3355
3997
1948
1957
1793
2291
1794
1795
1796
400
1813
1792
2170
2378
2172
2370
2089
1807
1967
2180
2082
1969
1968
1805
1814
1903
1879
1924
1924
1924
1924
1814
1924
1814
1814
1814
1903
1924
1814
1870
1870
1903
1870
1903
1903
1870
1879
1873
1903
1870
1879
1873
1873
1870
1879
1814
1924
1924
1924
1924
1924
1924
1870
1814
1814
1870
1814
1870
1870
1924
1903
1924
1814
1814
1870
1903
1870
1870
1903
1870
1870
1903
1870
1903
1870
1870
1870
1903
1879
1903
1879
1873
1879
1879
1870
1873
1870
1879
1879
1879
1873
1879
1873
1879
1873
1879
1879
1814
1814
1879
1924
1814
1924
1870
1903
1924
1903
1870
1870
1879
1873
1870
1870
1879
1873
1814
1817
1870
1924
1870
1870
1814
1870
1912
1814
1814
1870
1903
1870
1870
1870
1879
1873
1903
1879
1873
1873
1873
1801
1946
1960
700
1811
1951
1952
1953
1954
1954
1799
1957
1950
1945
1963
1947
2173
1962
2078
2080
2379
2026
2030
2081
2078
2177
1809
2176
1964
1817
1870
1817
1862
1876
1902
1862
1939
1939
1939
1817
1817
1817
1830
1939
1939
1870
1870
1861
1893
1861
1939
1863
2164
1902
1939
1941
1816
1893
1895
1939
2007
1895
1890
1986
2153
2065
2062
2016
2063
2064
1986
2065
2012
2016
2122
2069
2381
2124
2026
2068
2017
2069
2125
2381
2125
1863
1862
1817
1874
1980
1980
2162
2039
2138
1990
1991
2051
1830
2140
2091
2110
2127
2128
2118
2052
2046
2150
1816
2153
2153
1999
2099
2101
2113
2064
2123
2123
2120
2120
2127
2119
2077
2045
2046
2050
2054
2377
2129
2377
2372
2372
2023
2023
2136
2144
2136
2145
1881
2150
1881
2153
1893
2148
1999
2146
2096
2098
2144
2098
1994
1999
2097
2096
2094
2095
2095
2092
2092
2106
2101
2064
2099
2113
2105
2107
2119
2123
2120
2115
2120
2113
1870
1870
1870
1870
1870
1912
1870
1862
1870
1870
1870
1870
1879
1862
1862
1879
1879
1879
1862
1893
1893
1939
1862
1862
1870
1870
1870
1862
1870
1870
1924
1924
1817
1924
2032
2027
2031
2076
2059
1984
2043
2011
2015
1966
2176
888
4064
353
369
618
2247
1759
432
2266
670
2235
1772
553
440
661
555
2210
2195
1515
554
557
441
684
844
225
2277
2214
2444
664
716
2192
2204
2188
587
1509
2249
2237
2278
653
674
286
2211
2212
2231
2231
454
617
1381
322
684
226
1722
843
1514
2236
2219
286
2220
844
1381
1477
2216
2229
1528
2449
456
2488
1718
303
2401
1768
316
4759
2366
4281
4759
264
2292
2296
2295
269
2204
2252
4219
1741
466
288
3184
1622
1739
2201
1728
2205
2459
2256
291
478
2345
1620
623
342
342
362
2288
2360
2354
363
2975
2295
4989
1604
1542
538
4219
503
1518
1720
1787
2269
701
2284
1661
1688
1669
4219
4281
4219
1584
859
859
2459
2352
1653
2308
1640
2322
2325
696
697
391
1703
1559
2482
2482
2482
863
469
252
478
1764
1546
1540
595
1553
1737
1616
1776
1582
607
413
704
2280
2285
1695
2359
2290
345
2313
699
503
4797
1626
1584
408
1804
2084
1793
2371
2111
2122
2119
2075
2113
2119
2070
2113
2120
2056
503
4797
2295
2416
1588
127
2391
233
2442
244
585
2215
2421
2422
2391
238
235
2386
2404
2404
818
817
2490
2445
2393
4065
2447
537
536
2411
531
829
2409
668
2417
1743
306
2392
2395
4261
120
43
133
2624
4276
4276
109
4276
4276
109
110
55
44
44
221
2454
2456
2456
585
585
590
1587
1560
869
862
2459
1519
2459
2454
829
862
1497
458
458
507
908
911
911
591
591
859
2468
578
892
2462
1558
119
2450
1471
515
241
2397
2484
458
458
458
883
892
586
251
2477
2459
1561
458
709
894
710
2333
868
2458
2333
2333
868
1543
2334
2472
1525
1525
1488
1476
251
2484
2409
242
2459
859
856
2403
223
855
508
457
591
3031
2506
2767
4087
2496
3031
2506
4283
2506
2985
1405
4977
4981
4039
2494
2511
1394
2510
1774
2512
461
534
2635
4279
4277
4277
2585
4277
2585
4277
2591
4278
2630
2618
4279
2635
2635
2659
2735
2665
2562
2533
2567
2533
2699
2533
2572
2572
2543
2561
2534
2572
3313
2607
3864
2593
3313
3333
2550
3335
2539
2543
4279
4277
2513
2569
2571
2543
2539
2635
2635
2562
2526
2556
2567
2533
2533
2569
2568
2567
2569
4277
2528
4278
2599
2723
2607
2651
2608
2652
2585
2585
1785
2586
2635
4279
4279
4279
4279
4279
2588
3326
2680
2534
2532
2562
2658
2532
2535
2535
2534
2538
2601
2601
4923
2601
4921
2543
3313
2603
2539
2539
2539
4920
2563
2527
2676
4279
1785
4919
4279
2569
2569
4277
2618
71
2585
4279
2538
2539
2539
2606
2651
2635
2606
2585
2635
4279
71
4277
2651
71
2585
2564
3863
2564
2635
2631
2601
2603
2601
2539
2602
2557
2674
2651
2513
2541
2588
2603
4279
2602
2617
2639
4278
2622
3863
2606
2528
2539
2585
4277
2585
4279
2677
4279
2526
2513
2608
4921
2566
4921
4921
2566
2566
2542
2542
2542
2542
3326
2534
2534
2566
4921
4921
4922
4922
4922
2617
4920
3325
3326
2600
2572
2542
2542
2680
3325
3326
3325
3325
4923
2542
4923
4923
2600
2600
2597
2542
2542
4923
2542
2542
2566
2542
2566
2534
2566
2542
2542
4921
3325
3325
4921
2530
2647
3987
3012
3317
3092
4941
4028
3408
4754
3364
4947
4947
3914
4972
3916
2748
4939
4753
4091
3011
3406
2752
4720
2989
4939
4966
4985
3091
3015
2665
4092
4970
4958
4027
3402
4754
4030
4033
4945
3010
3010
3010
4084
3402
4008
3398
4968
3394
3394
4055
3010
3304
2968
2997
2997
3094
3418
4961
3899
3903
3910
2550
2559
2753
2593
2593
2599
3344
2611
2611
2613
4113
2802
4115
3899
3028
4765
4711
4256
4268
4249
4115
4758
4758
4781
4239
4238
4236
4012
4037
2983
4120
4122
3172
3028
4718
3168
4721
4721
4713
4254
4905
2819
3039
4888
2755
2756
3005
3052
3052
4246
4749
3164
3041
4769
2982
4694
4132
3101
3114
3170
2836
2992
4774
4766
2807
2991
2809
2837
4144
4144
2829
4142
4854
3125
2850
2864
4812
3123
2863
2863
4823
4707
4145
2844
4158
4130
4746
4136
2848
2848
4160
2850
4788
3188
4736
4703
4795
3159
3158
3158
2868
3193
2946
2871
2945
2869
3030
2951
2859
3029
4190
3065
2872
2890
2936
2886
2897
2892
2950
2883
4832
4196
2900
4169
4170
2902
3137
4862
4201
4210
3142
4815
4202
3143
2908
4204
4777
4281
4759
3216
4148
3058
4151
2835
3191
2932
4702
2936
2898
4200
2905
3154
2975
3122
2848
4143
4855
4141
4717
4730
3157
3159
2946
3001
3062
4701
4733
2951
2855
4792
2855
2995
3995
4090
3912
3915
3385
2752
2752
3040
3919
3040
3040
3348
4250
4913
4989
4912
2801
4798
3358
2611
3185
3102
4757
4109
4025
4931
2760
3909
4963
2989
4023
4765
4225
3165
3903
3995
2764
4029
4029
4945
2766
3371
3402
4232
3099
3166
4899
4158
2787
3052
2975
4798
4794
2997
3010
2997
3414
2997
2997
2997
4835
3012
3404
3016
2530
2530
2645
3353
2549
4064
3316
2599
2645
2645
2550
2593
3026
2529
4220
4974
2848
4994
4105
4104
1601
3908
2817
3034
3212
4714
2752
4103
4103
3919
3911
4887
4888
2942
4281
4281
4864
4232
4223
2787
4242
4242
3052
3152
2941
4695
4149
3059
2963
4129
2963
3061
3061
3119
4708
4751
4195
3071
3253
2773
3423
3875
3073
3872
3093
3406
3866
3009
3418
3411
4944
2997
2968
4957
3912
4939
4938
4939
4955
3353
2645
4966
4029
4960
2747
3219
4836
4964
3894
2779
3901
4267
4247
4774
4232
2801
4899
3037
3055
4763
4777
3096
4754
4163
2823
4786
2829
4159
2830
4704
3124
2845
4162
4811
3116
2850
3124
4789
2879
4689
4691
3130
2960
4792
4191
4175
4174
4177
4856
2962
4170
2900
3138
3134
4861
3102
4794
4115
4115
4226
4706
3347
4901
4145
2849
4162
4821
3060
3215
2743
3991
3991
3991
2804
4794
4217
4228
4737
4225
4778
2997
2997
3010
2997
4049
3010
3887
3174
3410
3868
2817
3900
4251
3184
4899
3156
4898
3162
4141
2851
2865
3125
3127
3196
2885
2899
2906
3052
3052
4777
3052
3152
2599
3209
2968
3384
2966
3384
3219
2802
4845
4756
3179
3384
3384
3394
3221
3947
3946
3948
3933
3284
3939
3970
3448
3935
3228
3933
3938
3930
3260
3433
3923
3921
4073
3294
4071
3244
4076
4077
3307
3289
3264
3269
3247
3267
3267
3283
3272
3966
3446
3260
3428
3262
4081
3248
3422
3080
3297
3956
4079
3947
3231
3274
3305
3244
3255
4078
3280
3956
3259
3246
3939
3249
3286
3287
4080
3282
3224
3451
3277
3438
3256
4068
3920
3298
4956
3092
4966
3092
2968
4957
3891
2773
3087
3392
3375
4077
3223
3288
4956
4923
2534
3861
2534
2534
2599
2704
2724
4925
4927
4254
2507
4922
4922
4922
2534
2534
2534
2616
2665
4931
2550
2611
2559
4116
2572
2542
2542
2680
2542
2534
4923
4086
4086
3902
3111
2749
4743
4715
4250
4988
2665
2529
2564
2555
2515
71
4900
4942
3984
4062
2611
4025
4940
3401
3405
4950
3396
3401
3397
2997
3301
3414
3301
3402
3402
3402
4836
3384
3393
2997
4835
3371
2997
3370
2997
4835
2997
4836
4836
3385
3385
3385
3385
3385
3026
3379
3385
3384
3385
3385
3385
3391
3037
3411
4047
4050
4050
3178
3399
4050
4047
4027
3403
3404
3405
4902
3411
3411
4836
2997
4836
4835
4835
4836
3094
3423
3265
3430
4023
4070
4277
1784
71
3242
3429
3239
3432
3942
3435
3226
3436
3306
3236
3931
3440
3971
3971
3452
3983
3565
3964
3973
3972
3565
3965
3958
3967
3533
3981
3962
3453
3563
3460
3852
3446
3607
3842
3499
3670
3737
3539
3526
3841
3845
3586
3499
3646
3537
3841
3521
3499
3681
3681
3828
3788
3484
3488
3542
3573
3480
3584
3650
3670
3506
3506
3670
3673
3717
3473
3641
3693
3693
3670
3673
3661
3693
3827
3734
3732
3827
3507
3507
3496
3545
3625
3545
3670
3516
3496
3819
3467
3819
3788
3681
3561
3561
3574
3852
3553
3849
3646
3567
3830
3499
3625
3620
3499
3665
3584
3670
3537
3588
3704
3657
3547
3646
3734
3547
3641
3670
3473
3641
3612
3819
3833
3526
3574
3845
3499
3584
3732
3670
3670
3600
3480
3526
3677
3625
3732
3961
3485
3720
3696
3589
3641
3641
3588
3641
3588
3588
3588
3603
3603
3641
3588
3586
3641
3588
3641
3641
3641
3588
3550
3641
3535
3589
3641
3589
3620
3641
3641
3625
3620
3670
3625
3646
3646
3641
3657
3647
3646
3641
3657
3646
3641
3641
3645
3641
3645
3647
3646
3641
3641
3644
3645
3645
3647
3647
3645
3645
3647
3647
3647
3647
3647
3647
3647
3647
3657
3657
3645
3647
3647
3647
3647
3625
3657
3641
3646
3625
3646
3646
3641
3657
3646
3670
3670
3691
3737
3657
3657
3646
3717
3657
3657
3657
3657
3657
3657
3661
3657
3657
3657
3657
3657
3657
3657
3657
3657
3657
3657
3657
3657
3645
3657
3657
3657
3657
3657
3657
3657
3717
3717
3657
3657
3657
3657
3657
3657
3657
3657
3644
3644
3657
3646
3657
3657
3717
3646
3717
3699
3732
3712
3776
3717
3721
3711
3712
3720
3711
3717
3711
3767
3717
3767
3720
3720
3717
3728
3723
3717
3717
3717
3723
3723
3717
3723
3723
3711
3723
3776
3717
3723
3727
3717
3697
3712
3657
3720
3699
3719
3573
3573
3810
3573
3499
3810
3567
3573
3817
3573
3797
3798
3807
3813
3808
3808
3809
3807
3807
3808
3797
3573
3807
3573
3573
3797
3808
3816
3807
3511
3615
3657
3646
3681
3699
3681
3681
3650
3681
3732
3732
3731
3681
3673
3673
3550
3499
3610
3466
3497
3841
3499
3499
3479
3681
3841
3521
3830
3833
3827
3846
3828
3810
3499
4279
4279
2655
2680
3326
4923
4923
3883
3876
3418
3080
3025
3873
3418
4005
4004
2773
3868
3254
2773
3265
3010
3304
3010
4836
3093
3384
2968
2997
3094
3895
2997
3304
3010
3174
3084
3009
2968
2968
4023
2818
2996
4035
4035
3994
2743
3089
2827
4035
3992
4011
2827
2764
2804
4897
4938
3996
2969
3362
2764
3088
2747
2750
4895
4937
3038
4944
3038
3913
4971
4954
4954
4985
2668
3917
3226
3233
3437
3940
3239
3924
3920
3434
3435
3226
3295
3270
3931
3273
3955
3947
3259
3221
3941
3936
3938
3223
3942
3222
3931
3223
3221
3451
3292
3462
3966
3229
3221
3230
3279
3968
3579
3457
3974
3447
3454
3967
3964
3958
3449
3977
3440
3974
3971
3971
3971
3530
3977
3982
3574
3529
3971
3980
3580
3485
3860
2616
2530
2645
2619
4931
4064
3088
4961
4036
4841
4034
2969
2969
2747
2747
2965
2965
4888
4938
4897
3990
4949
4951
3081
3081
3878
4003
4046
4836
4054
3402
3402
3402
4050
3402
3363
3398
4962
4962
4036
4841
4036
4009
4009
2774
3905
4259
3903
4253
3181
2964
4915
3903
3904
4041
4843
4800
4837
3401
3095
2759
2751
4957
3304
3010
2766
2766
4008
3367
4948
4059
4949
3915
4956
3087
3914
4960
4029
4945
4030
4968
4946
3363
4031
3363
4964
3360
3358
3984
4022
3175
4001
4044
4805
4042
3095
4032
4837
4044
3400
3366
2987
4044
4805
3409
4060
3386
2746
4952
3386
4942
2611
2549
2765
2765
4079
3250
3245
4080
4069
3244
3298
4067
3430
3237
3260
3240
4076
3429
4000
3998
3909
2767
3997
4048
4782
4971
4911
4955
3394
3394
2968
2968
2997
3301
2968
3376
3304
2553
71
2516
2645
3859
2645
4967
2501
4102
1600
4103
4103
4104
4107
4110
4235
4124
4245
4016
4760
4127
4779
4779
4118
2776
4014
4846
4117
4119
2788
4840
4259
3992
3906
4712
2810
4132
2842
2980
4739
2790
4744
3005
4157
3171
4161
2982
2797
2998
2811
3057
3169
4696
4139
4801
2824
2786
4784
4159
4783
2808
2828
3173
2806
3115
2935
3130
2888
4192
2958
4183
3067
3068
4189
3130
2961
2887
4187
2950
2896
2882
3066
3128
2857
2857
4700
4733
4732
2858
2888
4790
4701
2886
4827
4208
4172
4184
3132
4180
2904
2902
4173
3070
2937
4171
2962
4178
4179
2959
2897
4182
3099
4281
2942
3096
4239
2999
4239
2782
3345
4698
3155
4794
3156
3156
4281
2777
3342
2788
4123
3166
3166
2794
4121
4115
530
4260
2762
4253
4978
2964
4890
3165
2988
2996
4974
3908
4752
3991
2818
3995
3901
4754
4839
2774
4010
2994
2993
2826
4258
4722
3098
4017
2503
4865
4840
2635
2650
2585
2539
2570
2569
2635
4279
2635
2670
4281
2620
2620
4871
2916
4793
4212
2918
4290
2909
2911
4464
4793
3146
4298
4286
4868
4474
4870
4289
4302
4297
4869
4286
4305
4354
4348
4423
4360
4360
4312
4309
4314
4427
4348
4309
4360
4365
4360
4309
4424
4427
4410
4438
4327
4366
4373
4438
4337
4402
4417
4339
4378
4423
4423
4330
4338
4404
4309
4347
4360
4309
4360
4360
4637
4314
4353
4317
4354
4429
4409
4361
4360
4669
4403
4309
4360
4318
4317
4409
4637
4365
4360
4432
4324
4372
4432
4324
4369
4367
4373
4418
4410
4342
4383
4445
4415
4450
4391
4378
4372
4327
4378
4647
4651
4449
4423
4311
4449
4404
4394
4354
4386
4330
4360
4354
4317
4360
4309
4409
4360
4360
4373
4327
4438
4317
4415
4370
4310
4339
4383
4309
4314
4354
4424
4360
4353
4373
4429
4323
4354
4312
4410
4438
4317
4402
4370
4378
4415
4382
4438
4423
4450
4311
4378
4454
3145
4292
4215
4463
3140
4459
2907
2920
2910
2939
3140
2940
4465
4199
2922
4304
4466
4293
4301
4300
4474
4307
4677
4471
4478
4683
4291
4481
4543
4483
4485
4486
4660
4488
4658
4511
4656
4483
4493
4494
4496
4657
4395
4496
4645
4645
4654
4651
4503
4543
4507
4506
4508
4509
4512
4513
4567
4548
4546
4516
4518
4517
4570
4573
4573
4527
4521
4529
4680
4522
4533
4537
4537
4532
4594
4533
4533
4594
4537
4535
4535
4536
4543
4553
4544
4678
4583
4550
4477
4584
4551
4566
4556
4587
4545
4555
4628
4561
4541
4539
4876
4562
4563
4514
4498
4515
4519
4613
4524
4574
4625
4877
4532
4536
4579
4580
4628
4585
4471
4677
4586
4879
4589
4590
4594
4590
4594
4534
4880
4598
4596
4598
4597
4654
4601
4602
4604
4567
4606
4614
4608
4607
4600
4616
4556
4574
4614
4607
4622
4617
4620
4620
4627
4623
4626
4574
4629
4576
4632
4633
4576
4532
4577
4531
4669
4639
4639
4671
4317
4637
4641
4367
4640
4643
4381
4381
4643
4393
4342
4643
4342
4404
4448
4657
4448
4658
4662
4660
4387
4375
4486
4372
4669
4360
4360
4669
4669
4674
4306
4299
4672
4305
4883
4478
4525
4595
4472
4681
4472
3394
2559
4734
4735
2868
4903
4255
4718
4770
4719
4724
4694
3118
4703
4717
4729
2830
4719
2831
3118
4723
4705
4780
4247
4715
4892
4255
4694
2810
4709
3163
4753
4692
3164
4743
4781
3153
2799
4135
2847
4745
4736
4703
4729
2846
4727
4728
4723
3300
4747
4265
4021
4258
3170
4726
4742
3346
4974
3098
2868
4708
3300
3089
3089
4941
2743
3996
2814
3154
2820
4740
4759
4108
4281
4229
3097
2800
3187
3110
3155
2942
2942
4794
4216
4759
4759
4847
4123
4697
4741
4050
4234
4109
4053
4037
4783
4142
4812
2849
3159
2870
4814
2801
4811
2857
2801
2975
4106
4963
4946
4864
4767
4864
3363
4959
4766
4816
3107
2822
2791
4143
4186
4168
4281
4864
3167
2801
4049
3114
4165
2852
3125
3125
3160
2873
3121
4185
4201
4958
4050
4050
3402
3180
4054
4785
4785
4013
4051
4031
4842
4003
3175
4760
4112
4114
4011
2842
3055
3054
2991
2838
4193
4859
2952
3121
4813
4857
2975
2800
4252
4010
2917
4456
4294
4287
3146
4300
4874
4874
4539
4629
4538
4674
4576
4579
4882
4270
3102
3102
3408
4099
4942
4892
4908
2748
4888
3897
4250
4891
2755
2755
3348
3349
3316
4248
4902
4892
4908
4897
4969
4965
3039
2819
2755
4915
3365
4969
4894
4899
2816
4892
2970
4125
2526
2561
2562
2532
2567
2572
2566
4921
2566
4922
2566
2566
2542
4921
2542
3325
2679
2680
4922
4970
4972
4939
4939
4887
4887
3916
4970
4944
4836
2997
2997
4836
4835
4939
4966
3360
4836
4835
3371
4944
4944
3395
2997
3304
4939
3300
4939
4090
4083
3092
2967
2968
2751
4027
4057
4061
3209
4967
2741
4937
4937
4971
4944
2759
2751
3300
3092
3092
4835
4837
3038
4957
2968
3010
2766
4968
3398
3367
4959
4940
4059
4061
4969
4911
3918
4049
4051
4936
4972
4937
3357
2744
3996
4938
4938
4990
3031
3909
3034
4981
3900
2480
4990
2507
2465
4126
4980
4038
3035
3036
4994
3900
3350
525
4995
1602
4105
3393
3393
3384
