40
40
11
11
9
155
3356
111
70
60
1594
105
2584
17
40
40
41
70
826
826
850
14
72
822
35
516
839
154
4280
72
1344
132
518
4280
4280
4283
1778
1786
471
1778
2784
103
149
851
77
4274
164
2784
106
163
102
104
19
218
186
186
189
118
132
164
2522
4100
4271
243
514
4280
2979
4280
4064
10
68
3356
3016
77
2623
151
151
17
41
3
106
155
518
34
815
38
32
84
19
816
101
118
132
117
2678
154
127
2678
19
1778
121
2784
815
520
131
66
527
4282
4273
815
817
2659
2632
2633
1593
68
68
155
1339
1780
3330
4064
3330
3427
2783
106
112
125
3427
10
2784
1783
126
849
1473
1474
2590
2783
1778
65
164
818
2757
2979
51
1786
41
121
7
2783
520
105
826
527
1472
4280
4100
3091
2783
155
922
41
62
8
12
160
2783
63
63
63
818
38
815
38
34
1470
38
32
24
35
812
35
35
816
815
815
64
518
818
38
38
38
38
812
35
518
518
518
518
34
38
38
34
34
518
812
812
479
479
35
35
35
38
38
35
38
35
35
38
63
266
817
35
518
63
511
2397
2397
2397
2416
880
267
2247
2409
792
1555
456
2457
310
2188
222
458
579
532
232
1596
4967
2480
590
234
471
1470
248
4987
1579
1528
265
2500
2448
250
2498
1592
1371
1592
570
1560
765
808
1482
271
4066
596
1768
513
514
610
2778
4910
272
831
1623
237
299
1509
530
2194
831
1746
299
285
2191
1725
1726
1726
2264
2264
291
2282
1542
1664
2353
1643
1662
300
301
1719
657
2494
1758
526
1722
313
704
609
1638
312
311
318
2399
1662
1641
322
1632
324
325
328
337
2353
332
1634
334
335
1642
1644
621
2239
339
356
341
2311
625
627
2286
2289
443
348
381
351
442
445
2185
2245
658
362
497
326
2228
348
2288
349
364
366
424
2226
448
2187
378
443
1693
382
697
628
377
451
379
1670
1688
393
635
1694
382
402
1667
1687
1669
392
2361
398
1704
1716
1706
1710
385
1949
405
409
409
1954
1954
1976
1947
1949
1948
1957
1951
1794
1953
1795
1953
1955
1954
1975
3203
3205
4817
3047
1648
417
556
557
560
446
1674
428
1707
430
431
1945
1956
432
4886
2225
363
435
365
423
618
381
383
443
376
425
1689
395
1673
393
392
636
2294
2358
2198
1506
585
459
459
459
2495
2401
2976
2976
4886
1582
4089
4906
4819
649
472
473
276
2284
1566
471
1558
1622
293
914
298
330
1508
487
1483
592
2448
545
474
602
288
1725
495
466
694
315
498
501
500
647
479
912
492
903
223
2465
906
906
589
513
4906
906
479
514
511
4101
765
766
708
511
674
475
361
350
3918
2507
4992
885
2453
1602
4773
313
3045
606
540
333
545
499
498
499
706
552
651
3151
3056
302
1628
1649
454
2202
353
2197
563
370
564
1697
565
567
644
644
1946
759
754
787
1569
762
750
750
604
578
579
1348
1357
782
712
1521
457
1486
241
589
2480
2488
1477
679
1354
1370
610
1723
303
2400
601
2262
2262
682
608
313
313
607
2352
522
1652
612
1653
1666
340
624
2198
360
2196
346
2224
436
2293
438
345
628
629
1698
1676
1710
1678
633
2356
633
1715
1961
403
1791
407
646
2360
411
642
1947
1960
646
2302
647
649
473
3151
3151
2234
654
655
2251
687
656
658
361
659
619
1666
334
1383
1384
4992
649
670
717
671
672
485
320
715
1347
571
1366
680
1550
1568
2496
2204
3056
1734
603
2322
439
2325
2326
2327
2328
2357
391
1703
1948
3204
3202
3044
704
3044
701
3203
3056
3203
3207
514
2405
710
710
712
680
830
1612
295
716
600
764
1373
1589
874
721
1423
1436
724
1431
783
1431
1444
728
1429
1423
721
768
731
1428
930
725
925
807
735
734
1573
736
727
1562
1418
737
737
1577
806
747
763
740
1409
756
779
1416
738
1411
1573
797
742
1576
788
1576
775
772
770
756
1429
773
735
1409
1562
1408
771
1443
728
1562
1577
783
744
931
1417
739
785
786
768
724
795
1421
1409
794
777
727
926
2488
2442
2469
1356
808
586
710
739
807
770
2449
127
63
471
1786
34
815
1786
827
220
518
3320
35
38
38
1473
518
471
4688
3332
652
652
38
38
38
816
34
34
32
34
1747
1609
842
1769
2218
2207
2402
2794
590
590
1597
1474
141
1594
4098
2522
906
223
1532
1534
480
859
2299
594
1554
1535
1553
865
1555
863
912
912
258
258
483
1365
710
258
710
912
477
1517
719
879
878
254
880
893
886
708
898
584
889
1590
677
870
1591
258
895
897
2341
897
1557
1491
1538
862
902
903
903
905
904
2397
2397
2405
712
878
904
874
258
912
258
1517
477
915
775
741
483
767
924
10
10
1594
1419
1411
1419
1431
1431
725
732
783
731
1424
1429
1421
943
943
1466
943
1454
956
948
943
1441
1441
951
1441
1447
1438
778
943
723
778
1448
1442
953
758
771
1329
1329
1273
1052
1300
1041
1023
1023
1041
1041
1329
1031
990
1269
1329
1023
957
966
967
1074
1329
1329
1464
937
1468
1460
1329
957
1269
1315
985
990
990
1016
1273
1313
1273
1273
1334
997
957
1031
1336
1118
985
1334
990
990
1300
1067
1041
1465
1326
1016
1273
1336
957
1336
973
973
973
1467
1329
967
1459
937
937
948
1463
1024
1460
1301
973
967
1268
1273
1269
1032
973
1269
1273
1315
1315
1461
1269
979
1034
1268
1301
1034
1467
1268
1268
1269
1273
973
985
967
1269
1449
1460
1056
939
1269
985
957
1315
1273
1273
1269
982
1067
1273
973
1269
1063
791
1269
1063
1301
1313
1285
1269
1086
1086
1086
1086
1285
1086
1268
1290
1269
1269
1268
1268
1268
1086
1086
1086
1086
1086
1086
1269
1273
1269
1269
1273
1273
1268
1273
1269
1034
1034
1034
1034
985
1034
1034
1315
1034
1034
1034
1034
1034
1034
1034
1034
1086
1034
1034
1034
1034
1034
1034
1034
1301
1034
1086
1034
1086
1034
1034
1086
1086
1086
1086
1086
1086
1268
1086
1086
1034
1086
1034
1086
1086
1086
1086
1086
1086
1273
1034
1034
1032
968
1105
1315
1032
1032
1273
1034
1034
1268
985
1016
1300
1125
1125
1034
1118
1125
1220
1125
1301
1125
1125
1034
1220
1118
1301
1034
1034
1125
1125
1125
1125
1125
1125
1118
1118
1125
1125
1125
1125
1125
1125
1125
1125
1125
1156
1125
1125
1125
1125
1125
1125
1125
1125
1125
1125
1125
1126
1125
1118
1125
1118
1118
1034
969
1118
1118
1220
1034
1229
990
1313
1229
1312
1229
1229
1229
1220
990
1229
1229
1229
1229
990
1229
1229
1229
1258
1258
1257
1258
1229
1125
1229
1250
1229
1183
1258
1229
1258
1258
1258
1258
1183
1258
1229
1063
1063
1313
990
1313
1273
1269
973
1273
1269
1269
1329
1268
1269
1269
1269
1269
1290
1290
1290
1269
1268
1269
1268
1275
1275
1269
1290
1275
1290
1290
1268
1269
1269
1269
1269
1269
1290
1290
1269
1290
969
1315
990
1301
990
1312
1312
967
1309
1313
967
1313
990
1031
1327
1329
1067
957
1269
1329
985
973
973
1460
1067
1031
1031
1466
1466
1023
1041
967
1041
1041
1041
1024
1329
1329
155
3
34
35
121
121
34
259
259
1348
517
519
761
740
781
787
1564
781
576
753
752
774
775
1569
1353
767
1366
1373
477
1369
1349
581
1358
1374
1352
787
528
2336
1755
2510
1762
1381
1765
1765
1378
1502
524
1395
489
1403
1399
229
1400
1587
240
3859
931
725
1429
1433
734
1425
926
1431
1431
1414
732
1409
807
1428
734
724
1443
1432
1423
721
773
732
768
1423
1426
1436
768
770
1434
1435
1437
728
771
768
722
1445
1438
756
770
1448
1448
1435
1441
778
1434
778
1442
953
953
730
954
1459
943
943
1449
954
1450
1056
1467
943
1452
951
938
267
513
221
514
589
1598
514
513
665
1478
2250
1483
800
1481
2283
1488
2451
480
1552
595
595
1360
764
1354
862
247
2475
490
1500
1504
1386
2339
842
1749
4988
2237
1753
678
574
860
2477
1525
1402
2468
1521
2473
1523
1543
1518
2297
1534
591
2470
226
250
1529
253
1499
594
1531
1585
2978
1534
918
1350
1495
864
2343
2502
2303
1538
1578
478
860
2343
902
2452
1556
1552
1490
708
2460
863
858
1490
1476
2184
4906
470
739
928
1576
923
775
933
777
1419
1411
930
736
727
1409
1419
727
1419
2459
1546
478
2500
2498
4982
1581
1625
1747
1387
1583
1583
1789
1580
1584
4987
4024
1588
260
1589
676
1368
583
2580
3090
3427
3988
3016
3427
1600
3859
4984
3911
3032
2279
2261
1723
1610
264
1736
2256
2279
1767
273
1614
1610
1618
2366
283
1620
1739
1616
1617
1624
2347
2221
1627
1629
2349
2307
1634
329
1636
2212
1639
1637
611
1640
2310
1642
615
1644
1645
1634
1631
2210
1651
454
689
2350
2351
1655
1657
613
613
342
615
340
663
1637
616
1708
1712
1715
1705
643
401
1701
1702
637
1700
1710
638
633
634
1681
636
392
2361
1671
1706
427
631
388
566
447
630
1672
1670
1685
1695
1696
1676
1679
697
1976
1797
404
1958
410
399
400
400
568
397
1959
1946
1700
640
639
406
2291
643
642
405
1733
686
4764
2265
2262
2262
521
2254
1730
2252
647
1734
2271
4777
1604
1737
2275
2276
2419
1740
4989
651
1745
284
502
4244
2974
2339
1748
2413
843
1753
1775
481
2508
1385
1761
1762
1765
1626
1623
1608
316
844
2208
3350
2509
1617
2580
106
2582
2783
2678
2611
2621
3090
3988
106
3427
3090
4816
1789
1789
2173
1798
1811
1804
1806
2179
1808
1809
1975
1809
2174
1969
1804
1802
2080
2172
2382
2170
2371
1968
2089
1967
2180
2179
2180
2080
2060
1968
2172
2082
1903
1814
1903
1873
1924
1817
1817
1822
1817
1924
1924
1924
1903
1873
1903
1903
1924
1903
1870
1876
1873
1873
1873
1876
1928
1873
1873
1873
1873
1873
1873
1879
1886
1939
1939
1939
1939
1924
1817
1821
1921
1921
1817
1924
1817
1823
1922
1924
1817
1903
1870
1903
1876
1862
1903
1903
1924
1870
1924
1903
1870
1870
1870
1873
1873
1873
1876
1873
1870
1879
1870
1862
1879
1876
1873
1879
1876
1886
1886
1893
1939
1873
1873
1886
1879
1876
1873
1862
1893
1898
1942
1939
1939
1939
1886
1939
1873
1922
1876
1822
1817
1817
1924
1924
1903
1873
1924
1924
1903
1903
1879
1879
1873
1886
1873
1873
1939
1939
1924
1817
1822
1814
1924
1857
1903
1903
1873
1870
1903
1870
1870
1873
1873
1873
1873
1873
1879
1939
1873
1873
1879
1939
1942
1893
1971
1974
1972
1799
2369
1811
1793
1807
1808
1952
2181
1798
1963
1792
1813
1965
2079
1974
2079
2078
2077
2044
1966
1966
2031
2089
2088
2044
2045
2077
2181
1972
1972
2167
1863
1833
1937
1833
1845
1840
1942
1840
1896
1942
2166
2135
2135
2166
1896
1896
1878
1933
2145
1882
1894
2153
2150
2162
2161
1937
1845
1840
4999
2158
1896
2157
2009
1984
1985
2009
1986
2012
2063
2022
2016
2015
2065
2005
2012
2015
2022
2018
2376
2017
2129
2025
2025
2373
2027
2075
2377
2075
2076
2131
2381
1978
2167
2166
1981
2007
1981
1977
1978
1988
2039
1987
2091
2138
2051
2138
1994
2138
2051
2053
2128
2118
2054
2051
2001
2091
2154
2154
1993
2061
2063
2064
2064
2019
2016
2068
2124
2069
2381
2125
2127
2110
2092
1980
2045
2046
2001
2052
2054
2059
2378
2378
2032
2027
2373
2032
2090
2021
2023
2140
1871
2166
2151
2144
2146
2144
1999
2151
1999
2063
2098
2096
1996
2098
2144
1994
1994
2063
2099
2103
2106
2094
2094
2093
2092
2105
2107
2112
2111
2111
2111
2113
2121
2119
2119
2069
2381
2115
2123
2120
2135
1821
1830
1821
1817
1862
1862
1870
1830
1870
1935
1879
1861
1878
1881
1862
1902
1862
1893
1893
2150
1893
1896
2150
1896
1939
1942
1873
1941
1886
1873
1873
1873
1876
1828
1864
1828
2166
1905
2083
2084
2088
2087
2082
2057
2048
2011
1984
2178
2020
1966
2177
2077
258
254
4907
4038
1691
447
1692
2398
2390
2191
2192
300
654
1629
2226
2186
2203
454
2199
2193
441
2227
2204
2215
2206
846
2195
2211
2200
2206
1509
1773
2230
285
286
1635
329
2222
2223
434
383
442
2187
2225
368
434
2278
2236
2233
2241
845
1514
2238
338
2277
2243
2235
382
1690
2209
2249
2270
432
522
653
3206
1606
4818
4816
2925
4761
673
2264
2262
2363
485
2266
647
647
4819
2271
2271
2925
2926
3206
2274
2275
2213
1730
2213
476
296
2338
2285
343
347
2288
2290
2294
1951
649
437
388
4768
1585
856
1500
2304
2305
333
253
2304
2306
2306
2308
2307
2354
437
1680
410
3150
542
3046
4819
1756
2334
690
692
439
695
696
387
391
1683
396
1800
249
2482
2343
1540
2365
2318
1511
2299
1579
1350
1516
2344
2364
2346
689
1652
2350
1655
1639
614
2354
1714
2331
2312
390
408
1951
700
2385
1751
1751
1803
2368
2379
2083
2370
1950
2030
2018
2023
2118
2055
2070
2119
2378
1966
2124
2120
2057
1615
2384
2264
231
1558
1470
819
307
462
4799
2397
2412
1742
1475
2405
708
530
906
906
2406
2763
1487
1513
2978
1526
1743
465
1750
847
2276
8
41
814
202
37
63
63
38
63
63
35
38
35
812
812
812
816
2466
236
2455
2445
856
868
1558
856
708
2441
2458
861
2469
1490
1526
1470
1470
2471
906
2403
2464
1599
2485
1586
2453
225
2482
1547
2468
2473
230
2474
2475
1525
2476
1578
2501
1525
2472
906
2484
223
2486
2479
308
1583
1581
4977
4099
4982
1789
4983
1580
4985
2509
2500
4085
4269
2974
4990
4240
2423
4994
2657
2530
2587
2674
2586
2582
2586
3354
2668
2619
2740
2668
2529
2589
2657
2565
2740
4953
3404
2530
2514
2720
2722
4953
3405
2733
4061
3365
2528
2598
4061
3364
4965
3990
3012
4949
4056
3360
4062
2674
2618
2529
2529
2611
4929
4063
3857
2589
2657
2663
4900
3012
2722
2696
4929
2722
2611
2719
2611
2664
3016
2619
3012
3407
3380
3380
4965
2740
3426
3356
2637
2589
2623
2647
2619
2529
2555
2587
2671
2529
4057
4056
3409
4056
4060
3409
4953
3409
3409
2559
4061
2611
2613
3984
4061
2765
3409
4965
4951
3358
3409
4953
3209
2740
3357
3408
2517
3409
3409
2659
2610
2664
3354
2672
3356
2672
2641
2591
4040
4040
2590
2672
3427
2591
2553
2626
2619
3990
3427
3427
3012
3404
4951
3404
4064
4951
4951
2613
2632
3364
3407
4033
2531
3407
4951
2555
2613
3409
2574
4953
4902
3404
4965
3357
2740
3426
3426
3426
2528
4953
2529
2674
2531
4064
3364
3364
4056
4060
4056
4056
4056
4056
4056
3364
3364
4056
4056
4056
4056
4056
4060
4060
3409
3409
3409
4056
4056
3364
3409
4056
4056
4056
4056
3364
3364
3364
3364
4056
4056
4056
3364
4056
4056
4056
3364
3409
3409
3364
3364
3364
4056
3364
4056
4060
4060
3408
4056
4056
4056
4056
3409
4056
3364
3364
3383
3011
3011
4944
4973
3385
4083
4752
4971
3080
3095
2759
2827
3038
2743
4971
2968
3384
2751
4722
4888
4955
2744
4937
4970
3038
4031
3391
2762
2995
4084
4028
4059
3998
3010
2747
2767
4087
3220
3895
2987
3388
3866
3880
2774
2775
4958
3999
2777
3380
3110
4958
4245
2787
2788
3111
2829
2838
3166
4220
3331
4726
4744
2799
4767
4222
3186
4224
2802
2803
4010
4157
2807
4161
2845
2830
2811
3155
4780
4890
2818
3907
4757
2824
2822
2821
2823
2820
2826
4754
2991
4161
2830
4147
2832
2835
2931
4727
2847
4159
2839
2927
3112
3162
4811
4162
3122
2863
3157
2864
4812
2851
2865
4829
4789
2855
2855
2952
2951
2857
3196
4751
2878
2944
4795
3001
2931
4734
2856
2856
2870
2872
2853
2860
4733
2877
4689
3128
2880
4792
2883
4197
4860
2886
3130
4186
4191
2888
4183
4192
2892
2889
4198
3069
4185
4169
4168
4833
2899
2900
4181
4172
4171
2894
3200
4215
4201
2918
2919
4199
2921
4452
4467
4871
4464
3147
4793
4458
4459
4460
2920
4460
2922
4291
3203
3202
3205
3047
3046
2929
2834
3060
2931
3065
2934
2936
2937
4206
2913
2913
4454
3169
4695
3148
4735
2870
2871
3125
2874
3120
2889
2881
4791
3129
4830
4188
4175
4190
2903
2897
4180
2961
2962
4707
3300
4028
2968
2968
4904
3099
2972
3185
4767
4223
3186
4768
4885
4886
4259
4782
4230
3101
3048
2829
2786
4072
4785
4837
4940
3904
4841
3879
2791
4783
2776
3165
3991
3088
4947
4007
2998
3187
4755
3187
4232
3187
4164
3003
3004
4137
4886
3149
3407
2773
3304
3304
3384
3406
4969
3406
4970
4970
4944
4782
3380
3380
3011
3404
4972
3868
4000
3381
3381
3407
4972
2982
2869
2858
3994
3408
3156
3081
4693
4957
4941
4042
4807
3109
4803
3046
3049
2839
3004
3004
3053
3052
2823
3053
3058
4716
3059
2963
3061
3063
3120
3119
4702
3067
3068
4195
2957
3070
2905
4207
4462
3253
3277
3307
4080
3250
3293
3865
3180
3384
3384
3084
3085
3871
3093
4947
2965
4034
4937
4944
4970
4035
3177
4843
4036
3095
2782
4743
4710
2811
3057
4774
4224
4231
4231
4002
2821
3109
3106
3107
4155
3097
3114
2842
3162
4158
4143
3126
4703
4701
4700
3121
4736
2944
4795
3160
2853
4829
3130
2896
4174
4176
3132
3134
3135
4170
4214
3145
2940
3141
2915
4213
3142
2910
4461
4293
4452
4793
3050
4801
3149
4242
4242
4739
4718
4737
4718
3154
4216
4228
3029
3159
2853
2933
3162
4255
3903
4012
4886
4695
2799
4694
2836
2991
2828
3388
4968
3302
3093
3887
3379
3249
3180
4747
3056
3056
4232
2941
4231
4756
4823
3161
4827
4829
4859
4860
4182
4182
3199
4285
2824
2824
3203
3045
3201
3055
3052
4773
3380
3380
4027
2968
3211
3887
3331
3002
2806
3216
3878
3219
3387
3375
3446
3960
3966
3223
3228
3936
3458
3972
3454
3959
3222
3279
3271
3229
3284
3432
3257
3291
3930
3941
3934
3239
3232
3439
3256
3287
3290
3927
3241
3290
3237
3267
4077
3954
3563
3440
3284
3942
3262
3927
3248
4081
3242
3245
3430
3224
3306
3443
3448
3230
4079
3940
3275
3434
3964
3279
3447
4068
4073
3259
3228
3228
3286
3240
3248
3290
3954
3961
3296
3938
3225
4067
3925
3933
4052
3996
3914
3303
3876
2968
2968
3922
3953
3244
3996
3386
4056
3380
4056
4057
3364
3380
3407
3407
3409
3319
4060
4060
4056
4056
4056
4057
3380
4958
4033
2796
4056
4057
4057
3364
3364
3386
3364
4056
4061
840
3342
3096
4740
4697
2971
4894
4970
3012
3012
3357
3357
2740
2668
3354
3406
3383
4800
4032
4800
4959
4051
4785
4036
3212
4059
4837
4836
4002
4837
3009
3375
3375
2968
2997
3376
2968
2968
3376
3377
3375
3369
3376
3082
3387
3083
3384
3394
3384
3381
3378
3218
3384
3387
3387
3375
3009
2968
3376
3095
3177
4836
3095
4948
4044
3367
3367
3380
3380
3385
3082
3082
3011
3082
3212
3378
3375
3375
3376
4842
3875
3246
3294
3239
3268
3245
3261
2668
2668
3942
3942
3235
3950
3955
3284
3939
3259
3281
3271
3957
3948
3938
3839
3839
3490
3469
3846
3507
3542
3442
3484
3520
3486
3464
3962
3524
3533
3849
3533
3580
3976
3832
3971
3450
3535
3586
3586
3647
3641
3493
3538
3608
3535
3626
3684
3600
3624
3569
3675
3609
3573
3608
3652
3630
3661
3572
3630
3606
3671
3569
3517
3489
3557
3600
3624
3603
3652
3605
3640
3662
3624
3605
3649
3603
3647
3622
3622
3698
3635
3649
3603
3614
3605
3698
3725
3647
3622
3675
3581
3545
3614
3647
3603
3647
3603
3612
3540
3573
3548
3570
3603
3548
3635
3522
3490
3837
3517
3581
3519
3837
3603
3594
3593
3633
3603
3605
3652
3544
3500
3603
3603
3647
3603
3603
3649
3649
3603
3652
3647
3493
3647
3647
3603
3652
3518
3647
3716
3522
3552
3485
3570
3780
3685
3572
3603
3649
3652
3647
3603
3603
3538
3543
3555
3603
3649
3645
3449
3832
3647
3647
3588
3603
3603
3603
3603
3603
3603
3603
3603
3603
3603
3603
3603
3603
3603
3603
3603
3603
3603
3603
3603
3603
3603
3603
3647
3647
3605
3603
3647
3647
3647
3647
3647
3647
3647
3647
3645
3647
3647
3647
3645
3647
3647
3647
3647
3647
3647
3647
3645
3645
3647
3647
3647
3647
3652
3645
3647
3647
3647
3647
3647
3647
3647
3647
3645
3645
3645
3645
3645
3647
3645
3645
3647
3647
3647
3645
3645
3645
3647
3647
3647
3647
3647
3647
3647
3647
3647
3647
3645
3647
3647
3647
3647
3647
3622
3647
3647
3645
3649
3649
3645
3645
3645
3645
3645
3649
3645
3645
3649
3649
3645
3645
3645
3647
3645
3649
3649
3649
3649
3647
3649
3645
3645
3645
3725
3727
3645
3654
3647
3725
3645
3645
3645
3645
3725
3645
3645
3647
3645
3645
3654
3727
3727
3649
3647
3645
3645
3649
3649
3645
3649
3647
3645
3725
3654
3725
3725
3727
3725
3725
3649
3662
3649
3725
3649
3725
3725
3649
3649
3657
3727
3725
3725
3727
3725
3725
3725
3727
3725
3725
3725
3727
3725
3725
3725
3725
3727
3725
3649
3660
3649
3649
3725
3660
3547
3593
3592
3592
3547
3593
3587
3593
3593
3593
3591
3593
3593
3593
3593
3593
3604
3593
3593
3591
3593
3591
3593
3604
3592
3547
3592
3547
3604
3547
3604
3604
3604
3604
3612
3649
3647
3662
3645
3715
3653
3664
3635
3660
3655
3649
3660
3653
3676
3630
3624
3595
3592
3600
3572
3572
3572
3535
3596
3606
3638
3676
3665
3499
3548
3612
3703
3634
3703
3636
3571
3599
3592
2528
2587
4969
3409
4056
4061
4057
4056
3893
3865
3084
3288
3084
3022
3179
3275
3282
3078
3297
3876
3877
3878
3869
3282
4069
3425
3302
4004
3180
3887
3881
3177
3894
3219
3093
3177
3084
3887
3077
4891
4259
4253
3901
4749
4260
4087
4754
4011
4253
3909
3910
3910
4091
2759
4956
3087
4956
4939
2744
3228
3933
3281
3224
3257
3234
3280
3222
3284
3228
3935
3935
3223
3956
3956
3946
3259
3451
3946
3230
3946
3951
3451
3221
3462
3579
3457
3457
3958
3459
3963
3967
3462
3974
3945
3459
3451
3849
3441
3452
3847
3982
3971
3457
3444
3565
3525
3981
3477
3478
3471
3464
3469
3502
3853
3519
3480
3842
3520
3513
3480
4083
2987
2987
3011
3011
3011
4970
3382
3383
4800
3998
3995
3992
2817
3991
4753
3997
4032
4940
4948
4044
3095
3175
3870
3285
4843
2769
2997
4961
2774
3905
3898
4252
2994
4126
3344
4020
4250
4021
3890
3997
4037
3402
3363
4956
3914
4029
4029
4030
4053
4032
2827
4034
3088
4035
2764
2764
4009
4037
4025
4038
3998
3998
4844
4043
4805
4055
4042
3362
4037
4047
3398
3362
4841
4054
3378
3105
3218
3400
4044
4050
3378
4837
4837
4059
4059
4948
4800
2987
3999
3998
4782
3437
3922
3243
3227
4067
3929
3236
3925
3223
3927
3929
3284
3944
3944
3231
3931
4968
4963
3997
4982
2767
2767
4086
4086
2504
4087
4086
4086
4086
4088
3909
3909
4024
3915
3092
3387
3009
3394
2580
3090
2580
2740
2740
3427
4888
4895
3408
4105
2819
2992
4783
4234
4107
4778
4111
4111
4109
4261
4115
4116
3213
4846
4118
4866
3173
4121
4236
4124
4125
4127
4127
4717
4717
4704
4131
4132
2927
2845
4745
2846
4138
2822
2843
4165
4854
4855
2844
4162
2848
4148
4130
4151
4699
4150
3189
2852
4154
4155
3114
3115
2851
4788
4142
2849
4160
4139
3117
4832
4167
2901
4169
4204
4204
2893
4208
2898
3070
4208
4209
4177
4856
2962
2900
3136
3136
2906
2902
4166
2899
4796
4193
4184
2957
2904
3131
4187
4192
4168
4194
4175
4196
3197
3072
2912
4862
2914
4202
2907
2893
2909
4200
3071
2939
3138
4198
4211
4861
3134
2907
3143
2908
3199
4780
4770
3154
4819
3028
4221
4767
4767
4774
4767
4769
3153
4712
4718
4886
4775
4756
4231
4107
4118
4847
4117
4237
3154
2999
2999
4912
4241
4243
3051
4914
4224
4263
4247
4114
4016
4015
2988
4254
3902
4258
4838
2988
2964
4270
4110
2825
4724
4916
4261
4125
3016
4040
2581
4064
2613
3308
2623
2623
3091
2623
3018
4936
4763
4087
1789
4087
4296
4294
4456
4868
4456
4288
4303
4302
4291
4481
4468
4286
4298
4883
4307
4306
4306
4870
4300
4868
4473
4473
4301
4683
4586
4675
4673
4299
4883
4442
4345
4437
4442
4315
4362
4315
4349
4426
4351
4353
4363
4362
4437
4322
4363
4431
4326
4437
4437
4358
4445
4329
4437
4357
4445
4442
4442
4442
4446
4446
4442
4442
4334
4333
4338
4392
4404
4345
4315
4405
4315
4315
4315
4437
4315
4349
4345
4362
4405
4431
4326
4376
4431
4437
4374
4363
4363
4320
4405
4431
4437
4437
4390
4376
4437
4421
4329
4412
4437
4442
4329
4390
4376
4442
4442
4442
4442
4420
4333
4334
4442
4334
4385
4334
4390
4338
4446
4647
4338
4400
4334
4333
4333
4420
4420
4338
4394
4363
4363
4420
4315
4315
4362
4362
4329
4437
4437
4363
4437
4353
4402
4440
4442
4390
4442
4442
4386
4400
4333
4345
4315
4349
4363
4362
4424
4437
4366
4412
4437
4437
4437
4326
4442
4329
4437
4390
4421
4390
4442
4333
4442
4446
4334
4400
4442
4468
4467
4466
4471
4295
4455
4287
4457
4289
4289
4481
4290
4284
4463
4464
4451
4471
4292
4467
4469
4478
4471
4479
4472
4473
4300
4475
4585
4479
4478
4582
4478
4481
4350
4483
4484
4483
4387
4661
4397
4488
4448
4491
4656
4513
4350
4495
4483
4495
4655
4655
4499
4499
4646
4502
4504
4504
4493
4667
4485
4661
4508
4508
4490
4513
4512
4513
4513
4510
4512
4546
4515
4515
4516
4570
4529
4573
4523
4521
4678
4521
4527
4528
4526
4522
4874
4530
4534
4533
4530
4874
4542
4592
4536
4539
4538
4536
4538
4544
4483
4545
4547
4510
4509
4506
4506
4555
4550
4544
4544
4555
4556
4495
4596
4558
4559
4628
4538
4878
4875
4556
4565
4555
4513
4513
4568
4515
4520
4516
4523
4523
4625
4873
4531
4531
4579
4579
4580
4881
4628
4582
4549
4550
4565
4564
4562
4540
4591
4589
4594
4592
4594
4594
4534
4594
4526
4500
4500
4598
4599
4598
4601
4602
4603
4497
4605
4607
4607
4610
4602
4610
4612
4558
4605
4622
4615
4615
4617
4616
4559
4620
4621
4623
4574
4624
4574
4623
4627
4620
4626
4577
4630
4579
4631
4882
4579
4350
4635
4350
4350
4376
4636
4376
4377
4446
4377
4377
4337
4647
4393
4648
4647
4648
4394
4504
4389
4504
4504
4400
4389
4388
4388
4441
4421
4387
4332
4359
4666
4406
4359
4406
4350
4347
4589
4672
4299
4593
4593
4879
4563
4588
4679
4582
4521
4681
4682
4679
3375
3394
4033
4038
4690
4189
2891
4690
4692
4715
2810
2810
4737
4129
2831
2877
4690
4708
4734
3118
3182
2949
4700
2877
4781
4711
2799
4706
4251
2831
4729
2798
4266
4721
2749
4741
4135
4144
4728
4136
4736
2868
2859
4731
2883
4689
2877
2876
4703
3170
4258
2809
4758
2795
4249
4727
2847
4738
4265
2795
4750
4690
4974
3901
3164
4770
4756
3028
3172
3153
4761
4760
4819
4816
4819
4816
4106
2981
2980
3171
4712
4712
4773
3149
3149
3168
3203
2925
4113
4779
4917
4712
4725
4053
2983
4840
2804
4787
2880
4790
2887
4792
4287
4768
3127
4858
4222
4767
4863
4768
4784
4009
2841
3050
4806
4961
4154
2840
4808
3107
3114
4152
3116
3124
2901
3144
3047
4804
4773
3150
4768
4768
4824
3191
4826
3194
2885
4831
4831
4857
2906
3146
4031
4050
2766
4046
3906
4839
4840
4841
4048
3870
4043
4845
4760
4847
4848
4141
4851
4853
4851
4853
4855
4203
4813
2906
4858
4212
2917
4834
4768
4760
4013
4867
4307
4300
4672
4297
4870
4295
4474
4522
4534
4528
4876
4875
4633
4539
4595
4576
4579
4540
4879
2981
4801
4886
4939
4083
4059
4720
4938
4898
4971
4256
4216
2814
3382
3380
4901
3406
3011
4892
4948
4940
4017
4084
4948
4966
3187
3000
4914
4915
4917
4123
2531
3209
2663
4931
4056
4057
4060
4060
4060
3364
3364
4056
4056
3409
3409
3409
3364
3364
3364
4944
2752
3089
2751
3010
3996
4083
4945
3087
2751
3300
4030
4957
4026
4059
4837
3381
4083
3380
3380
3406
3407
3916
4956
4956
4957
4974
4948
4963
4028
4960
4961
4961
4962
4946
4959
3041
4964
4051
3912
2752
3913
4944
3915
4753
4086
4977
4126
4978
2767
4982
4087
3035
4088
4088
3919
4088
4248
2985
3103
4244
3034
3036
4993
3900
