2535
2637
2543
2543
2565
2537
2565
4882
2567
2558
2662
2678
2516
2564
4291
4291
2643
124
10
4289
118
71
11
948
947
2401
143
2516
71
2401
40
100
149
148
100
100
159
100
2537
2570
2564
4289
20
46
100
2650
1798
1798
2664
2520
39
14
14
143
15
143
15
2567
2729
1628
9
100
16
17
2526
4883
4884
2637
2559
2630
4881
2558
2637
2569
2537
2517
103
126
73
1328
72
72
127
124
103
143
71
15
1
2401
2401
1
145
73
73
100
127
124
2622
2566
2678
2678
2537
109
2539
47
4882
4882
2623
2565
2537
2569
2401
2
149
20
16
2565
2535
2565
4884
2543
16
4884
2568
3373
108
159
52
2401
2401
2401
47
2524
149
2593
2622
2556
73
2539
2
124
2660
107
2565
16
149
2620
16
2565
2565
2516
128
2569
2517
2565
2565
13
13
1328
1328
13
109
126
126
126
126
1328
126
1328
112
126
126
126
109
109
127
109
126
124
127
126
126
126
126
126
126
126
124
126
126
126
126
126
124
126
126
126
109
127
109
126
126
126
126
126
126
126
126
13
13
126
126
75
126
126
109
1808
1634
3066
2451
217
528
764
4266
2490
2378
479
2756
4691
2393
2393
3362
2434
3068
4939
3895
4294
541
517
508
1377
2511
2370
879
2419
2422
1553
1553
1478
1536
813
2467
2467
1553
1553
1553
2236
2482
2483
1412
1553
817
1553
2467
217
2467
1536
1600
1350
1338
816
2388
3058
3365
519
4690
862
3208
519
717
3016
2394
1794
4663
4693
3192
4019
4231
497
4694
2833
4161
4133
4133
4139
4133
4139
1741
1781
2442
4232
2992
2834
4711
4178
3020
4250
4730
4730
3361
4706
4714
618
714
618
620
2289
548
2290
2761
4129
3193
4151
4162
2871
4816
3213
4163
2868
4164
3076
2820
1666
1666
337
4685
2860
3148
4704
4703
4674
4152
4167
2941
3087
3145
4670
2894
2959
2898
2899
4790
2896
4698
3144
2885
4786
2889
4702
2886
4701
3085
3183
2957
4757
2904
2881
4670
2909
2961
4822
3089
4660
2895
4717
2908
2908
2913
4201
4821
4780
4780
2946
3089
4197
4794
4188
4187
3160
4779
3158
4824
2929
4218
2924
4212
2932
4224
4455
2930
4795
2927
2949
2926
2935
4462
2934
2933
4457
658
658
554
841
1765
2864
4159
4181
2884
4789
3217
3218
3219
4820
3170
4227
2928
4136
4749
4132
4139
2888
4697
2887
3083
4787
2956
2909
2905
4717
4718
2963
4791
4193
4821
2918
2967
4202
2965
4778
3907
4125
2393
2393
4254
4844
4139
2826
2826
4745
4139
1650
2238
519
723
4138
4138
3193
2821
3017
490
101
534
2197
1557
945
4680
4687
2500
1483
322
2429
2429
325
2465
1553
1349
1377
4144
4144
4133
4133
4136
4133
4133
2942
2252
549
2282
471
549
723
723
2467
2465
1533
1411
2464
2464
1532
1532
2452
2484
1415
1636
3906
2767
920
1633
58
1630
149
101
243
2576
2822
2879
2953
2587
2797
4145
4255
1413
4915
2763
1347
1765
1764
657
657
658
2820
2811
617
1748
1748
2362
467
2287
675
616
616
503
4173
4175
3143
3150
2892
3019
2873
3146
2962
2912
4209
3157
4223
4214
4459
1592
1350
1350
1350
773
946
1594
1604
1604
1333
2393
796
1553
1553
1553
1553
789
1342
1412
233
817
817
2376
4866
2845
2766
538
459
796
812
812
812
2470
274
4278
4675
4131
4244
3195
3195
4138
4139
1764
501
657
620
327
620
4713
4864
4172
1684
2862
4168
4158
4166
2890
3146
3086
3179
2887
3082
3083
2941
3087
4718
3090
3159
3158
4189
4190
3155
4185
4187
3169
2930
4220
4220
4190
3161
2935
3167
4453
2948
3235
723
723
616
303
303
2994
4243
4130
4811
4811
4811
4811
4811
3052
4673
3085
4787
1667
1667
2513
2369
4139
2995
2995
4765
2815
3194
2832
4687
2396
2465
2465
2464
812
1350
816
1554
816
1332
600
1346
795
223
3137
503
2248
4136
4154
3214
2885
2963
2901
3089
4182
4182
2920
3222
553
2247
416
712
698
712
2299
675
675
698
716
102
243
2483
593
1411
2240
701
2986
4753
2829
762
593
593
2483
593
972
1083
1460
1428
1438
788
739
1460
968
1444
980
779
1452
958
957
743
1441
749
743
1427
953
1420
950
1601
777
1427
769
1604
764
767
1595
976
1470
1460
1419
737
768
770
747
792
1606
1600
747
1458
749
1454
1453
732
749
743
1591
1417
1467
1464
1456
1595
1446
1592
1420
748
1420
943
1603
799
978
1475
1603
744
1420
753
1425
957
742
1639
2364
593
1553
1553
1553
1553
1553
1350
1350
1350
593
2483
782
1445
1598
4127
13
126
9
1328
109
12
40
40
3005
126
126
143
72
12
101
131
2257
303
1328
126
126
124
126
1328
126
2201
2506
4688
2819
4134
4135
4812
1806
3372
1628
2525
2567
2618
4884
516
929
1580
1369
101
226
225
812
508
2415
2438
929
583
1362
916
928
2464
1408
1406
1412
1408
1408
1380
1377
1377
1380
2483
593
1532
1409
1532
808
2464
2434
2464
808
1532
585
809
2482
2483
2393
2393
1615
2393
2393
2393
222
604
2393
2482
2483
2393
2393
1412
1412
1333
691
1332
1498
1381
1333
928
691
1347
1374
1362
599
2452
2452
2452
2393
1634
2421
2489
2393
2393
1615
1407
585
809
809
1380
811
811
809
1355
577
1354
1351
1593
769
949
727
747
784
2681
2661
737
786
1440
1435
766
1432
736
1433
778
787
776
1439
994
982
988
1002
1321
1297
1460
1468
999
1067
1468
982
1473
982
1026
1044
1039
990
1042
1321
1070
1063
1063
1100
1061
1165
1324
1265
1265
1022
1063
1136
1209
1088
1265
1265
1088
1233
1265
1063
1063
1298
998
1004
1265
1082
1100
1100
1104
1202
1183
1100
1164
1142
1100
1088
1176
1153
1100
1088
1088
1062
1100
1183
1198
1061
1134
1299
1018
1006
1112
1088
1088
1100
997
1056
1265
1324
1325
1080
1063
1011
1324
1324
1297
1035
1310
1324
1095
1287
1224
1100
1100
1100
1100
1064
1088
1100
1092
1136
1314
1088
1136
1095
1088
1095
1095
1131
1088
1088
1093
1100
1325
1100
1183
1088
1320
1282
1017
993
1265
1100
1142
1088
1100
1100
1088
996
1287
1063
1100
1136
1042
1088
1142
1095
1290
1088
1106
1290
1290
1275
1290
1088
1290
1275
1290
1290
1088
1275
1088
1290
1275
1290
1290
1290
1275
1088
1093
1100
1093
1088
1100
1088
1100
1088
1093
1088
1100
1095
1092
1100
1103
1092
1100
1093
1093
1093
1088
1093
1092
1093
1093
1100
1093
1093
1088
1093
1093
1092
1093
1092
1093
1088
1088
1093
1093
1093
1093
1093
1093
1290
1106
1093
1093
1088
1093
1093
1290
1093
1093
1093
1088
1088
1093
1093
1106
1093
1093
1093
1088
1093
1088
1103
1100
1103
1093
1092
1100
1103
1100
1093
1100
1093
1100
1100
1099
1099
1103
1103
1092
1103
1104
1142
1092
1103
1103
1094
1092
1093
1092
1103
1101
1103
1103
1103
1103
1103
1103
1103
1093
1103
1094
1103
1093
1103
1093
1103
1093
1103
1093
1103
1093
1093
1103
1093
1103
1093
1103
1093
1103
1093
1103
1103
1103
1093
1103
1101
1103
1104
1103
1095
1101
1101
1090
1142
1147
1142
1159
1207
1207
1101
1159
1142
1142
1142
1207
1154
1145
1158
1145
1152
1158
1152
1120
1158
1147
1136
1159
1147
1145
1145
1102
1094
1145
1094
1102
1103
1145
1102
1103
1102
1094
1145
1145
1152
1141
1094
1147
1145
1094
1094
1094
1094
1145
1207
1136
1207
1207
1144
1157
1157
1148
1265
1063
1265
1100
1287
1287
1287
1287
1277
1278
1287
1287
1275
1275
1275
1287
1275
1275
1275
1287
1287
1275
1287
1275
1287
1287
1088
1287
1287
1275
1275
1275
1275
1275
992
1100
1095
1129
1136
1202
1190
1202
1215
1139
1153
1202
1219
1112
1062
1063
1265
1100
1111
1063
1270
1265
1063
1115
1082
996
1056
1051
1082
1220
1082
1021
1305
1063
1063
2569
2529
2746
126
103
126
126
126
126
756
795
775
795
774
1591
794
789
1350
789
771
802
822
578
578
820
772
801
1604
945
771
1553
578
816
816
1354
816
816
1343
571
223
453
600
593
600
811
572
814
814
756
521
816
1553
1553
795
1553
578
796
600
600
1553
1553
1553
577
321
220
3889
4683
1383
1779
4994
1398
3981
2492
1484
4867
4123
479
1632
2364
1635
4124
2757
4847
1428
741
797
1447
1431
735
766
1432
958
1428
1442
1441
787
1447
788
1438
1446
980
1459
1433
779
966
1449
978
978
972
1455
977
1475
967
1464
1460
973
980
1460
1462
963
1040
963
962
1472
1467
963
1323
990
1322
990
1045
1044
988
1316
1010
1320
1069
988
994
1003
1319
1633
1584
1638
3972
1633
2382
4996
231
2981
2390
2842
602
875
871
929
534
691
274
762
791
1355
1355
2438
1381
1381
812
811
815
811
1553
1554
2418
1488
2384
2385
527
461
318
2802
296
2502
319
1351
2469
1362
510
510
1376
261
2365
2365
2422
2422
228
1553
600
1553
1553
1553
816
1553
1553
816
816
816
1354
812
508
909
265
871
1637
540
2378
543
807
2429
807
1553
807
1535
1371
237
906
2382
571
1348
583
1374
727
2471
1535
604
1497
1526
2425
2438
1497
727
2491
515
515
1580
691
2415
2421
515
1580
2450
516
101
1586
872
957
803
955
950
1420
1420
800
805
745
1428
1422
1420
1420
1430
960
1435
1435
1526
2437
1502
1399
1399
2179
2239
1389
245
1480
332
1549
3905
2765
1411
1411
593
1411
593
1411
1411
1411
2464
817
2464
2531
2661
2672
2531
4884
4963
4120
4900
4863
3038
4237
3176
4681
4279
4859
4989
2508
4256
4855
4859
1773
431
2242
4993
1771
2399
4280
4252
4249
612
462
1523
2398
2865
4162
4754
3139
2847
2866
4164
2869
2291
619
343
343
4155
2857
4685
4686
4695
4696
4179
3139
4181
3184
2872
4775
621
621
327
3130
3129
2939
4669
4151
4695
4158
314
314
4165
2939
4820
2914
2919
4194
4226
4819
4196
4183
4222
3165
3092
3091
3156
4186
2917
4195
2914
4184
3220
2946
4204
4793
4193
2970
3159
2907
4205
4203
2965
4209
3091
4210
3164
3221
2920
2948
4216
4215
4215
3163
3221
3163
3164
4823
4220
3092
4216
4211
2925
4217
4824
4811
1649
4714
2836
4133
4138
4139
4705
4236
4733
4130
4811
723
4136
4133
4133
841
2836
4862
1795
1763
1751
4744
4744
4140
4245
2826
2282
464
4245
1793
4980
4274
4684
2817
2372
2200
4264
4262
3053
1779
1793
4020
4692
3364
2806
4142
1521
2397
42
150
2568
1
46
2570
2570
53
2623
60
2739
841
2239
670
4306
4451
4833
4460
4458
4456
4301
4829
4300
4316
4304
4448
4306
4529
4304
4304
4448
4315
4315
4450
4450
4476
4476
4313
4309
4448
4314
4307
4629
4626
4491
4403
4497
4625
4493
4621
4621
4625
4625
4403
4629
4403
4496
4626
4626
4403
4491
4629
4403
4627
4386
4395
4553
4445
4553
4403
4397
4491
4552
4504
4496
4401
4396
4629
4584
4583
4621
4583
4591
4396
4621
4626
4621
4495
4629
4629
4386
4584
4491
4585
4626
4625
4625
4396
4396
4622
4396
4630
4585
4403
4497
4403
4585
4403
4495
4627
4625
4403
4491
4583
4403
4491
4491
4491
4491
4505
4491
4403
4553
4630
4627
4496
4485
4552
4504
4491
4491
4586
4403
4344
4491
4621
4493
4625
4625
4626
4629
4621
4629
4629
4629
4403
4629
4497
4421
4445
4637
4381
4629
4580
4626
4621
4584
4583
4403
4496
4397
4626
4625
4621
4403
4403
4400
4491
4397
4491
4491
4491
4496
4630
4504
4830
4298
4311
4833
4304
4296
4460
4461
4303
4456
4456
4305
2950
4451
4305
4832
4832
4469
4469
4834
4830
4476
4315
4470
4314
4575
4526
4524
4577
4313
4454
4602
4589
4596
4589
4587
4587
4509
4552
4552
4503
4503
4597
4596
4590
4590
4501
4503
4591
4580
4578
4592
4578
4578
4511
4511
4511
4555
4552
4552
4510
4508
4506
4510
4515
4515
4515
4534
4510
4652
4566
4472
4473
4517
4656
4656
4472
4651
4651
4570
4571
4549
4651
4470
4570
4649
4649
4649
4571
4571
4548
4603
4601
4602
4511
4511
4514
4513
4512
4835
4605
4843
4603
4841
4597
4601
4607
4522
4530
4837
4529
4560
4835
4838
4499
4506
4534
4508
4545
4566
4472
4549
4472
4549
4549
4549
4570
4548
4563
4843
4516
4518
4519
4528
4528
4529
4649
4649
4314
4649
4314
4470
4470
4470
4598
4597
4598
4590
4592
4592
4533
4579
4533
4535
4535
4541
4541
4598
4599
4598
4598
4600
4535
4545
4565
4599
4600
4608
4608
4564
4546
4565
4542
4542
4546
4564
4564
4608
4548
4548
4839
4546
4548
4591
4580
4489
4580
4583
4580
4494
4495
4495
4496
4496
4495
4625
4491
4582
4496
4637
4637
4583
4496
4583
4583
4503
4552
4552
4552
4552
4505
4553
4585
4585
4584
4584
4596
4584
4584
4314
4314
4314
4314
4317
4840
4573
4474
4654
4516
4472
4313
4313
4467
1615
2482
686
4207
2970
4821
4691
3362
2861
4176
4817
3125
4818
2896
2903
2874
4761
4243
3149
4755
2876
4243
3003
4131
3185
4818
4777
2871
4733
2802
4134
4276
2833
4178
4156
2868
3181
3181
3052
2877
2904
4207
4757
2954
3050
2841
2821
3125
2849
3877
3142
3147
4235
3363
4275
4762
3154
4722
4720
4132
4811
4749
3175
3175
698
2984
3367
2374
841
723
841
723
4679
4139
4138
4138
4138
4747
3003
3003
723
723
4810
4133
4133
658
841
698
2248
2837
2379
664
4736
3004
812
901
4737
3210
332
3191
4167
4677
4700
4662
3093
4139
2958
4204
4139
4139
4139
4725
806
2418
3351
3235
3235
1554
1554
3351
3351
2847
1683
3140
4168
4676
2919
2910
723
723
723
723
4139
812
4786
2858
2957
2893
2880
2964
2901
4182
4213
2927
916
1378
2438
508
1378
534
220
2459
1354
1554
900
727
1348
691
2983
2818
1771
4814
4776
621
1683
1684
4666
4169
3156
4820
2966
4198
4221
3162
4139
4139
858
2383
3168
4306
4315
4317
4460
4296
4470
4651
4471
4839
4840
4570
4839
4472
4549
4839
4317
2512
723
4139
4139
3117
217
4259
4946
4145
1574
2747
4744
4140
4140
517
599
4965
3904
2450
4947
906
864
3903
4744
2826
2826
3051
2241
613
2563
122
72
72
143
126
126
126
13
126
124
124
3
109
3
109
4121
2451
4906
2769
534
817
2464
813
2467
217
534
813
217
1413
1413
233
2464
2754
812
2483
593
928
534
508
217
217
599
2421
1404
4964
3001
2504
1414
1616
2364
1580
816
811
811
901
241
1637
2422
452
600
2422
1553
1553
2422
1553
1553
1553
816
816
816
1539
912
508
1620
2450
4848
3114
588
811
534
4938
2451
479
4985
4982
4123
2852
3112
610
4142
4908
2223
2223
603
4928
487
1543
4745
3186
4880
4719
25
85
2573
202
3342
2573
3342
3836
2729
3356
2710
29
25
55
35
61
37
34
55
55
55
142
61
171
836
29
55
171
186
2414
36
171
204
36
2414
2573
2559
845
29
22
1
522
42
55
55
30
34
55
55
22
836
22
171
50
2623
2568
130
130
2414
828
3335
2568
2537
54
4288
195
2406
843
175
54
2573
842
171
197
171
171
30
94
37
85
171
836
47
1
836
171
1
99
171
171
19
197
207
2573
31
202
2539
30
30
22
22
3328
2623
2573
2573
2657
1804
17
60
22
2601
1804
2657
3342
3342
2406
2568
61
195
142
22
2
171
2
47
2532
838
55
142
171
823
2
197
845
31
130
17
2532
2573
2568
2568
845
29
2573
842
2
171
171
171
171
171
171
171
171
171
171
171
171
171
171
207
171
171
207
171
197
207
197
197
204
204
171
197
171
171
171
171
171
171
204
171
171
171
171
171
171
171
207
197
171
207
171
171
171
171
171
171
171
171
171
171
171
171
207
171
171
4849
4073
3431
4044
3863
4078
4011
3859
306
3318
4752
2751
1610
4044
3864
3867
291
4807
3312
2758
2998
3118
1775
4075
4023
4751
1608
3000
3991
2323
3996
1486
1403
3442
3840
3852
3377
3847
3270
1609
484
469
1757
1646
4659
4083
1646
839
284
292
678
2196
306
293
850
4146
2246
2254
342
293
2271
305
1650
4246
305
1789
475
339
2198
312
2334
1687
625
1686
1685
1759
1759
4260
2745
2246
614
2180
550
495
2246
4803
311
311
2335
352
1665
1665
450
2293
2334
1674
334
309
309
1691
2202
1662
626
1674
2273
666
364
364
1676
2213
2216
386
386
2275
440
2276
2275
2193
2175
2309
2274
368
2192
637
355
357
368
526
2215
2188
441
639
2339
359
2279
2276
383
2235
388
385
385
2279
448
448
1705
448
448
2312
1736
445
387
1696
1702
1710
396
643
1703
1704
1695
1733
644
403
1737
647
647
647
2313
1812
1724
405
413
402
411
412
1962
2346
2277
1968
2248
2248
2248
698
716
627
627
561
499
705
362
2186
2176
444
567
429
646
570
1656
1656
2275
382
356
665
628
706
381
2276
2279
439
2194
2177
640
395
1722
2295
643
1713
446
667
4047
3442
3442
3862
2400
477
1650
1650
4246
1650
1402
284
1649
290
298
2267
2212
4088
868
3375
4800
1783
4041
3853
311
481
291
4103
4806
4023
1655
1655
1759
4246
4246
2221
301
676
2180
1649
1649
45
3002
4023
4023
4023
3840
3840
3234
3408
4074
4074
4077
4077
4083
3383
2748
3968
3332
3301
45
3279
2991
2267
1392
377
3884
2804
4804
3205
4148
3862
3985
4951
3238
618
500
552
501
681
725
725
495
2255
2198
495
466
503
430
466
1685
1686
1693
627
499
372
630
362
375
2175
2175
2176
444
567
1732
1732
429
3280
3325
3297
3444
3447
3266
3205
3850
3272
3306
3443
3843
2790
3857
3856
2749
3432
4861
4103
3843
4988
3844
1646
1659
477
681
724
305
305
3850
343
344
344
618
1651
1651
2185
558
341
1675
1690
355
371
442
359
370
666
363
631
526
1717
1717
1700
1708
447
644
1707
650
2336
407
2341
651
414
1706
1738
2340
2277
711
407
414
299
290
299
616
430
1642
2261
2261
1759
1759
2274
2274
632
630
340
4270
1516
4146
724
1654
474
2270
2283
293
3002
3002
3238
3269
3840
3303
3102
3094
4813
1758
716
2248
2262
1759
2189
2190
2188
432
2216
445
1709
1697
652
2363
495
549
2247
712
2256
2248
503
2248
2248
299
3375
3442
3442
3840
3841
431
678
292
308
2268
3840
3840
3840
3840
3941
3937
3244
3936
3294
3930
3248
3937
3950
3252
3246
3304
3910
3933
3909
3304
3459
3263
3920
3919
3300
3461
3918
3914
4089
3308
4086
3280
3302
3260
3270
4093
4085
3323
3285
3249
3276
3456
3451
3461
3300
3914
3452
4091
3256
3282
4092
3301
4097
3282
3910
3287
3942
3928
3460
3921
3919
3311
3478
3249
3244
3290
3265
3280
3918
3457
3918
4091
3302
4091
3918
3301
3245
3944
3260
3255
3921
3255
3308
3914
3258
2828
3857
3292
3292
4023
3291
3251
3290
4008
171
171
1799
171
197
36
36
197
61
171
171
171
171
171
171
2807
839
1590
431
2257
171
171
171
171
171
171
171
171
854
1643
1646
1646
1796
4986
4281
2800
2548
130
130
830
2716
2729
3382
4040
2776
1477
4809
281
1527
3841
2788
3868
4063
3102
3868
4023
4023
4023
4023
4807
3446
4807
4023
4023
4023
4023
4023
3840
3841
4807
3318
3863
3840
3858
3868
3849
3863
3867
4807
4807
4807
4059
3843
3848
3850
3993
3994
4808
4024
3100
3202
3841
3863
3840
3863
3100
3202
3841
3841
4023
4023
4023
3446
3847
3444
3445
3307
3848
3853
4092
3328
2729
3920
3451
3920
3932
3930
3455
3253
3252
3251
3288
3921
3463
3547
3824
3470
3963
3959
3468
3482
3473
3963
3539
3472
3547
3476
3539
3471
3475
3943
3955
3587
3574
3482
3612
3516
3606
3569
3618
3602
3784
3785
3785
3652
3652
3599
3645
3561
3793
3782
3775
3569
3673
3664
3513
3568
3516
3831
3484
3535
3549
3604
3554
3662
3649
3632
3678
3561
3822
3604
3649
3599
3659
3668
3618
3561
3616
3632
3634
3678
3618
3557
3557
3630
3618
3579
3535
3579
3644
3652
3618
3604
3610
3615
3610
3613
3652
3549
3562
3616
3538
3490
3489
3583
3530
3490
3549
3659
3559
3557
3642
3604
3659
3659
3610
3659
3659
3650
3659
3822
3604
3632
3659
3659
3645
3645
3817
3652
3662
3659
3593
3615
3606
3513
3817
3506
3465
3613
3573
3535
3562
3661
3649
3656
3659
3604
3652
3606
3770
3602
3598
3634
3656
3472
3662
3484
3645
3645
3652
3652
3652
3652
3652
3652
3652
3652
3662
3652
3652
3652
3652
3652
3652
3652
3652
3652
3652
3652
3659
3662
3599
3642
3604
3645
3652
3652
3659
3659
3659
3649
3659
3652
3652
3645
3652
3652
3652
3652
3652
3659
3652
3659
3652
3652
3652
3652
3652
3652
3652
3645
3652
3659
3652
3652
3652
3652
3652
3652
3652
3652
3652
3652
3652
3652
3652
3652
3652
3652
3652
3652
3652
3652
3652
3652
3652
3652
3652
3652
3659
3652
3659
3652
3659
3659
3652
3659
3652
3659
3659
3645
3659
3632
3618
3652
3659
3709
3659
3709
3652
3709
3709
3652
3652
3659
3659
3709
3652
3659
3652
3709
3709
3709
3652
3709
3709
3652
3659
3709
3652
3652
3652
3652
3652
3711
3652
3709
3709
3652
3652
3709
3652
3652
3652
3709
3709
3709
3652
3652
3652
3709
3709
3659
3645
3659
3711
3711
3659
3656
3711
3711
3714
3711
3713
3691
3714
3709
3709
3714
3710
3709
3709
3709
3711
3697
3711
3714
3714
3709
3709
3711
3709
3709
3709
3709
3709
3709
3709
3709
3709
3709
3709
3709
3709
3685
3714
3713
3677
3630
3697
3710
3602
3559
3559
3602
3602
3591
3602
3598
3562
3596
3599
3597
3596
3602
3597
3785
3602
3599
3596
3602
3785
3597
3602
3597
3597
3599
3598
3602
3597
3602
3599
3599
3597
3570
3659
3649
3714
3515
3630
3671
3668
3630
3557
3649
3625
3640
3616
3552
3790
3601
3565
3595
3591
3615
3613
3562
3565
3552
3814
3814
3799
3793
3779
3779
3513
3513
3674
3570
3584
3570
3559
3559
2657
2406
197
171
171
171
171
171
3283
3267
3269
3267
3851
3284
3292
3297
3853
3284
3266
3270
3299
3290
4088
3273
3443
3272
3849
3099
3849
3283
3851
3096
3843
3849
3851
3852
3852
4261
485
1514
4828
468
2233
264
1512
4102
307
2320
3898
3867
3318
3861
2794
3861
2789
4042
3034
3247
3455
3288
3324
3920
3911
3453
3930
3456
3908
3458
3919
3304
3933
3922
3298
3251
3242
3936
3298
3929
3285
3926
3304
3933
3950
3943
3249
3937
3942
3939
3931
3935
3950
3474
3944
3462
3482
3951
3472
3948
3477
3965
3305
3953
3464
3476
3469
3537
3464
3958
3543
3574
3955
3504
3538
3504
3475
3955
3504
4962
3991
3383
3412
3412
4079
2480
2990
1613
3891
2503
4010
2284
2386
4098
4098
4058
4059
3238
3284
3853
3097
3446
4023
4024
4988
4988
2269
1482
1768
851
2344
4137
4137
1797
3853
1573
4070
4063
4039
2794
3857
3857
4054
4104
4104
3989
4007
4766
4751
2996
4988
4104
251
2480
3041
3853
3098
4808
4063
3098
3848
1563
4063
4024
4064
1550
1563
3848
3102
3858
3124
4809
4058
3202
3858
3993
4809
3377
4868
4056
518
1588
3263
3291
3261
3912
3307
3255
3918
4084
3307
3912
3908
3914
3259
3311
3456
3259
4090
3307
3307
4064
1563
1508
1480
1403
1403
1774
1783
1401
229
1510
1562
2479
4952
3109
3109
3002
3002
3849
3846
4807
4023
3002
3846
2703
2649
2729
2538
2720
3973
3374
2533
2975
3430
679
1641
1757
333
1757
609
680
297
2265
2265
2204
2243
1750
1749
2264
2195
316
2225
1772
330
1693
635
667
450
1671
669
345
1672
346
633
2182
556
2203
626
350
1673
351
1685
669
1685
627
365
1685
1693
667
635
1663
2292
1671
336
339
2230
1668
347
346
350
313
2229
398
1698
396
1696
1735
1695
1703
640
426
1701
393
401
644
447
396
2336
2336
1698
1705
1716
1710
392
1719
444
1712
394
2338
449
1696
1718
640
446
1710
2313
1739
1734
389
403
1706
1736
1736
1734
568
427
1725
428
1729
1738
1728
1728
2296
2340
1759
1759
299
1649
1642
1651
289
305
289
1642
2328
1647
2261
1649
2262
2262
841
841
2253
2244
2264
662
1759
4245
4146
2204
2255
4745
1790
285
2505
1652
1789
1513
1385
4978
451
2300
331
451
1645
1646
1652
1797
4986
2209
326
2623
150
2573
1
51
2559
3370
2600
2623
1476
1649
3345
841
2239
2233
1967
1970
1818
1966
1965
1815
2347
1824
1813
1968
1819
415
1958
1973
1985
1972
1985
1816
1826
1826
1826
1827
1825
1825
1821
1957
1817
1817
1957
2093
2042
2065
2042
2052
2052
2042
2044
2055
2054
2052
2052
2090
2090
2090
2042
2052
2090
2093
2091
2055
2004
2093
2093
2095
2014
2093
2096
2095
2093
2107
2021
2099
2021
2052
2052
2056
2052
2051
2052
2044
2090
2044
2055
2055
2055
2091
2090
2055
2090
2055
2090
2052
2055
2090
2055
2055
2055
2055
2091
2091
2043
2055
2091
2092
2091
2091
2093
2096
2093
2093
2099
2103
2014
2096
2106
2103
2014
2104
2093
2014
2095
2015
2020
2099
2099
2099
2099
2103
2096
2044
2103
2009
2052
2042
2054
2090
2043
2090
2052
2090
2090
2091
2093
2093
2093
2098
2096
2100
2103
2052
2052
2052
2052
2055
2052
2090
2091
2055
2090
2052
2055
2091
2055
2096
2096
2091
2103
2103
2014
2104
2015
2110
2065
1969
1969
1823
653
1972
1972
1818
1964
1815
2349
1814
569
1965
569
1811
1821
1820
1830
1821
2162
2360
1827
1977
1828
1828
1977
1822
2059
2360
2164
1831
2113
2057
2112
2111
2115
2121
2121
2120
2127
2070
2025
2053
2050
2051
2056
2068
2025
2106
2106
2106
2103
2068
2067
2113
2353
2126
2126
2039
2123
2355
2117
2117
2073
2355
2355
2026
2351
2031
2170
2028
2030
2352
2036
2030
2088
2089
2171
2169
1984
1982
2171
2172
2171
1982
2172
1975
1975
1984
1982
2057
2057
2057
2062
2040
2356
2353
2165
2082
2165
2057
2061
2081
2062
2049
2062
2080
2080
1981
1975
1981
1981
2081
2166
2117
2117
2029
2029
2029
2030
2028
2028
2169
2169
1982
1982
1982
2078
2078
2080
2084
2165
1822
1980
1980
1976
1975
1829
1984
1985
1828
1828
2171
2088
2053
2051
2051
2049
2111
2110
2110
2118
2068
2068
2022
2068
2111
2017
2046
2049
2049
2028
2022
2017
2046
2079
2080
2079
2060
2028
2028
2028
2028
1982
2080
2078
2169
1982
2078
2078
1982
1982
2056
2055
2052
2052
2091
2055
2106
2091
2091
2091
2104
2101
2104
2106
2105
2103
2104
2099
2102
2023
2068
2118
2110
2110
2115
2115
2111
2055
2106
2053
2106
2053
2053
2051
1973
1985
1983
1983
1983
1976
1980
1829
2038
2083
2086
1979
1979
1978
1574
391
391
2176
391
638
2497
310
1688
1685
1758
352
441
2339
2175
354
435
1658
636
441
381
2261
2271
1796
1767
1693
634
634
1644
4100
1661
2329
342
2334
346
2335
2278
376
2272
383
639
639
382
1517
371
2327
2270
1651
2329
1393
1674
351
2294
2328
1660
1720
638
1723
4012
3886
2262
2262
1642
698
698
2243
1765
698
299
299
482
1649
289
2267
1647
288
841
1649
289
2248
716
698
482
2263
1752
2327
1644
1608
292
1769
2211
348
386
358
386
1713
413
665
1713
1650
1650
334
4039
1766
551
502
1692
2781
1670
1692
329
1683
1665
557
347
434
1696
1728
554
1764
1765
551
1650
2189
2214
628
367
2219
2235
387
397
1699
404
4025
4023
4807
4808
280
307
853
4988
3098
3098
4058
2224
1744
1518
1663
1677
1667
1679
2230
645
1698
392
445
402
1733
1649
1649
1394
411
406
1826
1959
1973
1964
415
1828
2169
2171
1981
1981
2169
2078
1976
1977
2028
2169
1973
660
290
4043
4076
3991
4022
3120
4880
3417
1657
1657
3425
3100
3060
3869
4055
3885
2990
3377
3900
4745
4745
3883
1752
2184
85
85
85
171
171
171
171
171
171
171
207
197
197
197
204
207
207
3234
3867
3977
4045
3867
4023
4023
2796
4039
3100
3862
3318
2790
4023
4046
3442
4800
2788
3133
3426
3100
3202
3841
4029
3871
2790
3861
3442
3442
4069
4061
4956
4051
3123
4104
4960
4800
3855
4942
4967
2977
3202
3867
3855
3234
3233
3317
2618
2220
4253
2223
1399
1387
1485
1485
3902
278
2478
4281
2971
4146
2199
3975
4496
4585
4553
4491
