17
36
15
90
15
63
15
57
897
57
62
25
127
895
123
115
45
2318
2319
232
755
84
79
125
127
860
29
2288
2349
231
1436
875
138
896
45
20
39
229
17
127
127
16
2319
74
20
19
23
2319
49
899
1438
754
875
875
15
130
964
25
897
2
124
2
65
2
54
149
177
93
123
156
49
860
121
83
84
119
119
55
875
865
134
86
123
2
895
1439
114
91
20
49
15
63
90
52
2317
56
134
14
229
90
65
63
15
62
964
2
131
899
142
84
151
83
87
77
522
876
89
862
1324
3
143
896
115
90
234
2526
63
36
130
2
16
65
2
56
177
177
177
177
21
151
177
151
866
149
151
151
177
177
21
123
21
866
177
151
151
177
151
54
54
866
866
177
151
151
177
54
54
54
177
151
151
151
177
192
177
177
151
73
54
177
905
723
616
627
1353
956
956
1479
629
1334
1334
494
494
644
1353
721
721
219
1329
226
627
2356
852
852
277
854
499
1353
499
2373
226
226
856
1374
855
905
1503
499
627
2251
943
1447
3942
219
1499
943
2368
3971
956
1458
499
956
1347
2310
956
956
961
627
1347
1461
1463
1491
502
1469
1504
888
524
1371
2192
1565
1364
2185
2214
710
268
2308
1560
1573
492
694
640
641
2192
2270
4985
493
493
2214
718
2156
2111
2165
268
2172
2173
476
1377
1377
2356
2356
206
550
550
551
215
197
629
226
718
242
249
1595
475
1596
241
262
243
2186
1599
708
262
660
660
295
296
2219
1606
454
2204
2207
301
453
350
2121
2166
440
316
451
560
533
340
2206
299
329
312
352
2166
338
347
361
1682
4406
365
2264
1683
1616
371
678
1656
1911
1651
2222
367
681
383
1713
684
684
1925
381
1787
2096
2096
1808
1984
2019
1958
2095
2096
2095
1818
1951
2285
2176
1720
263
280
2136
656
2121
4467
4473
614
1925
1920
1950
728
265
2149
326
327
2220
4510
323
1682
348
346
4551
4551
1700
1700
1698
676
1711
2160
1462
919
956
956
1458
1458
1377
1377
2334
2334
2139
1473
640
641
265
641
1451
1513
1723
695
1721
1568
627
627
1539
902
1370
3971
226
226
226
1458
1336
956
2214
1557
227
1462
1461
2368
943
1494
2113
891
892
699
1735
719
762
265
265
956
956
956
1495
1494
943
1353
223
854
1507
1503
1503
2309
1504
1507
2301
619
1491
1336
1505
2301
639
340
202
2334
2336
2336
1503
1368
268
2313
961
196
956
956
956
2334
1377
2365
226
1341
1341
226
226
1341
226
2346
2346
2356
1492
2285
437
437
2186
695
763
763
692
692
1734
2137
2143
2161
2147
653
2117
2108
2108
464
1618
686
1920
1951
1336
226
627
226
226
226
627
226
1336
627
627
1336
617
722
1334
617
617
1334
1457
499
499
961
226
1353
226
226
627
627
956
961
960
956
1502
1502
956
2245
721
1498
956
852
852
852
947
905
916
1481
1335
1335
956
1492
1457
502
1737
2152
1473
2137
2124
265
1474
507
692
275
1753
648
1583
2198
279
650
659
2129
299
440
698
2261
661
328
1684
674
376
687
2267
683
374
1910
1920
2273
1784
1774
2096
1787
1808
1922
437
2176
692
763
239
647
1755
1741
440
327
2220
2122
1604
1485
635
227
2249
1738
2130
2163
1717
1721
1562
956
956
956
1457
627
1347
961
627
1343
627
725
1336
1457
2291
276
692
2124
1597
4588
735
577
4559
4406
1696
1715
2244
1985
437
692
1734
692
2176
1508
2252
1492
1492
1335
1353
957
1567
2255
235
2194
499
499
1353
1353
1492
1492
963
859
791
803
958
958
833
1514
837
831
963
963
1522
832
961
820
619
817
820
832
832
832
1336
820
832
832
820
832
832
817
817
1341
1341
832
1341
832
617
617
617
803
820
961
1336
1336
961
1336
1336
1336
1336
1336
226
1341
1341
617
1334
617
617
961
619
619
619
619
1336
226
226
1341
832
809
962
820
820
958
820
958
820
820
958
1336
958
958
958
820
958
832
958
961
820
820
1336
627
627
1522
832
965
831
832
617
1334
832
1334
617
1334
820
1525
1526
859
1341
1334
1334
1341
226
1341
1341
959
1336
832
832
832
958
832
617
958
832
1341
1341
832
494
958
958
958
494
803
839
1530
617
617
803
832
832
1336
617
1336
820
963
958
2227
2342
2342
1502
1502
1495
226
226
1347
226
226
226
940
1492
1492
617
617
791
1341
1334
919
177
177
149
123
755
123
862
269
268
177
177
149
156
530
2348
230
236
151
151
151
54
1324
151
1324
1363
497
1357
1357
1749
2141
2110
482
2350
2350
527
57
15
757
1452
1455
939
218
1497
960
1509
637
1494
644
956
1492
1492
1495
1494
1494
1495
1492
1492
1492
1495
1494
956
956
1495
1495
1494
499
1458
1353
1458
499
1458
941
1457
1492
1458
1492
1492
1458
1458
1492
1456
1456
960
1492
1474
1493
1492
1492
757
223
960
1353
499
723
758
960
499
1495
1495
1495
1495
1495
1496
956
956
956
956
956
627
956
627
499
1341
1341
627
627
627
627
1341
832
832
832
1336
1336
820
15
897
832
820
832
1522
958
963
619
817
820
817
958
831
831
803
832
1386
972
773
973
789
1385
1391
1529
973
1530
773
1523
970
1386
849
845
967
777
966
822
822
1416
1420
822
1401
777
1408
775
982
1258
830
777
777
822
982
1408
1408
1408
1397
1397
777
1056
1016
1046
1425
982
1053
1065
982
1046
1016
1412
1054
1287
1282
1278
994
981
1424
1402
1054
828
1287
829
981
1041
828
1081
1407
1396
773
1041
1388
822
972
1401
777
1385
1403
777
1046
773
982
1287
1287
1287
1408
979
1287
1282
777
1287
1088
1042
1093
1282
1383
1282
1026
1046
829
989
774
822
1396
777
822
1396
1287
1282
1282
1287
1287
1401
773
806
1041
1282
1287
1282
1278
1282
1041
1075
1041
1075
1041
1075
1041
1041
1041
1041
1041
1075
1183
1157
1041
1157
1041
1287
1287
1046
1287
1287
1282
1282
1041
1287
1287
1287
1089
1282
1282
1041
1282
1282
1282
1041
1282
1282
1041
1282
1282
1282
1282
1282
1287
1041
1282
1282
1059
1041
1041
1075
1041
1282
1041
1075
1041
1041
1075
1041
1041
1282
1041
1041
1041
1041
1041
1041
1282
1278
1041
1287
1282
1041
1287
1282
1282
1046
1046
1420
1282
1282
1178
1282
1041
1041
1282
1183
1282
1041
1041
1178
1282
1059
1041
1282
1282
1282
1282
1041
1041
1059
1183
1059
1282
1041
1041
1041
1173
1041
1041
1183
1041
1041
1183
1173
1041
1041
1178
1183
1183
1282
1282
1178
1282
1178
1006
1178
1178
1178
1178
1178
1178
1178
1178
1178
1178
1053
1178
1178
1178
1183
1178
1183
1178
1178
1183
1178
1178
1178
1178
1183
1178
1183
1178
1178
1046
1006
1071
1178
127
2317
2317
1408
125
777
125
127
125
17
127
127
127
127
127
127
17
2318
127
127
17
17
127
127
17
127
127
828
1258
1071
1278
1093
979
982
1081
1081
1053
1081
1006
982
982
982
1056
1414
1396
1414
773
773
822
822
822
777
777
982
843
994
1399
1403
1408
777
62
65
54
151
866
494
1335
627
627
956
627
961
1336
1336
226
226
226
627
627
627
1336
1336
1336
1336
1341
226
226
1329
1341
1341
226
1336
1336
226
226
1334
627
627
627
1336
627
1347
956
956
956
1458
956
956
765
1353
499
1329
627
956
956
1335
1335
1457
956
1347
1347
1335
226
1341
1329
619
956
1353
1347
1347
956
627
956
956
631
1462
1451
1462
208
850
850
505
1443
1451
1486
256
256
630
2355
635
2335
3971
1461
1486
1334
1334
1334
1334
1334
722
1334
1341
1329
627
627
627
499
956
956
956
956
956
956
956
956
956
956
956
956
956
956
956
226
1341
1341
226
226
226
226
2353
905
2334
226
494
958
817
963
832
1522
958
820
619
619
1342
1342
958
820
820
832
832
832
832
832
832
831
859
963
1522
958
791
809
963
791
859
963
1516
785
808
1514
859
808
845
1514
788
780
973
1386
1525
1529
826
1393
1517
973
782
1382
973
1384
1401
777
1386
773
1386
789
906
2890
1503
1503
2305
1481
1461
904
2336
212
2361
1461
1481
2342
2355
2355
1375
1440
1453
2358
637
1493
1457
1336
1336
1336
1336
1492
1492
1494
943
2362
1461
256
256
256
256
1443
1365
1750
1372
1360
2302
1361
1745
1746
2175
1336
1336
1539
2347
1493
2340
1502
1502
956
1499
1499
721
1500
1500
1476
2340
1488
1483
911
721
2227
721
219
219
1501
1487
216
2213
2305
1336
1336
1493
2246
1494
1493
1492
1492
1497
942
942
942
3942
942
1492
1338
1345
644
939
942
908
1455
2364
1510
901
832
617
617
958
820
1336
832
832
958
832
832
832
1336
832
832
820
832
494
817
832
832
1336
958
832
832
832
958
832
2340
3942
2613
1370
1356
1451
1538
1539
1341
1341
627
627
956
956
627
627
627
1341
1341
1341
956
627
627
627
627
627
1458
956
1458
1492
956
1495
956
956
133
2301
1439
1334
1334
922
945
1334
2353
226
1540
1540
945
2334
2334
1540
2256
1468
2269
711
1569
1536
1729
1730
2269
2271
1562
2180
1760
240
1577
2247
1750
2225
1370
249
2144
2115
2112
764
241
2145
551
1587
649
261
278
651
264
2115
1580
251
285
708
556
556
2199
288
2198
2260
261
2202
260
1601
1705
1712
685
684
385
1705
377
386
687
682
2208
1698
1713
1713
1713
611
1697
1616
1617
375
1713
1655
2262
676
680
1710
603
1951
2272
1780
1909
1910
1915
1779
1951
1929
1907
381
1787
1909
1910
1756
1757
2176
888
2113
2113
2113
265
1753
1755
2158
265
2124
2124
1739
1760
1576
891
2140
2140
236
1571
2133
1743
1751
2159
2290
1358
2131
2155
1462
1451
635
2303
227
2374
1442
277
2249
1370
1462
1736
255
711
215
1744
2141
709
726
1467
2200
104
63
134
117
38
96
1
2351
192
945
1934
1958
1943
1961
2078
1901
1813
1833
1955
2081
2063
2073
1861
1881
2078
1901
1833
1886
1955
2073
1867
1867
1793
1867
1829
1867
1829
1867
1867
1829
1867
1867
1867
1829
1829
1793
1793
1836
1836
1793
1793
1793
1849
1793
1836
1793
1849
1849
1867
1867
1867
1867
1867
1867
1829
1829
1867
1867
1836
1829
1867
1867
1867
1867
1867
1829
1836
1829
1829
1867
1793
1836
1867
1836
1849
1849
1849
1849
1849
1793
1793
1793
1793
1793
1849
1849
1793
1849
1897
1849
1897
1849
1867
1867
1867
1867
1829
1867
1867
1836
1867
1793
1836
1836
1793
1849
1793
1793
1867
1867
1867
1867
1867
1829
1836
1867
1793
1867
1829
1793
1836
1836
1793
1793
1849
1897
1793
1858
1950
1876
1980
1938
1958
1818
1818
1818
2081
1958
1937
1876
1808
1886
1850
1876
1876
1816
1881
1881
1886
1876
1850
1897
1876
1867
1867
1867
1793
1793
1849
1897
1897
1897
1867
1867
1867
1829
1849
1849
1829
1849
1849
1849
1849
1867
1867
1793
1849
1793
1849
1849
1897
1897
1897
1849
1849
1897
1897
1816
1816
1897
1897
1897
1897
1897
1881
1881
1899
1881
1881
1902
2072
1899
1899
1899
1867
1867
1867
1897
1793
1867
1793
1867
1829
1867
1886
1867
1849
1841
1841
1841
1886
1867
1886
1849
1849
1849
1849
1897
1849
1849
1849
1899
1899
1899
1841
1849
1876
1867
1867
1886
1841
2073
2072
1881
1881
1881
1897
1829
1849
1849
1849
1849
1849
1849
1849
1849
1849
1849
1849
1849
1849
1849
1849
1849
1849
1849
1849
1849
1849
1849
1849
1849
1849
1849
1849
1849
1849
1849
1899
1841
1849
1899
1867
1829
1829
1849
1829
1829
1849
1849
1849
1849
1849
1849
1849
1849
1849
1849
1849
1897
1897
1897
1793
1849
1867
1793
1867
1867
1867
1867
1867
1867
2073
2073
1841
1841
1886
1897
1897
1897
1897
1897
1492
1492
488
470
1617
1448
2174
2155
2154
2195
2152
2143
2166
2151
2153
1584
1585
335
439
2164
2178
213
2345
2175
717
2145
2157
1448
2141
1444
276
694
492
2145
293
325
452
468
2149
341
315
272
1485
647
889
200
1358
241
262
638
1358
532
1658
470
1479
477
1484
1484
1480
892
1754
1754
553
1570
2176
1720
1569
2113
265
265
1727
1722
2176
2176
2125
2113
553
1561
1574
272
1717
2213
2255
712
904
2255
296
2206
2206
472
2221
265
2210
1654
641
641
1559
1487
437
438
1501
437
507
507
1592
287
2220
1712
1776
2176
437
2249
265
732
317
4882
738
413
742
1692
2268
2272
1959
1506
1492
1493
2249
1451
904
1362
1497
1458
1336
1336
907
2256
1468
1366
1592
556
513
242
288
2267
1914
1615
1787
1917
265
265
1362
256
1961
2078
2073
1943
4997
1881
1881
1849
1899
1841
1816
1899
1849
2072
265
265
226
855
2356
902
2139
851
477
2346
1375
1359
2134
854
2172
2356
2356
2138
1741
928
2110
951
851
630
212
1341
627
1341
1490
630
1377
1377
1745
2305
1341
1341
1341
627
627
226
226
2133
640
2374
2109
1563
124
125
74
149
70
177
177
177
177
177
177
123
54
54
854
1343
855
1353
1343
223
2342
852
916
852
856
855
856
1353
496
1499
1334
919
1483
199
956
956
499
1502
1502
956
852
916
919
1495
1496
1502
1496
907
941
1455
626
1334
1334
1334
1334
1334
1334
1341
1334
1334
1341
1341
627
627
499
499
956
956
956
956
956
956
956
956
956
956
956
629
852
2358
2347
1502
940
940
1502
1498
721
721
2363
1501
2359
903
1454
627
627
627
627
627
956
956
627
855
1334
1334
1476
1482
1334
1334
1341
226
223
627
1329
1329
627
627
627
627
627
627
627
627
626
226
1343
226
722
627
1329
1329
627
627
1329
629
2360
477
1445
269
1538
1537
1354
1445
269
520
1369
3971
4739
1334
1354
3914
2388
480
2304
1445
2304
244
2292
545
2336
2396
2395
4223
1547
898
898
1768
2454
1548
4222
4977
2457
2437
3321
3877
2483
2483
2419
3299
2929
2415
2424
2401
2482
2462
3286
2627
2932
2448
2934
2627
2403
2507
2498
2414
2527
61
2417
2430
2507
2447
2537
4920
2441
2471
3305
2471
4221
11
2928
2624
2526
9
964
63
2460
108
3980
2445
2484
8
3324
2448
2516
3760
2552
2524
2516
2525
2478
2511
2432
78
2480
2425
2513
2408
2449
2421
2497
2497
2585
2507
2454
4221
10
2447
1765
95
9
964
964
964
2486
4218
2450
1761
2627
898
100
898
1547
1547
898
2484
2445
3877
18
2427
2422
2522
2489
2524
3952
2407
3286
2421
4977
2521
4222
3321
4902
4642
3301
898
964
130
2485
2402
2451
2450
2463
2556
2481
3760
2562
3291
3291
3291
2426
3290
3291
3760
3291
3291
2413
2525
2525
2508
2426
2448
2525
3307
3291
2420
3289
3290
2426
3290
2426
2426
3291
3291
3291
3290
2525
3290
3290
3291
3291
3291
3291
3291
3291
3760
3291
3291
2408
3290
2413
3948
4953
1380
210
3786
3332
3784
4947
4947
3926
3786
3770
2978
3136
3784
3784
3919
4962
3770
3770
3770
3811
3810
3120
1380
3809
3784
2988
4673
2991
4960
3987
3813
193
3371
4960
3784
3784
3332
4827
2904
3930
4963
4963
3899
3914
3899
3974
3784
3379
2900
3784
3784
3784
3784
3380
3380
2978
2978
3784
3784
3784
3928
3806
2600
3952
3946
4952
2631
3952
2904
3999
3312
4738
4733
4673
3804
4682
3184
4683
4667
2298
2294
4184
4768
2638
690
3011
3127
3103
485
3910
4213
2658
4714
4907
4995
4938
2946
3814
4703
554
388
688
3799
3918
3925
2626
4721
4729
2889
2951
2664
4670
4648
4724
2190
4190
2954
3127
2652
4010
4687
2669
2632
2648
3018
3018
4029
4706
4689
4689
2679
4031
2676
4027
3010
2959
4654
4706
2684
4774
3016
4773
2961
2962
2694
4026
2685
2963
2976
4746
2689
2685
4660
4664
4664
4664
4118
2975
2804
4097
4117
4119
4097
4663
2965
4644
2850
4643
4643
4643
4694
2968
2755
4710
4710
4710
4710
4711
4711
1770
1720
643
1720
4725
2952
2952
2671
4773
4153
2974
4117
2968
3027
2390
696
4012
4705
2683
4836
4018
4014
4660
2685
4163
4371
2976
2857
4663
4663
3034
4069
2653
3917
3276
3380
3380
3784
3380
1381
1554
3989
3795
4981
3909
483
266
696
3890
2176
510
4171
4000
2979
2895
3331
3782
1752
3331
2287
3784
3791
3001
3792
3903
3901
3927
4963
4829
4829
1732
893
4743
691
554
696
696
696
3380
3380
3380
3380
4829
4829
3366
3781
3780
3351
3351
4953
3371
2926
1380
2890
3370
3371
2995
3778
2617
3778
3778
3984
3316
4706
4659
1381
1553
2336
541
4993
2391
4993
2987
4890
3380
3784
1554
1554
1554
2338
2366
3770
3770
4946
4946
2176
2183
2285
2189
509
1726
553
690
553
553
553
4185
4731
2653
4039
2671
2671
4031
4032
2821
2857
4656
4656
2900
3770
3770
3770
3770
3770
2979
3770
2979
2979
3766
3766
3769
3769
3769
3774
3781
3784
3777
3770
3770
3770
3784
3784
3784
3278
3780
3784
3366
3366
3809
3919
2906
3784
3784
4940
4940
3784
2926
4960
2614
3278
3278
2998
3896
3012
3313
2634
2634
4892
2312
2298
713
3896
2285
2285
4209
3806
645
548
2628
2639
2647
2671
2959
4009
2676
4024
4047
3018
4045
3091
4784
2857
2794
4096
4098
4119
4118
2850
2850
2772
2795
4118
4656
2850
2755
510
1725
692
553
4702
4196
894
4676
2677
4047
4773
2636
4712
2610
3881
1758
4188
4187
3122
4661
2626
3380
3380
3784
3784
3896
3784
3784
3784
3774
3770
3770
3770
3785
3766
3896
4993
3911
2633
553
893
2915
2663
4053
2679
4157
2803
4077
4150
2755
1770
553
1770
1720
553
553
3367
3380
3380
3380
3781
3278
3770
1566
2630
2387
3772
2988
2618
3784
3784
3380
2618
3963
3234
3195
3232
3252
3236
3817
3268
3282
3956
3390
3252
3242
3240
3240
2980
3242
3252
2980
3967
3253
3240
2980
3242
3240
2895
2978
2978
2978
2980
3778
2980
2980
2980
2980
2979
3769
2978
2978
2980
3778
2980
3772
2979
3770
3969
3247
3956
2895
3778
3778
3969
2978
2895
3766
2980
3253
3253
2895
3778
3766
3253
3778
2978
2980
3967
3252
3242
3208
3253
2978
3242
3769
3240
3390
3961
3964
2978
3770
2979
2979
3282
3772
2978
3252
2978
2895
3252
2978
2895
2979
2978
2978
2978
2978
2978
2978
3195
2978
3252
3967
3252
3252
2980
3383
3383
4961
3279
3380
3380
3380
3770
2988
2988
3770
3770
3770
3770
3770
2906
3380
3380
3380
832
3242
2978
3918
2556
3291
2462
2525
2934
2585
3300
2391
2391
3291
3290
3291
2562
4902
3367
3336
1566
239
3307
3307
3289
3290
2481
2468
3291
11
2621
3793
4199
4682
4647
4980
869
964
3877
2995
2995
1548
9
3369
4820
4906
3894
4950
4965
3783
4829
3361
3934
4829
3785
3380
4827
3380
4829
4829
4827
3380
3379
3379
3380
4829
3380
3380
3380
4829
4829
3781
3786
2618
3781
2988
3783
2987
3781
2988
2919
3380
3784
3380
4829
4829
3768
3278
3783
4827
3943
3132
3933
3933
2900
3943
3190
3786
3781
3783
3369
3190
3355
3780
3780
3897
3380
3380
3380
3380
3380
3380
3784
3784
3784
3784
2895
2895
3766
3766
3766
1768
11
3213
3967
3955
3232
3236
3386
3382
3282
3246
3242
3967
3197
3834
3842
3396
3265
3836
3396
3825
3201
3391
3201
3820
3391
3203
3197
3824
3817
3817
3265
3209
3199
3871
3399
3413
3199
3251
3251
3841
3850
3871
3476
3200
3251
3251
3507
3862
3403
3250
3841
3841
3830
3251
3199
3841
3743
3400
3403
3868
3867
3861
3489
3743
3872
3505
3400
3743
3744
3872
3861
3410
3872
3227
3845
3848
3840
3405
3703
3405
3432
3847
3853
3847
3199
3842
3841
3862
3842
3251
3830
3225
3196
3251
3472
3251
3416
3707
3743
3743
3251
3706
3863
3702
3740
3476
3720
3480
3472
3845
3699
3757
3405
3743
3873
3834
3250
3830
3841
3415
3199
3419
3720
3400
3740
3432
3841
3858
3472
3489
3826
3830
3831
3703
3716
3703
3703
3716
3699
3703
3716
3518
3703
3719
3716
3739
3739
3703
3703
3716
3703
3445
3744
3432
3743
3432
3743
3743
3708
3743
3718
3432
3713
3476
3720
3720
3445
3718
3718
3720
3701
3701
3718
3720
3718
3717
3400
3472
3718
3720
3718
3720
3720
3718
3718
3718
3712
3720
3445
3720
3720
3719
3718
3720
3550
3720
3720
3720
3720
3701
3472
3743
3743
3472
3472
3400
3743
3489
3400
3864
3413
3720
3489
3462
3489
3720
3720
3720
3720
3720
3720
3720
3720
3720
3720
3720
3720
3720
3720
3720
3718
3720
3720
3720
3720
3720
3720
3720
3720
3720
3720
3720
3720
3720
3720
3720
3720
3720
3720
3720
3489
3720
3472
3472
3489
3720
3720
3864
3464
3464
3452
3464
3464
3489
3445
3489
3464
3465
3464
3464
3489
3489
3464
3489
3445
3465
3422
3422
3550
3422
3422
3489
3465
3720
3445
3422
3422
3422
3422
3464
3464
3464
3489
3464
3199
3199
3199
3199
3199
3841
3199
3199
3199
3199
3744
3199
3199
3871
3854
3855
3199
3871
3866
3199
3854
3858
3871
3866
3871
3866
3854
3845
3872
3505
3874
3479
3873
3522
3427
3403
3460
3754
3874
3862
3409
3858
3871
3406
3199
3199
3841
3841
3841
3855
3251
3251
3251
3415
3859
3856
3416
3836
3199
3199
2401
2499
3300
3289
2426
2420
2448
3278
3784
3784
2979
3784
2978
3778
3770
3770
3770
3770
3770
3784
2979
3784
3784
2979
3784
3766
3770
3770
3770
3769
3770
3766
3770
3769
3770
2979
3766
3770
3784
3770
3784
3784
3784
3784
3784
3774
2988
3784
3770
3770
2988
3784
3784
3278
3278
3772
3784
3784
3784
3777
3770
3278
3278
3778
3784
3784
3784
2988
3784
3784
3784
3884
3882
3902
2594
536
4975
2905
4787
3925
2646
2899
4891
3888
3925
2939
2620
2610
210
1334
1550
3770
3770
3770
2988
3770
3784
3784
3784
3784
3380
3380
3380
3380
3380
4944
4944
3380
3339
3784
3784
3784
4967
2352
498
2337
1541
1554
3252
3253
3252
3383
3242
3967
3955
3383
3240
3385
3778
3253
3252
3252
3252
3242
3967
3967
3282
3269
3236
3969
3815
3242
3390
3958
3242
3205
3825
3256
3964
3209
3826
3195
3209
3969
3824
3822
3823
3396
3201
3391
3389
3195
3838
3394
3827
3834
3394
3394
3830
3830
3203
3830
3201
3201
3203
3835
3949
3371
3371
2926
3370
4949
3925
2646
3924
3924
3989
1555
3900
3924
3923
4946
4937
4937
4969
3892
4822
3934
3896
3896
3766
3791
3791
3380
4827
3943
2998
2998
4768
2899
4824
3882
4863
4823
4198
3119
2941
3794
3792
4863
3766
3791
3914
3940
3933
3970
3339
4939
4821
3899
3899
3899
3899
3899
3920
3920
3970
4959
2612
3919
3919
3919
4963
4825
2998
2998
3331
4969
3931
3328
3791
3772
3380
3913
4827
3913
2900
3913
4965
3940
3937
3933
3921
3921
4827
3896
3783
3134
3009
3934
3783
3190
3894
3947
3333
4906
3953
3252
3240
3213
2980
2895
2978
3252
2978
2980
2978
2895
3386
3213
2978
2980
3778
3240
3252
3253
3252
3213
2950
3921
2613
2381
3974
2896
3770
3770
3770
3784
3784
3784
3784
3784
3784
3784
2979
3770
3784
3784
3784
3784
3784
3784
4956
3784
3784
3784
3784
3380
3380
3380
3380
3784
3784
3784
634
185
523
923
634
1334
1541
1540
1540
1554
1542
2296
201
4002
4207
4831
3907
4195
4182
4205
4916
4735
3906
4741
4734
4206
1759
4986
4983
3973
3125
3124
4769
2951
2183
4669
4650
729
2224
3185
3129
2650
2675
2887
2893
3007
3139
3175
3177
491
490
2629
3130
4726
4700
4687
2957
3186
4077
4103
4098
4118
4118
2973
2970
2971
2794
4098
2795
4097
2858
4663
4663
4148
3033
2974
2857
4663
4664
4697
2722
4069
4094
2773
4656
2970
2755
2771
2795
4118
2970
4656
2971
2971
2770
4122
2771
2859
2755
3320
2176
696
4208
713
713
3314
4197
3320
4196
696
245
643
3997
4206
4992
893
2314
2300
553
2132
4979
3798
4680
4991
4199
3793
2898
3882
2591
4994
2620
2659
4717
2905
2381
887
2874
4204
3797
3796
4201
3137
2376
2645
1548
4642
10
2476
4220
1323
97
3981
2176
192
2613
4695
2755
2755
2751
2751
4711
2751
4695
2755
4695
4695
4695
4695
2751
2751
2751
4695
2755
4692
4695
2721
2721
2721
2721
2721
2721
2721
2721
2721
2721
2721
2721
2721
2721
2721
2721
2721
2721
2721
2721
2721
2721
2721
2721
2721
2721
2721
2721
2721
2721
2721
2721
2721
2721
2721
2721
2721
2721
2721
2721
2721
2721
2721
2721
2721
2721
2721
2721
2721
2721
2721
2721
2721
2721
2721
2721
2721
2721
2721
2721
2721
2721
2721
2721
2721
2721
4695
4695
2721
4695
2721
2721
2721
4695
2721
2721
2721
2721
2721
2721
2721
2721
2721
2721
2721
2721
2721
2721
2721
2721
4695
2721
2721
2721
2721
2721
2721
2721
2721
2721
2721
2721
2721
2721
2721
2721
2721
2721
2721
2721
2721
4695
2721
4695
3027
2751
2755
2755
2755
4710
4710
4710
4695
2755
2755
2721
2752
4695
2721
4695
4695
4695
4695
4695
4695
4695
2751
2751
2751
2721
2721
2721
2721
2721
2721
2751
2751
2751
2721
2721
2721
2751
4695
2721
2721
4695
4695
4695
2721
2721
2721
2751
2751
2751
2751
2751
2751
2751
2751
4695
4695
4695
4695
4695
2751
4695
4695
2751
4695
4695
4695
4695
4695
4695
4695
4695
4695
4695
2721
2721
2721
2751
2721
2721
2721
2721
2721
2721
4695
2721
4695
4695
4695
4695
4695
4695
4695
4695
2751
2751
2751
4695
4695
4695
4695
4695
4695
4695
4695
2721
2721
4695
4695
4695
4695
4695
4695
4695
4695
4695
2751
2721
2721
4695
4695
4695
2751
4695
4695
4695
4695
4695
4695
4695
4695
4695
4695
4695
4695
4695
4695
4695
4695
4695
4695
4695
4695
4695
4695
4695
4695
4695
2721
2721
2721
2721
2721
4695
2721
2721
2721
4695
4695
4695
4695
4695
4695
4695
4695
4695
2751
2721
4695
2721
2721
2721
2721
2721
2721
2721
2721
2721
2721
4695
4695
4695
4695
4695
2751
2751
2751
2751
2751
3379
3379
3932
2822
2963
4715
4715
3104
4169
3908
4679
4914
2961
4032
4033
4649
2597
2633
4030
2959
4196
4194
2654
4888
4892
4958
2835
4649
4671
3796
4713
4201
4699
4696
3102
4670
4648
4654
4654
2961
2961
2959
3794
4675
4211
2666
4652
4696
2597
3796
4670
4010
4681
4679
3883
2963
2821
3283
3275
4947
3273
3924
2390
4893
4210
4210
4001
643
643
2176
3994
1731
2311
3315
4901
2176
696
2311
1770
1720
4005
4212
4681
3943
4002
4004
3929
3991
2901
4026
2686
2686
4710
266
2682
2723
266
3992
3935
1719
1726
2183
2998
2183
689
490
2223
2902
4097
4122
1725
1720
2176
3974
3939
2915
2914
4053
3116
4159
2805
4149
3060
2971
3970
4829
3380
4829
2999
3805
2899
3920
2611
3791
3766
3772
3944
4006
3972
4786
3176
2285
688
4767
4098
4117
4098
2804
2772
4644
696
4007
4824
2755
4692
4695
2755
4695
4695
4695
4695
4695
4695
4695
4695
4695
4832
510
2176
3985
2991
3363
2658
4945
2596
4946
4938
2385
3351
4904
4938
4938
894
4987
3369
3293
3345
3351
3346
3801
4908
2947
3770
3770
3770
3922
4908
4908
2946
4903
3329
3770
3770
2979
2979
3808
1758
2300
4915
4982
1575
2484
2409
2467
2573
2554
3291
2413
3290
3290
3760
2463
3291
3290
3290
2525
210
3786
3786
2988
3786
3786
3283
4956
3810
3810
4956
3784
3784
3366
520
3279
3366
3784
3380
3784
3784
3380
3276
3283
4960
3279
3917
3380
3380
3893
3361
3893
3183
3783
1334
1334
1334
3769
3770
3770
3770
3770
3770
3770
3784
3784
3784
3784
3380
3784
3339
3380
3380
3380
3380
3283
4822
3899
4939
2906
2906
2609
3899
3919
3899
3899
3899
3899
4964
4964
3920
3920
3916
3784
3784
3784
3784
3784
3784
3784
3784
1334
4820
4822
3770
3278
3770
3770
3781
3781
3781
2988
2988
3784
3784
3784
3784
3784
3784
3770
3786
3783
3770
3786
3770
3770
3770
3770
3770
3770
3770
2979
3770
3770
3923
4937
2875
1369
1445
1537
2938
1369
2392
1334
1369
3938
1334
2377
534
1771
537
2393
1445
2392
1758
535
2297
1556
541
1849
1897
2721
1849
1849
1793
2895
2721
2721
