98
2605
120
4300
2609
2648
120
975
2641
2597
1852
2605
98
133
131
884
18
18
36
139
69
1850
49
22
98
36
19
175
118
1692
47
871
22
77
1852
124
98
1850
90
22
1852
98
98
1334
42
17
89
89
49
36
90
2609
4300
123
53
22
134
2609
4300
2648
2596
1846
12
98
58
1852
2605
1
2394
45
17
18
41
2399
18
90
36
90
2637
47
47
71
40
23
47
47
76
37
41
41
33
9
2596
63
2585
2656
4299
4300
2648
2648
4300
2605
90
77
2600
1846
53
2609
1852
2648
120
58
2648
101
1334
30
2656
1849
71
47
71
37
2637
25
52
58
80
58
1
2621
2621
2609
42
69
2644
134
4300
2605
2609
2642
103
58
12
2605
121
44
44
17
17
45
45
45
2393
2393
2393
45
45
17
17
44
862
40
178
2394
175
2392
45
45
45
175
175
2393
2393
45
2393
45
2393
2393
862
2392
862
2393
45
45
43
43
45
43
43
44
2393
41
43
25
882
462
174
1695
563
2413
2205
1415
2415
1390
1572
1403
1403
565
198
1427
1403
544
2375
877
2352
2233
2201
1702
279
1403
1838
2185
1688
2233
2525
4993
4991
1702
4304
467
2373
1403
1403
1824
29
1688
1559
888
2476
864
1583
4285
1403
1403
544
1403
1403
544
1527
233
233
237
837
837
1420
1837
891
865
1809
31
28
38
2671
1717
1713
4172
1837
289
2263
2376
2540
2545
1713
250
259
270
2956
2810
4779
4260
2307
2305
443
266
297
269
2202
2202
1728
2361
2538
406
2376
2532
1830
2546
2546
1412
2533
2830
2830
1732
3362
2222
1838
2236
431
290
2193
2316
294
319
318
295
1725
2226
1748
1745
1728
1743
1749
1737
591
591
592
621
2270
594
2296
328
310
2267
386
312
313
314
315
620
621
654
655
383
2216
321
310
309
328
324
314
2190
327
2231
596
385
2215
332
2297
596
597
335
336
2182
337
339
1758
341
2323
342
1754
1770
2285
1767
1773
1773
1787
2299
1793
1764
1785
352
604
349
2325
605
1792
2286
2286
352
1794
340
3196
2910
2910
1739
623
368
623
369
371
389
341
1778
1759
517
1786
375
438
2253
326
322
2266
308
369
325
589
331
335
2297
389
372
390
391
392
338
1777
1779
2192
264
2468
2430
831
233
233
233
4990
4004
4990
1569
477
2356
4722
4722
4796
4260
1826
116
2911
4729
252
1712
2521
2535
245
4177
2262
3932
1401
253
2274
1844
2328
241
1409
240
1580
613
414
2811
4270
2810
441
3362
1752
866
3035
3035
52
233
233
1580
1580
1580
2474
563
563
563
563
467
462
4153
1627
883
50
115
237
53
463
52
468
248
2214
4977
2825
2825
2825
1692
2534
4983
4989
2350
233
233
4990
2546
4004
4004
3932
2368
1412
276
4696
2179
2832
2832
3113
2279
4728
2279
3362
3362
3147
3147
3147
1738
367
509
511
512
513
513
514
515
515
516
1778
1760
517
518
743
840
840
840
2382
2454
746
2516
2406
938
1403
941
2408
2514
2514
2408
1375
837
2365
233
1594
1422
829
829
213
1413
1413
2200
1702
4304
561
1427
434
943
1394
893
246
2255
1820
2362
500
2279
4779
4779
645
2831
4733
3112
2831
1803
1570
652
583
587
1753
305
2191
513
387
2213
621
622
595
328
387
333
2323
598
1770
344
659
1763
1756
1789
350
350
1791
600
603
604
1788
605
4728
3038
3146
3148
3362
2221
619
440
1812
469
469
322
369
370
1734
210
286
432
1819
1723
4267
677
575
631
2198
633
1712
233
233
1403
2481
538
840
837
944
454
206
2365
1619
1618
2530
2188
3045
2386
2272
2273
654
655
655
2294
314
2296
2297
1780
658
2298
660
349
3195
3196
3196
2830
3147
3043
854
461
233
1580
943
182
182
4172
257
1816
271
1550
2408
454
454
943
1403
1008
1008
1526
980
1494
696
1494
696
1526
696
696
1494
1003
703
1472
1490
1495
982
1491
767
752
828
752
1654
1495
773
806
985
986
2511
740
193
1477
986
703
1510
777
1005
1490
1495
786
714
1470
985
729
237
745
961
709
703
1510
980
1494
2450
1472
2450
982
982
1510
1501
788
2369
1667
696
984
1479
1479
767
763
987
1005
814
828
1486
811
982
1495
1495
1423
2235
1592
1592
840
2514
2513
2514
2514
829
1580
1580
1580
757
980
1650
19
45
118
19
153
1336
870
1338
3353
4274
43
862
862
45
44
854
31
126
674
3208
45
45
19
2393
17
17
19
4982
2314
244
1798
2222
573
881
3377
50
86
1690
3382
2601
462
1529
1602
234
921
31
2308
2365
552
2423
1687
2423
233
233
232
1688
2474
1580
233
232
233
1580
1580
232
233
232
232
2365
943
454
941
2408
2408
1403
1403
456
2408
941
1383
1403
233
1403
1403
1688
194
1623
1688
1623
2349
889
2312
552
457
181
563
454
1530
457
457
181
232
1688
1580
1688
232
233
837
1670
529
974
828
2454
1373
827
120
2601
828
982
827
828
1494
1494
1494
696
696
1493
980
1472
1472
1330
1330
1330
1330
1330
1330
1005
1005
1005
1330
1005
1330
1005
1005
1005
1005
1005
1005
1005
1330
1005
1146
1191
1146
1036
1146
1155
1036
1134
1329
1329
1146
1206
1206
1163
1036
1146
1192
1310
1191
1310
1192
1329
1329
1329
1043
1191
1038
1167
1175
1155
1206
1014
1146
1157
1146
1167
1167
1036
1146
1310
1163
1163
1036
1157
1014
1206
1146
1036
1014
1301
1036
1146
1163
1036
1056
1036
1036
1036
1163
1191
1310
1301
1330
1330
1330
1301
1058
1058
1175
1134
1310
1167
1167
1167
1086
1175
1167
1167
1329
1329
1206
1175
1206
1175
1036
1172
1172
1175
1167
1163
1048
1310
1329
1005
1036
1301
1134
1076
1146
1175
1167
1163
1167
1329
1134
1036
1163
1146
1329
1330
1329
1172
1163
1163
1181
1181
1172
1163
1163
1172
1181
1163
1163
1163
1163
1181
1181
1181
1181
1181
1163
1167
1167
1167
1167
1167
1163
1181
1163
1163
1163
1167
1175
1175
1172
1181
1163
1163
1163
1163
1175
1181
1181
1181
1181
1163
1181
1175
1167
1163
1181
1181
1181
1181
1181
1181
1181
1181
1181
1181
1181
1181
1181
1181
1181
1181
1181
1181
1181
1181
1181
1181
1181
1181
1167
1163
1175
1162
1163
1175
1175
1167
1175
1175
1163
1167
1146
1036
1175
1175
1175
1175
1175
1162
1162
1181
1162
1175
1175
1181
1162
1181
1162
1162
1162
1175
1175
1175
1181
1181
1162
1181
1181
1181
1181
1181
1181
1181
1181
1181
1162
1181
1162
1181
1181
1181
1181
1181
1162
1162
1175
1175
1175
1175
1175
1175
1175
1206
1206
1206
1162
1162
1162
1175
1206
1162
1162
1162
1175
1162
1175
1206
1175
1162
1162
1162
1162
1162
1162
1162
1162
1162
1162
1162
1162
1162
1162
1162
1162
1206
1206
1162
1206
1206
1146
1076
1191
1139
1143
1076
1134
1134
1139
1144
1143
1151
1145
1165
1165
1165
1144
1144
1125
1165
1144
1165
1165
1144
1145
1144
1165
1165
1165
1076
1155
1154
1154
1144
1165
1165
1151
1165
1175
1175
1146
1162
1206
1206
1310
1206
1206
1310
1206
1206
1206
1310
1146
1192
1167
1155
1157
1036
1036
1134
1191
1192
1192
1048
1038
1036
1056
1048
1048
1014
1014
1301
1191
1191
1191
1852
58
175
19
2394
2512
541
640
1618
541
638
1368
2382
839
840
839
1438
837
1553
2405
455
463
1604
1433
1670
1553
840
840
840
837
837
1403
1394
2440
2408
2408
206
233
837
2512
945
638
837
837
837
944
2357
1618
478
2408
2408
1403
2513
837
1375
2358
1564
1724
1565
222
205
2207
248
241
1722
2529
396
1416
2304
1830
2366
627
2544
412
241
1831
2969
4978
4978
4981
840
1403
840
837
1403
837
837
837
1394
233
841
841
2432
2432
213
1352
484
4161
4161
4153
4991
4993
1494
1472
1472
1491
1495
1494
1494
1494
1493
696
980
1472
1472
1494
1472
696
696
777
1494
1494
1494
980
1494
1494
788
980
1005
1505
1505
1505
1510
1005
1008
1005
1510
1510
1505
1005
1005
1005
1005
1005
1005
1005
1005
1005
1005
1005
1301
1330
1330
1330
1330
1330
1330
1301
1330
1330
1330
1005
29
413
1691
1692
863
1602
1835
2289
1827
4986
3892
2541
1835
1411
2220
1423
2200
2351
2351
459
2377
1625
2438
194
897
920
638
920
400
2426
1688
1580
2494
1534
628
2304
1723
1723
2315
2261
2307
1837
1709
1568
1843
285
1821
2229
875
945
233
2308
1557
2179
2301
829
2432
1592
1592
1596
196
224
227
2479
2481
1591
1602
287
189
1532
198
565
1538
1558
1590
220
1544
242
678
923
923
2179
1686
923
1684
230
892
452
2179
1612
1576
1611
1686
232
2365
667
466
2438
1606
2363
2349
234
864
247
1627
1654
806
827
1479
982
974
1654
986
828
982
703
752
1654
986
1654
757
982
1486
827
1616
220
2259
4984
4271
2528
1661
1663
484
484
837
484
279
484
484
1403
2408
544
233
233
1403
1403
1403
2676
2633
4151
3934
2731
2731
2950
3934
4992
4827
3902
4004
4004
3902
431
1710
1708
1809
2241
1714
1845
2812
2256
1718
1715
1712
263
4177
1718
1711
1566
875
2203
2194
293
293
2316
1744
296
2212
2318
2831
1743
307
2283
305
301
303
366
1727
368
366
510
653
2292
3117
3117
2282
1751
594
585
382
586
317
624
1732
587
1769
2298
1765
346
348
1759
1778
1761
1761
659
1779
601
1766
1774
659
338
1769
658
2271
341
1772
390
1775
1771
1776
1777
1778
2323
1780
1789
373
2299
1764
2285
1758
1786
373
518
1761
660
350
1764
345
1757
2299
408
1817
2911
2239
2956
2957
4705
4796
2255
2219
2249
1795
3035
2810
410
2272
2244
1810
1719
4709
1817
4836
3160
3362
674
4268
1845
285
1842
1843
281
881
2229
2315
874
1567
4973
2207
251
273
1565
251
1660
4974
264
2801
1707
571
571
2208
2206
2364
2545
2389
1836
2645
2648
113
2621
1850
2585
1852
3462
4696
4155
4153
661
356
357
605
360
361
362
376
1857
2300
1986
2300
1994
1993
1859
1860
1990
1984
1992
1857
1986
2060
2066
2037
2065
2061
2071
2068
2068
2060
2065
2065
2066
2066
2066
2065
2065
2031
2063
2063
2032
2063
2042
2037
2037
2063
2122
2081
2046
2083
2029
2060
2068
2061
2061
2067
2061
2068
2060
2068
2067
2104
2116
2066
2067
2065
2065
2068
2067
2065
2115
2116
2117
2117
2064
2063
2116
2115
1943
2117
2116
2064
2114
2119
2063
2128
2063
2064
2063
2063
2063
2125
2121
2042
2084
2047
2046
2040
2119
2033
2066
2063
2067
2071
2065
2065
2033
2104
2065
2065
2063
2115
2116
2119
2032
2083
2029
2068
2065
2065
2068
2065
2115
2115
2115
2065
2116
2115
2116
2063
2032
2063
2173
2174
2114
2083
2045
2042
376
519
1781
2325
2300
611
2330
358
1792
359
374
356
1788
519
1781
610
1983
1996
1983
1860
2333
1993
1863
1995
1863
2008
1991
610
2070
2094
2094
2092
2094
2173
2173
2173
2049
2049
2070
2070
2124
2124
2044
2102
2124
2125
2131
2131
2085
2085
2004
2076
1999
2000
2173
2102
2102
2102
2102
2007
2102
2336
2001
1869
2053
2002
1869
2002
1869
2001
1868
1868
1874
2168
1987
1875
1874
1874
1987
1987
1875
1875
1875
2076
2078
2078
2007
2007
2000
2004
2172
2004
2095
2172
2170
2124
2096
2170
2343
2343
1866
2170
1872
1873
2335
2102
2340
2051
2099
2003
2169
1867
1867
2168
1875
1875
2343
2170
1995
1995
1997
1872
1865
1856
1987
1987
1874
1987
2331
2073
2073
2075
2074
2337
2137
2341
2337
2336
2088
2087
2051
2059
2088
2059
2075
2337
2096
2055
2056
2097
2057
2171
2171
2343
2171
2057
2097
2099
2097
2169
2098
2343
1867
2168
1875
2168
1875
2117
2116
2117
2125
2125
2116
2117
2091
2121
2125
2125
2117
2132
2131
2131
2121
2119
2084
2085
2049
2084
2047
2173
2046
2173
2077
2077
2094
2069
2072
2077
2067
2069
1994
1987
1987
1986
1992
1871
1861
1870
1869
1990
1861
232
1528
515
2181
2231
2185
1820
254
507
2187
1741
272
395
315
514
2196
2191
574
384
2195
1804
2184
254
2186
407
479
1742
2189
588
2249
210
2199
1573
1822
2209
1730
2210
1731
588
379
326
327
2217
2217
2228
320
2257
2221
2227
2208
1840
1839
2211
302
2197
878
1841
2230
516
2223
2183
1832
2223
2223
1808
439
2238
617
3045
1811
2911
3045
4707
410
4797
4797
431
377
4696
2910
4740
2247
3200
3045
1706
2256
1805
2258
225
417
1716
1818
676
266
329
2265
334
597
334
4260
590
393
4779
4700
675
1545
4730
4730
4728
2275
3117
4733
3112
583
2282
306
381
601
2321
4740
3037
3037
1724
2985
2293
653
2294
2295
2295
656
388
657
658
1754
2322
2325
2422
890
2179
2439
1722
422
1826
2278
1544
1683
919
539
263
1810
1721
2291
2291
3112
3117
2318
2320
593
1763
1754
394
1780
606
2322
4741
1718
1723
1720
611
2330
355
661
1993
1867
1858
1865
2168
2343
1865
2168
2098
1856
3035
4696
4741
404
1696
2547
406
255
1830
2183
2351
2351
1571
256
458
273
1424
2546
629
1814
882
863
217
181
275
1412
1408
1828
840
234
1412
1412
470
2541
1823
1627
484
484
4835
4836
3109
2388
274
4265
58
39
18
18
45
45
43
44
44
43
44
44
43
175
137
862
1695
562
2408
2415
182
2235
2235
2235
2374
1422
4978
2368
2408
1579
1583
2533
2524
2476
1394
1403
1583
1580
1413
1414
2495
625
2472
1580
421
1546
667
456
457
3932
3932
4981
425
837
837
837
1394
837
1394
1394
2432
1394
1394
2472
1414
234
2478
1592
829
1596
198
829
435
435
1558
892
1590
2495
1577
484
279
4855
4855
4855
2482
1695
2415
2415
181
2408
206
2408
1403
1403
837
837
837
1352
1352
562
2415
2415
2415
2415
840
840
1352
521
2223
2205
2366
4975
4975
4982
2540
4983
4975
4855
2731
4975
4305
2761
4286
4985
4271
4261
3020
3020
4975
2967
4988
3888
4280
2585
2586
2604
2642
2642
2642
2642
2653
2678
2580
2586
2604
2645
4840
2588
2567
2587
2592
2591
2569
4846
2583
2566
2569
2586
2590
2566
3822
2657
3381
2622
2573
3822
2604
3818
2587
2645
4299
2622
2574
2645
2582
2586
4841
2591
2592
2583
2591
2595
2569
4299
2654
2642
2635
3819
2622
2629
2642
2642
2642
2632
2585
2586
2560
2587
2585
2604
2573
3347
2594
2590
2590
2661
4846
3345
2569
2595
2594
2660
2593
2566
2566
2620
2564
2573
2573
2624
2624
4846
2572
2560
2588
2632
2648
2585
2636
4299
2678
2606
2642
2642
2604
2593
2659
2579
2645
2584
2642
2585
2604
3818
2577
2642
2586
2589
2699
2656
4298
2619
2566
2619
2620
4299
3350
2587
2587
2586
2585
2585
4298
2606
2631
2616
2584
2584
2642
2642
2642
2586
2564
2604
2604
121
2590
2590
2590
2590
2590
2594
2594
2594
2594
2594
2594
2594
2590
2590
2590
2594
4843
4843
4843
2572
4850
2572
4843
3357
3345
2594
2594
2594
2594
3345
4843
4843
4843
2594
3367
2594
2594
4843
2572
4843
4843
4843
4843
2594
2594
2594
2590
3379
2590
2594
2594
2590
4843
4843
3201
2999
4813
3384
2759
3443
3922
4690
3904
4860
3281
3372
4148
2771
2738
3213
4878
4034
4969
4678
3344
4143
3421
3213
2777
4658
2978
4006
3093
3034
3384
3001
3358
3325
4275
3360
3426
2791
2958
3098
4049
3360
2994
4060
4630
2778
3423
4143
4148
3409
3299
4038
4005
3372
2672
2576
2793
2598
2797
2672
4288
4713
4171
3371
2802
4726
4033
4837
2829
4175
2817
2809
4663
4706
2924
4709
4170
4202
3209
2814
2816
2837
4181
2914
3150
4640
2952
4828
4635
4634
4687
4803
4687
3114
4188
2984
2831
2830
2829
4289
2746
2836
2816
4665
4184
4768
2865
2930
2842
4193
2844
4185
2845
2846
4198
4192
4193
3123
2863
3124
2864
3126
2854
2855
2856
2857
2858
2858
2883
2859
2935
2874
3152
2864
2982
2930
2930
2926
2868
2869
2870
3127
2871
2861
2878
4669
4685
2875
2876
2933
4684
2879
3191
3130
2875
4720
4225
4230
2884
4229
2887
2888
4776
4211
2921
3193
4219
4221
4221
4213
4241
4774
4777
4247
3141
2900
2909
2922
4778
3143
3143
3139
3139
2907
2898
2898
3043
3200
2910
3197
2915
4183
2865
2930
3155
2918
2936
2919
2920
4215
3056
2922
4703
3163
2860
2859
3153
3127
2872
3189
3122
2886
4719
2934
2935
2936
2937
4223
2938
2939
2880
2941
4643
4031
4002
4056
3167
3421
3405
3421
4687
4803
4802
4837
3150
2954
4706
4706
4261
2960
4796
2798
4696
2819
2961
4713
4102
2664
4012
4030
4799
4755
2972
3165
4276
4035
3904
2976
4049
2978
3210
4258
2924
2871
2983
2814
2815
2984
3145
3035
2946
3204
3411
2978
3400
3413
3415
3413
3443
3438
3201
3201
3005
3994
2763
4093
3359
3349
3358
2670
3299
2664
3470
3350
3012
2792
2858
4808
2825
2824
3888
2655
4801
2805
2954
2804
4873
3167
3327
4970
2824
3900
4139
4687
4686
4910
4696
3113
3195
4728
2832
2845
3040
4269
4269
3042
3041
3041
3148
4197
3046
2942
2931
3050
3051
4642
3052
3053
3054
4227
3055
4215
4242
3223
3913
4038
3273
3291
3242
3304
3274
3413
3412
3178
3177
3205
3443
3443
3327
4047
4055
4057
3337
4689
4674
4055
3000
3379
3344
2738
3390
3405
3433
2797
3104
4290
2820
4638
3210
4706
4706
4706
2742
4771
4771
4770
2832
4256
4199
3116
3116
4208
4206
3120
2866
2862
3128
3152
2927
2929
3154
2871
3129
3129
2889
3131
3132
4245
4217
3134
4248
3136
3137
3138
3138
4246
4238
4242
2900
3137
3040
3040
3361
3148
3208
3012
4710
3150
2927
3013
2869
2917
2872
2847
2752
4683
2799
4278
3035
3163
4651
2808
2836
2962
3421
4873
4873
3427
2765
4083
3445
4088
3944
3178
2952
4257
4257
3148
2924
4691
4745
3186
4746
2930
4747
2861
4748
3190
4749
3192
4751
4236
2896
3041
2830
3196
2910
3043
3045
4269
2598
3993
3338
3167
4888
3443
3443
4171
4714
3046
4105
3413
3412
3413
3213
3546
3546
3493
3512
3479
3479
3991
3979
3487
3493
3554
3579
3536
3986
3982
3555
3987
3494
3486
3486
3966
3263
3951
3966
3951
3228
3264
3941
4104
3951
3265
3293
4102
3946
3227
3955
3233
3554
3814
3578
3546
3264
3959
3265
3292
3228
3957
3941
3467
3468
3987
3951
3493
3479
3537
3979
3263
3940
3956
5000
3292
3539
3982
3554
3493
3272
3979
3955
3264
3941
3951
3956
3957
3987
3493
3503
3264
3263
3293
3951
3221
3959
3969
3324
4002
4002
4046
4917
4046
3214
4140
4949
4140
3089
4045
2978
2978
3263
3979
3324
2594
2594
2664
2594
3351
3365
2688
2707
2805
4033
2594
4843
2590
2590
2590
2568
3350
2664
2579
3208
2594
2594
2594
3357
2594
2594
2594
4174
3371
3371
4288
2806
4676
3183
3105
4814
2670
2568
2669
2654
2606
2678
2999
3201
3998
4829
3392
2672
4063
4887
4754
3392
4884
4084
4885
3167
3405
3426
2978
2978
4754
3398
4629
3411
2978
3398
3338
3338
2978
3413
3413
3443
3414
3414
3415
3997
4088
3414
3412
3426
3405
3426
4085
3443
3426
3400
2966
4089
3446
3446
4076
3004
3443
3443
3443
3443
3412
3413
3384
4813
3004
3004
3004
3443
3413
3405
3426
3426
3409
3204
2990
3300
4102
3466
2779
3466
3818
2551
3959
3228
3966
3487
3487
3486
3476
3979
3979
3979
3966
3966
3597
3767
3775
3794
3752
3533
3616
3579
3791
3662
3790
3584
3672
3567
3725
3616
3579
3522
3812
3786
3527
1142
1134
1180
1219
1217
1050
1042
1134
1181
1177
1215
1050
1268
1042
1042
1219
1254
1268
1048
1041
1191
1044
1038
1050
1013
1134
1246
1177
1181
1176
1268
1206
1215
1178
1162
1178
1177
1217
1254
1181
1163
1177
1217
1176
1273
1038
1227
1246
1243
1050
1159
1180
1177
1225
1163
1239
1114
1037
1085
1091
1134
1246
1037
1328
3567
3794
1074
1037
1037
1181
1272
1246
1178
1163
1163
1186
1163
1163
1181
1050
3786
1165
1175
1181
1268
1181
1038
1177
1177
1163
1234
1177
1246
1074
1246
1183
3794
1312
1057
1163
1181
1180
1163
1177
1169
1013
1112
1225
1177
1162
3503
3794
1181
1181
1177
1177
1177
1177
1177
1177
1177
1177
1177
1177
1177
1177
1177
1177
1177
1177
1177
1177
1177
1177
1163
1163
1165
1177
1163
1181
1163
1181
1181
1177
1177
1181
1181
1181
1163
1177
1177
1181
1181
1177
1181
1181
1177
1181
1177
1181
1181
1181
1181
1163
1181
1181
1171
1181
1171
1181
1181
1171
1181
1181
1181
1181
1177
1181
1181
1181
1181
1181
1181
1181
1181
1181
1181
1163
1181
1181
1181
1181
1181
1181
1163
1163
1181
1181
1163
1181
1176
1207
1181
1181
1181
1181
1181
1181
1181
1181
1181
1181
1181
1181
1181
1181
1181
1181
1181
1181
1181
1181
1181
1181
1229
1181
1181
1181
1181
1171
1181
1181
1181
1181
1181
1181
1181
1171
1181
1171
1181
1181
1181
1181
1181
1181
1181
1181
1181
1181
1181
1181
1181
1181
1181
1181
1181
1162
1162
1162
1229
1181
1181
1162
1268
1181
1162
1162
1181
1229
1229
1162
1231
1231
1231
1181
1181
1181
1229
1181
1181
1229
1231
1181
1229
1181
1229
1216
1229
1162
1162
1162
1162
1162
1162
1125
1139
1139
1138
1090
1090
1112
1112
1139
1090
1173
1165
1118
1083
1165
1125
1165
1125
1125
1083
1151
1083
1165
1165
1165
1145
1145
1090
1151
1125
1125
1125
1151
1165
1165
1125
1165
1165
1200
1162
1181
1181
1217
1268
1268
1243
1261
1246
1229
1162
1249
1254
1194
1191
1159
1152
1122
1114
1112
1112
1191
1272
1272
1246
1086
1042
1085
1038
1243
1310
1050
1312
1134
1134
2586
2604
3347
2693
2594
2594
2594
3076
3862
4038
3862
4015
3841
3168
4762
3251
3252
4946
3100
3943
3938
3232
4097
3291
2947
3423
4872
3203
3413
4944
3413
3415
3084
3170
4874
4873
3418
3428
3111
3213
4148
3213
4762
4069
2823
2974
3159
3115
3023
4671
2769
2974
4284
3890
4028
4688
4688
3894
4282
3159
3159
3334
3330
4874
3085
4874
3327
3327
4914
4045
4916
4916
3090
3337
3090
3922
4863
2750
4805
4804
4825
3264
3486
3979
3976
3966
3969
3487
3486
3476
3264
3264
3263
3494
3494
3982
3986
3479
3578
3488
3814
3476
3987
3479
3488
3488
3479
3479
3540
3575
3493
3546
3479
3480
3512
3784
3506
3554
3546
3579
3673
3555
3813
3493
3493
3800
3559
3521
3530
3720
3519
3797
3570
3570
3616
3790
3607
3584
3584
3791
3756
3677
3794
3612
3767
3574
3610
3724
3360
3359
3005
3005
3006
3360
4091
3894
4005
3896
2824
4802
4802
4281
3896
3901
4689
2736
3898
4824
4090
4886
4089
2742
3427
4082
4072
3405
3405
3400
4022
4023
4025
4000
3889
3890
2974
4287
4271
4289
4291
4837
4289
4276
4170
4015
2779
4120
4078
3434
4937
4046
4044
4917
4048
4049
4049
4049
4919
4050
4922
4051
4926
4053
4091
4091
4056
2746
3098
2976
2976
4061
3101
4039
4054
4066
2794
4074
3102
4086
3399
3446
3404
3446
2539
4712
4076
4078
4927
223
3446
3446
3446
4088
4084
3392
4089
4938
4887
2966
4885
4829
4091
4631
413
3951
3940
3292
3228
3951
3269
3292
3466
3959
3264
3466
3264
3486
3940
3940
3959
3228
3956
4727
2770
4742
4277
4180
4117
3088
3085
4905
4877
4862
3922
2764
3213
3405
3421
3421
3421
3421
2650
2632
3379
4798
3380
2761
2950
4819
2825
3902
3900
2824
2824
4699
4165
4164
4167
4167
4695
4767
4175
2812
4166
4168
4263
4169
4780
4176
4780
4030
4272
4036
4679
4647
4184
2841
2839
4185
2848
4666
4188
2846
2846
4190
4191
2851
2848
2850
4195
4184
2840
4182
2916
4744
3186
4734
4735
3117
3118
2853
4736
3119
2851
3156
4203
4208
4209
4774
2893
3135
3135
2887
4214
4215
4216
4210
3132
4218
4773
4220
4210
4221
3192
4224
4231
2888
4227
2895
4228
2890
4775
4232
4226
4233
2888
2899
4241
2897
4239
4738
4248
4241
3056
4244
4243
4245
4246
4777
4246
4238
2897
2821
2911
3035
4256
2960
2960
2980
4706
4702
4694
4259
3035
3162
4692
4692
4253
4263
4264
2821
3185
3151
4266
2800
2807
3110
4288
3373
3375
4838
3373
4292
4677
2973
2792
2822
4683
4801
2973
2799
4029
4031
4178
2793
4288
3103
2806
4645
4653
4838
4178
4294
2676
2579
2642
2660
2636
2585
2585
2645
3011
4155
4118
2902
4249
2903
2905
2904
4445
2908
3057
4237
2902
4448
3194
3194
2903
3144
4782
4446
4447
4448
4449
4442
4600
4613
4565
4588
4588
4588
4588
4476
4474
4617
4469
4469
4613
4474
4474
4613
4558
4469
4559
4558
4559
4558
4561
4565
4561
4566
4566
4566
4495
4571
4565
4571
4617
4523
4474
4588
4525
4476
4516
4618
4618
4588
4613
4557
4469
4469
4557
4469
4557
4557
4557
4613
4570
4557
4558
4569
4566
4558
4559
4558
4559
4566
4560
4561
4561
4565
4567
4562
4566
4565
4571
4568
4605
4567
4573
4565
4537
4495
4537
4565
4565
4572
4616
4613
4566
4588
4476
4588
4476
4600
4558
4469
4588
4560
4558
4559
4565
4566
4559
4578
4571
4355
4557
4612
4474
4557
4613
4469
4558
4559
4613
4558
4560
4560
4557
4566
4566
4561
4495
4561
4559
4537
4495
4495
3142
3142
3142
3057
4249
4237
3144
2905
2906
2907
4242
4237
2902
4242
2909
2909
4440
4439
4440
4449
4323
4314
4439
4439
4439
4456
4312
4447
4311
4521
4521
4520
4520
4531
4500
4500
4499
4499
4521
4531
4527
4527
4580
4527
4576
4583
4577
4578
4520
4462
4628
4628
4500
4628
4503
4501
4539
4792
4792
4503
4788
4508
4786
4324
4458
4555
4792
4458
4324
4324
4620
4620
4316
4323
4314
4323
4316
4317
4316
4443
4316
4533
4532
4531
4628
4628
4454
4460
4623
4549
4532
4528
4623
4527
4528
4549
4622
4325
4315
4315
4322
4322
4539
4539
4790
4504
4554
4786
4324
4459
4620
4620
4620
4316
4325
4550
4463
4456
4453
4453
4313
4313
4443
4306
4443
4314
4314
4314
4785
4544
4527
4583
4583
4586
4586
4580
4540
4506
4541
4585
4584
4585
4793
4791
4505
4506
4513
4506
4529
4550
4551
4509
4509
4510
4459
4553
4553
4325
4620
4620
4619
4621
4553
4521
4569
4570
4570
4574
4569
4568
4569
4573
4567
4573
4573
4578
4573
4578
4578
4496
4499
4496
4496
4537
4495
4495
4527
4569
4559
4523
4569
4557
4526
4526
3194
4314
4443
4442
4439
4457
4463
4321
4309
4785
4310
3426
2671
4632
2885
4032
4032
4636
2818
4655
4682
4639
4656
2874
4642
2926
4672
3182
4639
3122
4641
4650
2757
3164
4653
4283
4677
2838
4644
4711
4645
2752
4646
4275
4676
2809
2817
4187
2843
4667
3014
2878
4633
4641
4668
4667
4681
3115
2808
2829
4662
2833
3373
4186
4680
3149
4673
4034
3374
4685
4279
4674
4674
4683
4674
4279
4258
4693
4693
3045
4795
3200
2911
4696
4699
3108
2980
4702
4657
4696
3146
2980
3162
3045
4165
4766
4675
4710
4022
4164
2962
4170
4716
3125
4718
2869
2881
2881
3138
2960
4232
4706
2960
2958
2803
2813
4732
4730
4770
4061
4200
4201
4770
4769
4199
4192
2928
3134
3140
3113
4740
4728
4180
3145
3186
3187
3188
3186
3189
2861
3190
2861
4749
4750
4209
2891
2896
3385
2978
3399
3433
4629
4781
4000
4760
4064
2779
4072
4082
4884
4263
4173
4769
3186
3117
3117
4189
4204
4772
3133
2921
2941
4234
3139
4236
2960
2960
4294
4168
3143
4449
4442
3144
4449
4324
4324
4325
4306
4620
4325
4306
4318
4551
4619
4795
3039
3145
3384
4955
3094
2795
3157
3893
4686
4910
4273
2954
3384
4828
4687
4687
4687
2821
2796
2796
3004
4813
4813
3157
4802
4659
4654
3854
3386
4687
4688
4688
4660
4093
4862
4862
4250
3185
4292
2804
3376
2967
2565
2565
2590
2590
2594
2594
2590
2590
4843
2590
2590
2594
2590
2590
3345
4843
3345
2572
3441
3438
3213
3413
4001
3097
4007
3334
3325
4148
4046
2997
2834
4012
2796
3327
3327
4873
4873
4046
4001
4690
4052
4002
4045
4045
4046
4911
3993
4885
3997
3443
3443
3004
4799
3854
3330
3085
4873
4905
4905
4913
4916
4916
4914
4913
4045
4045
3327
4690
4690
4090
4912
4918
4915
2745
4918
4919
4919
2771
2772
4059
2977
4924
3389
4925
4053
4115
3925
2944
4798
2761
4743
4051
3330
3330
3443
3413
3412
2783
4874
4874
4905
3925
3443
4860
2783
2783
2783
2781
3085
3891
4689
2551
2805
4179
4033
4274
2805
4855
2805
4975
265
2801
4033
4767
4293
3181
2822
3021
4812
3019
2825
3888
2046
2119
2037
3421
182
2119
2778
3414
3421
