2546
147
2664
2637
2637
2599
5
4
135
115
5
9
2568
2633
2546
137
47
99
73
2633
2643
2580
28
134
2647
2610
1834
1831
91
25
139
139
91
91
29
25
2593
2624
4
2552
2556
2613
142
2546
4285
1828
2418
145
2580
2552
2556
2583
2647
2571
1668
2637
115
119
108
148
11
2539
2599
97
2546
2535
67
67
2568
2593
2664
113
91
91
42
50
113
198
2430
19
2625
2647
2608
2613
1830
1830
133
19
125
91
123
127
70
2628
7
2599
3838
2418
2418
2553
2571
2628
971
2637
2599
2597
2630
123
111
2633
62
2660
2593
3839
2637
1833
2599
72
18
29
2575
123
125
133
2572
49
843
70
1364
2594
3839
2644
198
54
79
15
37
62
148
2599
3839
1833
2418
1833
72
2653
50
50
50
42
42
42
87
87
90
83
42
50
50
77
90
848
848
162
77
2419
91
90
847
1830
1830
1830
33
90
91
91
91
90
91
87
2428
127
90
90
91
91
24
91
50
24
87
2418
91
77
91
499
577
946
502
226
2457
555
1429
504
1398
255
2475
436
574
1426
2244
491
2511
492
2237
2393
228
1669
870
646
266
887
887
1429
239
1580
960
957
962
696
438
926
2530
952
1591
1591
2442
2448
2526
2526
945
945
1662
221
1420
1607
902
2345
907
556
581
247
2483
2490
1433
2330
265
1809
128
30
307
117
647
2417
3356
2259
451
2416
868
1823
1683
1684
2260
2238
470
472
472
473
470
1423
1577
655
460
451
294
2225
587
2398
867
1816
2406
300
525
3191
524
1804
1804
1822
1817
2456
1672
654
654
2241
1715
2322
316
282
2264
452
523
586
1732
1733
602
1701
1703
2265
1713
331
1729
603
1709
2336
611
351
642
339
349
416
2337
538
539
329
330
346
348
2252
350
345
352
353
419
2256
356
343
335
2301
340
422
407
424
612
357
423
369
359
428
367
370
1741
1777
425
362
2307
1736
2339
1738
1761
1752
614
615
1768
376
1771
1770
1772
1772
1767
396
683
2371
624
625
1780
1780
626
385
395
4995
4995
5000
4241
402
315
403
316
643
354
1756
1742
408
411
382
411
2272
588
415
640
608
474
675
421
341
2268
338
424
679
342
1757
1757
427
1755
363
373
433
579
2470
2435
2512
491
868
1824
472
1802
2283
1646
1524
2283
2391
469
2282
2274
1681
1383
60
876
1641
1578
1538
2281
2292
1433
578
2489
1565
932
932
581
907
952
952
952
2289
2288
473
2401
2402
2402
1806
1806
702
701
480
924
1660
437
1661
245
558
952
1661
952
946
2511
576
870
499
881
3005
869
871
804
31
257
57
2274
2517
641
1425
872
1816
940
1815
2435
2514
1457
2393
5000
4791
400
4738
4740
523
468
279
854
1807
699
854
4138
854
703
533
534
404
404
537
538
406
539
541
541
1764
544
543
1775
1374
566
1405
459
1422
1383
1375
551
1389
1596
580
2507
664
1587
961
2504
2434
1662
437
516
1440
1650
2394
1669
505
2487
1450
573
667
1591
1588
1557
1810
1678
1824
867
469
470
589
668
399
3027
3191
686
583
1426
324
1707
1726
1728
1702
346
2234
420
353
328
329
332
603
353
678
362
613
427
1754
1754
616
432
430
1749
1776
383
1746
1778
1747
627
620
621
628
1769
450
2282
2282
699
1791
2236
297
441
2398
441
607
418
610
643
291
2518
1527
2349
2283
414
2288
2286
2294
1790
2284
246
246
560
2347
920
482
230
657
931
1403
948
1374
511
2262
530
2401
333
2334
346
2336
2336
2337
424
2339
1751
2341
530
4995
4751
690
1805
689
854
530
2391
871
2435
945
2504
216
1684
1688
278
650
1416
2435
2435
2435
1490
1491
710
727
1481
1481
1487
785
1503
1487
1490
719
730
1463
979
1467
1466
1464
966
817
734
761
1624
774
737
1468
1468
786
747
766
453
1612
1492
1484
1470
1626
1630
725
753
1387
792
1387
547
809
711
720
1487
973
965
1629
552
1624
709
777
453
1390
1487
723
727
1621
1613
801
777
1493
1617
1465
779
1610
978
1461
815
2497
309
705
1657
823
213
1439
665
1441
1654
913
913
985
1487
965
2497
50
86
60
127
845
28
36
36
510
848
2625
50
122
128
109
1684
1684
1830
42
125
33
91
2625
125
2519
273
224
308
1554
2410
4989
2660
872
96
11
10
971
2637
229
1525
1582
1607
919
2527
1594
2511
2511
1523
2446
879
2354
2467
497
245
945
2217
2217
922
2217
952
952
225
1588
1591
945
708
708
2217
2217
2217
2217
952
924
902
708
952
2437
205
491
2511
945
2511
497
939
945
491
2435
945
921
2217
1602
206
2347
1597
919
1598
885
2344
2343
493
875
2405
2511
2511
494
202
2503
491
491
2217
708
952
1591
952
952
902
225
831
904
1595
1586
937
1587
554
762
1555
1375
4757
63
2637
783
725
1620
719
1478
1483
1480
718
1476
1463
1463
976
993
989
1514
1512
990
1517
995
716
1512
993
756
989
1498
993
1518
1500
995
1507
1002
1513
1002
1357
1357
1029
1044
1329
1025
1025
1107
1020
1091
1199
1027
1095
1077
1044
1338
1017
1199
1027
1016
1025
1016
1114
1515
1353
1338
1020
1044
1336
1199
1007
1044
1338
1007
1020
1329
1199
1329
1032
1096
1009
1199
1199
1329
1095
1199
1329
1095
1099
1095
1329
1091
1091
1020
1044
1044
1044
1044
1091
1357
1017
1067
1514
1023
1517
1517
988
1514
1338
1357
1051
1336
1020
1336
1096
1338
1338
1032
1338
1053
1109
1009
1032
1199
1338
1009
998
1091
1091
1336
1044
1091
1027
1017
1091
1512
1025
1099
1361
1077
1338
1009
1081
1109
1091
1007
1016
1344
1091
1009
1199
1027
1512
1098
1009
1091
1156
1052
1093
1110
1146
1091
1135
1135
1110
1091
1143
1156
1091
1052
1110
1052
1110
1110
1030
1343
1020
1020
1020
1020
1336
1020
1007
1196
1032
1032
1338
1336
1196
1196
1155
1085
1247
1196
1153
1337
1048
1048
1196
1196
1196
1196
1247
1196
1032
1196
1032
1196
1153
1155
1153
1163
1278
1163
1155
1219
1219
1160
1219
1219
1144
1155
1219
1204
1201
1195
1150
1215
1160
1160
1081
1196
1196
1196
1196
1048
1247
1048
1336
1048
1336
1336
1032
1199
1329
1248
1048
1008
1009
1048
1055
1248
1248
1055
1217
1217
1048
1055
1201
1247
1248
1217
1217
1055
1247
1247
1048
1196
1248
1201
1217
1217
1217
1211
1201
1201
1201
1211
1201
1218
1203
1209
1201
1201
1203
1217
1209
1217
1209
1338
1009
1048
1048
1055
1048
1048
1009
1009
1032
1008
1054
1054
1054
1009
1080
1054
1080
1054
1054
1088
1331
1331
1054
1199
1331
1048
1331
1080
1248
1252
1252
1248
1203
1217
1217
1217
1217
1339
1339
1201
1217
1201
1252
1054
1054
1054
1050
1009
1054
1338
1077
1020
1020
1353
1354
1077
1020
1020
1020
1352
1352
1302
1320
1020
1020
1324
1020
1020
1020
1020
1020
1020
1020
1020
1020
1020
1007
1020
1020
1302
1020
1020
1329
1008
1008
1199
1338
1054
1054
1199
1096
1199
1096
1199
1009
1009
1199
1360
1096
1096
1029
1348
1044
1025
1019
1357
1357
1113
1016
1360
1025
1067
1098
1017
1027
1329
1051
1095
1095
1357
1357
4289
1838
33
34
1830
125
91
828
1415
2352
1370
561
1416
1422
553
459
1541
1541
2352
1583
1408
824
829
1401
1387
1379
704
2440
1444
569
1399
832
927
907
439
1588
931
2506
216
1595
896
1542
1414
557
2449
439
2452
1414
562
511
213
2435
705
1418
1587
2353
262
1645
299
575
818
1638
2458
1575
1530
515
2529
1573
2445
227
210
2501
2514
2435
705
705
2470
1434
1455
1455
778
715
1477
977
1461
815
715
1480
984
984
984
1476
976
1482
1490
1487
1487
717
720
1480
1482
720
1478
1487
775
991
1001
1488
785
784
784
1001
756
709
777
1493
1500
1512
806
1000
784
1500
995
1496
1507
1000
1002
989
996
989
1514
1517
1502
998
1512
1518
999
1507
32
3005
870
509
120
2399
435
458
434
1573
836
572
1556
2399
878
1606
935
1603
212
590
590
1588
1588
887
887
887
1633
1633
1633
1544
2491
2316
242
236
2348
1694
1548
298
263
463
1819
1585
2527
456
2347
1579
2514
2515
1658
1657
251
1440
1663
2449
927
696
832
890
896
910
2345
1558
904
1590
660
237
2351
1581
496
2407
208
2476
1451
1563
581
1446
2454
1560
465
1568
2350
2527
289
2409
1609
447
1585
934
1604
1600
2346
886
1570
1534
2485
877
2296
1600
1536
2405
2404
233
2446
935
875
2403
233
2395
269
852
43
447
764
769
1468
723
1470
734
789
978
721
783
734
1470
726
978
783
726
1532
2219
4987
2526
4983
1840
4094
1636
4979
4988
4988
1648
1435
1435
705
705
2435
2435
245
705
945
245
1657
1668
135
1665
4120
2498
1667
2629
4985
4123
1797
1679
1821
1800
273
1811
1687
1640
287
2417
1689
1692
2298
2293
1825
1820
1808
1693
1642
2226
1696
1698
314
1700
295
2248
1695
475
479
1733
478
645
460
1711
2249
1701
1714
313
1717
532
1719
323
2359
2320
2319
2300
644
1728
2324
310
1731
290
478
1735
1753
2340
374
1738
379
380
1745
408
543
614
1744
616
1765
2326
2366
1755
1751
429
368
372
2369
366
372
2220
1757
1758
1760
431
363
363
542
373
2338
1766
409
682
2327
1748
378
1739
545
1743
1773
544
1745
1737
617
2327
2370
1771
620
1783
441
4255
865
1795
1794
264
2246
441
637
1784
672
4995
1677
2374
2534
2534
2402
277
2533
272
272
1684
2415
1639
596
2396
218
219
262
1529
2397
1815
2271
244
1430
263
1550
1551
2263
276
1552
1549
862
2574
2664
2539
133
2554
2597
2597
2535
2661
4294
4123
4294
2523
2523
1852
1842
2005
1844
623
1845
2003
2003
395
2004
1842
2005
2342
1850
1998
1855
1856
1857
1857
2376
1845
2379
1847
1860
1864
1865
1865
2378
1916
1973
1894
1908
1908
1876
1904
1957
1959
1908
1957
1920
1881
1913
1980
1908
4998
1981
1920
1880
1886
1884
1887
1926
1967
1885
1885
1967
1929
1967
1936
1937
1895
1897
1973
1908
1877
1877
1904
1906
1956
1973
1909
1908
1958
4998
1920
1960
1913
1981
1878
1916
1881
1962
1959
1916
1920
1920
1881
1977
1885
1928
1878
1887
1913
1965
1930
1930
1887
1920
1929
1930
1966
1990
1989
1967
1889
1885
1967
1885
1891
1939
1934
1897
1991
1937
1889
1951
1988
1973
1916
1967
1908
1959
1980
1957
1884
1884
1881
1980
1920
1920
1886
1929
1895
1889
1926
1899
1894
1903
1873
1976
1975
1959
1881
1916
1920
1960
1916
1916
1981
1920
1884
1965
1964
1929
1966
1937
1928
1988
1937
1870
1993
2007
1994
2342
389
1842
391
2000
393
392
2002
389
629
390
628
546
397
386
1994
1995
2021
2380
1859
1866
2015
1858
2011
2018
2021
2022
1848
2024
2196
1964
2025
1937
2025
2050
1937
2050
2049
2191
2045
2034
2024
2175
1947
2032
2040
2175
2185
2040
2042
2191
2046
2046
2046
2084
2084
2057
2049
2057
2057
2211
2054
2054
2057
2057
2063
2059
2062
2387
2067
2131
2213
2065
2214
2387
2387
2385
2073
2167
2072
2129
2074
2124
2075
2386
2204
2384
2079
2119
2025
2044
2212
2083
2117
2086
2117
2119
2087
2100
2089
2101
2088
2038
2094
2095
2098
2076
2123
2121
2099
2120
2057
2102
2103
2056
2055
2149
2062
2161
2165
2385
2385
2166
2167
2167
2114
2388
2018
2120
2010
2019
2210
2208
2390
2205
2205
2126
2206
2129
2206
1858
2013
2134
2081
2134
2038
2040
2043
2043
2139
2043
2104
2105
2142
2104
2133
2153
2153
2146
2056
2108
2142
2152
2153
2153
2148
2164
2153
2157
2152
2062
2160
2165
2111
2162
2164
2116
2166
2167
2388
2168
2023
2201
1919
2201
2177
1983
1978
1919
2176
2180
1935
1930
1930
2185
2028
1946
2185
1990
1895
2185
1952
2191
2191
2192
1937
1893
1941
1937
1941
1893
1937
1963
1963
2200
1976
1918
1855
2377
1855
2204
2206
1863
2208
2215
2020
2211
1862
1860
1862
2020
2218
3989
2269
2221
2255
2416
512
651
703
297
2228
605
2229
539
2231
2232
585
535
421
297
2397
2286
1553
1718
703
2228
296
2223
276
2239
2243
653
281
293
2242
312
2252
2254
355
360
2235
2257
2227
1792
2295
866
2240
2270
2247
318
2233
232
2224
2222
540
1530
575
2273
639
2261
671
4995
2356
2391
4294
4255
584
1794
589
595
1793
2272
4740
413
413
4995
4995
1690
4884
297
2295
1633
2355
1814
2297
2365
352
2302
336
2304
622
589
364
283
471
2310
882
448
4739
450
2328
1536
520
4777
521
1722
1700
326
2325
1763
2367
4740
2283
4738
1645
589
2354
2358
2334
676
677
678
679
681
681
375
4772
2343
1603
887
2347
253
1531
454
1818
1578
2219
582
934
2277
1826
1813
2321
4777
594
1722
2361
319
600
1747
2340
1762
680
1779
2341
588
2357
446
2305
2006
2379
1855
2305
2371
2376
2381
2387
2097
2384
2112
2115
2380
2166
2115
2378
1685
2282
1455
1519
32
2406
2400
3005
1816
648
868
455
1521
2406
2439
240
515
2218
1608
648
2414
440
2417
72
67
1828
50
1830
91
49
24
50
87
127
33
170
90
90
495
203
2394
227
492
952
924
923
1590
952
1523
952
952
1591
2434
2514
2434
492
245
246
517
2311
204
705
1606
2411
1520
493
207
493
202
2445
1434
2501
2502
2407
2435
705
2438
253
1558
1633
2515
2471
251
250
1440
2451
1411
1411
2483
439
659
234
485
234
938
2444
660
1557
2311
1570
2484
2469
300
1592
1634
227
576
210
494
203
2439
434
2532
4296
2400
1673
4984
1637
4987
4988
4098
2521
4976
1803
1815
3361
299
2570
2577
2545
2639
2626
2639
2538
2542
3450
2655
2544
2665
2595
2570
2549
2549
3364
2663
2559
2667
2555
3336
4887
3843
2631
2651
4891
3844
2642
2642
2588
2562
2589
2562
2562
2558
2561
2634
2588
2588
2566
2642
2588
2545
2548
2663
2575
2554
2631
2589
2535
4885
2679
2656
2656
2669
2604
2553
3333
2710
2581
2541
4122
3450
2648
2566
2562
2566
2567
2634
2567
62
2639
2639
2596
2597
2600
2651
2662
2662
2665
2650
2561
2561
3337
2692
2681
2685
2550
3337
2683
2557
2612
2557
2611
2652
2564
2611
2614
2564
2561
2631
2606
2685
2537
4292
2621
2545
2654
3838
2554
2582
2638
2639
2639
2545
2569
2666
2631
2589
2547
4287
2626
2596
3838
2538
2589
2665
2539
2586
2551
2588
2588
2642
2575
2666
2614
2616
2572
2692
3331
2634
2658
2619
2642
3335
2577
2565
2662
2555
3368
2555
2590
2657
2588
4287
97
2538
2626
2541
2620
2600
2600
2600
2666
2696
2694
2694
4901
2692
3351
2565
2601
2565
2601
3352
2692
2692
4901
3840
3840
3840
3337
3840
3334
2606
2601
3337
3337
2606
3352
2565
3352
3337
3337
3337
2601
2601
2601
2565
2601
2565
2565
2601
3337
4897
2601
3840
3337
2601
2601
2601
2601
2692
2692
2692
3352
2601
2601
2684
2601
2601
2686
2988
3001
3001
4866
3428
3976
2944
2723
3322
4059
2770
4939
3077
2723
4698
4866
2748
3885
4908
3436
4127
3079
3079
3363
2744
4681
3976
4047
4000
4809
4020
4021
2750
2770
3316
3392
3398
3391
2779
3437
4809
3438
4912
4912
3075
4760
2946
3206
3406
2991
3160
2991
4862
3392
3392
3419
3999
3858
3442
3998
4949
3983
3896
2782
3346
4009
2573
3332
2562
3331
4279
4065
2634
109
4139
4271
4721
3015
3021
2521
4726
2797
4719
4682
4682
442
4266
4266
4263
4259
2760
4759
3203
2791
2786
4682
3089
3360
3088
510
3019
3917
3358
3190
3032
3192
528
4280
4275
3915
3158
2970
4148
4784
4154
2825
2792
4706
2826
2787
3031
4778
2833
4186
4184
4707
4157
4167
2839
2835
4183
4182
3116
2860
2859
2858
2927
2849
2857
4800
3046
2838
4167
3107
3180
4690
4709
2852
3112
2928
3147
3182
4714
4715
4693
2845
4763
2847
2926
2869
3117
2865
4764
2867
2874
2848
2877
2932
2848
4195
2889
3117
2875
2882
3185
2884
4192
4207
4206
2938
4213
2920
3120
4225
2885
4226
4227
4221
2897
4238
4229
4224
3128
4835
2892
2893
3131
4222
3131
4221
4995
4751
4738
4294
4153
4152
2824
2855
2862
2850
3048
4211
4208
4228
3188
4230
3176
1789
4710
4711
2839
2853
3180
3044
3045
2849
2858
3116
3183
2936
4679
4727
2868
2939
4215
4765
4217
4173
4956
3206
3404
3884
4870
4883
2415
4266
4263
284
1789
4774
3989
692
2954
2987
3014
4819
3997
2562
3331
4878
3891
4814
4043
4129
4742
3898
2817
3324
4019
3441
3999
3441
2752
3438
4743
3175
4868
3153
4260
4868
3147
2790
4264
3038
480
2283
3013
3391
4926
2992
3398
3414
3384
3325
3437
3400
4963
4968
2721
3980
3362
3979
4293
2566
2957
2780
3343
3008
2563
3172
2634
2566
2588
3172
3363
3140
4735
2927
4711
4121
1425
2788
3071
2748
4919
4128
3901
480
4791
2908
400
2909
4738
4792
3137
3347
2790
3347
634
4138
3090
3030
4172
4171
3043
3148
2915
3148
2916
2917
4688
3049
3050
3051
4199
3053
3877
3875
2968
2968
4038
3058
3058
3071
3207
3163
3865
4811
4811
3871
2732
3398
3198
4939
4939
4956
3003
2713
3913
3912
3077
2752
4809
4795
3416
2778
2737
4883
2960
4744
4769
2951
4880
3421
685
519
3027
2908
3086
3151
3104
4826
4829
4829
4166
4691
4691
3046
2844
4716
2839
3113
3114
4788
2844
2872
3050
2937
4219
4201
4833
4204
4204
4198
4232
3121
4234
4831
4236
4237
4237
3126
3128
3127
480
631
2391
3202
4724
3143
3088
2949
3360
4868
2852
3146
3114
3148
4761
4274
3987
4865
2283
3178
2923
2923
4747
4745
4142
3395
2762
2990
4016
3994
3874
3874
3169
2764
4053
3877
3094
4685
530
4995
4262
4260
4260
4163
4797
2982
2843
3110
3117
4219
4191
2891
530
531
690
3039
4751
4751
854
2780
2988
4869
4117
2738
4909
4754
3159
2977
4253
4909
4909
4909
3405
3941
3222
3211
4086
3939
3223
3276
3945
3949
3921
3927
3454
3227
3226
3249
3215
3452
3328
4087
3295
3312
3295
3061
3254
3305
3249
3855
3846
3063
3249
3854
3445
3283
3954
3258
3229
3264
3270
3009
3205
3012
3171
3277
3279
3936
3255
3215
3245
4087
3060
3232
3946
3255
3276
3854
3459
3171
4078
3295
3862
3240
2772
3923
3304
3850
4077
3297
3850
3232
3232
3076
3025
4118
2762
3879
3879
3875
3879
4938
4116
3448
3922
3273
4110
3844
2601
3331
3332
2692
2606
2587
3335
2587
2587
3336
2561
510
2601
2601
2601
2601
2692
2692
3343
3331
3332
3332
2562
2573
2658
4676
4138
3352
3352
3352
2601
2601
2565
2692
2565
4147
4008
2785
4725
4281
4282
4282
3363
2592
2590
2659
2627
3449
3001
4064
3990
3422
4928
2573
4045
4015
3429
4046
2751
3993
4046
3408
4929
3160
3396
2762
3384
3436
3397
2762
4809
3390
2975
4809
3378
2946
4115
2762
3386
3325
3400
3325
3325
3438
3388
3325
3400
3437
3885
2997
2997
3885
3207
3200
3407
3418
2740
2740
3886
3410
3207
3207
2762
2762
2731
3431
4041
4046
4001
3379
3993
4810
4047
4047
4930
2725
3403
3403
2999
4933
3429
3402
3431
2763
4115
3389
3387
3437
3388
3438
3438
3394
2752
2752
3419
3419
3425
3425
4037
3205
4041
3996
3287
3450
2543
4087
4083
3281
3225
3456
4084
3459
3933
3462
3463
3314
3464
3466
3474
3972
3481
3964
3946
3961
3947
3471
3592
3473
3959
3973
3970
3955
3478
3480
3480
3969
3959
3825
3790
3825
3516
3503
3507
3587
3504
3505
3531
3825
3553
3526
3504
3489
3545
3515
3509
3514
3578
3587
3505
3593
3548
3507
3790
3586
3800
3515
3818
3526
3526
3557
3790
3561
3619
3561
3516
3526
3619
3619
3793
3832
3500
3832
3834
3555
3533
3804
3544
3487
3515
3670
3670
3606
3541
3543
3488
3545
3670
3541
3828
3549
3465
3546
3547
3969
3476
3545
3606
3790
3586
3519
3798
3793
3619
3541
3793
3670
3515
3547
3606
3515
3625
3670
3515
3555
3522
3606
3606
3606
3619
3541
3606
3519
3607
3975
3504
3467
3579
3777
3619
3534
3798
3619
3606
3793
3507
3825
3484
3515
3528
3592
3542
3555
3730
3606
3784
3606
3598
3606
3607
3610
3606
3610
3606
3598
3606
3606
3606
3670
3598
3606
3598
3610
3606
3619
3791
3803
3793
3619
3619
3619
3619
3670
3670
3619
3619
3619
3619
3566
3619
3561
3597
3569
3670
3670
3619
3673
3730
3598
3597
3609
3597
3635
3670
3625
3562
3590
3615
3597
3598
3621
3609
3621
3600
3609
3621
3621
3609
3621
3609
3659
3660
3670
3621
3609
3723
3609
3660
3648
3718
3611
3619
3597
3615
3670
3670
3619
3730
3730
3619
3730
3625
3619
3618
3558
3516
3633
3625
3635
3551
3595
3690
3683
3732
3690
3635
3566
3595
3732
3635
3635
3635
3726
3690
3690
3690
3555
3692
3551
3730
3766
3624
3690
3699
3638
3719
3715
3637
3645
3694
3637
3723
3690
3690
3689
3762
3637
3637
3637
3723
3637
3724
3662
3690
3645
3730
3740
3551
3551
3524
3730
3555
3551
3595
3730
3524
3528
3520
3528
3771
3770
3595
3520
3595
3591
3771
3771
3567
3743
3595
3770
3745
3735
3745
3743
3739
3731
3731
3691
3751
3743
3770
3731
3745
3731
3743
3743
3734
3520
3528
3528
3567
3595
3809
3790
3790
3825
3790
3790
3790
3790
3784
3790
3790
3790
3784
3784
3784
3784
3784
3790
3790
3790
3784
3783
3784
3790
3790
3790
3790
3791
3784
3784
3791
3539
3595
3555
3526
3595
3553
3833
3519
3553
3553
3816
3553
3809
3509
3828
3817
3798
3772
3781
3580
3777
3777
3825
3828
3828
3509
3587
3507
3829
3579
3519
3531
3530
3804
3790
3790
2651
2545
2651
3337
2601
3844
2565
2565
2561
3876
3083
4037
3172
3163
3889
3998
3998
4818
4038
4012
2773
3057
3877
3889
4037
3874
2989
2991
4811
3399
3441
4811
4051
3417
2764
2766
4811
3999
3425
3863
3163
3161
2769
2769
3883
3863
2766
2766
4118
2991
4818
4990
2798
4730
4729
3985
2956
3081
4029
3078
2967
3315
4907
4907
3903
3903
3905
4117
3073
4106
4935
4127
4078
3232
3227
3451
4083
3225
3456
3929
3291
4073
3227
3230
3924
3226
3939
3218
3222
3937
3926
3286
3455
3455
3926
3454
3935
3944
3936
3938
3938
3943
3304
3937
3255
3939
3947
3935
3947
3592
3473
3475
3946
3960
3283
3964
3470
3473
3465
3474
3474
3967
3964
3964
3547
3974
3466
3973
3974
3467
3344
3004
3008
3362
3018
3018
3007
4027
3329
2755
2747
3315
4028
3917
4032
3982
4062
4055
3379
4039
4052
4043
4051
4809
4809
4809
4809
3381
3378
4913
4912
4022
4950
2734
2728
4007
3892
4864
2737
2742
4039
4050
4025
4047
4047
3374
4940
3074
3074
2990
3161
3399
3399
3391
3441
3392
3392
3378
4000
4001
4001
2759
4953
4815
4875
4955
2727
3913
4941
4941
4018
4020
3075
2756
4946
4946
4045
4026
2754
3372
4043
3085
4808
3380
4040
3380
4024
4090
4047
4090
4033
4017
4047
4040
2725
3407
4059
3992
4934
4914
3422
3977
4063
2573
2782
4066
3263
4071
3287
3249
3295
3272
3263
3287
3297
4084
3263
3265
3260
3452
4085
3288
4928
4091
4050
4104
4983
3895
4097
4103
4980
4760
3375
4092
4961
3024
4111
2739
2766
4117
4115
4116
4115
3160
4117
3384
4118
1668
4119
1835
4120
4935
1667
65
2499
1456
1674
4753
4133
4279
4143
4011
4133
4737
2971
2797
4134
4141
4813
4268
4132
4136
4284
4271
3894
4006
4684
3041
2822
4822
2830
4155
4705
2820
4708
2985
2983
4189
3149
3106
2786
2836
4166
2831
2912
4150
4168
4171
2834
4823
4783
3099
4178
4761
4830
4164
2819
3106
3033
2799
3105
3185
2884
2882
2940
2887
2937
2889
2919
2919
2937
3119
4202
2942
3122
4789
2940
2884
2877
2877
2880
4219
2867
2918
4677
2876
2938
2878
4214
4768
2871
4678
4217
2870
4231
4190
2883
4233
2886
4226
4193
3051
2883
4228
3052
4199
4200
3121
4790
3124
3124
2891
4867
3144
4261
4294
2391
4720
3087
2308
2951
4769
2781
4239
3142
480
480
2981
2979
4255
4255
2777
4140
2966
4992
3153
4991
2788
3202
3202
4991
4266
2816
4864
2775
2816
4147
4005
4273
2532
4730
2956
3896
2971
4280
4725
4882
4269
4268
4147
2547
140
2599
2613
2553
2662
2662
2535
2632
2391
4293
4294
4980
2956
4845
2899
4463
4766
4302
2902
4304
2896
2896
2922
4469
4307
4297
4842
4311
4461
4313
4322
4322
4315
4302
4486
4466
4306
4314
4307
4842
4369
4433
4375
4439
4376
4334
4416
4362
4330
4330
4376
4433
4334
4366
4334
4366
4371
4339
4325
4376
4325
4325
4325
4325
4375
4376
4375
4337
4325
4375
4426
4448
4448
4426
4400
4400
4416
4376
4438
4416
4417
4438
4416
4339
4433
4339
4369
4376
4334
4443
4376
4376
4334
4376
4376
4376
4334
4334
4376
4325
4338
4376
4376
4325
4339
4366
4339
4443
4325
4325
4337
4346
4338
4346
4343
4338
4369
4448
4346
4325
4376
4369
4343
4427
4426
4402
4448
4426
4448
4448
4427
4325
4433
4426
4330
4416
4417
4334
4376
4325
4334
4339
4376
4325
4325
4338
4375
4338
4426
4448
4448
4369
4433
4433
4416
4433
4376
4417
4376
4334
4443
4334
4334
4417
4334
4369
4325
4371
4369
4369
4346
4448
4325
4338
4448
4448
4427
3132
3133
4305
4299
4307
4461
3127
4465
2905
2895
2903
2898
3134
2899
3054
4473
2896
4457
4474
4473
4459
4477
4477
4841
4846
4482
4483
4483
4485
4304
4305
4660
4376
4660
4659
4376
4659
4448
4451
4407
4451
4488
4660
4488
4660
4488
4451
4410
4636
4344
4398
4449
4398
4488
4489
4659
4451
4451
4451
4451
4408
4451
4408
4546
4546
4408
4496
4648
4520
4518
4523
4523
4520
4546
4528
4520
4524
4593
4572
4575
4627
4534
4533
4535
4537
4535
4539
4541
4849
4626
4488
4488
4488
4488
4549
4549
4549
4549
4582
4549
4581
4551
4551
4551
4488
4544
4551
4583
4560
4561
4562
4562
4584
4581
4410
4408
4648
4648
4496
4496
4521
4602
4621
4621
4628
4575
4627
4851
4542
4559
4580
4549
4582
4482
4474
4668
4667
4589
4663
4590
4589
4538
4478
4478
4477
4488
4504
4636
4636
4636
4398
4404
4394
4406
4646
4505
4643
4642
4557
4504
4551
4504
4501
4601
4512
4600
4608
4564
4614
4607
4601
4568
4568
4619
4618
4617
4579
4855
4628
4854
4854
4854
4855
4374
4438
4339
4339
4442
4631
4339
4343
4343
4442
4344
4344
4344
4344
4344
4427
4351
4343
4410
4410
4410
4451
4448
4337
4448
4337
4376
4376
4660
4376
4376
4438
4660
4660
4663
4311
4480
4591
4320
4843
4457
4672
4547
4672
4672
4303
4484
3404
2763
4676
2851
2864
2868
4713
4274
4274
3154
4683
4697
4686
4684
4694
3047
2930
4692
4149
4697
2943
2931
2805
4273
3155
4703
2807
3040
4149
4250
4864
4882
3893
3359
4696
2791
4722
2826
4700
2837
2849
4715
4715
4690
2856
4709
2806
4863
4717
2789
4702
2803
2792
4156
3173
4729
2868
4712
3109
4863
3025
3144
4261
4249
4724
4995
4131
4255
4995
4995
4294
4294
4255
4244
2955
4771
4769
4248
4733
2391
2391
2391
480
2793
3177
4995
4257
4258
4144
3141
4755
4016
4130
4006
2962
4183
4762
3146
2846
2933
284
284
4768
2415
443
284
4091
2965
4023
4748
4793
4775
4002
4791
4776
3026
4777
4179
4786
2801
4165
4789
4203
4241
4740
4740
4004
1789
4016
2825
3114
4798
3115
2861
2934
4220
4803
4205
2900
4945
4057
3378
4046
3423
3900
4003
2775
4951
4091
4039
4051
4736
4283
4838
4151
3097
302
2815
4162
2828
4787
4833
3186
2941
3118
3129
4229
2372
4141
4010
2901
4315
4464
4321
4308
3134
4479
4524
4593
4525
4852
4628
4851
4587
4853
4617
4618
4856
2308
480
2308
2283
480
3916
4862
3021
2808
4870
4866
3019
2949
3981
3006
3369
4931
3902
4036
2948
4875
4936
3153
4263
4876
4270
4267
2650
2618
2679
2692
2672
3352
2692
2601
2601
2694
2601
2692
3337
3337
3337
3840
3337
3840
4903
4969
2743
2735
3374
3401
3438
4809
3437
4869
2752
3392
4871
2749
4908
2748
3023
3160
4906
2747
4116
4927
4048
4869
4914
4871
4933
4933
3901
4961
4937
3905
4117
4113
4061
4000
4001
4108
4940
4917
3908
3161
3399
2770
3441
3419
3999
3394
4912
2752
4001
4001
4953
4954
2768
4879
4126
4915
2759
3426
3902
4905
3903
4933
4969
4879
4873
4981
1839
2532
4103
4982
4103
2758
2758
4146
4978
4975
1803
2532
3361
3356
3017
1990
1893
1894
1893
