103
61
2507
2504
2411
2510
4302
2510
2462
2525
52
52
64
1747
41
90
36
110
45
101
25
782
16
48
78
24
1
45
79
27
33
1586
30
31
119
129
2506
134
118
1741
1743
24
100
1741
41
13
2
2314
22
46
75
76
49
48
4108
3309
808
781
55
128
2415
2505
2411
4106
2446
52
57
1745
108
4305
2498
132
74
181
2320
70
44
16
23
77
2315
4303
114
113
120
114
118
24
83
83
99
56
74
43
2507
36
89
908
3791
112
93
2462
4108
2411
2532
2414
60
80
56
100
2497
128
2510
2465
2507
2508
26
2505
2440
88
806
110
2536
39
113
82
84
84
115
149
40
1285
781
104
4306
2507
2536
810
17
58
127
489
102
2414
2411
2510
2440
9
63
96
4305
2461
2317
2318
798
157
158
159
178
154
154
160
157
158
159
2320
171
2325
2322
125
91
68
796
186
158
159
158
799
2321
1288
1287
154
154
154
167
162
2321
85
2317
160
185
185
167
2318
184
180
157
2317
158
154
151
154
150
480
481
1368
2391
2301
1439
192
210
250
1532
555
547
1495
285
1439
1439
570
1568
2329
2327
257
867
867
1369
2293
498
210
1588
485
2354
2242
788
1470
1470
444
218
1426
2370
547
1476
552
552
789
2336
891
2335
2335
2369
1482
854
856
863
864
771
2341
254
842
2336
474
1449
2335
2335
449
249
1461
272
256
1593
1593
256
484
252
1748
257
2198
680
680
443
2182
442
1726
1737
1725
255
1719
434
434
2156
1709
1709
1709
258
439
440
275
1643
2200
276
293
2144
2120
2121
2132
1464
2136
2136
2300
498
2303
2303
255
2213
577
1620
255
1723
758
2182
293
293
2146
1632
383
519
519
266
2145
2261
684
574
1621
308
1622
277
311
310
1645
2224
2262
2234
596
338
1669
1669
1668
345
1673
2238
2117
625
592
594
589
336
405
345
345
338
2201
317
662
350
411
414
414
354
1663
1649
1677
602
2265
2225
1651
354
1683
358
1910
2241
1650
1693
530
607
371
373
611
1696
366
1762
1763
1758
1758
1759
1759
1927
2104
2277
1772
1920
1773
2110
2110
1773
2108
2175
2185
1608
1608
588
2128
329
2127
390
341
527
1689
612
1915
1760
1926
1706
2139
350
349
330
331
2206
324
335
1673
354
1674
1667
1678
391
1685
603
1683
2263
1662
1662
2154
1733
203
553
551
2339
2339
1435
2408
1737
283
283
459
1709
1697
1702
2400
2879
1539
2288
458
2188
1703
435
1323
778
483
2311
2250
2396
1518
640
442
443
444
1346
1433
447
200
1501
2369
2368
1483
2331
891
891
637
2169
622
624
333
289
1620
1647
1702
1702
53
474
865
864
864
474
472
474
474
2391
204
1588
1428
1429
487
4666
211
806
649
28
495
110
1703
195
345
3861
2408
559
2292
1725
820
1527
2136
2338
498
2949
2949
285
2303
2288
2214
2185
2185
615
684
636
636
464
274
668
382
381
267
2160
1608
2154
329
335
2151
337
2165
526
527
598
367
377
1918
645
1482
2368
2372
1483
1345
1345
1514
2252
2370
1338
1337
565
858
878
2389
1326
759
685
1324
1449
837
820
883
882
759
759
759
2306
770
553
1439
191
1429
2293
200
445
869
883
851
851
835
1489
816
802
1591
2159
2129
2123
637
1697
1709
1528
2215
1615
2212
304
569
260
2257
1613
584
585
594
2148
340
340
1675
626
625
402
2206
595
597
599
601
366
608
2205
2267
372
376
1902
2273
1907
1756
1908
1773
1909
1927
1920
2288
456
2181
672
509
512
2171
2193
1698
621
330
345
332
2131
337
629
570
1349
1730
632
427
282
638
2134
2195
620
2179
2198
832
472
865
1453
1453
871
1483
1483
1483
859
851
851
860
853
576
652
1464
1704
1710
2169
1706
2170
659
2235
660
590
662
342
353
600
1682
1904
2106
1699
2175
2229
2229
2173
2175
117
478
852
860
205
420
879
205
1720
792
2200
2134
638
861
420
419
878
1395
934
1394
1549
1384
1378
697
695
937
1380
1384
1383
1371
722
748
712
1552
901
1295
724
748
1541
441
741
541
543
1296
533
1309
543
645
1294
1397
719
1385
725
753
194
712
1293
1315
1336
904
1397
710
695
738
1371
1304
754
1304
1301
1540
934
1391
1389
1294
1345
697
1446
711
541
1292
1292
695
1338
705
714
748
1311
1540
1540
2344
2166
557
688
687
1326
838
840
2368
1476
759
759
1476
2368
2368
2368
2356
838
840
852
1546
704
2344
2315
798
117
795
795
28
21
21
783
2292
1725
1725
160
173
69
798
117
28
428
509
509
795
799
154
1288
1287
798
2318
162
4111
2255
1734
802
290
264
571
2294
493
89
15
1583
3323
480
1431
1536
815
100
2387
2381
1554
1470
2350
1443
1527
2290
867
865
867
864
865
867
891
891
890
1453
420
856
838
474
472
865
832
889
867
208
832
2336
891
877
420
206
878
2329
196
2329
877
674
876
2339
205
2339
880
420
206
838
840
840
1529
1526
1526
1470
1470
1533
2348
1442
874
1470
2337
2327
2327
2352
2389
812
1531
838
2112
832
891
891
891
835
891
475
1450
1448
905
1525
1447
1311
3416
2504
1545
754
1371
913
702
721
744
1379
700
734
722
1013
1013
1424
923
976
1406
935
1424
931
1410
921
1409
993
1422
921
1406
1418
1413
999
1409
1271
1081
1044
1037
1246
1273
1271
1270
955
1021
1252
1278
1053
1271
938
1174
1214
980
1278
1271
1273
959
957
1246
979
1096
1203
1252
1214
1280
1020
1186
948
987
1045
981
1044
1260
1192
964
981
1024
1128
991
1250
1039
943
1106
1014
1078
1235
939
1224
1021
966
979
958
957
984
993
939
1021
1241
1256
1124
1061
989
978
1009
1075
1035
1026
1066
1180
975
1185
1122
1182
1021
1104
1139
956
1067
979
983
1418
1278
1281
1246
1174
1172
1127
968
987
994
1262
1245
1021
1189
1411
1031
938
1095
1067
1114
1067
1102
1052
1114
1114
1104
1102
1114
1021
1105
1102
1102
1102
1102
1102
1102
1078
1105
1021
989
989
1078
1027
1169
1127
1174
1091
1078
1097
1145
1105
1170
1110
1115
1121
1091
1161
1170
1105
1170
1158
1170
1158
1103
1105
1127
1158
1106
1112
1101
1102
1115
1115
1112
1115
1115
1115
1115
1115
1103
1103
1109
1115
1170
1169
1115
1115
1115
1116
1113
1109
989
1157
1139
1164
1078
1018
1133
1121
1139
1145
1110
964
965
1128
1133
1138
1141
1146
1167
1148
1148
1156
1164
1145
1146
1084
1143
1170
1156
1168
1016
1170
1154
1154
1170
1170
1170
1169
1115
1162
1170
1170
1162
1170
1162
1170
1156
1156
1156
1156
1169
1170
1170
1169
1210
1145
1164
1203
1198
1192
1080
1145
1211
1189
1190
1185
1200
1207
1202
1201
1216
1146
1202
1202
1200
970
1200
1210
1204
1143
1148
1148
1148
1150
1150
1148
1150
1143
1202
1148
1202
1148
1156
1148
1208
1202
1192
1209
1206
1206
1228
971
971
1241
1249
1070
971
1228
1248
1069
947
1230
1230
1230
1230
1230
1230
1230
971
1230
971
1230
994
994
971
971
1230
947
994
994
1230
1230
943
1203
1034
1198
1216
1215
1255
1216
1214
1175
1189
1045
1260
1260
1134
1134
1070
964
1228
1236
1270
966
966
1257
1262
938
1271
1271
1257
978
982
1039
1241
971
12
4306
1288
1290
120
120
550
565
1449
649
495
576
2372
2372
1484
2331
1484
1483
1514
1446
1337
759
759
759
565
550
495
1446
2368
198
2251
2252
552
552
552
474
2335
2335
474
1517
824
1365
1365
687
2335
475
2335
869
869
550
824
576
2331
472
472
495
550
677
1326
495
235
864
864
2346
1518
1354
1346
4083
1347
631
630
2142
1350
1357
1727
4083
1433
1433
2247
2300
1435
1348
492
1357
1436
1357
2384
2295
1361
1362
2338
1572
191
2390
2401
2401
1587
692
721
704
1552
1552
709
702
1378
1550
1547
718
1549
755
918
916
730
1391
694
699
1374
774
1390
1377
1388
1381
934
730
749
1383
1400
1397
1043
1393
937
1043
1403
1406
935
922
919
1412
1415
1410
1413
1406
1407
953
921
1424
960
996
1420
992
959
998
1418
999
1537
485
559
187
814
1432
1459
2247
1355
492
564
446
1436
1438
1439
1435
1440
2209
1492
2302
872
1530
868
576
1516
1525
1453
1470
890
890
891
2336
2336
244
1507
1457
1459
2247
1459
632
1727
1607
1607
1560
272
2158
2141
1462
1737
1734
2159
871
1516
1510
2383
1554
213
1474
1327
2363
544
1476
759
2368
2368
2368
1483
2368
2372
473
1483
2335
2335
475
475
1490
1523
225
417
1493
1494
2365
765
532
648
1318
230
1468
1468
273
2115
1538
1516
1444
2246
874
1471
874
818
2347
2347
2210
2404
874
822
2349
488
2350
821
2359
2351
2334
2348
1535
1537
790
428
3940
741
741
245
728
901
727
754
713
751
902
727
710
742
711
712
2362
1523
4988
4088
4085
4086
4081
4092
2392
1567
1568
839
838
861
2113
2112
234
234
864
772
2418
4106
2497
2396
4308
2396
3885
4112
1585
2871
1590
1596
1595
1595
1603
1594
2255
1602
2254
1462
1720
2310
2287
2255
2271
2198
641
1592
1604
1605
1560
1559
1563
301
1618
1631
383
1626
514
683
1624
2161
582
582
327
1622
314
277
1624
2122
2122
2138
2138
278
2147
1636
2233
1614
281
279
1643
1641
585
309
1644
586
629
1646
316
393
1906
1693
376
1761
1761
1679
368
375
1757
371
2267
374
373
1754
604
610
1688
606
1683
1657
1653
1652
1684
603
2226
1662
1658
609
1664
1759
1911
1769
1904
1909
1909
1901
1762
1902
1902
1760
1756
1908
1907
1909
2274
1705
1705
2193
2288
286
569
396
396
396
396
569
1700
2194
2181
1706
2168
2168
1711
1712
1600
1713
1714
624
624
2296
2296
508
274
2307
801
801
2158
1462
804
1736
1460
2397
1731
284
207
1729
284
1733
250
1351
4987
1727
4292
1739
1735
802
2143
2129
2135
259
1740
3322
1748
2532
122
1744
2441
2500
4307
3322
467
1586
4308
2019
2029
1969
2031
1968
1967
2108
2108
1989
1970
2003
1951
1998
1969
2008
1963
1961
1935
1949
1970
2054
1998
1869
1820
1837
1869
1869
1869
1869
1869
1869
1820
1820
1820
1820
1869
1869
1869
1869
1820
1820
1869
1869
1820
1837
1837
1837
1820
1794
1837
1837
1837
1837
1837
1869
1869
1869
1869
1869
1869
1869
1869
1869
1869
1820
1869
1869
1869
1820
1869
1869
1869
1820
1869
1869
1794
1794
1837
1837
1820
1869
1869
1820
1820
1794
1820
1820
1794
1820
1820
1837
1820
1837
1794
1869
1837
1794
1794
1837
1837
1837
1837
1837
1837
1820
1820
1794
1869
1869
1869
1869
1820
1869
1869
1869
1869
1820
1820
1794
1794
1837
1837
1869
1869
1869
1869
1869
1869
1869
1869
1869
1869
1820
1869
1820
1869
1869
1837
1869
1837
1837
1794
1794
1837
1837
1989
2018
1987
2020
1982
2029
2031
1967
2031
1959
1918
1923
2031
1926
1987
1926
1949
1935
1856
2090
1961
2006
2051
1931
1781
1877
1781
1935
1935
1869
1869
1869
1837
1837
1837
1837
1837
1837
1837
1837
1869
1869
1794
1869
1837
1794
1794
1794
1794
1794
1794
1794
1837
1837
1837
1837
1837
1837
1837
1837
1837
1874
1837
1874
1874
1874
1874
1874
1855
1855
1855
1874
1855
1855
2087
1947
2036
2036
2036
2041
2040
2036
2036
2036
2036
2036
1869
1869
1869
1837
1874
1837
1837
1837
1885
1794
1869
1843
1794
1794
1794
1843
1944
1944
2097
1930
1885
1836
1837
1837
1874
1837
1855
1855
1855
2083
2087
1947
1947
1947
1944
1944
2074
1874
1847
1950
1893
2097
2097
2036
2052
2008
2052
2041
2087
1869
1794
1794
1794
1794
1794
1794
1794
1794
1874
1794
1794
1794
1841
1794
1794
1794
1794
2083
1855
1897
2074
2074
1794
1843
2074
2074
2074
2083
2083
2085
2083
2083
2072
2074
1947
1947
1946
2085
1946
1869
1869
1869
1869
1869
1794
1869
1869
1794
1794
1794
1794
1794
1794
1794
1794
1794
1837
1837
1837
1837
1837
1837
1837
1837
1837
1837
1820
1869
1869
1869
1869
2045
2054
2051
1932
1949
1806
1874
2088
1855
1935
1806
856
838
855
4063
428
411
1653
359
1466
1726
268
268
2162
2133
2160
2164
1670
400
591
2157
399
340
2164
1704
262
620
654
630
2158
267
2146
2155
803
2143
1465
2157
2156
261
261
1616
311
626
348
1665
349
406
2159
2149
2162
1349
490
803
2163
2145
1617
1617
1704
291
1663
1672
2166
630
2166
1349
2167
2139
1705
2193
581
581
2175
2174
2175
2175
1589
2191
396
397
635
1701
2155
2140
2288
2288
2183
397
2175
1599
2192
2192
2155
2172
890
890
2197
275
439
436
2261
315
344
407
2207
1674
1772
1709
627
1661
1709
1709
303
2242
1509
504
456
457
2216
281
504
281
383
383
2223
2224
365
1908
2288
2288
2185
427
1702
891
455
519
2236
2237
660
663
2266
2239
2268
666
1913
2102
219
1470
1470
1470
2360
1352
233
1564
1559
567
2115
1515
1445
435
2287
1601
1352
1612
383
2213
1613
2261
1623
372
1755
2267
1659
1907
1753
1702
1702
1722
632
2271
2002
2006
1998
2023
2041
1948
1948
1944
1947
1944
1951
2041
1944
1946
2045
1702
2187
2188
558
209
778
2136
2119
2300
1435
1737
571
3944
558
2136
285
621
282
1427
478
479
284
2300
1435
4830
1430
1435
1435
1737
482
1425
1368
462
623
804
262
2135
2662
63
2312
147
69
779
2318
2317
2317
2317
2317
2317
2318
73
73
73
2322
204
2326
1439
1439
2328
2293
2293
2391
2330
1476
474
2336
474
2293
190
474
2335
474
212
212
196
2346
2346
553
1439
203
1453
2344
860
851
860
1326
438
1470
214
483
241
2298
881
1359
2388
2354
2355
688
853
853
1438
2166
2305
475
841
1491
769
2363
544
1324
2368
2370
1482
2372
1483
1482
1481
894
2343
2362
2382
1536
2306
2384
1441
2336
227
1455
189
477
2392
188
189
1360
1438
2166
630
1724
2292
3865
4995
1725
784
4973
1724
1724
2620
800
1738
1556
1738
2406
784
2292
263
2309
3861
2421
2520
2489
3791
2469
2535
3790
2469
2469
2416
2422
2422
2432
2468
2448
2448
2428
2428
2489
2452
2451
2453
2429
2527
2479
2431
2437
2475
2431
2439
2439
3328
2655
2437
3796
2521
2445
2420
2471
2518
2495
2455
2437
2509
2447
2447
2475
2526
2526
2453
2454
2455
2480
2430
3295
2484
2416
2442
2512
3289
3298
2529
3321
2469
2412
2532
2410
2420
4902
2520
2432
2535
2409
2419
2544
2544
2541
2541
2540
2577
2477
3290
2577
2484
2431
2484
2482
2483
2483
2482
4911
2515
3796
2437
2502
2485
2477
2488
3790
2535
3321
2423
3791
4304
2481
2466
2416
2440
2532
2409
2410
2445
2445
2503
2426
2503
2440
2421
3790
2458
2466
2442
2440
2469
2527
2439
2458
2502
2515
2515
2487
2502
4303
2580
3328
2449
2488
2494
2522
2468
2487
2477
2511
2513
2512
2529
2436
2460
2469
2471
2412
2425
2476
2468
2425
2468
2461
2541
2541
2541
2577
2541
2543
2580
2544
2544
2544
2541
2540
2541
2543
2563
2567
2543
2543
2477
2477
2544
2544
2580
2541
2541
2580
2541
2544
2567
2544
2544
2544
2544
2544
2567
2544
2544
2544
2544
2477
2477
2544
2544
2544
2544
2544
2544
2580
2580
2580
2544
2554
2544
2544
2580
2611
2586
3390
4977
3939
4918
3283
3835
3126
4978
3838
3816
2701
4918
4671
2604
3331
3331
3331
4671
3341
3399
4924
2608
2936
2935
2604
4689
4888
3383
3862
2623
4034
3007
2929
3279
3279
2937
4922
4922
2629
2624
4827
4665
2929
3399
3279
2929
2588
4922
4042
3966
4043
2645
2867
4284
2651
4119
4120
2655
2939
3036
4062
3328
4124
3182
3106
2649
3107
2885
4693
4282
2407
4297
3105
3132
4743
4724
269
4125
2867
4032
2968
4275
2681
2884
3130
4742
425
4688
3038
4887
4282
2666
4891
4893
4885
2697
500
502
382
2229
3986
2698
3884
3133
2702
4673
4162
4789
4806
4837
3131
4698
4759
2882
573
2695
4840
4150
4152
4716
2721
4151
4761
2727
4149
4819
3164
4238
4193
4240
2794
2774
4184
4207
3117
4773
2728
2745
4806
2736
4204
2860
4195
4818
4846
4810
2765
4209
3082
4243
3094
4241
4197
2986
2832
2808
4853
3094
4230
3091
4181
4232
3091
4488
2987
2831
3097
4477
4471
4331
4226
2783
2815
4486
4333
4660
4663
4660
4519
4547
4562
4561
4534
4589
4589
4526
4660
4519
4660
1750
1750
2175
2175
4789
2706
2822
2745
2738
2767
4184
2986
4234
4463
4486
4548
4547
4270
1702
2781
4764
4178
2726
4807
2825
4678
3090
4229
4228
4184
4185
3092
4181
4242
4226
2800
4858
2975
4284
4972
3020
3377
3392
3392
4885
2871
3127
2873
4883
1717
1717
657
1702
4804
4037
4777
271
2945
4130
4831
2655
3177
4804
4786
3383
4114
4114
2896
4288
3027
2621
4960
4000
2929
4921
2628
4922
424
2875
4272
2744
3175
2969
378
1702
2289
2459
4922
3399
3279
3279
3349
3279
3399
3399
4053
4941
3021
3941
2935
4110
3939
4884
2938
3297
3317
2651
3844
3385
4728
4710
4768
4286
2871
2871
3147
2687
2687
3335
4671
4920
4885
2871
3875
2701
2288
615
2185
2185
2185
426
433
3104
656
2971
381
4729
381
2881
2711
2823
2824
2981
2825
2853
4218
4186
4187
4187
4463
4463
4546
3844
4832
3966
3407
3989
4043
3850
3005
3380
3367
3835
3835
4935
4935
2952
3367
4935
3279
3142
3144
4094
4918
3022
3943
3268
3273
2952
4051
3961
3376
4294
3037
2873
2873
4688
4777
424
1721
3380
2212
2228
2228
2228
3035
2594
4145
4842
4174
4166
4170
4681
4207
4678
4846
2839
2742
3058
2728
4818
4819
4228
2831
3092
4465
4466
4862
4317
4319
4577
4324
4588
4330
4330
4488
4660
4546
4561
2231
2289
2288
4729
672
4717
4887
2686
2667
4896
4769
4190
2744
4808
2692
4671
4932
3125
3978
2951
2912
4271
2914
4754
4727
4274
3340
3340
4922
2627
2629
4923
3966
2952
2952
2952
3336
3380
2953
4682
4682
2173
4897
4272
3054
4159
3053
3074
4176
4227
2830
2986
3099
4474
4579
380
4750
2175
1750
2229
4750
467
2939
3377
3360
3377
2952
3377
619
4275
2881
4749
3377
2952
3377
3442
3927
3445
3241
3197
3197
3431
3431
3442
3922
3197
3442
3197
3892
4074
4074
3260
3964
3241
3803
3241
4074
3964
3850
3801
3963
3850
3005
3844
4831
3442
3935
3442
3213
4074
3801
3801
3146
3964
3146
3964
3442
3822
3432
3446
3197
3964
3822
3850
4074
3442
3442
3431
2892
4831
3963
3241
3801
3186
3146
3442
3935
3005
3241
3218
3963
3260
4074
2868
4924
3142
3013
3374
3279
3279
3279
4921
4921
3850
4832
4946
3377
3004
3241
3197
3020
2541
2544
3286
2483
2477
2459
3290
3290
3290
2687
4995
2580
2544
2544
2580
2541
2944
2655
2651
2653
791
2541
2541
2566
2580
2544
2544
2541
2541
2544
2544
4134
3985
4278
3312
3313
3315
4713
3315
4688
4889
2940
3317
2424
3320
2525
2412
4894
4013
4060
4059
3328
4968
3334
3366
3383
3333
3960
4047
2595
4938
3399
3341
3349
3373
2929
4922
2627
2627
3383
3377
3399
3399
3352
3399
3352
4922
3352
4922
4922
3367
3392
3367
3331
3367
3392
3145
3385
4054
3336
3377
3392
3377
3392
3349
3267
3349
3327
3367
3383
3383
3333
2888
4056
4833
4047
3334
4058
4053
4053
3145
4890
3145
3145
3367
3341
4922
4922
3344
4051
4043
4043
3964
3822
4831
3964
2442
2493
4074
3241
3822
3197
3197
3421
3197
3892
3892
3241
3203
3783
3532
3785
3491
3491
3445
3445
3445
3491
3445
3785
3935
3783
3527
3783
3445
3787
3935
3487
3935
3553
3652
3621
3591
3652
3668
3485
3553
3694
3728
3616
3710
3710
3577
3642
3451
3690
3710
3710
3694
3766
3488
3488
3785
3485
3690
3694
3668
3625
3621
3681
3710
3697
3668
3668
3625
3625
3659
3710
3616
3625
3625
3717
3591
3659
3475
3657
3544
3610
3475
3524
3668
3625
3591
3475
3483
3514
3451
3545
3548
3690
3691
3780
3785
3785
3487
3489
3548
3625
3595
3699
3681
3625
3625
3616
3545
3625
3657
3657
3785
3625
3681
3681
3625
3681
3710
3616
3625
3625
3621
3595
3621
3710
3548
3694
3491
3785
3489
3595
3681
3657
3657
3621
3621
3625
3481
3481
3488
3591
3710
3710
3935
3785
3668
3681
3625
3625
3625
3625
3625
3625
3625
3625
3625
3625
3625
3625
3616
3625
3625
3625
3616
3625
3625
3625
3614
3625
3625
3616
3616
3625
3621
3625
3610
3616
3616
3681
3616
3625
3616
3681
3616
3625
3616
3616
3616
3616
3616
3625
3616
3616
3616
3625
3616
3616
3616
3616
3616
3616
3616
3625
3616
3625
3625
3616
3625
3616
3625
3625
3625
3625
3616
3616
3625
3616
3616
3625
3625
3616
3625
3616
3616
3616
3625
3616
3668
3616
3621
3681
3625
3621
3668
3652
3681
3616
3681
3681
3681
3616
3681
3681
3681
3681
3616
3681
3681
3681
3681
3681
3681
3616
3681
3681
3681
3681
3616
3616
3616
3616
3616
3681
3616
3681
3625
3681
3616
3616
3681
3616
3681
3681
3616
3616
3681
3681
3681
3681
3681
3681
3681
3668
3668
3710
3710
3710
3720
3720
3681
3668
3710
3681
3681
3710
3720
3720
3710
3681
3657
3681
3681
3720
3681
3668
3681
3681
3681
3681
3681
3681
3681
3681
3681
3681
3681
3681
3681
3720
3710
3657
3710
3710
3720
3599
3652
3690
3591
3599
3668
3690
3690
3603
3599
3603
3611
3611
3611
3607
3607
3607
3607
3607
3599
3607
3607
3607
3668
3668
3606
3611
3611
3607
3607
3607
3544
3681
3668
3710
3657
3710
3710
3710
3710
3710
3668
3710
3710
3710
3694
3699
3652
3621
3668
3591
3690
3595
3553
3690
3724
3687
3699
3691
3767
3762
3449
3710
3691
3691
3475
3469
3690
3591
2471
2533
2432
3291
2483
2483
2544
3835
3138
4043
3138
3850
3407
4043
4043
4043
3835
3835
3835
3962
4039
3407
4831
2628
2628
4921
4921
4922
4042
4051
2952
3142
3142
3004
4922
3004
3380
3399
3399
4922
3004
3142
3835
3138
3279
3349
2929
3279
4686
3948
3953
3949
2688
2589
3945
3947
3979
2699
3948
4893
4882
3956
2890
3025
3024
2587
4978
4944
3013
3360
4094
4942
2608
4880
4074
3260
3203
3197
3887
3260
3260
3893
4074
3203
3241
3197
3892
3442
3197
3922
3442
3197
3197
3197
3922
3197
3927
3197
3439
3431
3442
3432
3442
3935
3442
3445
3442
3442
3445
3439
3445
3787
3787
3527
3508
3935
3935
3787
3491
3527
3783
3491
3491
3785
3489
3492
3775
3785
3783
3492
3785
2655
4884
2611
3942
2585
4830
3262
2902
3977
4891
4891
3018
2868
4893
4893
4830
3325
4971
4056
3327
3962
4043
4043
3383
3383
3344
4922
3402
3974
3839
3842
2647
3978
3978
3980
4828
2650
2663
4899
2677
4282
3987
3864
4043
4933
3992
4047
4045
3180
3142
3142
4935
4935
3279
4935
4921
4921
2628
2628
2629
4922
3970
4975
3325
4946
4014
3848
3268
4000
4961
4003
4007
3329
4012
4035
4894
3383
4043
3034
4040
4047
3383
4047
4047
4045
3993
4040
3993
4046
4047
4047
3383
4054
4059
3381
4936
4971
3337
3337
3381
4936
4060
4061
4062
3326
3822
3821
3801
3963
3964
3844
3963
3241
3218
3803
3218
3241
2943
3241
4833
4011
4089
4826
4804
2887
4044
4981
4093
3349
3349
3279
3279
3349
3267
3373
3279
2929
2457
4107
3322
4109
2933
4985
2891
4310
3886
3886
4740
4115
4121
3310
4123
4118
4120
4279
4266
4122
2677
2669
791
4875
4281
4857
2661
4124
2662
4132
4299
3988
4135
4290
4672
4158
4163
4163
505
505
2671
4696
4699
2219
578
2714
4146
2715
2670
4141
4782
4783
4160
2964
4155
2822
4842
307
507
305
3184
2918
2680
4844
2703
4171
2694
4173
3122
4463
4321
2814
2815
4488
2815
4463
4464
4464
4321
4862
4317
4319
2803
4477
4231
3099
4474
4242
4187
4183
4226
2783
4242
2813
4316
3092
2833
2987
4577
4660
4479
4485
4332
4488
4488
4479
4486
4488
4478
4655
4860
4661
4332
4332
4580
4270
467
467
2690
4116
2308
2308
1721
3049
4695
2686
467
1702
1721
2175
4730
4121
4133
4268
4896
4272
494
1716
655
3106
4134
2606
3984
4280
4298
3986
3987
4719
3868
3870
4286
3124
2953
3863
2603
3862
4285
3979
3983
4283
4278
4296
4297
4280
4298
3316
805
4281
3981
4301
3791
2461
2516
2517
2441
2501
2443
1748
430
2175
4084
4609
4562
4601
4565
4565
4498
4519
4515
4542
4607
4490
4504
4555
4597
4503
4503
4503
4498
4499
4592
4597
4502
4379
4379
4453
4379
4379
4420
4420
4420
4379
4379
4379
4379
4379
4379
4420
4379
4420
4453
4453
4453
4453
4453
4453
4453
4453
4453
4453
4453
4453
4453
4453
4453
4379
4379
4379
4420
4379
4379
4420
4420
4379
4420
4379
4420
4420
4379
4379
4379
4420
4379
4379
4379
4379
4379
4420
4453
4420
4453
4379
4420
4420
4453
4420
4453
4453
4453
4453
4453
4453
4453
4453
4453
4453
4453
4453
4453
4453
4453
4453
4453
4453
4453
4453
4453
4453
4379
4453
4379
4379
4379
4420
4453
4420
4379
4379
4379
4453
4420
4453
4453
4453
4453
4453
4453
4379
4420
4420
4420
4420
4379
4453
4379
4420
4379
4379
4379
4453
4379
4453
4453
4453
4453
4453
4453
4453
4453
4453
4453
4511
4511
4511
4509
4609
4523
4598
4526
4515
4518
4551
4607
4551
4511
4496
4513
4646
4416
4494
4416
4503
4503
4508
4646
4646
4416
4415
4640
4498
4379
4379
4379
4453
4453
4453
4434
4434
4434
4434
4379
4420
4420
4434
4434
4420
4420
4420
4453
4453
4453
4379
4379
4453
4453
4435
4435
4434
4434
4434
4435
4435
4434
4435
4410
4459
4459
4438
4435
4459
4459
4459
4638
4628
4628
4628
4638
4506
4503
4628
4506
4626
4628
4628
4628
4379
4379
4379
4435
4435
4435
4361
4379
4379
4379
4379
4379
4379
4379
4358
4358
4627
4627
4444
4444
4358
4361
4434
4434
4434
4434
4410
4410
4410
4399
4399
4626
4626
4389
4390
4358
4435
4415
4383
4437
4650
4628
4504
4508
4508
4506
4508
4503
4638
4420
4420
4453
4453
4453
4453
4453
4434
4434
4434
4434
4453
4453
4379
4420
4379
4434
4434
4453
4434
4358
4358
4358
4357
4410
4410
4410
4410
4410
4356
4410
4399
4626
4425
4399
4379
4420
4420
4379
4420
4420
4420
4420
4453
4453
4453
4453
4453
4453
4453
4453
4453
4453
4434
4434
4434
4453
4453
4453
4453
4379
4379
4453
4379
4379
4379
4379
4379
4504
4508
4504
4508
4493
4651
4435
4435
4459
4640
4459
3371
4063
3299
3083
2797
4208
4671
4689
4726
2835
3039
3039
3039
4674
4668
4186
2848
4137
3315
3315
2975
2762
3038
2685
4686
4257
4688
4688
4722
4693
4672
4675
4244
4693
4722
4280
4694
4713
4297
4754
4697
4136
4136
4701
2839
2779
2796
4720
4670
4714
3064
2685
4709
3314
4695
4719
4723
2683
4687
2709
4682
4718
4710
4719
2797
3264
2589
2589
4932
4949
4269
4897
4728
4255
1750
4835
2175
2175
467
4250
4751
423
270
4254
4886
430
2288
2288
2405
4897
1750
4122
4267
4753
2685
3109
3383
2660
3134
4781
3184
3059
2799
4238
4240
2801
4524
269
4195
3098
460
269
2894
3973
617
433
431
431
2629
616
504
2215
4838
3046
4167
3086
4469
4330
2185
2288
2289
2288
270
3344
3053
3154
4807
3154
2790
4184
4227
2830
3099
4462
4479
2879
3383
3383
3383
4056
4290
2678
3988
3971
4079
3383
4043
4040
4131
4875
3981
3864
4839
4842
305
2218
2213
4167
4860
4462
2811
4858
4589
4661
4486
1702
4129
3978
4567
4554
4601
4504
4599
4503
4399
4459
4627
4628
4399
4386
4628
4399
4425
4399
4266
1702
270
3884
2701
2625
2666
4882
2688
2602
4998
4830
2953
4880
4997
2667
4888
3324
3324
4686
4882
4891
3959
4893
4885
4693
4895
2956
4997
1716
4298
4686
1598
2471
2478
2539
2475
2540
2431
2544
2580
2543
2544
2563
2580
2544
2580
2477
2567
2477
2567
4917
2932
4924
2604
2602
4978
4925
2929
3279
4922
4922
4924
3325
4922
3399
2612
3331
3279
3142
3279
4918
4824
4924
3377
3142
3013
4925
4881
4938
4881
3385
3391
2609
4943
3883
3360
3360
3264
3325
2629
4970
3144
3849
3144
4957
3015
4921
4926
4923
4951
4009
3992
2640
4093
2933
2689
4971
4917
4979
3876
4980
4981
2589
4918
2687
1724
4135
4282
4995
2687
4919
1724
2687
4049
4277
4899
4044
4899
3147
4286
3147
494
4999
4999
877
878
878
879
