98
13
1
12
12
12
2390
1335
2390
24
103
39
98
98
98
62
131
2391
17
17
45
178
151
49
47
142
45
48
860
161
873
20
1336
118
83
164
860
856
166
158
141
80
12
39
39
39
1850
71
119
118
98
98
18
41
68
17
36
45
49
46
1
34
1334
123
83
2403
158
158
870
80
30
12
12
12
98
1
2390
39
39
98
12
39
137
2392
43
43
44
68
135
153
19
47
49
114
72
47
44
1337
2394
22
75
153
25
12
60
103
24
41
89
90
1
12
12
95
98
32
80
30
31
118
12
31
12
98
39
12
1
118
27
98
12
42
16
158
89
82
1337
23
90
43
15
27
39
13
2403
48
12
76
153
1334
42
2391
123
158
158
53
9
30
12
12
39
41
39
39
39
134
43
43
43
43
2393
2393
2393
2393
862
43
43
44
2392
2392
2392
2392
41
2392
138
43
2392
43
2393
137
135
137
2393
2393
138
2393
2393
137
2393
2393
138
2392
2392
2392
862
137
2392
2393
2393
2393
43
86
43
2393
2393
41
2393
862
2392
457
457
484
20
276
2468
1647
2207
2405
1678
2410
206
479
562
2499
2405
2426
2426
471
1695
1702
50
2405
460
496
907
907
397
1625
2489
2489
2486
2486
959
856
1590
1379
1379
1379
187
2460
2275
2275
543
2504
2506
2452
1670
2507
400
400
1379
1379
755
1355
956
1355
1595
286
118
246
31
856
118
83
21
281
31
31
31
1570
1712
1713
1573
416
2260
256
2208
4172
250
259
2186
262
411
410
411
2272
2256
2477
258
266
253
252
2187
271
2362
619
3353
470
649
3196
2910
3195
442
3195
504
2184
560
633
430
291
1728
1744
319
294
270
296
2263
2279
500
1743
2318
1732
2319
1730
2212
302
303
305
2264
593
307
309
2266
322
321
469
379
314
513
514
591
317
2292
318
2191
380
2266
309
590
369
326
2231
2215
2265
321
313
2215
332
2297
329
330
386
385
2182
338
2230
1785
340
333
343
1771
1754
344
1765
1767
1774
348
1787
1762
350
2286
352
1785
362
1781
661
605
611
360
351
359
609
361
354
3199
4696
366
292
368
368
512
370
515
1778
517
374
375
374
1799
2252
326
620
592
382
383
384
2214
331
312
387
389
514
390
337
1768
338
2268
1777
2194
279
1359
542
1359
477
629
2272
2810
2957
1558
1602
38
4252
2326
2246
414
2221
417
2481
856
2439
628
4978
1366
431
248
2220
1540
849
187
2429
1407
1407
2455
400
415
415
1812
409
576
261
408
654
664
866
503
866
2986
15
400
2455
218
1438
1439
219
2454
2453
2455
2405
943
217
217
1529
856
464
460
108
884
855
2401
985
51
617
2219
2213
4280
85
4267
1339
840
1359
4981
2985
3198
3038
3198
612
2277
3362
674
3362
3147
3147
505
674
3208
507
508
509
510
511
623
512
513
371
515
516
598
1786
1760
519
958
1372
1372
1372
1354
528
761
714
767
966
767
1340
1396
987
736
2382
2518
428
428
192
1368
1667
2511
184
526
1536
458
462
2421
831
2518
1603
1556
541
246
254
2356
438
501
411
410
3037
3036
3197
2832
3113
1798
583
2317
2317
1747
1748
1736
587
588
589
324
2218
316
622
594
441
328
596
390
598
1779
1763
1776
346
1756
604
1790
607
1791
2321
609
1794
1788
606
2250
4739
613
4172
4172
2258
2361
1796
1812
1813
620
2213
621
369
299
624
2351
2223
1814
630
438
631
2209
2198
416
249
218
2425
219
907
541
1355
961
959
961
1665
2518
641
986
4973
2197
3199
651
2291
319
654
2295
656
656
658
1770
660
661
2911
3199
3147
3200
505
616
3147
108
2363
1360
2517
1436
2519
2812
4172
257
677
575
2517
2518
2519
2501
644
1008
1005
1510
1494
980
788
1005
1510
980
777
1494
1472
1472
1494
1495
828
1654
1495
980
828
1494
974
977
1491
694
974
767
752
982
761
1003
1505
1526
1495
1495
982
1495
981
714
1479
825
1510
1005
1494
980
786
974
1472
974
1495
1008
1510
1505
529
761
788
1472
980
709
980
786
703
703
1005
1647
1495
1654
709
1495
1495
1591
2413
967
2508
680
1384
967
1666
1667
967
1370
2483
966
2383
1438
2508
1654
980
974
279
43
862
20
48
2392
20
150
150
149
149
43
43
43
21
20
856
118
31
38
4172
2812
43
43
2393
137
2393
43
43
1721
1711
1838
878
2206
1842
3377
51
16
107
64
1334
95
2365
891
421
247
1547
118
118
452
1610
1395
496
245
934
1578
1340
938
231
209
2426
219
2417
231
2454
400
918
1554
1609
2501
543
2455
207
207
1682
927
207
678
1379
401
1682
400
400
1358
1436
1358
1396
1361
1364
2513
1396
2440
1389
1436
1361
545
542
1360
545
2417
2417
1382
922
1362
496
541
549
647
930
496
496
2440
455
2406
1364
181
943
1397
1358
1362
679
1682
928
400
1554
1379
1554
1603
1553
1356
826
1495
732
714
2390
61
2390
1495
1495
786
1494
1494
696
696
1472
1472
1491
1494
997
1330
1330
1330
1330
1526
1005
1330
997
1005
1005
1005
1330
1005
1005
1005
1005
1330
1005
1038
1312
1191
1191
1312
1329
1329
1301
1232
1192
1036
1301
1329
1329
1272
1036
1086
1329
1329
1329
1301
1272
1301
1142
1206
1191
1310
1014
1191
1272
1206
1229
1263
1191
1036
1142
1192
1206
1036
1036
1191
1191
1036
1329
1145
1330
1191
1191
1222
1232
1329
1086
1329
1329
1222
1038
1310
1329
1330
1330
1330
1329
1222
1272
1329
1272
1191
1145
1191
1191
1272
1142
1191
1272
1301
1191
1191
1191
1206
1194
1191
1229
1222
1222
1142
1038
1085
1036
1222
1330
1330
1330
1086
1086
1191
1272
1142
1191
1239
1329
1086
1191
1229
1206
1005
1330
1329
1222
1222
1222
1222
1222
1222
1222
1222
1222
1222
1222
1222
1222
1222
1222
1222
1222
1222
1222
1085
1142
1142
1142
1142
1085
1142
1145
1229
1229
1229
1194
1206
1142
1145
1206
1229
1229
1222
1229
1229
1145
1229
1229
1229
1229
1229
1229
1229
1229
1145
1229
1263
1145
1229
1229
1229
1222
1229
1222
1229
1229
1176
1229
1229
1222
1176
1229
1229
1229
1176
1176
1229
1222
1222
1229
1142
1194
1229
1229
1254
1194
1217
1194
1194
1217
1229
1229
1191
1191
1191
1329
1217
1215
1229
1194
1215
1217
1217
1229
1217
1217
1194
1229
1206
1217
1217
1229
1215
1217
1217
1217
1229
1215
1217
1229
1229
1229
1229
1229
1229
1163
1229
1229
1163
1229
1229
1229
1229
1229
1229
1181
1181
1229
1229
1194
1215
1217
1194
1191
1206
1194
1206
1194
1206
1206
1206
1206
1206
1206
1206
1206
1206
1215
1206
1206
1206
1036
1206
1206
1215
1206
1162
1162
1229
1217
1229
1229
1162
1217
1217
1229
1217
1217
1162
1162
1191
1206
1206
1191
1206
1206
1191
1272
1312
1272
1312
1312
1272
1086
1312
1243
1085
1312
1239
1239
1239
1239
1312
1259
1239
1243
1259
1239
1239
1272
1243
1239
1085
1239
1243
1239
1239
1239
1206
1272
1191
1206
1272
1206
1310
1310
1206
1038
1191
1206
1192
1310
1329
1329
1272
1085
1191
1086
1086
1086
1191
1038
1038
1329
1329
1329
1301
1329
1036
1329
1330
1086
1038
39
12
39
39
135
48
2393
175
806
811
1356
1356
1479
1475
529
529
529
1354
961
961
1354
1356
733
1469
962
966
969
1477
690
774
529
772
984
2511
2511
2486
1670
428
2455
1443
1552
237
2508
2520
2520
1575
1575
1379
428
1644
2455
2458
218
2456
805
1665
1477
2508
2508
2452
2506
1553
2542
1533
1423
1830
1832
1829
412
1539
2546
4986
2236
625
2415
533
1349
521
2370
2518
2346
489
1701
1853
980
1494
1472
1495
1495
1494
1494
696
980
1472
1472
1494
1494
1494
980
980
1505
1494
696
1494
1494
1494
1494
696
1008
1005
1005
1505
1510
1510
1005
1510
1005
1526
1005
1005
1005
1005
1005
1005
1005
1005
1005
1005
1330
1005
1330
1005
1330
1330
1330
1330
1330
1330
854
245
883
1529
21
413
1626
189
2234
2523
2523
1422
2495
421
2349
897
647
1399
463
745
746
1603
1609
923
1554
1554
1379
1379
2460
1455
2475
435
1537
432
1844
1822
1569
1824
877
1475
1589
1612
1578
1608
1621
2382
525
967
526
958
1666
1370
959
2486
1677
1407
959
187
427
427
428
955
2309
669
899
1607
2312
2301
234
202
202
2412
2431
554
2431
398
2463
552
1577
2418
2377
242
864
1551
1346
638
2311
1604
1656
1578
935
935
2303
1616
1605
638
455
1618
1619
578
2512
938
1619
645
2349
29
891
28
31
247
702
1654
1470
786
1472
702
1495
1495
1654
696
828
1494
1654
828
1472
786
1621
2312
2480
2308
423
1566
2262
2306
1599
892
220
489
1460
2517
2417
2504
2517
208
1438
195
219
1438
8
885
133
4161
462
1702
174
4993
2274
572
2313
243
243
244
2313
1844
4839
2812
1811
1707
2314
263
1718
2389
1720
1565
2315
2202
395
2316
1739
1744
2279
1729
295
1731
282
581
2318
1732
583
1743
1735
2210
301
1737
1728
1740
1727
1738
1740
583
652
2317
2281
2280
1745
1746
1753
1749
290
1750
1752
284
444
1734
1769
344
1765
1757
347
1758
1759
517
1761
1758
1763
394
1755
1768
392
2298
338
341
597
336
341
1772
1772
391
1775
337
393
334
1778
1779
1780
353
373
1783
1784
345
1785
375
1786
1788
604
1789
1791
600
2286
1793
602
1782
2237
440
2239
2255
262
411
1803
2227
1795
1795
2925
1808
1800
4697
1809
2241
1811
2967
408
4267
1817
866
1713
4270
2307
1572
1823
1840
1820
434
2205
1414
1827
1538
2304
1709
1839
281
1841
881
4286
1711
98
53
12
32
37
1850
10
103
124
53
115
4697
412
1863
357
1857
2333
2330
1860
1870
1862
1991
1992
1864
1987
1873
1867
1875
2332
1868
1867
1869
1870
1871
1871
1873
2004
1858
2097
1865
1876
1959
1896
1904
1917
1953
1885
1882
1887
1917
1919
1929
1914
1916
1929
1915
1970
1975
1960
1894
1955
1959
1975
1896
1979
1896
1895
4998
4999
1963
4999
1945
1879
1920
1920
1883
1920
1920
1953
1920
1904
1956
1952
1891
1929
1916
1886
1928
1927
1916
1928
1886
1970
1929
1971
1959
1926
1958
1926
1955
1978
1894
1976
1933
1971
1932
1899
1957
1896
1936
4998
4994
1901
2161
1900
1935
1878
1978
1939
1942
1943
1936
1945
1936
2028
1959
1876
1961
1968
1918
1890
1956
1972
1970
1890
1973
1973
1960
1975
1959
1878
1961
1898
1947
1965
2139
1910
1912
1928
1917
1927
1957
1955
1955
1929
1890
1959
1972
1975
1935
1899
4999
1935
1899
1978
1942
1961
1995
1983
1985
1986
1875
1987
1988
1989
1989
361
1984
1983
1993
1986
2000
2008
610
1997
1998
2005
2176
2334
2055
2003
2005
2094
1999
2007
1998
1991
2009
2011
2029
2066
2011
2033
2033
2033
2033
2036
2018
2018
2142
2142
2079
2156
2144
2025
2025
2027
1943
2029
2060
2066
2065
2063
2063
2033
2079
2037
2063
2037
2037
2042
2038
2042
2048
2048
2044
2045
2044
2175
2175
2175
2334
2336
2088
2059
2336
2336
2051
2088
2088
2337
2337
2059
2337
2061
2060
2071
2063
2177
2064
2067
2065
2065
2069
2068
2116
2117
2072
2020
2068
2116
2073
2074
2074
2124
2077
2070
2079
2038
2042
2042
2042
2045
2043
2043
2043
2341
2335
2137
2337
2091
2124
2092
2093
2077
2078
2073
2096
2096
2057
2057
2055
2101
2054
2334
2001
2104
2024
2104
2107
2104
2107
2107
2079
2079
2042
2042
2081
2082
2115
2115
2116
2116
2042
2083
2128
2128
2119
2119
2117
2125
2122
2121
2085
2083
2129
2129
2131
2131
2133
2341
2130
2129
2130
2143
2138
2164
2143
1929
2142
1939
2160
2151
2151
1939
2144
2151
2151
2144
1943
4994
2153
2148
4994
2156
2156
1901
2033
1937
2011
2161
1937
2011
2160
2160
2010
2164
2165
2166
2098
2170
2169
2169
1873
2095
2176
2177
2176
2175
2176
2006
2407
644
1627
459
2231
2182
2181
648
406
2187
2187
574
2189
2190
315
384
2194
407
2192
2196
2196
618
2249
2388
1571
1741
1726
2249
475
274
573
2209
259
2211
291
588
379
326
327
2216
2217
2218
2257
2200
632
2188
2199
2225
1730
2226
1804
1568
2230
516
1408
2352
377
1807
2238
2257
3199
1710
1714
3035
4697
2244
2269
2327
2247
2248
377
2959
4704
4741
2245
4262
2244
1719
4839
1805
2204
1554
1546
634
2478
267
306
381
310
2267
358
410
2270
2268
2956
1531
1624
1586
3038
3038
612
2435
498
2276
3036
2280
499
2317
1744
2283
2284
342
1764
4251
4303
2912
2986
1554
1554
294
653
383
2294
314
2296
657
2323
2322
2300
2482
1609
1609
2179
570
1835
227
251
436
1591
1365
1399
1717
1715
1845
294
2282
3112
3112
3112
581
297
2320
2285
1754
393
2297
1792
2325
410
2328
1819
1856
2331
2343
1866
1994
2101
2044
2044
2074
2096
2050
2091
2334
2341
2074
2170
1706
445
446
1701
2363
2530
404
477
563
4993
629
883
456
2365
943
4981
1527
2546
1626
1527
2385
2386
4985
4265
1836
39
44
43
45
43
2393
43
43
43
153
2392
137
137
2392
2392
206
2406
485
2374
2439
2453
2454
1379
427
1695
894
427
2455
2363
2522
1433
2507
1670
1670
484
907
2508
2506
194
890
667
938
1623
944
455
1695
1428
1349
525
835
2517
2368
2438
2309
569
1606
1352
1371
1678
2483
1371
2483
2483
1676
187
187
1355
955
1355
1381
2309
904
1607
1610
1606
466
425
1702
843
1554
890
834
2415
206
1430
455
2415
2415
1424
4974
4983
2262
2262
1658
2308
3932
1576
2259
2955
4988
2545
4990
1852
2648
58
12
58
12
12
1851
33
120
1852
12
2645
2609
2678
2580
2676
2645
2656
2636
2608
2607
4299
2583
2622
2645
2593
2588
4853
2579
2669
3351
2646
2558
2567
2626
2704
3351
2672
3351
2699
2579
12
2605
2585
2656
2660
2584
2646
98
2645
2645
2604
3818
2592
2656
2636
4299
2583
90
12
3382
2551
2654
2612
2567
2612
2699
3351
3351
54
2597
12
12
1846
2648
2648
2604
2585
12
12
1852
2698
2698
2592
2582
2586
2560
2571
2582
4299
2583
2637
2624
2569
4298
2645
2570
2698
2629
2560
2604
2605
2609
2605
12
2604
1850
4299
58
1335
12
12
12
2595
2644
126
2646
2656
2600
12
98
12
12
1852
2646
1852
12
2551
2632
2574
3351
61
109
2566
2659
90
4295
2676
2646
2671
2585
2616
2585
2573
12
1849
33
3817
58
2646
2672
2646
126
975
58
58
12
4300
1852
12
1852
1848
2582
2582
2582
2592
2592
2591
2591
2594
2565
2591
2582
2582
2582
2560
2582
2586
2571
2565
2561
2560
2560
2591
2592
2592
2565
2565
2565
2565
4841
4849
2591
2565
2565
2560
2560
2560
2582
2565
2592
2591
2592
2565
2591
2582
4843
2604
2565
2561
2565
2562
3000
2763
2997
3438
2664
4687
4055
4109
3417
4945
4908
4903
2944
3438
3034
2730
3205
3413
3413
3404
4629
2731
4153
3381
2764
4032
3359
3350
3434
3434
3087
2536
4020
4883
4883
3403
3397
3203
2672
1615
3434
4071
4081
3411
2992
4120
3412
3074
4041
4146
3421
3422
3360
3425
3446
4081
3946
3397
2768
3430
3435
4049
3115
2672
2797
2671
3103
3351
2574
2567
3351
2562
4676
2646
2646
38
4169
4171
2973
2808
4726
4274
3183
4171
2809
2818
2818
3110
3110
4722
3109
4766
4731
4714
3209
2816
2817
4181
2819
3040
2821
2952
3019
2731
3041
2984
3041
3196
3043
3148
4661
3344
2961
2802
4656
4735
4184
4734
2841
3186
2842
2843
2844
4728
4732
4728
4207
2847
4191
2848
2849
2850
2850
2851
4192
2853
2854
2876
2857
2868
2858
2859
2877
2861
4642
4642
2863
3126
3187
2873
2866
2868
2868
4718
2982
4747
2878
4685
4685
4719
2877
4684
2885
4749
2875
2881
4225
4230
2882
4223
2884
4222
4243
2887
4234
3130
4211
4774
3132
2892
4221
2894
4213
4778
4778
4245
4247
2900
2900
2900
4235
2901
4249
3143
2904
2906
2906
2908
2908
2900
4311
3199
3045
2240
4185
4768
3187
2840
3049
2918
2935
2919
4226
2921
4236
2902
3194
4706
2925
3014
2927
2864
4723
3189
3050
2886
2883
2933
3128
3190
2936
3131
4223
4220
2939
2940
4775
3048
4879
3074
3415
3213
3151
2953
3109
2956
3109
2810
4779
4120
1544
2671
2960
4796
2960
2808
3251
4079
3351
2567
3998
4742
4075
4070
2972
3165
3159
2745
4914
2991
3402
3425
3425
3397
3446
2980
4266
2981
2981
3110
3154
2815
3042
4269
2807
4705
2985
2654
2562
3446
4629
4629
3404
3421
3216
4629
3446
3446
3446
3413
3443
2762
3381
3011
3006
2574
2672
865
2670
2562
4151
3945
2672
3351
3944
3997
2596
3012
3013
2868
2596
3352
3076
3073
3863
3214
4855
4252
3035
4707
2910
3198
3040
3145
4729
2800
2807
3361
3361
3208
3148
3208
3148
3210
2839
4195
3049
3050
2917
2917
3052
2936
3054
4227
4214
3055
4244
3057
3955
4069
4762
4762
4755
4755
3282
3282
3231
4105
3841
3460
3460
3073
3880
4866
4018
4866
2947
4071
3435
3419
3445
4947
4145
3422
4862
3924
3088
3001
3001
2633
4055
4056
3829
3434
3434
3432
2806
3104
2954
3106
3039
4725
4255
4254
3111
2832
3196
3036
3037
3195
3114
4683
4198
3116
2846
4736
4205
4208
4643
3051
2856
3152
3124
2852
3126
3127
2876
2880
3131
4216
2941
4773
3134
2892
3135
3056
4242
3139
4777
3140
2898
2907
3142
4235
3144
3146
4739
4739
3208
4675
4259
2821
3150
4811
4250
3152
3153
3125
2930
3156
4634
3901
3160
2980
3162
3163
3161
3164
3012
4630
4630
4629
3405
3111
4145
3203
3397
3435
3829
4140
4140
3417
3111
4975
4639
3110
4261
2981
4190
4746
2982
4747
2855
4748
3129
3132
4210
4237
3045
3148
3148
3199
3045
3200
3147
3147
2567
2562
2670
3414
2755
3213
3419
3419
4171
4709
4714
3161
3108
3214
2995
3074
3213
3412
3986
3479
3987
3486
3264
3979
3479
3982
3970
3264
3969
3956
3966
3265
3959
3966
4102
3228
3951
3466
3951
3323
3233
3951
3218
4108
3278
4109
3469
3282
3282
3488
3979
3493
3293
3467
3955
3223
3957
3942
3957
3322
3487
4102
3488
3970
3486
4102
3956
3069
3273
3555
3486
3979
4097
3069
4097
3955
3951
3466
3951
4102
3957
3268
3488
3278
3956
3228
3940
3940
3292
3293
2943
4875
4146
4150
4630
2947
2947
4150
3168
4069
4038
4018
3091
2777
3421
2778
3466
3987
4102
2583
2592
2669
2669
2562
2583
2560
2654
2669
2669
2588
2588
4853
2592
2582
2565
2592
2592
2632
2562
2567
3351
2672
2646
2646
2565
4171
2592
2592
2592
4841
3822
2582
2592
2583
4271
4288
3374
4646
4814
3377
2556
2558
3462
2650
2602
120
95
3005
2599
2798
4829
4090
2672
4053
4927
4765
3444
4765
2966
4765
3178
3417
4630
4630
3404
4630
4630
4630
3434
3434
3434
3414
3414
3414
3414
3404
3446
3446
4629
3446
4630
3446
3446
3446
3446
3412
3419
3445
3412
3412
3413
3415
2767
3418
3412
3412
3412
3074
3412
3217
2778
4630
2742
3177
3445
3434
4078
3178
3993
4085
4886
4765
4765
4088
3440
3390
3440
2730
4813
3004
3444
3445
3445
3446
3434
3446
3399
4081
3446
4081
4081
4077
3252
3322
3942
4041
3938
3467
4300
101
3959
3228
3959
3959
3264
3264
3264
3263
3966
3966
3966
3789
3811
3503
3498
3536
3493
3493
3534
3554
3813
3555
3784
3536
3537
3493
3814
3814
3493
3784
3731
3730
3655
3686
3570
3570
3724
3785
3785
3655
3742
3708
3724
3724
3570
3731
3719
3676
3731
3570
3785
3535
3570
3730
3743
3743
3741
3742
3705
3686
3707
3704
3743
3743
3743
3687
3718
3741
3687
3704
3692
3685
3708
3687
3669
3785
3535
3498
3686
3741
3743
3743
3571
3785
3557
3676
3788
3676
3522
3731
3536
3522
3522
3536
3536
3523
3743
3731
3755
3718
3741
3748
3755
3676
3743
3743
3687
3743
3743
3704
3741
3743
3742
3708
3743
3743
3743
3743
3743
3665
3743
3730
3535
3785
3676
3527
3718
3730
3742
3708
3742
3743
3743
3657
3570
3676
3667
3687
3704
3814
3743
3711
3742
3743
3711
3743
3743
3743
3743
3743
3743
3743
3743
3743
3743
3743
3743
3657
3743
3743
3743
3743
3743
3743
3743
3748
3743
3743
3743
3743
3743
3740
3743
3743
3743
3743
3741
3743
3711
3743
3743
3711
3742
3743
3711
3743
3743
3743
3711
3743
3743
3743
3740
3743
3743
3740
3743
3743
3743
3741
3743
3743
3743
3711
3740
3743
3743
3743
3743
3743
3743
3743
3743
3740
3743
3743
3743
3740
3743
3711
3711
3743
3743
3743
3741
3711
3743
3743
3743
3743
3711
3743
3743
3742
3740
3743
3743
3687
3713
3710
3710
3742
3710
3711
3711
3711
3710
3711
3710
3710
3711
3710
3711
3710
3710
3710
3742
3710
3711
3742
3704
3710
3710
3704
3704
3711
3710
3711
3711
3704
3710
3710
3704
3704
3704
3711
3710
3711
3711
3710
3710
3740
3711
3711
3710
3710
3710
3742
3710
3742
3704
3708
3704
3704
3710
3704
3704
3704
3704
3710
3704
3704
3708
3704
3704
3704
3704
3710
3704
3704
3704
3704
3704
3704
3704
3704
3704
3704
3704
3704
3704
3704
3704
3710
3704
3710
3730
3730
3723
3730
3723
3723
3731
3723
3723
3723
3730
3737
3608
3723
3723
3737
3608
3748
3730
3737
3748
3608
3737
3730
3730
3730
3611
3611
3730
3748
3748
3669
3687
3742
3711
3687
3708
3705
3696
3704
3708
3687
3696
3696
3570
3742
3730
3730
3667
3676
3723
3731
3731
3713
3675
3570
3570
3788
3718
3719
3718
3498
3568
3731
3730
1852
1852
2588
4841
4841
2566
4843
3276
4018
3276
3435
3945
3944
4105
4755
3459
3282
4755
4755
4755
3430
3430
3430
3232
4105
3841
3841
4018
3841
3469
4038
4069
3459
3252
3223
4147
4145
4038
3397
3397
3425
2768
3434
3862
3214
3213
4140
3425
4071
4081
4071
3266
3170
3405
4145
3397
3010
4866
4018
3470
3423
2755
2777
3421
4074
4071
4759
3999
4688
4690
3903
4119
2738
3900
2825
2835
3324
2731
4960
2783
2783
2783
3423
2765
3173
3854
2761
2950
3264
3263
3966
3959
3959
3292
3977
3264
3951
3956
3263
3969
3966
3264
3979
3979
3977
3979
3976
3487
3979
3966
3987
3493
3979
3480
3982
3991
3986
3479
3982
3814
3480
3493
3554
3554
3555
3493
3503
3554
3538
3539
3813
3579
3811
3812
3536
3536
3534
3559
3559
3536
3506
3351
3351
2574
3381
3381
2567
2568
2662
4002
4023
4006
4058
4870
4039
1528
4092
4829
4085
3427
4015
4105
4070
3434
4078
4078
3434
3434
3434
3434
4756
3391
2775
4922
2772
2976
2973
4179
4034
4287
2792
3427
3434
4116
4911
4938
4757
4757
2781
4875
3916
3168
4150
4150
3396
4038
4069
3450
3203
3397
4762
3430
3425
3401
4071
3399
4077
3394
4076
4076
4938
4013
4054
2794
3095
3923
3925
4043
3328
4882
4868
4022
4926
4042
4011
2958
2798
2575
3433
4014
4086
4757
4041
3393
4761
4757
4757
4757
4013
2770
4937
4765
4088
4084
4084
3392
4886
2767
2966
4885
4091
2599
2576
2646
2575
3941
3265
3221
3218
3951
3951
3940
3228
3293
3951
3941
3218
3269
3941
3940
3293
4884
3385
2958
423
4117
1425
4180
2776
1662
4980
2774
265
3854
4862
3213
3414
2778
3421
4630
4630
2778
4630
3421
975
1690
124
3934
4152
1854
4304
4155
4699
3104
2793
4166
2793
4167
4164
3371
4709
4709
4265
4795
4167
4263
4713
4178
4178
4174
4029
3895
4182
3048
4199
4769
4185
4201
4200
4770
4679
4187
2984
2984
2983
4188
2847
2837
4192
4186
4193
4732
4194
4769
4183
2914
2916
2915
4198
3113
4770
2831
3117
3112
4716
2844
4204
4205
4206
4202
3118
3118
2921
4245
2893
4212
2887
4243
4209
4215
4216
4243
4217
4218
4219
4737
3135
4217
2894
2894
3192
3132
4230
2888
2937
2895
4230
4220
4231
2940
4227
4232
4776
4235
2899
4752
3138
4238
3141
4240
4752
4236
2922
4244
3136
3138
4246
2907
4248
3141
3137
4258
3185
3185
3035
4257
4256
4779
4779
3110
4693
4692
4259
4252
2925
4706
4706
2240
4303
4165
4173
4264
4266
4268
4836
4267
4175
3208
4835
4767
4289
4660
4275
4273
3898
3019
3891
3893
4005
3904
4276
2806
4290
3376
3377
4168
2
98
99
12
73
1850
98
4
98
126
3035
4151
1410
4784
4307
2903
4783
4445
4446
4310
4311
4464
4313
4308
4317
4315
4784
4316
4620
4785
4324
4457
4320
4309
4321
4453
4620
4323
4458
4550
4335
4400
4413
4355
4357
4355
4334
4332
4367
4355
4365
4366
4400
4366
4365
4337
4366
4366
4347
4366
4400
4400
4434
4347
4434
4434
4612
4397
4397
4607
4434
4399
4394
4369
4355
4355
4369
4355
4335
4369
4616
4335
4337
4400
4425
4366
4347
4337
4355
4400
4369
4355
4367
4400
4366
4366
4347
4347
4378
4400
4390
4425
4400
4366
4610
4400
4435
4415
4434
4397
4397
4347
4434
4347
4434
4434
4397
4438
4600
4437
4434
4351
4350
4394
4434
4612
4401
4428
4434
4355
4365
4369
4332
4366
4366
4337
4405
4400
4366
4400
4400
4400
4394
4434
4397
4434
4369
4329
4421
4337
4337
4355
4400
4400
4378
4366
4401
4369
4400
4366
4400
4415
4612
4350
4388
4434
4612
4394
4610
4397
4313
4440
4456
4442
4323
4782
4308
4447
4446
4464
4448
2923
4444
4439
4451
4452
4312
4454
4455
4456
4556
4792
4786
4786
4460
4454
4462
4463
4464
4321
4466
4467
4514
4469
4485
4485
4486
4488
4472
4473
4588
4474
4557
4516
4478
4516
4557
4613
4559
4613
4563
4514
4484
4486
4486
4488
4488
4492
4488
4489
4492
4493
4488
4536
4494
4502
4501
4498
4498
4500
4625
4626
4624
4626
4787
4541
4587
4555
4504
4792
4505
4504
4509
4512
4509
4582
4514
4522
4523
4518
4518
4519
4547
4519
4520
4520
4521
4523
4521
4523
4521
4523
4531
4528
4529
4532
4549
4547
4545
4562
4488
4535
4494
4494
4498
4502
4787
4787
4587
4587
4585
4582
4529
4544
4517
4545
4545
4460
4623
4549
4553
4553
4510
4510
4555
4786
4555
4626
4557
4474
4557
4557
4560
4560
4566
4562
4535
4535
4565
4566
4567
4569
4575
4569
4495
4538
4495
4571
4575
4531
4527
4577
4538
4581
4579
4580
4586
4577
4582
4587
4587
4794
4586
4587
4616
4588
4616
4616
4372
4425
4616
4425
4613
4613
4558
4613
4394
4600
4613
4600
4600
4600
4600
4606
4472
4434
4388
4468
4468
4468
4468
4614
4465
4467
4467
4466
4466
4617
4619
4786
4786
4786
4622
4550
4322
4625
4462
4624
4627
4627
4463
3414
3412
116
4632
2938
4228
4632
4801
2804
3046
4655
4640
4196
2874
3053
3053
3122
4644
2820
2931
2862
4649
4808
4651
4653
4837
3047
4644
4657
4802
4635
4638
4663
2802
2809
4665
4666
2926
2932
2878
4633
4641
4668
4667
4681
2808
4675
4682
4674
2838
4680
4650
4678
4291
2885
3054
3325
4686
3185
4691
2924
4694
4673
4695
4780
4697
4262
4697
3035
4253
2960
4796
4700
4702
4692
4703
3035
3035
4741
4700
505
2240
4795
4264
4657
4711
4078
3003
2962
2965
2803
4717
2869
2857
2881
2905
4725
2928
4724
2956
4722
4779
4726
4051
2912
4696
4740
3038
4712
3036
4728
4733
4730
3113
4735
4189
4735
4204
4737
4738
4738
2911
4739
2813
4779
4078
3186
2854
3188
2871
4748
2934
4224
4751
2897
2372
4090
3434
4078
4765
4014
3897
2968
4030
4076
3386
3433
3102
3392
4164
4263
3890
4198
4190
2830
2830
2831
4189
4191
4772
4219
3193
3134
2889
4777
3137
2925
4263
4294
4450
4457
4319
4316
4785
3194
4457
4787
4503
4791
4550
4791
4550
4792
4583
4540
4619
4797
4796
4797
3384
2598
2664
2824
4806
4093
2822
4250
3349
2670
2670
2999
2999
3334
4091
3902
4631
4799
4835
4836
4838
4293
4176
1852
2645
2582
2592
2583
2582
2582
2565
2582
2582
2582
2582
4840
2550
2560
2550
2560
3441
3438
2998
4805
4944
3998
3446
3403
3434
4081
4855
3360
3446
3446
3446
2744
4140
3863
3403
3422
4145
4687
4078
2777
2947
3423
4886
3008
2796
2795
3997
4813
3443
2731
3330
3330
3857
3423
3213
2759
3434
3399
3434
4012
3927
3927
4874
3868
3919
4069
3452
4020
4755
4755
3339
2992
4021
4021
4021
4021
4076
4078
4727
4938
3385
4013
4139
2533
4078
3392
2997
3443
4956
4960
3384
4955
3334
4687
4118
4975
4117
1425
4119
4980
1576
4767
4985
875
2811
4989
2801
4004
1896
3412
4394
4397
1936
1963
3074
3412
4394
