66
69
108
122
7
72
3
7
853
57
4110
70
45
45
68
48
125
50
49
22
79
22
26
110
1322
136
21
185
27
59
1323
186
835
36
1317
97
39
20
24
93
111
114
46
46
153
28
49
41
53
24
52
5
1801
4
23
818
1795
852
108
3
72
66
44
136
136
1
117
1798
2
194
2405
2404
2404
96
174
26
82
103
85
110
25
88
1796
1322
130
1321
129
132
175
139
67
144
1799
96
1798
51
2626
149
106
3
3
66
82
128
157
113
3
115
65
114
1798
122
1795
71
4276
73
47
17
51
2662
87
131
89
133
161
145
2401
74
87
139
2663
101
930
125
17
4277
1801
108
3
7
155
1798
39
1798
118
2649
2678
826
826
78
170
171
197
180
165
830
170
170
2405
81
159
159
81
96
194
195
172
825
170
197
197
830
206
201
198
203
202
830
162
202
2411
173
830
2412
160
202
170
160
76
78
826
203
197
202
160
830
169
1468
240
228
2490
2497
1533
1533
2417
1333
1770
2229
865
258
1614
260
260
2463
1395
2360
1368
1482
2366
652
2358
2418
222
2229
511
1610
234
2365
532
238
500
1628
146
223
1776
696
1550
1550
1770
1777
2440
2441
1615
491
260
2318
1612
490
903
903
925
903
494
1382
887
887
2167
256
2166
1613
1604
2452
916
925
564
921
881
806
574
1364
2229
655
269
591
1782
815
315
507
135
232
2321
1639
1640
266
511
297
2281
2361
2506
822
2221
275
702
297
298
4988
454
454
2399
1768
2476
703
2267
279
319
320
299
637
644
1733
4982
520
2362
2383
1476
528
446
309
1735
314
1661
485
315
2203
224
224
2446
1402
469
296
2197
1658
322
323
1659
2224
326
2270
2287
328
330
331
332
613
334
614
349
616
1677
618
2271
2273
369
363
345
365
551
552
613
649
682
358
2214
363
344
355
361
426
2303
2171
2169
433
2278
370
2170
2306
434
1709
1703
1708
1703
1700
1707
1715
411
623
381
2335
1726
1729
1687
1693
374
1952
394
399
1812
401
1951
1815
2342
1814
1820
1809
1810
1811
1964
1951
3056
2923
404
1658
324
405
351
409
427
410
412
1722
414
1952
2341
2258
2257
424
353
2272
355
684
423
611
373
371
620
687
1714
1692
384
626
625
631
435
1478
2442
229
2442
213
1388
893
710
1630
447
515
517
2503
657
2369
2975
2973
3108
4818
2268
1467
4284
4737
489
461
274
1331
1541
857
2297
2485
2484
279
470
232
246
246
1365
221
1343
573
1343
1343
262
881
884
491
806
2318
1550
2252
460
2513
484
357
486
486
295
4223
2979
916
806
916
257
2165
917
1549
916
2492
1319
584
584
1568
827
851
263
58
2436
663
510
2494
2494
353
2518
1629
514
514
99
2515
4982
4991
902
2370
1388
1388
1631
1631
528
2455
2372
309
308
2372
1546
3198
3197
3111
2285
638
1757
831
1757
640
3329
544
300
545
546
548
549
550
428
551
554
1690
1691
557
415
1949
1340
669
1348
669
570
1348
570
1494
1342
1342
802
801
1344
885
1352
1359
1359
1356
1357
1518
588
571
701
1605
1604
2358
2460
1393
2460
2481
2366
1484
1482
1602
502
211
1351
1343
1343
1532
1343
669
701
925
2298
600
1783
1633
2174
301
2375
595
538
2280
4760
565
693
601
1661
312
604
2218
2222
605
608
2290
609
616
352
2181
367
2210
419
421
649
339
433
1694
1692
1725
1717
630
2293
389
557
634
1960
2340
397
1979
1812
1966
1808
4777
2979
4776
3329
641
278
2220
1743
2254
484
353
354
617
408
607
2201
214
794
2495
317
1365
1499
1755
659
480
660
2205
470
275
276
868
876
1553
667
921
881
491
700
701
701
710
1391
1336
1344
519
2499
2217
453
288
288
350
2300
2301
686
2304
2333
1702
689
386
1731
3055
3057
540
639
3150
3150
1469
710
230
707
886
243
243
1641
2267
283
596
708
709
230
1388
231
893
954
714
1436
1409
1407
716
1448
1454
721
775
1422
761
1585
941
1416
753
942
1348
1574
767
751
746
463
1342
769
779
570
1342
800
218
791
1348
1443
951
957
777
931
731
753
740
922
564
1340
1439
1474
794
1443
1423
1439
1342
1348
1342
1342
752
1464
1066
1446
669
570
1427
1340
781
570
743
563
952
802
778
769
770
1340
1414
752
440
1395
2421
236
707
1608
711
1614
260
259
1614
258
258
1342
260
1399
2461
256
1607
1348
810
1330
1397
816
826
126
816
173
143
2414
174
4980
3319
2407
159
169
2405
2404
509
32
160
4134
2405
825
832
172
833
826
2404
833
9
1509
1515
316
1764
1785
2178
451
848
3
98
929
12
64
208
1487
2434
219
2478
1552
861
1521
1559
1521
891
1564
1610
711
2165
917
1610
711
2165
1556
903
903
894
709
709
917
1610
917
917
1610
917
916
916
1550
885
885
885
888
2419
2418
910
865
861
885
710
231
893
231
885
255
711
600
885
902
1550
1550
904
1491
589
1521
2376
2491
909
861
912
913
2487
711
711
1550
903
903
925
903
925
925
2318
1494
1331
746
1518
1339
120
105
809
766
730
724
1428
1426
1417
722
775
725
1419
768
995
1119
1029
1296
1293
1043
1310
1309
1296
945
1305
946
999
1293
1047
1458
985
985
1245
1067
1113
1142
1137
1195
1142
1113
1113
1135
1188
1188
1195
1116
1113
1188
1195
1137
1188
1113
1208
1240
1142
1240
1135
1202
1195
1195
1240
1137
1202
1188
1202
1195
1195
1202
1188
1202
1195
1195
1195
1195
1195
1135
1195
1195
1135
1195
1188
1117
1116
1156
1135
1113
1236
1035
1014
1240
1207
1170
1135
1142
1236
1142
1137
1202
1142
1188
1135
1202
1113
1202
1188
1137
1188
1195
1202
1202
1202
1137
1135
1236
1236
1240
1116
1240
1240
1137
1195
1202
1188
1135
1137
1113
1195
1195
1195
945
1202
1202
1135
1135
1135
1135
1135
1135
1135
1135
1135
1135
1202
1135
1135
1202
1135
1135
1135
1135
1137
1202
1135
1202
1135
1202
1202
1202
1202
1202
1202
1202
1202
1202
1202
1202
1202
1202
1202
1202
1202
1202
1202
1202
1202
1202
1202
1202
1202
1202
1202
1202
1202
1202
1202
1202
1202
1202
1202
1202
1202
1202
1202
1202
1202
1202
1202
1202
1202
1202
1202
1202
1202
1202
1202
1202
1202
1202
1202
1202
1202
1202
1202
1202
1202
1202
1195
1195
1202
1202
1202
1202
1202
1202
1202
1202
1202
1202
1202
1202
1202
1202
1202
1202
1202
1202
1202
1202
1202
1202
1202
1202
1202
1202
1202
1202
1202
1202
1202
1202
1202
1202
1202
1202
1202
1202
1202
1202
1202
1202
1202
1202
1202
1202
1202
1202
1202
1202
1202
1202
1202
1202
1195
1202
1202
1202
1195
1202
1195
1202
1202
1202
1202
1202
1202
1202
1202
1202
1202
1202
1202
1202
1202
1202
1202
1202
1202
1202
1202
1202
1195
1195
1195
1195
1087
1087
1087
1087
1137
1142
1087
1087
1087
1086
1087
1087
1087
1087
1087
1086
1087
1087
1086
1086
1087
1087
1087
1086
1087
1086
1087
1087
1195
1202
1195
1195
1195
1195
1195
1195
1195
1195
1195
1195
1188
1188
1188
1188
1142
1137
1137
1142
1142
1188
1188
1188
1188
1113
1113
1236
1236
1243
1177
1113
1142
2401
117
118
95
813
839
568
1345
1345
1518
1353
567
1492
1342
1348
921
921
570
921
1494
1341
1359
801
1359
801
1349
1328
1342
1342
669
1331
1612
1615
1615
1615
1615
925
806
925
587
524
524
897
1391
2438
925
2318
925
569
1350
806
881
1611
671
1347
1346
1356
1355
567
443
524
1608
256
2318
1366
476
2268
476
221
811
1381
2498
1367
1481
1481
1535
1472
254
1532
1536
1537
1498
2381
1379
1485
2447
1475
467
249
1532
1534
2426
217
2489
2458
1389
2438
1400
2490
2457
468
1404
4984
1803
528
238
936
725
1585
761
1411
934
771
939
938
717
1585
941
1432
1433
1431
1435
1433
772
713
784
1423
764
713
1421
956
1447
948
1446
1438
785
948
959
1465
949
1436
944
945
984
975
1010
1017
1023
985
1017
1028
1119
1303
1042
1291
1007
1208
1014
1119
1219
991
464
851
518
4070
1533
478
2474
1539
812
448
448
220
220
576
2433
2386
1482
2385
2380
248
261
905
863
590
565
1517
1493
1545
1549
903
1550
1521
1556
903
1496
2435
1527
478
1539
247
1499
247
1472
473
292
511
2204
449
2502
436
2203
1762
232
280
1517
1549
2479
1562
1489
1391
2438
1389
1355
1605
524
1605
1604
1605
1604
1612
1615
925
2318
806
903
874
2311
864
1548
2312
1470
1398
578
1396
1398
260
258
2463
665
1343
669
492
262
262
492
496
1497
2470
1544
267
1545
2319
1490
1547
667
1557
1551
906
2320
907
1590
534
1557
908
890
1563
1560
2454
2453
1564
503
828
829
1348
1574
1339
928
746
463
1348
737
933
738
1576
728
1474
730
932
730
735
1561
1591
4089
1593
456
4981
4985
1386
2456
1599
1601
445
255
445
895
2167
255
711
1606
257
876
4274
4281
4276
2508
1622
1616
1620
1624
4283
4118
1403
1631
1629
1631
1632
2246
1636
291
841
1781
1635
840
2813
2813
2322
1791
2316
1644
1639
1645
4992
2509
1653
656
1769
2176
1655
2299
323
2288
1657
1659
2225
1662
1682
338
1664
336
609
1667
1668
322
405
1671
1672
681
1663
606
2326
1676
1676
2329
1678
1680
335
1681
1681
1677
2308
1718
1730
390
374
1716
1725
556
1724
629
632
388
1720
1720
382
382
2331
1726
431
2307
555
1689
432
2293
1686
1695
1695
624
1962
1964
690
1961
398
390
392
393
1959
627
395
630
2275
396
400
1806
481
678
1752
2244
2260
2337
455
4818
2253
1736
1732
660
4737
452
1738
3057
1749
1648
1647
1758
2394
2394
4245
641
641
276
1651
277
1513
1788
2512
265
1789
1789
2195
1478
1384
1376
2495
513
2194
317
1471
1771
1373
653
1474
2240
1376
1363
1501
3339
471
1783
843
2223
2221
1516
2202
2377
2516
1763
1759
40
1799
4277
2663
104
44
117
1793
2668
4283
3056
2354
1817
2080
1818
1970
2162
1977
1978
2157
2155
2051
2078
2030
2027
2021
1969
2161
2159
2075
2028
2077
1858
1915
1944
1844
1858
1878
1844
1878
1858
1866
1844
1915
1915
1874
1858
1878
1878
1915
1915
1915
1915
1890
1907
1827
1907
1907
1944
1851
1890
1830
1858
1844
1928
1858
1928
1858
1928
1878
1858
1878
1915
1878
1915
1844
1874
1840
1915
1858
1844
1915
1932
1844
1844
1907
1907
1844
1915
1915
1915
1915
1907
1907
1907
1890
1915
1830
1907
1890
1907
1907
1907
1830
1851
1944
1851
1944
1827
1830
1907
1907
1827
1858
1844
1858
1915
1915
1844
1844
1840
1915
1915
1827
1890
1922
1890
1858
1928
1858
1858
1844
1915
1915
1874
1915
1915
1878
1915
1827
1915
1915
1890
1890
1827
1830
1851
1850
1816
1813
1967
2154
2154
1819
2081
2162
1822
1826
1971
2155
1805
1968
1963
2073
1972
2071
1973
2021
2025
2024
2073
2039
2072
1975
1976
1838
1916
1873
1845
1918
1945
1898
1902
1947
1856
1865
1865
1867
1867
1857
2138
2125
1853
1830
1893
2138
1857
1933
2148
1845
2144
1855
4998
2141
1988
2005
2008
1984
2055
2006
2057
2057
2060
2060
2060
2010
2019
2011
2019
2061
2115
2118
2061
2064
2116
2119
2119
2353
2353
2113
2149
2122
2121
2004
1983
2034
1982
2148
2035
2121
2047
1937
1995
2083
2106
2114
2069
2048
2045
2046
2141
1993
1993
2057
2057
2059
2011
2102
2110
2111
2112
2118
2353
2105
2099
2040
2042
2042
2074
2053
2067
2066
2066
2023
2023
2020
2124
2135
2125
1998
2132
2137
2132
1906
2139
2140
1993
2137
2091
2085
1997
2086
1995
2123
2092
2088
2090
2096
2098
2084
2105
2097
2104
2096
2093
2095
2109
2097
2104
2109
2118
2114
2108
2113
1912
1835
1912
1912
1931
1843
1931
1830
1830
1870
1830
1830
1830
1830
1830
1922
1830
1948
1947
1948
1890
1925
1898
1890
1938
1870
1938
1844
1917
1866
1928
2029
2031
2032
2052
2053
2036
2070
2038
2018
2158
2160
889
887
4655
1706
383
429
2190
2362
705
1670
2189
2188
302
2179
360
554
2187
2183
593
2186
2181
1742
2262
2262
286
594
847
2363
280
2196
2209
2206
1786
2192
2192
1776
2184
325
1666
1660
2216
512
2231
1705
364
359
227
2214
661
2238
285
675
846
1480
2174
2208
348
2262
592
2239
2185
1707
795
2422
1378
581
2443
2448
1747
1746
1740
510
2217
3149
1750
4741
3056
1637
4818
455
3005
662
2249
416
4223
3202
2337
2250
3057
3150
1646
4238
2199
2219
1521
1634
2266
2324
2317
2270
420
362
341
371
378
1809
4760
2330
1697
4760
2974
462
252
3049
3051
2924
245
2287
603
2287
2289
1674
648
387
399
2924
4776
2924
1473
4232
1556
2300
683
685
612
366
377
2306
380
386
1953
244
1550
1550
1553
1560
1502
293
1540
1554
1486
1549
2319
858
1635
1643
1638
2325
2325
606
1662
2328
337
1728
1731
631
688
1957
2344
3005
4232
1499
1499
1822
2021
2348
2079
2346
2014
2015
2106
2068
2112
2347
2017
2114
2103
2247
4731
3005
2979
234
1405
212
520
307
2383
310
533
1482
281
2393
583
674
525
309
1753
1753
2393
848
209
2363
2382
1477
2382
1466
2380
2388
2387
446
1765
855
1386
1401
1758
4988
2398
305
2398
4992
19
2402
2402
2404
52
76
161
161
169
158
158
78
173
163
173
178
2492
2365
1483
226
533
533
533
223
222
1610
1549
903
903
585
2427
1566
917
925
2458
2493
256
1610
1603
581
2420
2482
585
2445
1608
1607
2469
1562
2453
2434
2378
2483
217
1387
2458
2458
701
709
709
2420
862
903
903
2460
2459
1357
1358
1357
258
259
260
881
881
1615
881
920
881
1495
919
2311
1520
2429
2451
1488
2392
2505
2505
1548
1565
2417
2486
210
228
210
1377
1483
1377
4975
4981
1779
4986
3319
4975
1804
4977
2507
4983
1595
4986
2511
1790
2514
2514
2499
2516
2518
516
2519
2565
2587
2568
2675
2524
2524
2622
2642
2664
4746
2641
2521
2587
2536
2619
2523
2620
2549
2542
2543
2623
2697
2562
2605
2651
2537
2550
2689
2651
2581
2660
3337
3334
2524
3829
2643
2625
4279
2604
2554
2566
2567
2567
2657
2542
2543
2572
2573
2546
2575
2576
2531
2526
2539
2596
2555
2582
2524
2524
154
4109
1800
2537
2536
2587
2591
2559
2590
4886
2694
4884
2570
2570
2674
2717
2541
2575
2603
2574
2606
2547
2605
2607
2610
2608
3833
2612
2608
2652
2694
4881
2579
2669
1799
2611
1798
1797
4279
2525
1799
2661
2587
2565
2634
2564
2637
2566
2582
2629
2639
2559
2640
2558
2675
2675
2540
3832
51
2615
2609
2607
2652
2606
4883
3327
2537
3315
3309
2658
2653
2674
2664
2560
2557
2667
2564
2675
2632
2528
2676
2522
2631
4880
2650
4884
4883
4883
4883
2570
4884
4884
4884
2598
2598
4889
2684
4884
4884
2570
2541
3324
2679
2700
4882
2618
3320
4886
2694
3323
3323
3323
4886
4887
3321
3310
2597
3312
2728
3323
2598
2681
2735
2700
2727
2679
2692
2692
2598
3336
4884
4883
4883
4883
2682
2692
2692
2598
2600
2580
3093
4872
2740
4911
4911
4108
3844
4723
4723
4900
4107
3173
3173
4108
4106
2739
4721
3094
2770
3410
4958
3013
3012
3407
2761
3405
3897
2756
3092
3901
3093
3967
4097
2756
3161
4055
3405
3881
4910
4910
3366
3858
3008
2762
2762
2762
4030
3405
3405
3401
3416
3373
4654
3216
3404
3366
3299
4105
2762
3405
3405
3845
4792
2778
3979
4723
3875
4266
2836
3341
4267
2796
2580
2836
3328
4255
4803
4128
4273
4722
4693
2981
4125
2804
2806
4714
2800
2800
4693
3169
4227
3184
4237
2992
3997
4748
4750
2989
2818
2820
3107
4159
4679
2823
2825
4659
2828
3976
2751
4851
4851
3343
3003
4171
3003
4267
3871
3871
3894
3171
2839
4683
4770
2842
2844
3188
4709
4711
2989
2848
4164
3160
4173
4157
3123
2853
3124
3124
2856
3119
2882
2883
4755
2946
2884
2885
2945
3191
4669
3027
2869
3126
3190
4675
2884
2862
2861
4753
3122
4784
4656
2881
4716
2888
4197
4193
2893
4814
4202
2955
2952
4176
2953
4179
2893
3145
4788
4192
4177
2934
2907
2908
2910
4178
2895
4287
4288
4443
4444
4294
4451
4455
4308
4441
4289
4824
4303
4467
4467
4294
4439
4244
3056
3056
2925
2926
2943
2871
2930
2886
4191
4206
2934
4447
4287
2936
2936
2939
4658
3157
2876
2866
4783
3062
2894
2891
3130
4203
2896
4182
2904
3137
4773
4775
3060
3097
3088
2741
4096
3896
3385
3385
3387
3386
4996
3042
4996
2970
2972
3104
3184
3000
2974
4738
4044
4737
3052
3026
2809
4747
3864
3965
3356
3877
4797
3044
4059
4235
3868
3881
3881
2744
4022
4917
3379
3416
3377
4792
2773
3405
2998
4222
4222
2816
3210
2817
4738
4737
2580
4792
2762
4792
2762
3414
2762
3405
3405
3405
3407
4859
2736
3019
3021
3326
2978
3019
2583
3839
2553
3024
3026
4228
3980
4717
4697
3869
3031
516
3032
2621
3034
2825
3166
3400
4877
3386
3381
4853
3902
3042
4933
4851
2751
4737
3055
2835
3198
4768
3107
2848
4243
2800
2817
3150
2808
3058
3059
3061
2927
3159
2929
2949
2896
2932
4174
3070
2935
4295
3212
3858
3007
3082
3419
3993
3300
3300
3301
3078
3856
4101
4099
3862
4100
3208
3412
3083
4900
4105
3414
2762
4101
4101
2963
4966
2770
2764
3092
3016
3016
4959
3858
3174
4917
3215
3215
4049
4027
3100
3990
3342
2797
2755
3104
4680
2821
4734
4234
3101
4152
4808
2835
2832
4971
4722
4154
2849
3117
4810
2857
3120
3064
2888
4696
3156
2941
2942
3122
4200
3133
4185
4214
4215
2916
4816
3143
3144
4451
4442
4290
4756
4293
4446
4454
4307
2997
3052
4764
3209
3209
3151
3025
3105
2971
4724
2865
2875
3158
2929
3116
3870
4912
3858
2749
2838
4855
2998
3167
4736
3170
3171
4735
2982
2762
2762
2762
3175
3008
3007
3098
3214
3390
3214
3178
3852
3318
3181
4707
3150
4222
2870
2870
4781
2877
4783
3128
2897
4787
4221
4825
4297
4244
3054
2835
4244
4244
4731
4841
4654
3384
3213
3390
3208
4133
4748
4138
3167
3384
3385
3391
3214
4654
3448
3937
3942
3279
3221
3266
3555
3945
3823
3923
3939
3457
3436
3231
3910
3272
3306
3276
3236
3269
4085
3293
3074
3246
4071
3291
3073
3301
3249
3072
3276
3458
3948
3911
3428
3281
4075
3283
3076
3839
3843
3250
3220
3945
3443
3921
3282
3236
2789
3292
3484
3451
3944
3864
3074
3846
4081
3271
3245
3247
3223
3553
3301
3234
3269
3271
3434
3907
4937
3894
4922
3092
4654
3373
3373
3373
4103
4100
4103
3858
3851
2785
4100
3890
3373
3374
3414
3913
3841
3895
4885
4884
3314
2550
2544
2601
4896
2713
3035
2825
3336
2727
3336
2550
2570
2666
3311
3327
4133
3209
4885
3323
4889
3312
2570
4884
2598
2527
4252
4261
4708
4260
4690
4713
4707
4270
2516
2647
3350
2538
2664
2665
2629
4067
3970
4943
3023
4041
4027
3361
4055
4062
3363
3364
3024
2762
3414
3414
2762
3414
2762
4054
4054
4018
4049
4654
4654
3385
3405
3405
2762
2762
3405
3405
3405
3405
3405
3405
3412
3412
3412
3385
3411
3408
4064
3389
3385
3216
3385
3387
3385
3385
3385
3374
3414
3101
3402
3413
3411
3413
4018
3101
2747
3990
4793
3363
3388
4060
3361
3407
4858
3361
3411
3411
3373
3414
3405
3405
3405
3405
4792
4792
3419
3075
4049
3849
3260
9
4072
4085
3422
3230
3933
3222
3922
3926
3227
3923
3905
3914
3567
3657
3806
3758
3693
3529
3564
3717
3607
3465
3533
3711
3641
3462
3659
3564
3525
3673
3538
3646
3646
3646
3637
3646
3636
3636
3699
3646
3646
3699
3646
3582
3646
3646
3699
3697
3646
3689
3684
3567
3699
3646
3646
3646
3699
3699
3646
3646
3646
3646
3700
3646
3646
3646
3638
3699
3646
3699
3692
3646
3692
3646
3692
3637
3646
3646
3646
3630
3635
3627
3629
3635
3699
3546
3603
3707
3697
3640
3646
3582
3699
3646
3646
3646
3684
3646
3646
3646
3697
3646
3646
3646
3699
3646
3699
3646
3646
3646
3637
3646
3699
3646
3798
3635
3697
3582
3646
3646
3646
3646
3646
3699
3636
3637
3646
3646
3469
3743
3646
3646
3646
3646
3646
3646
3646
3646
3646
3646
3646
3646
3646
3646
3646
3646
3646
3646
3646
3646
3646
3646
3646
3646
3646
3646
3646
3646
3646
3646
3646
3646
3646
3646
3646
3646
3646
3646
3646
3646
3646
3646
3646
3646
3646
3646
3646
3646
3646
3646
3646
3646
3646
3646
3646
3646
3646
3646
3646
3646
3646
3646
3646
3646
3646
3646
3646
3646
3646
3646
3646
3646
3646
3646
3646
3646
3646
3646
3646
3646
3646
3646
3646
3646
3646
3646
3646
3646
3646
3646
3646
3646
3646
3646
3646
3646
3646
3646
3646
3646
3646
3646
3646
3646
3646
3646
3646
3646
3646
3646
3646
3646
3646
3646
3646
3646
3646
3646
3646
3646
3646
3646
3646
3646
3646
3646
3646
3646
3646
3646
3646
3646
3646
3699
3699
3646
3699
3646
3699
3699
3646
3699
3699
3646
3646
3699
3699
3699
3646
3646
3646
3646
3699
3646
3699
3646
3699
3646
3646
3699
3699
3699
3699
3699
3699
3699
3646
3646
3699
3646
3699
3699
3646
3646
3646
3582
3646
3635
3582
3582
3582
3582
3646
3592
3592
3582
3582
3592
3582
3582
3582
3582
3592
3582
3646
3646
3582
3646
3646
3646
3646
3646
3646
3646
3646
3699
3699
3699
3699
3699
3699
3646
3646
3699
3699
3646
3646
3646
3646
3646
3635
3635
3582
3646
3699
3699
3636
3635
3699
3700
3700
3700
3640
3646
2522
2522
2768
3321
3321
3312
2551
3332
3859
3859
3859
3837
3991
3851
3082
3082
4046
2786
2785
2785
3855
3863
3857
2789
3850
2988
3007
3858
3366
2773
3418
4049
3036
3176
4099
3373
3375
4792
4792
3853
4014
2762
3366
3859
3098
4099
4099
3180
3375
3373
4107
3414
3299
3994
3865
4749
4035
4031
3882
2743
2743
3294
4033
4002
4089
4945
4036
3998
3878
4862
3302
3977
4949
3174
4948
4899
4909
3213
2759
3216
3390
2757
2771
3887
3044
3044
3898
3898
2766
3903
3432
3436
3906
3233
3907
3432
3910
3277
3279
3279
3904
3914
3219
3918
3264
3930
3251
3457
3263
3264
3925
3941
3931
3963
3553
3446
3446
3952
3252
3949
3825
3453
3961
3553
3510
3807
3800
3507
3510
3507
3469
3797
3462
3802
3495
3657
3537
3707
3735
3719
3705
3625
3652
3723
3707
3018
3969
3349
2578
3970
4108
4948
4037
3893
4861
2969
4995
4022
3087
2962
4907
4847
3045
2983
4864
3362
3357
3357
3990
4800
4051
3404
4018
4054
4054
3405
4791
4791
4962
4962
4952
2781
2775
2790
3884
2957
4704
3163
3871
4011
4258
4869
3868
4661
4801
4015
4956
4802
4066
3214
3390
3390
4098
2782
3373
4103
3375
2762
3366
2762
2773
2773
2773
4054
4053
4087
4030
3889
3890
3862
3890
4108
4108
4100
3174
3008
3380
3008
3372
4779
2780
4963
4923
3359
2776
4799
4045
4051
4050
3989
3404
4793
4048
4955
3363
4063
4058
2772
4793
4064
4061
4065
4062
4064
4914
3365
4067
2795
3328
3307
3238
3262
3258
4081
4076
3421
3429
3238
3307
4079
3269
3307
3288
4083
4913
4088
4262
4091
4089
2779
4964
4969
4969
4094
3373
3374
3373
3414
3374
3414
3414
3414
3414
3414
3414
3414
2531
4282
4281
4960
2621
4961
4117
3017
3899
4120
4120
4121
4124
4235
2793
2794
4237
3340
2799
4129
4729
4143
4128
4743
4236
4265
4007
4138
4803
4140
4804
4010
4794
4003
4683
4145
4806
4780
4159
2843
4694
4150
3002
4166
4173
4155
3118
4149
4158
4159
4146
4160
4161
4160
4173
4165
4809
3115
4168
4751
2851
4169
4170
2816
4168
4167
2906
3146
4774
4204
3138
4205
4211
2935
4212
3139
3142
2917
4210
4221
4183
4812
4184
4208
3136
3131
4183
2904
4179
4186
4199
4181
4217
3193
4452
3196
4288
2921
2917
2911
2913
4450
4450
3145
4448
2915
4291
2919
2921
3152
4724
4731
4706
3113
4233
4227
4740
4726
4229
4231
4737
4740
4725
4741
4127
4136
2985
4239
3155
4873
4137
4243
4874
4263
4255
4708
4248
4878
4689
4878
4255
4661
3097
3308
4259
4256
2749
2838
4259
3095
4971
2838
3973
3972
4253
4261
3114
2837
4708
3103
4013
4269
4270
3346
2774
4246
127
1799
2633
4278
4279
2588
2588
2636
458
4730
3149
4092
4642
4833
4513
4570
4463
4571
4653
4564
4515
4519
4538
4518
4828
4511
4509
4507
4652
4542
4554
4518
4426
4351
4424
4327
4351
4349
4351
4321
4351
4320
4351
4402
4351
4351
4327
4351
4320
4351
4320
4320
4426
4424
4327
4426
4424
4327
4327
4426
4424
4426
4327
4311
4351
4349
4402
4351
4309
4309
4349
4321
4351
4357
4351
4351
4327
4351
4402
4351
4351
4351
4351
4327
4351
4321
4424
4424
4326
4327
4402
4426
4327
4327
4426
4327
4327
4424
4426
4426
4311
4426
4406
4406
4426
4426
4426
4426
4424
4431
4311
4426
4311
4426
4426
4351
4311
4309
4349
4351
4351
4320
4351
4351
4351
4351
4351
4327
4327
4424
4327
4424
4431
4351
4351
4349
4351
4351
4420
4351
4327
4320
4320
4351
4351
4320
4351
4320
4424
4327
4426
4406
4406
4327
4311
4311
4424
4562
4454
4461
4517
4519
4822
4301
4833
4466
4645
4567
4643
4298
4561
4456
4531
4529
4560
4507
4502
4552
4531
4528
4529
4527
4559
4464
4420
4312
4416
4326
4421
4382
4333
4390
4390
4312
4359
4359
4362
4430
4362
4426
4407
4329
4375
4375
4416
4421
4382
4631
4430
4632
4434
4628
4471
4473
4629
4475
4497
4500
4500
4495
4497
4491
4501
4501
4597
4599
4596
4551
4598
4602
4605
4605
4594
4600
4594
4594
4416
4417
4471
4490
4634
4470
4639
4638
4417
4477
4422
4417
4483
4535
4593
4592
4586
4524
4477
4629
4434
4627
4481
4476
4546
4500
4587
4597
4596
4595
4591
4574
4574
4489
4488
4528
4532
4558
4600
4604
4605
4602
4552
4502
4504
4362
4405
4425
4618
4329
4410
4389
4434
4481
4625
4392
4622
4617
4613
4609
4626
4476
4485
4486
4614
4575
4576
4482
4495
4495
4581
4580
4582
4585
4597
4595
4590
4548
4349
4420
4349
4321
4321
4323
4420
4321
4367
4320
4326
4367
4426
4426
4426
4426
4426
4426
4375
4390
4333
4424
4406
4424
4406
4322
4420
4326
4402
4420
4402
4349
4313
4554
4834
4835
4557
4558
4498
4491
4501
4646
4506
4526
3385
3373
2309
4195
2950
4677
4660
3169
4662
4662
4672
4664
4161
2881
4194
2944
2956
3344
3062
3121
4665
4676
4687
3168
3106
4680
4972
4663
4663
4684
4745
4681
4688
3870
3161
4691
4692
4693
2841
4671
4701
3028
2951
2951
4667
4700
2872
4712
2960
4705
4705
2807
4714
4942
3161
4694
2853
4665
4689
4721
4686
2951
4201
2958
4974
4902
3296
2961
2960
3152
4224
4726
4727
3149
4130
3056
3197
4737
3102
2997
4233
3113
4230
4731
4776
4737
4740
2937
3149
4140
4139
3153
4685
4055
4742
4761
4798
4168
2847
4772
2861
4759
4759
4758
4226
4753
4176
3108
4757
4747
4962
4767
4764
3112
4765
4923
4923
4164
3112
4165
4771
4163
4156
3157
4774
4821
3049
4776
2924
4733
3187
3187
3001
3001
2859
4785
3130
2897
4175
3196
4823
3986
4066
4018
3399
4002
4762
4005
3360
4767
4043
4051
4050
4803
4729
4247
3876
3186
3115
4171
4153
2851
4815
3196
4186
3194
4824
4825
4734
4733
4001
4833
4643
4827
4521
4836
4502
4547
4549
4593
4588
4585
4557
4588
4583
4582
4130
2980
2980
2738
4840
2740
4973
3089
3879
4907
4842
4849
3037
2763
4851
4851
4854
3965
3345
4843
4867
2968
4866
2168
3045
4853
2830
3042
4870
4871
4933
4242
4241
4876
4860
4743
2522
2549
2658
2571
2550
2605
3336
3324
3336
3336
2692
2598
4883
3336
4889
2694
4893
2738
3012
4922
3092
4095
2756
3014
4903
3013
2762
4792
2762
3405
3088
3088
4871
3405
4792
3391
4908
3414
2762
3414
4934
4922
2958
4096
4055
2741
3414
3374
3373
3988
2787
4929
3406
2767
4964
4965
4916
3213
2758
3373
3385
4922
2958
4922
4930
4802
3854
4099
4101
4099
2783
4103
4100
4103
3366
3369
3378
4791
4791
4923
4957
2776
4028
4928
4967
3014
1620
4927
4968
4931
2750
4859
2745
2962
2753
2764
2825
3035
4976
2806
4978
4975
4119
2805
3985
4932
4090
4009
4057
4271
4256
3029
4990
3166
4993
4994
4996
4995
3412
3413
1907
3412
3412
