2553
2574
4885
4886
2607
2578
4886
2619
2641
2619
2600
2551
2535
2576
2574
2574
2600
2637
2584
2593
2643
1834
2629
3368
2543
106
44
2547
2594
106
102
3
8
873
71
137
135
4
2604
2553
2575
2593
1831
100
39
2552
2633
2633
2569
2545
2635
1828
4285
67
44
67
110
2656
2704
2655
4120
4
7
98
2620
2679
4894
2553
2554
2665
2570
2619
2575
2553
2578
4885
5
103
114
1832
4289
2568
2637
144
144
113
44
110
19
14
38
2
2598
116
114
39
2539
2637
3839
2651
2577
2577
2578
2599
2554
50
4886
2619
2605
4886
2604
2553
13
132
15
2580
99
4886
2556
2576
2679
4885
15
4894
4894
2638
2542
10
4288
1
70
69
19
2549
119
2536
3839
2596
1364
2578
40
2637
2619
2541
2576
10
134
2551
47
4886
4886
2547
2639
2553
2595
2576
2576
4290
4290
4290
4289
4290
4286
2622
64
64
64
72
72
1832
2636
2622
1829
1829
4290
4290
2539
2539
103
104
2539
72
72
72
146
104
2540
6
2540
6
64
146
64
103
104
146
146
64
64
2628
2539
64
64
64
64
1829
1829
2624
2622
4290
4290
2624
64
2653
64
64
4286
4291
4123
4124
2445
870
2406
835
4978
576
2406
2498
2807
2742
1455
1672
4725
2407
3017
2499
4907
2563
1672
870
659
2477
2400
1530
2494
517
517
220
2496
871
208
1451
574
574
572
2457
2456
2517
516
309
2470
220
220
2456
574
870
574
208
780
1400
963
1400
2397
4978
4883
502
4270
1665
4697
120
843
4260
2401
2239
4864
4701
2924
4008
2789
473
4719
2791
2818
4132
4135
4132
4135
4754
441
2223
1529
442
2306
4682
4706
2819
4264
3203
4244
4257
4009
4698
4685
398
527
2908
684
4791
400
3027
4864
1425
4747
4682
3106
4184
2811
2834
2791
2836
2826
2790
2790
1725
2320
1723
4684
2826
4167
4708
2820
4149
3042
2912
2822
3148
2930
2930
2856
4710
2849
2857
2861
2845
2837
4691
4152
3179
3112
2856
3108
3108
3044
2929
4798
2859
4764
2931
2931
2926
2847
4801
3048
2851
4694
2925
2932
2868
4214
2874
2875
4203
2885
3049
2918
2877
3186
2919
4213
2939
2882
4789
2891
4224
2883
4226
4226
2893
4235
4465
2901
2899
3188
2890
2896
2894
2907
2892
2895
4467
699
699
854
4138
699
4186
2983
4189
2842
2854
2843
2934
2881
4803
3127
2891
2899
4139
4130
4130
4754
2927
4716
4709
3043
4797
4788
2849
2847
4715
2917
4800
2843
2942
4210
2877
2877
2864
4728
4165
1674
1674
1455
516
4009
4134
4132
4132
4132
4754
4754
4754
2517
32
4754
2797
2797
4756
4717
1803
2489
872
2404
1817
836
1539
4733
4732
2400
2416
1530
2438
226
1530
2456
2456
565
2476
4135
4142
4135
4135
4139
4139
4132
2913
448
4739
1789
522
2328
4754
4754
574
2456
1654
2412
1652
1652
1654
1654
1434
2445
505
1667
2563
2713
1520
505
1827
4121
96
872
509
3364
4724
4711
4711
2585
3100
4258
4704
1455
4863
2808
883
699
854
4138
699
854
3202
4137
588
2283
450
4256
2283
4241
4294
4255
4294
4995
4759
4181
4182
3113
3147
3114
3115
2860
3116
3117
3118
4202
3121
4191
4463
771
565
565
565
967
1375
1387
552
787
667
516
747
220
2456
2496
204
459
963
1435
2394
220
204
515
4990
1670
4293
2406
2406
1376
1447
1446
1562
1450
667
4703
3360
2777
4131
4142
3159
4132
4132
1805
1804
854
686
524
527
2805
3021
4828
1723
321
3090
2803
2822
2840
2860
3045
2838
4700
4173
4171
4150
3046
3109
2851
4833
3122
2919
3051
4678
2940
4213
3128
2901
4197
4228
3052
3052
3130
4237
4301
4229
2797
4138
2797
589
589
672
4735
4244
4244
4736
4736
4736
4736
4257
3111
4691
2915
2854
320
322
1816
2244
4754
4819
2783
4758
4129
3014
3015
3141
472
2456
2456
220
1446
565
565
2457
565
2413
204
2496
1628
1384
2781
4255
4995
4139
2821
4796
2824
2850
2935
2936
4220
3185
4832
4238
1805
4995
4751
4995
4751
4995
4738
4294
4255
854
4995
1665
4123
2393
309
309
2272
1784
443
4758
2962
1374
309
2394
309
309
996
716
1515
985
1487
1001
995
989
994
806
1500
784
1002
727
984
720
1465
972
720
734
1461
733
1630
774
734
727
554
769
787
767
762
999
1513
996
809
715
725
1627
723
742
1630
797
1626
997
733
986
1493
1004
972
719
965
727
988
1502
995
968
1001
768
809
1466
972
762
966
1616
1507
1513
966
976
972
969
758
984
719
515
2393
309
565
2456
2456
220
220
1373
565
453
309
309
726
756
1613
1674
4290
64
1835
72
2539
2627
874
118
4008
1829
1829
1832
4289
1835
872
122
672
589
1832
72
72
2540
64
4289
146
1554
1552
4882
3359
3086
4133
4140
4292
3367
2655
2621
2577
2623
3354
871
875
494
1601
96
573
836
1447
2451
227
1663
202
2467
558
492
577
1652
2470
2407
2470
2470
2407
1451
2476
1445
1446
309
309
1649
2471
1654
1654
2497
2407
2497
208
1654
1650
208
516
309
516
2469
516
516
2469
2469
2439
2501
516
516
516
516
516
309
2470
943
491
828
890
1446
667
494
940
889
914
1662
495
1434
1434
1434
2469
1365
227
1434
2469
516
2469
2470
1654
208
208
2476
1451
2478
2476
961
247
2480
1587
967
547
783
1584
753
725
2651
2663
715
719
719
977
1497
1484
984
722
1488
785
1482
1485
1078
1077
1357
1357
1199
1199
1515
1003
1360
1329
1003
1348
1065
1353
1199
1065
1044
1051
1053
1199
1053
1253
1152
1152
1201
1201
1021
1020
1020
1054
1278
1259
1252
1131
1020
1021
1156
1339
1135
1111
1259
1048
1042
1020
1135
1086
1152
1152
1204
1252
1339
1152
1201
1252
1152
1152
1248
1217
1152
1131
1093
1217
1155
1217
1252
1201
1248
1088
1054
1049
1201
1131
1093
1131
1048
1155
1020
1020
1186
1336
1071
1032
1021
1021
1054
1199
1336
1021
1261
1311
1086
1152
1152
1152
1152
1196
1152
1152
1219
1201
1338
1131
1259
1278
1093
1278
1278
1252
1131
1131
1152
1163
1196
1163
1339
1131
1050
1020
1054
1054
1156
1163
1252
1155
1152
1163
1131
1338
1135
1155
1278
1252
1053
1152
1252
1278
1118
1131
1118
1131
1131
1131
1118
1131
1133
1062
1118
1128
1131
1131
1131
1118
1131
1118
1133
1128
1133
1152
1093
1152
1152
1152
1152
1152
1152
1152
1152
1152
1152
1278
1163
1152
1163
1163
1278
1152
1166
1145
1152
1152
1163
1152
1170
1163
1152
1166
1152
1161
1145
1163
1089
1163
1163
1152
1152
1152
1129
1129
1152
1122
1129
1123
1129
1118
1129
1129
1132
1126
1122
1126
1130
1129
1093
1152
1166
1129
1129
1129
1130
1119
1129
1126
1163
1163
1163
1163
1152
1163
1278
1163
1163
1163
1163
1166
1152
1163
1201
1201
1154
1278
1278
1163
1218
1218
1163
1163
1218
1211
1163
1166
1163
1218
1261
1163
1172
1170
1163
1172
1170
1170
1172
1278
1150
1278
1219
1278
1152
1172
1166
1172
1166
1166
1166
1166
1166
1152
1172
1166
1163
1149
1172
1160
1171
1172
1175
1165
1278
1261
1278
1278
1278
1163
1218
1209
1218
1252
1218
1252
1211
1252
1252
1218
1211
1218
1218
1218
1252
1252
1211
1252
1211
1211
1218
1211
1217
1252
1218
1252
1211
1218
1211
1211
1211
1218
1218
1211
1211
1223
1218
1211
1221
1211
1211
1218
1218
1211
1218
1211
1218
1218
1223
1223
1223
1211
1218
1252
1252
1252
1252
1252
1252
1252
1277
1156
1152
1135
1152
1135
1062
1311
1062
1311
1311
1062
1131
1131
1131
1062
1131
1062
1062
1062
1131
1131
1062
1131
1131
1135
1135
1062
1131
1131
1131
1131
1131
1131
1131
1048
1278
1218
1201
1201
1252
1217
1252
1201
1211
1252
1252
1201
1201
1217
1152
1135
1156
1156
1071
1137
1071
1155
1201
1086
1337
1021
1337
1086
1080
1086
1054
1048
1071
1071
2553
2575
4907
104
5
38
146
103
146
786
1389
1540
747
770
965
964
964
565
964
1408
1408
552
1373
1373
787
739
752
965
1539
1387
2456
565
565
565
1450
1450
565
247
1587
1384
204
204
309
204
2480
963
2478
963
1377
580
565
2456
565
1389
2496
2496
556
204
204
220
220
220
2352
2416
2271
3893
3021
512
1817
1815
2518
2532
1529
1815
4935
4985
1672
1455
2393
1457
1457
3917
3079
730
984
1463
784
709
1494
717
722
984
730
1487
1477
777
720
1001
1487
995
1500
1000
1488
784
1500
1497
1002
1002
1515
1512
995
1507
1500
1507
996
1517
1500
989
1002
1082
1098
1514
1044
1035
1061
1082
1051
1051
1329
1051
1344
1107
1010
1034
1054
1360
1358
1029
1044
1096
1040
55
876
1667
2563
55
869
1815
575
2532
2397
3017
1573
693
493
875
2405
2503
697
670
1555
957
581
1448
1445
1445
1446
1451
1451
1450
2457
2457
575
575
2518
2244
1816
276
298
4009
1553
440
2223
2353
1564
246
1661
1661
889
1567
2394
2394
2394
2394
2394
2438
2438
2456
565
220
565
574
565
574
1450
565
1450
2480
1449
245
245
497
515
515
2406
1530
434
226
434
2457
434
573
2487
897
1523
498
1584
1401
2467
922
1537
1565
830
945
889
1601
1565
1449
1537
1537
1434
576
576
576
948
227
227
576
202
229
870
57
455
881
727
723
978
1620
809
733
1632
725
974
730
725
733
727
975
1464
977
1466
708
484
2500
1527
1431
232
2517
2259
218
1527
818
882
1456
4128
204
2412
204
2412
309
2412
2412
2412
2412
220
220
2640
2641
3365
2640
4894
3915
3363
2723
3002
3363
3143
4868
4870
4883
4991
4269
4989
4989
2788
3153
2410
2273
1785
277
1824
1824
4989
2414
648
297
585
2410
219
4184
4184
2835
2833
2986
4707
4705
2836
4777
3026
322
520
1725
4785
4683
4699
2803
4722
2799
2834
3150
4761
4830
4826
2810
477
633
2959
522
4153
4172
2792
4684
4148
522
521
320
4153
3185
4196
2938
2886
4204
4203
4209
3120
4200
4831
3051
3050
4218
2937
4206
4207
4190
2939
2881
3049
4727
2870
2941
4217
4216
2878
2878
4679
4688
4219
3050
4802
3129
4804
4832
2920
4194
3123
3124
4233
3187
4224
3128
4234
4197
3051
4195
4232
4193
2887
2921
4736
1684
3173
3360
4135
4132
4132
2806
4720
4244
4753
4736
4754
4139
4135
4135
699
3360
3361
867
648
636
4737
4139
4139
4143
4132
285
286
4143
2240
440
3357
4882
4876
2224
1426
4681
4275
510
1817
2262
4270
4281
4726
3086
4283
1553
2410
2571
58
2668
45
1831
2556
2579
2556
2656
60
3362
1684
2259
2267
4312
4845
4308
4842
2922
4303
4317
4464
4466
4480
4842
4323
4321
4533
4842
4665
4306
4310
4310
4459
4318
4673
4673
4672
4534
4323
4310
4666
4402
4339
4402
4345
4344
4389
4636
4339
4446
4345
4344
4326
4325
4402
4353
4344
4345
4425
4402
4344
4425
4344
4344
4325
4356
4426
4402
4445
4402
4353
4410
4409
4449
4343
4378
4344
4404
4353
4446
4388
4390
4423
4632
4425
4446
4344
4325
4387
4344
4395
4353
4353
4425
4389
4344
4423
4340
4339
4344
4400
4353
4402
4353
4344
4404
4340
4344
4344
4344
4402
4353
4353
4353
4402
4427
4427
4402
4410
4402
4400
4353
4402
4344
4343
4448
4414
4410
4402
4402
4396
4402
4340
4427
4425
4446
4388
4446
4425
4353
4344
4389
4345
4353
4402
4340
4402
4402
4347
4386
4339
4425
4636
4344
4332
4404
4353
4425
4389
4353
4425
4353
4425
4326
4425
4344
4402
4402
4348
4427
4353
4344
4448
4430
4592
4313
4477
4461
4311
4842
4470
4458
4305
4304
4466
4322
2898
4845
4480
4592
4315
4847
4848
4593
4478
4674
4674
4587
4852
4573
4574
4620
4524
4477
4315
4505
4646
4404
4406
4431
4404
4408
4455
4651
4451
4451
4638
4643
4638
4504
4656
4451
4636
4635
4635
4504
4634
4384
4501
4647
4646
4647
4651
4650
4651
4651
4650
4496
4516
4496
4496
4510
4496
4547
4546
4670
4517
4518
4520
4520
4669
4670
4562
4562
4850
4850
4585
4585
4561
4561
4849
4850
4850
4850
4851
4599
4505
4505
4494
4501
4519
4519
4568
4611
4601
4612
4601
4601
4505
4598
4600
4618
4616
4542
4575
4618
4619
4619
4658
4451
4546
4510
4552
4548
4548
4563
4670
4579
4579
4560
4561
4579
4617
4616
4523
4523
4618
4533
4628
4576
4540
4849
4587
4561
4852
4585
4852
4674
4504
4638
4504
4642
4504
4504
4658
4636
4488
4490
4510
4490
4509
4504
4597
4597
4597
4598
4510
4553
4512
4608
4608
4600
4607
4607
4614
4614
4565
4563
4560
4614
4615
4607
4615
4579
4617
4615
4615
4637
4637
4636
4636
4389
4636
4636
4389
4344
4636
4449
4388
4425
4449
4636
4343
4376
4383
4396
4383
4430
4398
4407
4410
4410
4414
4357
4410
4357
4404
4395
4404
4404
4645
4404
4637
4856
4587
4587
4852
4589
4540
4532
4669
4518
4519
4669
4674
4669
4528
2469
2469
1570
2871
4765
4768
2737
4725
2970
2787
2969
3087
4787
4763
2865
2928
4165
2777
3113
4762
3146
3087
4745
4131
4681
4829
2828
2835
4742
4280
4279
4702
2961
2818
4706
4166
4185
2839
2852
2858
4763
2866
2927
2838
4734
2532
4717
3086
3358
510
2802
2827
2781
4725
4280
2867
2872
4274
3019
4139
4736
4130
4724
4249
4995
4865
3361
2398
4138
1684
699
4138
3088
2797
4132
4132
4132
4755
4753
4742
4754
4754
4819
4139
4135
699
699
4995
4995
2949
297
296
4248
3014
1446
693
3144
4880
818
2952
3041
4692
4714
4693
4230
4754
2943
4680
4754
4754
4754
4262
435
819
3202
3202
3202
2457
436
2790
3347
2984
2362
4161
3204
4149
4212
2889
1684
4754
4138
1684
4754
962
4823
4822
4797
3181
3182
2850
2869
2880
4804
4805
947
251
482
1447
568
2465
2271
2270
1450
435
947
1537
590
2467
277
2788
1824
3104
2832
305
3095
593
3154
4169
4218
3186
4677
2880
4231
4232
2797
2797
868
646
3133
4665
4323
4586
4468
4845
4852
4563
4584
4617
4540
4562
4615
4669
4560
4615
4586
868
2797
2797
2797
2808
577
2785
4698
4820
2351
2736
4737
4139
4736
509
228
300
4985
869
4863
1523
869
4127
4737
4132
4132
2737
637
585
2574
2630
2635
2594
112
2622
2622
2622
4290
1829
2540
2628
2540
2539
2540
4286
1670
2445
3917
2948
2465
220
2496
565
208
577
2404
2496
577
1455
1455
2394
1652
2808
2480
2393
309
577
2465
1447
577
577
1669
228
2445
3916
1456
1455
1455
2393
2393
202
565
1450
1451
945
1457
515
2394
2438
2438
2394
220
2438
2438
2457
2456
565
565
436
1450
2487
1657
484
1662
494
4128
3916
947
2480
2405
2499
2445
1672
1672
2445
2498
4128
4273
2245
4838
4961
1431
2259
215
2744
1574
2491
4259
4721
4145
4729
2609
133
2560
2673
2673
2670
2673
2561
3841
2686
2561
2611
2609
2647
2631
4287
62
2666
2625
126
84
62
4287
24
82
2613
42
83
108
75
111
33
108
2632
75
2612
2582
3843
2610
101
51
31
2583
2625
85
2644
2666
107
126
101
82
23
83
23
2606
2673
2589
2634
28
138
2642
2673
2604
2583
2571
2616
2646
2646
2646
2572
2582
2646
91
148
87
87
1830
2666
148
42
83
51
21
19
53
24
2421
201
33
91
195
148
123
2612
2567
2615
2578
123
133
101
41
3340
2656
2673
3341
2582
2608
164
139
2625
4894
2608
2572
2673
2615
2615
2711
4287
2644
29
4288
132
856
162
50
2648
128
2610
141
1368
133
26
148
2558
2631
4287
1366
2550
2670
2673
2673
2614
2613
2560
2613
127
125
125
87
87
87
87
87
87
87
91
87
87
87
87
125
91
91
91
91
123
125
123
123
91
91
125
123
87
87
87
87
87
91
91
91
91
91
91
87
87
91
91
123
91
125
87
87
87
87
87
87
87
87
87
87
87
87
125
125
87
2780
3369
4969
2944
2765
2751
3983
4973
2298
3070
2798
3078
4977
2944
3442
3866
1549
4811
3078
4961
2721
3329
1693
4914
4818
4760
1524
4003
3982
458
4946
1528
1528
3443
3443
3889
4878
4037
3305
2526
273
4066
1687
2356
4066
3372
2356
4676
43
506
2243
2246
2298
275
4098
4992
1685
2286
275
1675
2297
2417
4754
4144
2417
1812
1646
653
2238
274
275
452
1728
290
291
1689
1690
4271
4730
1687
586
650
586
469
1686
2956
461
460
1728
1727
1733
323
1719
319
319
326
654
702
702
702
2226
2226
1730
326
2325
331
1731
1731
327
293
2252
507
350
337
350
2303
338
420
605
424
345
329
433
352
352
640
608
344
2257
421
335
335
680
416
337
337
358
356
2254
341
341
365
364
2304
1763
2304
364
383
1778
2255
422
374
427
367
1761
432
432
1754
376
1745
379
378
2327
624
624
629
390
1851
1766
385
627
627
392
1770
1844
2375
391
2005
4995
4995
4995
854
4995
644
644
334
346
676
538
605
2230
2220
1764
1775
1776
621
287
287
336
2301
642
329
433
2336
678
2303
340
415
2235
605
2220
2339
373
2368
2368
359
1760
346
4028
3442
3443
3443
4992
1820
4754
4754
4144
4754
1547
852
1684
1684
272
2355
451
3448
1556
4063
3373
235
3025
3855
461
2281
1549
4984
4032
4818
272
1683
1690
4144
4144
2242
2238
469
652
1684
1684
2632
2968
4818
4818
4051
3165
2773
2765
4972
4869
4871
3369
3369
3372
2726
4871
3344
3331
3247
2632
3250
2573
2355
1694
351
3151
3331
4007
3083
4147
3442
3078
4110
3995
4738
2908
1807
1804
278
1806
1806
2288
2286
2286
469
4255
4995
413
4255
290
290
644
644
346
353
676
538
605
605
2230
2269
2220
542
544
545
410
3229
3245
3273
3061
3287
3254
3064
3064
3845
3850
3447
3856
3442
4021
2945
2945
4872
3007
4983
3876
4105
3094
2356
1640
2534
278
278
2417
2417
3094
3191
586
4738
2908
1687
1687
1718
532
2247
2249
602
474
474
678
2252
418
330
2265
2250
607
422
341
542
1754
368
1750
430
1779
618
683
1783
1739
1781
1749
1750
2370
2305
2006
2342
626
1684
699
699
413
413
2355
1800
1800
4884
1690
345
608
1703
421
282
3895
1694
2966
1688
1688
1688
271
2292
1675
3998
2968
4012
3447
3853
3057
3883
3869
4007
1799
4995
4995
2417
1690
1696
2232
2231
2258
2252
2253
428
380
387
4255
4738
4738
4995
4995
4738
4995
4995
4995
4995
1684
3004
3998
3998
3863
3863
2273
635
635
701
655
2773
2773
2773
3875
3949
3211
3957
3948
3210
3943
3937
3957
3475
3276
3941
3923
3221
3922
3241
3226
3227
3260
3924
4085
3242
3451
4082
4083
4071
3311
3244
3229
4069
3237
3062
3250
3251
3445
3255
3480
3469
4080
4077
4089
3242
3253
4070
3295
3266
3288
3259
3302
3312
3272
3274
3945
3959
3277
3279
3230
3227
4083
3973
3480
3954
3237
3445
3312
4082
4079
4082
3231
4069
4072
4082
3240
3304
3592
3278
3274
3463
4074
3228
3225
3314
2753
4020
3444
3060
4818
4085
3276
3237
2734
83
87
3346
83
123
2658
140
148
62
87
87
87
87
87
107
2776
2649
4066
2272
413
83
86
86
91
87
87
87
87
1823
1679
2374
2357
1825
4267
4284
3011
2566
2634
2588
2588
3841
3841
2998
4027
4091
3005
3421
4676
1647
3169
4051
3382
4040
3083
3170
3998
3998
4811
4818
4051
4037
3084
4818
4818
3998
4818
4818
3164
3863
2989
3875
2991
3880
3417
3417
3875
3879
3866
4811
2769
4811
3994
3858
4038
3064
3379
4039
3995
4043
3418
3168
3320
3319
3164
3887
3429
3168
3320
3319
4811
4818
4042
4037
3997
3862
3268
4081
4038
3061
3263
2686
2682
3924
4077
3451
3923
3215
3456
3941
3219
3921
3461
3462
3577
3490
3483
3466
3506
3506
3955
3963
3474
3547
3804
3473
3540
3481
3541
3476
3544
3961
3547
3975
3586
3963
3606
3783
3611
3613
3609
3610
3784
3784
3783
3660
3660
3613
3709
3640
3784
3784
3790
3610
3597
3690
3619
3784
3784
3790
3504
3509
3790
3611
3790
3660
3665
3659
3690
3690
3825
3611
3654
3611
3718
3597
3695
3597
3670
3659
3718
3638
3600
3635
3730
3718
3569
3542
3487
3601
3660
3654
3609
3611
3542
3608
3783
3607
3660
3791
3784
3670
3484
3777
3489
3828
3493
3776
3780
3654
3783
3670
3718
3611
3660
3718
3542
3660
3660
3718
3718
3817
3611
3659
3720
3718
3709
3654
3795
3709
3660
3659
3611
3608
3611
3619
3802
3790
3547
3783
3828
3503
3784
3600
3665
3654
3660
3660
3660
3611
3790
3610
3610
3718
3720
3471
3660
3504
3660
3654
3660
3654
3654
3722
3709
3654
3654
3709
3654
3654
3663
3654
3654
3654
3709
3654
3654
3660
3663
3654
3718
3611
3611
3718
3611
3660
3660
3722
3654
3654
3654
3718
3660
3654
3654
3722
3654
3663
3654
3663
3654
3654
3654
3654
3654
3722
3663
3654
3663
3663
3663
3654
3709
3718
3654
3663
3663
3663
3709
3663
3663
3663
3663
3663
3663
3663
3663
3663
3663
3654
3663
3663
3663
3709
3663
3663
3663
3663
3663
3663
3660
3654
3654
3654
3654
3654
3654
3654
3722
3724
3654
3654
3660
3718
3621
3663
3722
3663
3654
3663
3654
3663
3663
3663
3663
3654
3654
3663
3663
3722
3663
3663
3663
3663
3663
3654
3663
3722
3654
3663
3663
3663
3663
3663
3663
3667
3663
3663
3663
3663
3663
3663
3663
3663
3663
3663
3663
3663
3663
3709
3663
3663
3654
3654
3654
3654
3654
3654
3654
3706
3724
3654
3654
3654
3650
3715
3654
3666
3663
3654
3661
3663
3664
3666
3667
3647
3666
3724
3715
3663
3667
3667
3667
3663
3666
3663
3663
3663
3663
3663
3663
3667
3663
3667
3663
3721
3650
3706
3715
3662
3707
3661
3610
3610
3783
3610
3610
3610
3610
3610
3784
3610
3610
3604
3610
3610
3604
3784
3610
3610
3610
3610
3784
3610
3610
3610
3604
3610
3604
3610
3604
3610
3610
3610
3610
3561
3718
3718
3654
3637
3718
3638
3670
3718
3670
3718
3662
3613
3670
3598
3784
3603
3610
3610
3610
3607
3610
3784
3610
3598
3803
3793
3670
3784
3789
3801
3619
3619
3673
3615
3619
3618
3610
3610
2557
2612
91
91
83
86
86
124
3063
2730
3447
3010
3848
3849
3060
3273
3061
3205
3254
3284
3171
3245
3268
3444
3447
3847
2774
3846
3889
3861
3877
3444
3858
3853
3848
3889
3889
3898
1433
1818
3152
1642
647
4979
1430
4981
1546
244
4956
4109
3070
4942
4020
4942
3912
2747
2729
3459
3926
3222
3222
3924
3925
3236
3926
3929
4073
3933
3227
3922
3936
3256
3937
3276
3256
3304
3937
3942
3283
3255
3936
3212
3477
3947
3948
3211
3959
3283
3954
3592
3960
3964
3948
3465
3963
3967
3471
3962
3965
3476
3473
3467
3465
3975
3972
3500
3465
3545
3545
3586
3578
3507
3516
3489
3544
3547
3489
3370
4878
3976
2721
2721
3977
1580
4875
1645
4095
4093
2728
1531
3989
3371
3371
3373
3994
3995
3877
3205
3997
4037
4042
4051
2758
4988
1432
2348
1809
1811
1692
4813
4271
1813
3855
2530
4025
4051
4947
4020
4020
4022
4814
4025
4025
4815
2974
2974
2967
3375
4988
4033
4091
2399
4875
3996
4012
4810
4051
4012
4817
2527
4041
4040
4953
289
4044
4052
3072
3377
3408
3416
3994
3169
4053
2731
3416
3991
4026
3372
4066
1609
4086
3326
4089
3314
3260
4074
4079
4067
3233
3314
4079
3241
3279
4083
4080
3279
4083
3233
3260
4047
1648
1545
209
579
209
2263
647
1433
596
236
2299
1593
3076
4924
4924
3443
3443
3443
3443
3998
3998
3998
3889
3351
2657
2682
2642
3351
3343
3008
3013
4873
2999
1788
1798
1680
2284
1680
264
1790
307
2243
2294
2294
301
865
268
2275
671
2227
2261
1810
1551
600
1727
603
533
478
1732
1733
1732
311
1729
703
703
2241
310
327
311
1711
291
644
291
644
1735
291
291
346
1735
2228
1733
478
1715
653
317
281
1702
311
1712
2225
294
1757
1759
374
374
617
1746
1746
542
1764
543
2340
1737
1759
368
1738
1761
2326
615
432
2221
370
366
2307
2269
373
1765
2307
431
1755
369
542
368
370
629
1769
543
1740
1741
377
625
617
1744
1743
1775
1751
682
378
620
1771
1748
2367
625
1690
1800
1684
1684
2373
2276
2417
2417
2417
2276
1685
2293
1800
1684
2417
287
699
4138
1790
2261
2266
2227
4144
4143
2966
2286
652
4259
1822
265
3356
1692
1821
2348
1840
4097
1427
1814
224
1548
2374
2356
1826
1826
4267
866
307
2654
139
3341
49
41
2582
2586
2550
2656
32
1684
3013
699
2259
596
1867
2008
395
1846
393
2000
2128
1858
1857
1856
2378
2003
1994
2208
2215
2022
2020
1845
2014
2014
1859
2130
2130
2129
2209
1864
1860
1847
2390
2181
1909
2189
2202
2033
2033
1872
2202
2170
2203
2170
2203
1931
1931
2170
2180
2170
1922
1931
2179
1931
1922
1912
1931
1945
1945
1945
2184
1945
2184
2188
1991
2189
1952
2203
2033
2093
2033
2034
2034
1905
2170
1901
2174
2170
2181
2179
2177
1931
1931
1931
2177
2033
2170
2177
2181
2036
2175
2179
2179
2179
1978
2181
2179
1930
2179
2181
2179
1931
2179
2179
2188
2189
1968
2179
2183
2189
1989
2189
1944
1968
1945
1951
2029
2042
2189
2189
2189
2189
1931
2203
2189
2033
2033
2201
2203
1931
1931
1931
2172
1922
2179
2179
2179
2179
1945
2184
2184
2188
2189
2202
2170
2202
2170
1931
2170
1922
2179
2179
2173
2175
2170
2179
2179
1931
2179
2179
2189
2042
2184
2186
1951
2043
1968
1855
1865
2126
546
1847
1847
395
394
2000
2379
1844
1996
2002
628
1841
2377
1997
2015
2123
2075
2078
2387
2387
2131
2131
2131
2383
2155
2078
2068
2127
2146
2147
2147
2146
2144
2145
2142
2143
2140
2105
2138
2081
2034
2088
2093
2139
2138
2132
2040
2040
2183
2187
2187
2146
2146
2156
2150
2152
2140
2143
2105
2105
2158
2151
2141
2105
2105
2159
2058
2059
2056
2058
2158
2058
2061
2058
2065
2211
2211
2212
2064
2065
2065
2211
2214
2212
2063
2213
2211
2148
2094
2090
2090
2162
2152
2148
2154
2091
2154
2148
2094
2100
2088
2044
2088
2089
2087
2117
2213
2118
2087
2091
2101
2137
2105
2055
2055
2104
2056
2059
2059
2211
2054
2083
2083
2083
2117
2119
2119
2389
2096
2097
2099
2120
2019
2213
2213
2215
2215
2214
2065
2065
2066
2081
2038
2040
2048
2136
2041
2135
2137
2139
2137
2052
2137
2144
2030
2048
2046
2026
2057
2049
2050
2050
2084
2089
2047
2153
2053
2053
2056
2053
2047
2047
2083
2054
2083
2083
2117
2063
2083
2036
2036
2036
2039
2179
2036
2183
2179
2183
2179
2186
2189
2183
2040
2041
2189
2189
2189
2043
2032
2139
2137
2137
2135
2135
2135
2136
2181
2041
2134
2038
2081
2090
2034
2380
2215
1862
1862
2215
2010
2120
2121
2158
2389
2385
2381
2382
2112
1581
362
362
2269
362
612
4096
700
2300
290
1689
600
335
424
2230
611
609
1691
353
606
424
1799
271
1820
1808
1726
2365
603
1681
4097
2520
1691
452
275
1710
601
332
352
2302
336
612
357
2301
1813
609
2277
2310
1687
2357
2519
1710
1711
2325
1799
1693
363
362
680
4006
3152
1800
287
2276
699
4995
595
699
699
699
699
1797
1684
1684
2355
2293
2293
4138
1684
287
4995
4995
4995
1788
2236
636
2277
2355
2219
2260
1809
280
318
641
640
339
340
384
328
366
4754
4754
654
4910
279
279
1806
702
4050
478
702
475
3191
2322
402
292
1713
1755
1749
1805
279
699
279
2417
1696
312
2232
604
2231
355
2268
429
1758
1772
4025
4051
4042
4039
235
2349
265
3375
3996
3996
4810
2274
583
462
533
587
1700
532
2248
430
1758
366
360
1782
371
1684
1684
1423
392
2007
1859
1847
2016
1845
388
2013
2054
2064
2119
2212
2054
2117
2213
2066
2053
2053
2010
1787
1684
3081
4878
4878
4146
3987
4136
3903
4884
4992
3197
3428
4963
4955
4026
3898
4026
3990
4956
4144
4144
3894
1792
2233
1830
1830
42
107
83
87
91
87
87
87
125
91
123
123
91
91
91
4937
3880
2728
4925
3868
4818
4042
2728
4806
3377
3442
3070
3070
4818
3315
3998
3416
3420
4054
4945
3427
4963
3318
4906
4955
3913
3324
3442
3442
2965
3376
3324
4950
4023
4050
4024
3416
3077
4879
4946
4973
3872
4966
3913
4970
4937
2727
2704
218
4838
1431
1431
1429
579
579
2744
464
1589
4813
3892
2966
2233
4974
4346
4414
4410
4348
