26
94
172
85
2508
98
201
2508
19
832
833
829
139
2502
86
33
135
147
130
57
2682
2723
2735
2699
2679
2680
2781
1868
2623
2630
2631
2727
2631
3900
2657
2768
849
35
141
55
44
2647
2804
29
27
113
32
117
89
44
52
2681
2699
2681
24
135
833
1866
2631
3897
3369
2508
2508
84
201
86
63
146
96
91
849
159
95
2630
2633
4308
4308
4308
64
2657
2730
2638
2650
2648
2617
3365
2622
2646
4920
2772
3901
3900
2795
2745
2686
114
38
522
722
163
64
171
2698
4309
23
163
2508
2508
170
2651
2762
2778
2727
27
3370
98
839
845
98
31
2627
179
98
139
117
1866
53
2802
2673
3382
2674
2745
2648
472
2727
90
2633
2684
141
4919
2675
2735
147
1402
2658
522
3369
85
85
2508
2508
98
45
159
837
139
3366
2722
2722
2685
2722
2685
2686
2685
2721
2687
2728
2685
2685
2685
2720
2686
2744
2706
2744
2633
2687
2744
2721
2685
2684
2721
2687
2633
2687
3900
2728
2728
2684
3900
2728
2686
2686
2728
2721
2721
2685
2721
2685
2685
2685
2685
2685
2721
2721
2689
2728
280
2486
934
2528
464
1691
1468
1546
1571
944
1410
1551
2591
4118
2417
1589
1878
481
244
2586
2548
1691
2569
1608
4850
1629
2545
1570
1613
484
1682
2539
2539
866
1590
2418
2477
2594
4850
3033
4018
4989
4116
4094
4992
4124
4295
2569
1635
1635
950
2531
1630
1651
1629
1454
3033
3049
2845
2640
4852
4290
1874
276
2640
2640
4799
3219
3156
4859
4857
2891
1674
1725
2340
3103
4816
3265
4156
728
283
290
1844
4269
2857
3941
4818
2878
3048
3039
4204
4198
4179
2496
4917
1576
1674
1461
1471
480
1611
1610
810
938
317
319
614
4852
4167
1678
533
4814
2901
4205
3167
4826
4836
4801
3168
2863
1738
4179
4172
4181
3169
3178
2913
4827
3170
2908
2989
3171
4757
3210
2930
2932
2930
3174
3213
3240
4804
4184
4193
2897
3058
2931
2925
4757
4729
4170
2990
4839
3013
4750
4751
4805
3242
3173
3009
3004
3003
2917
4807
2940
2944
2916
2965
4866
4753
4733
2939
3126
4769
4209
4237
2954
3244
4215
3183
2959
4244
4252
2966
3191
3127
4248
4211
4246
2967
4244
3191
4254
4253
4845
319
549
4863
4826
4836
3007
3007
2993
3121
3123
4213
4248
3127
3127
3263
544
4810
2912
4177
4740
2990
3239
2915
3005
3008
3120
2993
4868
4868
3020
4235
4752
2941
4194
4294
2386
1618
1570
264
2426
1449
890
1635
2569
826
826
322
1851
1846
1724
290
283
290
1844
3942
4018
3368
497
843
4151
3222
1409
464
1540
3087
4125
2581
3048
4148
4859
2845
4297
4297
2836
2836
4124
4991
2594
727
283
728
299
299
614
4822
4822
545
544
1874
1582
1629
2594
2594
2594
2594
2594
1608
867
938
280
2482
1651
464
281
1447
2658
1447
281
4778
4296
3179
1855
451
826
235
826
472
479
1576
2535
1726
951
242
451
1610
826
452
221
591
2555
2555
227
1621
319
318
497
497
3101
616
316
711
716
4178
2905
4194
3238
2927
3007
2934
2922
2994
3122
3123
2996
4241
4870
1625
585
573
1409
476
1408
1408
2535
1608
1556
252
252
1460
2575
901
471
4116
2593
1550
685
1691
1571
244
244
264
1647
250
2561
4988
929
1629
1669
869
4287
2586
4996
2496
2496
2886
843
1844
844
869
318
318
320
4858
4174
2438
4190
2877
2874
4837
4838
4731
3177
4182
4748
2894
4729
4732
4732
2935
4225
4768
4769
4224
2947
4219
4242
3245
4211
3187
3019
4222
3193
4870
4845
2953
497
497
713
611
611
4277
4164
1837
2364
2363
4810
2910
4169
2927
4173
474
1462
4987
4850
3216
2340
545
727
4158
4278
4148
4154
3220
1582
1582
1633
930
1445
895
895
1556
1626
1576
4155
716
2364
299
728
1716
4188
2897
2991
2992
3118
3008
2924
4717
3182
2952
316
316
316
716
716
276
1635
1629
1635
1607
2418
3202
3266
3266
4178
2428
242
2569
2418
2418
1670
969
1488
972
974
970
795
1481
1504
1503
1490
970
1486
1667
1660
778
794
961
1667
759
800
1662
778
794
777
776
957
799
1423
695
569
956
1408
269
1411
763
798
1485
1501
1500
766
1653
960
1418
575
1423
1427
1447
1557
1427
975
1658
974
1485
966
777
799
1655
1413
569
1487
752
741
767
771
1625
756
761
778
1423
763
1423
1454
975
1504
797
773
778
799
269
732
774
1653
1679
1546
2386
471
471
1587
1566
1566
270
1408
475
1619
1634
1629
1629
958
740
2371
2385
2683
2721
2658
2683
2686
2657
2633
2633
1576
1847
2728
2728
2685
4308
281
1874
2640
2689
4817
2683
2685
2684
2633
3900
3900
4308
2684
4737
4290
4802
4166
4155
1857
1857
284
2449
281
135
135
523
25
2508
1651
1651
518
1622
2640
4992
2417
518
2517
2594
2523
1634
1620
1634
1634
1629
1629
1587
2594
2594
1635
1670
1634
2594
2594
2594
1629
1629
1629
1629
2427
1607
2569
1608
2569
1609
473
1608
1608
2418
2569
1635
2569
1634
1634
1634
869
2575
1587
2535
1622
245
1671
1552
2417
2427
2427
2548
2427
2427
1635
1634
1634
1629
2594
1629
586
476
574
1427
1587
1581
1418
575
37
61
961
961
961
964
1486
1486
766
1652
756
1661
1492
796
737
1506
983
782
782
1495
1508
745
790
824
1521
1502
1502
1510
1510
746
768
1499
1513
793
1537
1535
989
977
1536
1528
1518
1518
1518
993
1383
1537
1524
1010
1530
1518
1535
1525
1528
1524
979
984
993
1521
1518
978
993
1528
1061
981
1525
1513
987
990
1019
1019
1524
1525
977
981
981
977
985
990
985
1521
1093
992
989
1054
1536
1059
988
1530
988
1383
989
993
1506
1518
1521
1513
789
1383
1529
984
1059
977
1528
989
1528
1076
1019
1536
1093
1383
1061
1062
1526
1076
1522
1383
1383
1062
976
1383
1525
1524
1513
1524
1521
1530
1530
985
1534
977
977
1010
1518
1518
987
1061
981
1504
1521
981
1061
1383
1383
1345
1345
1118
1345
1383
1383
1383
1383
1383
1345
1383
1383
1065
1345
1345
1347
1528
1019
1019
977
977
1019
1019
1019
1528
1054
1019
1534
1062
1055
1057
1062
1093
1103
1054
1093
1093
977
1055
1057
1054
1093
1054
1054
1093
1054
1093
1534
1054
1019
1071
1093
1093
1054
1012
1383
1134
1383
1383
1012
1201
1166
1383
1155
1166
1134
1093
1383
1093
1012
1012
1134
1166
1166
1012
1166
1019
1062
1057
1002
1055
1054
1534
1055
1019
1057
1054
989
989
1536
985
1057
1057
1076
1057
1057
1045
1057
1071
1045
1057
1057
1061
1071
1045
1045
1057
1045
1071
1071
1057
1045
1045
1377
1377
1376
1046
1377
1377
1046
1046
1376
1212
1377
1377
1045
1377
1046
1377
1145
1145
1377
1044
1057
1061
1057
1395
1061
981
1057
1394
981
1044
981
981
981
981
1394
1394
1532
1394
1394
981
1394
980
990
1394
1394
1394
1363
1021
1050
1394
1045
1363
1045
1394
1394
1050
1394
1373
1043
1394
1094
1532
980
981
981
981
1528
1528
1528
1528
1529
1528
1529
1530
1529
1528
1528
1529
1523
1523
1529
1523
1529
1529
1528
1529
1523
1523
1523
1528
1528
1528
1528
1529
1528
1528
1523
1523
992
1061
1536
981
980
1092
1525
995
1533
1061
990
1060
984
1537
989
1528
977
987
987
991
1529
1528
1537
984
1525
1518
1518
988
993
993
1524
789
977
977
827
851
723
2633
2684
3386
2684
1556
1556
1556
536
1637
1416
585
1460
1558
2524
903
1454
536
1557
1416
1426
1558
1444
1445
1582
929
903
903
2418
586
930
1586
1630
929
696
1626
242
252
891
1605
1565
1465
4297
4297
4295
4297
4987
1574
674
1466
3044
3933
3216
3087
4122
4873
3934
4291
1548
1548
596
4119
1467
4039
3933
3933
3933
2582
944
899
896
902
897
267
949
1630
253
267
684
506
898
898
1474
2581
1682
1473
452
1682
756
776
797
1666
966
757
964
807
788
756
766
1656
1666
1665
804
970
1491
1490
1486
752
970
786
1485
1486
1482
755
1503
1495
741
783
1485
1499
1494
1488
1503
1503
1499
1493
1515
1497
738
1509
1502
1495
745
1504
780
1515
790
770
770
745
782
1513
1521
789
1506
782
782
464
2852
866
276
1651
4118
4873
3939
1673
1545
223
322
4122
4122
2424
2371
1612
481
481
595
4018
1540
1540
245
2517
1633
1637
1628
1581
1587
2594
2594
3941
3033
4873
4873
4291
4294
4294
4294
2813
2821
2827
3049
852
1725
1714
4167
1864
2870
4120
1636
1435
4024
1680
1671
1619
2425
471
1550
2593
4116
4124
2834
4992
2477
1550
475
2591
2591
4989
4124
4991
4124
3941
2834
4018
4018
2640
1435
1636
245
1587
925
1621
3041
1671
1671
1680
4126
1587
925
867
1551
1622
245
1671
2488
1622
1622
518
1651
2640
2632
799
825
1427
732
778
794
777
569
779
961
778
766
961
778
794
1658
759
799
961
773
1671
4126
4292
4767
2827
3153
3087
3942
3041
921
900
239
1691
892
2568
1606
1670
2570
890
1635
1634
1634
1620
2568
1620
1620
520
520
832
218
593
519
219
2543
2543
1541
2573
451
514
451
451
451
4783
3391
3086
4758
3391
4149
4301
3219
3102
4785
2861
3393
4788
4788
3233
3207
4744
4301
4756
2827
2813
2827
3214
4180
4826
1738
4863
4200
4199
614
614
4175
4183
4202
4803
4201
4863
3166
2905
4178
3166
4174
1735
1735
3113
3115
4721
4748
2901
2904
4172
4186
4236
3016
4232
3184
3244
4843
2996
4213
4206
4843
3017
2949
3018
4227
4238
3182
4226
3124
4714
3011
3122
4841
2942
3243
2945
3010
2948
2920
2995
4754
3122
4243
4214
2963
4217
4208
3185
4215
2997
4247
4844
2957
4231
2961
3188
4865
4220
4217
2364
1837
547
4304
4153
843
728
1844
4161
4155
4279
1837
545
1716
1716
728
717
4152
2884
4270
299
1836
2363
1836
4817
4818
1722
4756
2870
1846
2433
4042
4166
1719
4120
4046
4294
3087
3937
1574
2450
4850
1465
2845
1466
4121
3216
4743
4294
4042
4041
4802
4802
4166
1846
1864
1864
2433
1710
4299
4300
87
104
2672
2625
1869
161
171
51
829
550
238
238
4494
2952
2981
2969
4874
2978
4324
3192
4486
3189
3189
4486
3197
2979
2982
2980
4491
4490
4323
4332
3198
4497
4371
4355
4420
4418
4355
4441
4354
4461
4354
4443
4443
4441
4364
4350
4364
4443
4364
4364
4643
4643
4630
4371
4643
4431
4431
4630
4675
4630
4380
4431
4536
4355
4587
4443
4355
4387
4441
4387
4387
4355
4668
4628
4643
4364
4350
4642
4642
4350
4443
4441
4364
4350
4364
4643
4642
4643
4643
4364
4364
4371
4630
4394
4643
4480
4533
4643
4675
4646
4431
4641
4641
4641
4641
4631
4533
4646
4684
4382
4646
4684
4371
4355
4641
4442
4441
4360
4443
4364
4350
4443
4443
4643
4371
4371
4643
4431
4641
4684
4431
4355
4387
4461
4443
4364
4364
4364
4642
4642
4350
4441
4526
4364
4628
4371
4641
4641
4646
4382
4641
4533
4380
4382
3000
2973
4322
4249
3198
2970
4245
2978
3196
2975
2998
2968
4240
2973
4880
2974
4488
3246
4335
4488
4325
4491
4329
4336
4321
4335
4703
4347
4488
4495
2975
4642
4648
4648
4648
4645
4647
4637
4530
4645
4587
4588
4576
4525
4530
4516
4627
4691
4633
4631
4638
4609
4610
4609
4886
4656
4890
4890
4644
4644
4564
4553
4557
4557
4555
4558
4711
4558
4505
4624
4626
4889
4341
4504
4343
4500
4513
4343
4326
4483
4483
4483
4498
4485
4594
4612
4589
4886
4568
4572
4885
4591
4885
4593
4596
4595
4596
4585
4581
4615
4615
4501
4498
4344
4706
4705
4599
4529
4599
4557
4551
4555
4709
4711
4711
4710
4512
4485
4503
4501
4509
4565
4885
4621
4704
4705
4333
4345
4483
4484
4492
4499
4325
4340
4574
4538
4538
4537
4522
4638
4537
4598
4638
4548
4548
4522
4546
4540
4539
4578
4580
4555
4546
4707
4541
4510
4582
4509
4510
4511
4707
4709
4712
4712
4708
4511
4512
4502
4503
4502
4502
4698
4527
4628
4694
4628
4628
4385
4533
4629
4678
4533
4628
4631
4631
4639
4631
4640
4686
4684
4481
4686
4684
4647
4646
4647
4646
4643
4641
4642
4642
4587
4642
4587
4587
4497
2972
4320
4321
4624
4702
4703
4876
4337
4347
4487
1670
1635
2569
2852
3013
2943
3242
474
1674
1674
4158
4204
2856
4996
2906
4839
3240
3239
4837
4303
3390
3238
4839
4164
4163
2450
4157
284
4996
674
852
2906
4180
2914
4157
852
2450
1857
1677
4296
4162
4156
4803
3168
2914
3212
3241
4840
4840
2933
4983
3178
4277
2590
4162
4893
4155
1877
4166
3214
4199
4864
4165
4166
4319
3390
3242
2423
463
2424
1546
1462
674
2423
1462
2590
2495
2364
1837
4159
4165
4150
4766
545
4795
843
844
544
4161
4797
547
547
727
727
319
4149
4734
4163
2856
4796
2275
4735
3267
3941
4720
2865
2929
2909
4751
3088
4257
544
4749
2920
1844
1844
4759
2477
498
498
501
501
1738
1738
2438
2898
4177
2947
4221
547
547
319
3934
4992
4825
2991
2991
3117
2992
3173
2924
4770
4236
4216
4018
2594
1587
245
3087
3934
4291
4289
4125
1435
1628
1669
4741
4262
3392
2813
336
1735
1736
2876
4168
4233
4236
2950
4733
4210
4250
544
1844
4043
3216
4257
3129
4494
3196
3190
4342
4326
4501
4498
4512
4503
4492
4502
4503
4330
545
546
546
918
1476
2553
1580
1576
1461
1572
1612
1612
1851
1851
1723
300
2554
2554
591
2363
2363
1623
1724
2548
1465
595
596
223
1471
1540
1611
595
810
810
1846
1846
1651
2273
2340
283
1846
1846
1726
1719
4774
4730
91
92
4308
2682
4308
2639
2685
2689
2728
2689
2689
2689
2689
2633
2633
2686
939
2427
2417
1613
1613
1570
481
1613
1592
2540
1592
1608
2275
4116
2594
2484
1570
1650
2594
1650
267
242
2569
471
2594
1693
1571
1571
264
1618
2371
301
1629
471
1671
518
2488
1609
2582
2273
944
899
896
268
506
267
253
1630
2531
1620
1546
1546
245
2275
871
871
2593
4991
4991
4124
4125
4992
1680
1540
921
1691
938
2513
2834
2548
2427
2427
899
944
2548
2548
944
1675
2424
1571
273
1468
1579
3153
2827
1863
1578
479
219
1579
4020
2578
3394
1847
3410
1710
283
1855
243
2339
2318
1547
1549
322
20
42
72
99
153
104
50
104
50
148
861
101
861
49
42
16
2497
134
2701
2701
1399
15
1872
2653
4141
1865
2704
2717
13
1870
4307
2732
2659
2655
2732
2713
2733
2616
82
102
76
1865
2642
2717
2498
48
2
71
1695
40
68
116
43
2641
2663
129
126
529
126
4139
2655
2645
1696
153
153
178
2498
2499
138
13
136
137
93
70
2713
3472
1867
1867
140
5
4138
3403
2710
2611
69
2708
2668
2741
2692
2726
108
2741
2714
2666
2729
2600
4982
8
11
1694
1696
163
4982
163
21
2719
50
127
104
153
93
42
2616
2729
2621
48
2614
153
2498
137
126
50
70
153
153
1697
4311
1697
2697
2696
2714
2741
2729
2637
2708
2724
122
152
2606
2702
171
2675
4919
65
60
2659
2677
529
50
50
153
144
49
8
99
93
99
2802
865
1867
1867
1867
1867
1867
1867
1867
1867
2702
2702
1867
1867
1867
865
67
67
59
4982
2702
4140
5
4140
1867
1867
1867
1867
4140
4140
2712
2702
2712
2702
2702
4140
1867
2702
2702
4140
4140
67
4140
2702
865
2702
67
1867
1867
865
865
1867
1867
1867
2702
2702
2702
865
4145
1875
1702
2542
3080
4958
2487
2598
4909
1701
3149
4904
2826
4997
1701
1479
1479
534
2592
2279
4990
4975
4975
2824
2824
229
3948
2542
4146
4146
2515
1400
1703
525
2592
2824
4846
2835
835
4023
3406
4942
3023
4038
4054
3353
4907
4907
2812
3024
3432
3258
3903
3225
4023
2474
3064
2284
2303
3085
3090
856
2734
288
542
3027
311
681
321
1850
1850
2321
2393
680
286
683
729
502
4898
2890
1745
307
2305
2306
324
1754
1833
1819
2345
1850
2331
2585
2585
2472
2516
2516
2320
1731
320
2394
1861
311
4997
681
293
1743
624
1763
345
291
1732
2282
1761
1730
2396
2299
1728
330
325
326
1729
418
1746
353
558
2293
359
359
432
2311
669
2374
339
2289
358
631
355
359
2288
625
558
420
364
360
349
348
560
561
2312
350
368
705
561
354
371
439
2312
377
438
389
441
372
2328
2278
1795
1783
1789
1790
1785
1792
1766
424
382
1768
642
396
406
1800
426
1807
1807
383
399
1813
1803
650
1801
319
547
2440
343
435
669
363
627
634
635
638
1809
645
2369
477
1843
528
2310
557
559
435
356
352
366
443
346
368
2380
440
2328
1791
367
2329
1760
3091
4146
3095
2823
2823
4128
4907
4907
4975
2516
2516
2516
2530
1858
2362
1833
1843
1843
683
1843
3940
3083
545
499
680
607
3050
3090
3217
4037
220
3422
2281
288
3091
3232
2811
4942
3023
4966
302
287
282
470
358
1731
1731
545
546
545
3947
3948
4961
4961
4966
3951
3951
1480
4316
1700
1700
3397
4316
4145
525
3444
3399
2825
2325
2317
2316
667
2318
451
235
235
1542
225
274
3457
618
4912
4907
2516
2515
2516
2516
1472
2472
2472
2472
545
498
501
547
303
716
307
314
716
716
1741
1757
1742
2398
2379
2374
2374
347
369
374
1793
640
2441
646
3231
4132
3470
4032
3925
3924
4944
4975
4081
3069
3427
4906
3943
3144
2808
3950
4990
2487
2487
4146
4990
1703
3045
4909
4909
4909
3458
2830
4084
4953
2290
233
1819
1819
275
2372
729
4087
320
320
1738
2284
2474
619
1748
1748
1727
328
629
668
560
2324
2309
556
419
558
353
421
422
2443
1786
1786
444
2277
379
1782
2445
567
566
1773
637
1802
1802
2445
1804
500
497
1753
611
2336
1704
1823
2362
282
339
2289
670
2379
416
2494
2297
530
835
4742
2432
477
468
323
2335
2295
4961
3949
3948
4083
3451
3071
4955
3920
3416
225
855
716
470
282
701
701
357
436
703
2412
704
2444
707
2442
709
319
319
319
319
716
547
4015
4907
4981
4981
4980
4979
2387
308
287
4030
4980
4980
4980
4935
3968
3484
3957
3468
3322
3337
3973
3976
3983
3326
3328
3480
3480
3953
3474
3316
3295
4111
3305
4111
3297
3319
3338
3134
3135
3297
2843
3138
3133
3914
3924
3904
3920
3974
3966
3306
3359
3341
4108
3915
3341
3915
3925
3908
3907
3912
3277
3287
3282
3971
3959
3335
3305
3298
3356
3084
3967
3974
3954
3132
3481
3929
3289
3134
3082
3317
2843
3903
3970
3914
3305
3333
3342
3297
3907
3084
3084
2883
3095
4146
4146
3145
3441
3271
3928
2816
4961
4961
4961
3317
3133
2816
4307
1867
3398
4307
4140
4141
3403
3472
274
225
1847
2604
67
1867
140
1867
4145
3398
2656
3367
539
1867
1867
2604
4140
2603
2702
1867
2702
2702
4288
1577
311
2280
2327
279
2338
1711
153
525
4311
1694
134
861
144
4143
3077
4897
2828
3367
4820
4970
3146
3042
4114
4944
2810
3948
4961
4961
4961
4961
4961
4053
3433
3441
3441
4961
4961
4961
3947
4052
2824
4979
2824
4935
4935
2824
2824
3075
4905
2812
4935
4975
2824
4907
4907
4972
4961
3447
4954
4906
2835
4953
4971
4075
3412
3075
3146
3951
3146
1702
3404
4901
3072
3441
4961
4961
4053
3947
4848
3422
3134
3130
4069
3908
3908
17
862
3304
3304
4111
3953
3479
3960
3341
3962
4103
3476
4111
3274
3990
3991
3345
3280
3330
3273
3976
3345
3989
3984
3978
3983
3506
3308
3279
3972
3982
3272
3992
3279
3966
4003
4003
3497
3497
3489
3488
4003
4003
3498
3994
4008
3505
4005
4003
4002
3493
3497
4005
3497
3503
4003
3504
3496
3330
3990
3486
3487
3579
4007
3495
3500
3998
3497
3487
3578
3574
3578
3495
3500
3505
3988
3495
4009
3500
3495
4003
4009
4001
3993
4001
4008
3570
3578
3578
3493
3497
3493
3997
3493
4008
3492
3990
3991
3504
3998
3493
3578
3575
3489
3487
3575
3579
3505
3493
3578
3505
4006
3990
3523
3505
4007
4005
4007
3495
3570
3570
3570
3486
3997
3486
3500
3579
3331
4002
3986
3498
3579
4011
3499
3486
3486
3570
3579
3999
3574
3497
3608
4004
3344
3533
4007
4007
3513
3523
3523
3514
3513
3885
3522
3884
3885
3871
3529
3515
3885
3608
3513
3570
3886
3886
3886
3515
3513
3515
3574
3578
3487
3579
3487
3487
3487
3578
3541
3573
3577
3505
4007
3577
4007
3577
3577
3599
3599
3573
4000
3577
3541
3599
3577
3577
3599
3892
3499
3611
3611
3892
3535
3599
3856
3856
3856
3856
3565
3856
3606
3606
3889
3856
3856
3891
3577
3582
3582
3889
3856
3862
3566
3486
3577
4000
4000
3573
3577
3486
4007
3577
3611
4008
3499
4001
3577
4000
3532
3612
3577
3577
4007
3612
3577
4007
4007
3577
3577
3577
3577
3612
3577
4007
3577
4007
4007
3577
3577
3582
3890
3890
3554
3890
3527
3890
3890
3890
3577
3890
3577
3577
3555
3577
3554
3860
3860
4007
3532
4007
4007
3612
3532
4007
4007
4000
3495
3612
3495
3495
4007
3612
4004
4007
4007
3495
3495
4007
3612
4007
4007
3612
3612
3495
4007
3495
3612
4007
4007
4004
3612
3612
3612
4007
4007
4007
3612
4007
3612
4007
3612
3612
4007
4007
4007
3612
3612
3612
3612
3577
3495
4004
4007
3495
3495
3495
4007
3579
3575
3575
3486
3574
3497
3575
3574
3579
3579
3579
3579
3579
3579
3574
3579
3579
3579
3579
3579
3579
3579
3486
3579
3574
3579
3579
3574
3579
3579
3579
3532
3499
4009
3495
4005
4005
3500
4005
3495
3500
3499
3495
4005
3505
4010
3609
4003
3486
3497
3497
4002
4003
4008
3489
3500
3999
3488
3488
3488
3498
3994
3500
3992
3493
4003
3575
136
517
3472
3472
2692
2702
2713
4957
3230
3230
3927
3231
3356
3225
4854
3268
3430
3136
3231
3139
4031
4131
4136
4082
3071
4980
4936
3458
3436
4945
3460
3436
3436
4959
4936
2829
2331
3232
3091
2478
2318
2297
1854
835
530
4898
530
4915
3215
534
535
2487
2596
592
4022
4915
3932
237
1701
2588
4912
4907
4972
4129
4895
4128
3096
4973
2542
2490
2584
2573
2584
2584
4100
3311
4098
3958
3295
3479
3316
3339
3339
3342
4097
3352
3957
3481
3284
3288
3281
3479
3276
3961
3348
3959
3282
3281
3478
3290
3968
3285
3283
3963
3971
3966
3272
3325
3964
3983
3278
3974
3359
3283
3273
3323
3987
3308
3969
3278
3980
3324
3981
3977
3970
3502
3279
3978
3986
3330
3280
3491
3496
3274
3491
3986
3090
525
1700
1700
4145
2849
4997
4771
3940
4997
2530
535
2530
3932
3932
2883
3095
534
535
2472
4020
2850
4013
4090
3043
4089
3151
3151
3097
4848
4053
4054
2832
2890
3353
2890
4772
3935
4742
3093
4984
2859
4984
1849
1709
2587
1858
1848
233
3413
4037
4969
4965
4965
4115
4129
3145
3023
3023
3023
4967
2832
4055
4846
4067
2849
4895
4938
2826
4937
4942
4942
3353
2815
2815
2815
4853
3406
3077
3378
3364
4076
3443
4114
3412
4029
4070
3150
4970
4965
4965
4077
4126
4969
4848
3146
3073
2810
4964
3075
2810
4954
3377
3064
3064
3378
3082
3908
3915
3343
3343
3084
3130
3084
3341
3915
3297
3343
3335
3084
3304
3130
4815
4065
3936
2859
4742
3940
4038
2588
1699
4973
2574
4907
4907
4978
4907
3441
3949
4907
3441
4981
4981
3949
860
127
529
860
218
220
1542
517
2485
2573
516
2573
2573
1542
235
2573
679
310
605
489
857
606
1831
3396
653
2403
2479
531
308
489
4281
4995
4302
4719
4898
305
1760
344
1740
621
329
338
1733
2395
327
1746
2283
2298
2323
2323
2397
343
337
1742
701
672
334
1745
1747
554
2285
306
1731
327
1746
384
1765
2278
1782
1780
386
449
1776
2399
1767
1771
564
1789
1782
381
708
1790
385
1786
2328
635
448
378
439
377
2277
2287
448
563
706
1801
2400
388
1805
391
1779
641
1775
647
1810
1778
1772
565
1771
1768
390
391
387
282
547
697
2294
729
2370
2294
289
682
2350
544
2370
2370
661
456
1842
4280
282
470
470
1708
333
307
1722
2882
2587
1849
1709
1862
1858
455
4288
3232
2478
2322
2297
530
2331
2494
2474
4742
3091
858
857
2302
2280
2326
1859
275
1709
4302
2597
859
2620
104
2731
2643
43
521
859
859
521
547
717
4743
2052
394
425
644
398
409
406
405
1883
394
403
2046
2043
427
400
400
400
410
2455
1883
427
1880
2016
1982
2035
2239
2239
2192
2225
2192
2240
2239
2239
2239
1948
2239
2239
2239
2239
2239
2011
1989
2230
2015
1982
2243
1999
1940
1978
2090
4999
1992
2187
1956
2239
2192
2192
2192
2192
2239
2192
2192
2239
2192
2016
2092
2239
2239
2192
2239
2016
2192
2239
2192
1948
2225
2192
2240
2086
2086
2240
2239
1940
2240
2230
2223
2093
1940
1978
2230
1982
2238
2086
2039
1954
2242
2223
2187
2090
2253
1996
2039
1956
2039
2012
2256
2239
2241
2192
2192
2239
2239
2239
2016
2239
2239
2239
2239
2240
1932
2240
1952
2243
2253
2244
2192
2192
2239
2225
2192
2192
2239
2239
2239
2015
2092
2239
4998
2089
2017
2240
1940
2236
2039
1978
2090
2253
2247
1996
2377
1812
2048
405
1800
710
1806
400
408
409
398
652
1804
1815
2377
2451
405
1883
2455
1884
1899
2451
2070
2051
2047
2047
1899
1884
2061
1884
1887
407
2193
2154
2202
2102
2102
2108
2098
2103
2094
2196
2196
2158
2203
2095
2132
2198
2198
2199
2144
2083
2110
2109
2194
2156
2114
2103
2094
2094
2131
2105
2114
2138
2171
2171
2057
2058
2068
2113
2271
2272
2171
2059
2058
2058
1903
2055
2040
1879
1888
2452
2454
2044
2454
2454
2158
2160
2462
2115
2115
2109
2160
2109
2459
2459
2462
2123
2203
2212
2462
2123
2179
2180
2259
2181
2123
2123
2131
2094
2139
2171
2147
2067
2065
2065
2265
1892
2454
2454
2126
2125
2124
2061
1898
2061
1898
1896
1904
2045
1879
1879
2054
2051
2055
2070
2465
2205
2212
2206
2201
2132
2131
2131
2142
2140
2217
2466
2209
2221
2465
2152
2153
2169
2168
2220
2465
2165
2130
2147
2147
2172
2067
2150
2461
2165
2066
2264
2176
2173
2264
2192
2192
2192
2192
2092
2189
2091
2189
2090
2187
2184
2258
2091
2187
2256
2186
2076
2185
2071
2071
2075
2247
2247
2241
2080
2081
2087
2086
2154
2190
2086
2190
2190
2192
1881
1879
1889
2046
1890
2270
2270
2266
2069
1902
2050
1901
1884
4935
3368
349
2375
440
321
229
2304
304
1741
617
313
1759
361
348
369
629
341
855
342
434
668
617
229
469
617
279
2330
1849
1758
1760
2350
1849
2330
603
2279
233
286
2319
2319
1733
1744
628
527
350
350
433
355
340
1824
1854
659
2321
855
2478
2307
2307
331
1824
233
1860
370
369
2598
2598
2475
312
312
1463
3089
1705
2369
697
1824
717
664
549
547
1825
499
302
2365
478
547
499
545
2384
717
2334
2595
1818
2350
19
678
731
4021
554
1747
2288
2291
2292
2313
1808
1843
2314
367
1843
730
3148
2815
500
1737
3051
3051
501
1737
1739
1750
1729
1788
391
636
547
547
4293
4968
1740
702
357
365
2411
353
633
2413
2414
393
3077
2835
3412
4028
4719
3940
4993
3051
2830
4067
4849
3408
4815
2355
2476
4898
1740
1737
620
335
555
565
708
2276
2413
1774
1770
2415
1843
4984
3093
1797
568
2053
644
1815
2058
2059
2040
1905
2265
2265
2126
2041
2173
2173
1881
499
499
1699
2542
3080
285
2330
2585
2472
2472
2472
285
1712
618
2515
2472
2515
1713
1713
3147
1706
3076
3076
1464
2530
535
2472
2850
2472
2472
535
2516
854
854
2850
1699
2431
470
1721
277
1464
1707
4902
136
122
120
120
40
140
1867
865
865
1867
1867
865
2702
865
1867
4138
4140
4140
4140
1480
3951
4146
4146
2574
2592
4146
2472
2592
3951
2824
4966
4146
3095
4908
3073
4127
2824
4961
4961
4146
4146
2475
3045
4968
3095
3095
4961
4896
4090
4014
4017
3146
236
1400
4973
4127
3096
4128
4972
4981
4981
3095
3095
4897
4054
2808
2808
2826
3023
4942
3023
3023
4059
4060
2832
4969
4056
4056
1699
4990
594
236
3051
3051
1400
3951
2588
2588
4147
1701
1400
1463
2487
2487
2487
274
2817
274
1850
243
1579
4292
1579
2578
2485
2871
853
4737
683
2322
2322
1717
4903
592
1549
2530
2516
4640
4641
4631
4431
1989
