45
129
39
116
12
12
129
3
73
95
45
14
45
45
15
98
145
19
21
92
134
23
82
86
21
75
181
845
96
1367
184
34
90
1
13
47
50
41
83
121
110
19
2419
132
19
41
21
41
51
39
11
7
22
34
130
91
116
116
13
110
68
129
2
69
14
68
857
160
20
49
49
162
2424
198
21
23
52
82
2422
52
46
24
2422
107
88
46
1
18
11
73
2419
41
41
73
70
12
14
45
87
59
19
25
13
13
66
39
121
2418
26
17
16
100
83
107
101
46
842
26
858
2422
14
84
88
73
94
12
34
108
89
116
116
69
26
1
14
2
20
20
49
20
20
20
2421
2421
20
20
46
46
2420
77
77
162
46
860
860
162
20
20
2421
151
151
151
860
860
860
860
2421
2421
860
162
162
151
2421
2421
860
2421
2421
2421
2420
505
20
2421
2421
2421
860
2420
839
1522
227
1520
2412
435
2458
835
218
2434
565
1422
1400
565
565
492
517
494
1419
2505
2237
954
515
495
839
2514
2493
207
2454
1595
1573
573
1579
459
459
964
963
247
240
1577
898
247
247
459
459
1430
1547
656
1442
568
2353
2478
963
2480
1606
2454
247
247
737
967
963
459
215
596
269
301
307
266
865
60
1551
2293
1682
218
280
298
277
2233
1688
281
2226
2225
284
480
2372
1550
1635
701
2297
461
274
2226
320
2317
322
441
441
298
515
301
524
525
475
2246
2245
434
451
654
2228
2363
1722
1707
1720
1721
294
2264
2310
593
593
4777
592
1732
311
1702
2250
318
1712
602
2324
600
353
474
2325
345
608
2257
2334
405
1731
1703
1734
2333
534
329
2325
330
603
346
535
2234
537
418
607
421
677
678
611
352
640
416
2256
2254
2258
415
542
406
678
340
372
362
369
2268
2222
2269
2340
1736
2339
374
377
380
1744
1745
409
1737
1737
1779
619
2327
1740
378
1777
530
633
690
3039
531
2322
1722
2322
2321
2359
2359
2332
354
406
426
1742
1736
1742
2289
2288
2288
433
604
1731
2324
674
315
2252
2258
608
419
419
2230
605
422
341
2301
357
1717
204
220
216
216
648
648
2308
4771
2958
2287
1547
31
4740
4241
4739
2328
630
2260
2310
458
267
1534
1427
242
704
461
308
224
818
818
1572
836
836
459
459
459
247
247
1595
448
449
450
283
283
673
472
1735
1806
1804
702
4740
3196
961
1560
1563
581
247
247
247
2504
202
455
1521
869
577
1582
1519
120
120
768
60
233
57
635
2251
1816
57
2533
697
1419
2508
515
4241
688
528
527
519
3029
520
520
4777
1807
699
1805
699
854
634
295
321
313
1700
1698
1697
2358
2332
2332
347
643
354
406
540
408
408
1743
1400
1400
964
964
968
964
762
547
965
965
787
697
771
565
565
1373
565
967
967
824
2515
963
204
565
565
565
1530
577
870
565
964
1400
435
836
549
247
2491
590
595
2223
2398
295
520
521
2283
1401
686
526
525
306
1787
1733
1708
1726
319
292
1727
1719
316
610
1696
1731
2365
1727
474
611
335
2269
612
680
1762
358
370
367
543
1754
376
616
1765
1750
379
1743
376
3027
3027
4791
4739
3347
1684
2295
639
1784
473
638
2265
1703
1729
2358
291
2416
2259
1433
1786
1786
468
468
469
650
2238
2281
271
1562
1562
1559
1374
963
459
963
1385
1379
1373
2467
770
585
3139
530
588
1734
1709
334
676
676
676
680
361
1751
3036
524
1805
854
3347
634
4995
1523
1412
2450
2508
550
1683
655
278
586
587
523
1454
2477
1395
2508
1508
1501
1509
730
984
709
1513
993
995
1004
1000
985
785
719
1466
1463
733
1482
727
1464
719
1613
972
723
725
969
734
732
762
733
990
1500
984
1466
727
815
734
1630
1627
1630
974
1501
1502
1492
1620
1465
774
965
1461
1000
1507
774
968
762
1626
727
734
727
1620
742
1002
1512
966
1482
715
725
719
977
2457
572
1397
962
1660
565
1400
565
565
453
1372
964
2496
2496
960
2450
973
1493
760
572
53
30
20
162
844
841
2433
2396
2421
2421
20
502
881
128
4138
1684
20
20
53
195
2421
20
53
862
1551
1822
2262
2239
3361
122
57
119
96
8
116
493
1607
240
2464
1597
2316
2350
1559
912
885
1536
2346
567
504
956
482
482
832
2459
957
959
890
1595
1595
247
247
2453
658
657
2454
900
911
820
820
821
2454
2455
2454
2454
2507
252
2507
1419
945
1419
2404
940
698
2472
250
251
1419
1399
482
890
439
889
822
2346
567
2463
1536
1600
1559
939
2437
205
206
2435
875
1403
698
825
1402
246
484
905
890
896
2345
2454
2454
2454
247
247
2454
247
247
1540
762
1630
1620
704
1626
73
73
71
976
975
720
784
1478
1004
984
1476
1463
1482
1078
1077
1010
1096
1199
988
988
1067
1329
1023
1082
1069
1109
1199
1060
996
1016
1053
988
1156
1135
1183
1168
1150
1168
1020
1020
1030
1174
1183
1169
1218
1177
1320
1020
1168
1201
1093
1020
1020
1338
1338
1020
1093
1048
1183
1183
1169
1218
1228
1173
1177
1183
1177
1218
1218
1173
1075
1177
1211
1218
1177
1150
1219
1211
1054
1144
1150
1177
1177
1177
1144
1219
1007
1038
1174
1093
1032
1347
1077
1054
1008
1036
1183
1177
1030
1201
1168
1177
1183
1093
1177
1183
1183
1020
1173
1168
1177
1177
1177
1177
1183
1177
1228
1173
1219
1177
1201
1183
1163
1326
1199
1048
1131
1177
1183
1183
1177
1183
1020
1093
1150
1183
1177
1512
1183
1177
1177
1183
1177
1177
1177
1174
1174
1177
1228
1177
1183
1228
1228
1183
1174
1174
1228
1174
1177
1228
1228
1174
1177
1174
1183
1177
1183
1183
1177
1177
1177
1183
1177
1177
1177
1183
1177
1177
1177
1177
1177
1177
1177
1177
1177
1177
1177
1177
1177
1177
1177
1177
1177
1177
1177
1177
1177
1177
1177
1177
1177
1177
1177
1177
1177
1177
1177
1177
1177
1177
1177
1177
1177
1177
1177
1177
1177
1177
1183
1177
1177
1177
1168
1173
1150
1177
1177
1177
1183
1177
1177
1177
1177
1177
1177
1177
1177
1177
1177
1177
1177
1177
1177
1177
1177
1177
1177
1177
1177
1177
1177
1177
1177
1177
1177
1177
1177
1177
1177
1177
1177
1177
1177
1177
1177
1177
1177
1177
1177
1177
1177
1177
1177
1177
1177
1177
1177
1177
1177
1177
1177
1177
1177
1177
1177
1177
1177
1185
1177
1177
1177
1177
1177
1177
1177
1177
1177
1177
1177
1177
1177
1177
1177
1177
1177
1177
1177
1177
1177
1177
1177
1177
1093
1131
1131
1152
1093
1129
1131
1131
1126
1129
1174
1174
1174
1126
1133
1174
1174
1166
1131
1132
1168
1174
1166
1174
1174
1131
1126
1174
1174
1174
1174
1174
1085
1183
1183
1183
1218
1218
1218
1218
1218
1177
1169
1218
1278
1163
1163
1152
1173
1144
1144
1131
1131
1152
1201
1201
1020
1020
1020
1048
1201
1217
1055
1055
1131
1152
1152
14
2
173
2423
53
53
840
754
747
967
1628
750
964
964
968
964
964
964
967
968
967
547
1372
1373
965
552
750
964
965
762
547
1400
1400
963
459
459
1563
963
1540
259
1451
261
663
459
1540
247
247
551
1563
1563
963
555
1373
552
752
1452
565
565
1400
2478
967
1431
1431
2270
2244
2517
1423
2330
2517
209
2270
262
1527
1529
2445
1434
2502
2471
2471
2508
250
1452
2497
2393
1457
984
709
1487
1477
1482
1485
720
1497
984
984
1463
1496
1482
1498
1001
995
784
1495
1495
716
1503
1500
756
1508
1514
993
1507
1507
1507
1504
1513
999
989
1002
996
1514
1023
1051
1061
1069
1361
1017
1066
1053
1348
1063
1108
1096
1199
1051
1109
1077
1078
1199
1338
1520
1581
850
869
577
496
1525
1529
1527
434
1815
818
1529
575
2397
236
877
1533
879
880
933
670
1539
1539
1583
247
1559
1595
1595
898
467
2489
1574
1574
578
1429
235
273
1550
1553
232
2224
1387
1589
1634
1559
886
1452
1454
1653
565
1400
662
1400
963
963
247
963
247
247
247
247
239
239
465
660
237
1571
220
565
2456
565
565
565
964
964
1400
964
964
1400
2489
459
2489
2490
2490
2492
2351
1582
240
1539
590
582
1585
1555
1635
1633
2344
2346
1594
1569
1538
2466
939
1601
1602
1598
2466
504
2463
1603
2411
878
1608
1582
447
978
783
1466
727
726
1461
817
809
715
1632
727
1465
977
817
2354
1557
1556
2348
2348
288
1640
2330
1694
1818
1546
458
1578
2469
2393
1452
2477
2478
2510
1452
1660
484
1445
2479
1561
1562
11
9
872
9
509
509
55
1457
1669
2281
1797
583
1681
265
1678
264
2276
1809
2417
1798
2356
2374
1679
2293
1689
1691
1692
463
1718
401
1718
597
325
2361
1723
2320
293
2248
2228
479
478
1732
460
311
2248
1701
1725
1723
1725
2321
1722
314
1715
1700
314
314
323
1704
1705
2362
306
2300
1728
452
310
1730
478
290
1726
425
2369
369
428
428
2220
426
541
2220
542
613
363
366
431
422
2369
355
407
424
339
350
605
538
2230
416
337
606
539
612
2337
614
1758
681
2339
1755
1760
1757
1753
1756
1742
542
1756
373
373
1761
2366
430
1759
1795
1785
400
2261
1790
2283
2274
2266
2272
413
4256
589
589
4751
584
1677
1799
1690
284
4266
2415
272
279
1683
2953
273
2263
1552
1553
2240
463
1426
596
647
2267
1818
647
864
1810
1823
2410
4989
1821
1692
100
66
52
41
14
14
110
111
5000
4995
1814
2330
411
383
682
624
617
1780
621
1776
1741
382
1769
1783
2006
683
2371
2342
390
1842
1999
2305
393
388
412
390
1842
2342
2084
2046
2084
2046
2080
2085
2023
2085
2023
2085
2086
2044
2086
2046
2080
2038
2086
2086
2081
2084
2046
2048
2084
2084
2047
2048
2047
2083
2153
2047
2047
2086
2085
2089
2023
2085
2023
2081
2081
2046
2092
2046
2046
2086
2085
2080
2046
2085
2081
2046
2092
2081
2081
2046
2085
2085
2046
2085
2046
2133
2185
2136
2048
2133
2092
2144
2047
2153
2084
2047
2084
2085
2047
2153
2047
2047
2053
2083
2047
2084
2153
2046
2046
2047
2085
2023
2085
2038
2085
2080
2023
2086
2038
2047
2084
2047
2048
2048
2083
2044
2046
2081
2085
2085
2085
2046
2085
2086
2086
2081
2084
2134
2084
2085
2085
2083
2047
2084
2133
2083
2083
382
544
621
1768
1783
383
1778
623
625
627
1772
1774
1769
1768
545
628
1745
412
1993
546
1843
1843
1997
1851
2004
1850
2008
388
621
2100
2089
2087
2101
2087
2091
2213
2213
2213
2101
2100
2091
2094
2064
2065
2145
2154
2156
2153
2153
2019
2120
2095
2213
2063
2213
2213
2065
2065
2387
2214
2131
2065
2387
2131
2071
2387
2387
2380
2380
2130
2128
2073
2079
2124
2206
2206
2124
1855
2204
1855
2124
2124
2124
2120
2099
2101
2213
2011
2010
2010
2210
2099
2098
2099
2098
2095
2098
2115
2123
2114
2386
2205
2209
2210
2208
2161
2131
2065
2387
2111
2071
2071
2071
2073
2073
2079
2114
2115
2011
1864
1853
1864
1863
2378
1855
1998
1998
1855
1865
1865
1866
2376
2154
2091
2116
2164
2164
2164
2157
2064
2161
2110
2163
2161
2164
2116
2164
2116
2110
2111
2111
2167
2168
2116
2115
2114
2167
2166
2111
2385
2113
2113
2114
2114
2113
2079
2079
2079
2094
2094
2081
2094
2146
2146
2092
2094
2146
2153
2145
2092
2153
2153
2144
2153
2144
2153
2153
2059
2063
2153
2211
2087
2083
2085
2087
2085
2085
2094
2100
2100
2089
1842
1998
1842
1996
1841
1841
2380
2020
2379
2000
1993
1660
656
245
2399
420
420
537
512
587
703
532
296
402
404
643
536
533
297
1717
405
1792
636
651
867
276
1714
533
414
2286
1824
219
585
282
2247
2241
533
2232
2242
2257
404
535
2242
1696
2294
653
2227
2239
1554
2241
1695
2236
1817
2235
538
2397
2518
413
2272
672
2275
2295
4996
1798
5000
4994
4751
4751
2284
2283
448
506
2288
2288
2909
399
2282
450
3039
530
1676
1800
1793
2285
2238
1558
1675
271
1576
2297
418
332
642
349
1746
2365
338
480
2296
456
1574
591
687
3191
518
1566
2361
593
305
302
1706
1706
311
1711
365
2307
5000
3191
398
684
2287
448
323
1734
334
346
334
2336
424
679
372
237
1559
1585
1559
1535
1528
464
1567
2491
1539
1555
1600
2277
863
263
324
479
477
479
275
1710
364
2338
336
678
2326
2339
4256
1686
1811
622
391
683
381
682
2005
2073
2128
2114
1855
2114
1855
1858
2114
1998
1685
4740
2391
207
1520
440
1530
277
576
1801
2402
1523
493
1816
2470
2408
299
2409
1606
2393
1802
2306
2400
287
2534
45
45
49
51
2421
2421
20
20
49
162
162
162
162
77
203
2405
2394
2512
961
961
2454
2454
2395
247
932
2403
2471
217
1437
960
204
1544
2438
2478
962
2347
1606
2403
2395
2404
947
1455
2501
2407
1652
1454
2477
2494
2461
2454
2486
2496
565
565
565
565
1400
1400
1400
459
459
247
459
459
2454
247
239
239
2500
2462
2486
2354
300
1533
467
1567
2439
2511
2470
946
210
2270
2520
1693
2498
2348
1424
2349
2349
1456
2299
1531
1556
2309
510
2788
2532
2594
1834
146
64
146
146
103
2544
2629
4120
2598
1834
4285
3450
2538
2590
2593
2643
2580
2548
2577
4288
2571
2635
2583
2682
2566
1827
2646
3340
2631
1829
44
2660
2643
1831
2666
1828
2643
2633
3839
2545
2552
2643
2580
1831
4288
105
1827
118
3365
2631
123
114
70
1835
44
2539
2628
2594
1829
112
2568
3340
2651
2556
2552
2665
2650
2574
4288
2556
101
2625
2571
2625
133
2609
2647
2569
2535
106
2542
1835
2591
2597
1831
1831
104
66
70
112
112
133
140
137
114
44
112
71
4287
114
2621
2590
2655
100
2609
85
41
2574
2589
2546
2567
2608
66
2600
4119
2600
2549
37
62
103
114
72
2594
112
2636
42
2553
2552
2574
2556
2553
2553
2553
2578
2556
2556
2556
2553
2574
2574
2535
2665
2673
4885
2651
2556
2556
2553
2576
4885
2553
2576
2578
2553
4886
2554
2604
2595
2596
2576
2575
2553
2553
2553
2556
2553
2553
2553
2556
2553
2554
2553
2553
2574
3363
3008
4907
3345
4274
3987
2817
3987
3076
2736
3407
3324
3324
2945
3329
3329
3329
2808
2807
2744
4969
4704
4921
4128
3079
4293
3363
4956
4815
3376
4946
4946
3100
3315
4029
1593
3324
4028
3324
3324
4064
4987
3420
4021
2756
4022
4950
3324
2523
3074
4943
4943
3324
3912
3912
4036
4021
3324
3846
3324
4028
3315
4029
2734
3100
2816
2573
2778
2632
4279
2562
3086
2781
140
2785
4819
4137
4278
4704
2818
2787
4876
3153
3202
2797
2786
2791
4706
4836
4767
2794
4144
2971
2798
4761
2799
2801
2802
2803
2804
3142
3143
4876
3019
2499
4720
2811
4187
2814
2985
2815
302
2789
4704
4730
3987
2948
2969
2969
4722
4154
2911
4170
4705
4156
2787
2829
4778
4827
2833
4164
4164
4166
4157
2827
4167
2836
2835
4185
2835
2835
4183
4830
4163
3044
2914
2838
2838
2838
3111
2837
4716
4709
2914
2943
2827
2839
4185
3179
3107
4150
4700
2837
3111
2838
2838
2838
2839
2839
2839
2839
4798
2839
2914
2913
4691
4691
2930
3111
4690
2856
2929
2915
2838
2838
2838
2838
2838
2838
4711
2852
4711
4711
4715
4710
4710
4711
4678
2876
3148
2839
2840
2840
2839
3145
2843
2853
3113
2857
2857
2925
2863
2868
3117
2928
4768
2875
4215
2940
2940
2888
2881
3118
4217
2872
4768
2941
2882
4216
4192
4204
5001
3195
3192
399
691
5001
2912
3041
4171
3043
2914
3045
3045
2862
3184
2881
4802
4209
2923
3156
4709
4691
2838
2837
2839
2839
2839
2839
3113
2840
4171
4149
2943
2856
3111
3111
2915
3045
4694
4694
4715
4715
3016
2839
2852
2838
2839
2839
2839
2839
2840
3892
2747
2947
4107
3017
4867
2949
3093
2794
3092
4251
4095
4874
4241
4744
3135
2960
2961
2783
3862
2758
2757
4992
4760
1456
4038
2970
4129
3100
3100
3898
2728
2728
3315
3315
2734
3315
3315
3324
4020
3324
4020
2756
2976
2976
2793
3178
3176
3092
2854
4797
2800
2799
3203
2800
4740
4741
692
4948
4020
4019
4018
4020
4911
2756
4903
1673
3363
2563
2713
3011
2988
3013
2563
4121
3058
3855
2585
3140
3015
4721
4709
1425
65
4991
4909
3021
2727
4107
3915
4256
591
3026
3026
3028
4776
3028
3030
2829
3033
4264
3033
3032
3038
634
2790
3040
4168
3042
4173
3043
4173
2943
2943
3044
3045
2930
2931
2917
2918
2880
3186
4028
3329
2945
3329
3315
3315
2817
2817
3315
3315
3061
4925
4925
3987
4925
2991
3070
3077
3077
2944
3077
3324
3324
3315
4109
4956
4020
4942
2945
2945
2944
4906
3003
3018
2817
2817
2817
3315
2728
2728
2728
4955
4022
2756
4022
3085
3086
3086
2778
3143
3088
3090
4251
4836
3410
3096
3099
3099
687
594
4734
3087
2742
3102
4786
4826
4829
4829
4184
4182
3105
4700
2943
2943
2839
4709
2827
4165
4165
4165
4165
4165
4183
2841
3114
2842
2839
3113
2839
2838
2839
2839
2839
3109
4687
2840
2840
4165
3146
3112
3112
2849
2878
4212
2865
2865
2866
2859
2939
4210
2919
3117
3136
4792
4776
4741
3347
3202
3140
3141
4756
4250
3144
4240
4239
2837
2838
2838
2838
3113
3113
3113
4171
3149
3105
3893
4718
4721
2949
3090
3156
4682
3157
4719
3015
3159
4942
3324
3324
2991
3324
4028
4028
4955
2727
4955
3428
4817
2521
3139
3092
3176
4253
4822
4150
2825
2914
2855
2855
2929
2929
2852
3147
3147
4788
2860
3118
3189
3037
2984
684
398
3189
3139
3039
3139
4265
5000
3976
4943
2727
4955
1684
1684
4759
3203
3204
3996
3914
3413
3913
3954
3217
3935
2816
3227
3943
3592
3946
3462
3944
3949
2785
3451
4075
3314
4089
4718
3281
4076
3259
4075
3898
4974
3272
3272
3862
3987
3254
3205
3898
3985
4721
3953
3957
4085
3281
3272
3272
3448
3061
3061
3061
4089
4721
3255
3463
3452
4974
2816
4974
4974
3288
3943
3940
3898
2817
2728
3268
3061
4076
3254
3268
3254
3254
3923
4974
3987
3452
4721
4730
4075
4075
4925
4925
4873
3324
3912
4943
2945
3324
2945
2945
3329
2945
2945
2945
3077
3076
3909
3909
4718
3463
4718
3081
2571
2552
2648
2556
2569
2549
2656
3841
2553
2575
2552
2556
2552
3364
2634
109
4138
3202
2556
2556
4885
4885
2553
2552
2582
102
4133
4279
4280
3358
2789
4697
3361
4122
2590
1827
4292
1835
1666
5
3007
4026
2957
4927
2589
4045
3376
4969
4795
3422
3376
3411
3429
4869
4944
3909
4921
3387
4944
4020
3420
4913
4022
4946
4946
4943
4911
4911
4911
4021
4944
4021
4021
4021
4020
4021
3905
3884
3206
3905
3884
3905
4932
3200
4938
3905
3914
2947
2946
4944
4943
3909
4055
3884
3426
4795
4059
4862
4056
3424
4041
2721
3369
4969
4969
4969
3001
3369
3884
3905
3903
4943
4911
4911
2756
4911
2756
4021
4021
4949
4022
4949
4950
4020
4949
4022
3855
3268
3272
4038
3061
4070
135
3281
3281
3925
3455
3941
3937
3227
4725
4009
3451
4077
3550
3466
3466
3547
3481
3961
3967
3466
3973
3961
3466
3962
3550
3963
3973
3471
3480
3593
3959
3784
3790
3790
3619
3790
3483
3790
3825
3586
3670
3598
3551
3790
3777
3606
3825
3784
3825
3790
3483
3505
3508
3606
3670
3598
3598
3740
3809
3542
3670
3690
3613
3613
3522
3809
3670
3610
3610
3551
3619
3526
3595
3522
3509
3835
3516
3619
3613
3613
3793
3541
3790
3837
3489
3610
3489
3825
3830
3830
3489
3506
3540
3540
3613
3784
3553
3606
3606
3610
3790
3837
3610
3613
3606
3483
3670
3606
3609
3670
3598
3804
3613
3613
3610
3598
3825
3613
3553
3545
3825
3790
3505
3574
3791
3598
3613
3613
3598
3610
3483
3825
3793
3613
3670
3473
3586
3723
3613
3610
3613
3718
3613
3613
3613
3613
3611
3611
3718
3613
3613
3613
3613
3613
3611
3613
3613
3598
3613
3598
3598
3613
3610
3598
3613
3613
3613
3613
3613
3613
3610
3718
3598
3613
3718
3660
3600
3613
3613
3613
3659
3613
3613
3718
3613
3613
3610
3718
3613
3613
3660
3718
3718
3660
3660
3718
3718
3654
3660
3613
3654
3660
3613
3660
3654
3660
3654
3654
3660
3654
3613
3613
3598
3613
3598
3609
3609
3613
3613
3613
3610
3609
3619
3695
3613
3723
3670
3613
3718
3720
3613
3662
3613
3718
3662
3638
3654
3613
3718
3613
3723
3654
3718
3694
3718
3609
3718
3724
3718
3718
3654
3706
3654
3660
3613
3654
3660
3660
3718
3654
3718
3718
3724
3724
3654
3722
3654
3723
3609
3723
3609
3638
3613
3670
3718
3744
3690
3690
3748
3686
3690
3637
3690
3690
3686
3690
3637
3662
3748
3690
3690
3754
3686
3724
3712
3724
3724
3724
3724
3724
3724
3708
3708
3724
3712
3712
3724
3670
3690
3690
3740
3740
3635
3784
3784
3784
3784
3784
3784
3784
3784
3784
3784
3784
3784
3784
3784
3784
3784
3784
3784
3784
3784
3784
3784
3784
3784
3783
3784
3783
3784
3784
3670
3597
3670
3670
3670
3811
3670
3670
3690
3670
3740
3670
3790
3670
3670
3793
3790
3798
3789
3784
3790
3790
3553
3483
3483
3504
3509
3810
3832
3835
3784
3784
4289
1832
2651
2651
2571
2571
2611
3076
3076
3447
3447
3889
3997
3855
2817
2817
2817
3315
3315
3315
3315
3315
3315
3315
3855
3855
2944
2945
2944
4924
2944
3997
3205
3987
2817
2817
3061
3324
4028
2945
3324
3324
3324
4037
4022
3866
2727
2727
3077
4949
3324
3324
4949
3076
4817
3324
3324
4955
3076
2727
4817
3912
3077
2945
3324
4949
4037
4037
3896
4295
3892
510
4721
3898
4276
1644
4718
4974
3896
3151
3151
4094
3983
4718
3898
4935
3902
4108
3076
3076
3913
2727
2747
4956
3916
4128
3017
3926
4280
3233
4077
3313
3313
3933
3227
2785
2816
3923
3923
3923
3276
3216
3951
3277
3216
3922
3455
3216
3922
3957
3217
3304
3217
3959
3957
3275
3282
3217
3936
3961
3961
3967
3962
3963
3961
3480
3964
3972
3471
3466
3961
3961
3972
3481
3546
3476
3466
3465
3972
3331
2218
3008
2563
2563
1524
4974
2817
4974
2728
4729
4730
3983
2728
3985
3985
2817
3078
4104
4035
4027
3991
3993
3085
4817
4038
4038
4912
4946
4946
4946
4946
4946
4946
2760
4022
4022
2974
2753
4005
4006
2972
4813
4009
4008
2785
4011
4725
4008
4271
4043
4988
4025
4953
4954
1648
3913
3913
3324
3912
3912
3324
3324
3324
3324
4021
4021
2756
4023
4946
4959
4946
4025
4091
3372
4924
4924
3329
2944
2945
2945
2945
3315
3315
3315
3315
3315
4028
3324
3324
3324
4950
2760
2974
2967
4033
2754
4676
3346
4817
4817
4928
4047
4041
4052
4105
4033
4017
3380
2750
1648
4050
4041
4051
4933
3197
4061
4807
4871
4869
2751
4027
2782
2649
4676
4718
4718
4075
4070
4076
3445
3892
4070
4076
3259
4075
2816
3100
4721
4070
4806
4772
1647
243
446
1641
4975
1839
1428
1639
2525
2529
2526
2530
3915
2743
3909
2727
3913
3913
3912
4942
4944
3909
3909
4942
3324
872
97
1668
1667
1667
137
1674
4123
4129
4130
2777
4131
4132
4133
4279
4134
4736
4139
4137
4754
4754
4736
4258
4821
3159
4135
4992
4145
4098
4975
2803
4699
2823
2830
4155
4707
2826
4708
2812
4825
4161
4187
2834
3102
2801
3106
4707
2836
4153
2804
2912
4172
4172
4822
4176
4784
4176
4784
4761
4181
3105
4829
2835
4164
2802
3106
4186
2983
4188
3149
3182
4788
4788
2849
2868
2877
4678
4677
2850
2936
3047
4728
2853
2853
2840
2840
2839
2858
2849
4788
2926
4712
2982
2840
3113
3113
3113
3113
2852
3148
3045
2931
2925
4693
4711
3016
2927
2839
2839
2839
2839
2931
3109
2840
2840
2840
2839
2982
3181
4218
4207
3183
2934
2847
2875
4215
2877
4802
4211
4220
3049
4762
2859
2873
2933
2848
4215
3116
3141
4733
399
2280
4249
4734
4244
4836
4767
4836
4248
3173
4747
4747
4250
2279
1786
4246
4253
4253
5000
4257
4820
4143
2966
4261
3177
2980
4880
3203
2784
2790
2531
4098
4009
3357
4703
4283
4270
4008
2775
3895
4978
4721
3892
2737
4272
4976
2528
3357
4280
3086
4280
4726
4883
4267
4267
100
38
126
1831
113
66
110
505
2280
1671
1840
1643
2884
4219
4202
2941
3122
3124
2886
3123
4205
4200
2884
2891
4191
4191
4200
3121
4203
4790
2885
4237
4223
4832
4200
4191
4639
4556
4544
4544
4557
4558
4557
4554
4557
4594
4545
4544
4545
4551
4557
4502
4502
4544
4544
4500
4643
4545
4639
4551
4490
4608
4544
4608
4614
4547
4493
4614
4545
4545
4551
4557
4564
4545
4554
4558
4545
4557
4631
4544
4545
4544
4551
4544
4556
4608
4551
4545
4608
4557
4639
4491
4544
4545
4544
4554
4639
4544
4606
4639
4553
4545
4512
4512
4544
4639
4511
4553
4405
4641
4608
4614
4511
4670
4491
4547
4512
4614
4614
4556
4545
4639
4555
4594
4608
4500
4608
4500
4594
4502
4500
4594
4639
4405
4654
4639
4565
4493
4556
4594
4502
4557
4544
4551
4504
4544
4553
4502
4544
4557
4500
4608
4405
4544
4643
4565
4639
4553
4513
4670
4558
2883
2883
4194
2884
3120
4219
4833
4192
2886
2884
3118
4209
3186
4228
3123
4832
4198
4229
4227
2893
4234
4224
4233
4238
3188
4221
4226
3124
4584
4562
4319
4583
4474
4482
4484
4673
4673
4562
4560
4560
4561
4671
4851
4560
4616
4614
4851
4323
4320
4476
4458
4459
4484
4673
4673
4316
4317
4467
4315
4844
4844
4463
4844
4844
4302
3134
4839
3134
4469
4314
4314
2899
2899
2899
2899
2899
2899
2899
4314
4314
4309
4667
4310
4458
3132
4297
4460
4842
4323
4840
4323
4665
4852
4852
4310
4311
4321
2899
4462
4845
4842
4308
4316
4477
4315
4315
4463
4469
4300
4469
4591
4307
4314
4314
4314
2896
4805
4805
3188
4805
2900
2900
2900
4224
2900
2900
2900
3134
2893
4851
4540
4540
4540
4540
4663
4664
4593
4478
4316
4478
4663
4664
4663
4313
4313
4664
4314
4665
4665
4314
4479
4313
4463
4479
4314
4314
4300
4314
4314
4314
4314
4564
4579
4558
4608
4558
4615
4614
4614
4614
4614
4608
4565
4614
4614
4563
4514
4671
4669
4669
4580
4548
4565
4580
4580
4565
4565
4564
4559
4559
4559
2891
4224
4233
4224
2900
2921
4467
2895
2902
2895
2893
2895
2947
1609
2930
4689
4714
4690
4864
4683
4683
3040
4699
4691
4692
4692
4691
4691
2820
2805
4149
4692
4695
3021
4696
3360
4702
4684
4148
4701
4703
2742
4685
4706
2791
4707
4722
4708
2820
4709
4716
3108
4691
4691
4691
4700
4717
4275
4719
4720
3359
4702
2826
4708
4724
4726
4281
4690
2930
4274
3893
2923
4254
2924
3014
4735
530
4134
4994
2290
4738
2909
4244
4753
4859
2960
4744
4742
4745
3155
4747
2909
2278
2279
4743
4253
4750
4751
4753
4259
4144
4756
4717
4795
4758
4096
4759
4787
4787
4165
2852
2839
2838
2839
2838
2852
2838
2852
2941
2839
4185
2840
2852
2852
2987
4251
4252
4758
2967
4776
3031
4782
3098
4814
4778
4783
4178
4783
4784
4784
4164
4185
4185
4185
2927
2927
2875
400
2329
400
2329
2956
4795
4151
4152
2824
2855
2824
2914
2915
2929
2915
4788
3113
3115
3147
2844
289
4959
4946
3420
3420
4057
4097
4103
4007
3375
4874
4817
4817
4773
4135
4141
4007
4151
4180
4179
4158
3099
4826
2828
4829
3112
3115
2839
3112
2839
2982
2853
4788
2871
2934
2958
3196
4010
4833
3120
4234
3187
4201
4209
4834
4469
3134
4314
4321
4314
4665
3127
4314
4314
4314
4737
4792
3135
4242
4859
2948
2964
4273
4865
3005
3017
3144
4261
2780
4865
3000
3019
3372
2808
3372
3372
4260
4881
2793
4282
2417
4289
2546
2633
2552
2580
2553
2575
2575
2553
2575
2575
2651
2651
2595
2576
2574
4866
4863
4935
4961
4020
4912
4021
4873
3371
4021
4107
4108
4961
3905
4020
4729
4952
4942
4941
4061
3376
3981
3370
3369
2729
4124
4879
4956
3076
4110
3914
3913
3078
4946
4946
4946
3077
3077
2945
3912
3077
3324
3324
3324
3324
4949
4949
4022
4022
4022
4022
4023
4091
4025
3990
2744
300
4795
3376
4045
3369
2723
2999
4903
3024
4729
1639
4977
1669
1424
1814
1638
1432
1645
1456
1645
1646
2530
4269
2950
4263
2788
2532
3206
