2553
2547
2554
2559
2578
2604
2554
2604
2651
2717
2619
2650
2556
2579
2552
2575
2626
2584
2574
2643
4285
4757
4757
1828
2594
113
1364
2546
4289
105
137
3
114
1829
971
116
2578
4885
2535
1831
100
116
1364
2556
2552
2633
2595
2545
2633
2643
2643
1834
1828
1828
2668
3366
2584
2627
71
71
129
2549
3341
2578
2582
2556
2571
2553
2553
2553
2576
2571
4885
4290
2539
2635
2635
3838
2628
1834
44
110
110
113
112
4289
14
2630
114
2624
2624
1364
70
2637
2597
2576
2537
2551
2554
3839
1831
100
4886
2663
2578
2554
4894
2556
39
12
39
16
2580
47
2578
2556
2554
4886
129
2559
3341
2576
2651
4
1831
2418
106
38
1
1
100
2653
15
2574
102
1832
2574
69
2599
2619
2619
3368
145
2620
39
2578
2578
2668
2668
2553
2569
2556
2579
39
40
2636
2568
2635
2635
4289
4289
4289
4290
4289
2635
2635
2568
2630
2653
2653
2653
4286
1829
4286
2636
4289
4289
4286
4289
4290
4286
1829
1829
2622
1829
2622
4290
4286
4290
1833
4286
4286
4286
4290
4286
2636
4290
2636
2636
2635
4289
4289
4289
4289
4290
4290
4290
4286
2622
2659
4907
2499
2948
4274
1815
1530
517
300
515
515
4935
4863
4864
4863
4863
2742
4873
1456
4978
4702
2470
2470
4273
4863
3081
2563
4121
4863
4985
4702
2434
2514
2502
4978
226
226
517
517
2406
2394
204
2490
2407
2497
204
2438
572
572
1455
2393
1455
204
204
204
11
2407
2497
2394
2394
2456
2456
434
575
512
2400
119
17
8
873
3360
15
2521
2952
588
2400
4696
3154
4280
3357
4737
4685
2282
1789
4719
2819
3202
2790
2273
298
2458
1572
3135
3030
4684
2792
2802
2799
4753
4244
3357
4280
2736
4275
4729
4729
4729
4907
2805
592
2319
2319
4777
4697
4864
1425
3025
4682
2836
2834
2832
4174
2786
4707
4156
4162
2983
4785
1722
4785
4722
2838
2837
2820
4149
4173
4152
4151
2916
2931
2930
4693
4715
4711
4800
2844
2837
4691
2824
4797
3179
2852
2856
4690
3045
2915
2982
2859
2858
3109
4694
2926
2857
3184
2917
3109
2864
2925
4712
2867
2849
2886
4802
2918
4727
3186
4211
4206
2937
2877
4216
3187
2891
2883
4231
3124
2885
2901
4238
4805
3188
4230
3126
4221
4227
2895
2893
2290
4994
690
3150
2842
4163
2854
2861
2843
3184
4220
3186
3187
4224
2783
4758
2790
3145
3108
4692
4798
4762
3147
2849
4715
2917
2850
3184
4217
2873
2877
2851
4728
3113
2416
4990
4273
3017
3017
1456
1456
4730
4730
4730
3151
4133
4736
4257
3202
3202
3202
3347
1527
17
3039
4264
4264
4701
1400
2489
1665
1426
1573
4906
1653
4682
2924
2400
1816
2416
2397
1530
1530
517
2438
1530
204
2470
3203
3203
4142
4142
4142
2855
520
2318
322
2315
3039
3039
2497
2497
2393
309
2412
2412
2498
2563
1827
2659
11
1665
1827
204
8
309
2544
4756
3021
4711
4721
4730
4974
4974
2590
4008
3357
4737
1672
4009
1456
1456
4730
4729
4730
4730
3915
4729
4729
4729
530
684
302
529
519
2986
2800
2315
2312
4791
2391
4255
4740
4829
4787
3107
2854
2982
3115
2843
3110
2934
2870
4209
3121
3127
2470
572
572
434
2457
2457
565
565
226
2438
517
517
2445
1672
1455
204
2394
2394
2394
2394
2456
1672
1455
4128
4128
2393
2394
2808
515
2948
4273
4698
4698
2808
4121
4863
2406
2406
1455
1455
2514
2471
227
4883
4868
4726
4244
4257
2799
2784
2784
2445
2815
302
593
593
2949
3021
4786
4786
4154
4169
2803
4151
3112
2860
3046
2838
4700
3043
4171
3045
3046
3047
3049
2941
2919
4208
3051
4218
4207
4234
2921
4229
4228
4197
4236
3129
3134
2898
3032
3038
3034
450
468
4717
4742
4130
4819
4139
3111
3108
2914
3147
4155
4784
2807
3021
2532
1816
4139
3139
2962
2787
2969
2961
3155
2309
2412
309
2514
251
1434
2456
2456
2456
1672
1455
1455
1455
1455
2498
309
2469
4009
3173
2789
3173
4738
4142
4137
4142
4822
4152
2825
3180
3181
2862
2935
2918
2880
3185
4238
685
684
3026
400
591
4255
4255
4995
1665
1456
1455
1455
1455
1455
1455
2288
413
444
4759
1435
1455
2393
1455
1672
1108
1066
1344
1502
996
992
1514
1051
1078
716
996
1510
730
1492
1462
1474
1499
973
719
734
767
781
965
1616
835
776
434
226
835
1377
2457
1508
996
1107
791
1486
747
1389
835
964
1389
964
1069
794
1018
1499
973
1483
435
434
776
1078
1060
1067
565
995
1389
779
1616
728
2438
1051
2438
809
1477
787
780
718
718
1425
4273
1457
1457
1457
516
516
2438
2438
204
2394
2438
2438
2438
2438
3017
2393
1455
769
1505
966
2594
4289
4289
4120
2594
2539
2629
115
6
4008
3357
4268
2653
4289
2635
2635
1835
1668
16
450
2289
2635
2635
4290
103
2622
2635
2635
2224
1552
1552
4270
4883
4697
2781
4720
2777
4820
4258
2542
2621
2577
2650
2668
96
120
493
1521
1565
245
2511
492
2498
872
227
492
2445
4291
2412
516
2470
516
516
2470
2502
2502
2515
1455
1455
1455
2470
309
2470
2412
2412
2407
2470
2412
2407
1672
1455
1672
1455
2498
1672
4291
2445
2498
1455
1455
1455
1672
1455
1456
2393
2393
516
228
1672
1672
2434
2434
2445
97
576
494
492
492
4123
2498
2498
1672
300
2498
1672
516
2470
2502
2502
2407
1654
2471
1654
2471
964
968
2516
1373
780
2619
2679
1494
1470
1613
1499
1499
1484
1001
722
806
756
1492
1324
1062
1311
1021
1074
1344
1362
1344
1337
1064
1020
1022
1006
1074
1321
1344
1342
1060
1189
1078
1132
1120
1228
1228
1174
1132
1120
1178
1171
1228
1228
1177
1174
1128
1228
1228
1174
1184
1120
1145
1152
1062
1120
1228
1228
1228
1177
1228
1149
1228
1228
1228
1228
1177
1177
1228
1228
1228
1228
1228
1177
1177
1228
1178
1158
1228
1228
1228
1228
1134
1228
1174
1184
1228
1174
1228
1311
1062
1192
1121
1106
1228
1174
1184
1228
1228
1228
1228
1120
1228
1228
1228
1152
1228
1228
1177
1177
1177
1089
1228
1228
1228
1184
1228
1228
1119
1228
1120
1189
1158
1174
1177
1228
1228
1228
1228
1152
1120
1228
1228
1359
1228
1228
1228
1228
1228
1228
1228
1228
1228
1228
1228
1177
1228
1228
1228
1228
1228
1228
1228
1228
1228
1228
1228
1228
1177
1228
1228
1228
1228
1177
1228
1177
1228
1228
1177
1228
1177
1177
1228
1228
1228
1177
1177
1228
1228
1228
1177
1177
1177
1177
1177
1228
1177
1177
1228
1228
1228
1228
1228
1177
1177
1228
1228
1228
1177
1177
1228
1228
1228
1177
1177
1177
1228
1177
1228
1177
1177
1177
1177
1177
1228
1228
1228
1228
1228
1228
1228
1228
1228
1228
1228
1228
1228
1228
1228
1177
1228
1228
1177
1177
1177
1177
1177
1177
1228
1228
1177
1177
1177
1177
1228
1177
1228
1228
1228
1177
1177
1177
1228
1177
1177
1177
1228
1177
1228
1228
1177
1228
1177
1177
1177
1177
1177
1177
1177
1228
1228
1228
1228
1228
1228
1228
1177
1228
1177
1228
1177
1177
1228
1228
1177
1177
1228
1177
1177
1177
1177
1177
1228
1177
1177
1228
1177
1177
1177
1177
1177
1177
1177
1177
1228
1177
1177
1177
1177
1177
1177
1177
1228
1177
1228
1177
1228
1228
1120
1120
1120
1174
1120
1133
1120
1120
1174
1120
1123
1123
1120
1123
1123
1123
1123
1123
1120
1133
1174
1120
1120
1120
1120
1120
1123
1120
1228
1228
1228
1177
1177
1177
1228
1228
1177
1228
1177
1228
1177
1228
1228
1184
1120
1174
1174
1174
1120
1133
1228
1176
1176
1176
1128
1132
1228
1228
1228
1158
1134
1174
1174
2553
2563
2628
4289
1833
2394
2393
2393
1455
2393
516
1435
434
2457
2457
2456
2457
565
2407
2438
517
2394
2394
517
2394
2469
2413
572
434
548
220
204
2438
2456
572
2456
2456
1654
2515
1672
2393
2393
2394
2393
2393
1654
1654
2393
2393
2393
1434
220
220
220
1455
2394
2393
2393
1455
2469
2393
2393
309
2394
208
2785
2244
2517
2416
510
2807
4681
510
1816
2244
1815
2518
2518
2517
3893
4698
4698
4721
215
2397
2416
3915
4935
1456
4128
4128
4128
4128
1457
4128
2948
4128
2747
3081
2747
3078
4925
717
1487
1477
1489
1497
717
1001
722
734
722
785
1503
997
995
1003
1066
1510
1508
1000
1510
1510
1514
990
1344
1016
1066
1003
1356
1053
1107
1060
1070
1010
1003
1344
1021
1064
1006
1005
1348
1064
1006
1005
1343
1106
1324
1324
1020
1188
1006
1031
1311
1074
1143
1143
873
2659
2590
1520
2532
2518
2518
1529
4718
3151
3151
2397
1815
4990
4729
4729
4698
4698
1606
120
871
228
227
2439
1435
2501
2407
2514
2434
2434
2407
2502
220
2471
572
2457
2457
434
2458
819
1529
2270
2270
2271
2244
2244
512
298
2521
4876
4280
4133
4270
4279
2396
4702
2223
2439
1566
693
2405
946
492
2404
1457
1674
515
2393
2394
2393
2394
2394
2394
204
2438
220
204
220
2456
574
2497
574
208
208
484
693
455
3017
3017
299
2406
517
1530
2438
434
226
435
434
436
1565
2494
1519
842
2434
2439
576
946
492
210
1567
947
946
946
576
202
875
2464
946
2434
2498
300
505
577
870
505
97
97
96
96
502
502
776
746
776
1614
1614
1613
721
781
974
731
985
733
794
1458
494
885
215
646
1527
1574
2493
3917
2744
2744
309
2393
2393
2393
516
516
516
309
309
2682
2668
2577
4906
2563
3363
3081
2585
3987
4925
4974
3987
3987
3178
2788
4870
4880
4269
1552
4989
3153
2533
298
672
652
2402
1824
2410
1824
443
1801
585
2239
2410
2223
646
3106
4184
4165
4175
4161
4187
4707
2836
1723
1723
4176
1723
2822
4699
3042
2826
4157
4188
4189
4181
4182
2821
2821
3103
4828
4825
4153
2911
4168
3042
4148
2830
4177
1725
2822
4803
4208
2876
4192
2939
4789
4803
2884
4216
4833
2919
3050
4218
2877
4804
2874
4220
3049
2868
4680
2872
4765
4210
2878
4679
4688
2881
3049
2869
4225
4205
4229
4194
2888
3123
3120
4205
4233
4203
4196
4197
4199
2887
4213
2920
4819
4130
3039
3039
2806
2790
2784
2784
2790
3142
3173
4695
4129
3158
3194
2783
4142
4142
4995
3361
868
297
296
4137
4135
4135
4132
4132
480
480
4132
2224
4876
4270
3086
4140
4882
2778
2521
4281
2416
2517
4978
2816
2742
1816
2785
1816
4864
1426
2259
2237
440
4269
4870
4270
4281
4703
3358
2789
2777
4134
1552
276
2641
79
2582
40
45
100
2571
2571
2571
22
530
4994
2259
4805
4845
4460
4467
4302
4465
2903
4312
4845
4312
4321
4321
4308
4318
4317
4315
4316
4480
4842
4321
4402
4339
4353
4344
4446
4390
4446
4637
4395
4388
4353
4404
4344
4345
4389
4388
4446
4353
4389
4353
4353
4351
4396
4456
4353
4353
4344
4410
4343
4449
4402
4636
4637
4446
4395
4640
4637
4636
4389
4637
4345
4353
4344
4353
4389
4404
4446
4395
4389
4388
4636
4442
4357
4389
4344
4357
4389
4344
4389
4453
4352
4352
4344
4449
4449
4351
4353
4455
4353
4396
4382
4352
4353
4430
4400
4455
4401
4351
4410
4344
4353
4353
4446
4446
4446
4389
4353
4389
4353
4389
4353
4353
4353
4449
4389
4414
4396
4341
4636
4344
4395
4389
4344
4357
4404
4345
4388
4353
4353
4344
4357
4353
4414
4353
4449
4427
4452
4352
4463
4301
4313
2899
4845
2922
4303
4222
3131
4467
2899
4460
4299
4313
4839
4846
4592
4315
4478
4317
4843
4842
4534
4847
4477
4593
4477
4315
4505
4638
4644
4644
4646
4647
4647
4408
4408
4651
4503
4638
4595
4636
4399
4653
4639
4398
4383
4658
4654
4659
4501
4519
4501
4566
4496
4648
4510
4651
4516
4496
4514
4546
4520
4520
4585
4674
4670
4569
4520
4669
4671
4674
4561
4852
4561
4852
4852
4856
4561
4849
4852
4850
4505
4598
4506
4523
4501
4602
4523
4601
4610
4600
4612
4598
4607
4616
4616
4854
4627
4855
4618
4618
4620
4650
4493
4511
4546
4511
4670
4670
4670
4562
4561
4850
4850
4850
4617
4524
4619
4573
4574
4541
4587
4587
4856
4665
4843
4673
4596
4597
4504
4504
4492
4504
4510
4490
4650
4546
4544
4512
4491
4608
4594
4608
4609
4511
4552
4511
4554
4608
4614
4615
4614
4559
4563
4565
4579
4563
4560
4615
4561
4561
4579
4579
4579
4504
4636
4637
4388
4635
4442
4635
4395
4442
4382
4349
4398
4389
4383
4383
4383
4430
4653
4408
4653
4455
4357
4647
4394
4395
4647
4396
4641
4638
4406
4504
4665
4843
4663
4311
4534
4593
4528
4672
4672
4672
4477
1455
1672
843
4764
2866
4725
4725
4280
4726
2801
2801
4734
4249
2835
2845
3116
3112
2839
4734
4720
4788
4762
4745
4734
2742
2818
4244
3087
2737
4726
4164
4185
3158
3358
4704
3087
3087
4882
4685
3173
2791
4705
2836
2839
2927
2857
4763
2858
2859
4882
2838
4735
3021
4719
4685
2789
4720
4882
4882
4166
2827
3173
4249
4281
3021
3359
2847
3117
3019
4681
4274
4274
2532
4819
4819
4130
4755
4724
4995
277
2398
3039
4994
4732
2784
2784
4265
2790
4747
3158
2970
3039
3039
3159
3159
3203
4995
4995
4868
639
3014
3014
3140
2502
2502
4262
4743
1573
3090
4171
2931
2930
4693
2863
4232
3044
4680
2790
3202
3175
498
836
2813
3190
3033
3037
2457
576
2985
4825
4825
3101
4786
2943
4212
3119
3193
3193
3193
2517
2790
2515
2407
4796
2825
2824
3180
2929
4799
2917
2936
2880
4832
4223
1523
577
2434
492
869
646
1527
818
512
2487
573
2514
210
2434
1802
2533
1553
2237
4823
4823
2361
2361
4826
3040
2911
2919
3185
4678
4198
2891
2790
2790
867
2271
298
3054
4308
4665
4460
4840
4663
4310
4850
4561
4560
4586
4560
4615
4665
277
3194
3194
3194
3078
1665
4009
4279
2736
4275
4863
4863
4280
4279
4736
4009
4730
4729
4729
4139
4130
4291
4257
2563
4704
3893
3151
3915
851
4729
4729
4729
4279
4279
57
2744
4135
4137
2797
2778
2785
4131
2233
2575
2546
2635
2594
2594
2636
4290
4289
2636
4289
2636
4289
4286
2628
2539
2599
4985
4863
4273
4873
4863
4863
4863
1456
309
309
2407
3024
4273
1665
204
97
1456
1456
1456
2393
2393
4274
4273
4273
251
251
4273
1457
2393
1455
872
205
11
1665
1665
4291
2743
3915
4124
4128
4128
4128
1457
1455
1457
4273
57
220
2407
2405
1674
1457
2394
515
2394
2394
2394
517
2438
2394
220
2438
2438
572
572
2456
2456
830
830
902
945
2217
202
2948
4879
4879
1654
2471
1445
4907
1670
3917
4935
3916
4274
4681
4011
4268
1817
4133
4268
4011
4011
209
4268
4906
2747
1575
2491
4141
2797
2816
4008
4143
2262
4721
4718
4718
2625
2625
2613
2646
2612
2611
2560
2611
2631
2615
2615
2609
2609
4288
2625
2644
2666
3364
85
101
51
91
91
41
51
201
2647
52
51
75
29
121
201
855
2425
164
2583
2613
1830
41
49
198
127
101
101
126
2644
52
52
41
41
21
23
50
2654
2612
4287
36
28
2429
132
2645
2560
2582
2582
2625
133
2644
133
2609
2646
2571
2608
90
33
82
83
42
123
91
84
21
20
50
19
20
53
77
49
2428
848
855
162
132
2419
91
42
2616
2615
2582
125
2571
50
100
2611
2572
2582
2611
2609
49
88
132
2430
4288
198
2612
2583
2608
2602
2646
2609
2560
2612
108
140
2720
40
77
77
46
2419
19
87
58
126
75
849
42
26
46
3340
148
141
92
2549
94
2557
2612
3341
2610
1830
2572
85
2583
40
83
83
83
83
83
83
24
87
87
24
83
107
87
87
86
87
87
91
125
86
83
91
83
83
24
87
91
86
86
24
83
24
86
91
87
83
87
87
83
83
83
83
83
83
83
125
42
87
83
3343
3343
3001
3315
3369
2974
3891
244
3083
288
4943
2529
1645
3065
2734
4005
3986
4975
3315
4943
3065
2947
1640
3329
3986
4004
3329
2999
3363
3364
2753
2520
2632
263
2299
2296
1646
4105
1545
454
3209
3209
3209
3084
3022
4946
2730
3084
2349
273
128
1679
863
128
2632
2356
58
506
2243
2286
2262
275
451
4977
4813
2966
2238
2288
319
275
2300
4138
4138
2294
236
294
281
2225
703
310
460
1726
478
478
1690
1800
4838
3894
4006
3983
3985
3985
2999
587
4777
4777
1700
2357
2298
2944
461
310
1727
597
597
324
1720
2358
2300
2324
274
479
1706
479
314
1718
326
2325
331
330
1713
2265
1695
1719
2231
508
2252
508
349
351
643
2337
345
329
534
2358
2358
474
640
640
2258
604
2234
405
606
2337
2256
415
338
335
406
2229
2253
2254
340
339
358
363
357
617
540
2255
366
1764
1757
1738
432
1765
1754
1773
1741
1770
1771
625
629
391
1775
621
385
395
2305
1780
2370
623
1999
2908
2908
4751
2908
323
324
2333
333
674
674
347
347
354
406
426
375
545
382
1683
278
352
611
328
2242
2332
316
676
357
339
2235
537
406
2369
362
2307
431
360
2268
346
463
2798
2967
4983
4944
4943
3985
3985
3985
3898
4146
4992
4138
1684
4754
3347
3347
876
58
1807
1804
1805
1675
635
3997
111
2399
1429
4924
4042
654
2281
235
2348
2349
1531
4988
4959
1807
278
4754
433
650
703
532
703
634
3347
854
4912
2996
4045
4045
4050
3065
3369
3369
3006
3008
3363
3363
3363
43
2632
2988
3364
3364
3020
139
3845
3364
2355
288
642
3100
4974
4974
4974
4007
4838
4259
2751
4020
4944
3985
2817
3985
4110
2728
2728
2728
530
3191
399
527
686
475
1804
479
586
4791
586
4738
4738
4241
4255
1732
644
1734
333
346
334
2334
2335
675
677
354
679
425
681
682
381
3848
3875
3998
3997
3996
3848
3861
3883
3370
3065
3065
3065
4054
3871
4042
3197
3909
3375
2974
4104
4950
3984
4005
3897
3008
3008
4004
1432
3197
2316
4878
2374
2356
4884
1820
702
702
4138
4061
2320
594
593
302
1687
2298
314
1722
293
2248
1696
610
2336
348
418
330
1703
2242
2232
2232
2256
2255
2339
1754
1758
1759
367
2326
1783
2371
1772
1739
378
2327
2370
390
1767
524
634
528
468
450
468
1681
1800
1690
2302
608
608
675
2334
533
2519
1644
1548
1526
854
701
1688
271
2292
2238
4911
2992
4912
3379
2991
4058
3427
3066
4054
4146
1691
1825
4995
2417
1697
315
315
535
421
538
420
1757
427
628
4738
4791
518
4738
3027
4738
4738
530
3013
4946
4911
4911
4932
4932
652
2225
651
653
290
3995
4931
3065
3065
3065
3387
3317
3966
3465
3466
3948
3469
3957
3469
3473
3466
3476
3211
3956
3475
3304
3934
3922
3951
3456
3233
4067
3455
3298
3310
3458
3252
3228
3257
3009
3061
3062
3247
3271
3010
3846
3480
3480
3963
3550
4068
3236
3249
3224
3302
3171
2772
3859
3061
3274
3473
3953
3945
3953
3254
4086
3860
3456
3476
3955
3592
3961
3447
3957
3012
3933
3240
3263
3302
3948
3473
3857
3924
3308
3308
3248
3941
3927
1636
2956
2956
4814
4032
4946
2767
2764
4104
4946
4814
4814
3227
3254
4982
24
83
111
91
37
29
33
33
4010
4838
83
83
83
52
3364
2632
139
32
2288
469
82
24
91
856
82
83
2245
232
1812
1692
1826
2528
1820
4145
2560
3364
2640
3351
2686
3340
3007
3343
3343
3007
1525
3005
4875
58
1589
4869
447
2754
4952
4036
4946
4913
4946
4913
4959
4045
4045
4913
4911
4916
4045
4946
4946
4946
4045
4871
4932
4871
3065
3065
3317
3065
3065
4862
3065
3065
3065
3065
3385
3317
2947
4946
4946
4814
4026
4869
4952
3982
2965
1524
3426
1648
2721
2721
4871
4871
4871
4871
3001
3008
3000
2721
3006
2721
4871
3387
4913
4959
4946
4946
3420
4912
4042
3855
3263
4817
3849
3252
2615
2686
3310
3236
3314
3940
3949
3256
3951
3216
3276
3276
3222
3463
3580
3781
3504
3504
3587
3593
3516
3498
3967
3488
3782
3972
3488
3530
3834
3541
3541
3541
3547
3975
3471
3507
3968
3784
3607
3598
3608
3569
3790
3790
3784
3515
3598
3597
3638
3718
3784
3790
3598
3619
3606
3790
3791
3790
3828
3790
3606
3825
3611
3659
3598
3690
3551
3610
3670
3695
3718
3660
3621
3702
3659
3670
3695
3630
3598
3597
3609
3659
3569
3590
3619
3561
3613
3718
3607
3609
3542
3803
3800
3611
3618
3670
3554
3777
3825
3504
3503
3798
3777
3718
3783
3619
3598
3659
3613
3606
3598
3718
3659
3825
3718
3609
3718
3611
3718
3655
3718
3718
3718
3598
3606
3598
3795
3515
3546
3828
3583
3542
3598
3655
3611
3659
3660
3790
3790
3598
3718
3695
3967
3817
3715
3718
3660
3718
3654
3654
3660
3660
3660
3654
3718
3654
3718
3660
3718
3718
3718
3718
3654
3722
3724
3654
3659
3611
3611
3659
3613
3659
3718
3613
3718
3665
3718
3659
3718
3660
3718
3654
3654
3654
3654
3659
3718
3660
3718
3654
3654
3654
3654
3718
3654
3659
3720
3654
3654
3654
3654
3722
3654
3654
3654
3654
3654
3654
3724
3654
3663
3724
3654
3654
3709
3724
3663
3724
3663
3718
3718
3659
3660
3718
3659
3718
3718
3660
3654
3718
3659
3609
3604
3654
3718
3718
3659
3654
3718
3654
3654
3660
3654
3721
3721
3718
3722
3654
3654
3654
3720
3654
3654
3654
3718
3654
3654
3654
3722
3654
3724
3660
3654
3663
3654
3722
3663
3654
3724
3722
3663
3709
3654
3663
3663
3718
3718
3654
3718
3655
3659
3665
3654
3718
3695
3715
3715
3718
3695
3706
3715
3650
3695
3638
3654
3718
3718
3724
3654
3714
3718
3715
3654
3654
3706
3666
3654
3722
3654
3663
3714
3654
3654
3724
3718
3724
3714
3724
3654
3709
3654
3722
3640
3695
3613
3639
3718
3606
3784
3783
3610
3610
3606
3783
3784
3784
3610
3610
3784
3783
3784
3784
3784
3784
3784
3784
3784
3610
3610
3610
3606
3784
3784
3610
3610
3561
3609
3695
3718
3609
3690
3670
3670
3638
3670
3621
3690
3609
3670
3790
3598
3607
3598
3598
3606
3783
3607
3606
3606
3793
3790
3791
3793
3619
3551
3730
3581
3784
3606
2609
2610
2609
2609
2609
91
24
24
24
90
3417
3417
4811
3170
3020
3869
3875
3998
4037
4038
3869
3069
3072
3064
3859
3057
3855
3849
2991
3441
4051
3383
3411
3065
4912
3427
2731
2993
4053
3201
4054
2947
3412
4118
3425
4007
1423
1423
1642
2775
4296
1818
2348
209
1430
262
4006
3900
1428
2972
579
2348
2729
3206
3905
4948
2760
2760
4003
2967
2760
3076
2944
2944
3987
2817
4925
3256
3327
3462
3935
3220
3949
3954
3951
3216
3216
3921
3936
3226
3936
3217
3961
3217
3966
3950
3936
3957
3211
3958
3960
3961
3945
3549
3465
3474
3592
3961
3476
3467
3474
3967
3975
3973
3473
3474
3823
3545
3546
3546
3804
3541
3804
3507
3972
3578
3578
3507
3775
3580
3488
3828
3547
3828
3826
3487
3507
3504
3583
3586
2632
1608
3013
3013
3364
2988
446
1430
1638
3983
3898
3898
1432
4093
3900
3983
3900
464
240
1609
4026
3991
3991
3421
4039
4052
3426
4045
2530
1576
1546
262
1547
1423
1433
224
2245
1550
3356
1551
4271
1813
3416
4043
882
2527
4772
4815
4032
3375
3375
2758
4988
2529
4988
4988
1556
1635
240
881
4984
4986
1646
1646
454
458
882
2351
878
852
3085
4057
4928
4815
4025
4047
4057
3374
1634
1648
4025
4091
2219
1594
4947
4947
3424
4036
4027
3005
4815
2964
3346
3005
852
881
32
3445
3237
3286
4084
3299
3933
4071
3456
3219
4077
3458
4085
4089
3457
3236
4874
1570
2491
2267
209
578
2311
3914
4948
3324
4028
3385
2763
3065
3317
4911
3385
3385
3199
4911
3385
2704
2656
3365
4866
3363
4925
3364
3987
3987
4974
3987
4974
1790
264
2274
1678
583
2266
2263
2243
2295
2286
865
866
301
2260
2295
2227
2246
1823
596
647
600
1735
597
1720
2359
1733
324
1708
326
2365
2322
1700
402
1716
327
311
1711
645
645
1733
1709
1709
1732
346
1734
1716
1698
1706
1722
1707
294
2241
2247
318
1730
1731
532
2226
2228
408
374
366
1747
376
1753
2340
1751
2340
615
367
430
374
1744
373
541
2221
2304
359
426
362
373
364
1760
2222
372
428
541
1769
1778
1743
371
1749
1779
409
1774
2341
1737
1741
1740
380
620
377
1776
2417
4751
1685
1676
4138
699
1684
1797
1685
287
689
1684
1684
4751
584
671
636
4144
2417
4754
650
468
4259
1554
1809
4267
4813
1692
1549
218
1423
457
2775
4976
4007
235
1427
647
647
864
1811
1692
1692
1682
4278
4284
1823
1822
4288
2608
2582
129
26
50
2549
4288
3341
4751
4995
1431
628
2002
2003
2000
1856
1844
1856
1841
396
546
1850
2009
1847
1848
1845
2000
2379
1854
2009
1993
2047
2084
2056
2153
2148
2154
2094
2094
2148
2153
2094
2153
2153
2146
2094
2153
2153
2083
2145
2153
2140
2059
2053
2140
2053
2053
2142
2059
2106
2053
2059
2146
2154
2154
2094
2154
2146
2148
2148
2153
2153
2153
2144
2153
2153
2155
2133
2153
2156
2133
2153
2153
2144
2153
2152
2144
2152
2153
2153
2152
2153
2152
2153
2142
2056
2053
2053
2152
2157
2158
2053
2143
2140
2152
2056
2059
2058
2056
2053
2056
2059
2092
2053
2148
2154
2146
2153
2047
2153
2153
2085
2144
2153
2144
2047
2053
2053
2059
2056
2148
2154
2133
2153
2156
2153
2144
2153
2153
2133
2153
2047
2153
2152
2142
2152
2053
2152
2056
2153
2059
2058
2053
2152
2342
1997
389
397
395
394
392
1843
2305
389
386
2004
2006
1842
1998
1852
1865
1855
1859
1847
2022
2377
2204
2015
1857
1851
2115
2078
2075
2167
2068
2111
2110
2382
2066
2096
2096
2116
2095
2110
2066
2164
2155
2157
2152
2064
2384
2075
2073
2074
2129
2387
2387
2387
2129
2380
2387
2380
2214
2380
2020
1862
2380
2376
2380
1862
2020
2020
2021
2020
2021
1995
2011
2012
2011
2008
2011
2076
2384
2076
2129
2129
2125
2205
2205
2386
2076
2123
2383
2123
2122
2208
2010
1864
2208
2209
2205
2387
2065
2387
2387
2380
1862
1862
2021
2021
2011
2011
2017
2210
2015
2126
2377
2390
1864
1864
2012
1995
1994
2020
1847
2380
2096
2155
2155
2116
2064
2064
2066
2066
2213
2213
2213
2097
2097
2097
2096
2214
2380
2213
2123
2123
2210
2210
2123
2215
2215
2021
2010
2010
2021
2021
2011
2011
2010
2155
2154
2154
2153
2153
2153
2156
2153
2152
2153
2152
2056
2153
2063
2152
2152
2064
2062
2058
2066
2058
2111
2158
2389
2389
2152
2155
2157
2163
2155
2383
2155
2008
1994
1853
1850
1863
1858
1859
2376
2379
2376
4913
3385
60
680
612
4096
4977
700
291
291
1689
644
678
2336
353
1735
603
2534
346
353
1689
4975
655
1820
3152
862
1726
1727
2293
1808
4276
2528
1693
2297
452
1728
601
603
474
2301
678
678
611
609
1799
1428
2310
1691
1682
1819
1728
1710
332
1799
1694
1808
335
4980
4099
4794
3891
4981
4979
1683
287
2276
2373
4995
2261
4995
531
1788
854
699
4138
1797
287
530
689
272
699
4995
2236
2236
1800
2277
2284
2260
274
1576
281
2250
348
607
507
341
626
4138
2257
369
4138
3347
1607
289
2299
477
525
686
1577
1704
1704
1704
302
599
1698
1712
2265
1755
1750
690
686
689
527
1528
1648
1697
536
405
535
537
420
539
2269
542
1745
876
4050
4002
4815
647
579
1551
1578
1571
4040
3994
2965
2275
1791
307
596
2321
1698
2363
2322
2322
2264
379
1764
2268
343
1781
544
854
3347
1433
1810
2004
1846
2007
621
1847
2020
2020
2011
2021
2021
2008
1860
2010
2011
1787
854
689
3329
2817
2649
4146
3894
4006
3082
2728
4096
2966
3001
4147
2817
2728
2417
4144
2988
4145
3007
3344
2721
2721
3369
3894
3896
3896
3896
852
2728
3983
3900
3983
4098
447
2727
4754
4138
4147
4284
1793
2610
126
84
52
82
83
87
83
83
83
87
83
91
91
91
87
2999
4968
3065
2956
4005
4005
3986
4004
2723
4029
4943
4014
4050
2798
2409
2649
4022
4943
4050
4050
2956
4812
4774
2761
4103
4814
4032
1524
4676
3004
3007
2780
3976
3006
2721
3006
4961
3914
3909
4949
4948
4003
4022
4021
2956
4095
496
1556
2967
3988
2758
2758
4987
2529
2529
1647
1556
1577
1578
289
1609
3324
2945
3902
2527
1593
4956
3369
3065
3206
3909
3909
3369
4969
3903
4107
1638
4006
3897
4268
2267
4838
4838
4010
4010
4010
4838
1605
2240
4821
2350
4141
3100
3100
2971
4258
3892
4718
3898
3898
4456
