2549
3793
2442
2442
2442
2442
2466
2442
3322
2422
2525
2416
2419
4903
4903
3416
2521
2521
3793
2427
2515
2433
2521
2435
2482
2502
2529
2468
2515
2461
2509
2519
3317
2445
2460
2658
2445
2503
4902
2417
3793
2431
2485
2503
2653
4903
4903
2549
2434
3284
3284
2480
2480
2482
2487
2515
2442
3317
2493
2519
2503
2503
3328
3328
2442
2442
2449
3318
4902
2493
2432
2471
2497
2494
2466
3793
2445
2485
2485
2472
2521
2521
2502
2487
2502
2515
2485
2461
2461
2502
2502
2461
2461
2461
2461
2461
2503
2521
2434
3323
2464
3319
2493
2494
4905
2483
2442
2416
2466
2442
2449
2419
2502
2658
2658
2503
2653
4903
2442
3328
2442
2425
2449
2442
2658
2469
2442
2442
3289
2658
4107
2445
2461
2461
2461
2461
2445
2515
2434
2653
3790
2503
2471
2494
2494
2445
2521
3322
2464
2435
2653
3328
3328
2658
2442
2449
2442
2471
2525
2449
2466
2494
3328
2658
2437
2485
2485
2437
2485
2461
2461
2461
2461
2461
2485
2485
2485
3793
2434
2460
2445
2434
2521
2434
2445
2529
2529
2445
2461
2461
2460
2445
2445
2461
2445
2461
2461
2461
2461
2461
2460
2445
2445
2461
2461
2461
2461
2485
2485
2461
2485
2461
2434
2445
2461
2445
1429
2306
428
1348
1433
2295
869
674
1343
1343
446
203
250
1438
2167
2142
553
202
2326
1465
826
1575
2344
2344
209
558
4310
417
260
254
1523
2380
1461
2248
4080
1334
1457
1579
1578
844
3940
1490
848
848
567
848
440
3859
886
1524
1576
1579
1576
1579
482
848
567
859
1508
2216
1508
2248
2256
1461
4063
4063
1594
428
1593
2653
272
258
792
1718
1722
2182
303
2159
1464
1464
255
1718
619
434
639
1697
1709
1702
4900
1722
2399
274
464
2200
276
277
268
574
2129
2157
2129
262
1466
207
630
1439
1439
557
1439
253
287
287
501
443
444
1436
640
294
2160
1626
1627
1629
2156
2144
2145
303
504
574
582
1623
586
312
625
313
2224
316
658
342
343
2204
345
345
346
341
390
2165
625
592
2234
388
400
407
332
2201
318
663
323
2164
2116
344
414
1673
348
1666
353
414
2265
354
413
1668
358
348
375
2240
356
1684
666
1691
606
1693
1652
1685
1680
1766
370
1909
376
1761
1759
1927
2274
2277
1771
1907
1773
1758
1758
1910
1927
2178
673
1632
2130
518
519
409
341
391
355
1688
1762
1911
1915
2168
1705
406
405
330
2206
389
323
335
1673
1669
597
1678
352
360
359
603
604
602
1662
2128
439
776
417
202
551
202
1439
1439
1439
2136
2136
2129
459
461
459
2289
1702
4084
4036
467
456
458
1703
641
4090
254
4132
4291
1359
1453
442
1590
272
2256
1727
2248
1458
2248
440
1507
1334
848
848
1490
635
624
623
2297
334
668
669
508
467
2231
826
848
826
1576
1576
1575
848
826
826
2295
558
180
1585
3326
559
4109
495
3299
478
1703
1730
345
2300
1435
2303
2303
2950
284
284
876
570
212
212
1439
1439
2303
2353
2293
557
557
467
380
2186
2186
433
574
512
510
2190
672
655
2121
2124
2137
588
589
2127
2126
525
526
1676
527
1689
1916
1919
1902
1516
1334
1334
1343
1318
247
566
544
550
2349
202
2391
652
2357
686
1487
2216
1531
2354
2354
1579
1576
2342
1342
191
2167
1438
2167
1588
417
249
249
1459
878
2380
2387
1556
872
1595
260
654
2129
654
682
684
1702
1709
2229
2212
577
577
444
583
298
584
586
327
399
324
2118
311
626
315
2206
594
595
343
1659
415
1658
608
2267
2267
611
610
1760
1756
1908
1694
372
1909
1902
1918
2273
467
2288
3105
671
513
581
2133
2133
282
2123
330
332
333
523
1621
250
1460
1461
4987
2294
467
2184
2140
620
1589
1701
681
848
848
1576
826
1523
471
471
471
471
1526
856
856
576
1534
262
290
4729
624
2170
622
2233
659
2237
662
663
2266
600
665
363
2102
1710
1710
382
672
4750
1586
551
854
862
855
878
3182
681
1719
637
1516
855
855
856
694
698
1391
704
709
721
753
749
1385
699
1378
702
1552
722
708
727
1306
1546
711
1311
903
727
714
1311
198
1292
653
645
450
764
542
568
2374
1292
749
914
748
743
441
727
2252
1336
1294
495
1329
918
715
697
1386
1552
741
1544
2370
743
1306
709
1382
1384
221
1301
2252
245
741
1297
1336
649
917
565
194
1544
1311
2252
712
712
754
758
292
686
1570
886
238
1579
1571
1343
1571
1343
418
236
1576
1338
700
764
2502
2485
2461
2485
2460
2519
2509
2509
284
1464
2292
2461
2437
2486
1586
2519
4036
2445
791
2485
2502
2445
2460
2445
2485
2485
2461
4277
2271
1734
1735
1736
803
2143
654
1738
2950
3317
3318
3321
2422
1428
4063
1537
821
4081
1523
1523
2299
1537
2334
1491
2349
2291
1575
1575
826
1575
1575
1575
2380
2380
843
1490
854
886
826
826
826
826
1576
826
826
826
826
826
2389
202
855
855
2391
202
479
2337
855
855
855
856
855
234
1575
1576
815
2327
1523
1510
2350
813
1443
1523
1523
812
477
477
2327
558
881
2327
826
843
818
818
848
567
818
567
1489
1489
1301
901
742
834
1449
1447
2525
2422
1541
902
710
722
713
1540
1540
702
1550
1379
1549
903
1409
1422
1406
1410
1410
1383
937
1043
1410
1409
1043
937
930
1409
1393
1401
1395
1397
749
1399
1397
1001
957
957
1281
959
1424
1013
960
932
1277
1278
999
1001
1013
1277
1280
999
922
959
960
1424
1424
1038
960
1250
1278
1031
923
999
1281
1277
1278
1273
923
1280
923
999
1420
1278
999
923
999
984
1000
923
932
996
1280
1250
1281
996
1281
931
996
1250
959
960
933
1424
935
1413
933
1416
1038
992
923
1250
1279
1279
957
955
1273
1280
1424
1273
1277
991
1277
1280
1272
982
1273
1281
1268
1277
1420
923
996
1411
1030
992
1280
1278
1279
1281
990
1424
992
992
1272
1278
1396
922
1280
983
982
991
982
982
985
1024
991
983
982
982
1268
982
982
1028
982
983
949
982
1273
1268
1250
1278
1273
1278
991
955
955
1278
955
1279
1278
1278
1026
1026
1005
1256
1278
1005
1005
1005
955
1026
1026
1005
1005
1278
1026
955
1005
1256
983
1005
974
974
974
1257
983
974
1257
1258
1257
1256
974
974
974
983
1005
1005
974
974
974
974
974
979
1279
1278
955
955
955
1278
1026
1278
1278
1278
1278
1279
984
996
1278
1278
1278
1278
1005
1005
1005
1005
1278
1278
1005
1278
1026
1005
1278
1005
1278
1279
1278
1005
1005
1005
974
1005
1005
1005
1026
1005
974
974
1005
1026
974
1005
1026
1005
974
1005
974
1278
1278
1278
1278
1278
1278
1278
1278
1278
1278
1278
1278
1278
1278
1278
1278
1278
1278
1278
1278
1278
1278
1005
1278
1278
1026
1026
1278
1026
1005
1026
1005
1005
1005
1278
1005
1005
1005
1026
1005
1278
1278
1278
1278
1278
1278
1038
957
953
992
992
958
953
992
992
993
952
1029
1029
1029
952
946
993
946
952
952
1029
1029
958
952
958
952
1029
958
1029
1029
1029
1420
1278
1278
1278
1278
999
923
1277
1278
1278
1278
1278
1277
960
959
959
976
992
976
996
992
992
957
959
960
960
959
1424
960
923
923
932
927
1013
957
2471
2419
2471
2460
2461
2445
851
820
1456
871
824
1445
1318
1508
1334
1334
1456
1450
870
1366
1326
871
568
759
763
2244
1579
1579
240
642
2216
471
848
848
2387
1528
863
496
852
567
567
848
848
816
848
471
1579
844
880
860
1444
236
862
1579
1570
1579
2216
207
1352
4087
1607
1733
2119
1728
1733
632
1562
4312
1351
1561
2398
2166
2167
1346
630
632
427
1354
189
2392
1361
2354
1363
1363
418
1367
2390
1368
209
4310
285
1550
1540
745
711
1541
724
713
1540
748
748
715
1547
708
734
913
1378
693
702
737
756
702
1379
911
1552
734
1372
1383
1389
1381
697
1371
701
720
1403
1390
1388
701
1383
1043
750
695
731
738
934
1398
1398
937
1400
933
1408
1408
935
1410
1400
1410
935
1415
1407
695
790
4884
180
3944
1433
2247
1557
2166
1435
2247
2247
2247
557
557
2166
2167
3944
1430
2305
2359
2360
873
1471
2245
2387
1510
1510
1524
1524
1510
818
1510
2199
440
1564
1356
233
1561
1752
1563
1559
1740
272
443
1726
1725
257
2136
1462
1465
1530
4994
1523
1555
1441
3994
1363
1573
1579
642
1325
471
642
1579
848
471
471
2250
567
2250
817
1468
818
1468
2620
2879
3940
1494
1343
757
447
447
2211
1458
2211
2199
1440
4092
4830
4666
1554
2246
1490
1491
213
2347
2210
2404
273
2242
219
2620
1491
2362
812
2299
2290
1535
1511
2298
214
2348
1430
1539
4036
533
543
441
1514
1304
1293
1446
537
743
1293
714
1311
541
539
1311
904
219
3994
4091
4984
4134
4086
4988
4092
1567
2306
2301
236
1576
234
854
862
886
886
1575
1576
1576
2491
2491
3317
3319
1368
4308
4985
498
4113
498
3943
2303
2303
1599
2254
1602
1592
2255
1600
258
4292
3181
4126
2287
1601
259
265
1720
679
4268
1604
1560
1560
4291
301
2147
297
383
1628
515
261
2161
1619
1620
1621
1622
315
1624
1625
514
516
2122
683
1609
2257
2218
1614
1647
1647
1643
1641
1644
1645
1647
289
1648
1686
371
1683
366
1680
367
528
393
1679
2205
607
609
365
1695
613
1653
603
2264
1691
354
1649
410
1653
412
603
1661
602
1657
1659
664
1760
369
1912
1754
373
611
530
395
1901
377
367
2205
1906
374
373
1904
1698
621
282
4247
1591
1712
1702
1702
1702
1591
252
2133
2132
467
1698
1709
673
1712
1713
1714
624
623
422
422
512
511
1719
800
1463
801
2158
2141
1723
1737
2159
1560
1352
4987
2119
2163
1727
262
1607
1461
4088
4291
439
2662
1462
1739
802
1735
1723
803
2143
2135
2311
1740
2448
4037
2442
2658
3328
2445
2431
2944
2424
3320
3943
2941
4285
2105
2103
1923
1920
2031
2031
2108
1759
2022
2029
1998
1994
2278
2030
1970
1967
1968
1961
1992
1974
2278
2281
1869
1820
1794
1869
1869
1869
1869
1869
1869
1869
1869
1820
1869
1869
1869
1869
1869
1820
1869
1869
1869
1869
1794
1837
1820
1869
1794
1837
1837
1794
1837
1869
1869
1869
1869
1869
1869
1869
1869
1869
1820
1794
1820
1794
1794
1869
1869
1869
1820
1869
1869
1869
1869
1794
1820
1869
1869
1820
1869
1820
1794
1794
1794
1820
1794
1869
1820
1837
1794
1820
1869
1837
1794
1794
1794
1794
1837
1794
1837
1820
1837
1794
1794
1820
1820
1794
1869
1869
1869
1869
1869
1869
1820
1869
1869
1869
1869
1794
1794
1837
1837
1869
1869
1794
1869
1869
1869
1820
1869
1869
1869
1869
1869
1869
1794
1869
1869
1794
1837
1820
1794
1837
1837
1837
2019
1918
2018
2104
2029
1920
2031
2110
1773
1774
1926
2277
2029
2019
2018
2108
1988
1987
1949
1949
2006
2051
2008
1949
1931
1856
1959
1935
1987
1869
1869
1869
1837
1869
1837
1837
1837
1837
1837
1869
1869
1869
1794
1837
1837
1794
1794
1794
1794
1794
1837
1837
1869
1837
1837
1837
1837
1794
1837
1837
1874
1837
1837
1874
1841
1855
1855
2087
1855
1855
1874
1855
1855
2087
2038
2037
2036
2035
2051
2037
2052
2052
2036
2036
2036
1869
1869
1869
1837
1874
1837
1837
1885
1794
1843
1794
1843
1869
1794
1794
2097
2036
2034
1944
2097
1836
1794
1837
1837
1841
1808
2083
1855
2085
1855
1947
1947
2036
2036
2036
1944
1847
1795
1930
1950
1995
2052
2052
2051
2009
2050
2041
2040
1794
1794
1794
1794
1794
1794
1794
1841
1794
1794
1841
1794
1897
1794
1794
2074
1794
1844
2083
2083
2074
2074
2074
2074
2072
2072
2083
1855
2083
2085
2077
2072
1944
1947
1947
1944
1946
2085
1794
1869
1794
1794
1794
1794
1869
1794
1794
1794
1794
1794
1794
1794
1794
1794
1794
1794
1794
1837
1837
1837
1837
1837
1869
1869
1869
1869
1869
1869
1869
1869
1869
1869
2282
2051
2012
2034
1951
1874
1874
1806
1942
1961
1936
886
4884
411
1672
411
2142
570
638
2134
267
2157
264
1608
2116
1671
340
591
2148
264
329
340
2164
1704
290
2163
2195
264
1728
2159
278
1618
2155
1726
2163
2158
291
255
2156
261
293
1616
1618
2150
350
2164
336
406
257
2153
1704
1347
1703
290
803
260
2145
1616
1617
1700
1723
250
1736
1665
1350
2167
1353
1731
2169
621
621
569
286
2173
2270
3176
1750
2191
2188
2187
2181
1701
2194
2139
430
2170
396
396
4729
2192
2310
1704
2171
2172
1524
2197
680
4992
435
2198
344
319
320
2207
602
1907
2202
2225
1702
1702
269
2197
2403
616
615
617
1565
504
614
307
1638
585
627
364
365
430
1699
4247
4987
1510
1510
1510
300
2235
403
661
662
2239
1664
362
1755
1769
1426
1469
1510
1523
1492
4088
4083
4989
2395
226
2381
2253
2381
1603
2254
1605
1562
1612
1637
2222
2261
2262
2267
361
2226
1677
1908
1764
467
1702
2271
1751
1772
1970
1998
2031
1966
2087
1948
1944
2045
1947
1944
2040
2085
1946
2054
467
2289
2289
2328
2328
1538
1466
1349
1349
557
1438
1466
2136
2135
262
285
2293
2293
283
571
211
479
2142
2166
630
3958
557
2166
2166
2166
1726
2115
1567
2297
2296
462
1737
570
2141
2889
3790
3793
3305
2486
2486
2437
2434
2445
2437
2437
2445
2460
2460
2529
189
1438
1438
1438
2344
1438
210
203
2209
1576
848
818
567
818
2344
2115
848
826
1362
1363
2326
236
1576
1576
1348
2167
1523
1434
862
862
813
2304
482
483
1537
188
1359
1360
2354
1362
1362
2356
1363
862
1348
1431
567
818
4820
1363
1573
238
1325
471
471
1343
471
471
471
440
2216
817
817
226
2404
2620
225
2301
2306
2384
818
1468
1566
188
2392
204
2388
1357
2167
2292
2292
4085
4984
1464
2292
284
4973
2292
2878
1369
4299
1725
4049
1738
2309
2309
2309
2135
2300
2300
1435
2518
2551
2450
2423
2442
2423
2449
2423
2513
2511
2511
2491
2488
2518
4911
2527
2655
2939
2543
3296
2544
2580
2655
2580
2544
2439
2651
2554
2544
2544
2651
2651
2655
3939
2651
2655
2937
2651
3328
2651
2489
2526
2477
2541
2437
2651
3328
2518
2577
2543
2450
2429
2544
2580
2541
4905
2544
2544
2483
2423
2459
2511
2939
2655
2651
2651
3328
3328
2423
2442
2449
2512
4902
2488
2489
2488
2450
2494
2450
2439
2655
2544
2544
2567
2527
2544
2544
2544
2544
2515
2439
2439
2439
2439
2567
2651
2651
2439
3328
3328
3328
3290
2477
2477
2527
2450
2449
2429
2494
2480
2483
2423
2491
2442
2450
2488
2483
3328
3328
3328
2651
2539
2651
2442
2489
2449
2442
2423
2651
2442
2423
2459
2651
2459
4904
3328
2439
2439
2439
2439
2439
2483
2944
2651
2477
2477
2526
2439
2494
2445
3290
2511
2511
2939
2651
3328
2512
3328
2442
2450
2423
2449
2428
2450
2450
2476
3328
2567
2544
2544
2544
2544
2544
2544
2439
2439
3290
3290
2544
2544
2544
2477
3290
3290
3290
3290
2429
3290
3290
2655
3290
2439
2439
2439
3290
3290
3290
3290
3290
2439
3290
2439
2439
3290
3290
3290
3290
3290
2439
3290
3290
2544
3290
2567
2544
2544
2544
2439
2477
3290
3290
3290
3941
2586
3021
2932
3177
4918
4882
3263
2587
2663
4054
3829
4954
4015
3876
4880
4893
4893
4671
2701
4920
3389
4929
2953
2608
4893
2602
3886
3021
2610
2585
2602
4978
4079
3345
3351
4710
3831
4034
3829
3854
4105
3265
4829
4923
2925
2925
3137
4947
3187
4922
4000
4957
3880
3015
3015
2624
4960
3141
2677
2606
2896
2937
4061
3311
3939
3939
2939
3035
4061
2937
4037
4757
2661
4274
2677
2945
4114
2666
2687
2407
3314
2668
4755
4709
4743
2675
4276
4118
4758
3977
4759
3184
3184
4741
4711
4742
3040
4688
2873
3127
2687
2688
4891
2871
2871
2871
2609
2968
3168
3167
3313
4714
4289
2608
2946
2884
4690
4791
4140
4807
4687
4715
2681
2965
2712
4147
4170
4152
2719
2717
2721
4170
4168
2727
4818
4189
4845
4238
4798
2858
2774
4176
4207
2750
2723
2744
4808
2948
3064
4775
2860
4189
4177
3161
4814
2765
2855
4237
4238
2858
2794
2856
2830
3093
3093
4240
4241
3090
4232
4180
4194
2815
4185
4228
3091
3099
2833
4470
2783
4232
4181
4477
4466
4332
4489
4488
2815
4577
4579
4580
4485
4661
4661
4660
4660
4660
4488
4731
4247
4731
4154
4808
3153
3155
2766
4184
2985
4187
3099
4479
4486
4548
2914
2208
2781
4765
4191
4816
2917
2979
2776
2858
4193
2790
4184
2985
4187
4183
4232
4799
3098
2810
4284
2867
4924
4972
4924
4930
2870
3877
2871
2871
2949
2949
4998
4889
1721
1717
4276
270
633
4035
4062
3042
4855
4728
4780
2890
4888
3177
4285
4033
4991
3407
4740
4741
4279
2606
2649
3858
2989
2600
3829
3845
2927
2930
4253
4896
4272
4272
2916
2967
2968
2208
2208
633
2927
2637
2927
3343
4104
2928
4931
2926
2932
3389
2933
3941
2934
2934
2934
2588
3326
3941
2938
2585
3942
2937
3939
3385
2611
4249
4289
2775
492
2949
2949
2408
4286
3147
2687
3336
2953
3877
4112
2949
2871
3875
4885
4885
2922
4800
4732
4746
2883
3102
2967
3175
3174
3174
655
2910
2973
2823
2846
4811
2852
2827
4218
4218
4185
4186
3092
4463
4486
3844
3268
3410
3964
3963
3798
3336
2605
3043
4927
4960
3367
2612
4934
4948
4945
4972
4893
4882
4893
2604
3022
3942
2602
4016
4016
2600
3377
4926
4968
3380
2656
4671
4883
4889
4783
2881
2674
4897
2595
3047
3170
3170
2690
4710
4149
2692
4167
2682
3058
3060
2982
2799
4153
3117
3086
3072
4195
3164
3094
2809
4182
2782
4858
4317
2813
2802
4464
4488
4860
4330
4317
4488
4332
4546
4661
4589
4876
2957
2972
2972
4717
2872
3039
2667
2838
4847
2863
4810
2767
4165
4722
4710
4288
4710
4290
4856
4262
4726
4257
4727
3134
4104
4105
4105
3016
3345
2597
3335
3369
3366
3962
3147
3147
4713
4729
4272
4270
4896
2728
3154
3161
4198
2790
4227
2832
4235
4462
4333
2970
2821
2819
4750
3174
2939
4890
2954
3368
2954
3369
3377
2669
3134
2911
4039
3363
3368
2955
3442
3442
3442
3922
3421
3421
3909
3432
3442
3909
3421
3421
3197
3893
4074
4074
3891
3210
3253
3241
3218
4068
4074
3213
2942
3844
2943
3814
3801
3844
3844
2643
3439
3439
3442
4074
3241
2943
3822
2943
3822
3146
3963
3439
4068
3442
3422
3916
2643
3253
2643
3218
3197
3439
3433
2886
3421
3963
3893
2943
3213
3146
3197
3431
3801
3203
3218
2942
4074
3241
3283
4918
4918
4918
2954
3838
3849
3843
3882
4947
4948
3253
3195
3253
3264
2439
2544
3939
2544
2544
2939
2939
2655
2655
2655
3147
1724
3290
3290
3290
2544
2544
2544
2939
2939
4888
2588
4061
4061
3106
2544
2439
2439
2655
2439
2544
2439
4277
4277
3312
3986
4718
4719
4280
3316
805
2939
2611
2459
2512
2424
2422
2586
2640
2640
4971
2625
4829
4976
3345
4053
2888
4936
3345
2595
4104
4102
3354
4102
4923
3351
3351
4923
3370
3178
4100
3358
2927
4931
3375
2927
2926
3358
3359
3358
3361
3361
3393
3364
3364
3385
3336
3393
3363
3393
3364
3393
2635
3333
3331
2627
3345
3352
4054
4055
3345
2627
3345
4977
3387
3387
4979
3145
3387
3358
3343
2929
3358
2926
4926
4003
3814
3822
3414
4831
3822
2423
2511
2423
3241
3241
3203
3887
3887
3421
3421
3893
3893
3892
3261
3527
3527
3504
3445
3787
3787
3442
3508
3502
3527
3431
3428
3935
3527
3935
3442
3442
3445
3442
3491
3442
3451
3460
3451
3771
3493
3548
3783
3775
3780
3471
3771
3765
3490
3775
3468
3451
3488
3488
3490
3503
3454
3783
3783
3448
3780
3514
3765
3638
3488
3481
3638
3763
3702
3541
3526
3694
3694
3759
3473
3724
3694
3480
3694
3728
3489
3489
3487
3489
3493
3576
3450
3771
3489
3450
3492
3492
3492
3498
3763
3783
3783
3539
3786
3527
3497
3687
3540
3474
3470
3472
3642
3449
3767
3482
3766
3490
3545
3693
3728
3636
3553
3694
3545
3483
3759
3456
3626
3475
3492
3785
3532
3539
3780
3498
3470
3728
3520
3520
3471
3780
3532
3493
3531
3702
3445
3490
3724
3766
3483
3583
3519
3484
3630
3484
3555
3483
3495
3580
3602
3545
3531
3602
3604
3519
3602
3519
3602
3520
3472
3514
3513
3472
3513
3470
3526
3639
3684
3642
3759
3524
3651
3550
3639
3651
3587
3633
3639
3687
3651
3661
3627
3690
3688
3641
3640
3765
3686
3526
3683
3633
3662
3647
3652
3585
3590
3644
3647
3649
3666
3673
3647
3672
3633
3647
3647
3660
3647
3673
3647
3669
3637
3687
3524
3554
3457
3687
3687
3759
3477
3643
3759
3759
3728
3493
3697
3697
3651
3702
3717
3711
3705
3691
3703
3697
3725
3717
3725
3703
3717
3714
3717
3717
3711
3703
3691
3717
3714
3712
3713
3720
3712
3714
3712
3712
3712
3717
3720
3720
3720
3717
3720
3717
3712
3675
3657
3714
3696
3696
3687
3553
3725
3725
3702
3477
3701
3694
3692
3701
3701
3718
3701
3701
3701
3701
3701
3701
3701
3718
3718
3718
3727
3701
3718
3708
3707
3707
3718
3718
3716
3716
3691
3707
3710
3706
3701
3707
3718
3716
3707
3716
3694
3701
3692
3727
3694
3727
3463
3463
3540
3778
3449
3778
3540
3463
3777
3463
3733
3741
3734
3777
3736
3736
3735
3735
3735
3736
3735
3463
3736
3463
3777
3736
3734
3739
3736
3489
3767
3728
3477
3726
3694
3488
3726
3698
3481
3727
3728
3488
3768
3769
3476
3771
3771
3450
3548
3775
3775
3449
3451
3503
3763
3517
3783
3474
3785
3487
3487
3487
3537
3770
2488
2488
4113
2655
2521
2439
2439
3835
3004
4960
3146
3962
3798
4960
3407
4039
3847
3962
3963
3798
3186
2597
3009
4959
4004
3380
3368
3189
4961
4003
2952
4105
2638
3830
3142
3380
3836
3996
3189
3407
4286
3868
3125
4284
3861
4722
4722
4710
3125
4290
4836
3870
3948
4290
4891
4891
4723
3861
4827
2897
3945
2600
2609
3876
4943
4944
4943
4928
3020
4094
4942
2891
3885
2936
3886
3893
3260
3893
3906
3203
3203
4074
3421
3260
3893
3893
3210
3892
3892
3197
3442
3909
3197
3197
3197
3197
3197
3916
3197
3906
3197
3442
3442
3922
3441
3439
3439
3442
3442
3442
3428
3442
3442
3445
3440
3935
3935
3442
3428
3445
3445
3440
3445
3527
3527
3504
3455
3491
3935
3539
3783
3504
3935
3491
3491
4881
2938
2585
2585
2935
4888
3958
3950
2989
3948
4804
3956
4999
4999
2600
2600
3264
4982
4885
4891
4891
4035
4060
4939
3327
3376
3962
4832
4923
2931
4922
2931
2931
3351
3400
3400
2925
3137
4032
3831
3977
3978
3948
3948
3979
3980
2867
4758
2663
3051
4995
4279
4282
4278
3988
2628
4832
3991
3379
3345
4040
4946
3881
3995
4099
3136
3137
3137
2925
3346
4933
4048
3959
3020
3882
3882
4955
4016
3829
3831
3831
3831
3831
3403
3973
3346
4976
3325
4892
4895
3034
3962
4056
3334
3334
4051
4825
4050
3993
3334
4833
4833
4011
4040
3383
3386
3337
4059
4936
4940
3337
2888
2625
2625
4895
4894
3228
3822
3241
3213
2999
3213
3241
3218
3241
3218
4074
3213
4074
3241
4925
4969
4826
4135
4804
3957
4050
4094
3884
3884
2634
3187
2955
4096
4934
4102
4098
4099
4099
2491
2422
2424
3942
2689
2940
2396
1587
4112
498
2949
2949
2949
4751
4116
4123
4131
2652
4119
4123
4300
4124
4125
4127
4119
4129
2660
4124
4266
4268
4835
4758
4135
4135
4673
4158
4806
4159
4160
4696
2671
4136
2921
4175
2702
3057
2670
4698
4139
4138
4156
2973
4157
4149
4160
4840
2679
4167
4166
2710
2715
2703
2920
2680
3059
2987
2833
4242
4226
2783
4226
4234
3092
3092
4315
4858
2811
2814
4231
2833
4181
2986
2831
4230
4241
3083
4181
2797
3091
2801
3095
4187
2808
2986
4488
4488
4462
4466
4489
4488
2815
4463
4479
4463
4488
4862
4327
4489
2815
2814
4477
4887
4247
2922
2690
2675
2915
2675
2657
4712
2686
4271
633
4898
4898
1750
4250
4117
4267
2676
4997
4997
494
4273
3175
2296
3981
4279
2663
4899
4281
4995
3312
3988
4284
3124
3861
2603
3125
4286
2867
2603
4710
4290
4284
3980
3310
3310
4296
4714
4689
4280
4298
1738
4133
4129
2475
4062
2449
3328
2437
2431
2489
2494
2478
2491
4247
3943
2935
4551
4562
4567
4526
4526
4515
4577
4519
4551
4523
4562
4555
4597
4601
4597
4598
4565
4498
4555
4542
4607
4555
4379
4379
4453
4379
4379
4379
4379
4379
4379
4379
4379
4379
4379
4379
4379
4379
4379
4379
4379
4379
4453
4379
4379
4453
4453
4379
4453
4453
4453
4453
4453
4453
4453
4379
4379
4379
4379
4379
4379
4420
4420
4379
4379
4379
4379
4379
4379
4379
4379
4379
4379
4379
4379
4379
4379
4420
4379
4379
4379
4379
4379
4379
4379
4379
4379
4379
4379
4379
4453
4453
4453
4379
4453
4379
4453
4379
4379
4453
4453
4453
4453
4453
4453
4453
4453
4453
4379
4453
4453
4379
4379
4379
4379
4379
4379
4379
4379
4379
4379
4379
4379
4453
4379
4453
4453
4453
4379
4420
4379
4379
4379
4379
4379
4379
4379
4379
4379
4379
4379
4379
4379
4379
4453
4453
4453
4379
4453
4434
4453
4453
4509
4547
4513
4579
4609
4524
4567
4526
4519
4577
4547
4523
4509
4511
4577
4545
4494
4416
4511
4565
4503
4601
4543
4645
4642
4416
4416
4514
4496
4379
4379
4379
4379
4457
4435
4435
4435
4434
4379
4379
4379
4420
4435
4434
4379
4420
4453
4453
4453
4434
4381
4361
4435
4435
4435
4435
4435
4434
4435
4435
4435
4435
4438
4459
4459
4459
4459
4459
4638
4459
4638
4506
4506
4506
4628
4503
4506
4506
4597
4508
4508
4508
4628
4379
4381
4381
4435
4415
4361
4643
4383
4354
4444
4444
4650
4379
4358
4390
4625
4628
4628
4501
4624
4649
4435
4434
4435
4410
4410
4459
4459
4459
4506
4506
4628
4628
4626
4627
4643
4643
4493
4651
4490
4504
4597
4597
4597
4597
4503
4503
4379
4358
4337
4358
4453
4434
4434
4434
4434
4410
4410
4410
4410
4434
4358
4358
4438
4410
4410
4399
4399
4390
4425
4399
4399
4399
4459
4399
4632
4399
4626
4632
4628
4628
4506
4379
4379
4379
4379
4379
4379
4379
4379
4420
4420
4379
4379
4453
4453
4453
4453
4453
4453
4434
4435
4435
4435
4379
4379
4379
4379
4379
4379
4379
4379
4379
4379
4379
4508
4592
4597
4502
4592
4490
4416
4459
4503
4640
4640
4640
3187
4037
3083
2796
4208
2953
4671
2834
3129
4298
3039
4674
4668
4207
2982
2837
4691
3315
2975
4721
3039
3038
4724
4298
4280
2688
4689
4672
4675
4258
4693
4686
4693
4694
4719
4692
3131
2683
4699
2735
2839
2780
2857
4720
2736
4143
2740
4682
2589
3109
4713
4280
4694
2672
2709
4682
4695
2603
4693
2795
3082
4932
2688
4722
2589
2589
3124
4270
2914
4248
4255
4750
4265
673
4247
4735
4779
4252
3049
3112
2922
2922
4856
2876
4750
4750
4875
4752
2685
4685
3345
4115
2885
2890
4781
2665
4761
2799
4849
3096
4229
4661
2208
4220
4241
423
2208
2894
4781
3403
4878
4783
2962
4007
3346
4787
2958
4791
3052
4843
4796
3098
4319
4802
3104
2924
2674
3345
3152
3074
2917
4817
2790
2790
4227
4233
4474
4580
2613
4922
3351
3351
3382
4922
4804
4827
4857
2615
4786
4922
3034
3961
2660
4122
4121
4828
3053
3044
2691
4150
4169
4317
3099
2801
2830
4330
4479
4779
4779
4857
4290
4567
4599
4609
4567
4562
4598
4638
4503
4504
4638
4628
4508
4626
4628
4626
4730
3041
4855
4917
4880
4881
2688
4891
4891
4885
2687
3316
2953
4885
2871
2951
4883
3324
805
3390
2688
2688
4891
2956
3325
2871
4891
2871
2666
4939
2956
2951
4272
4282
4686
4899
4133
2488
4913
2543
2544
2544
2544
3290
2544
3290
3290
3290
2544
3290
3290
2544
3290
2655
2655
3290
2932
4980
4893
4893
4885
4893
2701
4920
2612
2929
2927
3016
3359
2926
4893
4918
4971
3359
2926
2927
4920
2612
4104
3016
4948
4893
4882
4893
2604
3345
4918
4948
4096
2954
3379
3337
3381
3391
4942
4919
3876
4943
4094
2612
3883
4928
2589
4918
4918
4926
3993
4946
3878
3880
3997
3845
3137
2925
3356
3346
4976
4046
4939
2956
3884
4973
3398
4821
2587
4978
4981
4917
2587
4932
4882
4882
784
2292
4826
2687
1724
784
2396
2292
2292
2401
4300
1724
2887
4995
2307
2406
2406
263
492
492
2408
2408
2869
2869
3370
