140
115
829
829
829
817
828
825
1629
96
826
1790
7
3
38
826
119
481
48
144
184
793
804
160
36
115
77
1333
137
270
1582
31
836
59
817
114
55
67
162
108
1558
94
68
66
120
169
98
2393
1337
172
88
825
572
1626
1473
501
445
572
829
3325
1632
5
2556
66
115
920
10
817
39
31
58
32
92
133
796
796
32
73
89
88
91
33
29
108
116
35
43
796
18
8
826
828
572
136
118
2603
123
12
1790
1784
10
61
62
60
806
103
445
104
114
1784
134
270
1627
498
17
265
71
30
36
91
23
452
16
17
7
922
110
796
796
126
481
499
265
806
1632
10
829
1627
95
56
11
67
60
80
80
92
798
798
798
129
58
22
22
22
797
797
58
57
796
57
58
32
796
798
798
798
58
32
58
58
58
58
129
22
22
58
58
796
797
58
58
129
22
797
80
22
22
22
797
57
797
797
497
2380
203
204
2437
2386
1774
209
267
2477
1771
306
1780
893
898
2207
2480
2471
571
493
2220
2383
2293
1505
1569
463
1539
2465
1395
1776
894
893
899
2383
555
510
1770
1641
651
2257
1539
831
449
1557
1638
596
2269
1672
326
297
2934
641
641
317
2215
4167
4167
2893
1649
1775
599
606
328
1672
2206
402
2198
648
822
1390
2234
330
670
330
633
266
1771
1686
326
600
2311
2311
640
2311
2311
640
672
2313
672
672
672
339
2313
1663
2232
328
402
2310
331
350
350
475
350
350
475
350
639
638
414
506
335
334
347
332
331
602
360
361
2281
2281
363
362
675
609
371
2315
425
539
2244
539
2244
2244
337
422
602
602
674
339
339
2313
339
352
2227
357
356
2280
608
675
675
675
675
425
2196
2194
2193
1718
362
1715
368
371
1710
1721
431
372
429
1715
1707
1716
365
1700
1710
612
2301
1693
1690
1691
375
377
378
611
2317
1734
2302
1726
1696
1696
543
543
2317
1740
621
2345
383
1737
1729
1733
1733
4802
2299
4802
351
640
640
640
640
672
404
404
404
672
404
404
339
404
405
339
339
339
339
425
359
2315
425
425
675
2315
2315
2315
2315
2316
371
676
407
1697
1730
1724
1724
401
532
2243
358
356
355
674
425
674
425
674
340
538
340
364
1716
1711
371
2344
371
371
371
2315
2344
611
1720
427
430
2343
615
420
601
1640
207
2424
436
1782
285
4152
3027
4152
1612
1472
1658
313
1671
328
1354
833
2469
1764
2307
1375
1669
1637
1508
1389
1400
846
314
1681
4167
2893
608
608
1689
599
599
4152
4152
838
2431
845
2475
897
497
203
203
2385
255
229
2379
1475
1354
502
2371
1474
324
421
356
572
1767
211
1405
1773
4151
669
2334
1658
314
1667
330
1677
1667
595
4802
534
419
535
640
536
536
537
536
405
405
405
405
405
405
538
538
538
538
538
426
539
538
538
538
539
359
406
406
359
2244
539
540
370
406
406
540
541
406
541
1719
542
1698
1698
410
875
1367
1354
1343
875
875
1579
2438
887
664
211
1403
1478
224
225
204
495
644
211
2325
1489
292
647
402
2802
1659
1574
669
2309
310
269
2312
2312
2312
350
2312
671
475
349
417
605
348
354
352
2204
538
539
2204
2204
338
335
355
355
354
361
610
432
542
611
1701
1706
1703
1705
617
544
381
621
1736
1736
1729
1728
543
381
2299
2299
322
1656
2214
531
1673
295
421
336
426
426
426
405
425
339
605
418
350
1766
1512
4151
532
532
312
2224
598
596
899
510
841
844
502
883
2211
1673
401
673
2312
331
673
673
2313
673
2313
2313
2313
2314
424
2314
673
2314
2314
675
2314
360
608
371
609
371
1706
677
1740
1678
669
1667
1667
594
4151
206
229
692
873
1572
641
2340
1683
1676
1572
1576
873
1438
954
954
703
929
705
954
950
755
753
747
735
1419
927
929
1596
708
1596
771
727
728
764
500
727
728
500
500
731
732
500
1454
1438
1457
771
927
732
771
727
727
732
731
502
1445
705
1454
754
1420
927
742
708
940
1457
500
500
703
736
1594
1596
1587
1596
500
1438
500
736
713
500
728
708
2488
1391
437
875
2245
1620
1406
1420
755
2247
798
797
798
796
796
452
805
4994
797
22
165
492
1582
1477
642
642
22
798
798
58
129
80
798
1651
1642
1744
2260
2250
472
55
498
227
227
824
499
1790
1791
690
690
1538
2328
453
453
1398
2293
1487
2447
2432
2432
838
871
873
437
882
860
873
845
5000
1620
1620
1620
845
1576
893
2438
893
893
874
2432
2438
893
873
873
894
437
1574
469
1488
1487
889
1498
2418
2438
2438
1576
2380
2436
1578
1576
873
437
882
5000
510
1375
502
728
1382
732
728
1629
96
927
927
708
1427
754
708
1419
758
713
713
1427
948
1459
1461
1460
1470
1448
1449
1461
948
1461
934
1448
1466
1468
1461
1461
1457
1448
1457
971
1313
1314
1009
956
1027
971
971
1321
981
1312
1329
1318
1019
1036
1019
957
1060
1329
981
964
964
1321
936
1027
1069
1321
1164
1009
976
956
936
1012
1314
1165
1004
1318
1009
1165
1164
1165
1306
1009
1306
1007
994
1007
1004
1327
1306
1005
1165
1002
1008
1012
1328
1006
1165
964
956
1026
1027
936
1466
1025
1294
1057
1321
1318
959
960
959
1006
1165
1165
989
959
1294
1264
1042
1317
967
998
1039
1309
1165
1009
1294
962
1008
981
1036
1460
1466
1057
1001
1307
1312
995
1294
1027
972
1292
1039
1310
1449
1165
973
1001
1294
1164
1164
1160
1164
1062
1160
1294
1294
1164
1160
1294
1040
1294
1160
1164
1164
1164
1294
1311
1311
959
1165
959
1312
1009
1039
1309
958
1271
1165
1039
992
1296
992
992
1004
967
958
992
1169
1309
1040
1160
1004
1165
1001
1010
1039
1051
1155
1064
1119
1108
1109
1040
1109
1040
1040
1109
1155
986
1108
1064
984
1064
1108
959
1010
1309
967
1001
958
1165
1001
1296
959
959
989
1292
986
1296
1266
1001
1330
1045
1112
1010
1109
992
999
986
992
1045
1272
986
992
986
1001
986
992
1102
1099
1102
1108
992
1102
1109
1102
1053
1103
1033
1051
992
997
1066
1098
1099
1064
958
1001
992
958
1272
1042
990
1296
999
1042
976
1310
1001
990
1330
974
1310
974
1045
1256
1307
992
1042
999
999
999
999
1112
1038
1112
1330
986
1211
1045
1112
1265
1330
999
1211
989
974
1310
1000
974
1305
1015
1314
1314
1015
1015
1015
1015
1314
1069
1314
1012
1012
1012
1314
1314
1012
1312
1314
1068
959
959
959
1314
1314
1312
959
1069
1068
959
959
1312
1325
990
995
1311
1317
1268
956
1329
982
956
989
1316
1068
963
1017
1068
1314
1314
1015
1052
1052
1036
970
1315
971
956
1321
972
1027
1320
1318
1318
1008
1008
1057
1057
56
817
1633
836
32
798
58
129
844
844
886
1382
1367
557
557
1343
875
844
1382
875
1343
1343
510
835
664
510
211
899
844
887
1572
665
818
1606
438
582
1783
1764
307
289
1510
1608
264
2440
2441
1540
1483
2427
4129
2384
929
758
713
708
754
1427
1427
717
758
736
703
703
705
713
705
747
753
754
705
711
703
705
940
954
954
705
1457
1438
1449
1453
954
705
954
1449
1461
1452
1448
1461
1461
1457
944
1461
1026
934
1460
1460
949
1460
1460
935
949
1460
1581
2385
2379
493
494
2372
1555
505
2349
459
2242
1604
2488
1537
2468
2433
1575
888
1490
657
907
1504
1775
289
1506
1649
1755
581
3142
278
2348
580
455
2472
2490
573
263
233
1502
1554
1555
1555
1397
1400
460
1396
1396
1398
1564
290
1556
1491
888
2321
1491
1611
2293
2327
1514
1485
2323
2435
2469
1517
1565
892
2469
453
234
2328
1556
1556
444
1596
728
771
727
736
717
718
736
717
736
717
736
736
717
717
579
241
2481
1776
1653
4997
1507
3313
4293
1608
2486
4992
2370
1572
1572
873
873
899
1791
4121
1475
1632
1790
226
1635
4123
1796
226
1685
458
1668
2268
1646
1636
2339
1642
291
1687
2332
2332
272
596
450
2269
1755
274
1657
2206
419
672
671
672
351
640
351
344
640
2311
344
2226
345
2205
475
475
343
475
475
350
607
331
331
331
604
348
603
637
402
344
640
640
351
351
536
404
640
535
534
536
536
419
536
2312
2312
2312
2312
2312
2312
331
673
2311
2311
344
2309
605
349
2300
347
604
348
346
605
606
607
607
676
1704
375
378
1699
1699
1690
408
542
542
1701
613
376
1705
1705
1706
1708
676
374
429
372
1710
1713
541
1714
366
1708
615
1702
1719
1702
374
1700
373
2317
677
1727
616
1695
408
1730
544
544
1734
1734
1735
2345
617
1694
1740
1673
4151
293
2299
2802
282
2214
4151
401
4151
4802
457
450
2275
4166
3079
3026
1667
1683
3027
2348
1753
296
593
2241
1783
1779
819
1778
2326
2491
1756
1753
1747
2251
1749
2253
2367
1628
4687
1784
147
124
2631
3325
104
1790
496
4292
2491
2491
388
1725
627
627
627
391
1722
1733
1722
409
389
678
388
2318
2355
1799
1799
1799
1799
1971
393
1965
388
389
2318
387
678
2056
1986
2091
2091
2090
2090
2091
2056
2091
2056
1985
1985
2091
2060
2125
2091
1985
2056
2056
2056
1985
2088
1986
2088
2088
1985
2188
1986
2187
2096
2056
2056
2090
2091
2091
2183
2056
2068
2068
2056
2069
2057
2091
2057
2090
2090
2056
2056
2091
2091
2056
2064
2136
2089
2090
2090
2089
2091
1985
2052
2064
2068
2089
2068
2068
2088
2136
2184
2184
2052
2090
2088
2185
2068
2065
2082
1986
2186
2189
2033
2184
2358
2057
2056
1986
2069
2091
2091
2060
2056
2089
2091
2056
1985
2056
1985
2052
2116
1985
2190
2184
2056
2069
2056
2056
2091
2056
2057
2091
2091
2057
2068
1985
2068
2089
1985
2068
1978
1986
2052
2090
2188
1986
388
1731
1732
380
389
2346
1725
627
1737
624
1722
380
1725
2346
409
1732
1731
387
1732
545
1965
1799
2355
2355
387
411
411
545
1732
1722
1822
1976
1822
2093
1811
1977
1821
2366
2352
2181
1822
2093
2093
2188
2352
2046
2067
2047
2094
2100
2096
1807
1811
1807
1821
2353
1817
1818
2352
1816
1815
1963
1814
1815
1816
1816
1816
1816
1816
1816
1816
1809
1801
1808
1800
1964
1809
1800
1800
1964
1800
2355
2355
1964
1964
1977
1821
1821
1798
1807
1970
1807
1811
1798
1811
1821
2353
2182
2354
2366
1972
2351
1972
1972
1972
1811
1811
2352
2352
1817
1817
1815
1816
1823
1823
1816
1808
1964
1964
1812
1812
1970
411
411
1972
1972
1972
2355
2355
2355
1800
1800
1800
1800
1800
2178
2360
2094
2096
2094
1982
2096
2356
2352
1982
1982
1982
1982
2094
2179
2178
1815
1815
1983
2177
2177
1813
1812
2177
1983
2177
1823
1823
1808
1823
1824
1812
1808
1812
1808
1808
2093
2068
2092
2067
2359
2065
2064
2068
2065
2047
2360
2065
2096
2096
2360
2047
2082
2363
2045
2363
2188
2188
2190
1977
2183
1976
1984
1984
2090
2090
2183
2090
1822
1822
2318
2355
2355
1972
387
387
1962
411
1809
545
2350
411
873
893
4078
2194
1713
428
2195
2200
1657
534
2198
535
2208
2193
2244
2244
540
2244
2203
2209
2205
2271
537
601
353
353
1769
2201
223
535
433
420
312
297
821
2217
1663
325
2239
2232
2230
358
414
368
2196
2229
2230
2230
294
1661
2212
2272
2236
2225
415
283
820
2195
540
541
223
218
1675
1675
2238
315
457
2277
4802
292
2802
311
1685
533
4151
401
401
4151
1668
291
2214
1656
1568
1684
454
329
333
361
423
2285
621
4151
1717
4152
4152
323
1396
1658
1479
2309
671
671
671
2311
2311
639
639
1692
2303
2341
4801
1654
1552
2313
2313
2313
2313
672
2312
673
673
673
673
424
2314
2314
2314
2314
424
424
609
609
609
610
371
1691
2342
373
4096
1498
230
2326
1655
2367
2325
1568
888
2340
318
1646
1648
2312
2312
2312
2312
351
2311
671
475
475
670
342
2279
614
1706
615
1710
622
2317
2288
2326
619
2346
627
2318
627
1740
1800
1800
1810
1964
1809
1812
1800
1812
1808
2318
4151
2409
2386
1538
2197
439
444
1781
440
2371
255
2492
2380
2374
3268
234
636
1602
2387
3026
3027
2388
288
66
47
135
172
22
797
797
23
797
796
32
58
58
58
2477
1772
570
654
1401
2383
2434
1405
845
579
1523
1536
1486
840
832
2421
891
1412
1402
435
1523
2467
1502
308
1481
1399
1503
455
2289
2411
1411
1569
2474
491
1613
2478
2470
2390
274
4278
1606
1606
4293
4985
2270
4099
4990
3027
4984
4696
666
2588
2559
2503
2505
1627
1784
2505
4121
4123
4121
3417
3418
2618
2559
4122
2551
2993
2689
2689
3311
2551
2617
2582
2552
2560
2646
3291
2759
2994
2552
2525
3301
2627
2550
3417
2510
3311
2536
2762
2565
2585
2571
2611
4909
2651
2650
2690
3833
2579
2505
4122
4287
3300
2997
2600
3004
1627
1627
4126
2559
2602
2503
2587
2510
2550
3418
2626
2523
2551
3831
4909
2623
2611
2623
2582
2581
2520
2599
2527
2536
2511
2529
2529
2629
2625
2611
2628
2503
3325
2611
2624
2620
2615
2505
4120
1627
4123
2606
2527
2553
2607
2192
2499
2550
1784
2505
2762
1784
2610
3323
2610
3830
2524
2530
2583
4126
3302
2541
2526
2528
2625
4283
2628
2551
2628
4077
2999
4282
4120
1627
2626
2611
2624
2560
2624
3831
2584
2584
2584
3831
3293
3293
2566
3293
3293
3293
3831
3831
3831
2511
3292
3292
3292
2511
2551
3293
3292
2584
2566
3293
2566
3293
3292
3293
3293
3292
3293
3293
3293
3293
3293
3292
3292
3292
2517
3292
3293
3293
3293
2584
3831
3831
3831
2584
3293
3293
3293
3293
3292
2945
2987
2987
4943
3186
3970
3140
3382
3335
2707
4979
4877
3065
3393
4979
3088
3368
4875
2715
3066
3973
3064
4012
3970
4134
4051
3981
4076
4879
3342
2954
4268
4942
4072
4075
3338
3382
3160
4265
4053
2812
2800
2732
2812
2938
4131
4171
322
4894
2844
2910
4710
4156
4171
4171
2851
3135
2914
4725
3028
4152
4168
1687
4837
4063
4816
4814
4814
4781
2913
2913
4692
3031
4712
4698
4150
4716
2788
2812
2911
2911
2833
4163
4735
2844
4187
4187
4189
3034
3114
4304
3039
4462
4303
2852
2851
2881
2883
2849
3030
4215
2859
4202
4202
4202
4820
3110
3122
4229
4231
4614
4484
4543
4310
4484
4467
4467
4297
4467
4309
4467
4467
4859
4474
4859
2879
4472
2902
2878
4474
2878
4864
4547
4864
4869
4868
4544
4869
4868
4614
4566
4562
4502
4632
4484
4541
4484
4464
4854
4854
4317
4479
4317
4479
4604
4563
4627
4632
4868
4868
4595
4543
4543
4543
4595
4870
4321
4592
4595
4570
4679
4509
4496
4568
4635
4621
4519
4571
4569
4569
4543
4864
4543
4543
4868
4538
4528
4631
4602
4602
4534
4680
4680
2862
4570
4571
4570
4679
4592
4674
4483
4484
4310
4484
3039
3114
4854
4854
4464
4472
3115
3115
4783
3120
4469
4470
4471
2862
2862
4218
2903
4218
4820
4820
3174
4185
4184
4184
4202
4202
4202
4202
4202
4202
4215
4215
4215
3174
4215
4819
4215
4215
4215
4215
4838
4152
4152
3037
4690
3039
4317
4462
4462
4479
4679
4317
4558
4571
4562
4560
4317
4317
4479
3114
3114
2862
2862
4202
2925
4152
4604
4608
4538
4543
4541
4675
4675
4318
4318
4318
4479
4478
4317
4551
4502
4575
4631
4569
4321
4315
4682
4685
4468
4310
4483
4543
4635
4543
4543
4318
4318
4318
4318
4479
4481
4982
4933
3389
4942
3388
2789
4697
4695
4152
4168
4152
4152
4152
2947
4078
2895
3028
2895
2909
3840
4829
4889
4138
3978
3377
2910
4135
2951
4267
3152
3367
3029
4170
3028
4321
4466
4814
3170
3172
4814
4152
4152
4152
3160
3906
3387
3186
2715
2986
2693
2989
2990
4076
4876
2697
2693
3973
3974
3881
3874
2720
2945
2818
4263
4614
2493
4124
4711
4074
2929
3897
4151
3384
2895
2894
2895
2895
3169
4838
4838
4802
4802
2829
4690
3107
4462
4479
4462
4590
4590
4558
4560
4560
4560
4558
4679
4589
4475
4461
3039
4224
4224
4224
4202
3874
3866
3051
3840
2702
3338
3383
4942
3988
3369
3157
4914
4037
4915
3066
2989
2989
3889
4939
3338
3384
2783
4734
4712
3030
2894
3330
2840
2833
2758
4820
4202
2859
4191
3174
4203
3174
2863
3174
2863
2863
3108
3108
3117
3117
4821
4474
4821
4821
4603
4560
4502
4671
4864
4864
4632
4623
4582
4541
4309
4309
4309
4309
4466
4306
4466
4466
4306
4857
4595
4864
4568
4863
4864
4864
4864
4303
3039
4475
4306
4854
4466
4821
4474
4295
3176
4474
4295
4309
4309
4467
4318
4309
4309
4467
4231
2881
4184
4191
4820
4820
3174
3174
3174
3174
3174
3174
3174
4234
2871
4185
4200
4185
4184
4819
4202
4215
4215
4215
2894
2894
4802
4802
2831
4150
2801
4698
4697
4170
4170
4614
4538
4541
4675
4870
4466
4571
4679
4571
4215
4215
3174
4846
3174
3174
3076
4148
4696
2912
2925
3095
2912
2837
2831
4785
3168
4072
3987
4073
3369
3339
3987
4264
4721
4802
4170
2902
4472
2878
4472
2903
4317
4304
4464
4304
4854
4321
4478
4570
4679
4570
4569
4570
4570
4569
4317
4679
4317
4317
4304
4304
4472
4464
4854
4218
2862
2901
2902
2862
2833
4838
2804
4151
4151
4802
3969
2720
4876
3368
3368
3365
4939
642
642
3169
2912
2912
4939
3369
4942
3951
3200
3445
3920
3928
3208
3952
3951
3251
3928
3198
3425
3211
3219
3244
3202
3217
3915
3211
3419
3232
3257
3259
3259
3266
3259
3259
3840
3040
2750
3940
3440
3951
3211
3423
3211
3266
3227
3239
3246
3841
3254
3242
3450
3451
3250
3217
3916
2750
4082
3249
3937
3259
3259
3254
3425
3920
3234
3217
3238
3238
3881
3450
2750
3918
3257
3248
3266
3233
4059
4744
4072
3160
3285
2929
3920
3204
3982
2528
2566
3969
2566
2760
3288
3291
4278
3831
3831
3831
4909
4909
3973
2759
2938
1677
594
2566
2566
3292
3292
3293
3831
3293
4145
4130
3147
2771
4694
2965
2717
3319
2999
3320
4122
4122
1792
4883
3328
3328
3976
4064
4053
4828
3339
4889
4094
3383
4971
4072
4072
4942
3368
3368
3342
4072
3365
3368
4072
4072
4072
4072
3376
4939
3387
3369
4942
4942
4942
3339
3369
3369
3369
3369
4942
4942
4067
4067
4070
3351
4070
4971
4015
3351
4923
3186
3387
4939
3326
4883
4939
2998
4942
3368
3368
3367
3338
3158
3238
3236
3377
3874
3235
2554
2554
3915
3917
3913
3208
3250
3203
3918
3928
3202
3207
3283
3521
3516
3522
3518
3475
3445
3960
3519
3826
3955
3957
3441
3503
3958
3958
3965
3952
3518
3952
3512
3512
1285
3504
1030
3512
3512
3473
3562
1030
1285
3806
3509
3512
3531
3811
3509
3466
3512
3512
3466
3512
3512
3473
1055
1285
1285
3806
1055
3531
1030
1309
1055
3827
3806
1285
1055
1055
3806
3504
3806
3504
3806
3806
3460
3806
3504
1055
3509
1055
3509
3791
3512
1055
3509
3811
3826
3512
3476
3473
3474
3826
1055
3509
3827
1285
1055
1289
3512
1030
1055
3504
1055
1055
3512
1055
3815
1289
3509
1055
1055
1055
1285
1055
1055
3509
3473
3965
3562
3474
3512
1285
1285
1030
1055
1055
3458
3512
3504
1055
1285
3437
3473
1285
1289
1055
1055
1129
1127
1129
1055
1055
1055
1055
1080
1055
1055
1055
1055
1055
1127
1055
1127
1055
1055
1055
1055
1055
1055
1055
1055
1055
1055
1055
1055
1055
1285
1055
1055
1055
1055
1055
1055
1055
1055
1055
1055
1055
1055
1055
1055
1055
1055
1055
1055
1055
1055
1055
1055
1055
1055
1055
1055
1055
1055
1055
1055
1055
1055
1055
1055
1055
1055
1055
1055
1055
1055
1055
1289
1055
1055
1289
1055
1055
1055
3806
1055
1289
1055
1289
1289
1055
1055
1055
1055
1055
1285
1055
1085
1055
1289
1085
1055
1055
1055
1055
1055
1055
1055
1085
1085
1085
1085
1055
1055
1055
1055
1085
1055
1085
1055
1055
1055
1055
1085
1085
1085
1085
1055
1289
1055
1066
1285
1289
1289
1055
1289
1285
1282
3504
1285
1285
1289
1289
3806
1289
1289
1289
3504
1289
1285
1289
1289
1085
1282
1289
1085
1285
1085
1289
1289
1282
1282
1282
1085
1289
3806
1285
3806
1285
3806
1285
3509
3512
3512
3512
1030
3509
1030
1030
1030
1030
1309
1309
1309
1030
1309
1309
1309
1030
1311
1309
1309
1309
1030
1030
1309
1309
1309
1309
1309
1309
3806
1289
3504
1285
3811
3827
3827
3811
3473
3504
3806
3459
3473
3459
3512
1030
1030
3509
3509
3509
3512
3512
3459
3473
3512
3512
3531
3473
3806
3452
3562
3509
1030
2626
2504
2716
3291
2525
2528
2529
3293
3382
3865
3988
4010
3051
3866
3865
3853
3160
3989
3842
3866
3040
3160
3377
3330
3369
3160
2702
4072
4069
3369
3369
4072
4878
4830
4006
2796
4142
4262
4004
2713
3888
2765
3010
4976
4978
3905
3908
2714
3009
3930
3926
3202
3934
3931
3933
3208
3424
3918
3926
3425
3204
3926
3936
3936
3200
3936
3229
3939
3251
3208
3939
3205
3445
3231
3447
3249
3205
3946
3451
3446
3946
3958
3431
3959
3966
3430
3445
3952
3965
3965
3441
3433
3516
3517
3476
3519
3444
3476
3522
3521
3474
3518
2732
4075
4075
3971
3973
3066
2945
4034
2723
4852
4270
4273
4885
2937
4822
4952
4937
3336
4054
3874
3377
3377
3354
4002
3895
4005
4008
4752
4131
3130
4749
4733
3153
4105
4968
4013
3907
4954
2706
2724
4047
4050
4775
2798
3894
3980
4003
4791
4049
4063
3984
3976
3989
4054
4062
3384
3377
4777
3357
3998
2944
4060
3385
4923
3383
2946
4032
4938
4971
4822
3986
4887
3328
4052
4879
2382
3232
4086
3248
3234
3234
3920
3232
3212
3918
3216
3211
3219
3425
4082
3233
3233
3331
4011
4293
4983
4100
4137
4101
4100
4262
4102
2937
3898
4890
2696
3369
4072
4072
4942
1632
1792
3004
1630
4289
3910
2990
2471
2483
3003
2819
4803
4183
4161
2782
2808
4183
4871
4161
642
642
3138
2943
4133
3168
4161
3190
273
2778
4146
4187
2855
2852
2876
4189
3036
3114
4224
3034
4805
4491
4300
2917
2917
2917
4215
2902
4820
4820
2902
4820
4820
4212
4467
3122
4847
4211
2882
2880
4688
4193
3114
3038
4688
4207
4225
4189
2902
4820
4218
4224
4191
3032
4816
4818
4203
4848
2879
4821
4234
4185
4234
4200
4818
4203
4219
3115
3115
4212
3110
4297
4783
2917
2917
2848
3172
4820
4820
4234
4820
4820
4820
4462
4462
3039
4475
2878
2878
2902
4464
2878
2882
4467
4297
2883
4849
4226
3175
2873
4462
4462
3114
3114
3114
4226
4226
4224
4474
2878
2878
2878
4821
4306
4466
4466
4466
4466
4219
3115
4467
3122
2879
4858
4853
2903
2903
4472
2902
2902
4301
4470
4299
4317
4317
4479
4321
4854
4854
4541
4541
4601
4541
4679
4679
4481
4489
4491
4685
4530
4601
4483
4484
4484
4484
4484
4484
4547
4595
4595
4595
4479
4317
4321
4466
4870
4570
4570
4570
4202
4184
4184
4224
2901
4202
4202
4820
4820
2871
4228
4185
4200
4224
4224
4224
2862
2862
2862
4820
4821
4820
4218
4820
4218
4234
4846
4234
4821
4821
4820
3174
4185
2871
4849
2862
2862
4202
4150
4150
4152
3093
4844
3028
4165
4162
2925
4703
4152
3028
4151
3092
2968
3190
4697
3027
3026
4697
3168
4802
4771
4253
4256
2787
4254
4147
2768
4888
4009
4262
4255
4790
4760
3146
4995
4136
1630
2501
3325
127
3311
2605
2548
2630
4286
4292
4128
2482
4101
4101
4206
4215
4215
4215
2848
4215
4215
4215
4206
2911
4215
640
2311
2917
2311
672
2313
2917
339
672
2898
2311
2917
370
406
2344
406
406
539
406
2244
406
406
406
370
370
406
370
406
370
370
370
370
370
2315
2315
2315
2344
2344
2344
2344
2315
2344
2344
2344
1712
539
539
540
539
406
539
539
406
406
539
370
370
406
359
359
539
406
406
539
370
406
359
370
359
2315
370
370
359
370
2315
2315
370
2315
2344
2315
2315
2344
2315
425
370
2315
2315
2315
2315
675
2315
2315
2344
2344
675
370
370
2344
406
406
406
370
370
370
406
406
370
370
370
2344
2344
2315
2344
2344
406
539
406
406
406
370
370
406
370
370
539
370
2315
370
370
2344
425
2344
2315
2344
675
2344
672
2859
339
4202
2917
4215
4215
4215
4215
4215
2859
4215
4215
2859
339
4215
4215
339
339
339
672
672
2311
672
339
339
339
339
339
539
538
359
426
359
426
425
425
674
2314
2314
539
538
539
538
538
539
538
2314
675
539
539
359
425
425
425
675
675
675
675
426
426
426
426
674
674
674
2314
674
674
2313
2313
2313
2314
673
2313
2312
2312
2312
2313
2313
2312
2313
2312
2312
671
475
350
2311
2311
2312
671
2311
2311
2311
671
2311
2311
640
2311
2311
640
2311
2311
2311
538
426
538
538
2313
674
339
426
339
405
538
339
538
405
405
405
405
405
405
404
538
538
538
538
405
538
405
339
339
339
404
404
404
351
672
671
671
640
351
351
404
351
404
404
404
404
405
405
2314
2314
2314
673
673
2312
2312
2312
2312
2312
2312
350
671
350
671
671
672
672
672
672
339
339
339
339
404
404
351
640
2311
640
2311
2311
2311
2311
671
2313
538
538
538
425
674
674
425
425
425
2314
2314
2314
2314
2314
2314
673
2314
673
2314
2313
2313
2314
2314
674
2313
339
674
339
339
426
405
673
673
673
673
2313
673
2313
2313
2313
2313
672
2313
339
339
672
672
2313
2313
2312
2313
2312
673
2312
2312
2312
673
2312
2312
2312
2312
2312
2312
2312
672
350
350
671
2312
671
539
539
539
539
539
539
539
539
539
359
359
2315
2315
2315
2315
425
675
2344
2315
675
2315
675
675
675
675
675
675
675
425
425
425
425
425
359
359
359
539
539
539
539
351
2311
2311
2311
404
640
640
339
339
2313
2313
2313
2313
4072
4942
4886
4514
4558
4681
4277
4704
2841
3097
4706
2842
2842
4688
4149
2868
4201
4505
4502
4560
4671
4603
4558
4486
2784
4560
4590
4437
4671
4721
4715
2837
3096
3097
4772
4208
4691
4691
2876
4481
2908
3095
4739
3316
2805
2915
2836
4786
2921
2875
3111
4686
4486
4616
4617
4604
4496
4505
2761
4565
4616
2817
3089
2837
4156
2813
2806
4198
4198
4310
4314
4165
3314
4553
4553
4271
4729
4170
4162
2817
4151
4802
2819
4152
4152
3101
3028
4178
2925
4705
2804
2925
4151
4159
1682
2815
4713
2831
4050
2820
4280
2832
2843
4296
4295
4467
4465
4465
4547
4543
4543
4541
4538
4541
4544
4635
3174
3174
4152
4318
4318
4675
4598
4541
4543
4543
4543
4152
4152
4152
3169
4002
2894
2895
3137
3137
2899
3034
4195
4196
4675
4675
4309
4309
4467
4675
4467
4297
4484
4484
4185
2870
2871
4152
2804
2894
3114
3039
4303
2903
4472
4854
4464
4464
4317
4317
4592
4317
4321
4592
4570
4679
4566
4566
4566
4678
4592
4307
4317
4303
3039
3039
4303
4218
4224
2862
4202
4202
4064
3351
3377
4810
4254
4048
4051
3384
3384
2820
4183
3148
3036
3036
4224
2903
3034
2917
4214
4234
3115
4228
2879
4295
4219
4234
4219
4295
4465
4467
3039
3114
4224
2902
4543
4543
4675
4318
4318
4318
4570
4570
4592
4819
4200
4185
2862
2862
2780
4008
4215
2859
672
640
2917
4202
672
2312
2312
671
351
351
640
640
350
671
640
672
2312
2312
640
4176
2894
3392
4876
4887
4007
3077
4695
2694
4170
4697
4711
3971
3193
4883
2992
3984
4775
4880
4879
3985
4875
3027
4761
2904
1645
2510
2625
2623
4909
2657
3831
2511
2517
2517
3831
2517
2584
3292
3292
3292
3292
3292
3326
3896
4916
4969
3900
2746
3906
2929
4977
3139
4745
3986
4887
4938
3985
4923
4883
3186
3909
4981
3906
4269
2946
4035
2706
2955
4001
4831
4796
2710
1631
3357
4913
4940
2708
3326
2700
2713
3313
274
4973
4983
4100
4102
4985
4106
4987
4882
4895
3027
4893
2391
4543
