23
30
23
79
79
79
79
79
79
30
79
23
22
22
22
30
2410
51
22
22
24
51
2410
24
24
31
24
24
54
31
31
91
31
31
822
24
54
2412
54
54
24
31
23
30
23
23
27
58
59
31
22
22
22
51
51
24
24
24
24
24
79
78
79
105
91
54
31
31
54
31
59
79
79
15
22
30
30
30
30
23
16
23
54
54
24
24
51
51
54
54
24
24
27
46
24
58
51
24
24
59
58
51
51
23
145
145
30
51
22
46
79
16
16
79
16
58
31
59
93
31
79
31
79
22
23
79
30
31
31
23
79
145
105
54
22
58
24
58
46
51
88
31
51
51
54
24
16
58
51
79
51
51
105
31
31
59
14
31
79
79
23
51
23
23
23
58
24
24
24
24
24
24
24
54
54
24
24
51
51
54
54
51
51
51
24
24
51
24
24
54
54
54
24
24
24
24
24
54
24
24
24
54
54
51
54
54
54
24
24
24
54
52
24
24
24
51
54
54
54
2445
2445
2468
822
1510
1503
1354
579
567
856
483
500
2450
2464
1367
698
854
854
1389
2466
2466
163
705
2423
2331
1529
1524
483
1542
864
864
498
864
864
822
1508
858
858
858
905
905
1532
1518
264
264
1586
1586
854
854
858
854
858
858
563
858
905
858
1505
1470
808
1495
93
822
822
91
91
282
808
31
93
1388
2278
297
1467
1715
1605
2400
1494
2407
297
518
2257
643
1710
1710
1710
643
474
1506
1612
661
1598
517
658
656
2243
1753
1379
239
1492
689
2275
2275
1731
689
538
2253
2453
1712
2264
2227
305
330
1638
417
290
1634
2283
484
485
1652
1653
495
477
283
2246
1635
1650
333
1632
2349
1631
361
647
647
434
434
645
421
437
550
337
601
1631
356
2231
354
2310
361
609
420
2232
2214
364
2289
646
520
2234
442
612
2288
347
345
438
2250
381
349
1695
382
372
1677
377
1655
1687
386
379
1673
1681
1698
1666
1702
1693
399
1696
400
401
1957
632
1952
406
397
409
411
412
1780
2276
4267
542
1636
417
1640
648
421
551
1678
554
426
427
428
641
2281
2238
608
338
1649
356
2213
519
348
358
606
422
548
1679
439
379
1683
2291
449
2206
2448
1367
1583
1582
2224
829
643
1728
487
847
37
58
2267
1720
1720
1721
596
2378
1500
822
883
475
2425
2338
1723
1384
1513
259
259
864
905
864
864
865
854
1709
2255
585
306
306
307
307
341
1731
288
288
1607
487
88
854
854
854
854
854
854
854
854
854
665
892
163
163
53
822
96
2423
163
163
822
54
751
163
272
583
353
526
105
2406
1372
1583
1583
230
672
2263
2379
2263
2274
2274
815
287
815
670
538
670
814
813
657
2203
2206
1641
545
419
546
547
547
352
2251
1680
556
1663
1958
864
864
864
864
906
906
476
562
570
1368
663
1348
706
1358
1364
662
1374
858
858
787
1583
662
1586
790
863
453
2464
163
483
572
1374
1526
884
1350
1740
651
1738
430
655
1710
487
2263
2316
2263
416
416
826
1644
1643
591
2286
470
320
649
1627
437
362
336
1651
602
1654
610
606
367
444
445
2352
619
1684
448
1671
630
1703
2354
2350
1669
629
1706
557
625
1713
589
2274
814
1608
276
829
286
585
585
1651
335
340
420
1652
1652
794
481
2218
2281
1718
2280
2257
2239
584
1601
854
854
854
1529
1350
864
864
864
864
1374
1374
1369
514
1472
1752
670
307
1642
325
2320
675
362
491
2353
1676
1656
402
2263
2276
538
692
670
814
670
163
848
1582
264
787
1374
4783
2279
1613
2269
655
1582
1374
1582
1583
877
922
726
1561
724
766
741
775
758
791
723
1551
772
1552
747
912
908
1355
750
737
1362
735
907
1355
749
734
570
570
751
667
476
725
1407
926
558
752
562
558
777
562
235
911
728
778
1402
1548
1362
907
736
906
769
714
1400
760
906
906
727
766
737
1353
737
1363
788
788
1409
559
912
560
268
769
735
2439
786
662
1586
876
869
662
662
662
662
1368
864
1368
455
1585
1586
471
1558
907
1501
24
54
91
24
51
91
54
88
54
54
54
24
24
91
91
822
808
32
28
2407
4783
24
24
24
54
24
24
24
1377
1570
1745
318
250
244
457
163
105
145
79
79
79
1534
214
1536
795
882
31
822
1499
1529
665
2331
2414
565
2331
1369
875
707
707
263
854
263
854
854
858
858
1524
1524
264
264
854
854
854
854
854
854
869
858
854
854
854
854
1367
787
705
706
705
705
1583
706
580
1372
1367
1583
1583
1583
705
1583
263
263
1373
1366
787
2331
1371
1371
1373
1478
2331
2331
571
665
665
705
892
571
665
1367
665
869
854
858
858
858
858
1524
858
1524
1522
1356
750
704
562
79
79
79
1550
750
750
748
1559
777
759
732
1548
908
912
949
940
939
1444
1445
1413
711
715
1440
1434
1412
950
1439
1424
1432
756
720
933
1420
1000
1057
1057
955
1057
973
973
1053
1200
996
996
934
973
1450
992
1334
992
973
973
975
934
992
1333
1247
1231
1057
983
1333
955
1057
1234
1247
1247
996
996
1231
1238
1237
996
996
997
997
996
1019
1247
938
1000
1231
1247
1247
1019
1000
1454
1020
1247
1316
1333
1454
1050
934
1452
1454
1247
1316
1333
1057
1057
1200
1231
1057
1057
1247
1238
1231
1053
1057
963
1231
1234
1231
996
1247
1247
1247
1231
1000
1057
1333
1247
1443
1458
1452
992
992
997
1231
1247
1231
1247
1052
992
1000
1247
1234
775
932
1450
1200
1247
1247
1200
1200
1200
1200
1200
1247
1247
1200
1247
1247
1247
1247
1247
1200
1200
1200
1057
1247
1247
1247
1231
1057
1247
1247
1247
1247
1247
1247
1247
1247
1247
1247
1247
1247
1247
1247
1247
1231
1247
1247
1247
1247
1247
1247
1247
1247
1231
1247
1247
1247
1247
1247
1247
1247
1247
1244
1247
1247
1247
1244
1247
1200
1244
1247
1247
1247
1244
1247
1247
1244
1247
1247
1247
1231
1247
1247
1247
1247
1247
1247
1231
1247
1247
1247
1231
1231
996
1019
1247
1247
1247
1247
1247
1247
1247
1247
1247
1247
1247
1247
1247
1247
1247
1247
1246
1247
1247
1247
1247
1247
1246
1247
1247
1247
1244
1247
1247
1247
1247
1244
1244
1247
1247
1244
1247
1247
1244
1244
1244
1244
1244
1231
1247
1247
1246
1231
1247
1231
1237
1231
1246
1231
1234
1234
1227
1234
1255
1237
1234
1246
1236
1236
1246
1238
1227
1227
1258
1236
1245
1255
1247
1258
1258
1258
1245
1258
1246
1258
1258
1258
1255
1246
1238
1237
1234
1238
1227
1238
1057
992
992
1057
1057
992
992
992
1057
1237
1057
1057
1305
1305
1057
1247
1305
1247
1247
1305
1247
1057
1247
1057
1247
1057
1057
1247
1247
1247
1247
1247
1234
1231
1238
1231
1234
1234
983
1333
1234
1333
1238
1234
1238
1333
970
970
992
1057
955
1000
1000
992
992
1000
973
1333
973
930
1333
1053
1001
1019
1019
973
1316
23
23
23
23
54
24
24
24
1354
265
911
1482
1358
1360
906
906
906
1482
864
864
1482
1482
1480
1360
1364
1364
1364
513
667
906
906
911
562
1586
498
864
498
858
854
905
1526
1348
1586
662
1374
858
858
858
858
265
854
865
854
854
1358
1374
513
662
1586
1586
1586
1522
2389
846
1513
2427
578
1486
1498
260
2381
310
2455
2455
2467
1583
242
1585
662
1582
2449
242
230
154
766
773
772
1550
1550
752
735
780
737
732
772
1555
1563
918
791
1548
770
1562
727
917
725
782
1555
1561
713
792
728
760
758
728
1399
1401
1400
926
708
755
793
1432
1420
1415
742
950
1430
1426
1438
1431
939
715
934
1451
938
1440
942
948
2414
2414
163
163
91
102
200
2456
573
1504
1504
789
2452
1536
236
565
590
1373
1351
1359
1480
1533
1524
2331
858
858
858
858
905
858
1484
2457
2303
1468
1618
1744
2397
2240
1745
1360
2432
845
2331
2331
1477
662
1585
662
662
864
662
864
864
864
864
905
864
905
858
858
858
858
858
858
884
1529
1477
1543
200
2449
786
790
2435
856
499
499
1483
2318
2460
845
2439
148
175
2338
1370
1496
1533
1533
2432
2331
2331
2331
1477
2330
1533
1370
665
580
565
565
571
875
664
565
236
214
808
822
32
795
471
560
561
561
740
1363
734
558
740
777
471
777
767
471
740
561
1477
2451
255
1566
1566
2317
1532
1498
1507
1565
842
2434
525
1582
264
264
1582
263
263
263
854
854
14
78
79
1389
21
154
107
1394
2259
1737
2341
479
480
479
2341
2335
1725
1614
1615
2358
1736
1724
1741
1755
1617
1385
2285
2227
1620
324
1636
329
484
305
2241
2229
539
536
492
492
332
331
321
660
303
1634
587
1639
417
702
2219
1644
2307
2304
2314
484
532
2284
1647
2348
659
321
300
1733
1732
600
383
617
386
390
391
1661
424
615
616
392
1668
2352
1658
447
376
2325
378
423
373
369
552
2199
2197
446
376
380
2295
367
1678
614
371
1689
1662
624
1694
1657
1659
1697
556
426
1699
1664
618
620
2312
621
1659
395
2205
585
1751
825
306
1710
1602
1752
2212
669
487
641
306
1722
2359
1611
1749
1755
586
830
458
287
2407
458
1742
1378
2200
1746
1380
1516
1511
256
482
2336
1387
452
253
270
2225
2386
1571
1748
22
59
16
58
94
46
165
79
79
58
21
4267
1527
1798
1959
1784
2362
1953
1777
2190
1978
1781
1772
1971
1972
2185
2032
2095
2136
2098
2368
2021
1968
2189
2188
1973
1974
2366
2375
2090
1857
1930
1935
1853
1845
1845
1845
1845
1857
1853
1857
1857
1930
1853
1857
1820
1857
1935
1853
1857
1820
1930
1935
1935
1935
1935
1935
1935
1935
1935
1935
1935
1857
1845
1845
1845
1845
1845
1845
1845
1857
1857
1857
1853
1857
1857
1853
1857
1930
1857
1853
1853
1930
1857
1820
1930
1853
1853
1853
1853
1857
1857
1857
1820
1820
1820
1935
1857
1935
1935
1935
1820
1935
1853
1935
1853
1935
1820
1820
1935
1805
1935
1935
1935
1935
1935
1853
1935
1845
1853
1845
1857
1820
1930
1820
1853
1857
1853
1853
1935
1935
1935
1935
1935
1857
1845
1845
1857
1857
1857
1930
1857
1853
1857
1857
1820
1857
1820
1935
1853
1935
1935
1935
1853
1820
1935
1935
1965
1946
1966
1785
1970
1791
2364
1778
1953
1781
1782
1961
2361
1785
1975
1948
1963
1974
2192
2046
2012
2023
2131
2019
2047
2003
2044
2191
1948
1976
1839
1900
1854
1914
1900
1868
1829
1883
1829
1883
1839
1839
1813
1845
1895
1883
1820
1863
1820
1877
1805
1854
1854
1914
1928
1887
1880
1914
1895
1880
1829
1894
1939
1944
1837
1918
1986
2164
2015
1995
2069
1986
2066
2066
2023
2109
2119
2124
2109
2117
2119
2125
2119
2126
2122
2120
2122
1807
1909
1840
1884
1984
2167
2175
1928
1909
2143
1807
2144
1993
1993
1839
1932
2145
2052
2123
2123
2057
1979
2101
1895
1895
1838
1836
2162
2164
1995
2108
1995
2110
2109
2120
2121
2115
2115
2004
1981
2049
2057
2065
2058
2082
2126
2376
2127
2071
2128
2018
2023
1863
1863
1862
1889
1862
1890
1889
1829
1890
1838
1944
2161
2160
2155
2152
2155
2145
1892
2164
2001
2163
2102
2155
2145
2114
2154
2105
2104
2001
2106
2104
2113
2105
2111
2110
2110
2110
2113
1839
1839
1845
1845
1820
1845
1820
1857
1820
1820
1820
1820
1820
1820
1820
1935
1820
1898
1912
1820
1883
1935
1935
1883
1935
1900
1853
1853
1853
1853
1853
1853
1857
1839
1839
2133
2126
2075
2075
2085
2050
2009
1984
2012
2066
2187
2045
264
877
100
506
351
2235
364
2469
2252
2282
2217
2248
304
2237
605
2211
2230
2223
2221
604
604
2249
2247
284
2216
291
2245
2242
574
233
2244
639
517
2228
326
1626
607
432
2236
2238
2238
336
317
1511
596
2244
250
2226
289
327
828
240
2233
2208
245
1510
2215
640
273
311
1722
1610
1616
2267
4267
1603
1709
1709
1709
1600
2215
1713
2267
2267
642
1722
1604
281
474
286
1716
858
1543
2340
2458
470
2309
340
2289
344
406
487
340
375
487
2439
883
2436
466
2271
2274
1483
466
467
2260
2314
636
1645
329
301
1633
385
389
2267
2267
2379
487
858
858
1622
325
2319
355
2321
611
2323
384
681
2365
1537
2331
1533
2331
1478
2299
1528
1384
2463
2439
1523
1370
2378
1490
1618
2307
1637
528
416
530
592
478
2348
2311
2326
449
441
1705
1692
487
1488
1489
2090
1969
2372
2038
1783
2017
2109
2015
2056
2082
2109
2056
2023
2111
2116
2081
1610
672
1720
230
666
2385
1581
2218
500
1394
829
163
848
848
894
234
175
2381
820
236
586
644
668
2486
824
23
51
24
24
54
54
54
54
24
54
54
54
54
54
54
500
698
2447
1393
1537
854
854
858
858
2388
883
858
854
848
1582
1367
854
854
854
1391
1529
1586
1586
851
883
214
875
851
571
571
2467
501
2434
456
1582
1582
1393
851
858
858
1477
1586
662
856
864
864
864
864
864
905
864
864
858
905
858
858
884
1525
1529
1477
852
2447
834
2332
858
885
884
501
893
2426
698
501
2467
2428
1568
309
1532
1532
1527
1518
502
2297
1508
458
310
2405
319
15
4264
15
15
15
15
15
15
79
79
15
15
1758
119
126
128
82
1758
1758
112
128
2613
112
4260
114
1758
4260
2597
1762
46
57
46
46
165
57
46
1762
46
46
1762
1762
46
15
15
4264
1758
114
46
58
15
1758
1758
4264
4264
137
1758
112
1762
4260
46
15
165
82
2613
112
57
1762
46
46
46
58
2408
79
15
15
15
15
4264
15
15
15
15
1762
1762
2597
1758
1758
4264
1758
1758
1762
4260
114
114
4260
114
1758
1762
1762
46
1758
4264
15
15
15
15
4264
112
1762
15
79
15
15
15
4260
46
58
46
1758
58
15
15
15
79
15
46
15
15
1
8
46
46
79
94
4260
114
46
133
8
46
58
4264
1762
4264
4260
15
114
15
4264
15
46
46
46
58
79
15
15
79
15
15
15
15
58
137
1758
137
2597
2597
2597
4260
4260
2597
2597
137
1758
137
1758
1758
1758
4264
112
137
1758
1758
2597
4260
112
137
137
2597
2597
112
2597
2597
2597
2597
1758
4264
137
1758
2597
112
2597
2597
137
2597
137
2597
1758
137
137
137
2599
4263
4263
4081
2619
2513
4076
3995
3048
2675
3385
3355
3277
3274
2506
3882
4084
4957
4957
4957
3003
3004
73
836
70
4975
3872
2543
2513
3377
3377
4837
1547
3355
3355
3977
3976
3976
2971
2546
1520
3377
4020
3017
3378
4024
1580
3381
3356
3971
3352
3151
3352
2544
4024
4024
3017
3250
4838
4838
4016
4838
4970
3964
46
4236
94
2764
46
46
57
1762
2599
4747
46
46
58
4095
4782
3981
4760
4098
3293
3988
3303
4742
4774
4773
2403
653
486
2403
4108
4059
4231
4231
3149
2955
3146
3077
2947
2942
4242
4090
1594
541
3181
692
2276
670
670
4755
3994
4772
3150
2774
4138
4117
4807
4814
4116
3148
4731
2965
496
2983
496
2796
4123
4126
4730
4732
2810
4129
4146
2816
3091
4137
2826
2918
2917
2831
2916
3009
3167
3037
3036
4749
4148
2807
4741
4712
2835
3137
3100
2837
4826
4740
4716
2834
2827
2831
2846
4737
2845
4791
2924
2859
2863
2923
4699
2852
2862
4155
4154
2853
3104
4172
4832
3108
3112
2872
4175
2874
2876
4186
4197
4189
4191
2894
2882
4184
2884
2885
3116
4795
2890
2891
4457
3120
2894
2895
670
670
1722
4806
4810
4116
2805
2807
3167
2920
2906
2907
2908
3044
2910
2886
4228
487
4734
2820
4146
2919
4825
3034
2830
2830
2829
2825
2920
2905
4174
4699
2932
2860
2933
4798
4706
3883
3383
4957
3384
4252
4252
1728
489
653
1728
487
3272
1546
94
2945
2267
4799
4208
3857
4696
1762
1762
2587
4992
4009
4013
4091
4769
2756
4947
4943
3977
2971
4838
4838
3976
4951
2943
2770
523
2485
2485
3093
4233
3182
3029
3128
672
672
2494
45
3004
3004
3976
3354
3151
3354
3976
3976
3976
4952
4957
2550
108
2599
13
1591
46
114
139
2567
2599
9
3266
46
46
3224
4925
77
2794
3136
3008
70
2487
3058
3861
3382
3867
247
2267
2267
2276
2276
2263
461
2357
2357
2772
3190
3190
670
3190
670
3190
670
4778
3023
2788
2902
2808
2904
2904
3035
2905
2833
3040
2865
4181
4193
3114
3157
3352
3352
3354
2971
3860
3860
3857
3847
3848
3059
3059
3846
3864
3053
2751
3856
2751
3151
4024
4016
3058
3155
4903
3354
3354
2720
3277
2723
108
1591
9
2970
3997
3058
4015
4015
3858
2800
4249
4726
3987
4799
486
2403
486
3057
2275
2275
2260
2263
2275
3072
2801
4852
3084
2797
2811
2785
3090
4114
3035
2843
2818
4145
4127
4142
3101
2826
2849
2928
3106
2934
3109
4179
4165
3111
3045
3113
4860
3117
3109
3119
2880
3046
4184
2888
2357
2267
2357
3190
4745
4720
2942
4726
4901
3318
2820
2821
2823
2807
2981
4938
2969
1754
2976
4228
3135
3165
4717
4214
3354
3354
3004
2971
3866
3354
2971
3976
4838
3849
2751
3153
3068
3057
1379
4752
2485
4998
4998
2814
4136
3166
4826
3138
4828
3103
4170
4167
2887
670
541
670
2276
670
692
670
670
57
2599
4918
3356
3196
3366
3153
3859
4915
4226
4106
3163
3080
3867
3867
3384
3196
3381
3904
3412
3903
3271
3279
4056
3411
3253
3244
4053
3402
3261
4057
3225
3219
3221
2957
3396
3269
3221
3281
3394
3841
3255
3228
3847
3841
3049
3238
3868
3868
3247
3899
3905
3398
3239
3157
3051
3238
3855
3266
3847
3405
3050
3908
3244
3895
3841
3261
3860
3841
3923
3890
3891
3394
3860
3394
3157
3268
3240
4046
3394
3223
3250
3903
3049
3230
3240
3256
3049
3225
4045
3884
3343
3352
3352
3380
3151
3151
3352
3151
3352
2985
2985
3015
3151
3358
3151
3221
3243
3394
4260
137
45
45
57
4260
4264
2613
3831
45
2613
2613
1762
112
1758
112
112
137
115
2599
57
1762
46
46
60
2597
1608
112
2597
1762
2597
4260
137
2597
1762
1574
4243
3073
4721
4993
1493
70
3
164
1
1
79
79
2641
2579
1761
2581
2585
46
3967
4905
3339
3388
3970
3284
3970
3060
2710
3003
4955
3004
4955
3003
3003
4951
3377
4015
3356
3356
3356
3356
3003
3976
4952
3004
3004
3003
4952
3004
2959
4952
3388
3189
3155
4957
4957
4957
4957
4925
3068
3383
3383
3383
4957
4957
3151
4955
3003
3858
3859
3155
3970
3970
3154
3305
3054
2623
3970
3339
4934
2639
2639
3388
2642
2641
2694
3388
3388
3388
4952
4951
2959
4951
3017
3377
3017
4017
3017
4013
3397
3855
4015
3855
3239
15
79
4049
3399
3213
3213
4053
3218
4047
3279
4057
4057
3404
3935
3205
3559
3419
3429
3254
3246
3933
3925
3425
3206
3427
3936
3436
3204
3264
3264
3921
3206
3442
3817
3478
3823
3418
3949
3417
3434
3420
3479
3732
3487
3464
3464
3940
3446
3447
3521
3462
3509
3420
3420
3949
3806
3798
3752
3754
3798
3447
3823
3545
3487
3557
3717
3669
3487
3447
3482
3545
3721
3447
3447
3487
3539
3544
3544
3420
3947
3823
3548
3700
3669
3490
3510
3492
3508
3946
3827
3421
3446
3424
3423
3423
3943
3431
3935
3674
3819
3560
3447
3754
3530
3450
3507
3665
3725
3548
3617
3634
3487
3732
3648
3732
3487
3700
3673
3669
3667
3800
3822
3686
3484
3947
3420
3508
3948
3544
3499
3457
3487
3798
3528
3676
3793
3949
3465
3498
3487
3721
3200
3659
3739
3734
3636
3690
3677
3693
3677
3686
3637
3637
3686
3613
3696
3613
3691
3613
3700
3691
3637
3693
3686
3637
3669
3562
3519
3717
3475
3792
3648
3648
3695
3738
3673
3731
3667
3732
3717
3697
3673
3693
3697
3704
3702
3697
3700
3738
3669
3738
3702
3702
3667
3702
3698
3738
3695
3693
3717
3744
3792
3717
3702
3702
3693
3698
3693
3637
3696
3696
3693
3694
3694
3703
3698
3693
3693
3702
3698
3693
3693
3703
3694
3693
3703
3753
3732
3752
3744
3744
3717
3728
3717
3752
3720
3736
3792
3752
3487
3447
3742
3743
3734
3735
3748
3750
3748
3736
3742
3735
3735
3697
3736
3748
3736
3692
3736
3736
3735
3697
3733
3750
3705
3705
3703
3703
3703
3750
3703
3703
3703
3705
3705
3703
3703
3692
3697
3705
3703
3703
3705
3705
3705
3748
3728
3750
3721
3736
3734
3729
3732
3735
3487
3721
3721
3735
3746
3746
3746
3746
3750
3748
3748
3487
3748
3748
3748
3739
3750
3748
3748
3748
3750
3750
3748
3748
3748
3748
3748
3748
3748
3748
3721
3735
3735
3721
3721
3806
3459
3815
3806
3460
3829
3459
3453
3763
3815
3449
3468
3767
3763
3763
3438
3760
3549
3473
3815
3468
3776
3468
3449
3473
3810
3470
3518
3589
3468
3549
3492
3487
3732
3721
3487
3487
3487
3545
3721
3487
3487
3487
3545
3945
3801
3817
3484
3822
3465
3820
3805
3446
3545
3510
3417
3417
3417
3544
3447
3544
3419
3428
3819
3516
15
15
45
45
112
4260
4260
2755
2755
3853
4013
3052
3224
3047
2971
3860
3860
4838
2971
4838
4016
4016
4016
4844
3974
3856
2985
3856
3059
3047
3860
3352
3860
3847
3848
3352
3352
3352
3976
4838
4024
4838
4017
3850
4077
4077
3153
4024
3017
3017
3017
2755
3842
3354
3352
3976
3849
2751
3856
3001
3196
3196
4079
3151
4013
4017
4074
4005
2936
4003
4789
1567
3978
3887
4991
2747
4967
4266
3956
4937
2730
3055
4077
3369
2725
4978
2473
2478
3216
4048
4057
3219
4045
4045
3251
3260
3248
3279
3261
3404
3414
3220
4050
3202
3271
3202
3267
3405
3203
3267
3903
3913
3905
3902
3912
3209
3257
3280
3912
3264
3902
3198
3245
3918
3919
3915
3928
3232
3920
3930
3435
3927
3927
3432
3943
3936
3432
3929
3422
3931
3433
2532
2532
2532
2549
4263
2650
2599
2580
4966
4008
2937
3998
3886
4010
102
2634
2581
2660
3158
3852
3851
4845
4015
3377
4951
3377
3377
3377
3377
4836
4030
3993
4964
4969
4842
3877
4987
3142
3874
3880
3862
4017
2951
3952
3339
3339
3375
2730
4078
3369
3344
3343
3352
3352
3352
3352
2971
2971
4838
3354
4838
4838
4024
4016
4020
4020
4020
4029
4029
4950
3952
2759
4259
4944
4948
2986
4940
2746
3977
3378
4949
2960
4906
3302
464
140
2626
4014
3972
2722
3372
3971
3372
2951
3339
3339
3375
3339
2401
2745
3970
2675
2710
2658
3283
2722
2689
3283
3835
2577
2625
114
114
141
3050
3228
3398
3228
3256
3269
3256
3399
4045
3256
3050
3228
3230
3050
3230
3398
3339
4011
464
1566
1579
1531
1569
4994
1578
463
2398
1547
3064
4895
3356
3356
3151
3358
3380
4955
4955
4955
3151
79
77
79
2461
106
836
107
9
4093
4096
4239
4109
2966
3314
4847
4849
4108
4916
1614
4224
2781
4248
4103
4240
2479
3984
2950
4072
4703
4134
4139
4813
3124
3125
4822
2314
3148
4748
3026
2897
3025
3176
4124
2802
4144
4744
2786
2983
4770
2806
4118
3075
4133
4131
4853
2316
3020
685
531
416
3192
2769
4815
2768
4128
3024
2784
2783
4149
4199
4152
2873
2875
4159
4169
2909
3043
4159
4161
4163
4151
4817
2872
3107
2930
4168
2853
4182
2858
2927
4700
2929
2858
2931
2857
2855
4698
3104
3170
4196
2864
4186
3115
4189
4190
4153
4192
4193
4194
4160
4195
4198
4199
2879
4201
4201
2878
2941
2770
4894
2267
4250
2760
488
486
2485
2762
4898
2789
2267
672
4911
3012
1722
4267
4248
4254
4110
3319
523
285
2394
4100
3190
2394
4064
2967
3014
3871
3141
3990
3010
2968
3282
2962
4804
4247
2800
4727
3986
308
4788
79
22
58
15
114
112
15
79
22
58
2267
107
258
4285
4282
4272
4298
2890
4454
4278
4463
4280
4271
4273
4286
4284
4869
4297
4538
4868
4597
4469
4469
4293
4691
4295
4472
4681
4598
4592
4420
4427
4427
4425
4305
4425
4305
4425
4312
4425
4312
4358
4316
4358
4312
4347
4347
4358
4316
4358
4316
4427
4411
4358
4411
4411
4316
4427
4427
4303
4417
4389
4303
4301
4425
4425
4301
4425
4420
4358
4309
4420
4312
4399
4312
4358
4358
4312
4425
4347
4358
4425
4312
4347
4358
4358
4316
4358
4358
4427
4356
4399
4427
4358
4358
4427
4371
4411
4411
4414
4427
4411
4411
4428
4427
4427
4434
4407
4434
4303
4417
4411
4303
4303
4303
4335
4420
4347
4427
4301
4301
4301
4358
4347
4358
4347
4347
4316
4358
4427
4427
4427
4411
4399
4414
4411
4301
4301
4309
4347
4312
4425
4427
4427
4358
4358
4347
4301
4427
4427
4427
4353
4358
4300
4411
4427
4358
4303
4417
4371
4296
4461
4466
4450
4286
4866
4273
4455
4278
4456
4458
4458
4452
4461
4467
4447
4448
4473
4587
4465
4690
4521
4875
4534
4587
4587
4586
4688
4280
4294
4675
4675
4675
4671
4506
4366
4669
4667
4335
4667
4491
4479
4479
4645
4396
4308
4648
4351
4388
4335
4396
4503
4505
4505
4669
4486
4667
4486
4667
4487
4509
4512
4487
4509
4512
4569
4575
4520
4570
4574
4516
4527
4574
4520
4629
4629
4628
4874
4635
4522
4640
4577
4639
4641
4641
4627
4503
4503
4482
4549
4549
4505
4587
4503
4503
4503
4544
4503
4552
4482
4544
4545
4568
4561
4584
4590
4590
4553
4587
4667
4667
4487
4512
4512
4570
4570
4629
4629
4628
4628
4627
4627
4584
4624
4551
4587
4587
4587
4685
4590
4637
4637
4580
4580
4874
4536
4874
4527
4499
4645
4499
4668
4668
4396
4396
4396
4512
4390
4663
4500
4607
4499
4606
4558
4570
4570
4570
4607
4606
4560
4560
4614
4608
4613
4571
4629
4613
4614
4627
4628
4628
4627
4628
4628
4425
4676
4424
4339
4358
4351
4309
4408
4424
4351
4653
4371
4371
4434
4371
4371
4434
4371
4389
4335
4417
4417
4368
4671
4368
4671
4671
4424
4675
4425
4671
4358
4425
4675
4880
4599
4534
4532
4591
4877
4685
4516
4516
4574
4516
4690
4586
3381
3381
94
2848
4697
4753
4738
4904
4892
4758
3147
4251
3030
3096
3095
3038
3034
4113
4237
4135
3036
4720
2793
3130
4907
4914
3145
4722
2790
4893
2719
4721
4717
3129
4785
2809
4723
4733
4736
2916
2846
4711
4734
4121
4713
4762
4215
4746
4001
2774
4120
3317
4743
2731
4737
3038
3062
3063
4894
4894
4897
2799
4728
4223
4848
4267
1722
4267
1711
4094
2945
588
488
3087
3133
2789
2267
2267
2267
2945
670
1722
4109
4999
4705
4750
3970
167
4846
4843
2956
4855
2836
4792
2924
4861
486
4816
4794
487
489
487
4098
4835
2260
4267
2260
2271
3334
2260
1719
2272
465
2263
3085
3083
3086
4126
2867
4818
4856
1722
2357
3335
487
3377
4814
4850
3166
2837
4828
2832
2866
4169
4833
843
2623
3377
3970
3970
3158
3966
4022
4241
4963
2607
4845
3989
2624
4764
4105
4839
4140
3088
683
683
683
2797
2964
4141
4164
3173
2868
2854
4200
4187
672
4104
4112
4870
4868
4291
4884
4288
4872
4470
4522
4522
4562
4562
4624
4877
4527
4624
4629
4594
2267
488
2267
2641
2513
2546
2732
2482
102
2940
3319
2509
2530
2538
2641
2641
3888
2583
2478
150
3832
1754
653
2791
805
4916
1758
1758
1758
137
2597
137
1758
137
137
137
137
137
1758
137
1758
137
1758
3011
2619
3322
4958
2989
2606
3976
3976
4951
3377
246
2578
4838
4838
3976
3055
4077
2989
3354
3354
3354
4076
4035
3151
3151
4079
2623
2544
3305
2515
2669
2550
2511
1596
4937
4937
2725
4077
3367
4959
3377
4951
3377
4039
4945
3277
3369
3345
3346
3352
3352
3355
2971
2971
2971
4024
4024
4024
3017
4020
4836
4036
4037
3339
3952
2752
2733
246
4029
2623
3000
2639
2506
3956
3322
3006
4895
4889
2477
2484
1579
1527
2481
463
1519
2472
2476
1770
653
2482
3313
1593
1935
3383
4411
4371
1935
1935
3383
3383
4371
