16
30
79
15
16
16
30
79
79
79
22
15
22
22
2409
51
51
22
22
51
51
22
24
24
22
24
24
54
145
24
24
24
24
16
15
30
22
22
27
59
22
22
30
30
22
22
22
22
24
79
166
79
54
24
24
46
79
15
22
15
30
30
16
16
15
23
24
24
24
22
22
51
24
51
24
24
24
24
24
27
23
24
24
46
51
23
15
145
79
79
51
1758
112
79
15
79
15
22
27
58
22
27
15
15
15
79
59
16
23
2410
51
1758
24
27
112
51
88
23
24
24
16
46
51
79
51
16
24
46
27
15
15
16
23
15
16
16
24
24
22
24
24
24
24
24
24
24
23
51
51
24
51
51
51
24
24
51
24
24
24
24
24
24
24
24
24
24
24
24
24
51
51
24
24
24
24
24
24
24
24
52
24
24
24
24
24
24
91
163
2388
822
2434
786
572
1364
1469
567
856
864
904
2435
786
500
2468
500
1583
1583
233
854
1389
154
91
1583
1477
2414
884
2332
259
499
2439
905
905
864
905
905
200
255
884
858
858
1483
889
1517
2336
707
901
707
1526
856
904
905
214
1483
858
1483
268
1482
499
905
259
579
93
827
282
822
1492
31
1381
1725
1617
2240
518
2385
1754
2223
2278
639
655
2222
4912
3079
3079
1378
2439
1607
279
2264
469
702
2270
1719
2271
830
2218
309
1394
827
3029
637
813
1739
2240
2453
1715
1712
2203
687
592
312
2346
595
291
326
1605
4766
4766
2261
2261
492
659
289
1620
302
303
477
2348
2284
341
1654
1649
340
601
1626
2344
1638
303
2229
1652
1644
417
334
333
333
649
649
1640
1641
419
2287
2246
545
2319
355
610
609
1651
2231
604
2238
2211
2238
2251
674
362
646
350
342
348
2234
2237
550
1688
371
372
2291
385
1679
1679
1680
383
1676
1676
2352
379
2311
444
379
445
670
3029
2258
3161
3161
2300
531
2314
2305
1645
1643
1622
2319
436
422
423
423
423
487
671
671
543
1641
1650
2348
598
324
1627
2221
601
2319
2344
547
437
2232
645
361
361
1637
1391
2449
1583
1583
831
2406
2778
2975
3078
3078
2336
94
1711
4267
2952
4801
2357
2256
2378
2452
2414
883
1385
1506
1522
1599
1388
1470
572
572
483
483
499
905
910
905
858
858
858
2267
589
488
2403
2403
2403
653
650
700
813
814
1711
3078
905
905
499
905
858
905
858
698
892
168
222
163
21
96
2414
88
105
1375
31
524
105
1716
2206
1597
105
2770
787
262
1583
1593
4267
3161
3029
670
2258
2260
2952
1719
2260
814
1608
3190
1608
3190
3190
467
654
2302
2302
1624
1624
323
1622
1622
2344
356
356
436
548
443
443
424
905
864
864
864
1365
864
1365
1481
906
1368
1368
265
265
856
856
1368
863
910
910
1374
1583
905
2447
790
856
856
453
53
52
2435
2435
2435
572
483
1374
858
2436
1370
273
2252
2406
2265
496
2379
2945
1351
670
3029
3029
3181
583
1731
313
661
470
660
1652
418
1622
1631
2219
321
1648
600
602
610
435
550
606
491
367
2288
349
2233
553
613
614
1685
373
1683
446
1678
384
4267
1711
1711
2952
3190
1608
2242
586
644
2403
458
1634
327
1632
2308
1732
574
238
1516
3078
3078
488
488
1721
1709
2282
584
1609
905
881
1529
1359
905
905
905
1374
662
662
1371
265
1753
3029
3161
486
1653
1630
599
1631
673
341
2322
678
2353
3029
3029
813
3190
3190
3029
1722
848
263
854
1582
662
2279
297
2407
2274
2266
589
1585
903
1586
1586
1432
755
1441
772
760
1401
948
1430
926
1404
758
918
728
782
1550
1555
1362
745
732
753
762
1363
906
667
558
906
268
1375
1365
1362
1433
1415
1557
1550
1375
752
1375
561
667
1356
1362
1434
756
1400
561
912
906
864
752
1420
756
864
1365
1365
562
732
268
1375
561
1375
1422
1067
906
1555
748
558
1551
917
786
786
863
498
869
856
904
856
856
864
864
864
456
455
865
854
1363
1409
1365
2449
24
822
24
51
54
54
24
2484
24
24
22
91
31
58
1608
4783
24
24
24
24
24
24
24
2471
652
2225
2244
1738
4993
105
105
145
145
79
79
848
214
200
851
1366
2458
2460
888
665
851
1496
1533
1369
524
881
854
854
854
865
865
854
854
2332
2332
858
858
264
707
854
858
905
884
905
905
865
905
1483
905
858
1582
264
1582
263
876
877
875
580
705
1585
263
707
262
854
854
854
854
1371
1582
1526
1371
565
1496
2331
888
571
698
706
698
1583
894
1367
705
1367
705
869
707
854
869
858
858
858
884
858
858
858
1483
858
910
1522
1365
561
561
1481
562
79
79
79
745
912
917
1401
782
922
760
760
916
728
1457
1020
1454
975
975
945
944
1438
934
1451
1456
1445
1019
1053
1445
949
1458
1444
1441
1057
1057
1247
1247
1231
1247
1000
992
995
1200
1200
1247
1234
1200
1003
1000
1247
963
1057
992
992
1000
1336
1000
1057
1333
1247
1247
1247
1234
1200
1231
1246
1247
1200
1231
1234
1247
955
1247
1238
1234
1246
1231
1238
1238
1334
1238
1231
1200
1200
1200
997
986
1000
999
1200
1057
1336
1337
1020
956
1001
1337
1200
1247
1057
1234
1247
1247
1247
1057
1247
1247
1247
1000
1247
1247
1247
1200
1247
1247
1200
1200
1200
1247
1231
1200
963
1200
1057
954
975
1333
1057
1247
1247
1247
1247
1247
1000
1057
1231
1247
1247
1067
1247
1247
1247
1200
1200
1200
1200
1200
1200
1200
1200
1200
1200
1200
1200
1200
1200
1200
1200
1200
1200
1200
1200
1200
1247
1200
1247
1247
1247
1247
1247
1247
1247
1247
1247
1247
1247
1247
1247
1200
1244
1200
1247
1247
1247
1200
1200
1247
1247
1247
1247
1247
1200
1247
1200
1247
1247
1200
1200
1200
1200
1247
1200
1200
1200
1200
1200
1200
1200
1200
1200
1200
1200
1247
1247
1247
1247
1247
1247
1247
1247
1247
1247
1247
1247
1246
1246
1247
1247
1247
1247
1247
1247
1247
1247
1247
1247
1247
1247
1247
1247
1247
1244
1247
1247
1247
1247
1247
1247
1244
1247
1244
1244
1247
1244
1247
1244
1247
1244
1244
1247
1247
1247
1247
1244
1247
1244
1247
1247
1247
1247
1247
1247
1247
1247
1247
1247
1247
1246
1258
1246
1246
1247
1247
1247
1247
1247
1247
1247
1258
1247
1247
1247
1247
1247
1247
1247
1247
1247
1247
1247
1247
1247
1247
1247
1247
1247
1247
1246
1247
1246
1246
1246
1246
1216
1057
1140
1216
1057
1057
1057
1057
1200
1182
1200
1200
1200
1200
1140
1200
1200
1182
1141
1200
1247
1200
1182
1182
1200
1182
1200
1200
1200
1200
1200
1200
997
1247
1247
1247
1234
1237
1234
1234
1237
1247
1247
1231
1237
1247
1247
1216
1231
1304
1304
1057
1057
1057
1057
1310
1000
1000
1000
969
963
997
996
996
1057
1216
1216
15
16
24
24
24
24
24
1364
1364
1482
1364
1375
864
864
864
864
864
864
1482
1482
1482
1481
864
864
1368
1368
667
864
864
1365
1481
904
904
905
905
905
905
905
1522
863
902
863
1586
858
910
905
1483
662
905
499
905
1374
662
1364
906
863
856
856
904
856
1522
1513
1512
237
785
238
2299
2299
237
260
2453
847
2455
573
246
2388
2426
242
456
1585
263
903
525
1389
502
741
725
726
918
917
917
1551
1406
770
760
916
1422
728
1412
768
926
1416
720
1400
1423
758
1413
1422
942
936
708
776
720
1429
1415
756
950
1425
711
949
1438
1438
934
1439
1445
933
932
1456
1444
1337
938
1041
1458
1053
934
1019
1454
1457
1053
1002
808
96
163
163
52
96
200
573
2454
2453
526
572
572
789
2381
1507
1537
883
885
590
1370
1359
1481
1481
1522
858
2332
2332
2332
884
884
889
259
1505
2456
1514
269
452
1745
668
2240
2216
1480
2432
845
2331
2331
863
863
456
856
498
863
856
905
904
905
905
858
858
858
858
889
884
884
1564
1543
1536
2449
790
786
864
2435
790
864
864
2435
864
499
499
1484
499
1484
1484
1484
845
1542
96
795
1480
1370
1523
1533
1533
1474
2331
2331
1533
842
845
1533
571
571
664
565
565
697
875
565
565
236
214
799
795
94
735
561
752
1362
561
752
561
732
762
1362
761
912
748
912
2331
845
255
1498
846
2333
1575
846
2317
1387
1518
1565
2329
2467
2425
863
861
903
1585
2193
869
869
881
881
881
881
79
79
166
79
52
106
165
2446
107
1600
1603
1491
2341
270
479
1495
1604
1745
4226
825
1490
1736
1737
1724
1749
1741
1742
1468
703
305
587
314
594
685
4819
415
2227
289
2204
537
1730
493
2264
477
2241
289
633
2315
2314
591
2306
2306
533
636
2302
2305
315
2897
687
414
3181
1612
2284
279
2268
320
1731
287
300
363
441
348
2235
364
351
422
549
352
2208
342
343
346
367
2232
2323
357
363
362
353
338
648
648
605
607
433
435
421
611
2321
2251
2198
371
384
369
347
365
443
442
552
2251
551
373
373
376
2352
380
2197
1728
458
1722
1752
1602
3078
583
828
306
643
2952
486
486
3161
1750
1606
1616
2486
4913
4998
2485
2407
700
2407
4911
1489
1746
2476
308
244
1486
1511
1512
481
784
2285
482
1745
253
2225
2201
1493
480
298
1758
15
46
22
15
15
15
46
1722
1722
1387
475
2351
680
2325
1666
1668
1670
1665
615
444
1662
1666
388
1691
387
681
681
1702
1702
1704
627
1707
1701
1698
1702
624
2327
2083
2047
2192
2047
2050
2064
2064
2063
2064
2064
2084
2086
2047
2047
2050
2052
2084
1974
2065
2086
2046
2083
2187
1974
2083
2082
2187
2191
2126
2126
2186
2047
2064
2085
2064
2085
2064
2063
2063
2047
2065
2046
2086
2084
2064
2050
2046
2064
2065
2046
2065
2065
2058
2046
2085
2085
2084
2085
2046
2126
2121
2082
2083
2082
2082
2126
2191
2126
2084
2191
2084
2085
2013
2126
2126
2187
2022
2191
2187
2192
2133
2046
2046
2083
2063
2050
2064
2065
2064
2050
2047
2084
2086
2045
2086
2187
2086
2086
2191
2047
2047
2063
2064
2085
2064
2046
2064
2047
2084
2050
2084
2065
2045
1973
2085
2191
2087
2045
2126
2191
2191
425
1686
1663
679
1656
680
617
627
619
1670
392
1675
617
2326
1675
556
1686
1697
426
1697
2355
626
626
626
426
429
428
1699
555
2185
2185
1965
1798
1798
2185
1796
2188
2188
2062
2087
2369
2081
2188
2188
2372
2372
2133
2133
2133
1786
1798
2062
1796
1965
1796
1796
2374
1796
2096
1779
2374
1796
2366
1795
1775
1790
2366
1779
1776
1776
1790
2181
2181
2181
1784
1959
1959
404
404
404
1774
1800
2181
1786
2062
1798
1772
1961
1782
1782
1786
2183
2377
2183
2377
2062
2089
2039
1789
2092
1800
1800
2179
1801
1785
2374
2374
2374
2096
2096
1790
2181
1790
2181
2181
2181
2092
2039
1958
1957
1949
1782
1773
1960
404
404
624
404
404
404
1959
2364
2369
2369
2080
2080
2080
2080
2131
2374
2096
2096
2078
2096
2080
2080
2039
2369
2096
2096
2096
1970
2078
2039
2039
2039
2078
2181
2096
2366
2181
2181
2181
2034
2181
2181
2181
2181
2058
2058
2058
2081
2134
2081
2082
2058
2133
2133
2133
2081
2133
2133
2126
2126
2126
2133
2133
2133
2188
2133
2191
2185
2191
2085
1973
2064
2085
2087
2087
2087
2185
1702
624
626
427
2356
402
1779
631
408
628
429
869
707
869
102
546
546
419
2385
2274
1721
485
585
533
1638
1638
417
1636
2224
1637
1638
2205
2243
1717
2405
2200
484
1636
306
2281
457
2253
1753
2217
658
304
1639
2206
2206
2221
1640
417
2219
544
669
2257
2249
284
1380
2202
326
2212
2450
2213
419
245
794
489
644
1728
311
2242
1722
1610
1722
1722
2258
3161
272
488
2267
596
1710
1709
4267
1722
488
488
3161
3029
1602
474
307
640
2280
1529
2259
1601
2459
1613
2287
2309
340
2310
1687
1647
354
3079
2439
1477
1505
4763
2258
1722
1711
2318
416
4780
3181
4780
686
688
478
321
358
2290
1722
1722
2258
2258
3078
3078
1628
1629
599
332
1642
2320
675
676
350
1537
2332
1526
888
1478
1485
2457
1499
1506
1522
1480
2331
1615
2335
1385
312
3026
3026
637
2283
328
344
350
361
2320
449
2324
4801
2359
1618
620
1704
2327
1672
2325
626
2181
1784
2092
2365
2092
2365
1959
2092
2328
2342
2952
3078
852
214
1743
1581
2482
500
285
2394
2423
848
1472
2467
236
319
200
236
230
523
2943
1386
2486
824
23
22
22
24
24
24
24
24
51
24
24
24
24
24
500
697
1581
706
905
905
858
884
852
858
858
848
1583
1583
1583
865
2447
1529
1393
881
854
882
852
875
524
571
571
241
501
242
525
1585
903
883
885
884
2330
863
863
856
863
863
905
905
864
905
905
858
905
905
889
889
889
889
1564
1529
2330
2331
107
1537
884
1499
501
698
2434
892
501
789
1771
1383
246
846
1473
1517
1518
502
1565
1518
1508
2975
5000
2482
4089
4264
4264
15
15
15
15
15
1
119
1
4264
1758
1758
4264
4264
82
4264
1758
1758
137
137
112
2597
4264
112
112
1762
164
1762
112
1762
15
15
4264
1758
1758
1762
1758
1758
1758
4264
4264
1758
1758
137
1758
1758
15
164
119
3831
1762
46
15
15
2408
15
4264
49
4264
4264
15
4264
112
137
137
1758
4264
137
1758
112
137
112
1762
2597
112
1762
4260
1762
4264
4264
15
128
2408
126
4264
1758
1758
15
15
15
15
15
1762
46
15
15
1758
15
79
46
15
4264
2613
4264
1758
4260
1762
112
1758
46
1758
1762
112
15
1758
119
4264
137
46
46
15
15
15
4264
15
4264
46
137
137
1758
137
137
137
137
2597
137
137
137
137
1758
137
4264
1758
112
137
1758
137
137
137
137
137
137
137
2597
137
137
2597
137
137
1758
137
137
137
137
137
137
137
137
137
137
137
2597
137
137
1758
2650
2561
2593
2544
3016
3995
3996
3995
3885
3876
4031
4943
4943
3997
3996
2970
3996
4910
2719
2716
2989
3878
3374
4972
2593
4255
2599
4937
2759
4029
4974
4030
3881
4947
4969
1509
3152
3152
4837
3977
2579
2398
4020
4030
4030
4030
4058
4021
2481
2750
4693
3360
2987
2987
2987
2581
3378
4837
4948
3152
3152
4947
4969
3998
3961
3881
2531
4236
113
2764
2532
4236
3072
114
3142
4103
4095
4099
3871
3150
4092
4914
4901
2780
4782
3007
3129
4785
3164
2975
2977
4916
3982
4018
2956
3192
2965
2955
4724
4778
4713
4720
4896
2793
247
4250
3025
3025
3181
3027
3181
4780
4747
3878
4965
3995
4958
4772
3149
2809
3023
2813
2813
4785
2773
2965
4771
2954
3176
2796
2964
2964
2768
4731
4119
4129
2786
4144
4128
4144
4126
4815
2811
3140
4732
2817
4130
4130
4130
2810
2810
4121
4732
4135
4706
4120
4128
4128
4814
3091
4131
2804
2810
2810
4130
2810
4130
2817
2817
2817
2817
4136
2817
2817
4133
4723
4114
2935
4749
4712
4733
2903
4135
4130
2817
2817
4130
2817
4130
2819
2819
2818
2818
4734
3098
3098
2818
4738
2862
2903
2817
2817
3092
2817
2835
2919
4127
4127
2835
2835
4734
2839
2916
3102
4816
2924
2829
2863
2858
2861
3041
2825
4791
2827
2826
2924
2924
2851
4794
4177
2861
3161
3161
2258
1722
1722
3161
3075
4134
4131
3032
4135
2903
3033
2838
2920
3103
3168
2925
3130
4205
4732
4723
4129
2810
2817
2817
2817
2817
3092
3092
4131
4113
4114
4121
2810
4749
4135
4135
4714
4741
4733
4733
2820
2817
4145
4130
2817
2817
2817
2817
3092
3961
4960
3358
3361
4991
4720
4726
2975
2977
2977
3079
4994
812
4267
3162
4221
4221
3007
4846
4968
4696
3835
4253
4786
1595
3857
4091
4769
3880
3961
4004
4968
4968
4968
3997
3998
4947
4947
3152
4021
3977
3977
4030
3163
4220
3134
3133
3133
2974
4855
4116
3191
4106
4231
3024
1711
2777
2777
3379
3977
3977
3347
3340
3374
3992
2621
1590
2562
2599
4082
2546
2513
2541
2599
839
2985
3860
2494
4208
4761
3964
4732
4991
3
3319
3863
3869
2938
2938
2990
2777
4766
1722
4780
1711
4888
1711
4212
4771
3127
2772
3127
3127
3182
2772
2772
2914
3145
4722
3032
3032
3032
4706
4135
4135
4115
2935
3033
3167
2905
2906
2854
3997
3996
3997
3997
3997
3997
4967
4967
4968
4968
3857
3995
3995
3995
3274
2753
2985
4948
4948
3061
4948
4947
4947
4947
2730
4937
3977
3977
3061
2970
3061
4977
2555
2496
4968
3996
3997
3997
2747
4967
2747
4945
4030
4030
4030
4845
3315
4236
4249
4720
4251
4778
3164
3164
3013
4780
4765
2899
2258
4780
2762
2760
4757
4123
4138
3085
4803
2769
2803
4141
4790
4113
4706
4706
2817
2804
4119
4144
3092
3092
3092
3092
2816
4815
4855
4850
2817
4146
2817
4129
2817
2817
2817
3036
4710
3092
3092
2816
4146
4146
4145
3136
2830
4709
3100
2826
2918
2821
2859
2851
3040
2843
4211
4221
4211
4796
3190
3303
4760
4713
3159
4713
2789
2789
3074
4120
4129
4130
4129
3092
2816
3092
3032
2979
4790
4941
3067
3964
4720
2913
4758
4784
4742
4762
4761
4107
3347
3977
4837
2753
2746
3997
3152
3369
2728
4945
3388
2985
3963
3029
2974
3133
4206
2805
4131
4116
4133
2902
2902
4130
4135
4130
2823
4143
4143
4816
3097
3161
3182
3182
2258
2258
3161
3029
3161
3029
3127
1722
3305
2750
2728
4945
4783
4915
4846
4107
2913
3857
3360
3358
3277
3896
3985
3892
3142
3878
3235
3246
3908
2800
3890
3405
3142
2764
3399
3396
2967
3067
3240
3281
3961
4047
4004
4003
3854
3855
4968
4966
3274
3860
4005
2747
2968
3910
3913
3216
3240
3855
3855
3860
3854
3855
3857
3881
3964
3893
2767
3961
2969
3881
2969
2969
3239
3235
3413
4004
2747
2747
4005
3393
2801
2743
2741
3274
3860
3413
2743
3995
3240
3964
2743
4045
3399
3274
3994
4075
2987
3355
4955
3061
4940
4940
2970
2970
2970
2970
2970
4948
4961
3390
3391
2968
2764
4004
3884
2597
137
1762
137
1758
112
2597
112
137
137
137
137
137
3831
46
60
1608
2780
137
2597
137
2597
137
137
112
15
2966
2764
2767
2800
4751
4721
4993
8
82
82
128
1341
1
15
2669
2585
2634
3054
114
4000
4035
4957
4029
2660
4029
3373
3387
2689
3347
3347
3374
3004
2971
3347
4020
4836
4030
4030
4030
3353
3374
4024
4024
3379
3347
3374
3378
3992
3340
3340
2988
3382
4902
3358
4956
3382
2675
3388
3361
2988
3361
3358
3329
3391
3004
3347
3054
4077
4029
4029
3154
3283
2722
4015
4029
2669
2511
2639
2989
3328
2638
2694
3382
3382
2989
3004
3374
3374
4030
4024
3992
3378
3378
4021
3378
3378
4021
4030
4021
3378
4947
4006
3854
3857
3397
3240
1
3396
3240
3404
3403
3251
3258
3258
3873
4243
4057
3396
3233
3233
3927
3422
3920
3198
3254
3927
3427
3917
3233
3206
3435
3198
3427
3906
3200
3425
3910
3453
3820
3820
3827
3820
3938
3416
3417
3423
3820
3806
3545
3453
3416
3460
3819
3453
3946
3820
3946
3935
3938
3453
3806
3438
3441
3446
3450
3822
3820
3798
3584
3468
3544
3541
3815
3517
3586
3446
3827
3420
3545
3544
3423
3423
3511
3541
3534
3584
3464
3430
3464
3416
3938
3468
3926
3417
3435
3935
3935
3422
3927
3435
3468
3515
3949
3813
3438
3767
3464
3416
3584
3562
3484
3416
3815
3499
3441
3816
3441
3431
3468
3468
3518
3438
3507
3468
3509
3935
3464
3453
3422
3949
3453
3438
3798
3549
3484
3438
3416
3946
3465
3648
3798
3906
3423
3798
3549
3525
3534
3637
3579
3571
3468
3579
3569
3534
3579
3571
3468
3468
3637
3579
3637
3579
3571
3438
3468
3438
3438
3549
3517
3438
3584
3648
3648
3562
3549
3648
3438
3795
3441
3648
3648
3562
3616
3562
3549
3795
3648
3562
3648
3648
3648
3637
3562
3637
3584
3584
3637
3637
3648
3637
3637
3637
3637
3700
3637
3637
3637
3637
3579
3637
3637
3619
3637
3637
3637
3637
3547
3562
3473
3549
3547
3473
3804
3795
3549
3648
3438
3473
3824
3754
3562
3795
3806
3798
3648
3562
3648
3562
3562
3562
3562
3798
3562
3562
3648
3562
3648
3717
3648
3754
3648
3562
3795
3674
3669
3648
3700
3700
3676
3648
3637
3702
3700
3700
3648
3717
3648
3648
3637
3637
3613
3693
3693
3795
3798
3795
3804
3798
3798
3446
3795
3487
3798
3798
3545
3798
3798
3548
3798
3457
3798
3457
3798
3798
3545
3798
3457
3487
3798
3732
3721
3732
3717
3732
3732
3732
3732
3732
3487
3732
3717
3732
3732
3446
3798
3798
3446
3516
3516
3453
3515
3515
3453
3515
3453
3515
3452
3515
3515
3515
3775
3515
3515
3515
3515
3778
3775
3515
3778
3775
3515
3762
3515
3762
3515
3765
3778
3775
3806
3441
3446
3446
3446
3462
3446
3446
3516
3446
3446
3819
3820
3554
3820
3453
3820
3937
3453
3453
3453
3820
3417
3416
3416
3416
3949
3434
3420
3943
3453
3453
4264
15
112
1758
112
112
112
3885
3277
4947
4947
2985
3860
3393
3996
3996
4967
3997
3997
3997
3997
3997
4947
4947
3857
3857
3061
3061
3061
3885
3061
3393
3397
4966
3996
3996
3857
4943
3997
4943
2987
3152
4837
4030
4030
2985
4945
4961
4961
4021
3152
3152
4021
4961
3069
2746
4837
3277
4961
3277
3860
2986
2986
4940
2987
4021
4947
4021
4006
4060
2741
3010
3964
4004
4839
4989
3067
2969
4007
4001
4001
1580
4005
4004
4004
3832
3000
4976
2728
4945
3350
2728
3883
2723
2733
2473
2478
3235
2767
4243
3396
3396
3403
3218
4047
3142
3142
4054
3267
4054
3258
3889
3203
3267
3898
2800
3249
3898
3985
3909
3913
3413
3985
3910
3409
3246
3908
3257
3412
3913
3921
3254
3264
3923
3921
3911
3920
3928
3199
3233
3198
3233
3205
3922
3935
3936
3927
3916
3928
2513
98
2537
2599
70
102
4003
4966
2969
3336
2937
2937
4005
2747
2969
2747
2747
3886
2196
4258
2581
2623
3054
3069
3393
3857
4013
4030
4030
4836
4030
4836
4836
4836
3333
4971
4971
3991
4019
4019
4804
2782
4112
4243
3982
2767
4247
3873
2967
4246
4013
2387
3330
4029
3339
1547
3187
2939
4940
2986
2987
2987
3977
3977
3977
3992
4030
4030
4949
4030
3334
4836
4037
2759
2587
3885
3274
2970
3274
2970
2970
2970
3997
3997
3997
4947
4947
3152
4947
4058
4021
4970
3993
4964
4059
4011
2606
1761
4259
4013
3975
3375
4029
3017
4013
4041
2745
4950
3971
3952
507
2951
4017
4013
2512
2710
2632
2722
4934
4924
3283
2581
2579
2598
95
3067
3067
3281
3854
3281
4003
2968
3240
4003
2741
3398
3964
3881
3964
3240
3952
4695
1520
1527
1498
258
4987
4990
1567
462
254
254
463
1547
4895
2720
4693
2938
3389
3350
3355
3347
3391
3371
3197
3347
2987
162
133
79
70
70
79
1593
13
4769
4093
4249
4239
4109
4239
2764
3314
4223
4764
4225
4108
4226
4224
4110
4841
4095
4225
2479
4240
4069
2749
3148
4704
2788
2953
2953
4744
2773
2809
3177
2898
2798
2979
3140
4123
3149
2803
2955
4730
3193
3193
3030
4703
3031
4140
2954
4806
3125
4810
2956
4790
4790
4803
2803
4126
2768
2785
2979
3024
2784
2978
4826
4127
4127
2820
2916
4737
4737
2846
3167
2920
3036
2834
3092
4146
3092
3092
2817
3099
3136
4143
3098
4734
2919
3092
2816
4127
3092
4127
2819
2903
3033
4714
4734
4741
2818
2820
2819
2817
2817
2817
2817
3033
3035
3092
3092
3092
2817
2823
4146
3040
2862
4827
3102
2917
2923
2922
2830
2920
3039
2926
3038
3100
2836
2841
2842
3008
2863
2843
4713
2790
1722
4267
2799
2762
2760
3164
2975
2975
3087
3316
3131
4750
4713
1711
3078
2974
4206
3135
1722
4097
4848
2766
4999
2941
3133
3133
4894
4107
4095
2772
3012
4981
2757
2740
4702
4849
2791
2740
2756
3966
2940
3964
2968
4755
3966
1569
3313
2757
2800
3985
2800
4747
4907
4983
3984
1758
15
1762
1758
15
15
1758
12
4267
9
2480
2477
3105
3104
4180
4793
4798
4166
4172
2931
2866
4180
3105
4150
3108
4182
2934
2934
2868
3110
2867
4166
4832
4831
4182
4170
4616
4625
4585
4585
4585
4564
4585
4585
4585
4585
4625
4557
4559
4557
4585
4625
4625
4557
4585
4624
4622
4625
4625
4567
4625
4585
4625
4585
4565
4475
4687
4634
4618
4585
4566
4585
4591
4585
4585
4878
4625
4585
4559
4557
4559
4557
4590
4557
4625
4585
4566
4561
4564
4585
4625
4567
4557
4625
4625
4585
4622
4585
4634
4625
4585
4625
4585
4634
4585
4625
4475
4585
4616
4612
4585
4541
4692
4477
4547
4477
4634
4564
4541
4602
4559
4616
4585
4561
4626
4625
4634
4625
4585
4625
4625
4585
4622
4612
4525
4625
4565
4526
4618
4561
4625
4585
4585
4557
4624
4557
4585
4625
4585
4585
4625
4585
4616
4557
4622
4565
4616
4566
4526
4477
4565
4169
2865
4176
3105
4182
2855
2933
2857
4177
2854
4791
2925
4830
4181
4178
3172
3106
4157
4153
4164
4162
4161
4161
4832
4193
4160
2873
2932
4296
4299
4458
4295
4461
4462
4464
4478
4277
4299
4592
4880
4885
4873
4880
4885
4539
4539
4679
2912
3046
3046
4184
3122
4463
4457
4276
4871
3120
2882
4795
4860
2889
3116
4860
4860
2880
4860
4860
4860
3115
3115
2887
3115
3115
4197
4187
4197
4187
4203
2887
4459
4458
4285
4450
4184
3045
2910
4194
3175
2911
2912
4450
4283
4285
4283
4450
2885
4834
4187
4203
2877
2885
2885
4275
4276
3123
2889
4860
3115
2888
3115
4459
4187
2887
2887
4272
2864
3045
4186
2869
4186
3174
4167
4197
4197
4197
4197
4197
3118
4164
4679
4680
4680
4680
4679
4290
4290
4289
4275
4275
4274
4451
4282
4283
3123
3123
4282
4459
3175
4834
2887
2888
3116
3123
3123
2887
4459
3115
2887
2887
4459
2887
4591
4592
4878
4634
4562
4563
4563
4634
4880
4541
4634
4585
4634
4594
4884
4599
4594
4477
4478
4449
4475
4565
4446
4446
4565
4565
4295
4591
4591
4591
4150
3108
3108
4161
4833
4832
4202
4201
3117
4201
4164
4154
4955
98
2935
4733
4733
4712
3872
4773
4774
3147
2775
4114
4114
4115
4113
2804
2787
4746
4113
4114
4728
4892
4742
4237
3141
2775
2809
4742
4702
3872
4752
4785
3129
4744
4729
4731
4748
4732
4121
4723
4723
4723
4723
2804
4745
2801
4760
4250
4721
4244
3148
4731
4745
4727
3988
4712
2935
2726
3282
2790
3135
4205
4214
2794
3161
4248
1722
1722
4267
4267
4094
4222
3164
3162
3162
4222
4209
3132
4717
1711
2952
1711
2974
3165
3165
3161
4094
4916
4916
4750
4215
4029
4781
3875
4787
4126
4126
2816
4130
2817
4130
2817
4130
4130
4130
4130
2924
2817
3092
2817
4130
2819
3164
3079
3164
4098
4059
4863
3077
2952
4768
4835
4771
4886
3124
4775
4809
2812
2964
4128
4128
4144
2821
2819
2840
4267
2952
4267
2952
3990
4029
4118
2805
2901
2902
4133
4135
4135
2903
2903
4127
4127
2919
2823
2919
843
4963
4020
4020
4029
3071
4062
4022
4865
4908
167
4013
3975
3339
4864
4105
3143
4117
4820
3018
3177
2898
3019
2964
2769
2821
2919
2817
4145
2817
4146
4146
4146
4792
3102
3164
3078
3874
4794
3105
3110
4170
4180
2849
3109
3115
3115
4272
4862
2887
4272
3118
2887
4272
4459
4848
4211
3164
2777
3164
4958
2578
4893
4726
138
4086
3074
2941
2545
3987
2672
2732
2587
3887
4259
2581
2941
4897
3134
4984
4916
4264
4264
1758
1758
137
137
137
137
137
137
137
137
137
137
137
1758
3324
4076
4266
3385
3977
4020
3992
4979
2585
3992
4945
4939
2717
2717
3347
4946
4905
3355
3351
2582
4035
3305
2582
2694
2621
3832
3064
2725
3015
2723
4693
3278
4075
4030
4030
4836
4961
2986
3061
4940
2986
4940
2746
2746
3977
4021
4021
3378
4030
4030
4030
2960
4039
3952
2623
4975
108
4029
4963
4906
2505
3320
2550
2592
4895
3063
2474
4268
18
1498
1578
1579
1532
1566
2461
254
299
1520
4988
2977
2770
4252
4090
3329
