50
75
72
162
72
161
2
160
2
160
2424
16
30
17
183
131
53
30
22
2438
101
27
116
2425
30
2429
206
144
224
92
79
136
1
51
54
23
88
39
50
30
30
146
52
53
53
22
57
58
26
25
150
2438
96
95
72
72
159
16
2
42
2424
2425
1341
20
171
58
2428
83
182
2427
87
56
88
93
27
93
93
135
136
809
135
93
175
74
131
104
74
161
23
59
2
130
162
41
16
138
135
49
95
75
1
162
74
2424
162
20
51
150
147
27
2429
93
94
59
62
154
2425
79
31
1341
1781
17
107
75
46
46
162
75
162
2425
102
78
2424
137
170
170
2428
58
208
58
170
811
170
58
58
170
170
170
170
174
83
170
82
58
58
170
813
206
206
170
170
170
170
813
170
206
170
170
170
170
58
813
170
19
170
169
170
83
170
170
2463
902
1358
1368
1589
1517
1517
457
2474
1373
1373
1345
1345
897
676
1524
1543
2475
582
1375
1375
1400
2468
2468
1484
904
1496
676
1536
2250
260
260
1401
2485
903
2463
901
1376
1376
1488
2477
1482
2978
1524
861
2477
2303
2502
1548
1548
505
505
676
257
1548
1496
1346
912
912
1530
1479
267
487
275
2450
1753
127
1396
1607
273
1502
319
1603
1383
2406
2413
1620
273
475
2234
2400
1718
2257
2365
470
715
2284
486
320
2219
717
2235
307
2247
2248
591
1587
1587
2454
1586
237
550
703
548
248
1483
1522
260
319
321
328
1634
1631
324
2233
1643
2298
493
1657
1637
1662
1644
1663
1663
1661
614
334
620
364
349
362
350
350
423
2203
340
1642
325
1631
2223
435
362
437
626
439
434
369
2286
347
373
442
425
628
378
379
380
383
1685
1694
402
1697
1669
1670
1679
1715
1706
1706
1672
1949
639
411
1954
1797
1964
1801
1792
2370
1952
1795
1794
1975
1975
4233
538
1721
1650
554
1651
661
558
560
563
1707
1956
431
1798
2277
688
658
362
2311
342
690
617
373
348
627
352
446
1692
1684
1670
2294
2358
2221
1500
2448
492
1548
1536
1548
1587
235
235
235
2391
2214
2400
656
288
494
252
829
1734
1733
521
2345
1347
1347
4987
1556
1584
478
1364
1364
1364
1495
1495
1517
673
1604
1478
1499
1499
2475
2477
864
2252
654
304
625
548
295
1744
603
288
1496
1496
1548
1541
1541
2477
1590
712
711
901
2403
509
1561
2452
901
19
1359
119
1493
866
152
596
658
2411
2386
2386
231
515
1392
307
846
682
2246
1496
1496
1496
235
1587
2479
1364
1364
1364
1364
1364
1364
1364
1402
1402
1400
1538
1721
2362
2362
493
2270
546
284
705
4776
546
671
2192
1629
1629
617
440
353
370
2245
1690
1676
1959
1965
1350
1375
260
1352
1352
260
1347
260
573
477
477
918
1356
802
803
1356
1357
1373
604
1536
1589
1348
1375
1592
1589
582
912
912
1517
679
679
1496
2334
2334
258
247
1498
247
258
457
457
457
2464
2405
2458
2475
593
593
1548
1548
678
487
1753
1515
1754
670
657
686
604
2317
416
314
1608
611
1639
296
1662
1659
1636
441
2293
339
340
2354
616
624
371
377
1677
2355
2313
2356
636
643
1961
1951
2291
408
1955
1954
1973
1793
2262
603
551
546
551
610
2218
845
622
341
343
557
1664
804
490
490
2283
2207
1730
2213
522
2265
1620
505
1548
1496
678
1368
1368
1372
1589
680
1589
865
1350
678
308
1512
4759
2400
1653
689
344
691
694
696
390
1668
1712
1790
1721
413
546
551
1732
2450
1541
1541
1541
593
1589
1589
713
2344
272
2266
1536
1536
1590
1589
1537
1541
737
792
746
1361
227
259
753
755
786
750
1568
744
1567
776
574
575
1363
1360
914
808
1364
1351
1363
1363
754
808
1363
754
1361
1363
1360
1352
1352
1351
1364
1352
1356
1356
577
577
1363
1362
1360
574
574
1363
1360
1363
1360
1363
260
1352
1352
803
1364
1356
1357
519
519
1359
681
1350
1350
1364
1364
1364
570
786
765
576
575
575
914
782
575
572
781
914
575
576
575
1362
575
782
227
517
227
259
1363
1353
477
1563
1361
1573
750
781
1364
1364
570
1364
1364
802
914
737
1572
792
1364
1364
1364
1364
1352
1352
1352
747
1363
1361
577
575
575
781
1361
227
781
1364
1352
1351
577
575
575
227
227
1345
1563
795
1356
1361
577
781
1361
767
1361
767
767
767
787
1522
1521
1522
862
862
1541
1375
1375
1365
1375
1375
1375
868
1540
1540
1364
1364
746
1364
1364
2448
170
170
58
174
818
174
206
1480
1382
170
170
58
52
1475
1471
142
274
813
58
58
206
813
170
813
2498
1789
489
1385
318
597
2190
462
817
817
18
17
72
1549
1476
1552
895
38
1546
682
1556
1491
864
604
1548
1541
1541
1540
864
1520
1541
1541
1541
1540
1541
1541
1548
1548
1541
1541
1540
1589
1536
1589
1536
1536
1536
1555
1366
1537
1537
1541
1541
1536
1537
1540
595
895
711
1540
604
1492
1538
1540
907
711
584
887
1589
904
896
682
1536
1541
1541
1541
1541
1541
1541
1548
1548
1496
1517
1496
477
1517
912
573
1353
1352
1353
1353
1353
1347
1352
571
571
754
918
573
749
72
2
782
745
754
740
1566
784
681
1360
751
752
259
576
575
1361
781
1425
1414
930
930
1422
721
785
785
930
795
930
1408
927
733
1413
1417
1415
1432
742
1290
1290
1052
990
1290
722
722
943
1460
985
1080
1452
722
722
1269
1269
1460
943
1455
1448
1451
722
1266
1266
1126
990
1269
997
1269
1269
1126
1266
1041
990
1220
1126
1034
990
990
1031
954
990
1041
1126
730
990
1157
1041
1298
721
1434
721
1157
721
1459
1414
722
722
721
1430
722
1034
2425
1329
1126
1126
1126
1
1269
1034
1177
722
1157
1266
1034
957
1126
733
1154
1090
1266
1450
990
733
943
722
1436
1459
1451
1034
1220
1220
1126
1126
722
146
944
1090
1126
1126
1220
1034
1157
1156
1156
1156
1154
1156
1156
1156
1156
1156
1156
1156
1157
1086
1156
1156
1156
1156
1126
1126
1034
1126
1126
1220
1126
1156
1126
1126
1126
1125
1157
1157
1157
1154
1154
1220
1154
1154
1154
1154
1154
1154
1154
1154
1220
1126
1156
1154
1154
1202
1202
1202
1157
1154
1154
1202
1202
1154
1202
1202
1156
1156
1210
1202
1202
1202
1202
1202
1202
1157
1034
1157
1126
1126
1156
1126
1126
1154
1220
1220
990
1154
1156
1034
1156
1156
1156
1154
1156
1154
1156
1156
1125
1258
1206
1156
1154
1154
1156
1210
1156
1206
1210
1206
1202
1154
1202
1206
1202
1206
1206
1202
1156
1206
1206
1206
1206
1206
1206
1086
1086
1086
1125
1154
1034
1125
1125
1034
1094
1125
1125
1125
1156
1125
1156
1156
1125
1206
1229
1156
1125
1125
1156
1205
1206
1205
1205
1156
1206
1139
1205
1139
1206
1205
1156
1205
1034
1125
1125
1180
1125
50
143
2425
50
146
2425
2425
2427
2425
50
2427
52
50
2427
2427
2427
50
30
30
2427
50
50
2427
2427
50
30
30
1041
1080
1220
1034
1268
1269
1269
1290
1105
1229
1086
1301
1269
1269
1269
1266
973
1451
951
1414
2425
1290
1459
1459
1436
722
1269
1023
1025
954
1430
943
50
2425
2424
206
58
171
1345
1346
1347
1347
912
583
1348
1359
1494
1364
802
1364
1368
260
1368
573
1495
918
918
1373
802
802
802
1373
1373
582
1350
918
802
802
802
477
1347
477
573
1368
1368
1496
505
1517
1495
1517
1496
1374
1590
1376
1589
1589
1496
1496
1369
1369
1516
258
912
258
680
582
1358
1373
1374
1496
676
676
1591
1517
912
1517
1517
1485
2299
252
1500
232
2457
1528
1499
2338
252
1529
2299
2283
2456
2456
1529
2445
478
2299
1529
802
802
802
802
1373
802
802
1364
803
1347
583
1376
1517
1496
1496
1517
1496
1496
1496
862
862
910
1517
1517
1517
1517
1517
1517
1352
1352
1352
1364
1364
1375
1364
2487
2405
235
1375
577
227
569
919
781
740
787
915
681
681
519
681
576
259
259
577
1361
577
575
776
776
576
792
763
916
751
774
916
761
746
792
763
788
792
737
1563
792
737
1417
746
928
1417
794
1413
737
786
755
930
1573
794
928
1414
930
931
722
757
733
930
733
931
2462
2778
515
509
1560
491
482
482
2447
2447
253
2299
491
1522
586
2456
1402
513
1489
2471
1491
1370
1516
1493
1494
1494
1495
2342
1540
1520
2477
594
482
482
293
2283
293
2337
667
1582
1397
664
2406
1397
2215
1380
1381
1516
1495
1585
2459
899
1532
2333
862
862
247
247
1543
1543
1543
2476
856
2340
1527
2448
1498
1498
1523
1523
1524
1518
1531
2297
1534
1559
2342
1493
2343
1553
1539
1538
2342
1538
1542
2459
2335
2335
2978
1539
1540
1366
885
897
1491
1553
865
1552
2478
251
1559
570
570
570
782
782
767
571
1361
575
1351
1361
1361
767
570
754
745
1361
227
1363
754
1361
1363
781
1361
570
1361
787
781
856
2978
4987
1584
469
2502
2500
4987
1352
1352
583
1347
1517
1517
1376
1347
1347
1352
1352
1352
1517
1517
912
912
260
1347
2341
1496
1536
1541
1548
1541
869
1496
17
19
850
1364
1364
906
855
1364
2409
1364
2416
2416
509
235
2479
2479
1736
275
1737
262
1618
1581
2274
291
1616
1776
1610
1615
1775
1623
1625
1387
1582
1395
1584
328
1627
417
301
601
299
329
499
500
613
2310
1662
615
717
1646
2210
2191
2211
663
331
301
297
1660
278
2310
336
1658
501
613
389
1705
636
1716
401
1675
567
1711
633
2355
1704
392
635
1671
635
1674
631
1688
1691
395
1671
1693
2312
452
630
453
2359
1947
396
406
399
400
1709
397
1946
1700
639
639
409
642
412
2193
2201
1724
842
1719
1719
2251
2251
1608
684
2194
1724
654
655
1767
2366
1621
303
599
599
274
714
2396
1387
1504
1762
2398
1384
2421
2236
293
1584
490
2407
1500
2489
261
2488
2283
1584
293
1507
1506
1761
1763
1757
2230
532
529
292
1626
21
161
98
45
44
1341
48
826
527
243
2378
1969
2090
1806
1966
2176
2181
2080
2089
2058
2054
2025
2023
2015
1966
2020
2048
2046
2373
2378
1814
1814
1879
1814
1924
1924
1924
1814
1924
1870
1903
1814
1870
1870
1870
1903
1876
1903
1903
1903
1873
1873
1870
1873
1879
1873
1873
1873
1814
1814
1924
1814
1924
1924
1924
1870
1814
1870
1903
1870
1814
1924
1924
1814
1924
1870
1814
1870
1870
1924
1903
1903
1903
1903
1870
1870
1870
1870
1870
1873
1873
1873
1876
1870
1879
1870
1873
1879
1873
1879
1873
1873
1814
1903
1924
1924
1814
1814
1870
1903
1814
1903
1903
1903
1903
1873
1873
1876
1814
1814
1924
1814
1924
1870
1814
1870
1870
1814
1870
1903
1870
1903
1903
1903
1879
1873
1876
1971
1962
2079
1810
1968
1806
2179
2180
2181
2174
2371
1812
2077
1972
2044
2077
1845
2000
2065
2018
2022
2001
2003
1984
2011
1972
1924
1924
1876
1873
1873
1873
1873
1873
1939
1817
1817
1817
1817
1939
1939
1870
1870
1862
1870
1879
1876
1924
1873
1902
1873
1862
1862
1873
1939
1939
1939
1939
1939
1939
2153
2062
2153
1840
1896
1896
2153
2099
2112
2105
2066
2111
2113
2112
2119
2092
2094
1924
1817
1817
1873
1937
1828
1876
1817
1817
1863
2166
1817
2166
2091
1994
2093
1988
1863
2138
1939
1939
1939
1939
1896
2153
2153
1999
2103
2105
2094
1994
1994
2161
1833
2162
2038
2051
2123
2115
2019
2019
2012
2005
1817
1870
1862
1870
1862
1862
1862
1939
1893
2151
1862
1862
1862
1862
2135
1817
1894
2144
2144
1862
2144
2138
2140
2144
2146
2148
2148
2098
1996
1994
1999
2103
2094
2094
2094
1817
1870
1817
1870
1870
1870
1870
1870
1870
1870
1879
1870
1870
1870
1870
1870
1879
1873
1873
1873
1873
1873
1924
1876
1873
1924
1924
1924
1924
1924
2123
2068
2110
2092
2001
1845
1941
1896
1984
1845
1541
1541
4280
2226
384
1484
2249
2236
2278
2206
1752
300
2228
2223
2200
2221
2222
2198
360
1771
2278
2190
799
2250
286
2238
2254
2470
234
1393
317
2234
320
2238
329
355
523
374
2224
360
2239
311
230
521
1749
226
665
2220
337
1770
1381
2217
2244
2226
804
456
457
1528
2473
304
1768
1769
4759
2366
2363
538
1736
2251
688
1733
1605
2232
1724
2363
1729
655
4233
1609
1738
311
2253
1533
2279
1756
860
476
1661
2288
659
2289
2290
686
623
1688
686
496
1611
860
474
2271
1518
474
542
416
1634
2353
1642
1680
410
2363
538
2283
288
1652
1640
2322
497
2325
345
376
2357
405
1811
1490
1540
899
1395
252
252
2336
478
1495
1494
2343
1490
2364
2339
2318
1634
605
312
298
2285
2313
2361
629
2291
1958
1734
688
2336
293
1806
1966
2024
2379
2005
2101
2101
2094
2099
1994
2005
2097
1994
2127
688
1733
260
680
260
2462
2209
2449
591
1402
2468
2209
2420
712
1391
1586
1400
598
845
884
279
1549
2444
585
244
1352
1347
1364
857
2454
1587
235
1759
1535
1352
1364
1364
1347
1347
260
260
303
656
2490
2394
1623
2425
2425
2427
52
58
170
170
170
170
170
170
174
170
208
904
1373
680
1590
718
711
1401
1521
258
2468
2469
903
2469
1376
2451
861
582
2448
1526
1550
1496
1496
1376
2334
1520
1517
1521
492
2448
1541
1541
1548
1541
2482
1551
1551
584
802
1364
1364
1364
1364
802
1364
1364
803
1364
1364
583
1376
1376
1517
1517
1517
1517
1496
1517
1496
1496
910
1548
1541
1548
1522
804
1489
856
247
2333
862
247
247
1543
1524
2476
1518
1547
1578
858
477
477
477
1376
912
912
912
1347
507
802
802
2472
1525
1373
802
802
802
711
1375
582
1367
1347
583
583
1376
1347
1376
1376
583
896
582
582
582
1373
260
1352
802
1347
1347
1352
2473
457
586
1394
1480
1580
2498
1382
1480
1480
511
1382
4987
4906
1364
1377
2763
2508
460
1481
2512
1481
1750
310
231
231
115
2630
7
112
1339
40
6
922
126
852
1339
4278
2677
2645
2646
2527
2561
2571
2665
2530
2538
2602
2623
4919
2601
2549
65
2610
2612
2545
2649
125
2589
4272
2557
2614
47
4279
2513
2555
2564
2532
2567
2648
2573
2535
2573
10
126
2544
2579
117
159
159
161
71
15
3356
2626
2591
124
2629
2612
2565
2597
4920
2617
2598
2698
2601
2570
2625
140
2558
2539
2605
2657
2652
2543
2653
2662
2663
2657
3355
1594
161
2564
109
110
159
40
40
40
124
147
148
120
4274
40
124
1339
3
112
40
2618
2586
2666
43
2652
2606
2558
110
2514
2642
2675
2544
2543
1339
4275
853
2531
3314
117
2540
1339
159
162
3341
108
163
139
2695
2695
4920
2597
2597
3339
3338
4928
4927
2697
4928
2597
2693
2680
2735
2622
2622
2565
3308
3337
2565
3338
4924
2595
3337
4925
3862
4925
4928
3333
2680
4928
4928
2697
2698
2699
2695
4928
3339
4928
4930
2693
2693
2597
4928
2680
2622
2703
2695
3019
3021
4100
4283
3411
4943
2968
4034
3300
2764
3404
4970
3876
3081
3174
3895
4030
4961
3887
3302
3887
3912
2965
3164
4282
3913
3388
3887
3901
4911
4956
4102
2501
1597
2758
4956
3174
3009
4943
4006
3995
4799
4962
4962
3398
4052
3363
2985
4095
4095
3885
3174
3009
3174
3174
2771
3376
3079
3877
3891
3891
3891
4841
3910
2993
2560
2770
2986
4263
2636
3899
2796
840
2982
2983
4720
3900
4019
3331
3028
3170
1741
2417
2276
3362
3005
4242
2992
2809
4712
4767
4721
3349
2818
4714
2819
3040
2754
4102
4102
4264
2923
3205
2260
3903
4960
2747
3171
2828
4744
2839
4147
4849
2798
4135
4784
3148
2822
4138
4144
4745
4145
2849
2850
4158
4140
2853
3127
2870
2857
2943
3030
2948
2949
2848
2864
2833
3118
4729
2869
2945
2946
3001
2930
2868
4708
2880
4789
2858
4735
2955
2886
4791
2888
2890
4750
2883
2882
2893
2935
4860
4187
4857
2900
4169
2903
4190
3200
3199
2908
3137
2911
4292
4454
4294
4287
2917
4458
2918
2922
2922
4233
4233
538
538
3101
3058
4148
2931
3161
3066
2936
2898
2939
4462
4899
602
4736
2944
2850
3125
4821
4150
4731
2881
4827
2874
2933
4189
4691
4183
2887
4194
4699
3087
3914
4957
3377
3884
3369
1406
1600
1600
4891
4248
4267
1742
495
288
4688
2292
465
3172
4121
3883
3872
4048
3386
2509
3362
222
2773
2773
4106
3898
3992
4009
4036
4962
4836
4046
3185
3036
2865
3051
3055
2292
288
603
3376
2771
2771
4836
4836
4836
3367
3887
3085
2740
4953
4900
2758
3027
141
2778
3026
2576
3351
3080
2667
3880
3080
2655
4757
3158
4730
1406
1406
2386
2399
3994
2510
3908
3893
4892
2771
3009
1600
1406
1599
4967
4936
3883
4971
4966
4966
1732
2267
1721
2362
2976
2385
3207
3053
3184
4759
4759
3169
3057
3059
2834
2931
3062
3064
2861
4702
3069
4207
4465
3881
3883
3883
3883
3883
3883
3883
3883
3883
3883
2984
2984
3085
3085
3876
3889
3219
3388
3877
3887
3887
3887
3891
3891
2773
3177
3177
3009
4008
2766
4957
4030
4945
4957
4957
4939
4966
4957
4100
4956
4036
3085
3085
4053
4022
4245
4110
4247
4247
4719
4224
2419
1743
3084
543
2258
2782
3991
4851
3108
4787
4161
4165
3061
2963
4746
2848
4788
2851
3160
3121
3128
3129
4175
3133
3134
3135
4170
3137
4201
3141
4861
4814
2909
4465
2915
4457
2363
433
551
552
4226
4713
3348
3157
3159
3126
2930
4163
4752
2996
3905
2794
2941
3154
4228
4781
4765
2771
3376
3884
2771
3084
3891
3883
3174
3893
3887
3887
3887
3892
3176
3889
4994
4265
4265
4759
3166
4850
4821
4823
3190
2860
3196
4184
3198
4464
415
2926
2255
538
4759
4759
3315
3416
3094
3376
3887
3085
3887
3213
2787
3168
3881
3895
3895
3895
3895
4095
3389
4076
3262
3225
4081
3080
3297
3929
4071
3293
3264
3428
3079
3256
3078
3078
3283
4068
3282
3075
3305
3282
3077
3881
3307
3424
3255
3282
3079
3079
3881
3282
3077
3077
3882
3882
3872
3876
3282
3876
3881
3080
3881
3881
3282
3883
3438
3929
3263
3079
3080
3296
3305
3282
3282
3871
3076
3079
3079
3079
3880
3076
3080
3079
3080
3423
4079
3282
3241
3247
3307
3282
3275
3303
3269
3920
3245
3287
3883
3883
3883
3282
3080
3867
3079
3079
3079
3282
3079
3282
3282
3282
3876
3079
3876
3876
3079
3876
3225
3876
3079
3307
3079
3079
3423
3266
3246
2747
4028
2997
2997
3010
3887
3385
3883
3883
3883
3011
3011
3883
3010
2997
4836
2997
3282
3241
3282
4028
2600
2703
3324
2622
2545
2616
3860
4994
2510
2679
2695
2679
3325
3314
3312
2547
3332
551
2595
3324
2724
2697
4922
2600
4928
126
2994
4257
3111
4019
4715
4020
2503
159
2646
2655
2668
12
159
4902
3999
4064
3105
3329
4025
3410
3402
2746
3095
4050
3892
3416
4006
4007
4045
3402
4046
3094
4007
4095
4007
4046
3094
3416
3416
4836
3402
3212
3411
3219
3887
3887
3037
3093
3887
3219
4095
3369
3174
3094
4006
4007
3894
3177
3177
4006
3402
3886
4043
4805
4842
3402
3397
3405
3219
3410
3014
3405
3409
3177
3379
4007
4006
3094
3094
3416
2771
2771
3891
2771
3872
2773
3075
3255
3873
2984
3283
111
8
3288
3305
3422
3278
3297
3249
3290
3293
3251
4068
4073
3280
3221
3222
3284
3953
3966
3284
3929
3232
3234
3934
3233
3941
3951
3942
3243
3232
3232
3448
3931
3958
3849
3520
3507
3457
3446
3446
3958
3974
3478
3526
3975
3446
3446
3841
3525
3842
3447
3958
3968
3446
3946
3440
3968
3545
3496
3842
3483
3523
3520
3827
3545
3828
3830
3507
3545
3545
3504
3819
3564
3507
3565
3978
3975
3978
3520
3550
3533
3519
3457
3980
3457
3457
3221
3958
3523
3221
3946
3462
3961
3963
3946
3545
3457
3530
3496
3496
3496
3457
3545
3507
3545
3550
3466
3827
3516
3545
3456
3550
3550
3978
3545
3523
3964
3972
3935
3447
3972
3457
3576
3693
3520
3550
3519
3958
3980
3545
3552
3929
3462
3446
3670
3545
3670
3670
3641
3550
3670
3550
3550
3670
3622
3550
3550
3641
3670
3641
3641
3545
3641
3545
3478
3496
3478
3545
3545
3691
3545
3691
3576
3693
3474
3693
3693
3670
3622
3691
3693
3691
3545
3691
3693
3691
3622
3784
3670
3657
3766
3622
3717
3698
3622
3691
3622
3766
3693
3657
3766
3717
3691
3622
3693
3657
3766
3622
3657
3657
3691
3670
3545
3545
3691
3670
3496
3545
3732
3496
3827
3507
3693
3693
3607
3827
3693
3732
3693
3693
3693
3753
3693
3693
3732
3717
3717
3693
3766
3766
3693
3691
3766
3766
3719
3766
3707
3717
3766
3766
3707
3732
3707
3766
3732
3707
3766
3766
3719
3717
3766
3552
3693
3552
3552
3670
3753
3693
3784
3681
3681
3499
3673
3670
3732
3670
3830
3670
3670
3681
3623
3732
3732
3670
3732
3646
3646
3728
3644
3657
3720
3654
3720
3646
3732
3646
3646
3644
3728
3720
3681
3673
3673
3683
3673
3849
3849
3849
3849
3849
3958
3440
3457
3849
3440
3478
3849
3849
3478
3478
3841
3849
3478
3841
3849
3849
3849
3478
3478
3478
3841
3478
3962
3827
3830
3841
3526
3523
3842
3838
3523
3607
3480
3841
3849
3849
3553
3849
3849
3457
3457
3958
3441
3441
3972
3446
3446
3446
3534
3972
3485
3531
3966
3446
3849
2623
108
2724
3337
3308
3308
3862
3085
3883
3891
3883
3891
3877
3877
3883
3883
3883
3883
3883
3883
3883
3883
3883
3883
2773
3873
3887
3303
3085
3085
3085
3176
3883
3303
3883
3872
2984
3385
3883
3883
3174
3884
2771
3891
2771
3889
3887
3895
3085
3887
3887
2771
3891
3085
3085
3877
3009
3891
3891
3877
3085
3085
3085
3877
3174
3895
3895
3895
2773
2773
2773
2969
4839
4839
4035
1602
3996
4035
3909
2764
4785
2985
3039
2748
2747
4104
4009
4009
3918
589
3918
3408
3090
4970
3883
3887
3174
3174
3009
3009
3376
2771
3376
3376
3010
3010
4947
2968
3304
2771
2771
2771
3911
4984
1405
2409
1404
1599
3080
3079
3080
3425
4068
3305
4074
3421
3253
3267
3252
3293
3079
3293
3079
3275
4073
4079
3296
3296
3249
3240
3289
3241
3428
3289
3256
3237
4067
3248
3287
3931
3225
3225
3239
3236
4071
3433
3927
3226
3232
3274
3227
3929
3231
3926
3291
3230
3434
3926
3462
3259
3956
3259
3259
3284
3963
3281
4942
2758
2758
3351
2760
4965
2764
4785
3088
2747
4104
4105
2804
3088
4028
4966
4939
4939
4033
4958
4000
3175
3869
3866
3176
2773
2771
2771
4046
4959
4037
3362
4841
4785
4785
4839
3906
2988
4013
4258
4256
4253
4252
2767
3176
2773
4038
4047
4043
4032
3010
2766
3371
2766
4968
4968
4968
4946
4031
4051
4032
3990
3914
4029
4030
4961
4962
4037
4037
4037
4053
4033
3018
3330
3086
2990
3418
4844
4046
4843
2990
4042
4084
4047
4805
4805
4782
4084
4055
4022
3410
3178
3399
4002
3410
3364
3396
3360
2765
2765
2979
3282
3424
3255
3077
3255
3079
3079
3282
3420
3876
3282
3179
3255
3282
3882
3282
3267
3282
3277
3079
3255
4044
4782
4085
4088
4085
4024
3883
3883
3883
3883
3883
3883
3883
3891
3883
3883
3883
4971
3891
2771
2968
4957
2751
2759
3912
3895
3895
3174
3174
3369
3369
3369
3369
3009
3174
3009
66
105
141
508
4097
1364
1404
1403
1403
1404
1403
1406
238
4760
4111
4117
3342
2803
4779
3904
4116
1614
4865
4127
4115
4123
1623
4261
4982
3909
2799
4716
4133
4134
3050
4726
4728
2824
2821
3112
2808
4811
2845
2980
4146
3058
3216
4853
4155
4801
4806
3002
4164
4854
2829
2844
2822
3162
4173
4167
4168
4172
4171
3069
4206
3070
4176
4178
4179
2897
2902
2892
2891
4185
2888
3068
4690
4691
2950
4191
4796
3130
2896
4859
4452
4200
3146
3144
2900
4204
4206
3145
4209
3071
4210
3142
2907
4214
4871
2971
1732
2292
4107
464
2419
2777
2825
3099
4706
2296
4240
538
4119
2788
1739
2794
281
530
3056
668
4977
4838
4711
3034
4749
4257
4087
4839
3991
3032
4010
3993
4974
3995
2500
2504
2964
2775
3165
2749
3163
2816
3035
4848
73
153
161
2654
4276
76
1340
149
1732
527
2502
4307
4455
4868
4301
4303
4292
4453
4677
4306
4675
4589
4673
4535
4473
4472
4682
4676
4299
4594
4879
4425
4442
4315
4344
4351
4315
4348
4362
4403
4345
4363
4345
4362
4362
4345
4363
4363
4363
4363
4366
4431
4431
4431
4329
4442
4402
4330
4442
4345
4424
4345
4319
4315
4315
4349
4425
4315
4403
4362
4403
4403
4319
4403
4425
4315
4345
4407
4315
4363
4363
4362
4363
4319
4362
4407
4362
4363
4431
4329
4431
4442
4329
4336
4431
4366
4366
4329
4329
4330
4446
4442
4330
4442
4338
4366
4403
4431
4425
4362
4345
4425
4362
4345
4362
4363
4363
4363
4366
4431
4431
4442
4329
4425
4315
4345
4319
4315
4363
4362
4363
4345
4362
4431
4362
4431
4322
4431
4376
4330
4329
4329
4338
4431
4468
4451
4470
4284
4305
4456
4459
4302
4290
4304
4456
4298
4466
4467
4676
4477
4583
4476
4473
4594
4530
4584
4549
4548
4479
4481
4346
4346
4346
4374
4421
4441
4333
4398
4398
4347
4636
4349
4398
4310
4636
4376
4446
4384
4384
4485
4668
4661
4333
4448
4448
4657
4448
4511
4511
4490
4655
4568
4572
4613
4519
4546
4570
4519
4524
4629
4576
4882
4572
4873
4630
4629
4630
4578
4631
4346
4346
4670
4511
4511
4505
4505
4553
4505
4493
4554
4670
4493
4558
4581
4881
4560
4556
4566
4553
4396
4396
4657
4603
4608
4571
4622
4632
4881
4633
4559
4551
4505
4551
4566
4564
4875
4578
4532
4541
4873
4522
4680
4634
4376
4650
4650
4343
4398
4384
4503
4504
4650
4601
4645
4496
4496
4603
4603
4602
4597
4496
4611
4609
4604
4606
4614
4614
4621
4617
4627
4633
4614
4623
4347
4349
4349
4316
4376
4436
4376
4436
4436
4377
4377
4393
4329
4338
4648
4338
4446
4400
4310
4442
4333
4333
4330
4376
4366
4355
4319
4362
4430
4346
4315
4539
4590
4591
4587
4563
4518
4546
4525
4681
4678
4007
4095
2784
4689
2877
4753
4753
3169
4694
4266
4742
3347
4734
2862
4704
2830
4748
4251
4129
4707
4706
4723
4718
4017
4017
4941
4694
4128
4737
4258
2743
2792
3164
4748
3170
2797
4727
4136
2846
2868
4734
4703
3164
4717
4226
2827
4758
4249
4722
4749
2836
2837
3183
2795
4754
4733
4701
4034
3300
3300
2827
3088
4898
2814
3110
2820
4235
538
3042
1732
4234
2505
4989
4221
3155
2292
2292
4913
4233
538
4917
4698
4747
4051
4846
4120
3362
3215
4855
2872
2855
2952
2917
287
3124
4792
466
4109
2987
2384
433
2314
4053
647
4804
4808
4153
4159
2901
4815
504
1720
504
3997
4959
4152
4141
2866
3191
4826
2954
4197
4832
4833
4782
3402
3094
3402
3400
3997
2985
4031
4907
3418
3176
2990
3095
4236
4126
4154
4809
4804
3045
4159
4856
4857
2960
2953
4213
4862
466
4119
3997
4870
4474
4672
4870
4874
4574
4625
4561
4574
4628
4529
4619
4621
4847
2296
290
3090
4955
4061
2818
4941
4938
4966
4887
4988
3357
4905
4099
2754
3348
4268
4900
4018
4060
4953
3403
3907
3040
3919
3883
3883
3883
4065
2755
3919
3919
4720
3365
3883
3883
3883
3883
4971
3350
530
4915
4890
2275
2639
2659
2617
4922
4923
2693
2695
2695
2695
2597
2617
2693
2699
2724
2622
590
3012
3887
3895
3887
3887
2965
3912
3915
3915
3912
3174
3174
3367
589
4028
3367
3009
3375
3009
3009
2997
3087
2965
3087
4028
4028
2997
2997
4001
4061
4058
4060
3405
2397
2480
241
3090
3859
4937
4970
3883
3883
3883
3009
3891
2771
3009
2968
2771
3010
3376
3416
3376
3376
4034
4000
4946
3010
4945
4945
3010
4968
4030
4962
4962
4962
4946
4963
4963
4025
4964
4948
3891
3891
3891
3891
3891
3891
2759
3883
802
3998
3400
3408
3408
3887
3883
3887
3887
3887
3887
3895
3883
3883
3891
3174
3883
3883
3883
4953
3405
3887
3404
3887
3887
3887
3883
3887
3883
3883
3883
3883
3883
3088
4938
3300
2511
1394
4982
3031
1382
2511
508
1394
4089
1364
1583
1758
1789
2492
461
2512
2512
4269
534
309
1601
2399
1879
1873
4431
1873
1879
1876
3282
4431
4431
