1715
72
2463
2409
2409
2528
2528
2409
2417
2468
2468
2417
3811
2450
2523
898
18
3314
72
2425
2460
2460
2465
2437
2458
2495
2518
2443
2517
2538
2465
2541
2980
2448
2442
4272
2518
2518
2406
3336
2555
2427
2494
2518
2927
2450
2520
2450
18
2460
2457
2430
2425
2459
2490
2459
3420
3347
3420
265
2519
2442
2449
2449
2474
2463
2479
3347
2406
2468
2472
2477
72
2561
2528
72
2448
2494
2494
4901
2423
2465
4275
2517
2495
2493
2493
2501
2501
2537
2537
2500
2500
2500
2500
2500
2518
2553
72
109
2506
2506
2414
2444
2425
2489
2463
2417
2528
2463
2528
3812
2495
2449
2442
2442
2667
2450
3420
2449
2409
2476
2479
2463
3326
2557
2526
2409
2506
2449
1537
2432
2500
2500
2501
2501
2499
2493
2481
3326
2555
2553
2443
2444
2444
2432
2465
1718
56
2437
2661
2661
2442
2449
2409
2528
2409
2555
2415
2528
2555
2444
2449
2442
2537
2517
2538
2517
2538
2538
2546
2534
2563
2518
2494
2494
2494
2555
2481
2439
2448
2465
2465
3815
2442
2519
2553
2537
2538
2501
2442
2518
2448
2563
2448
2501
2563
2501
2501
2563
2465
2439
2448
2546
2563
2534
2546
2537
2537
2538
2538
2563
3311
2448
2563
2448
493
2279
2668
2154
1339
2278
1297
2354
1462
1462
1472
517
1680
2349
2150
2140
2331
2335
2328
2140
770
841
2350
433
1350
235
1721
2348
1683
244
2372
2229
259
240
4806
242
1464
774
650
649
4026
2229
843
239
245
886
2369
4047
248
1458
831
835
486
650
449
834
239
1313
246
2342
2337
1441
283
269
4635
4635
1669
265
575
4635
808
1563
268
798
2258
289
319
1685
273
1453
587
276
1677
2124
291
1667
582
281
1559
1709
2234
287
286
1596
324
325
1571
292
442
2107
627
273
2113
2089
297
2297
2297
1333
2300
1661
585
303
1579
1701
1680
1415
311
1600
2125
1588
314
316
317
2142
1585
2186
1576
322
1592
1583
1601
328
328
328
329
598
331
602
355
2192
421
421
364
2224
405
2149
414
328
633
663
337
421
334
355
2188
601
2222
366
426
361
428
364
1629
1622
359
1632
429
371
362
364
1621
1624
394
1622
606
1606
1638
1614
380
375
1608
1609
1607
1730
2254
393
617
392
1728
1885
1744
1736
1888
1873
1739
1875
1874
1876
2082
676
2214
534
2104
535
536
423
358
406
1610
545
1867
1877
1883
412
2170
419
356
346
2194
350
338
2128
363
2192
360
2224
369
605
1620
609
609
608
1616
594
2242
779
435
227
227
227
2298
437
2298
2091
2303
579
445
445
1679
481
2196
1697
4026
2171
471
471
289
2184
1517
2280
4897
1519
2394
2231
288
2198
269
283
432
1441
467
240
246
246
468
847
886
2229
472
661
661
1673
416
304
305
477
3160
2196
834
843
834
1534
842
841
846
486
834
2379
567
568
1720
3942
209
4066
216
2541
238
270
463
420
508
1419
2405
2405
2980
657
273
883
228
226
560
438
1420
438
1540
1427
223
1425
3160
522
522
522
451
451
477
529
676
675
2160
2114
1572
1591
2100
538
2105
2149
405
1625
1633
543
1646
618
1886
1881
551
484
1304
1304
1304
254
460
1303
548
860
490
490
1312
1316
1316
890
2342
880
1342
2344
251
835
562
2366
563
2153
2150
2153
1282
434
1472
1472
1422
680
1437
1437
1483
873
2177
2145
2107
579
294
532
580
1660
444
522
2205
2244
584
463
2207
1573
1597
592
330
502
2099
2088
341
346
329
2194
599
333
361
606
1632
1613
1648
615
2248
1641
1652
1729
2262
2193
1649
2253
616
1896
1893
1888
2274
452
623
530
675
2137
2179
2135
1674
1664
336
334
2194
539
635
307
1692
464
1518
2306
481
685
644
2123
311
310
683
229
229
486
229
2372
484
246
2337
487
571
1307
858
497
1306
296
1662
4727
660
661
2155
662
2219
666
666
601
668
370
2249
1619
2273
397
397
674
531
2163
482
226
866
249
881
859
3212
683
285
685
686
857
858
858
1368
692
1379
1371
695
908
1356
1386
739
1381
1352
906
1369
1354
708
1500
1501
900
894
717
1514
1500
755
762
750
744
721
717
256
1292
756
723
1294
742
748
1370
710
728
896
712
735
759
1294
553
1294
704
776
1376
740
741
892
1506
1292
1513
1501
904
737
1367
549
750
1299
710
719
750
720
552
1375
1300
742
1506
762
763
714
745
745
218
2350
1460
251
841
1310
1311
252
1304
252
1304
773
839
835
749
705
1292
2538
2517
2563
2517
2553
2466
2441
2465
273
441
1451
2501
2448
2539
4066
265
2927
2448
3328
2494
2538
2448
2442
2448
2517
2494
2501
4082
2241
1551
1551
810
2121
2110
2095
274
2980
2980
3347
4061
2416
1412
4026
1497
2355
1522
1468
2372
877
1497
1495
824
860
2280
770
841
770
841
770
841
2229
2229
239
876
866
249
834
834
834
834
486
770
834
834
834
834
879
879
856
856
878
490
495
1494
879
859
857
858
857
2083
841
868
828
1489
2372
1484
830
2304
871
2372
2372
499
2356
2356
490
210
1489
1489
834
2229
2229
2229
470
245
2229
245
889
572
750
893
1506
1456
550
733
2415
2468
901
1506
1506
1355
1356
1358
1508
1359
1362
1353
902
900
1408
1400
923
1399
1397
1377
727
919
1395
1392
1391
1389
1398
921
1393
1394
1387
1382
930
1383
1382
1273
942
1006
976
970
1032
1260
957
994
1058
1177
1189
1273
952
1000
1180
1249
915
942
957
1031
1031
1266
957
982
1170
1007
1189
1251
1026
1258
1183
1075
1274
975
1274
1259
1020
1256
1247
1189
1211
1209
973
1275
1404
937
1086
982
937
978
1128
987
981
1049
1269
949
1400
993
1022
1405
925
913
998
1221
1274
1060
1071
1066
934
1075
1118
1173
1410
1044
1256
1046
1256
1213
1054
1041
1048
1026
1047
1058
1020
1037
985
931
957
1280
1088
1185
1066
1088
1047
1260
1264
1262
1054
1194
1036
915
1172
1096
1101
1043
1101
1113
1049
1043
1043
1102
1113
1052
1047
1049
1041
1048
1113
1102
1113
1057
997
1047
1011
1119
997
1119
1030
1091
1071
1169
1169
1146
1092
1169
1157
1157
1113
1113
1081
1161
1161
1099
1106
1161
1113
1157
1151
1140
1113
1091
1110
1157
1102
1159
1112
1102
1112
1113
1112
1158
1112
1113
1113
1113
1158
1102
1113
1102
1161
1158
1112
1112
1157
1112
1112
1094
1082
1092
1106
1091
1075
1154
1113
1171
1171
1153
1091
1117
968
977
1141
1161
1169
1197
1164
1164
1167
1158
1197
1205
1151
1161
1157
1159
1163
1163
1186
1141
1193
1163
1158
1205
1158
1158
1158
1158
1157
1158
1158
1151
1205
1157
1157
1163
1157
1158
1112
1158
1151
1141
1154
1169
1141
1186
1169
1193
1177
1192
1187
1169
1187
1186
1192
1206
1194
1205
1205
1205
1205
1197
1211
1197
1186
1197
1205
1205
1205
1205
1205
1205
1163
1159
1163
1205
1197
1207
1206
1205
1159
1178
1183
1183
1176
1187
1176
1214
1216
1238
1264
950
1216
1238
1223
1227
1223
1232
1233
1225
1224
1229
1225
1217
1226
1232
1235
1224
1233
1216
1237
1228
1229
1224
1237
1242
1242
1233
1277
1079
1183
1186
1211
1253
1274
1258
1211
1183
1256
1257
1256
1258
1034
1000
1062
1266
963
1025
1264
940
1268
1269
949
949
1260
955
957
1274
1274
1404
1404
1279
1006
2555
3811
2555
2465
2538
2448
558
654
254
1288
1287
1290
1304
246
254
254
254
460
1435
252
771
1289
547
1303
1293
1435
2345
484
484
484
2342
2337
487
2342
851
653
436
687
1315
2342
2342
886
843
1312
229
242
2345
2336
1307
771
557
251
436
1311
251
251
2342
2108
1569
2387
1448
639
507
2139
1693
1321
1568
2388
1687
1446
1696
2112
2151
1329
1317
1318
1444
1338
1340
2381
560
560
2343
1460
773
1344
1345
1347
1543
4281
512
1362
707
713
713
729
765
765
905
1510
738
1499
709
911
711
1365
1372
1366
906
1355
741
751
909
1373
903
1354
1364
1377
739
757
1380
703
1375
726
758
747
725
757
1393
1395
1384
1395
1385
746
928
930
930
693
932
912
917
1388
1403
1399
1398
1403
1399
1401
926
929
135
4890
568
2973
1329
1416
1319
298
1336
1331
1416
1421
213
213
2384
2152
3938
494
823
871
583
1291
1434
1478
1437
1458
1484
2229
2230
2230
2229
2230
2203
2370
2200
1442
640
1328
1328
1569
1709
1567
808
808
2117
1682
809
2119
1554
1702
1306
4048
241
824
2352
4044
1460
1461
561
242
485
242
242
2345
489
847
2337
2364
2342
1465
2364
2353
2377
1467
1476
4004
2973
218
2367
2367
2368
1471
1464
467
2369
2200
825
2397
4814
4027
1479
656
876
824
1485
1480
829
2397
2199
1430
2236
2228
824
1485
877
499
874
2355
2363
456
2354
2373
494
4027
4026
715
754
896
733
719
716
731
892
1501
742
715
1505
778
715
1503
897
2199
2228
2648
4987
4082
4977
247
4015
1524
211
562
839
842
840
866
865
690
249
841
868
870
3349
2462
2980
2552
1348
1720
1542
4070
4282
1549
3941
2405
1420
2182
266
1562
454
2241
2256
1558
4985
682
4084
2239
1561
1566
275
275
267
4239
1565
807
1449
1519
2142
2126
314
400
1575
1587
318
326
2245
1580
1581
2209
329
318
328
1586
534
1570
1590
431
2243
1595
313
590
286
1598
1596
592
1583
1602
1602
1597
407
1647
374
1651
1607
368
407
544
1646
1649
1647
607
1640
375
671
1621
1621
1604
1614
371
1622
425
376
427
1618
1606
430
604
1615
669
1729
379
389
619
382
1652
1645
1644
618
384
1637
614
620
390
381
1878
660
629
1674
2999
2164
2177
1660
1660
2165
2164
2158
2179
2169
2171
2156
1667
3206
2161
1670
282
661
280
1674
1674
528
527
1678
1708
1554
1700
813
1707
261
1684
1702
1556
1447
1518
507
221
258
2090
259
464
2388
4046
1569
4897
2241
1553
260
261
574
2138
2111
443
457
1708
2420
4005
2479
2466
2449
2535
2427
3346
2552
2552
2639
2980
4260
1991
1889
1944
2263
1999
2080
1936
1738
1972
1996
1963
1965
1951
1945
1981
1936
1934
1925
1953
1943
1982
2266
1759
1759
1850
1844
1844
1844
1844
1845
1845
1789
1759
1759
1850
1850
1845
1850
1850
1789
1850
1850
1850
1850
1850
1850
1850
1850
1850
1850
1850
1850
1826
1759
1844
1844
1844
1844
1844
1844
1844
1845
1759
1844
1759
1850
1850
1850
1850
1850
1759
1845
1844
1850
1850
1850
1759
1850
1850
1759
1850
1789
1850
1850
1850
1789
1850
1850
1756
1850
1850
1850
1850
1850
1850
1850
1850
1850
1850
1850
1826
1850
1850
1850
1850
1759
1759
1850
1844
1844
1845
1850
1850
1844
1789
1850
1850
1850
1850
1850
1850
1850
1850
1844
1844
1844
1850
1850
1850
1759
1850
1845
1759
1845
1844
1850
1850
1850
1850
1850
1850
1850
1850
1850
1826
1826
1961
1987
1955
2075
1949
2263
1940
1999
1739
2082
1988
1889
2267
1958
1957
1956
1962
1921
1902
1919
1932
2030
1935
1954
2064
1774
1925
1926
1923
1850
1850
1850
1850
1789
1850
1850
1826
1826
1826
1844
1844
1844
1844
1826
1826
1827
1844
1827
1850
1850
1826
1850
1850
1850
1826
1854
1826
1850
1826
1826
1862
1826
1826
1824
1826
1821
1824
2059
1821
2059
1824
1821
1821
2059
2005
2012
2013
2005
2028
2012
2020
2020
2003
2013
2003
1850
1850
1844
1854
1799
1799
1854
1835
1831
1752
1844
1752
1844
1844
1752
1913
2003
2015
1912
2038
1855
1826
1826
1826
1826
1824
2052
1825
1825
2059
2005
2005
2003
2003
2003
1913
1769
1837
1801
1906
2000
2021
2021
2031
2028
2028
1976
1976
1844
1827
1844
1850
1850
1850
1850
1826
1850
1826
1826
1827
2052
1827
1827
1827
1827
2052
1825
2052
2043
2043
2043
2043
2043
2043
1825
1825
1825
1825
1914
1909
1909
2005
2003
1909
1909
1914
1844
1844
1844
1827
1850
1845
1844
1850
1850
1850
1844
1850
1850
1850
1850
1850
1850
1756
1850
1826
1826
1826
1850
1850
1850
1850
1850
1850
1850
1850
1789
1850
1844
1844
2033
2031
1980
2015
1953
5000
5000
2060
1974
1974
1926
248
4890
1626
1628
1626
576
1455
2092
290
2094
2135
2134
2115
426
1627
2148
2133
2127
658
345
2148
426
626
2159
2132
278
2107
1325
811
312
2126
2109
2147
2120
2103
1452
1657
278
1584
1584
1578
596
336
363
365
337
366
1681
631
626
638
277
1657
2144
809
1577
2143
1585
2159
809
1450
810
1629
1322
637
2136
308
2155
628
1664
500
453
4714
2240
2162
519
462
2166
2175
2167
646
2169
642
2275
2155
2174
2175
676
2178
1557
2116
277
645
1458
2198
684
1337
2183
2187
361
334
355
2195
2250
1873
2210
371
2196
2165
2197
271
455
525
2202
525
459
524
321
320
2208
591
2210
1617
1650
2213
621
1665
1518
1484
1484
1484
2218
664
665
332
2223
1635
670
1643
388
1742
1477
1485
1484
2372
1496
1449
1319
448
1556
1457
2231
2238
1481
1564
1555
1560
1449
1573
1593
2207
591
2247
2212
2227
2211
603
390
1723
2277
2165
1567
1518
1887
2265
2033
1940
1934
2059
1976
1912
2022
2005
1909
1976
1825
1909
2033
2274
2255
2255
233
2289
797
2091
1690
1324
564
2362
2113
2091
2286
272
512
2284
2301
630
2292
1413
495
224
2282
2281
3352
1333
1334
1334
2282
2117
494
1346
1673
2308
2308
2119
2090
1706
2935
1716
2555
2450
2460
2517
2535
2481
2448
2448
2448
2448
2553
2442
2467
2278
2349
1423
1423
768
768
302
236
1414
486
229
2229
239
245
2350
2085
886
846
560
2343
2335
679
832
650
2383
2150
826
766
436
2361
2304
1469
1498
238
2304
2293
2375
2358
1345
560
2360
2360
511
678
2383
2299
245
2229
1428
1343
2365
561
769
242
242
1462
2337
2337
246
246
2342
2203
2235
2235
1486
1476
822
1345
1526
2375
2230
2353
1475
821
2380
882
1341
1418
2152
789
295
4046
3974
1682
2393
788
4981
295
2926
4068
4269
2396
3982
1707
2400
508
2401
2286
1689
1323
1336
2433
2418
2408
2408
2479
2408
2479
2421
2422
2421
2422
3348
2445
2433
2542
2429
2464
3324
2577
2426
2609
3323
2428
3323
2612
2544
3355
2545
2611
2592
2532
2664
2665
2665
2532
2543
2665
2664
3355
2532
4898
2421
2453
2455
2431
3355
3355
2433
2452
2496
2531
2549
4906
4899
2426
2425
2488
2567
2434
2474
3346
2558
2934
2665
2664
2664
2449
2661
2526
2479
2479
3347
2476
2475
2418
2475
2475
2444
2531
2590
2543
2601
2605
2580
2423
2605
2567
2544
2612
2431
2498
2480
2590
2536
2596
2532
2532
2543
2532
2497
2439
3315
2581
2581
2422
2408
2560
2502
2444
2456
2434
2421
3349
2409
2408
2475
2488
2439
3355
3355
4025
2452
4025
2474
4898
2479
2474
2421
4025
2474
2474
2464
2665
2464
2451
2432
2440
2480
2497
2497
2497
2489
3346
4025
2453
2454
2424
2480
2561
2432
2428
2422
2558
3324
2664
4025
2550
3355
2479
2408
2474
2530
2424
2475
2531
2531
2439
2601
2605
2601
2601
2601
2601
2601
2601
2601
2590
2543
2601
2601
2601
2601
2601
2601
2601
4912
3315
4912
2590
2543
2543
2592
2601
2590
2543
2543
2543
2543
2543
2590
2590
2601
2601
2543
2543
2600
2601
2601
2590
2601
2601
2601
2601
2601
2601
2601
2601
2601
2600
2590
2590
2601
2974
2617
3404
4969
2979
2620
4869
2622
4971
3339
4021
2625
4955
3995
2626
2701
4884
3951
4874
4921
4930
2631
2992
4867
2636
4886
2629
3875
2630
2630
2974
2998
4947
3399
3360
2947
3975
3997
2645
2646
3988
3987
4931
3356
3368
4929
3989
4959
3210
3208
4008
4931
3836
3042
2958
3843
2958
2658
2944
4248
3338
2660
2647
4024
2666
3937
2665
2934
2702
4942
2647
4005
4074
4090
3166
4251
4688
2940
3978
4978
4991
4671
4244
4733
4733
3162
2923
2922
4729
2684
4765
2932
2954
4735
2930
2679
3162
2948
2921
3058
4879
4979
2988
3864
3946
3946
2918
4915
2952
2704
3199
2677
3979
4692
2618
4688
2931
2690
4774
4099
4822
4660
4693
2939
2948
3005
4104
4129
4674
3085
2724
2728
3075
2722
4127
4168
4196
4156
4830
4139
4158
2823
3192
4637
4169
2729
2739
2714
2805
2754
2824
4782
4154
4196
3093
3188
2809
4176
4214
3130
4157
4157
2809
3025
3128
3128
4784
4218
3125
4140
3125
3125
4442
3113
4145
3132
3133
2866
4435
2838
2838
4201
4443
4850
4299
4290
4455
4289
4543
4451
4527
4626
4447
4631
4455
4455
4633
4455
2853
4724
4723
4113
2764
4117
2883
4799
2861
4189
4211
3133
4443
4446
4545
4220
2682
4177
4760
4153
3088
3183
4654
2831
4158
2830
2825
2862
4189
4148
4201
4201
4216
2847
3129
3158
2671
4926
3049
4918
2992
2992
2992
3947
4994
4992
4992
3159
4873
2924
1679
2922
4762
2925
3954
4025
4225
4718
4710
4764
2933
2979
4943
4095
4001
3873
3821
4720
2930
4263
2660
2643
2942
2943
3050
3996
2945
4924
2947
3179
3144
4893
4894
3094
3006
3199
3062
4754
2925
2963
3843
3843
3364
2962
3167
2961
3376
4922
2632
2637
4881
4881
2969
2970
4866
3942
4881
2619
2974
2616
2647
2665
4943
2975
4710
4670
2824
2400
4992
4995
2404
3317
2989
4979
3040
3175
3870
2985
2986
4994
3872
4887
4887
2957
3136
4723
3137
4726
4719
3006
3008
3010
3205
3010
3161
3011
4097
3014
2858
2858
3020
3022
4175
3113
3114
3133
4440
4444
3247
3825
4031
3264
4030
3270
3040
2631
2657
3848
3821
3390
4948
4931
3042
3994
4936
3951
4869
3862
2640
2617
3940
2629
3050
2622
3943
3838
3412
3990
3845
3056
2674
4873
2921
2948
4234
2923
2922
2991
4771
4769
3003
4223
2707
2720
4824
2717
4111
4827
2766
4636
2835
3086
4180
3118
4740
4755
2835
3128
3027
2813
3134
4432
4432
4846
2838
4442
4441
4296
4296
4285
4456
4455
4544
4298
4858
4718
4842
3139
3139
4686
3142
2694
4877
4760
4180
3124
4792
3185
2686
4668
4259
4259
4259
4261
4754
4708
4230
4666
2981
2669
2962
4931
3987
3987
3358
3836
3844
3846
3402
3262
2695
4975
4644
2176
4242
2949
4893
4134
3182
3151
2743
3194
3025
4210
2866
4437
4450
3205
3201
3003
2851
3204
2934
4944
4949
3210
4949
3210
3217
2670
2669
2869
3260
4950
3210
3210
3448
3440
3927
3450
3274
3904
3221
3929
3443
3449
3276
3219
3451
3229
3231
3223
3265
3222
3887
3232
3427
3268
3225
3304
3266
4036
3426
4034
3287
3259
4032
3281
3936
3929
3444
3231
3269
3427
3424
3885
3881
3289
4035
3450
3878
3917
3267
3910
3271
3887
4037
3877
3920
3450
3915
3237
3909
3291
3255
3256
3431
3244
3921
3931
3238
3889
3429
3233
3899
3894
3949
2621
4934
3046
3986
3042
3829
3030
3043
3301
4939
3304
3903
3304
3950
2592
2592
2665
2612
2592
3937
3937
2665
2665
2665
4982
2389
2601
2601
2601
2592
2605
2614
2974
2934
2619
4866
4025
4024
2678
2592
2592
2590
2543
2590
2601
2590
4093
4093
3055
4264
3340
4690
3343
2676
2402
2616
2616
2464
2550
3348
2474
3351
4022
4963
3956
4942
3356
2642
4009
3402
3384
3956
3360
3357
2962
4939
3364
4060
3368
2947
3962
3412
3210
3369
3363
3373
2963
2960
3364
3843
2965
2961
3410
3377
3391
3382
3391
3391
3382
3401
3394
4950
4950
3391
2631
3391
4053
3361
3036
4008
3395
3395
3173
3354
3395
2653
4009
4969
2632
2967
4969
3407
2632
3372
3373
3377
3408
2965
3412
3849
3416
3241
3432
2938
3881
2474
2558
2474
3265
3232
3895
3906
3906
3220
3255
3892
3267
3913
3285
3470
3802
3470
3558
3564
3546
3926
3518
3799
3546
3518
3799
3452
3797
3436
3533
3516
3931
3437
3546
3933
3809
3479
3809
3789
3484
3457
3809
3794
3809
3582
3789
3484
3785
3479
3514
3479
3809
3484
3785
3809
3809
3809
3514
3766
3809
3580
3484
3484
3785
3785
3484
3809
3636
3574
3582
3636
3484
3484
3809
3636
3652
3484
3636
3484
3484
3497
3492
3484
3484
3582
3484
3553
3809
3484
3792
3809
3797
3479
3809
3514
3514
3809
3492
3512
3468
3636
3765
3785
3789
3582
3580
3751
3809
3580
3484
3785
3582
3636
3636
3574
3636
3636
3574
3582
3484
3766
3582
3482
3497
3785
3809
3809
3809
3751
3580
3636
3482
3484
3575
3809
3809
3484
3582
3636
3564
3785
3636
3636
3582
3582
3582
3582
3582
3582
3573
3582
3582
3582
3585
3582
3582
3585
3582
3582
3582
3582
3582
3553
3582
3580
3582
3582
3582
3553
3582
3636
3636
3580
3484
3484
3636
3624
3636
3636
3636
3624
3636
3636
3636
3582
3582
3624
3624
3624
3624
3636
3582
3582
3624
3624
3624
3624
3636
3624
3624
3624
3636
3636
3624
3636
3636
3624
3582
3636
3624
3624
3624
3636
3636
3624
3580
3636
3636
3624
3580
3636
3636
3636
3636
3624
3484
3484
3484
3484
3636
3636
3636
3636
3636
3636
3636
3636
3636
3636
3636
3636
3636
3636
3636
3636
3636
3636
3636
3636
3636
3636
3636
3636
3624
3636
3636
3636
3636
3636
3636
3636
3636
3636
3636
3636
3636
3636
3636
3636
3636
3624
3636
3624
3636
3624
3636
3636
3636
3636
3636
3636
3636
3636
3636
3636
3636
3636
3636
3636
3636
3636
3636
3636
3636
3636
3636
3636
3636
3636
3636
3636
3636
3636
3636
3636
3636
3636
3636
3636
3636
3636
3636
3636
3636
3636
3636
3636
3636
3636
3636
3636
3766
3766
3766
3766
3751
3766
3766
3766
3766
3766
3753
3770
3766
3766
3766
3766
3753
3770
3770
3766
3753
3766
3766
3766
3766
3753
3766
3766
3753
3484
3484
3636
3636
3484
3636
3484
3484
3636
3785
3636
3636
3484
3809
3809
3809
3457
3789
3484
3471
3809
3749
3751
3809
3809
3809
3794
3809
3785
3785
3492
3797
3797
3751
3751
2475
2475
3048
2543
2543
2590
2592
3299
3249
3821
3249
3251
3031
3031
3248
3032
3832
2977
4041
3277
3422
3836
3042
3988
3412
3820
3210
3042
3843
3849
3039
3843
4931
3843
3298
3822
3848
3042
3042
3821
4980
3852
3856
4256
4255
4662
4882
4697
4256
4821
3973
4254
3865
3971
4883
4868
4687
4255
3851
4256
3157
3859
4968
4970
4947
3869
4948
3300
3993
3047
2709
2937
3876
3048
2994
3900
3890
3892
3907
3265
3895
3894
3219
3896
3896
3893
3901
3254
3905
3919
3440
3915
3919
3451
3902
3912
3903
3228
3453
3254
3563
3433
3928
3548
3439
3437
3929
3914
3445
3442
3435
3441
3522
3564
3443
3935
3447
3934
3799
3564
3564
3522
3463
3469
3802
3800
3559
3564
3550
3785
3559
3469
3511
3782
3463
2655
2619
2974
2974
3940
2619
3942
3157
2943
3948
3969
3863
2984
2984
3943
3859
4935
4972
4889
2697
4883
3352
4941
4023
3393
3054
3029
3263
3840
3052
3962
3962
2947
4808
4808
3378
3965
4959
4000
2644
3968
3970
2659
3860
3972
2910
2671
4252
3338
4265
4986
4262
3976
3338
4247
2938
2938
4043
4016
4011
4010
3300
3985
3986
4957
4924
4958
2946
4929
4925
3983
4809
3353
2911
3306
3294
3995
3995
3050
2945
3997
2650
3998
3965
4961
3965
3990
4953
4891
4963
4007
3959
3957
4011
4011
3981
4017
4962
3000
4016
3398
4809
4014
3000
4006
4021
4018
3397
3359
3401
2624
4022
4942
2655
4942
4891
3229
3882
3425
3888
3237
3879
3425
3891
3232
3883
3231
3888
3425
3269
4020
4954
4094
4094
4253
3953
4962
4933
4892
4921
3210
3208
3297
3297
4932
4060
3042
3042
3042
3348
2474
2505
3940
3867
2975
2996
1546
4069
2987
2987
2986
4995
4224
3056
4074
4819
3068
2662
4080
4087
4089
4083
4712
4076
4079
4734
4817
4862
4730
4088
4252
4812
4736
2681
4097
4114
4118
2719
4672
4674
2712
2952
4133
3165
3074
2672
4101
2718
2854
2854
4641
4664
3069
2719
4119
4735
4738
4125
2673
4107
2710
2952
4121
3155
4210
3028
2838
4436
2840
4436
3133
3133
2840
4432
4286
4753
2849
2838
3028
4201
4211
2866
3132
4207
4142
4201
4140
4207
2839
3129
4148
3127
4211
4444
4455
4440
4296
4456
4442
4436
4440
4444
4428
4442
4292
4296
4299
4436
4436
4443
3143
2928
4232
4689
2923
2922
2922
3067
4696
3141
4220
2957
2922
2949
519
3067
4237
4238
4084
4988
4893
4246
3213
4245
2307
4820
4078
3055
815
3337
4268
4263
4270
4258
4697
4980
4668
3856
3175
2643
4640
4697
3858
2941
2910
4078
4078
2706
4698
4691
4669
4880
1707
4086
4820
2451
4025
2528
2449
2536
2427
2476
2561
2420
3348
2928
2639
2971
4515
4488
4488
4630
4627
4627
4543
4627
4509
4488
4484
4520
4566
4565
4565
4486
4491
4608
4591
4457
4566
4468
4353
4417
4417
4353
4353
4417
4353
4417
4417
4417
4417
4417
4417
4417
4417
4417
4417
4417
4417
4417
4417
4417
4417
4417
4417
4417
4417
4417
4417
4417
4417
4417
4417
4353
4417
4353
4353
4353
4353
4417
4417
4417
4417
4417
4417
4417
4417
4353
4417
4417
4417
4417
4417
4417
4417
4417
4417
4417
4417
4417
4417
4417
4417
4417
4417
4417
4417
4417
4417
4417
4417
4417
4417
4417
4417
4417
4417
4417
4417
4417
4417
4417
4417
4417
4417
4417
4353
4417
4417
4353
4417
4417
4417
4417
4417
4417
4417
4417
4417
4417
4417
4417
4417
4417
4417
4417
4353
4417
4417
4417
4353
4417
4417
4417
4417
4417
4417
4417
4417
4417
4417
4417
4417
4417
4417
4417
4417
4417
4417
4417
4476
4544
4461
4452
4484
4629
4494
4630
4627
4627
4544
4488
4513
4461
4543
4627
4615
4610
4461
4475
4475
4474
4612
4347
4347
4610
4610
4627
4610
4417
4417
4417
4417
4417
4417
4417
4417
4417
4417
4417
4417
4417
4417
4417
4417
4417
4417
4417
4417
4417
4417
4417
4417
4417
4417
4417
4417
4417
4417
4417
4426
4382
4382
4382
4382
4475
4382
4382
4475
4475
4475
4474
4474
4474
4334
4474
4474
4474
4474
4474
4474
4604
4334
4417
4353
4417
4373
4320
4417
4347
4346
4417
4353
4417
4346
4417
4353
4417
4375
4333
4325
4363
4396
4346
4375
4417
4375
4382
4382
4382
4382
4382
4382
4474
4334
4382
4375
4375
4346
4347
4347
4307
4357
4472
4605
4474
4474
4474
4475
4475
4417
4417
4417
4417
4417
4417
4417
4417
4417
4375
4382
4375
4375
4417
4417
4417
4382
4382
4375
4375
4375
4417
4375
4382
4382
4382
4382
4382
4382
4382
4375
4382
4382
4382
4382
4417
4417
4417
4353
4417
4417
4417
4417
4417
4417
4417
4417
4417
4417
4417
4417
4417
4417
4417
4417
4417
4417
4417
4417
4417
4417
4417
4417
4417
4417
4417
4417
4353
4472
4561
4565
4591
4561
4357
4373
4373
4475
4475
4373
4373
3208
4005
2894
4160
4176
2675
4872
4722
4721
3343
2693
4642
2895
2895
2887
2789
4651
3059
2909
4699
2694
2694
4722
4880
3343
3850
4249
4642
4665
4732
3978
4895
4267
2633
3342
4667
4660
2690
4675
4169
2767
2809
4176
4179
4177
3084
2874
4658
4704
4685
4653
4669
3979
2681
4112
2693
4657
4670
4266
3125
2893
4705
4868
4662
4702
3855
3156
2949
4220
4229
4695
2163
4236
3206
4233
4228
4226
3061
4709
4230
4863
4863
4842
4708
4728
4715
4713
4077
4658
4731
3395
4717
4764
2936
4766
2673
4126
4215
4782
4156
4216
4298
4762
4153
4207
2924
4762
4073
4002
4770
2929
3004
4767
4960
4960
3005
4769
4100
4120
2689
4109
2847
4433
4786
2929
4864
2923
4808
4822
2740
2763
2822
4199
2862
3024
4146
3028
4527
3955
3962
3962
2947
3958
3962
4787
3944
2684
4967
3053
3961
3215
3980
4081
4080
4088
3977
3069
4771
3065
2711
4776
4435
3133
2839
3025
4848
4446
4762
2682
4262
4821
4494
4565
4570
4494
4519
4475
4475
4475
4333
4382
4324
4472
4382
4382
4382
4237
4226
4718
4865
2993
2979
2988
3864
4883
4889
4978
2676
2695
4887
2918
4243
4877
3207
3345
2968
3176
2696
3864
4050
4953
3946
4993
4994
3976
4963
4892
4243
4894
4896
4257
3344
4092
2445
2503
2577
2605
2605
2592
2601
2601
2601
2601
2601
2601
2590
2601
2601
2543
3315
2543
4912
4922
2626
3951
3951
2699
4886
2701
4930
4948
2656
3843
3987
2964
4929
3045
4917
4941
2964
2965
4924
4948
4948
4932
3987
3042
3045
3862
3951
4920
3360
4934
4939
4949
4949
4013
3384
4019
2968
2996
4946
4947
3871
3044
2913
2913
3870
4703
4974
2620
4928
4809
3043
3043
3042
2646
4958
4958
2649
2649
4967
4937
4013
4023
4965
2618
4065
3964
3396
4049
2626
4051
4916
4970
4705
4869
2697
4982
789
4045
4979
2396
2393
2391
2389
789
4984
4269
4986
4003
2398
4988
4990
2390
1675
503
4989
2403
2403
3209
3209
4950
