112
71
2628
103
4286
2636
4290
4286
2627
874
2542
38
110
44
9
145
95
100
110
50
98
50
82
52
91
14
19
90
91
37
86
1367
89
91
4290
137
12
110
41
87
125
44
13
13
129
45
19
100
23
41
21
2628
1665
4757
1366
121
123
11
64
4286
2636
113
1834
106
14
106
1832
4289
1364
163
20
49
49
132
164
51
52
41
126
83
82
84
42
87
83
24
87
125
198
68
4
5
2636
40
2635
100
4288
2540
4290
4286
2622
67
52
125
123
142
4286
148
2539
44
4289
103
108
103
4286
1364
73
18
1828
1830
24
107
42
101
46
59
70
89
24
68
1830
94
135
15
99
148
1835
4286
4286
2539
1829
4289
39
4289
1832
125
123
49
49
49
20
2419
53
53
856
195
20
20
20
26
77
77
46
132
856
856
2428
20
20
53
53
195
173
2421
856
2421
2421
195
53
2421
162
162
77
77
2421
53
20
2421
20
49
49
2421
53
860
2421
195
77
870
577
494
1435
2397
836
435
495
1379
1429
647
2404
1450
2480
2487
830
436
436
2393
2259
2406
1530
219
2393
492
203
647
224
893
1457
1530
2394
1457
1669
509
871
2394
1817
502
2462
2462
1429
463
2490
242
571
1565
1563
2455
487
58
660
1568
2448
1544
2490
1645
1657
1657
513
1560
1449
1565
1563
1607
1544
2448
822
239
239
465
1545
1423
647
1548
1678
1678
1821
35
265
31
111
235
1681
1683
1684
263
224
2284
2310
2223
440
440
307
1683
279
451
651
472
283
472
287
1427
1576
701
700
461
654
310
2238
523
636
296
440
298
298
1815
1815
515
299
515
307
527
686
475
265
596
2267
2267
434
1455
2281
461
2241
1700
1725
1698
2260
282
2248
452
2315
521
1733
311
1702
318
1713
1712
1711
600
644
611
2302
642
350
508
641
2337
420
605
2265
1735
2333
2332
2251
640
608
418
352
353
2335
348
2235
336
336
507
2254
425
357
358
365
341
340
2268
422
1740
540
362
1755
375
1754
1749
368
429
1752
411
1737
1770
1781
1772
386
381
389
390
2305
392
1780
384
385
396
4996
1837
1715
295
1717
401
315
643
677
406
1756
1742
544
382
410
413
413
2252
329
345
332
2334
534
433
416
339
335
679
407
428
428
368
364
432
2228
1433
2438
204
204
2497
2514
2435
2435
1674
299
1425
1425
276
2398
867
2415
283
2951
480
1432
496
4294
2287
2283
2284
1681
2352
1556
1606
1424
1577
2498
461
2292
235
463
1433
1433
579
1574
1574
2489
2489
2489
1566
1566
1565
2443
897
2444
2282
2289
2414
2401
346
1804
524
1806
692
692
2448
465
2448
2482
893
897
2448
2448
202
1669
871
505
447
122
57
580
58
455
2274
595
2517
1527
344
510
1674
1674
3017
55
2400
2396
277
491
2223
2434
2502
1674
1674
1674
2445
515
515
515
515
2354
2908
2290
400
630
448
1806
1807
1807
1805
3347
703
586
532
1716
403
535
404
538
421
540
541
542
1745
1743
621
1538
963
1564
963
459
459
247
2353
1400
1400
566
566
950
2511
489
1451
1451
2476
1446
2455
239
2435
2435
821
820
2393
208
1451
208
516
1530
1530
2406
2412
509
2394
573
2489
2488
1572
1573
573
216
1544
1589
1601
265
1677
232
585
297
297
449
283
285
939
690
3027
686
684
583
2517
1431
1707
1726
319
292
1727
2242
421
352
1703
1731
2365
603
474
335
613
542
427
616
2366
2326
1750
1776
371
624
625
2367
626
1782
387
623
2328
2391
4256
3347
854
2274
2275
636
1792
2401
329
330
609
405
291
646
2518
818
1529
209
1528
2349
648
414
2288
2286
635
2281
1688
278
239
488
1569
880
239
239
239
2435
2515
1419
1419
1440
1401
912
2400
298
2261
1801
672
473
323
333
334
2335
2336
680
680
2339
376
682
691
4751
527
689
634
530
839
705
251
656
2514
2515
2514
1684
655
278
469
251
251
251
2514
2515
945
1500
1491
785
760
734
1486
990
995
730
730
717
720
764
1477
712
753
817
964
766
965
1470
968
967
964
965
773
459
964
1373
1370
1374
459
784
1502
1504
734
725
737
547
813
1539
555
1555
784
968
818
1503
985
784
964
215
964
1400
724
1508
1002
995
963
459
984
670
762
967
552
1376
716
453
966
965
750
1408
979
978
434
2457
517
517
251
1445
484
1562
1563
2480
1562
2480
2478
963
1563
1654
1654
2482
513
1573
1463
964
2456
51
49
136
51
127
168
75
164
2396
1552
77
77
20
49
49
122
138
2420
4138
20
20
53
201
53
49
49
53
3368
1811
1812
1551
1810
1822
2262
585
868
4286
57
1668
4120
2637
871
1532
1520
2446
1578
2492
2405
660
2403
2486
947
207
956
484
893
2447
956
893
893
660
1544
1544
1657
1657
1657
897
488
2447
2443
488
897
2448
2448
2444
2434
2434
2434
2435
946
492
2511
2404
2405
2434
251
2514
945
2514
2434
513
484
919
2434
2511
2462
2462
2465
1603
1535
2486
850
202
946
2511
494
2511
492
1660
893
2444
1544
1544
1544
1544
1544
465
2448
2352
1540
554
938
704
2629
2629
783
1626
1630
1461
719
1478
1458
718
727
733
974
726
1044
1343
1357
1096
1199
988
1065
1023
1096
1512
1029
999
1329
1199
1044
989
1027
1513
1199
1517
1156
1183
1183
1177
1174
1156
1156
1177
1183
1169
1177
1156
1156
1183
1218
1166
1259
1156
1338
1217
1152
1201
1174
1177
1177
1218
1088
1173
1177
1183
1183
1211
1211
1173
1169
1177
1173
1211
1177
1173
1211
1177
1150
1173
1177
1173
1183
1144
1052
1007
1177
1163
1218
1020
1021
1054
1032
1083
1177
1152
1218
1183
1173
1183
1174
1183
1183
1177
1020
1173
1183
1183
1183
1177
1177
1177
1183
1168
1177
1252
1218
1217
1219
1338
1201
1093
1177
1177
1183
1177
1183
1071
1150
1169
1177
1512
1177
1177
1177
1177
1177
1177
1177
1177
1177
1177
1177
1177
1177
1177
1177
1177
1177
1177
1177
1177
1173
1177
1183
1183
1183
1177
1173
1177
1177
1177
1183
1177
1177
1177
1177
1177
1177
1177
1177
1177
1177
1177
1177
1177
1177
1177
1177
1177
1177
1177
1177
1177
1177
1177
1177
1177
1177
1177
1177
1177
1177
1177
1177
1177
1177
1177
1177
1177
1177
1177
1177
1177
1177
1177
1177
1177
1177
1177
1177
1177
1177
1177
1177
1177
1177
1177
1173
1173
1177
1177
1177
1177
1177
1177
1177
1177
1177
1177
1177
1177
1177
1177
1177
1177
1177
1177
1177
1177
1177
1177
1177
1177
1177
1177
1177
1177
1177
1177
1177
1177
1177
1177
1177
1177
1177
1177
1177
1177
1177
1177
1177
1177
1177
1177
1177
1177
1177
1177
1177
1177
1177
1177
1177
1177
1177
1177
1177
1177
1177
1177
1177
1177
1177
1177
1177
1177
1177
1177
1177
1177
1177
1177
1177
1177
1177
1177
1177
1177
1177
1177
1177
1177
1177
1177
1131
1131
1131
1131
1093
1152
1131
1131
1131
1133
1133
1131
1131
1133
1131
1133
1131
1131
1133
1133
1131
1131
1131
1133
1131
1133
1133
1131
1219
1177
1177
1177
1177
1185
1218
1177
1277
1177
1177
1177
1277
1163
1163
1183
1131
1183
1168
1156
1093
1163
1163
1163
1259
1020
1091
1252
1211
1211
1196
1156
1163
106
1832
1832
169
24
24
1394
823
1393
2454
698
697
1584
963
963
239
1564
247
239
1585
1400
1451
1397
261
566
1537
582
1400
1400
963
1583
1560
1560
1563
571
571
2443
239
1544
942
2476
2477
251
250
251
465
465
2448
2475
889
239
238
238
2436
252
250
2476
2476
883
1445
2477
1445
1445
2455
1816
262
1432
1526
1528
818
1816
2518
2244
818
1527
579
2330
1428
818
464
262
2349
2406
2406
2406
2458
1815
1646
464
1572
578
227
203
2501
2407
2407
251
2407
2470
210
1672
1456
1456
1667
1674
1457
1483
974
973
720
715
1481
1490
721
727
972
973
1465
977
1497
984
1487
1497
709
1484
1492
1487
1489
1001
976
1504
716
1001
995
1503
1002
1500
999
986
989
756
1515
1514
1016
1069
1095
1067
1099
1051
1082
1016
1081
1077
1338
1360
1329
1338
1357
1109
1008
1338
881
57
55
2218
435
1545
464
1546
435
1425
1425
578
1574
1573
226
2406
2406
2406
2406
2399
1608
1606
935
1598
2467
936
2346
1595
1544
1544
2462
660
660
1544
2491
2316
1576
236
1546
1430
1430
1430
1547
1423
2298
224
308
2224
1553
1427
218
1553
462
232
1536
1543
1594
2493
1534
250
2477
2407
2477
1445
2476
1446
820
1561
821
2455
571
465
2443
239
1544
1568
1568
2350
1569
877
1582
2456
220
574
574
830
1450
574
1564
1564
1564
1566
1566
2489
2490
2491
882
1635
496
852
1559
2346
879
2343
1599
1633
1593
456
2347
2311
1557
1592
1590
493
493
2395
2395
1521
233
207
269
35
43
967
792
1539
1387
967
967
215
547
725
769
547
1468
968
1613
723
762
1626
2484
289
1636
2520
243
4295
1647
1434
2469
2469
2393
513
513
251
251
1660
513
893
484
2482
238
2590
4122
2599
2498
4123
4122
300
4128
2592
4128
1674
1674
1674
1674
1797
1677
863
1800
1821
863
2277
2528
2417
4754
2276
2374
1826
271
1683
2293
4992
1820
2520
1818
1819
2225
2228
2321
314
2319
321
280
2264
477
478
1732
460
602
274
1702
295
1700
313
532
1718
323
645
1704
4777
290
290
601
2300
460
1730
478
702
1726
1736
1737
1738
379
615
408
427
543
1758
1747
432
377
430
430
1760
367
1753
2339
366
372
2269
367
369
374
2307
431
1762
1765
1766
1767
682
1769
1771
380
1774
409
1775
1744
617
2366
1779
2327
619
383
638
1785
639
301
1676
286
2283
1789
584
268
637
2294
692
473
1795
4996
1680
1691
1689
2402
2402
2402
2533
854
854
278
1640
1550
1551
2410
1553
1549
1553
1824
1554
1526
1547
446
2517
1816
2244
209
1528
512
1433
1426
1527
1431
1424
1840
2330
2528
273
864
1810
2263
1822
2263
2262
867
4989
1692
1813
1828
2636
123
85
1831
2594
4289
1834
4121
4122
4995
1867
1842
1857
1844
2000
1846
2003
2002
1864
1997
2390
1855
2377
1858
2376
1861
2014
1862
2010
2204
2378
1868
1916
1890
1959
1877
1904
1904
1873
1877
1976
1958
1980
1980
1878
1881
4998
4998
1928
1886
1887
1887
1894
1942
1889
1889
1942
1897
1937
1989
1895
1868
1902
1872
1868
1974
1903
1974
1909
1908
1909
1916
4998
1980
1962
1927
1916
1881
1919
1962
1920
1983
1921
1924
1985
1982
1978
1927
1930
1932
1912
1926
1928
1893
1894
1895
2184
1990
1985
1967
1928
1966
1934
1891
1899
1937
1891
1950
1968
1926
1913
1889
1875
1910
1877
1887
1887
1962
1914
1878
1887
1887
1967
1890
1895
1891
1975
1873
1877
1908
4993
1881
1916
1878
1884
4998
4998
1920
1965
1912
1888
1942
1942
1967
2184
1949
1955
1993
2007
2022
2006
1998
1999
2379
1845
394
1996
1843
1842
546
1994
397
2011
1995
2018
1994
2013
2072
2206
2017
2018
2211
2020
1847
2200
2024
2196
2198
2198
2028
2194
2193
2190
2191
2033
2034
2039
2039
1947
2187
2181
2186
2178
2189
1952
2188
2027
2046
2026
2026
2029
2050
2032
2052
2054
2059
2049
2104
2057
2106
2141
2161
2159
2108
2059
2062
2108
2110
2111
2166
2167
2385
2381
2073
2075
2079
2078
2114
2168
2045
2093
2082
2047
2048
2119
2084
2046
2085
2088
2091
2035
2094
2148
2116
2115
2383
2096
2099
2100
2032
2032
2138
2105
2141
2161
2159
2161
2165
2389
2112
2169
2114
2095
2154
2212
2119
2120
2099
2121
2077
2125
2125
2071
2071
2131
2132
2136
2178
2135
2041
2043
2041
2139
2043
2137
2138
2137
2143
2145
2142
2133
2081
2092
2141
2142
2143
2145
2156
2146
2155
2156
2156
2150
2160
2151
2162
2164
2164
2162
2167
2114
2388
2168
2171
2039
2176
2174
2181
2176
2180
2186
2181
2180
2179
1944
1945
1944
1944
1895
1945
1898
1947
1899
1940
1991
1892
1941
1924
1925
1927
4993
2199
1918
2202
2204
2386
2126
2122
2210
2054
2211
2211
2065
2214
2215
1662
245
270
343
2255
355
219
276
652
703
2227
2227
2246
2226
2235
539
2232
312
2233
433
2234
636
671
2236
2238
2233
2239
2416
2224
2226
1695
2295
1554
2239
2239
1817
2246
653
451
293
2250
328
415
2256
348
604
2245
2251
2266
2270
506
865
866
2270
2245
2247
1701
671
2263
2517
1823
360
575
575
2397
575
2518
819
1784
1784
268
1787
2261
4996
1687
4752
4995
1798
2331
2283
480
1790
1788
1793
692
4255
286
589
4996
530
1800
4144
2236
2275
660
2355
271
1694
2299
2297
2324
2302
345
338
2304
2305
285
364
366
1789
1789
1675
458
2329
4793
2909
882
520
3026
4777
1722
2320
331
1761
1748
4255
4256
2280
446
480
1569
1709
333
2334
676
678
424
680
2369
2340
2342
1579
2462
2462
2493
253
2348
2349
2299
1557
1580
1558
1559
2464
2277
2357
1682
599
2322
593
479
319
326
618
1751
2368
2369
2370
2341
480
480
2348
2348
2375
2130
2205
1843
2130
2060
2382
2383
2076
2165
2123
2382
2116
2163
1799
4294
480
692
2393
515
502
298
2416
1815
515
515
2406
276
2398
577
298
515
515
648
441
648
867
869
2237
1815
299
299
1607
2406
299
299
299
2410
1608
2445
1455
2414
1802
2410
512
1824
4278
70
2
45
49
21
20
49
49
20
49
77
49
127
201
2428
162
576
1530
1530
1530
2406
2394
515
2393
203
903
897
1544
1544
2438
2394
878
897
2448
2502
210
2459
956
516
1530
226
204
226
572
658
1445
2408
2493
1523
1519
1522
300
227
2501
2502
2407
1419
251
251
226
1607
2500
2500
208
2471
1446
2478
1451
2480
1562
1562
1565
239
1560
239
1566
239
1567
2491
2491
2492
1570
237
1533
2469
1669
1836
2350
2411
227
576
2439
576
2439
2397
1530
2397
2396
1839
4976
1552
1552
2396
1667
2521
2525
2499
1640
1552
2530
4989
510
510
2400
868
2532
1425
1425
2546
2593
2570
3839
2664
2664
2636
2545
2621
2584
2621
2593
2630
2574
2600
2663
2550
2595
2552
2556
2704
2706
2571
2582
2645
2574
2579
2673
2615
2588
2612
3349
3355
2664
2569
2665
2552
4288
2609
2589
2633
2574
2575
2619
2553
2556
2580
2643
2571
2554
2583
2655
2660
2654
2614
2614
2666
2664
2664
2636
2549
2635
2535
2593
2593
2596
2630
2595
2670
2680
2578
2579
2579
4886
2682
2576
2554
2608
2583
2625
2572
2582
2572
2610
2611
2560
2646
2611
2646
2717
4885
2537
2545
2568
4886
4289
1831
4288
2639
2636
2598
2630
2635
2646
2646
4287
2633
2666
2639
2635
2630
2597
2631
2664
2664
2656
2698
2643
133
2557
2572
2613
2625
2559
2634
2575
2601
2557
4885
2610
2623
2548
2650
2558
62
2644
3839
2630
2539
2597
2535
2598
2596
133
2578
2578
2578
2579
2579
2578
2578
2578
2578
4887
2668
2668
2578
2578
2578
2576
2604
2604
2607
4886
2679
2670
2670
2680
2578
2578
2578
2668
3330
3330
3341
3341
4888
2668
2578
2578
2668
4890
2607
2604
2668
4887
2578
2578
2578
2578
2578
2578
2578
3341
2668
4887
4887
2604
2657
3008
3915
3345
4873
4873
3912
2773
4718
3898
4969
3909
4018
4942
3324
3913
3916
3893
3025
4873
3000
3915
4969
4933
4933
4681
3390
4124
2744
2744
2948
3018
2585
3916
2744
2737
4953
3426
3898
2760
4950
4020
4020
4020
2996
2756
4911
4066
4795
4946
4023
4022
2947
2947
2946
4047
3075
4944
3075
3075
4916
4913
3863
4912
2974
2972
3898
2972
4279
4279
4009
4009
3335
3335
3086
2658
4721
4819
4132
4284
4718
3140
3015
4129
4864
4876
4726
4137
3202
3140
4747
3092
2978
4259
4007
2967
2962
3203
2970
2961
4696
2976
3090
4697
3088
4876
4864
4274
4273
2948
2948
2948
4280
3032
3189
3032
4280
4275
4275
3076
4745
3158
2803
4155
4153
4170
4150
3157
4707
2787
3031
4778
4187
3149
2802
2827
2836
4185
3106
2835
4189
3115
2860
2859
2858
2858
4711
3016
2862
2930
4167
2840
2842
2824
4691
2927
3112
2928
4788
2982
4799
4714
4690
4694
2845
2848
2867
4712
2918
2934
2871
2874
2875
2878
2877
2932
4231
3049
2881
4215
2883
2884
2885
4213
4207
4213
2890
2891
2902
3131
4222
2896
4305
4460
2900
3134
4766
4465
2904
4304
2895
2896
3195
4752
4996
4169
2911
2913
4150
3148
3046
2918
2919
4197
4229
2890
4240
2980
4711
4710
2853
3114
2929
3180
2943
2849
2847
3110
2917
3046
2938
4727
2939
4768
4833
3042
3900
4906
4956
4879
4956
2946
3206
3206
3207
3017
2948
3017
4876
2949
3360
2951
4266
2308
480
2957
692
3135
3014
3014
4819
4038
3332
3990
4272
4050
4907
4041
4753
3892
3892
3892
3896
3315
2755
4948
4949
4022
4912
4946
3426
4750
4261
4260
4264
3203
4264
2958
692
2657
4916
4911
4912
2994
3440
2995
4916
4002
4913
4931
3369
2648
3013
3364
2562
4676
2988
3364
3083
2642
2780
4734
4734
3987
4730
3111
3019
3017
3017
3017
3365
4978
2521
2788
3411
3021
3884
3884
2948
4128
3017
4907
2948
2948
692
4996
5001
2290
4741
4744
2960
2790
2784
4264
3139
2790
3204
4172
3042
3043
2943
3045
2931
2936
3048
3049
4218
4197
3054
3163
4020
4020
4818
4043
3995
3443
3874
3889
4058
3429
3908
4917
2770
2770
3884
3207
3411
4969
4923
2992
4911
3913
3914
4107
4961
4873
4873
2744
3363
3363
2743
4019
3324
4028
3073
3884
3426
4045
3993
4055
4280
4279
2742
3360
4697
3030
4767
2978
4059
3026
2290
2290
3086
4730
3151
3102
4826
4761
4829
4182
2820
4692
2844
2827
2839
3113
3107
3147
3116
2870
4217
2937
2884
3121
3122
3123
3124
2897
4224
4834
4234
4227
3131
3132
2899
4245
4251
4242
3347
3202
4249
2781
2805
2949
4868
2852
2840
2854
2915
4188
4698
3078
2817
3983
3985
2949
4253
4254
4746
4724
4742
4244
2783
4921
4921
4911
2731
4021
4912
3402
3074
2738
3073
4930
4053
4978
3021
4726
3194
2979
4163
4174
2825
4798
3181
2861
2935
4802
3186
4238
4805
3194
3194
5001
3194
4265
4294
2964
2947
2946
3884
3023
3207
2797
3159
4142
2924
2946
2946
3206
3023
2947
3470
3936
3277
4069
3227
3944
3964
3592
3476
3463
3938
3282
4081
3314
3290
3250
4070
3447
4083
3268
3229
3009
3855
3850
3010
3012
2968
3058
3847
3172
3862
3959
3216
4082
4083
2730
2771
3845
3877
3083
4038
3949
3259
3948
3475
3943
3272
3229
2968
3248
3955
3954
3275
4037
3855
3869
3278
3254
3061
3857
3220
3480
3889
4087
3448
3997
3928
3232
3077
3076
4906
4906
2947
4943
4943
3317
4944
4018
3316
3316
3998
3442
4018
4107
2947
3199
3199
3452
3447
4956
2554
2578
3337
2554
2606
3351
2682
3340
2396
2521
2578
2604
2578
2554
2579
3336
2642
2634
4754
4138
2554
2578
2668
4888
2579
2578
2578
2538
3357
4008
2816
2736
2785
4725
4726
4883
3361
2586
2549
2549
2620
2655
2639
4064
3372
3371
2588
4013
4045
4932
4953
3422
4953
3407
3976
4921
4921
3390
2975
2975
2994
3426
4795
4015
3426
3317
2946
3317
4913
2759
2756
2994
2995
3420
2759
4916
4795
4913
3207
3207
3065
2946
3428
3428
3197
4930
2946
2947
3206
3206
3065
2946
3206
3317
3387
4060
3422
3411
3428
3411
3376
4059
4861
4056
4928
4953
3981
4871
4933
4933
3007
4933
4933
3428
3317
3390
3420
3420
3420
3420
3420
3378
4051
3205
4047
4012
3877
2543
3171
3171
3287
3926
3941
3214
3219
3219
3279
3230
3281
3313
3825
3504
3579
3531
3643
3547
3471
3579
3541
3505
3828
3531
3554
3545
3540
3471
3468
3520
3474
3718
3670
3718
3655
3723
3670
3670
3743
3654
3724
3716
3660
3670
3724
3724
3667
3745
3723
3553
3595
3790
3754
3654
3663
3718
3658
3658
3718
3718
3724
3654
3649
3664
3654
3654
3590
3667
3660
3666
3631
3654
3599
3654
3644
3660
3654
3654
3654
3632
3598
3793
3601
3542
3755
3798
3811
3525
3729
3800
3654
3598
3755
3718
3660
3654
3670
3654
3654
3654
3771
3654
3654
3654
3667
3663
3667
3654
3654
3654
3600
3654
3765
3654
3579
3598
3555
3598
3654
3663
3718
3654
3718
3731
3670
3600
3654
3663
3467
3528
3654
3654
3654
3663
3654
3663
3660
3654
3654
3654
3663
3654
3654
3654
3663
3654
3663
3663
3654
3663
3654
3718
3660
3654
3654
3654
3654
3663
3654
3663
3654
3663
3663
3654
3663
3663
3663
3663
3654
3663
3663
3663
3663
3663
3663
3663
3663
3654
3654
3663
3663
3663
3663
3663
3663
3663
3663
3663
3663
3663
3663
3663
3663
3663
3663
3663
3663
3663
3663
3663
3663
3654
3654
3654
3654
3654
3663
3654
3663
3663
3654
3654
3654
3654
3650
3663
3663
3724
3663
3663
3663
3663
3663
3663
3663
3663
3663
3663
3663
3663
3663
3663
3654
3663
3724
3667
3663
3663
3663
3663
3663
3663
3663
3663
3663
3663
3663
3663
3663
3663
3663
3663
3663
3663
3663
3663
3663
3663
3663
3663
3654
3663
3663
3667
3663
3663
3667
3663
3663
3667
3663
3663
3667
3663
3663
3663
3667
3667
3663
3663
3663
3663
3667
3663
3663
3663
3663
3667
3663
3663
3667
3663
3663
3667
3663
3663
3663
3663
3667
3663
3663
3667
3663
3663
3718
3670
3718
3598
3598
3598
3610
3610
3718
3610
3610
3610
3610
3610
3610
3613
3610
3610
3610
3670
3718
3611
3613
3611
3718
3611
3718
3721
3663
3724
3663
3666
3663
3716
3716
3666
3666
3654
3654
3666
3716
3718
3718
3718
3718
3718
3609
3598
3598
3723
3690
3716
3670
3601
3751
3764
3749
3682
3618
3670
2596
2535
3018
4894
3340
2581
2581
3333
2764
2764
3319
3071
3094
3998
4818
4818
4040
3442
3442
3442
2991
3879
3094
2968
3998
4052
3075
4020
4020
2756
4912
3381
3429
3429
4917
4943
3911
4912
4912
2766
3421
4911
4911
4909
2997
2991
3074
3408
3911
3911
3910
3911
4944
4912
4274
3899
3082
4925
3019
4729
4729
2817
2728
3152
4980
2944
2973
2798
4863
4273
3329
3019
4029
3315
4029
4866
4969
3905
3884
2947
2738
4108
4106
2723
4935
4935
4985
4127
2948
4074
3929
3233
3215
3225
3456
3457
3292
3933
4076
3260
4089
3920
3455
3462
3922
3222
3256
3952
3943
3923
3939
3276
3923
3963
3480
3945
3936
3946
3959
3217
3958
3954
3473
3953
3474
3547
3578
3544
3465
3465
3969
3548
3545
3971
3777
3489
3587
3586
3533
3533
3554
3825
3580
3519
3509
3011
2587
3364
2585
3372
2945
4029
4004
2944
4273
4990
4990
3315
4110
4924
2808
2808
2808
3988
3372
3982
4945
4927
3373
3085
4041
4015
4015
3376
3376
4795
4951
4023
4003
4003
4030
2753
4004
3984
2972
4010
4721
2775
4721
4876
2775
4270
3100
2742
3423
4105
4033
4910
4807
4940
3074
3074
3909
4917
3911
4020
3911
3075
4021
2756
2756
4946
4946
4024
4952
2750
4875
4956
2727
3913
2727
3912
4019
3912
4019
4020
4949
4021
4022
4951
2760
4814
4814
4050
4034
3989
2782
4046
4810
4807
4048
4057
4954
4033
4954
4773
4092
4025
4090
3197
4861
2751
2768
4869
2726
4862
4064
2573
3346
3862
3271
3849
3848
3311
3009
3205
3249
3269
3272
4072
3448
3272
3445
3288
4806
4772
4276
4097
4979
2758
3902
2723
3902
3902
2947
3199
4943
4926
4943
2992
3385
3387
3199
2992
4923
4944
2655
3367
2590
4293
2590
2499
1456
2563
4128
4128
4128
3017
3017
4257
2778
4133
4737
3357
4011
4133
4139
4146
4132
4754
4820
4133
4268
4142
4135
4145
4141
4821
4147
3894
2792
4699
4784
2822
3089
2830
2791
2826
3033
4186
3150
2969
4184
2791
4166
2804
2912
3041
3204
3041
2834
4178
4178
4180
2799
4830
2828
4787
2819
2800
2799
3105
4196
4191
4192
2889
4195
2889
3051
3052
3119
3120
4201
4203
2940
4205
4206
3185
4209
4216
4214
4677
4206
4679
4215
4216
4765
3050
4202
2918
3125
4223
4224
4225
2885
4226
4228
4230
3053
4231
4233
3128
4235
4236
3124
4867
3144
4294
3086
2778
3092
3092
3175
3087
2789
2806
692
3177
2980
4752
4131
4258
2966
3153
4868
4991
2784
2790
1803
4147
4721
2736
4882
4282
4704
4270
3100
2742
3900
3987
3019
3021
2728
3985
3021
3896
4974
3985
4812
3890
4267
4008
4008
2816
2785
4704
4725
4281
4703
4282
2971
4813
4285
2636
2644
2647
1831
2635
2635
4285
140
4255
4996
4981
4312
4313
4846
4477
4303
4315
4466
4310
4480
4311
4852
4589
4590
4536
4593
4672
4672
4668
4588
4588
4325
4433
4400
4325
4334
4328
4362
4362
4358
4366
4335
4334
4325
4366
4334
4371
4423
4371
4366
4371
4325
4325
4325
4445
4325
4325
4325
4423
4400
4402
4325
4426
4366
4328
4334
4433
4416
4416
4330
4364
4366
4334
4371
4371
4334
4371
4334
4366
4324
4334
4366
4325
4423
4364
4338
4334
4346
4325
4334
4325
4339
4340
4423
4375
4339
4325
4340
4424
4426
4426
4426
4346
4338
4325
4425
4325
4400
4402
4448
4325
4426
4326
4425
4433
4426
4416
4362
4362
4413
4371
4325
4334
4371
4334
4334
4325
4325
4325
4325
4325
4402
4433
4433
4330
4366
4433
4328
4371
4325
4371
4366
4371
4334
4371
4334
4325
4338
4325
4445
4426
4439
4339
4426
4426
4400
4476
4458
4485
4666
4665
4463
4302
4315
4466
4306
4314
4842
4297
4483
4486
4580
4580
4474
4525
4525
4531
4481
4582
4580
4547
4483
4673
4376
4660
4374
4373
4346
4346
4448
4448
4448
4438
4660
4632
4632
4430
4632
4446
4442
4388
4449
4449
4660
4659
4384
4451
4430
4451
4410
4451
4651
4496
4408
4501
4501
4568
4611
4501
4496
4546
4519
4523
4621
4628
4627
4624
4621
4628
4627
4576
4542
4542
4854
4851
4488
4657
4490
4549
4489
4489
4509
4488
4488
4551
4657
4488
4551
4565
4560
4559
4563
4564
4491
4455
4410
4406
4647
4501
4568
4611
4619
4618
4622
4623
4615
4563
4555
4549
4581
4582
4583
4562
4539
4539
4576
4574
4531
4524
4524
4631
4635
4635
4637
4636
4404
4390
4449
4406
4644
4642
4638
4504
4635
4545
4505
4646
4597
4503
4594
4558
4606
4505
4567
4501
4601
4612
4600
4614
4622
4623
4617
4622
4330
4359
4418
4332
4332
4332
4332
4364
4341
4338
4339
4419
4424
4425
4425
4344
4425
4425
4389
4448
4448
4448
4346
4448
4337
4373
4335
4346
4438
4328
4416
4438
4359
4541
4535
4541
4561
4585
4519
4546
4523
4672
4518
4520
2946
3317
4874
4687
2864
2807
2807
3155
3156
4682
3359
4685
4684
4689
3109
4149
4148
3359
4173
4692
4685
2805
4681
4756
4697
4281
4698
4683
4683
2803
4755
4274
4703
3893
4275
4701
4717
4719
4705
4722
2837
2838
4715
4693
3108
4716
4708
3173
3078
4735
4735
3358
4726
4730
2737
4706
4707
4685
4704
4729
4702
4713
4688
4873
4863
4863
3078
2747
4924
3143
2781
2781
4249
3039
4134
4996
4752
692
2777
3091
3091
3087
3141
4294
692
2958
3176
3176
3194
4143
4144
4695
4724
4953
4130
2783
3375
4759
4759
4787
3146
2846
4763
2873
4767
2853
4768
4769
4767
4758
4003
4032
4242
2909
4776
4814
4951
4776
2279
4778
4784
4784
4164
4165
4789
3129
2279
692
4294
4767
4822
4822
4797
4797
2861
3182
3183
3184
4803
4832
4299
4026
4945
4015
3992
3152
2798
4838
4045
4032
2754
3380
4808
4139
4736
4283
3894
4822
2814
2984
2985
2828
4831
4832
2941
4220
4834
2921
4767
4243
3897
4463
4323
4853
4587
4461
4524
4619
4571
4851
4619
4615
4561
4618
4615
4607
4140
2958
4252
3001
3916
3004
4274
4863
4273
2744
4864
4865
3021
3917
2948
2948
3153
3344
4883
4274
4273
2808
2808
3005
2808
2948
2808
2948
4882
4027
3901
4991
4263
4882
4274
4144
2596
2547
2576
2553
2554
2554
4887
2578
2578
4887
2604
2578
2578
4887
2668
4890
2668
3362
4968
3025
3025
3915
2744
3079
2744
4969
2996
4916
4911
4795
4906
4906
4026
3420
4913
3206
4969
4921
4921
3199
4879
4906
3025
2743
4024
4110
3199
4943
4943
3991
4036
3977
3006
3079
4866
2723
3903
3905
3905
2947
3206
2747
3025
2747
3977
4947
4938
3914
3909
3914
3911
3316
4941
4944
3075
4021
2756
4023
4959
4951
4045
4815
4952
4773
4879
3018
1673
4878
2999
3369
4903
3001
4866
4924
4863
4863
2521
2521
4096
4876
2521
2396
4123
2521
4984
2499
4098
4269
1648
4269
4978
510
4978
2788
2532
2532
3017
4990
3065
3428
1928
3207
3207
