130
138
32
124
30
854
32
511
35
35
507
110
1845
129
511
848
460
281
2700
2651
2620
460
2621
2728
2704
4312
2743
2702
2599
4662
2823
4108
2704
2627
2823
2702
3365
128
42
2695
2619
2706
3059
81
1845
2708
133
848
2678
2671
2589
2616
2654
836
2423
35
874
2829
2702
4107
2600
2585
837
34
505
84
25
126
130
127
59
90
32
2627
2704
2697
2656
2663
1842
1842
1842
4888
2768
4886
2587
2761
2740
2662
2591
2750
2757
2712
460
2662
133
1625
724
1842
848
102
2612
135
854
30
30
127
2646
2591
3059
83
3022
85
84
33
837
42
2823
837
276
1599
2702
277
2615
2750
2719
2614
2610
2823
155
2702
2743
2662
2637
1842
35
848
135
2823
2823
3363
3365
2823
135
1342
143
90
128
2710
2697
2697
2697
2658
2697
2697
2697
2658
2603
2594
2628
2697
2697
2661
2658
2594
2594
2712
1842
1842
2628
2628
2658
1842
2697
2658
2697
2681
2681
2628
2681
2603
2594
2681
2658
2658
2594
2681
1842
2681
2594
2594
2603
2697
2658
2658
2697
2658
2594
2610
2628
2712
2658
2533
1605
263
2492
2492
1598
1576
4128
1605
780
1556
953
953
1644
953
1378
4289
1645
1370
684
2492
684
4047
1581
480
1520
932
2319
684
953
3388
2353
1596
4295
2847
4125
878
878
4070
1606
2811
4018
2780
879
1581
2362
953
2539
953
2486
953
1515
2362
2539
2539
777
776
471
471
471
4043
2806
4158
4299
4108
1500
4169
4013
3059
3217
2976
2822
2852
2842
1840
2402
2977
3035
2852
4750
4750
284
1690
284
284
4269
2782
4763
3215
4668
2852
4215
3166
493
1799
1798
1544
1586
614
4169
539
2329
2321
2321
2329
4809
4801
901
2874
4192
3175
3164
4774
3236
2983
3166
2894
2841
1730
493
493
2962
2963
2876
4185
4191
2980
2906
3173
2890
4712
2965
3108
2922
2921
2928
2921
2928
4234
4755
2971
2924
2911
2905
2996
2968
4752
2901
2900
2902
2978
4674
2970
3179
2924
2931
2929
4234
3179
2990
2991
2930
4238
4234
4239
4226
4777
4759
4819
4247
4241
2991
4217
2973
4220
2938
3190
4817
4255
3118
2975
3186
2952
2951
4473
4830
4466
4472
3193
2957
4469
2952
4468
4467
4328
4466
717
407
407
3234
4190
3236
3237
4787
2989
4235
4216
4250
2975
4252
4465
732
1685
2920
2920
2911
3172
2969
4790
3238
2994
4233
4663
3115
4235
3242
4242
3182
4227
2993
4219
3038
1531
1595
1595
1581
1581
1581
1829
2279
1690
1690
293
733
4018
3059
849
849
849
2835
4694
465
4076
2430
4130
4291
4077
465
2853
2873
2822
2997
4029
1555
2362
1596
292
292
1684
1690
1691
1684
2910
3093
2321
4765
2855
3095
1805
2539
2362
2539
1581
2362
2362
2362
1596
2492
2492
1607
1615
1612
1611
934
4871
877
1583
2357
777
776
1627
777
1560
2423
2830
4755
2900
2423
1412
780
2370
1581
2539
1563
1658
821
720
541
491
544
544
849
3195
4766
2321
2336
540
540
2290
2335
3041
3209
2907
4788
4786
4789
3239
4791
2933
4231
4793
4246
4822
2974
4329
779
1369
1369
956
1369
957
570
779
780
780
1556
879
1581
879
777
1369
1358
1369
270
1357
1607
2539
1580
2539
2362
1374
2363
1576
245
1610
2357
3932
4800
780
2362
777
4161
4274
1692
292
292
284
284
777
720
319
618
718
4274
4810
4179
338
4180
4177
4696
2889
4697
2897
3240
2922
2899
3205
4703
3169
2979
2931
2991
3242
4225
2941
2932
4258
3190
4257
4830
4245
2956
2946
3192
2951
4756
4320
3193
544
545
1806
4843
3196
4807
4276
1799
1684
2298
2911
2900
3070
2903
4671
4195
1645
4799
1686
1806
731
1685
1685
4164
3027
4682
2539
2539
2539
2539
4990
1404
471
471
956
471
2492
1369
1556
779
777
4275
1684
284
2966
3207
2984
3112
4700
3114
4663
3116
3117
4472
717
716
540
541
2321
4843
2337
717
722
1560
1581
1581
1581
2492
2492
4733
4667
3215
3154
731
779
684
684
2492
2531
1445
1448
1443
755
1641
1641
961
1456
1446
775
1445
1453
1641
754
787
962
758
1633
1637
1630
1629
803
1630
1629
757
760
776
963
777
780
776
780
776
958
958
1629
779
1629
780
776
780
958
779
958
779
957
806
828
961
774
774
955
1636
779
958
955
777
774
774
958
827
777
777
958
777
954
1452
1630
1454
807
803
780
790
780
963
1460
828
1369
777
962
779
755
755
776
755
1632
776
755
776
765
776
776
755
755
776
776
776
746
780
776
803
776
776
1629
780
780
758
758
758
1423
1535
2362
2362
1369
953
1369
953
956
1369
1369
1369
2529
1581
1581
1630
1447
806
2320
2705
2594
1599
2654
1842
1627
2201
3015
3015
2658
2594
2697
2654
1599
1626
4081
2658
4842
2697
2697
2697
2681
2704
2697
2658
4685
2825
4299
4167
4168
2385
2402
875
2436
276
1497
279
836
1612
4080
3014
4080
4987
1556
4107
3148
1607
1606
1515
1613
2530
1556
1556
1581
1581
1581
1581
1581
1596
1581
1596
1596
2362
2362
1581
1581
2362
1581
1581
1581
1581
2362
2362
2362
1596
2492
879
2531
684
879
879
684
1556
1556
879
879
1581
1581
1581
1581
1581
1581
1556
1556
1607
2362
1556
1556
1643
1613
2362
1596
2510
1607
1607
2492
1607
2492
879
1603
2510
1607
1607
1607
1581
1581
1581
2362
1581
2362
2362
2362
2362
2539
2362
2529
1357
465
954
958
465
954
762
511
35
757
757
757
758
758
758
961
962
774
1641
1641
1641
807
1636
1459
751
1469
1473
1470
756
1461
1459
1469
750
1473
1460
792
782
1459
1458
1460
1092
785
986
984
1491
1483
1485
1482
1481
1480
1492
1052
1483
1092
1092
748
748
986
988
984
1092
1480
1465
1482
1092
1469
1482
1052
1492
1483
988
1482
747
984
976
985
1051
1482
980
1482
1485
989
1080
1482
980
980
976
1482
747
1490
747
1485
976
990
1485
976
989
991
792
1005
1472
1482
1469
1469
1469
801
792
1469
1490
1481
1092
985
1491
1492
1480
748
1490
976
1483
1469
976
976
1490
980
1080
980
1020
1070
1490
1483
1051
1482
747
1092
791
1092
801
986
983
1491
976
990
990
1492
1465
791
1485
1051
1490
976
1482
1092
1080
1020
1070
1331
1077
1010
1020
1070
1005
1077
1077
1041
1005
1005
1051
1077
1331
997
1332
1337
1051
1052
1492
990
1492
990
990
1492
1490
1490
1012
1490
1012
1080
1081
1000
1081
1012
1490
1081
1490
1051
1080
1000
1081
1081
1081
976
1055
1051
1081
999
1000
1055
1320
1055
1000
1055
1009
1320
1055
1333
1026
999
1000
1000
1055
1055
1320
1055
1055
976
1080
1490
990
1080
990
1012
1490
1080
1080
976
1483
1483
1485
1080
1490
976
1080
1012
1000
1081
1055
1081
1080
1080
1081
1081
1055
1081
1080
1333
1080
1055
1490
1080
1055
1000
1000
1333
1333
1000
1076
1333
1333
1333
1055
1333
1081
1000
1000
1055
1055
1333
1333
1055
1333
1080
1080
1490
1012
976
1490
1490
1080
1080
1080
1012
1496
1080
1080
1080
1080
1080
1012
1080
1012
1012
1080
976
1080
1012
1012
1055
1333
1055
1055
1081
1333
1055
1081
1055
1055
1012
1055
1081
1055
1055
1333
1055
1333
1490
1080
976
976
1080
1080
986
986
1494
984
986
983
986
986
986
1494
986
985
985
1052
1494
1494
1494
986
1052
1486
1494
1494
1494
1494
1494
1494
1494
1494
1494
1479
1494
985
972
1494
985
1494
1494
989
1490
976
976
976
980
1483
988
1495
988
976
976
1483
1482
984
1480
1491
986
984
983
748
983
986
984
1482
1482
1480
748
1482
1485
1092
1092
1092
1480
984
92
886
2681
2743
2658
2704
780
777
570
570
777
779
1369
1369
1369
1369
1369
1369
1369
465
780
780
780
779
1369
780
954
953
956
953
956
471
1404
1357
1404
2539
1357
777
2492
953
2492
1357
1404
780
781
471
1580
2539
1580
1580
1369
780
777
953
684
953
953
953
465
3918
3920
809
1826
4296
3930
3024
3926
4319
4024
4045
1390
1521
956
1378
953
953
953
471
1580
1580
953
2539
2539
2539
2362
2539
2529
1404
1404
1404
471
1655
738
1433
755
755
755
758
807
1444
1636
1444
758
961
774
962
1641
755
755
755
755
1637
961
1444
1445
775
775
961
971
961
1447
1453
1446
961
1448
756
1446
1455
1453
828
964
1460
1454
965
1459
785
1459
1459
782
1460
1461
743
1459
743
1459
1461
1461
1469
1468
801
1469
1469
782
801
782
1598
1500
877
877
1598
4927
4070
3213
2554
4783
2359
2518
3032
4803
3014
4987
1613
1613
2531
957
781
465
465
2362
1606
1606
4029
4042
4044
3212
4288
4049
4801
859
1839
4283
781
4957
4125
1606
1606
2528
2362
2529
2528
2528
878
1555
1555
2559
4990
4125
4080
2306
2306
1647
4129
4749
4768
4802
4803
4914
4030
4070
465
465
1581
2362
465
1581
3409
1606
2530
1648
4965
4095
2362
1607
1556
1556
1613
1613
1556
1556
1643
1613
4795
4762
4013
4013
4960
1630
958
827
779
958
776
1630
776
1629
1632
1633
755
755
760
962
1630
1629
774
777
783
1633
783
757
2530
4090
2808
4020
4020
4976
3210
2795
4976
3920
4709
3211
2780
3146
2809
4091
956
471
471
1577
1385
1375
681
684
879
684
1581
1581
1581
1581
1581
2539
724
846
2423
279
1619
694
915
259
1617
2511
3019
4263
4263
4160
2824
3151
4745
4708
4723
4271
4262
4268
3162
4736
4680
2857
4707
4301
4692
4714
2895
3168
4785
4812
1730
493
4210
4775
3174
2886
2328
2885
4183
4184
4198
4185
4193
4211
2893
493
3164
2896
3235
2888
2907
4180
2879
338
1705
319
1730
2854
2875
4710
4712
4192
4212
3103
4196
3105
4178
4222
4253
2938
3189
4255
4254
2936
4250
4229
4794
4220
4219
3191
4778
4778
4223
3183
4221
3181
4777
4231
4242
4225
3183
4239
4217
2993
2940
2936
2941
2950
3194
4251
4244
2944
2945
3188
2942
4251
2949
4259
2943
4245
4249
2954
4821
4257
3186
298
2298
545
4841
4731
293
4157
4808
4743
4883
732
1684
722
4735
4267
4713
4744
1691
2367
2368
3017
3195
3036
3016
4715
4284
4826
4300
3389
4053
4709
215
1822
2549
3923
4709
4683
4160
4307
4174
1687
4708
3391
509
53
34
2607
125
136
190
80
846
2425
2296
2425
4721
4705
4327
4476
4470
4470
4334
4828
4332
4333
4482
4330
4488
4478
4652
4484
4480
4488
4487
4655
4656
4838
4334
4528
4576
4577
4479
4479
4330
4341
4341
4434
4346
4346
4346
4341
4346
4430
4341
4341
4434
4434
4341
4341
4441
4434
4434
4434
4434
4434
4434
4434
4434
4434
4434
4434
4434
4434
4434
4434
4434
4341
4430
4430
4346
4346
4346
4346
4441
4341
4341
4441
4341
4389
4341
4430
4430
4341
4434
4430
4341
4341
4441
4441
4434
4434
4434
4434
4430
4434
4341
4434
4441
4434
4434
4434
4389
4434
4434
4434
4434
4434
4434
4434
4434
4434
4434
4434
4434
4434
4434
4434
4434
4434
4434
4341
4434
4441
4341
4346
4346
4434
4434
4341
4341
4434
4341
4434
4434
4434
4434
4434
4434
4341
4341
4346
4341
4341
4341
4441
4430
4341
4341
4434
4389
4341
4434
4434
4434
4434
4434
4434
4434
4434
4827
4338
4580
4327
4479
4477
2957
4335
4323
4467
4322
4827
4476
4475
4329
4834
4331
4555
4537
4535
4520
4527
4573
4655
4571
4535
4571
4529
4535
4483
4430
4430
4430
4430
4430
4434
4461
4431
4461
4461
4430
4346
4441
4441
4461
4441
4441
4389
4392
4392
4392
4430
4430
4430
4357
4434
4455
4434
4461
4461
4422
4357
4414
4438
4461
4636
4370
4495
4495
4635
4365
4634
4561
4635
4635
4493
4511
4511
4513
4513
4512
4512
4510
4542
4491
4489
4491
4430
4346
4430
4357
4357
4430
4430
4430
4430
4430
4439
4372
4376
4441
4374
4501
4499
4552
4599
4501
4374
4619
4461
4461
4342
4342
4414
4414
4414
4635
4502
4639
4511
4511
4491
4489
4618
4357
4570
4430
4571
4598
4553
4552
4545
4545
4574
4544
4543
4544
4518
4497
4441
4425
4441
4382
4441
4366
4459
4392
4452
4414
4358
4403
4428
4358
4425
4423
4377
4414
4452
4456
4452
4380
4424
4618
4443
4396
4456
4414
4368
4502
4409
4504
4443
4639
4511
4491
4642
4511
4441
4441
4441
4441
4441
4441
4441
4441
4441
4441
4389
4441
4434
4441
4434
4434
4441
4392
4434
4392
4434
4434
4434
4434
4434
4434
4430
4430
4430
4430
4430
4430
4346
4441
4485
4546
4543
4485
4554
4553
4572
4561
4357
4561
4561
4523
4523
2531
3411
4094
4243
4232
4240
1695
1808
2832
3040
4172
3168
2987
4820
2897
3177
2444
2915
2987
4743
2370
2831
2565
4988
4215
2981
4165
1542
3387
4173
4750
3167
2852
3174
2914
4752
2925
2926
3179
3178
2913
2913
1853
2830
4728
2833
4163
4816
2894
4162
4175
4819
4792
1539
2386
298
298
4159
4808
4725
4745
546
722
722
3218
284
293
4746
4883
4166
1806
732
292
407
2337
4735
4688
2846
4742
2808
4693
3163
4764
2843
4699
3204
2985
4233
4471
293
2935
293
680
4706
4130
491
491
545
544
4749
321
321
320
1705
4180
1708
338
2882
2890
3185
3191
546
546
3924
293
2982
2964
3208
3112
4673
2918
3115
3180
4224
4252
4463
4130
1613
2362
2530
1597
3933
3031
4056
4803
465
465
1597
3068
3151
2870
2880
4181
1706
2374
2328
1721
1721
4186
2932
4249
4228
2990
3192
3193
1806
4726
3150
4471
4526
4546
4576
4336
4518
4496
4496
4551
4541
4493
4548
4515
4489
4641
4576
545
293
1654
1403
2353
1545
1424
2279
4914
275
1686
1686
1560
1560
2510
600
908
4795
3405
1694
1515
681
956
2368
1690
1408
4260
126
2699
2656
2656
2654
2658
2658
2658
2658
2658
2658
2681
2681
2681
2681
2681
1615
2492
2492
2492
1372
1554
953
953
1596
1596
1606
614
1582
1596
1606
2539
2539
2539
684
684
2362
2362
688
2527
2320
2362
2362
1613
1606
1582
1643
2510
1607
1556
1607
815
900
2341
953
471
471
1404
1580
1580
2529
1580
2529
2362
2539
1581
4987
1613
1648
2528
466
466
252
4126
4090
4090
1515
956
1385
1392
689
228
4990
1522
908
1607
2492
1378
953
956
956
956
953
937
881
1524
2364
1378
956
1818
1406
3210
2804
282
882
4025
4722
3346
3346
4965
3392
2785
4947
283
2271
2368
4677
39
95
97
17
75
2458
94
869
57
846
48
2446
2
871
4314
98
1663
15
68
3
98
108
2631
2577
96
2631
3399
3061
237
2578
3399
3252
2577
157
151
123
67
3872
3061
137
2445
122
1663
37
70
113
4310
4310
2685
18
4147
4016
3057
2577
2577
1499
94
1499
88
830
47
39
95
171
2460
97
3399
121
55
6
1841
1841
96
2605
2677
4884
2574
2573
2606
2578
2578
2578
1841
959
11
144
870
190
959
91
2583
17
58
2458
836
88
2584
4012
49
4012
857
2453
94
18
78
98
1663
3398
50
2636
2630
2639
2569
3057
4846
12
123
2578
171
1841
869
98
4016
4012
1498
94
94
151
872
100
48
2615
55
148
55
121
121
2687
2687
107
107
121
148
148
960
107
107
107
107
1841
959
1661
107
1841
2687
2687
2687
1661
1661
1661
107
1661
2687
2694
2687
2687
107
1661
1661
960
107
1661
107
107
107
2687
107
107
3056
2687
121
2687
959
107
107
107
3466
4933
3934
3911
3226
3458
4961
4857
4901
3314
3908
3352
3352
2787
3911
312
2227
2817
3352
3905
3905
1821
3084
2437
2800
3143
3944
3905
3352
4089
3078
3222
2803
4032
2776
3222
4932
4073
3222
3139
4923
3914
3914
3352
3352
3352
3352
3078
2816
2816
3336
3314
3352
3120
3921
4915
1837
2441
4103
4862
864
4915
421
1784
1405
332
676
2278
2254
463
2239
305
283
680
2318
2318
2561
4913
307
336
2209
306
625
1725
2253
1781
669
443
939
2321
335
2329
2321
2321
2329
1820
4856
2224
295
343
1719
1718
1731
358
707
1712
2259
550
1728
1729
1723
330
1701
329
2212
1704
342
630
2216
2216
1717
411
556
355
2213
2265
2265
379
380
711
438
361
440
413
490
362
2244
2246
367
628
414
710
2312
1751
2202
2203
379
1750
373
559
2203
1752
436
1747
1754
1734
1745
1755
394
1748
1758
1736
393
1739
396
381
1774
1765
1765
401
398
406
406
403
405
1999
402
652
2002
420
397
397
1860
2001
2006
1999
2001
408
722
407
2377
623
358
490
365
2348
2349
712
1742
1776
645
1997
679
473
377
371
2243
428
2346
2310
2309
378
2265
558
711
2349
388
387
1736
1775
638
638
2332
2796
2796
3914
2817
592
607
283
283
283
283
680
733
4945
4101
545
303
302
678
486
3138
4931
4806
4853
2999
3890
677
677
4994
3931
4909
3137
3222
287
287
2304
2304
2304
1677
554
336
542
2327
542
733
3402
3900
3900
3900
3909
3909
3222
3222
3222
3905
3226
4972
4864
3463
3463
3463
4103
3411
4935
2774
2773
3297
3332
3061
3332
3057
2250
2301
2244
1584
3056
2267
3886
515
2817
2817
2535
1667
718
720
322
322
303
494
653
2323
2323
2336
2336
653
653
2335
2376
2377
1726
632
426
364
348
636
374
1759
1743
641
2334
646
2388
3313
3324
3324
3303
3303
3359
3298
3299
3339
3895
3905
3302
3911
3893
3126
3889
3911
3882
2817
2817
3909
4878
4962
1672
3143
3463
3948
3086
2781
2816
4037
1811
2235
1781
1728
2307
680
283
680
3887
2329
618
319
720
2374
4993
2330
1700
2331
2330
410
1697
552
425
375
557
663
2215
440
553
555
2214
2266
1758
2334
1767
561
1770
1766
395
2313
402
562
562
650
405
2000
2388
2388
651
544
545
544
2336
2403
2252
1786
1786
1786
2282
424
2247
429
629
329
410
1505
4684
1681
472
679
472
464
2231
2294
2817
3900
2817
3892
3352
3352
3897
3894
3911
3911
3885
3896
3892
2260
2335
2318
1674
2304
1674
360
708
366
354
557
434
1732
418
419
652
2336
2321
716
717
2337
2405
2335
545
3134
2817
4144
3905
3911
2317
543
472
3899
3905
3905
3905
3914
3949
3963
3962
4114
3293
3309
3957
3963
4117
4117
3488
4114
3285
3345
3311
3287
3961
3317
3341
3308
3288
4113
3311
3288
3341
3341
3486
4110
3341
3334
3334
3311
3311
3485
3308
4109
3299
3336
3343
3310
3297
3310
3482
3311
3359
3489
3949
3296
4112
3479
3323
4112
3287
3479
4112
4112
3311
4112
3298
3301
3297
3301
3294
3330
3317
3978
3494
3952
3289
3288
3299
3485
3972
3488
3295
3295
4111
3482
3482
4113
3291
3291
4113
3341
4113
3291
4113
3323
3336
4113
3296
3296
3336
3336
3283
3300
4114
3288
3341
3341
3485
3342
3485
3486
3487
2776
2816
3913
3893
3352
3893
3893
3125
3125
4134
4144
3289
3950
4110
2799
55
3403
3403
121
1661
2802
2802
4145
107
107
2687
121
55
2773
4863
4863
4104
4823
121
121
1661
1841
2578
147
55
2687
4050
840
2232
2264
280
1797
2773
3057
4016
4147
56
869
142
3467
3438
3149
4104
4035
4087
4949
4038
3226
3222
3908
4098
3902
3895
3912
2817
4144
4144
4144
4144
4144
3222
3909
3909
4144
3222
2817
4144
3914
3909
2816
4144
4144
3905
3904
3914
3905
3905
3225
3885
3905
3914
3905
3914
2817
4144
4144
4035
3883
3226
3222
3222
4035
3903
4805
4804
3901
3475
3226
3904
3904
3226
3911
3226
3226
3226
3904
4144
4144
3909
3909
3909
3901
2816
3889
3330
4109
3323
3478
3335
23
57
3340
4118
3323
3290
3290
3287
4122
4122
4117
3333
3495
3951
3496
3270
3307
3278
3981
3984
3274
3306
3517
3984
3277
3977
3282
3279
3274
3971
3282
3304
3984
3319
3499
4000
3579
3503
4007
4002
4002
3988
3988
3573
3579
3613
3613
3556
3988
3504
3975
3507
3613
3514
4006
3500
4011
3611
3995
3498
4006
3869
3549
3613
3613
3503
3528
4007
3556
3549
3511
3503
3503
3613
3992
3549
3583
3503
3613
3503
3511
3510
3511
3510
3503
3503
3556
3512
3869
3514
3514
3307
3513
3568
4001
3994
3989
3611
3611
3998
3975
3307
3549
3499
3583
3579
3613
3613
3498
3613
3869
3556
3568
3568
3613
3549
3869
3549
3503
3565
3565
3565
3869
3992
3565
3583
3568
4006
3975
3998
4011
3497
3869
3556
4010
3613
3565
4011
3501
3497
3992
3566
3549
3328
3502
3988
3549
3566
3562
3593
3602
3555
3524
3565
3715
3715
3616
3607
3571
3523
3563
3715
3569
3715
3569
3613
3869
3869
3869
3577
3868
3869
3848
3560
3556
3556
3869
3560
3556
3868
3556
3560
3808
3616
3560
3556
3556
3556
3805
3531
3808
3805
3769
3808
3613
3566
3560
3769
3808
3616
3726
3774
3769
3769
3624
3785
3616
3616
3782
3800
3595
3616
3769
3624
3788
3794
3764
3788
3788
3556
3556
3845
3565
3549
3868
3566
3868
3560
3556
3566
3613
3503
3808
3556
3560
3556
3556
3776
3768
3556
3808
3776
3556
3556
3560
3805
3624
3768
3808
3808
3849
3556
3556
3556
3808
3769
3769
3787
3769
3769
3793
3789
3782
3800
3800
3782
3768
3800
3800
3778
3769
3782
3764
3789
3776
3800
3560
3556
3556
3556
3549
3868
3549
3556
3556
3556
3556
3556
3549
3556
3556
3844
3556
3556
3849
3808
3556
3768
3549
3556
3556
3556
3769
3769
3782
3769
3800
3782
3769
3768
3769
3782
3769
3808
3556
3769
3769
3556
3556
3556
3556
3549
3549
3498
3498
4000
3497
3497
3498
4000
3575
3534
4000
3507
3864
3527
3575
3534
3498
3498
3864
3863
3864
3864
3865
3575
3584
4000
4000
3584
3584
3575
3575
3575
3865
3992
3868
3613
3556
3613
3613
3503
3528
3549
3549
3869
3556
3613
4010
3613
3579
3507
3507
3513
3497
3499
3540
4006
4006
3612
3988
3504
3993
4006
3503
3511
3998
3994
3499
100
100
4145
1661
2687
2687
2578
3066
3303
3302
3315
3899
3324
3897
3324
3303
3478
3898
3339
3339
3339
3896
3324
3299
3298
3893
3352
3352
3900
3120
3224
3892
3911
3132
3893
3132
3889
3889
3339
3124
3352
3224
3352
3066
3126
3126
3905
3905
3905
3352
3905
3303
2861
4720
4996
2411
4867
3922
4868
4978
4998
4924
4874
211
4908
3905
3352
2817
2817
3352
2817
4938
2816
2817
4962
4961
4970
533
2500
592
3296
3296
3309
3959
3960
3952
3340
3290
3309
3345
4112
4119
4112
4113
4113
4114
3284
3952
3962
3491
3957
3345
3488
3344
3970
3954
3286
3974
3274
3965
3337
3954
3319
3286
3967
3321
3955
3327
3281
3275
3282
3319
3972
3977
3282
3306
3984
3270
3270
3625
3519
3981
3984
3279
3996
3985
3984
3984
4932
3438
3458
4865
4865
3458
3127
2862
3140
2864
4906
3946
3000
3454
3452
3149
3223
4805
4036
3263
3899
3021
3884
3901
3222
3222
3047
2778
2797
4904
2861
3075
522
2417
3369
2553
3481
4951
4919
4038
4098
4038
4938
4133
4132
4938
4132
3139
4797
3451
3449
3414
2776
2787
4909
2778
4948
3421
4093
4101
3438
3890
3021
3263
3026
3902
3026
3026
4911
3357
3902
4098
4098
4091
4919
3902
4037
3910
3912
3223
3223
4098
3907
3912
3228
3903
3127
4103
4929
4104
4104
3289
3308
3335
3485
4115
4113
4113
4114
3485
3323
4118
4113
4113
3287
4121
3341
3308
4112
4120
3323
3485
3288
4121
4098
4085
3456
4025
4025
4717
4665
4681
4876
4717
4721
3922
4293
4923
3000
4951
4966
4970
4937
3352
3943
3905
3905
2817
3915
3914
2817
2817
3915
142
833
1499
1498
237
228
3144
942
528
2502
2288
660
2443
4282
452
1838
1802
4304
455
4733
524
1812
4305
487
2838
4859
4861
4847
4855
1727
344
346
347
706
1723
623
667
334
342
1722
335
2327
1701
335
331
2229
1699
2258
1704
1725
624
626
2308
624
1726
331
2372
1707
1729
1730
2375
1705
1714
1717
1717
1698
2230
1702
1702
1714
1715
1733
419
1735
1774
1764
1764
1771
648
2381
1773
561
1741
1739
1770
1775
1768
387
643
1733
560
1754
386
2333
1775
389
389
390
638
642
560
417
403
403
1763
420
1761
649
404
647
646
401
394
2313
1769
644
650
649
404
398
2282
2282
722
545
1806
2225
680
2318
2305
2226
2261
514
1806
733
473
1674
722
722
2424
3394
3077
2297
2297
2304
1682
462
2405
2367
4285
841
1830
861
4876
4684
2487
2269
313
4690
3922
4304
2415
311
2262
1831
4989
4882
21
174
2585
4315
29
189
2423
513
2773
722
4721
4721
2391
2013
2004
1861
1994
1869
1868
1857
1998
2389
1861
1866
2067
2069
2191
1861
2005
1871
1869
1870
1870
2011
2056
2394
1873
1861
2013
1971
1971
1895
1971
1971
1971
1971
1971
1971
1971
1971
1971
1944
1902
1971
1875
1971
1971
1944
1902
1953
1979
1902
1939
1991
1991
1950
1939
1945
1955
1990
1897
1986
2180
1971
1956
2162
1971
1971
1971
1971
2162
1971
2162
1971
1902
1887
1971
2171
2166
2039
1971
1902
1956
1971
2166
2162
1944
2166
2172
2172
1944
2172
1939
2160
1927
1879
1950
1939
1939
2180
2181
1943
1991
1903
2034
1895
1991
1895
1945
2180
2170
2182
1990
2027
1986
1952
2180
1939
1971
1986
1971
1971
1971
1971
1944
1944
1971
1971
1971
1979
1933
1939
1989
1897
1895
1947
2180
1990
1971
2039
1971
1971
1956
1971
1944
1944
1944
1925
1971
1971
1944
2160
1950
1950
1970
1895
2176
1990
1945
1990
1949
1897
2392
2389
1867
1856
1863
1863
1992
1994
1859
1858
2001
2391
2002
1866
2391
1998
1998
2057
2057
2394
2198
2010
1871
1871
2147
2058
2058
2196
1867
1868
2039
2161
2040
2132
2132
2095
2095
2045
2045
2046
2161
2161
2163
2187
2044
2157
2031
2187
2020
2076
2045
2040
2130
2126
2097
2131
2045
2050
2045
2050
2061
2060
2043
2060
2043
2059
2077
2109
2111
2059
2061
2109
2109
2111
2112
2112
2112
2192
2112
2014
2113
2192
2395
2114
2113
2090
2130
2130
2123
2053
2100
2099
2132
2132
2138
2138
2130
2136
2140
2157
2136
2142
2145
2397
2064
2103
2145
2146
2138
2045
2045
2043
2059
2110
2110
2111
2111
2112
2090
2090
2089
2089
2154
2058
2147
2147
2147
2103
2396
2398
2114
2398
2398
2192
1871
2008
2193
2134
2032
2120
2032
2085
2081
2083
2081
2079
2082
2082
2083
2086
2086
2135
2136
2082
2110
2087
2088
2143
2143
2088
2108
2093
2110
2094
2110
2093
2108
2094
2090
2090
2090
2094
2162
1880
2162
1956
2162
2163
2163
2158
1910
2185
2036
1909
2184
2185
2021
2022
2022
2024
2179
2047
2047
2095
2029
2184
2176
2040
2039
2040
2161
2039
2041
2161
2039
2033
2190
2190
2191
2190
2067
2056
2061
2058
2061
2196
2197
2061
3914
4928
2380
2380
1756
2315
1410
327
304
304
2253
344
2312
1757
351
363
631
426
2311
370
1788
286
323
1421
1710
631
464
230
1834
2233
1712
2240
1703
1713
631
362
516
378
1751
352
352
516
658
2567
2252
699
2566
340
342
1787
2205
2228
384
2380
2432
520
2282
2282
2282
2222
658
2416
4995
2296
546
722
546
659
2305
2305
2299
2287
2287
545
544
2318
2281
2296
308
3011
2275
514
22
422
734
2998
307
2220
2245
2245
1753
651
680
1754
680
680
680
4091
4806
3145
491
492
322
494
321
493
491
322
321
1707
339
2331
551
2219
1737
1761
322
544
546
4720
3047
2342
359
427
2347
415
416
382
1738
1746
1854
3453
4084
4804
3222
4805
3884
2779
2837
3357
4798
3890
3480
3884
2273
868
4286
1719
2372
2375
2328
2375
1720
1721
1716
1717
1770
1776
390
562
406
733
733
4981
2006
2013
1871
2013
2118
1994
1856
1871
2015
2014
2395
2107
2397
2065
2014
2089
2092
2069
302
302
544
4900
3450
3438
2465
223
1675
2775
607
607
4935
1676
3460
3431
2466
4094
4100
1546
4104
3157
4936
1677
1677
2248
862
3152
73
118
147
147
55
107
107
107
107
107
107
55
1841
1661
1661
1661
1661
2865
4900
3911
3911
3025
2865
3905
3905
4087
3222
3222
3047
3225
3149
3222
2817
2817
3352
2817
3909
3222
3909
3945
2799
3909
3228
4083
3078
3431
3460
3431
3226
3226
228
4908
3352
2817
2817
2817
4971
4133
2817
3221
3157
3047
4097
4133
4134
4134
2818
3451
4038
4087
4937
3943
939
228
2818
4900
3934
3911
3911
3911
3132
3352
3352
4972
3911
3132
3352
3911
3352
3072
4681
4293
4666
229
4722
4717
4721
4923
4923
3360
228
3360
4072
4952
1680
1510
1682
3008
4430
2281
2296
2281
4341
4341
2281
407
2337
