13
14
65
65
141
35
65
15
90
63
897
25
104
13
36
16
115
114
46
20
46
21
1765
75
84
14
75
1324
33
123
2526
495
860
1327
30
32
34
61
124
17
1765
95
4642
41
46
14
2
114
46
46
20
1765
20
96
3981
90
896
865
55
231
34
1763
96
35
2454
13
41
14
14
25
138
61
124
151
860
2319
45
45
73
177
177
22
49
38
95
75
76
127
84
860
79
177
21
127
2
897
4222
161
16
104
1765
3
35
141
141
13
49
83
2627
104
2450
41
41
108
67
126
134
135
131
1438
28
115
1764
23
39
1765
74
875
89
865
860
17
2489
129
10
16
3
134
30
2527
4218
134
1323
2453
89
108
108
117
2319
45
19
2319
45
2319
2319
2319
2319
2319
150
2319
2319
74
2319
156
156
156
177
177
70
70
74
177
2319
2319
2319
177
151
70
151
2319
2319
151
2319
2319
70
177
177
151
156
2319
2319
2319
2319
2319
2319
2319
2319
74
70
156
156
951
922
479
1343
1343
1508
909
1480
926
958
1457
226
226
629
226
226
2175
1359
756
627
627
1353
1372
1492
2341
520
193
2301
1353
627
710
199
1495
1371
2368
2358
956
1502
900
1494
2363
3971
3971
1353
499
956
627
1347
1353
1347
226
941
956
956
956
820
958
627
627
627
2361
1355
1753
228
2288
2288
1754
218
2627
1562
2315
1742
492
2197
2302
1758
2315
2315
492
694
716
713
2311
2311
713
1575
2270
1490
236
762
278
249
717
2189
2140
1738
1354
1556
204
889
2191
554
554
554
554
206
1358
478
718
242
2160
556
642
1596
1596
250
262
243
2183
2190
1719
1586
646
645
287
262
315
660
295
296
2261
648
2228
298
300
301
302
303
340
452
4634
2108
440
441
297
561
2129
326
326
300
328
735
4485
341
2150
338
339
350
2166
4406
2266
665
347
453
361
368
1655
350
1658
384
4406
365
1616
372
373
367
1713
1699
1699
1914
378
1715
1909
1910
1778
1929
1920
1779
1773
1907
1776
1909
1787
1910
1911
1929
554
2187
517
556
764
557
451
560
4480
4516
4276
435
1912
378
1918
266
2113
2151
533
698
2220
4450
2117
2122
352
453
2236
4424
4465
1619
470
1618
1655
1684
675
2136
2346
856
916
956
1458
956
2388
1740
2311
2311
1732
1732
1451
4642
2312
510
1731
2177
235
627
1497
2350
1455
2248
1501
499
2214
2214
1746
227
219
1502
1492
1495
2176
1723
2298
713
2294
2298
661
1733
690
553
1734
692
2312
956
956
956
956
956
956
956
1459
1329
627
854
1352
950
1503
192
230
1507
2350
522
817
962
754
817
539
3981
647
304
325
185
4993
961
2291
956
956
1554
478
2365
517
554
1720
1726
730
730
878
553
690
690
690
554
690
690
715
263
1581
652
475
451
2128
4476
4467
4473
671
609
686
1705
1920
963
1341
1341
226
1341
832
627
820
832
958
619
499
499
1353
817
1341
1341
617
1347
627
1335
1347
1347
1353
956
2356
911
909
630
905
192
629
1481
494
956
1336
888
1753
2134
2176
437
1731
713
619
2187
1716
2187
2187
1754
1444
1598
2215
2218
2201
288
261
650
2153
2117
298
315
698
2203
662
329
454
360
354
1700
1652
681
683
1713
1713
1778
687
1774
381
2267
1910
374
1915
1907
509
643
2312
3184
3184
1717
2138
2140
483
2133
440
697
441
2127
1605
513
2374
197
2300
485
695
2194
2113
2178
2185
2193
1347
1347
1347
499
942
627
627
627
1329
627
1329
617
619
817
619
1755
2298
713
2258
392
2230
4433
738
4559
456
1644
2268
2272
554
2187
690
554
554
690
554
554
643
539
956
2252
1458
1335
1335
4916
1565
1564
239
695
1336
1353
1353
627
1458
1386
975
789
1522
1522
1522
808
779
786
845
1532
1386
1522
845
963
963
963
809
1522
832
1522
789
791
963
1522
1522
791
963
832
832
958
832
958
1522
958
963
963
963
832
958
958
963
820
820
963
832
832
1403
965
1522
959
1522
789
820
1522
1522
958
958
959
958
832
820
820
820
958
820
789
791
1386
845
1522
832
1522
832
963
1386
1386
832
832
809
963
791
791
958
1518
1522
791
791
958
1522
958
958
959
791
958
958
958
1394
832
791
1522
791
832
963
832
958
808
963
965
2342
1376
956
956
1341
226
1341
226
226
1341
1341
1341
954
2252
956
832
845
832
919
2319
149
755
20
177
123
123
177
866
2319
2319
2319
20
755
755
876
2319
1566
2319
19
2319
151
860
20
2319
1536
1471
228
276
2141
2308
2385
899
527
895
57
52
96
921
902
1454
2310
941
1457
1436
2340
1335
1494
941
1493
1492
619
1457
956
956
1458
1459
1458
1495
1492
1496
1492
1492
956
1458
2252
956
1492
956
956
1458
956
956
956
1495
1335
1353
499
1353
499
1353
1353
1345
619
1353
499
499
1458
499
499
1458
2252
619
1457
1335
956
1457
1457
644
1336
1458
1492
626
1335
1343
1329
1335
627
1353
929
723
1338
1338
1343
1458
1492
2252
956
1492
956
956
956
956
956
956
956
956
627
832
832
1336
820
1522
63
110
1522
1522
789
789
789
1532
808
963
1516
1522
1522
1522
845
789
772
1407
1410
821
1409
1388
1407
1385
1399
1394
771
1403
1411
1403
1403
1394
1403
1402
783
1424
1423
1426
1420
981
804
1417
1417
1056
1269
989
776
776
1414
1410
1422
994
1416
804
982
1410
804
1402
775
994
1320
1079
1420
1419
994
1402
1406
988
977
1046
776
1420
776
981
806
1053
776
1420
988
1420
776
823
1079
1402
1420
1420
1046
1405
1425
1405
806
1411
1302
806
994
1410
1410
821
1409
1413
1410
1071
1417
776
1050
976
1079
1421
806
1079
1420
989
1410
1425
976
1054
988
1054
1420
1046
1269
1071
989
1269
994
823
776
1417
804
1409
1417
1416
989
1420
1425
1425
1088
775
775
1406
1046
1053
1054
804
1399
1425
1046
1278
1269
1278
1041
1046
1278
1257
1278
1278
1277
1289
1289
1278
1278
1042
1024
1258
1287
1269
1088
1015
1425
1079
1425
1046
1079
1071
1054
1046
1433
1071
1046
1282
1282
1282
1178
1054
1282
1071
1062
1282
1282
1282
1282
1282
1425
1089
1046
1282
1089
1282
1059
1089
1282
1282
1282
1059
1178
1032
1282
1059
1032
1282
1282
1089
1059
1059
1059
1089
1054
1046
1079
1079
1054
1054
1046
1054
1054
1054
1054
1420
1420
981
1054
1053
1054
1054
1071
1282
1282
1282
1282
1054
1054
1282
1282
1282
1282
1282
1282
1054
1282
1054
1282
1282
1282
1282
1282
1282
1282
1282
1282
1282
1282
1089
1282
1282
1282
1282
1282
1282
1282
1282
1282
1282
1054
1054
1054
1282
1425
988
988
1054
1054
1054
1053
1053
1071
1054
1282
1282
1054
1053
1054
1071
1071
1282
1425
988
1053
1282
1282
1282
1282
1282
1282
1282
1282
1282
1089
1089
1089
1282
1282
1282
1282
1282
1282
1282
1071
1054
988
1420
1054
1053
1432
983
983
990
983
1417
990
1417
1417
1432
983
990
990
1088
978
983
979
983
1088
979
1088
1088
1088
990
1088
1050
990
1088
978
985
990
990
979
1050
1050
1088
1088
769
1071
1420
1054
988
987
1419
1418
988
994
988
1425
1418
1419
1406
1421
1423
983
985
1423
1416
1417
985
1092
805
1419
1421
1414
994
981
776
776
1402
982
1423
108
211
177
860
860
860
958
958
627
627
817
1336
1341
832
1341
627
1341
1341
1341
1336
494
494
494
817
494
832
820
627
226
627
627
226
1347
627
1347
956
627
619
1329
1329
1329
627
1347
820
1336
627
1347
1347
1347
1347
617
494
817
226
1353
1353
627
226
627
1462
2249
2947
2357
1464
1535
635
1461
1485
1475
505
2369
624
226
226
226
627
627
627
1347
1347
1353
956
956
956
956
956
955
1347
1347
1347
1347
2372
2352
1379
1522
959
959
808
845
789
789
789
1532
808
963
809
1522
791
959
791
791
1522
789
789
1532
809
845
1532
1386
965
845
1386
786
789
975
1386
967
975
1386
1386
967
1403
1403
786
1388
1388
1385
779
1403
1386
1407
1403
1388
1403
1411
1407
1407
821
1399
1409
1399
1410
829
1413
824
1504
906
1507
1503
1504
2890
1510
1461
1480
1486
852
1377
1497
2364
1509
1455
637
1457
1336
1336
1336
1336
956
956
1495
1494
2363
2362
1461
1442
1751
1357
1358
2389
537
1360
1336
1488
496
1495
1492
956
956
956
956
940
940
1502
943
943
2347
1483
2310
919
919
721
219
1501
2359
2251
1453
2309
901
1491
1336
1336
1336
1458
1336
1492
2340
1494
1492
942
487
2340
1492
1338
1345
1474
1474
637
1338
1474
644
1456
1509
1505
2348
2289
488
832
1522
1522
963
1522
791
832
832
963
1522
965
1522
1522
963
963
1522
963
963
958
1522
963
1522
789
1492
496
1483
2613
2613
2613
2226
497
2613
1451
2381
2381
3971
1539
1539
4739
226
627
226
226
226
1347
479
1353
1347
1353
499
499
499
499
499
1353
1548
4215
4221
52
523
1550
634
1373
1380
3987
1559
1558
1561
1737
1737
1739
2180
1736
1730
4184
1760
1760
1570
1729
1759
4992
1563
2257
1743
712
2144
1580
1592
289
507
508
262
278
286
752
555
751
749
275
2259
243
2260
279
651
714
508
1595
557
2112
2115
2217
2259
548
688
517
689
761
1599
2198
2219
500
651
551
552
708
649
1644
1697
366
375
376
684
611
1705
1694
680
373
1710
2222
1698
1714
1696
1700
1644
2263
1656
4627
1680
1700
678
471
1654
1684
473
1651
674
1778
385
372
380
1712
685
684
614
436
1916
386
376
687
682
1909
684
685
748
483
640
643
638
639
1731
639
272
892
2124
266
2298
643
1727
1569
1576
240
2294
2294
893
1566
878
1567
1566
1536
711
1749
1471
255
1578
1370
536
2392
2171
2249
1356
887
502
532
2141
267
1736
1577
2485
1761
35
95
1765
41
107
41
1768
3984
517
4225
3805
1538
1917
1784
2273
1787
2096
2096
2096
2096
2096
1925
1923
1924
2013
1924
1997
1922
1922
1958
2095
1818
2095
1818
1998
1985
2019
1957
2013
1867
1836
1897
1867
1867
1829
1867
1829
1867
1867
1836
1793
1793
1793
1867
1829
1849
1793
1849
1793
1849
1866
1897
1897
1849
1793
1897
1849
1897
1897
1849
1897
1867
1867
1867
1867
1867
1829
1867
1829
1867
1829
1829
1793
1849
1793
1867
1867
1836
1867
1867
1867
1793
1849
1849
1793
1849
1849
1793
1793
1793
1793
1849
1849
1849
1849
1849
1849
1897
1897
1897
1849
1897
1876
1866
1897
1849
1849
1849
1897
1897
1897
1897
1897
1849
1793
1793
1897
1829
1867
1867
1867
1793
1793
1867
1867
1793
1836
1897
1849
1849
1897
1897
1897
1867
1867
1829
1867
1867
1793
1849
1867
1793
1867
1793
1849
1836
1876
1793
1849
1897
1849
1849
1897
1897
1925
1951
1951
1918
1923
1783
1784
1787
1787
1787
2096
1925
1784
1789
1920
1950
1920
1950
1933
1933
2078
2078
1958
1958
2085
1804
2085
1818
1933
2093
1886
1867
1867
1876
1876
1849
1897
1849
1816
1816
1886
1829
1849
1849
1816
1849
1829
1849
1849
1849
1849
1886
1867
1876
1897
1876
1897
1897
1897
1816
1816
1897
1881
1881
1897
1881
4997
1943
1943
1881
1857
2078
2078
1861
1943
1962
2031
2031
1962
1962
1962
1962
2040
2035
2040
2035
2040
1886
1841
1886
1876
1876
1886
1804
1886
1886
1886
1841
2063
1841
1841
1841
2063
1944
1991
1991
2086
1886
2063
1816
1897
1881
1881
1881
1881
1881
1881
1943
1948
2031
2031
2040
2035
2025
1804
1804
1886
2086
1982
1989
1988
1959
2041
1958
1958
1958
1958
1961
2078
1841
1849
1849
1849
1849
1899
1816
1816
1902
1881
1899
1902
1849
1899
1841
1841
1841
1881
2072
1902
2072
1899
1841
2066
2064
2073
2073
1881
1881
2076
2073
2029
2064
1948
2031
2033
2029
2031
1829
1829
1829
1829
1829
1849
1829
1829
1849
1849
1849
1849
1849
1849
1849
1849
1849
1816
1849
1849
1897
1897
1897
1849
1876
1876
1867
1867
1849
1867
1867
1867
1829
1829
1959
1959
1958
1959
1986
1987
1981
1813
1876
1864
1818
1818
5000
499
2623
1440
464
469
468
2139
1745
2137
251
1741
285
335
2108
323
2136
1741
2123
2129
2158
632
2154
2110
709
251
2160
2163
208
2174
2152
2156
241
492
1584
1585
2151
352
439
2107
439
659
323
850
2178
2164
213
1744
2145
294
2157
277
468
1675
2355
477
641
640
647
272
2256
2269
643
1720
517
1718
696
1731
647
2125
2130
2312
265
696
2187
554
1557
1574
2142
2157
1483
1562
1362
1487
1571
299
327
2206
2207
1774
1732
2211
1732
1732
2255
907
643
643
484
643
1482
1720
1720
517
2285
2217
491
548
288
296
2262
1712
643
1720
1462
1731
1594
281
321
4443
2232
4429
4535
1657
1695
379
2272
2246
1493
1492
1492
637
256
904
2347
2364
1336
1336
637
1728
1468
2271
1583
289
2224
2181
2191
546
387
2219
1711
683
2221
1692
2208
2275
2312
2256
2271
1787
1961
1997
1998
2095
1961
1943
1943
2025
2042
2002
1959
1943
2029
2031
1998
643
1731
2353
2370
199
2938
2293
2313
1513
2391
2132
2300
928
758
723
544
226
1509
2305
2109
1509
479
226
893
245
1450
4917
14
14
45
20
19
2319
2319
2319
2319
2319
2319
177
177
177
177
156
1543
226
627
1343
2356
923
627
627
1496
1496
1494
521
908
1496
1494
1347
956
956
1353
1353
956
956
756
938
852
956
956
644
942
725
941
626
854
1338
854
2369
937
226
226
627
627
1347
1347
1347
956
1347
956
956
956
956
1455
939
942
940
911
911
1498
1533
2347
907
941
226
226
479
2331
2366
943
624
226
854
1343
226
226
226
226
226
226
854
1343
722
1343
226
226
1484
476
2381
1771
4200
210
3974
3974
2896
3938
2213
887
3938
3942
4187
3885
893
1752
2434
2501
2457
2532
1766
94
2493
4223
3325
4223
2458
4216
2405
2395
2507
2408
2407
2410
2411
2411
2408
2410
2469
2425
2418
2469
2420
3286
2605
3763
2566
2448
2427
2455
2394
2417
2414
2442
2927
2498
2405
2435
2395
2411
2411
2410
2439
2412
4220
2399
3322
2447
3879
2421
2449
2445
2486
3323
2434
4216
2394
2394
2501
2501
2502
2404
2562
4921
4920
2418
2487
2463
2418
2414
4220
2444
2443
2469
2470
2512
2473
2511
2582
2520
2520
2484
3387
107
2483
61
4220
2532
4215
66
96
4216
2433
2627
2498
2932
4216
2455
2488
2397
2494
2409
2531
2448
116
2476
2419
2471
4220
3879
3330
2518
2417
3284
2455
2467
2403
2409
2508
2527
2485
2460
2488
2394
2531
2502
2417
2513
4920
4920
2418
2439
4921
2546
2547
2535
3296
4921
4920
4920
2538
2537
2579
3296
2536
2553
2482
2581
4920
2553
4921
3297
3297
2558
2571
2584
2559
2584
2559
2558
3305
2546
2558
2551
2550
2466
3296
2578
2579
2535
2464
3297
3310
2580
3877
3297
4921
2535
2466
2535
3296
2580
3948
3369
3786
3780
3783
3352
3339
4962
3786
3964
3768
3784
2988
3919
3770
3803
4712
2618
3784
3784
3781
3120
2989
4956
3351
2587
3809
2988
3784
3892
3363
4827
4825
3891
3899
4829
3949
3914
3937
3899
3929
3379
2618
3784
3770
3784
3784
3361
3380
3380
3256
3815
3784
3766
3881
3327
3313
2631
3336
4952
4209
3327
3992
4722
3794
4738
3992
4987
4696
2644
4677
4175
4187
4187
4187
2943
4005
4826
4004
2638
4720
4721
4670
3139
4679
4194
4716
4946
2587
691
3100
3098
554
691
3098
3799
2612
2662
4721
4649
3177
4785
2893
3010
2664
4670
4010
4172
2643
2886
2909
2953
2636
4191
2935
2675
4009
2676
4687
4686
2901
2648
3016
4836
3020
4029
4706
4689
4689
4773
4035
2676
2650
2647
4039
4654
4706
2677
2683
4836
3116
4773
2961
2962
4026
4029
4706
2961
4032
4045
4025
4025
4029
2685
2685
4664
4664
4660
4118
3172
3091
2722
2973
4148
4097
4098
4119
2857
2858
2970
4103
2771
2859
4118
4118
4643
4656
4644
2850
2770
4122
2772
2771
4710
4710
4643
4643
2187
1720
2187
3007
4725
2653
4014
4014
2671
4031
4032
2974
4117
4117
4644
3002
2885
2961
4012
4705
2669
4014
2959
2959
4689
4029
3018
4031
4031
4663
4663
4697
4697
2689
2691
4030
4944
4944
2618
3379
2598
4213
4187
4187
4187
4187
1732
1732
2899
4910
485
4185
2387
2662
4000
3914
3949
4822
4007
4965
2900
3011
3001
3792
2610
2614
3899
4829
4185
3122
2390
4893
4893
2390
2647
3099
3100
3100
3100
1732
2934
3791
3380
3784
4829
4829
4829
4829
4829
2988
3783
3369
3370
3369
4953
3371
3336
3328
3370
3367
3372
3822
3956
3875
3956
4900
3315
2635
4676
4908
3877
3802
2592
4889
3784
3784
2607
4956
2187
517
517
1720
4186
4913
690
3100
3184
690
690
690
690
690
2835
3007
3124
2653
4030
4014
2959
4032
4032
2821
2962
2857
2857
2971
4656
3383
2895
2895
2895
2895
3766
3383
3960
3282
3768
3131
3223
3770
3770
2978
3791
3278
3774
3784
3784
4829
3339
3339
3279
2588
3369
3917
4962
2592
3380
3773
2665
4209
4914
2910
4898
4187
4187
4187
3188
2191
2187
517
517
2187
3806
3175
2954
2953
2953
4767
2639
4742
4654
4032
3016
4009
4027
2649
2678
4047
4774
3018
4048
2857
4148
4096
4098
4119
4119
4118
2971
2770
4103
2795
4118
2859
4656
4656
2850
2387
484
2887
690
3184
4683
4212
4681
4196
4901
4705
2683
4047
4014
2636
3130
3273
3900
4213
4899
3002
3003
4651
2626
4862
3784
3380
3784
3776
3784
2979
2979
3278
3770
3278
3789
3232
3239
4197
690
2943
2943
2943
3318
3185
3010
4053
2679
3014
3014
4154
4166
4150
4644
690
554
2187
554
690
690
690
484
3190
3379
3379
3781
3780
4734
3993
4169
3383
2618
3131
3781
3897
3818
3835
3265
3247
3397
3229
3194
3265
3817
3817
3827
3247
3817
3209
3390
3390
3209
3247
3967
3232
3969
3967
3390
3969
3826
3826
3209
3967
3967
3195
3825
3390
3969
3969
3390
3969
3242
3964
3961
3232
3968
3232
3232
3390
3213
3203
3838
3207
3207
3969
3969
3207
3207
3955
3207
3207
3390
3961
3955
3207
3207
3823
3955
3955
3247
3265
3817
3827
3967
3969
3253
3955
3837
3203
3213
3959
3397
3232
3955
3826
3826
3826
3826
3826
3826
3207
3826
3969
3826
3826
3207
3207
3825
3207
3203
3960
3247
3969
3195
3967
3955
3242
3232
3209
3209
3919
3380
3379
3770
3770
3770
3770
3253
2979
2609
3379
3967
3835
3967
2612
4920
4887
3180
2439
2550
3180
3290
3760
2580
3296
2464
2439
4920
4902
4887
4941
3951
4916
4921
4921
2584
2570
2567
2439
4920
3305
4988
2903
4696
2633
4914
2378
3371
3876
2508
2509
2445
3324
3325
3345
3946
3947
3950
3934
4822
4965
3940
3774
3937
3912
3933
3937
3768
3136
3379
3897
3897
3897
3897
3897
4829
3380
4827
3379
4829
3379
3379
3379
3380
3380
3897
3379
3781
3780
2618
3131
2988
3190
3789
3131
2618
3131
2618
2618
3379
3897
3768
2592
2987
4827
3937
3768
3009
3934
3933
2900
3936
3783
3780
3780
3780
3780
3783
3783
3774
3781
3897
3897
4827
4827
4829
3380
3380
3791
3766
3969
3969
2980
3969
2196
2523
3209
3969
3969
3209
3391
3820
3394
3397
3817
3826
3817
3247
3281
3193
3193
3859
3200
3243
3843
3241
3250
3845
3265
3226
3249
3840
3834
3847
3836
3243
3848
3832
3402
3482
3400
3481
3476
3873
3402
3409
3871
3699
3476
3750
3489
3718
3871
3867
3406
3400
3872
3858
3872
3869
3416
3416
3860
3478
3872
3750
3489
3481
3505
3505
3441
3481
3720
3489
3872
3505
3505
3441
3405
3489
3870
3872
3720
3505
3864
3227
3413
3413
3864
3720
3718
3863
3743
3861
3861
3406
3861
3703
3401
3417
3415
3860
3416
3200
3853
3853
3489
3866
3412
3750
3472
3743
3476
3481
3472
3720
3703
3421
3441
3720
3743
3472
3872
3703
3486
3719
3472
3399
3719
3872
3703
3872
3858
3200
3856
3401
3743
3720
3750
3481
3717
3868
3860
3866
3861
3703
3720
3265
3856
3409
3489
3717
3445
3445
3550
3545
3486
3719
3548
3548
3545
3421
3428
3486
3445
3593
3547
3548
3451
3481
3472
3750
3472
3743
3472
3472
3451
3472
3718
3718
3472
3718
3720
3472
3720
3550
3720
3545
3489
3720
3502
3718
3720
3445
3550
3550
3720
3550
3712
3472
3720
3720
3550
3516
3516
3443
3720
3720
3550
3443
3546
3516
3720
3443
3451
3516
3720
3550
3443
3493
3443
3443
3443
3718
3718
3465
3717
3489
3472
3719
3472
3472
3720
3472
3720
3864
3550
3720
3720
3472
3720
3465
3720
3720
3550
3422
3720
3720
3720
3550
3550
3720
3720
3720
3720
3720
3720
3718
3720
3720
3720
3443
3720
3443
3530
3443
3516
3443
3443
3443
3443
3443
3443
3443
3720
3443
3443
3443
3443
3443
3489
3720
3472
3718
3720
3489
3720
3489
3720
3720
3720
3472
3720
3720
3720
3489
3720
3720
3720
3720
3720
3720
3489
3720
3720
3720
3720
3720
3720
3720
3720
3720
3720
3720
3720
3443
3720
3720
3720
3720
3720
3720
3720
3720
3720
3720
3720
3476
3517
3419
3865
3866
3478
3432
3419
3484
3477
3482
3420
3504
3419
3419
3517
3431
3419
3746
3746
3757
3698
3419
3750
3749
3749
3424
3431
3431
3756
3431
3757
3405
3489
3720
3489
3489
3505
3412
3489
3489
3720
3472
3720
3441
3476
3476
3400
3400
3482
3865
3871
3866
3476
3476
3872
3404
3409
3407
3405
3872
3872
3872
3410
3853
3478
2495
2501
4933
2571
4921
2546
3306
3958
3766
3956
3239
3386
3213
2895
2895
2895
2980
3240
2978
3252
3282
3236
2895
3253
3955
2979
3784
3784
3784
3784
3784
3239
3278
2988
3770
2988
3791
3791
3252
3386
3784
3784
3784
3216
2978
2978
2988
2988
2988
2988
2988
3766
3901
4824
2905
3887
3903
4824
2610
3928
2594
3929
3926
4971
3786
3770
3784
3784
3784
3784
3380
3380
3380
3380
3339
3380
3380
2607
4955
2589
3826
3397
3229
3817
3827
3827
3209
3209
3229
3209
3207
3207
3207
3826
3826
3247
3247
3203
3203
3397
3817
3818
3203
3394
3835
3818
3838
3265
3834
3265
3265
3818
3203
3194
3837
3203
3194
3847
3843
3843
3249
3203
3837
3852
3836
3843
3243
3193
3193
3250
3225
3200
3243
3227
3850
3249
3845
3225
4952
3946
3332
3371
3948
3332
3329
3925
3927
4961
2614
3918
3331
3922
4949
3893
3894
3934
3895
3776
3240
2980
2900
3380
4827
3937
3940
3920
4825
3928
2620
4198
3121
4204
2874
4203
3240
3921
3921
3936
3937
3935
3380
3380
4829
4829
3366
3943
3334
4820
4949
3364
2906
3919
4963
3920
3920
4969
3922
4906
3946
2900
3240
3773
3913
3913
2900
3772
2611
3941
3933
3933
2950
2611
3970
3913
3772
3785
3789
3894
3894
3933
3788
3132
3894
3361
3329
3946
4950
3950
3880
3967
3390
3969
3955
3969
3967
3247
3967
3955
3969
3209
3826
3207
3207
3969
3247
3390
3207
3247
3247
3390
3969
3969
3944
4820
2611
2896
2896
2899
2898
3973
4979
3974
3805
3805
3805
3929
3331
3930
2988
3784
3784
3784
3784
2618
2618
2618
3784
3379
2618
3784
3784
4977
9
3323
2454
3984
4911
3371
2587
3976
3813
3001
3995
4193
4831
2903
4214
4831
4192
4182
4916
4001
4195
3906
4002
4832
4206
4007
4823
4863
3126
4649
2952
2951
2951
4180
4884
3008
2640
2652
2957
2956
691
4190
3100
3185
3129
2650
4685
2675
4731
2907
3097
2653
2907
2653
2954
2954
4758
2888
2917
2891
4224
3990
4767
2649
2935
4687
2637
2637
4003
3186
4078
4148
4098
4119
2858
4118
2973
2857
2971
2857
2793
4069
4094
4098
4119
4150
4663
4664
2974
2804
2685
2975
4663
4663
2685
4664
2723
2689
2857
4746
2804
4118
4118
4117
4103
4119
4118
4119
4117
4117
2971
4118
2971
4096
4098
2795
4119
4119
2770
3318
3318
643
484
485
4208
4188
4187
4187
3314
4210
4671
485
1732
3122
2885
643
643
4207
3997
4006
3320
4901
2390
2390
2630
3184
2390
4988
4203
4982
3137
4008
4824
2596
4945
4975
4787
4824
3312
2600
4682
2597
3294
3905
4741
4216
1766
2497
4220
2455
107
3982
4223
2994
643
3805
3805
2968
2755
2850
2755
4710
4710
4710
4711
4711
4656
2755
2755
4695
2755
2755
2755
2755
2755
2755
2755
4710
2755
4695
2968
2755
2755
2755
2721
2721
2751
2721
2721
2721
2721
2721
2721
2721
2721
2721
2721
2721
2721
2721
2721
2721
2721
2721
4695
4695
2721
2751
2751
4695
2751
4695
4695
4695
2751
2751
2751
4695
2721
2721
2721
2721
2721
2721
2721
2721
2721
2721
2721
2721
4695
2721
2721
2721
2721
2721
2721
2721
2721
4695
2721
2721
4695
4695
4695
2721
2721
4695
4695
4695
4695
2721
4695
2751
4695
4695
4695
2751
4695
2751
2751
4695
4695
4695
4695
4695
4695
2751
2751
2751
2751
4695
2721
2721
2751
2721
2721
2721
2721
2721
2721
2721
2721
2721
4695
4695
2751
4695
2751
2751
4695
4695
2751
2721
2721
2721
2721
2721
2721
2721
4695
2721
4695
2721
2721
2721
4695
2721
2751
4695
2751
2751
2751
4695
2751
2751
4695
4656
4656
4656
4644
2755
2755
4710
4710
4710
4710
4710
2968
2850
4644
4656
4656
4656
3027
4695
4656
2755
2755
2755
2755
4695
4695
2751
2751
2751
4711
4695
2721
4695
4695
4695
4695
4695
2751
2751
2751
4695
4695
4695
4695
4695
4695
4695
4695
4695
4695
4695
4695
4695
4695
4695
4695
4695
4695
4695
2751
2751
4695
2751
2751
4695
4695
2751
4692
4692
4695
4695
2751
2755
4692
4692
4692
4692
2755
4692
4692
4692
2755
4695
4695
4692
4695
4695
4695
4695
2751
4695
4695
4695
4695
4695
4695
4695
4695
4695
4695
4695
4695
4695
4695
4695
4695
4695
4695
4695
2751
4695
4695
4695
4695
4692
4692
4692
4692
4692
4692
4695
4695
4695
4695
4695
4695
4695
4695
4695
2755
2755
2755
2755
2755
2755
2755
2755
4695
4695
4695
4695
4695
4695
4695
4695
4695
4695
4695
4695
4695
4695
4695
4695
4695
4695
4695
4695
4695
4695
4695
4695
4695
4695
4692
4695
4695
4695
4692
4695
4695
4695
4692
2721
4695
4695
2721
4695
4695
4695
4695
4695
4695
4695
4695
4695
4695
4695
4695
4695
4695
2751
2751
2751
4695
2751
4695
4695
4695
2721
4695
2721
4695
2721
2721
2721
4695
2755
2755
2755
2755
4695
4695
4695
4695
4695
2755
2751
2751
3897
3330
2962
2963
2963
2963
4974
2654
3103
3125
4679
3187
2961
4035
4034
4653
4675
4033
2961
4035
4211
3006
3908
4947
3187
4650
4661
3119
4647
4699
4670
4651
3127
4650
2652
4012
2670
2961
2961
4012
4012
4654
4652
3274
4707
4708
2591
4648
4010
4702
3796
2597
2963
2962
3283
3279
3318
4671
3318
4210
4701
4214
4001
517
643
643
484
3000
4187
4188
3315
4671
4672
484
485
4912
554
2187
4208
4005
4681
4672
2453
3994
4733
3331
3991
2683
2684
4029
2688
4710
1732
2688
1732
4187
1732
3931
4822
2998
1720
4765
517
4765
1720
4765
1720
517
517
4730
4786
2955
4726
2669
4098
4098
1720
485
643
2646
3940
2915
2915
4053
2679
3116
4159
4159
2804
4077
4644
3892
2999
3933
4827
3895
2900
4768
4741
3941
4959
3772
3772
2900
4002
3997
2645
3176
3175
489
2191
2818
4190
2224
4724
2902
4098
3060
4098
4122
4122
1732
1732
4205
4710
2755
2755
2755
2755
4710
4644
2755
4692
4692
4695
4695
4695
4695
4692
4695
4695
2755
2387
2387
485
3349
3183
3335
2876
4680
3909
3351
4196
3320
3332
4980
3345
3190
3810
3931
4966
2941
3950
3361
2945
2390
2390
4201
4892
1752
4918
4919
2439
2439
4920
4920
2579
3297
2579
3298
4920
3297
3288
2515
2582
4926
2536
3349
3786
3770
3780
3809
2922
2988
2988
4822
4829
4829
4829
3134
3947
4829
3380
3380
3784
3784
4829
4829
4829
3276
3918
3380
3894
2999
3363
3190
3190
3190
3783
3783
4970
3786
2988
3784
3784
3784
3380
3380
3379
3380
3893
3943
3935
4821
3366
3899
3916
3941
3935
2950
3784
3784
4886
3759
3943
3786
3781
3780
3780
3770
3770
3784
3784
3783
3786
3770
3770
3770
3784
3924
4983
2381
4983
3804
3974
3974
3974
2896
3929
2896
2366
2896
3938
3942
869
4909
893
4986
1867
554
2187
554
1867
1867
554
2187
554
