2426
2433
4901
2487
3323
3323
4901
3323
2531
2568
2503
2453
2455
2455
2451
2452
2474
2474
2433
2450
2472
2414
2521
2520
2516
110
8
2406
2525
64
6
11
4
4273
142
121
3323
2545
4898
2446
1710
123
99
2456
2451
2419
2418
2408
2419
2419
2446
2472
2523
1717
2576
3348
2468
2462
8
70
2
2422
3334
3308
4902
2425
2456
4899
2426
2426
4899
2455
2545
2514
2412
2477
2476
2479
2461
2516
117
1710
44
38
38
2478
66
2476
99
2507
100
155
13
2463
2444
2496
2421
2423
2434
2479
2533
1710
2578
2454
3323
4901
2585
2426
67
13
67
23
2425
18
3323
2456
4901
2496
2
2487
2567
2542
2531
105
2447
151
120
153
120
71
40
2524
16
2420
820
2507
2407
1
2528
2453
2578
2468
143
2422
70
4901
3323
2569
3308
4899
2561
2455
4900
67
67
2524
2477
2477
2477
2524
2514
2514
2514
2477
2477
2477
2477
2476
2515
2515
3813
2412
2410
2470
2524
2524
2514
2514
2524
2514
2554
2411
2410
2514
2411
2514
2514
2470
2514
2514
2554
2470
2412
2514
2514
2524
2514
2524
2524
2477
2477
2524
2524
2524
2514
2514
2514
2554
2514
2976
4049
2996
4875
4702
2403
2297
2301
4981
504
1548
3872
4927
2919
2620
2620
3979
4920
4067
2990
4663
1524
1345
4974
4974
3306
4915
2639
3046
2937
4663
227
226
226
2390
2362
2349
299
301
439
517
2331
1465
2343
1344
2346
2339
434
2339
2395
211
2395
2346
2346
2346
818
2360
1343
512
2302
218
2365
1423
2362
507
2401
134
144
56
4271
2921
16
4978
2922
445
788
4660
2869
2666
4078
4085
4653
2175
2197
4673
4129
4244
4244
2170
296
1415
219
4719
2948
2690
2681
4129
4121
4717
4228
2663
2706
3975
4687
4700
4952
4700
4049
2693
1575
1575
1575
321
3059
2919
4992
4936
2680
4130
3154
2720
4134
4111
4674
2716
4103
2952
399
399
399
4102
4760
2873
4678
3077
4649
2714
4789
2860
4636
4699
4176
2809
4158
2863
2835
4169
2871
2883
4790
2740
2824
2810
2810
2757
2756
4161
4156
4139
4637
4638
2831
4157
3025
3023
4175
4142
4160
3125
3125
3125
4435
4146
3113
4201
4430
4211
2838
3134
2839
2848
4291
4301
4427
4441
4442
4290
4454
4626
4450
4450
4444
4444
4444
4455
4455
4300
523
4785
521
3071
3076
2739
3096
3194
4144
3025
4210
4430
4437
4626
4764
4073
3139
2823
2807
4681
4793
2904
4192
3125
4176
3023
3024
3024
3127
4206
4201
2894
4148
4196
1317
4889
3951
4887
2916
3874
4068
4973
4973
3945
3945
4076
4236
4236
2670
2670
2678
3139
570
144
659
3006
4245
4667
1293
1464
146
2146
1463
3047
1315
3162
4230
2386
508
297
1334
2297
1335
2333
2333
2297
220
2359
3006
3213
4081
4081
4818
2784
525
2929
3005
2929
3010
3010
2360
2360
211
211
562
1344
2996
4915
2540
3347
56
4278
2540
2290
16
2279
4061
4685
3175
4177
4259
3863
3863
3863
2540
4263
4078
4085
2394
2666
3876
3876
4973
4973
2708
3863
4965
4951
4951
4951
2160
521
2206
586
584
3200
2953
4718
4843
2202
2925
1665
2277
2688
4127
4740
4167
4802
3197
2825
4135
2864
4146
2866
4292
4298
1345
2339
779
779
218
218
1304
1303
2362
2330
1425
1427
2376
4984
1540
236
2289
513
2289
2290
2365
2395
4068
2636
2636
512
233
4919
1547
2701
3862
4703
4703
2997
3939
2628
438
1419
1543
1543
226
511
2378
3343
4879
4690
4224
4224
2687
4090
4244
1340
3064
3001
1595
1595
3058
2675
399
4118
4114
4097
2712
4115
4782
2835
2860
4760
2754
2885
2857
3018
4637
4175
3114
3126
3133
3133
4440
2840
2838
4848
4446
4446
4446
4440
4442
4298
4454
4451
3007
3008
4245
2165
2175
3140
4720
4717
4818
4080
2896
2886
3153
4165
4099
2713
4874
4257
4989
2400
4080
3010
2932
2939
3165
2931
3162
2923
563
562
858
866
1340
773
773
773
2395
2395
1543
1348
1543
4966
562
516
2663
4696
4696
4686
1665
4081
4817
4081
3181
3182
4791
4792
3184
2792
4188
3113
4146
4210
4450
4785
521
2205
2202
3002
622
2213
2162
4278
4068
1543
1543
4984
4068
1348
642
411
4762
4738
1345
1348
1543
4068
2395
1407
918
914
932
1389
693
919
1023
987
758
1389
912
1353
740
908
761
691
892
1355
1499
761
738
719
776
716
710
1423
564
742
720
219
917
918
914
761
1359
720
552
710
750
552
750
924
713
925
727
892
1357
309
2383
761
1273
925
1402
309
1378
552
760
1499
742
1425
1023
1426
1353
1354
2153
720
1360
753
4992
3861
1543
1545
1349
1346
1524
2339
2348
220
220
232
236
2339
2339
2917
231
1350
715
725
715
2516
2524
2524
4279
2516
2412
3336
3350
64
4078
4078
3337
2524
2524
2516
2477
1718
819
23
2196
2174
2477
2477
2514
65
2514
2477
2477
1455
2396
2389
4896
3343
4653
4223
4229
4224
4862
4844
3349
2422
2549
2454
3308
818
677
877
499
487
864
490
879
2391
146
491
227
2375
4064
562
2305
1525
2305
1524
2374
2343
2344
511
1348
1348
1348
1525
562
1525
2360
1525
2360
2359
2360
2359
4984
4068
4984
2395
4067
4067
2972
2391
2376
4068
1348
1348
4984
2395
3874
231
1346
1346
1541
2394
4984
227
227
2375
4277
567
882
490
490
1542
4966
4966
4984
4065
2394
4984
1346
1525
560
2344
2343
1343
511
2361
1315
750
719
1315
772
744
2578
2578
1357
753
892
1370
1370
908
1367
1366
739
748
704
1230
1233
1232
990
1060
1267
1236
1236
1009
999
1236
1217
1217
935
1223
952
990
987
1047
987
1043
1043
1043
1043
1043
1030
1030
1043
1043
1043
1043
1112
1030
1233
1043
1043
1043
1043
1043
1030
1030
1244
1043
1043
1043
1043
1112
1112
1043
1112
1043
1043
1112
1043
1112
1112
1043
1043
1043
1043
1043
1043
1043
1043
1043
1043
1112
1043
1043
1043
1043
1030
1043
1043
1043
1112
1244
1244
1030
1043
1233
1043
1042
1043
1043
1043
1043
1043
1043
1043
1043
1043
1030
1043
1043
1112
1112
1112
1047
1043
1043
1043
1043
1043
1043
1030
1043
1043
1047
1043
1043
1112
1112
1043
1043
1043
1030
1043
1043
1043
1023
1112
1043
1043
1043
1043
1112
1112
1112
1043
1112
1043
1112
1112
1043
1043
1112
1112
1043
1043
1043
1043
1043
1043
1043
1043
1043
1043
1112
1043
1043
1112
1043
1043
1112
1112
1043
1043
1112
1112
1043
1043
1112
1043
1112
1112
1112
1112
1112
1112
1112
1112
1112
1043
1043
1043
1112
1043
1043
1043
1112
1043
1043
1112
1043
1112
1112
1112
1043
1112
1112
1043
1043
1112
1043
1112
1112
1112
1112
1043
1112
1112
1043
1043
1112
1043
1043
1043
1112
1112
1043
1112
1112
1112
1112
1043
1043
1043
1043
1043
1112
1112
1112
1043
1112
1112
1112
1112
1112
1112
1043
1112
1112
1112
1112
1043
1112
1112
1043
1043
1112
1043
1112
1043
1112
1112
1112
1112
1112
1112
1112
1112
1112
1043
1112
1112
1043
1043
1043
1043
1112
1043
1112
1043
1112
1112
1112
1112
1112
1112
1112
1112
1112
1112
1112
1112
1043
1112
1112
1112
1112
1043
1112
1112
1112
1112
1112
1112
1043
1043
1112
1043
1112
1112
1112
1112
1043
1043
1043
1043
1043
1043
1112
1043
1112
1043
1043
1043
1043
1043
1042
1043
1043
1043
1043
1043
1042
1043
1042
1042
1042
1043
1042
1043
1043
1042
1043
1043
1043
1043
1043
1042
1043
1043
1043
1043
1043
1112
1112
1043
1043
1112
1043
1043
1043
1112
1043
1043
1043
1043
1043
1043
1043
1043
1042
1043
1043
1043
1043
1030
1042
1112
1043
1043
1043
1043
1043
1043
4899
3048
2513
100
100
300
1349
512
1350
1350
1346
1345
766
218
218
773
218
1303
1307
232
301
2290
299
2301
2302
1524
552
2350
1423
771
773
2348
434
773
435
773
1343
1343
226
1540
1349
1350
233
1350
1350
1460
1460
1349
512
1543
2358
773
1344
1344
1543
512
512
1349
1347
1346
1350
233
2331
2331
2361
3055
2281
1322
1317
4980
4659
4895
2399
1323
1690
503
2385
2151
2154
3156
4703
4704
4254
570
2282
1323
4051
4050
2634
2636
3875
3875
3875
1546
2994
2993
4875
2912
3306
3993
3949
3294
696
694
1354
1365
751
696
1367
1352
1352
909
757
1381
1382
1378
929
918
727
917
1394
917
727
1378
929
940
915
918
915
1407
916
914
925
918
914
916
1236
1279
1260
1217
1223
940
990
1217
1236
1217
1232
1230
1230
1236
1030
1217
1047
1230
1223
1060
1030
4278
2540
3347
2280
2403
2384
2151
1418
3853
4706
3853
1334
1336
3864
4701
4701
4705
4704
2355
1412
493
1541
302
2378
2380
2344
2343
858
227
227
511
226
1343
511
218
218
218
766
309
2383
309
2383
2383
637
1324
2281
2108
296
4982
4978
2702
4076
3978
2662
2393
4691
2090
1341
245
827
490
490
490
1493
4070
4069
1549
512
512
512
517
2289
2290
569
2348
773
2346
434
773
2365
1344
2351
2361
2361
841
1493
495
4994
2986
506
1420
1425
1425
232
2350
768
219
779
2367
230
875
2340
482
227
2278
882
490
2335
2335
2229
880
878
878
2295
2356
878
885
2328
2335
3867
4981
1721
493
493
1542
4281
1538
496
818
244
244
710
719
716
776
776
892
753
1362
902
738
910
892
713
761
821
1491
1422
1454
1329
467
824
4921
2640
2640
211
231
231
1347
1346
1346
2305
1526
562
4914
3308
2424
3047
2630
4865
3294
2975
2622
2708
3863
2708
3949
4230
4991
2676
4242
4268
2398
1707
4240
4246
441
661
644
1674
2310
1684
1707
1679
1672
577
2110
813
228
224
4131
3074
4109
2721
4824
4105
4101
3086
313
1574
2719
1574
4098
4665
3077
4693
2873
4133
3155
4125
4827
4098
4118
4119
4825
4825
4099
2855
3214
4654
4665
2948
2719
1575
4114
4210
3133
4201
2849
2848
2849
2868
2868
2848
2849
3133
4212
2840
4201
4430
3132
4146
4211
4140
4140
2812
2839
2839
4140
4201
3114
4210
4211
3025
4288
4430
4446
4442
4289
4289
3028
4430
4296
4433
4440
4440
4442
4289
4436
4301
4818
4074
3009
659
4658
4244
3166
4244
4245
3141
4731
4658
4073
2930
3010
4734
4817
4817
1719
3345
2402
442
627
4081
4818
4819
4819
4089
2196
2196
4089
2113
3976
4896
3068
4088
4267
2662
4979
3342
297
1322
3317
3338
2633
2400
3055
1689
4872
1325
2139
2309
295
4986
4880
4267
4661
4669
2702
4689
4075
4237
1682
2091
2502
787
2434
48
1
2533
2427
2427
2430
144
659
2215
501
4452
4527
4515
4543
4543
4627
4633
4492
4519
4519
4484
4518
4515
4511
4511
4628
4483
4483
4515
4518
4417
4417
4417
4417
4417
4417
4417
4417
4375
4417
4417
4375
4417
4417
4417
4417
4417
4417
4417
4417
4417
4417
4417
4417
4417
4417
4417
4417
4417
4417
4417
4417
4417
4417
4417
4417
4417
4417
4417
4417
4417
4417
4417
4417
4417
4375
4417
4417
4417
4417
4417
4417
4375
4417
4417
4375
4417
4417
4417
4417
4417
4417
4417
4417
4417
4417
4417
4382
4417
4417
4417
4417
4417
4417
4417
4382
4417
4417
4417
4417
4417
4417
4417
4417
4417
4417
4417
4417
4417
4417
4417
4417
4417
4417
4417
4417
4417
4417
4417
4417
4375
4417
4417
4417
4375
4417
4417
4417
4417
4417
4375
4417
4417
4417
4417
4417
4417
4417
4492
4628
4492
4527
4519
4544
4543
4445
4455
4543
4527
4545
4527
4494
4633
4491
4565
4491
4565
4479
4478
4508
4474
4474
4529
4475
4491
4494
4382
4375
4382
4382
4382
4382
4382
4417
4382
4417
4375
4375
4375
4417
4417
4417
4417
4417
4417
4417
4417
4417
4382
4382
4382
4382
4382
4382
4417
4419
4382
4426
4426
4373
4373
4373
4617
4380
4380
4475
4373
4373
4380
4462
4591
4591
4591
4591
4591
4591
4591
4591
4591
4594
4382
4382
4375
4475
4382
4475
4475
4382
4382
4382
4382
4382
4375
4382
4382
4424
4604
4607
4474
4474
4474
4417
4417
4417
4417
4326
4611
4421
4611
4343
4309
4341
4310
4595
4324
4475
4475
4474
4474
4470
4591
4591
4557
4466
4509
4463
4375
4417
4417
4417
4417
4417
4417
4417
4417
4417
4417
4417
4417
4375
4417
4375
4375
4417
4417
4327
4417
4375
4375
4375
4375
4365
4323
4371
4389
4371
4365
4324
4309
4309
4363
4363
4310
4417
4417
4417
4417
4417
4417
4417
4417
4417
4417
4417
4417
4417
4417
4417
4417
4417
4417
4382
4417
4382
4382
4382
4375
4417
4382
4417
4375
4375
4382
4375
4520
4509
4481
4509
4565
4475
4475
4373
4608
4608
4608
1540
2395
782
3128
3129
4264
4698
3340
2677
2689
4128
4709
4710
4110
3128
2825
4782
3124
4709
4229
4194
4215
4228
4710
3979
3165
4224
3067
4670
2677
4107
2731
3165
2702
4692
3056
3067
4249
4653
4229
2672
4672
2728
2727
2824
4157
4784
4139
4156
3978
4180
3140
2988
3164
4695
3177
4229
4266
4669
2724
2726
4686
4710
4661
4867
3178
4157
4145
2696
4668
4882
3850
2984
4074
4818
4074
4731
4686
2162
4991
2292
3204
2852
4231
4244
3166
4245
4245
4666
2940
2940
3009
3204
4817
4734
2669
4280
2214
3143
1664
2930
2981
4688
226
226
3144
4235
2368
3161
4654
4636
2791
4176
4176
4444
2885
4201
3139
3139
4708
2293
1471
3064
586
3007
3200
218
2287
3065
3066
4825
3069
3070
4649
3134
4442
674
586
521
2136
4245
511
2343
4790
4790
4791
3183
2755
4794
3023
4189
4211
4437
4301
1490
235
227
227
492
1694
1418
570
2108
870
2367
2344
2380
227
4988
4246
1682
2089
4106
4106
2208
313
4119
4664
4117
3133
3028
2813
4441
4301
3010
4245
2294
1325
1453
4544
4513
4509
4544
4513
4462
4477
4595
4617
4363
4560
4343
4324
4509
1675
3010
3010
3008
2911
146
2663
2666
2707
4670
4935
2621
2666
2666
4712
3055
3949
4700
4952
4818
4717
4064
4236
2972
3339
4687
3853
4892
2340
4972
4700
4705
2662
3068
817
2640
4819
4817
4089
3056
4264
4075
2107
2452
2406
2406
2516
2516
2524
2514
2524
2524
2524
2524
2524
2470
2556
2470
2528
2937
4974
3861
4926
2621
4934
4927
2937
2279
562
2343
4964
3951
4277
2346
4064
3876
3876
3873
231
2279
4662
4702
4869
2361
678
4869
1543
1350
1543
1538
689
146
4277
146
2972
3044
4965
2709
2636
2636
3875
1546
1543
1546
4868
496
1343
2360
1489
4071
1545
513
439
300
2290
440
299
236
2290
434
434
2339
773
779
218
2365
2336
769
841
853
885
2356
2627
3871
3871
2361
511
835
4946
3867
2618
4946
4965
3855
3854
3337
3337
2132
4079
4079
4078
4262
1329
4078
2913
3993
1440
2364
4088
4083
3338
4263
4713
2096
3856
3157
3853
2539
2510
2493
2431
2435
2435
3329
2435
2439
3818
2440
2458
2459
4276
2510
2448
2519
2437
2491
104
21
4274
111
103
21
802
2490
55
21
36
32
32
791
191
175
183
2427
2459
1713
1714
20
171
171
4276
4276
133
2501
55
41
41
103
51
41
51
3315
3331
2465
125
137
79
101
2594
3322
2434
4902
2460
2517
2535
2538
2490
2494
2427
2489
27
26
53
53
83
2546
111
83
50
49
19
45
52
783
80
46
790
2322
191
170
206
2314
4274
84
2497
2497
2434
1713
2434
126
126
2498
2489
2489
2488
2458
28
172
101
79
2447
173
2435
2458
2434
2567
2492
2459
3322
3329
2467
2441
2603
69
78
77
2314
97
40
84
60
133
36
783
2491
136
2314
2583
4274
2553
96
3313
141
2488
3331
2482
2517
2538
2459
4275
2459
69
42
42
53
53
82
82
82
88
93
82
53
83
88
131
93
131
131
4274
2546
25
42
111
82
82
25
131
93
88
25
25
82
25
88
131
93
82
88
88
88
82
82
83
82
82
42
140
84
131
42
4881
3207
2968
3996
3402
4770
4787
448
3282
1709
3208
4048
1521
3403
2943
3969
2659
4046
2644
4053
3403
3037
4987
2625
3968
2685
3995
4969
2969
3324
3968
1449
4025
283
825
2236
1517
3356
2203
1522
4634
4634
4634
3171
3847
3358
3240
3413
2234
1554
135
1562
1561
265
2978
2240
33
289
2122
290
2144
1582
1600
4987
4087
4238
291
2092
591
2186
1596
3328
2678
2169
1441
2143
1577
2142
2093
592
2209
1597
1602
1580
2311
1671
4270
2910
3972
3051
3051
3943
2626
1590
1587
1576
398
1560
1709
4955
324
592
330
2218
2218
2243
663
343
1598
329
325
2246
2207
2245
533
2097
1583
2189
342
415
328
414
341
594
419
364
356
364
2192
428
541
2224
355
420
345
402
402
354
421
421
419
419
357
2099
360
1635
1629
363
2192
1632
1633
1628
1630
1629
362
2195
2251
430
1634
614
543
1628
1606
545
378
1640
615
607
1648
1868
394
390
616
2193
2262
1873
1867
1729
1728
1728
1875
1874
1875
1873
1888
2214
2215
2215
2215
331
662
2220
476
665
2220
539
540
405
1625
1611
1638
409
1867
276
683
361
354
336
502
350
403
2223
429
2192
365
541
542
2249
606
2248
1616
1630
1621
416
259
4737
4766
3953
3362
4634
3943
3859
3866
3857
4270
4091
3212
3212
3212
3139
623
2363
59
478
305
529
2198
2124
3416
2541
2085
1692
3993
3834
1600
311
269
1446
2234
1337
4003
4937
479
285
3212
413
2094
2093
2114
2114
3138
3138
624
3358
4808
4937
4937
3991
3405
4945
4945
3401
4916
2934
2616
2616
4635
2978
2647
3309
2464
3262
265
4032
2437
266
1709
2191
2671
3859
3157
3863
2684
4250
4729
4019
4923
3362
3943
3943
3859
2913
2944
3948
3948
2160
2201
523
584
2244
1579
303
1579
580
292
532
292
471
471
2277
635
1603
331
664
349
2221
2222
667
422
358
1625
1622
2226
372
387
1732
4038
3277
3278
4031
4029
4033
3238
3245
4023
3403
3403
3403
3063
2623
3827
3173
2962
3356
3998
2933
3965
3970
3969
3970
3351
3351
4765
1337
3385
2371
3956
2256
2256
4091
4091
1602
479
3328
3359
398
320
1595
2244
1552
1709
400
1574
1585
1585
596
348
2223
366
2188
334
414
631
502
337
365
1620
1619
671
1607
1641
609
2212
1878
1731
392
617
381
391
2259
1742
1876
304
673
586
472
2276
580
2183
1557
282
355
421
421
350
338
2126
1519
4977
1448
1444
531
286
275
2184
271
317
3367
4056
4008
3958
3030
3173
3405
3261
3054
4247
1565
457
1665
268
2104
418
538
2130
2148
2087
426
605
367
1881
451
322
321
1665
524
1665
1665
676
2978
3358
3367
3367
3405
3405
644
2142
2094
2141
635
3260
3405
3405
3403
3379
3360
4634
3925
3470
3799
3563
3914
3923
3914
3441
3799
3558
3449
3927
3442
3921
3901
3903
3902
3898
3222
3887
3907
3279
3232
3220
3288
4039
3279
3883
3423
3238
3256
3426
3235
4037
3441
3441
3444
3470
3424
3895
3882
3899
3885
3292
4036
3293
3241
3901
3917
3450
3563
3450
4039
3430
3238
3898
3470
3914
3441
3443
4040
3923
3884
3226
3224
3237
3428
3441
3443
3289
3285
3230
3233
3899
3219
3911
4983
3851
4811
4960
3053
3400
3830
3035
2936
3396
4937
4937
3222
3271
4983
21
88
4272
2562
145
145
36
36
4250
4820
88
88
42
83
3309
2978
265
795
2092
643
53
82
93
806
53
42
1703
1704
1553
1567
1566
1699
457
4844
3322
3310
3314
2543
2481
2571
4943
3207
2619
2979
1477
3942
3353
33
1475
4018
4026
3955
4937
4963
3400
3358
3396
3400
4937
4937
4937
3358
4808
3360
4937
3358
3400
3400
4937
3405
3385
3405
3405
3037
3386
3405
3403
4022
3037
3403
3405
3405
2652
4634
3037
3396
3396
4937
4941
4018
3983
4941
3398
3352
4013
4962
4943
4943
3405
4018
3405
4018
2968
4944
4944
4943
3401
4943
4018
3360
3400
4937
3400
3400
3360
4008
3415
4034
3432
3418
4030
3881
3817
2481
3880
3895
3265
3912
3451
3919
3453
3923
3276
3227
3903
3222
3792
3473
3794
3809
3809
3558
3797
3468
3435
3462
3792
3799
3514
3558
3558
3797
3792
3512
3558
3931
3928
3462
3533
3766
3457
3582
3482
3484
3809
3766
3766
3809
3553
3484
3484
3624
3766
3765
3457
3809
3766
3766
3766
3809
3809
3479
3766
3809
3582
3636
3582
3484
3484
3582
3484
3636
3582
3636
3484
3484
3582
3484
3636
3484
3582
3484
3484
3582
3484
3484
3809
3484
3582
3636
3457
3582
3484
3742
3473
3582
3484
3484
3792
3479
3479
3479
3809
3809
3794
3636
3766
3809
3582
3582
3582
3766
3484
3582
3636
3809
3624
3484
3636
3582
3636
3636
3624
3624
3582
3582
3457
3582
3809
3809
3558
3809
3484
3457
3582
3636
3582
3582
3636
3479
3765
3457
3582
3636
3443
3809
3636
3636
3624
3636
3624
3624
3624
3582
3636
3624
3582
3624
3624
3582
3624
3624
3624
3636
3624
3624
3624
3624
3582
3582
3582
3582
3582
3582
3582
3582
3636
3636
3636
3582
3636
3636
3636
3636
3636
3636
3636
3636
3636
3636
3636
3636
3624
3636
3636
3636
3624
3624
3624
3636
3624
3636
3636
3624
3636
3636
3624
3636
3624
3624
3624
3624
3624
3624
3624
3636
3636
3624
3624
3636
3624
3582
3636
3582
3585
3636
3636
3636
3636
3636
3636
3636
3582
3636
3582
3636
3636
3636
3636
3636
3636
3636
3636
3636
3636
3636
3636
3636
3636
3636
3636
3636
3636
3636
3636
3636
3636
3636
3636
3636
3636
3636
3624
3624
3636
3636
3636
3636
3636
3636
3636
3636
3636
3636
3636
3636
3624
3636
3636
3636
3636
3636
3582
3636
3636
3636
3636
3636
3636
3636
3636
3636
3636
3636
3636
3636
3636
3636
3636
3636
3636
3636
3636
3636
3636
3636
3636
3636
3636
3636
3636
3636
3636
3636
3636
3636
3636
3636
3636
3636
3636
3636
3636
3636
3484
3636
3636
3636
3636
3766
3766
3753
3766
3766
3766
3766
3766
3766
3574
3574
3770
3753
3574
3766
3574
3766
3574
3766
3574
3766
3574
3766
3766
3574
3766
3574
3574
3484
3582
3636
3636
3484
3484
3484
3484
3636
3809
3484
3484
3484
3809
3766
3582
3766
3789
3457
3766
3766
3766
3766
3457
3809
3766
3766
3457
3809
3484
3484
3484
3766
3766
2459
2459
2459
2459
2459
26
54
25
783
93
2657
3250
3413
3822
3250
3251
3277
3824
3243
3258
3247
3034
2657
3823
3882
3305
4034
4042
3298
2938
3981
3397
3406
3211
4008
3385
3845
3374
3837
3819
3170
4634
3216
3830
3827
3973
1446
1447
1518
2941
4260
1569
1328
1326
2216
257
3971
3860
2387
4258
466
2216
4930
2915
2914
4923
4960
4960
4961
4813
4770
3300
3043
3994
2622
3943
3995
3274
3903
3913
3912
3907
3910
3453
3221
3915
3915
3892
3921
3254
3563
3915
3443
3439
3434
3918
3921
3923
3440
3442
3448
3444
3563
3470
3470
3435
3563
3443
3533
3476
3435
3443
3436
3533
3441
3435
3792
3460
3462
3799
3558
3558
3558
3462
3558
3558
3558
3462
3792
3468
3468
3809
3559
3514
3797
3514
3514
3809
3809
3558
4025
1497
2978
3324
3324
3325
1688
284
247
3866
3857
4256
1320
2926
3970
3860
3860
1441
1477
4890
4953
4020
3957
3831
3029
3033
4013
4937
4003
459
2185
1442
1332
1318
1321
808
2145
1700
4985
1701
4087
1556
3980
3417
1467
4044
4954
3955
4813
4813
3356
2933
4003
4048
4003
4048
2397
1476
822
264
4983
2648
1517
1517
455
1457
826
2199
2299
797
3828
4816
3398
3399
3983
3000
3000
3000
2372
4806
3984
2641
4004
241
4014
4809
4017
4022
3353
4891
3955
4022
4024
3992
797
262
1411
3304
3887
3909
3223
3900
3229
3304
3898
3904
3889
3223
3878
3889
3890
3895
2645
1516
2203
1683
1339
240
824
4949
4924
3988
4958
4634
4634
3388
4634
4808
4056
3360
2652
3362
2652
2582
3315
3346
4916
2617
3294
2616
2622
2622
3859
2622
3859
310
2177
270
1669
575
2137
1702
2123
2122
644
1657
306
2158
2124
2123
2134
1662
810
1450
588
1597
633
2218
316
401
2207
2207
2207
1599
598
398
1589
1591
431
328
1583
329
1581
1581
323
2219
2219
1603
633
633
2101
535
2208
314
1573
2143
2125
318
328
1601
328
2097
2125
326
1612
375
1606
1649
1647
407
1643
2254
671
1642
1608
610
1617
368
1614
604
377
1631
371
1610
373
1614
608
1618
376
1604
378
424
389
612
611
384
382
2253
1645
386
1870
619
617
383
1651
616
1640
1729
1559
676
2240
1550
3328
3328
682
2182
1560
1557
673
682
682
397
2168
626
2179
4077
4084
4084
2092
580
4077
1702
1700
4269
4087
1567
2258
1681
432
1568
3977
4046
2684
259
2242
1695
464
1551
2241
1561
1567
1699
2935
4086
810
574
2430
2434
4902
2
46
126
2429
2430
3322
3203
1719
638
1869
1740
2082
1999
1998
1887
1890
2077
1894
1886
1989
1885
2082
1956
2080
1999
1999
1990
1987
1988
2052
1839
2059
1912
2047
1912
2041
2040
2047
1914
2042
2047
1914
2047
1805
2047
2057
1864
1914
2057
2057
2059
4998
2057
2051
2062
1825
2058
2008
2058
2058
1913
1908
2000
1908
2000
2043
1908
1912
1912
1914
1914
2047
1915
1915
2001
1805
2047
2003
2049
2047
2002
2052
2006
2003
2047
2003
2006
2057
1914
2057
2056
2056
2057
2056
2056
4998
2006
2011
2005
4998
1916
2057
2006
2059
2058
2058
2056
1821
2059
2058
2043
1821
1913
2000
1913
2046
1819
2046
2047
1855
1819
2051
2057
1809
1821
1825
2058
2058
1913
2000
2049
1909
2001
1914
2046
1915
1915
2049
1912
1812
2047
1914
2057
2006
1842
2005
2056
2056
1821
1974
1821
2005
1744
2076
1884
1894
1738
1739
1739
2263
1737
1741
1728
1891
2075
1736
2073
1991
1998
2267
1936
1956
1956
1970
1969
1996
2270
1890
2022
2022
2033
2021
1977
1977
1976
1977
1930
2000
2017
2017
2000
1976
1976
2003
2006
2006
2006
1974
2033
2033
2026
2272
1978
1978
1930
1977
1978
1933
1978
1929
1931
1933
1923
1929
1933
1937
1929
1936
1922
1922
1920
1922
1920
1922
1921
1922
1957
1957
1957
2033
2269
2023
1933
1978
1951
2266
2024
2266
2024
2024
2023
1966
1963
1961
1957
1959
1959
1963
1967
1930
1926
1975
1930
1931
1931
1923
1922
1920
1921
1921
1957
1959
1951
2266
1970
1971
1959
1960
1956
1922
1956
1922
1927
1927
1965
2000
2006
2011
2011
2007
2009
2010
1975
1975
1975
1975
1965
1965
1965
1931
1931
1975
1975
1966
1962
1952
1975
1923
1923
1923
1923
1919
1923
1920
1921
1921
1957
2015
2000
1912
1914
1915
1915
2006
2006
2006
2006
2006
2056
2006
2006
2006
2056
1911
1976
1974
1976
1918
1977
2009
2011
2014
2006
2006
2006
2011
2001
2017
2015
1987
1987
1989
1960
1990
1940
1938
1938
2080
1939
3358
4634
795
370
1634
3974
3974
1596
590
635
1671
1603
2252
668
601
599
599
2311
600
602
1671
4094
684
4897
4810
807
1603
598
1563
4985
4095
1699
1556
1598
2186
1599
2247
2194
2188
428
359
602
602
2188
1555
2387
2183
1560
1566
2388
1597
1599
2210
1670
1449
1708
603
4253
4253
4845
4253
4253
4047
268
268
2239
2239
2162
2159
1668
396
461
530
3328
3328
2198
267
676
531
798
3328
2215
645
2116
2178
1564
311
1584
1584
459
1577
414
366
336
364
1624
1874
3328
336
1618
2678
3139
2304
1428
825
1579
585
584
1457
589
1593
1595
2244
1574
535
328
346
374
381
396
584
673
674
1338
3982
537
2105
339
2129
2149
426
1627
377
1613
1636
823
3991
3400
3955
639
1331
1701
1483
1429
3960
4007
3398
277
2137
587
1680
316
401
2208
1588
1588
327
1652
1646
1621
1626
1876
385
623
623
1691
261
1892
1740
1987
1896
2078
1922
1928
1957
1922
1922
1958
1928
1957
1957
500
529
673
3996
2943
4024
4247
4821
4261
2659
2659
4093
4730
4945
4252
3050
2943
282
282
4866
4238
2979
4866
4943
4944
3401
4736
3852
3852
3852
449
3948
3865
3860
3866
4093
4635
3986
4083
3212
4736
4092
1663
2490
133
83
55
53
82
88
82
42
42
42
42
111
111
131
131
2967
2632
3403
3944
3944
3944
2659
3969
4947
2944
3037
4012
4012
2685
1414
2647
4960
3302
3991
3356
3851
4845
4766
2926
4811
4937
3053
3938
2927
2655
4943
2979
4943
3401
4943
3401
3041
4950
2962
3965
4924
4770
4960
3367
3851
3851
494
2397
4001
2933
2933
2933
2648
4048
4048
1522
2397
1483
1487
2228
4027
4956
2646
4970
4015
1486
3041
4945
3383
3037
4939
4939
4945
2632
2631
3870
2392
3971
4845
3337
307
4820
4820
4262
3337
4250
4820
875
2147
4088
2353
4086
4251
2660
4262
4713
3856
3157
3857
3857
4417
