2
143
39
8
11
94
813
812
12
103
812
143
72
2
136
119
58
811
77
181
187
24
187
779
120
143
2379
783
120
1450
262
2346
36
30
32
120
137
38
19
47
28
85
1560
68
93
143
17
119
165
149
187
25
181
134
4116
103
496
446
32
446
43
138
906
94
2531
2
130
143
143
2
39
144
95
784
30
181
181
181
24
24
24
779
1318
25
26
174
89
48
36
36
33
24
24
48
813
61
64
24
24
21
82
906
11
11
11
2
86
59
2765
68
109
68
68
16
1607
16
262
11
811
678
35
678
91
29
123
25
181
259
95
446
168
48
124
24
1602
24
39
43
32
4274
111
43
11
905
17
38
38
139
181
181
181
181
181
181
181
2378
2378
2378
30
181
181
181
181
181
2377
23
24
24
30
30
181
24
181
2378
2379
23
783
30
23
2378
2378
23
2378
2378
30
23
24
23
2377
2378
2378
2378
181
181
181
2378
2378
135
23
181
181
2410
2381
2402
869
869
2408
1522
1372
2449
1322
1468
767
767
1379
682
682
1742
1743
300
244
244
244
804
1352
200
2447
217
816
649
245
2218
1556
1509
1751
1483
2440
1527
1527
2357
2433
1482
448
1749
1600
644
252
245
2429
2425
1500
767
2419
253
206
229
1323
495
539
769
205
1744
1751
1721
257
221
221
1721
1558
2765
2251
1735
1614
284
283
1755
1733
685
471
2199
2199
308
2260
2939
2260
2260
1618
1622
226
1661
632
1659
2200
285
1634
2193
2186
1487
2468
1380
1718
4837
4837
2795
2795
2795
261
805
763
1659
1642
2202
1647
1632
395
397
2200
2216
2314
4165
1634
4795
1651
314
584
2274
319
593
334
335
320
595
323
660
347
2255
416
416
328
349
414
419
346
628
340
589
631
337
329
339
326
2253
597
399
2205
345
354
354
357
2206
1683
600
424
2259
355
356
359
1682
356
360
378
1686
1695
1666
2292
374
368
1714
1668
1669
381
404
609
1941
388
1950
1950
1949
1944
1946
1939
1942
1941
1943
1781
380
1949
3086
3021
3022
1648
394
396
527
397
530
351
1671
1698
404
405
1944
2241
637
408
330
327
629
343
591
2185
415
355
417
363
351
422
358
1681
606
1691
605
426
1458
1456
201
1502
230
1502
2363
1716
4785
4785
4755
2945
2324
1560
3127
515
619
267
310
745
2300
2353
1543
1739
1457
541
1642
283
1614
1489
1375
1528
1509
1509
441
574
275
2261
434
278
411
1640
2795
1637
1662
1638
2945
2427
253
1502
1502
2434
1353
2434
2434
869
244
885
2384
877
2450
561
1518
860
816
196
654
495
199
687
204
562
267
414
330
1453
786
655
2173
556
2427
1377
557
2400
4797
3087
4794
4790
4790
312
673
2798
2798
2798
2798
3087
3179
3179
1649
524
525
2184
396
528
332
333
2221
533
1694
1672
1707
1704
1948
733
1333
1334
550
545
745
1326
901
202
250
1355
2399
2399
645
1323
652
553
566
1522
540
547
2429
2428
649
1527
1458
565
209
2223
2448
196
454
427
548
227
1469
582
2233
2183
312
287
2258
2258
1469
4796
4836
4837
4796
2236
1740
584
4798
2309
2315
2315
315
322
2181
2178
347
628
410
411
630
325
353
1693
371
372
1675
1710
1678
1714
614
615
2257
1777
383
384
387
613
616
1945
3127
4790
2945
3179
3030
2211
2210
2193
1725
2225
409
499
327
631
1641
314
220
263
468
3127
686
2174
2174
2198
303
282
1503
2427
2427
1356
1513
205
207
769
550
769
869
566
577
730
1324
2227
1726
576
659
412
2286
2287
2288
418
2319
2291
1699
1936
3087
3086
2798
3087
3087
3179
2797
3021
4806
204
1507
460
1507
1348
869
621
282
473
472
2175
901
1592
244
1363
2386
736
693
737
750
1566
716
760
927
724
915
911
1410
1566
916
1565
742
909
1577
694
715
751
703
750
1565
740
757
731
909
715
755
493
719
731
750
1563
733
902
902
202
493
250
654
904
720
729
741
755
754
913
716
752
1562
712
902
750
1562
752
720
752
752
1563
495
720
752
493
714
917
755
698
1400
757
718
1572
718
1571
1432
698
546
741
1564
1568
750
752
752
752
734
750
752
752
1567
493
493
752
731
495
493
493
692
250
755
694
750
731
751
719
719
760
909
710
1374
2453
228
1524
1360
766
549
652
1349
1319
1360
1334
208
1344
1343
755
1415
718
1460
2379
2378
1454
2379
24
1454
127
783
782
2378
2377
181
181
491
2353
1559
2378
517
2378
2379
2379
23
30
181
2378
1758
1611
257
2212
2212
289
432
816
219
492
1603
55
1607
1554
447
1578
1464
827
873
489
2263
651
896
874
1540
1473
647
1468
1507
556
2392
1345
1343
1509
1344
2433
1509
1509
228
2392
2392
2434
1508
253
1502
1345
253
253
1353
1509
869
773
2399
244
232
1597
244
820
647
645
645
2387
2392
1502
232
1344
460
1355
2305
651
457
1537
2305
1553
1540
898
1509
861
503
869
869
651
773
773
485
824
503
547
869
2392
2392
2392
1506
248
2434
228
253
228
227
252
229
229
543
776
709
901
902
1562
813
103
738
738
712
919
1404
1395
1569
1564
720
752
1566
1566
1401
774
1448
1007
964
921
939
932
920
933
922
936
1439
1437
1445
1448
1437
926
937
1038
1417
1259
971
971
1275
1198
1015
1250
1250
1074
1075
1136
1039
1039
1295
1295
1077
1041
1250
962
1048
946
1015
1039
948
1298
1075
1074
1136
1136
1041
1038
1043
1156
1061
1075
1287
1136
1136
1043
995
1117
1279
1136
1136
1156
1279
1001
1071
1020
1235
1194
1074
1275
1061
945
1145
1027
1075
995
956
948
1302
1003
1038
985
964
1117
1252
1287
1061
971
1074
1048
1293
1074
1156
1107
1302
1061
1136
1111
1152
1126
1136
1073
1075
1061
1043
1075
956
985
1015
1295
1054
1038
1252
1292
1107
1181
1126
1061
1074
948
1295
1145
1060
1117
1156
1015
1003
1126
1073
1075
1075
1060
1130
1073
1060
1075
1074
1075
1060
1075
1075
1060
1075
1063
1075
1075
1130
1075
1075
1061
1061
1074
1061
1074
1061
1116
1121
1123
1061
1117
1123
1123
1127
1118
1112
1117
1123
1117
1070
1118
1130
1129
1118
1129
1156
1112
1073
1129
1130
1127
1128
1128
1129
1127
1129
1127
1112
1129
1127
1128
1130
1127
1127
1113
1128
1128
1113
1128
1061
1123
1061
1074
1126
1117
1123
1117
1117
1126
1094
1136
1136
1287
1117
1175
1103
1185
1117
1127
1118
1129
1129
1185
1178
1178
1128
1129
1129
1123
1127
1173
1182
1123
1123
1128
1127
1127
1127
1128
1127
1127
1127
1127
1127
1128
1127
1127
1127
1127
1128
1127
1127
1182
1128
1127
1117
1126
1117
1123
1181
1124
1175
1117
1126
1156
1187
1117
1117
1185
1185
1185
1181
1176
1185
1128
1117
1185
1156
1103
1185
1128
1128
1187
1128
1128
1127
1127
1128
1127
1128
1182
1113
1185
1127
1185
1129
1128
1127
1127
1117
1123
1156
1156
1185
1117
1253
1252
1253
1250
1252
1252
1252
1252
1252
1253
1252
1061
1074
1064
1253
1074
1253
1252
1064
1064
1074
1253
1064
1061
1074
1074
1252
1253
1253
1252
1061
1061
1256
1061
1061
1253
1064
945
1061
1156
1111
1136
1136
1136
1136
1103
1041
1156
1156
1136
1041
1076
1048
971
1252
1267
1292
1295
1250
1252
1250
1244
1298
1048
1295
942
951
1001
1039
1039
1257
971
16
292
783
2379
2379
30
1322
1323
542
1337
538
544
1334
1334
1334
1333
1333
545
1333
543
1319
1354
1320
730
1334
546
746
766
766
767
766
766
205
205
205
206
229
1335
553
652
682
229
205
1322
1332
207
2428
2429
2429
2428
1359
1354
1324
767
1365
1365
245
767
1325
280
1628
3012
210
1486
4982
203
1750
498
1749
453
2412
1590
1349
1349
1349
245
2425
207
2428
2429
2425
2428
1525
206
253
2431
564
1522
1521
1521
1521
2344
4118
507
752
752
752
760
694
917
708
756
707
1575
717
1564
716
752
752
750
750
749
1403
917
912
725
915
696
1405
706
747
1412
914
1408
697
1425
1406
692
723
754
1406
940
1435
1433
1431
1433
1428
1441
1444
1432
920
1436
935
1436
1445
920
920
964
923
939
1003
964
1448
925
934
2345
2406
2354
882
830
438
817
255
634
427
1745
2222
2299
447
2442
827
1538
2268
1536
450
903
445
1329
1353
2433
238
1482
1483
255
1486
1757
1752
1753
1756
2189
806
903
1462
822
896
1472
1523
1525
1525
1523
1523
456
225
1528
1528
1514
2441
817
1460
1460
1459
1375
1482
281
2302
1495
1533
1517
818
1331
1491
1491
1353
900
568
2302
1511
841
2248
821
822
1351
547
871
873
2268
1547
829
868
1467
1538
874
1465
2360
2360
2359
758
752
722
751
709
755
715
755
1568
734
910
750
750
1565
742
758
726
716
731
740
727
740
712
1473
1515
1542
1585
1772
448
1739
1617
4982
1628
2464
1583
1369
437
1378
1589
771
559
559
762
1520
1520
777
1358
1499
1358
230
556
2399
243
1502
1356
4112
4113
4115
1604
218
2444
1609
301
1313
4119
452
1610
1728
571
1611
2229
444
1624
271
272
2342
2342
1616
684
1620
2244
2323
1621
1627
1485
1636
1630
1631
1631
2273
2273
316
316
317
1638
4838
1638
585
314
1651
2274
1643
1660
319
1646
1646
524
1648
2190
1650
1652
1652
2312
4165
4797
4165
632
322
587
321
315
1660
313
1639
1663
1663
366
1709
1667
1703
1669
361
401
1705
1674
1708
610
2316
1701
607
607
667
370
1664
603
1679
400
1688
1689
370
1690
369
2318
1676
534
1676
1697
379
373
617
376
1713
378
1706
373
537
608
362
2257
2320
386
377
614
1715
1725
2225
4790
2226
641
2940
641
622
2210
2237
2234
1719
3023
1610
1610
1620
1613
276
435
2465
297
673
471
518
1626
258
570
1615
1614
2308
1490
2466
2350
299
2301
1490
1625
1612
298
270
433
1624
2307
4112
45
144
85
22
144
144
68
4112
1769
3021
4283
4982
1583
1782
1938
1776
1776
1778
1778
1795
1963
1795
1786
1789
1773
2158
1800
2155
1789
1790
2076
1955
1796
1955
2165
2158
1797
1798
1956
1786
1842
1863
1932
1840
1840
1911
1843
1840
1806
1837
1863
1918
1820
1859
1850
2123
1923
1878
1903
1869
1903
1909
1881
1881
1875
2142
1881
1833
1885
1884
1889
1908
1837
2152
2152
1910
1807
2152
1840
2121
1805
1843
1911
1814
1872
1814
1914
2152
1852
1850
2152
1843
1819
1868
2123
1878
1862
1929
1907
1862
1929
1904
1872
1867
1903
1929
1874
2127
1831
1886
1889
1882
1889
2143
1878
1832
2130
2130
1875
1885
1831
1931
1831
1831
2137
1904
1815
1932
1841
1808
1809
1809
1820
1820
1854
2149
1820
1901
1927
1927
1875
1832
1885
1831
1837
1842
1911
1913
2119
1860
1867
1862
1815
1850
1878
2122
1904
1826
2143
1885
1889
1875
1874
1885
1831
1933
1951
1952
1782
1798
1787
1939
1794
1940
1943
1780
1782
1784
2326
1934
1797
1935
2065
2065
1953
2077
2077
2157
2076
2066
2063
2066
2166
1953
1962
1977
1977
1965
2131
1969
2131
1986
1984
2047
2048
1977
1976
1978
1978
1980
2081
1982
1984
1985
1985
2086
2026
1975
1989
1998
1972
1992
1972
2047
2049
2090
1998
2051
2050
2047
2096
2095
2109
2005
2106
2007
2008
2008
2053
2011
2015
2058
2013
2015
2015
2013
2019
2019
2042
2019
2340
2023
2037
2079
1976
1998
2029
2035
2024
2033
2037
2035
2079
2034
2078
2038
2039
2040
2041
2334
2041
2045
2034
2036
2048
2047
2087
2088
2095
2052
2106
2106
2109
2012
2058
2013
2060
2340
2112
2031
2064
2032
2066
2044
2043
2043
2018
2019
2072
2075
2076
2016
2338
2006
2078
2078
2078
2083
2078
2086
2087
2086
2097
2050
2097
2097
2094
2097
2094
2079
2101
2096
2099
2107
2098
2100
2040
2112
2099
2111
2107
2106
2107
2054
2055
2115
2111
2055
2058
2060
2116
2014
2125
2121
2125
2121
2121
1982
2125
2121
2130
2130
2126
1982
2130
2130
2127
2130
2130
2084
1885
2130
1986
1986
1931
2131
2136
2131
1965
1862
2134
2152
2152
2118
2118
2121
2072
2070
2075
2155
2159
2069
2067
2007
2063
2007
2009
2160
2063
482
1561
2303
1687
421
2206
2194
2219
286
1629
2209
2177
2179
346
2181
2182
2217
590
2207
623
215
274
2183
2213
304
2202
2197
211
2218
1722
2215
1635
1644
2216
2208
338
2205
2205
2171
344
2208
337
266
273
2226
656
1754
309
318
622
266
415
2169
2214
1748
406
2224
497
622
1616
2306
4791
3020
3022
451
2343
407
642
639
639
3127
638
464
3021
3180
452
1623
640
2247
1495
2251
1622
2299
1655
348
2254
2256
2256
2325
4871
365
4755
4756
2262
1545
4792
4792
4790
4790
1481
4797
4797
4797
4165
2309
306
2272
1658
2275
1677
1700
4792
3020
256
4871
307
2284
2285
343
663
664
1696
367
2317
2321
1936
876
1540
248
1540
1544
1484
635
1529
1495
1321
903
1539
2249
2229
2307
2284
2309
4164
4164
4837
2313
3093
2252
1678
2277
1666
1684
1712
2330
2945
1616
1729
1940
2331
2154
2341
1794
2338
2332
2004
2337
2335
2012
2020
2011
2115
2116
2069
4790
4848
216
2382
1557
1741
1746
626
1455
2348
658
1732
2407
1550
879
291
2415
2405
1533
807
2419
428
771
1732
1738
2172
264
47
47
181
181
2379
181
181
181
181
2378
181
23
23
23
23
23
554
1363
244
869
2418
2452
245
1365
2434
2433
2433
1380
1466
2433
2433
1356
2427
2427
1358
1358
457
2434
300
201
1374
228
2434
827
1513
1467
1553
861
886
829
884
2412
428
2423
2425
2425
207
207
1521
2428
205
205
564
253
2431
253
2442
827
876
1523
565
565
455
1480
2446
2401
874
771
771
777
2411
1608
1529
2413
2414
884
553
682
1349
549
766
558
2425
880
885
553
688
1497
549
498
1371
2464
1627
2463
4970
1586
4982
1369
240
1492
1625
240
1588
4233
4983
1734
1731
4280
2592
2573
2594
2597
905
115
2476
3428
2479
3834
65
4273
2513
2484
2557
2522
40
100
2516
2618
41
2560
2504
2487
2527
2552
2503
3000
3840
3840
2534
2539
107
2585
2482
54
2607
3337
1759
2603
2515
2615
2491
2516
50
2529
2562
52
2530
3327
2598
3291
2623
2595
2621
2530
3327
113
130
2481
2592
114
114
63
2631
2678
2527
2524
2525
2514
2654
2524
2580
42
26
2566
2561
84
2605
2605
2606
2572
4897
2612
2629
2575
144
4897
144
82
2473
3330
2597
1607
107
2517
4281
110
2610
107
107
809
2532
2542
2557
2470
2613
21
132
2561
2606
82
2533
3309
2550
2494
2564
96
2577
2478
2523
2622
2611
3329
809
809
2547
2486
1760
2596
2633
2488
2491
2524
2527
2528
4900
4900
4899
2636
2528
2488
2488
4898
2559
2559
2559
2559
2688
2572
2661
2524
2639
2528
2528
4900
3301
2653
2636
2495
2636
4900
3301
4900
4900
3301
2653
2653
2572
2636
2647
2647
2495
2495
2528
2495
2488
3069
2528
2528
4900
2556
4899
2495
2495
2990
3332
2705
3401
3399
2718
4030
3997
4978
3260
3388
3015
3015
3996
2988
4255
3078
3189
3380
3380
2740
4002
4916
2716
2707
2714
3973
3015
3901
2724
3342
2964
4807
4041
3972
4036
3964
4988
4950
2782
4285
3386
3407
3880
3197
3879
3879
4968
3876
2725
3236
3260
3274
3049
4257
4066
4244
3077
3964
2997
4235
2755
2947
2973
3321
4153
2811
3013
4730
3028
2785
2808
4764
4756
4764
4765
4128
3885
4172
4171
4800
3096
4732
4156
4703
4727
4707
4877
2713
2795
4148
4838
3087
2795
4838
4255
2958
2786
4169
4146
4835
4141
2806
2898
2807
4718
4734
4840
2813
4143
4156
3092
2814
4161
2821
4154
4720
2833
3102
3137
3104
2835
3172
3100
2847
4779
2849
2860
2917
2901
4684
2839
2841
4812
2899
4725
2917
2918
2826
2825
4814
2900
2846
4685
2847
4780
2855
4737
2921
4206
4203
3107
4780
2856
2864
4199
2858
4200
4207
4193
4845
2865
4209
2867
2876
4211
4178
4179
4184
2882
3177
2886
2887
2891
2889
4294
2880
4462
4288
4819
4851
4292
4461
4461
4292
2889
4295
3021
3020
3021
4157
2896
2898
3036
3038
3040
3041
4196
4181
2905
2882
4296
3147
3147
2846
2850
2828
2841
3038
4697
4702
2859
4780
3174
2921
2921
3109
4199
2925
2869
4844
4186
4701
3072
3975
3359
2984
4888
3133
4234
4234
4764
4234
2944
2944
2952
2996
3127
3033
3080
2769
2783
2461
2697
4788
4246
4826
3050
2803
2803
4127
2754
3996
3972
3356
3081
3081
4765
4241
4241
4240
3171
4149
4148
4148
4148
2945
2692
3860
4012
2741
2981
4016
4961
4021
4962
3374
4977
3402
2990
2694
2694
3068
3964
1451
4883
3969
2999
3236
3239
3306
3228
2978
2946
2769
4721
4996
3967
2792
3866
4876
4931
4930
4098
3270
4796
3088
4794
4794
3033
2812
2796
2796
2974
2798
2798
2798
2975
3179
4708
4140
4140
3036
2915
2916
3099
4696
2902
3043
3044
3045
4217
3047
4465
3426
3854
3854
3053
3226
3248
3221
3227
3227
3085
3198
3845
2988
3190
3190
3049
3404
3014
3901
4011
4035
2704
3072
3886
2707
2693
3890
3997
3843
3861
4044
3090
4231
3132
2788
3032
2944
4764
2944
3873
4837
4837
4797
4797
4164
3999
4799
4161
3093
3092
4173
4152
2835
2838
4739
3173
2911
2839
3103
3104
3172
2824
2863
4845
4184
2874
4220
4187
4223
4222
3116
3123
3125
3124
4846
2878
2888
4451
4452
4463
3025
4790
3026
3179
3030
3007
4770
4237
3131
4742
2830
4778
2972
3039
4151
4150
3091
4137
2969
4690
4705
3146
4715
2802
3192
4931
3874
3271
3846
3058
3058
3853
3014
3406
3389
3345
3255
3005
4735
3179
2967
2908
4765
3145
3169
2836
2914
2843
2920
2921
2866
4843
4224
2906
2798
2795
3086
2797
3180
2975
3179
4790
4938
3064
2980
3056
3406
3129
2784
4690
3423
2739
3385
3056
3407
3207
3201
3931
3915
3435
3214
3201
3939
3254
3254
3251
3915
3200
3204
3906
3910
3918
3211
3216
3219
3212
3220
3906
3242
3914
3436
3429
4070
3216
3257
3257
3204
4073
4079
3219
3230
3266
3260
3213
3213
3213
3213
4071
3909
3222
3937
3250
3233
3913
4082
4081
3256
3434
4069
4080
3233
4078
3213
3258
3236
3236
3236
4074
3279
3211
3206
3252
3261
4070
3242
3263
3431
3946
3231
3222
3266
3922
4071
4084
3905
3913
3913
3905
4073
3218
3220
3905
4077
4080
3220
4080
4080
3235
3236
3935
3223
3436
3242
4073
4083
3431
3216
4084
3439
3439
3974
4957
4105
3190
3197
3190
3197
3054
3878
2959
3366
4070
3200
3222
3971
2488
3303
3285
2527
2653
2614
3293
2651
2495
2647
2495
2491
2491
2998
3963
2950
2756
3027
2527
2527
2636
2639
3312
2491
2524
4900
4995
4124
2794
4714
3134
4994
3966
3006
2485
2621
2621
2574
2619
4884
4064
4971
4042
3394
4008
4095
4966
4057
3358
3393
4046
3390
3388
4059
3350
3365
3364
3409
3412
3409
3356
2729
2727
3366
3415
3151
3365
3352
2982
4015
3364
3369
3384
3400
4681
3198
2740
3378
3345
4682
4682
3384
3360
3359
3363
3409
3076
3379
3404
2747
4024
3076
4063
3394
4823
3421
4973
4061
3400
3340
3399
3406
4941
4941
4057
3400
2711
3371
3414
4919
3414
3863
2750
3157
3847
3230
4081
3229
3279
3331
3427
3908
3215
4081
3928
3925
3433
3209
3912
3254
3920
3200
3437
3438
3440
3524
3959
3559
3956
3446
3447
3954
3961
3451
3442
3944
3528
3456
3456
3445
3457
3961
3452
3475
3815
3498
3563
3511
3518
3475
3825
3825
3613
3490
3667
3729
3690
3825
3518
3521
3504
3548
3537
3465
3475
3481
3541
3568
3561
3465
3667
3679
3563
3800
3479
3543
3464
3693
3679
3804
3729
3479
3800
3521
3754
3479
3491
3733
3729
3828
3829
3470
3828
3508
3563
3690
3498
3670
3797
3797
3519
3537
3613
3561
3510
3476
3525
3957
3484
3524
3524
3721
3561
3472
3667
3724
3799
3813
3667
3670
3693
3613
3613
3799
3681
3670
3679
3729
3613
3641
3694
3724
3508
3694
3503
3613
3503
3521
3483
3483
3815
3662
3748
3667
3799
3646
3532
3481
3561
3509
3629
3754
3942
3483
3825
3734
3613
3623
3642
3641
3641
3632
3694
3638
3638
3651
3550
3574
3641
3623
3638
3643
3638
3643
3799
3630
3662
3799
3630
3665
3689
3633
3670
3693
3694
3670
3694
3693
3670
3760
3682
3760
3651
3678
3685
3678
3693
3710
3702
3708
3707
3717
3694
3689
3670
3710
3708
3708
3651
3708
3698
3698
3698
3715
3644
3639
3651
3708
3698
3643
3650
3698
3715
3644
3644
3644
3714
3714
3685
3690
3617
3694
3737
3670
3690
3679
3679
3693
3670
3563
3563
3707
3748
3678
3670
3676
3687
3696
3760
3707
3687
3751
3690
3675
3707
3639
3713
3708
3707
3696
3693
3760
3690
3708
3751
3708
3714
3698
3696
3651
3696
3708
3696
3714
3708
3698
3714
3696
3715
3698
3644
3708
3644
3712
3714
3679
3685
3670
3694
3745
3718
3746
3681
3690
3760
3744
3679
3744
3751
3748
3687
3748
3748
3759
3708
3746
3696
3754
3746
3760
3752
3752
3752
3752
3759
3758
3708
3698
3707
3696
3696
3760
3708
3760
3708
3752
3693
3681
3685
3690
3754
3746
3813
3561
3561
3815
3561
3817
3561
3561
3787
3815
3815
3787
3781
3561
3787
3561
3488
3787
3767
3598
3787
3567
3488
3666
3815
3815
3813
3488
3488
3488
3488
3488
3509
3718
3733
3681
3722
3766
3800
3489
3681
3754
3670
3748
3543
3490
3512
3464
3797
3815
3537
3816
3561
3769
3511
3503
3481
3825
3825
3825
3503
3804
3506
3470
3523
3561
2593
114
2649
2653
2561
2496
3838
3001
3053
3005
3161
3238
3226
3853
3053
3053
3253
3225
3842
3842
3842
3255
3054
2700
3258
3058
3867
3880
3065
3274
3274
3846
3406
3374
3196
3196
3156
3049
3842
3048
2743
2743
3880
3845
3061
3158
2931
3375
3382
3197
3015
3856
4774
4090
3999
4713
4259
4090
2753
4138
2957
4986
4265
3018
4886
3898
3901
4952
4011
4952
2702
4957
4957
3064
3071
3070
2703
4098
4874
2793
3913
3913
3214
3208
3280
3261
3917
3210
3923
3209
3913
3912
3912
3905
3905
3436
3437
3940
3931
3936
3933
3927
3935
3199
3201
3927
3930
3206
3945
3941
3450
3207
3460
3232
3452
3460
3232
3455
3455
3941
3960
3460
3946
3447
3445
3949
3445
3440
3440
3954
3528
3527
3445
3527
3443
3960
3961
3956
2697
4064
4882
2992
2991
4882
3978
2753
4825
3888
4825
3142
4094
2942
3334
2951
4060
3394
3155
3982
3052
2948
3849
3863
4021
4022
4793
2782
4807
4260
4774
3998
3320
2757
4271
4124
3852
4095
4004
4973
3154
4054
4033
2960
2722
2723
3994
4789
4049
4005
3334
3970
3975
3996
3891
4826
2953
4053
4829
2996
4887
3844
3857
3982
4043
3390
3883
4043
4096
4039
4823
4007
4936
2293
4004
3985
3983
4057
2701
3980
4060
4052
3378
4059
3980
4948
3979
4065
3333
2763
4068
3202
3430
4069
4084
4077
3220
3914
4083
3431
4081
3264
3905
3220
3204
4082
3914
3430
3434
3202
3211
3217
3242
3215
4050
4086
4787
2459
1584
4093
4991
4091
2462
1586
4982
2455
2464
4986
4089
2461
3902
3066
4951
3277
3282
4099
2931
4947
4099
3386
4934
4107
4109
2619
4113
3327
2531
1769
3903
2994
2457
2712
3017
2955
4773
4747
4133
4125
4129
4133
4134
3150
3129
2766
4245
4130
3150
4123
4769
4134
4136
4272
2804
4699
4158
4835
2897
2806
2806
4144
4734
2818
4838
4839
4838
4839
4839
3169
4168
4801
4155
2834
4159
3034
4141
3035
3034
2929
3169
3092
4144
4144
4165
4798
4165
3140
2823
4776
2816
2820
2815
4839
2815
4150
4208
3176
2868
4213
2862
2861
4208
2905
3115
4218
4219
3111
4185
4803
3114
4843
2871
2869
2904
3175
2864
2903
3109
2872
4201
2926
3112
2928
4182
4194
4816
2891
2889
4847
2883
2875
2877
2878
2905
4847
2907
4207
3047
4210
3118
4846
3120
3122
2881
4236
3145
3023
4790
2945
4754
2944
2966
2966
4758
4744
4710
2945
2945
3194
3145
3023
4791
4767
4768
2781
2970
4743
3166
4892
2974
2975
4254
4895
4132
4270
4894
2767
4137
4704
4688
4713
4091
4091
4895
2762
2799
3323
4878
4833
4135
14
2597
2590
52
130
144
2531
2574
3968
3023
4982
2455
4299
4672
4456
4305
4458
4291
4679
4480
4453
4310
4298
4855
4587
4587
4301
4854
4303
4670
4852
4473
4679
4679
4586
4672
4854
4304
4673
4330
4335
4397
4322
4323
4322
4323
4322
4322
4431
4414
4431
4317
4384
4386
4359
4335
4641
4641
4651
4644
4397
4387
4398
4650
4650
4398
4650
4650
4650
4566
4399
4399
4652
4321
4635
4634
4321
4321
4635
4322
4634
4379
4634
4641
4441
4641
4441
4641
4664
4634
4420
4372
4635
4330
4641
4641
4387
4643
4501
4639
4317
4657
4397
4644
4644
4502
4387
4387
4398
4603
4502
4502
4650
4502
4497
4349
4650
4397
4502
4602
4501
4604
4491
4566
4399
4653
4604
4422
4321
4652
4321
4323
4431
4322
4387
4387
4330
4330
4414
4397
4643
4422
4397
4650
4650
4488
4603
4497
4321
4634
4635
4431
4635
4665
4317
4641
4641
4643
4431
4372
4387
4643
4422
4424
4502
4349
4491
4497
4650
4565
4566
4652
4674
4468
4674
4287
4302
4854
4289
4853
4458
4679
4291
4299
4297
4299
4310
4452
4466
4585
4585
4585
4473
4593
4857
4670
4563
4584
4477
4680
4479
4481
4639
4494
4556
4556
4553
4607
4607
4613
4613
4517
4639
4639
4639
4610
4613
4610
4607
4610
4607
4607
4613
4556
4556
4545
4615
4615
4570
4570
4570
4570
4520
4525
4569
4520
4571
4522
4521
4858
4860
4522
4525
4522
4860
4860
4529
4533
4533
4532
4536
4592
4535
4592
4537
4539
4538
4540
4556
4556
4556
4519
4524
4564
4553
4553
4557
4554
4556
4617
4611
4639
4609
4619
4580
4559
4560
4562
4580
4618
4618
4570
4614
4623
4522
4573
4858
4529
4858
4533
4530
4540
4577
4578
4627
4583
4564
4583
4562
4562
4561
4588
4864
4588
4588
4590
4671
4475
4860
4612
4607
4607
4617
4616
4614
4621
4621
4572
4621
4625
4621
4620
4620
4617
4617
4624
4572
4620
4632
4619
4627
4632
4632
4628
4573
4575
4574
4628
4632
4529
4530
4540
4531
4530
4639
4639
4639
4635
4643
4639
4639
4499
4600
4602
4501
4602
4604
4602
4607
4607
4604
4567
4567
4567
4567
4604
4566
4602
4497
4501
4634
4501
4493
4556
4485
4667
4634
4495
4589
4671
4589
4591
4587
4586
4675
4583
4865
4595
4678
4677
3408
4683
4197
4204
2922
4686
2717
2776
4691
4694
3163
4693
4684
3042
4695
2837
3097
4698
2846
4695
4727
2775
4700
2706
4694
4719
3148
4269
4706
4268
4145
2809
2817
4147
4726
2910
2911
4738
4687
2844
2845
3101
4729
2957
2774
4230
2768
4717
4720
4745
4268
2772
2923
4197
4736
3886
3145
4759
4759
4758
3008
4832
4126
3022
4792
3023
4790
2956
2966
2966
3149
4759
4705
4790
3025
2966
3180
3021
4120
3191
4771
3148
1607
4773
2783
4094
3140
4777
2848
2854
2927
4290
2944
4202
4234
2966
2944
2293
4918
2941
4792
3026
4797
2813
4795
2813
4794
4797
4163
2805
2805
4799
4841
3105
4802
4221
4794
3025
4792
2952
4793
4162
3170
4812
2843
2831
4815
4206
4817
4209
4454
2724
3336
4045
2732
3395
3869
2952
4131
2953
4026
3422
3851
3850
2947
4849
4131
4142
4162
4164
4164
4798
3093
3093
3095
4167
3119
4209
4186
2884
2885
2944
2944
4834
4851
4300
4857
4300
4673
4289
4855
4475
4860
4860
4539
4579
4863
4861
4860
4631
4633
4864
3025
3080
3025
4879
4937
4875
3887
4711
3143
4879
4225
3135
4923
4878
4939
4885
4980
2168
4027
4893
4889
2951
4969
2780
4240
4712
3079
2245
2520
2520
2491
2529
2488
2524
2495
2488
2488
2495
2524
2488
2639
2653
2653
2636
2647
2713
2989
3372
2696
4933
3896
3196
3382
4008
4962
4962
3992
4062
4971
3992
4953
4953
3380
3271
3415
4961
4958
2698
3971
2980
4935
4085
3346
3398
4939
3398
4941
4061
3903
4979
4945
4952
2703
4952
4032
2960
3064
4957
4820
4037
4005
2959
2752
2752
4828
4049
4025
4967
3277
2930
3895
4942
4038
2699
3902
3401
2988
4928
3196
3197
4945
4977
4915
4928
3062
2710
4945
3888
4991
2464
4991
4990
4982
1586
2455
2459
4986
2458
1608
1581
2460
1587
808
4262
4253
4247
2123
3021
2892
3182
1843
1843
3021
3021
3180
