2375
2349
2374
2374
2356
2377
2356
4934
2480
4933
2372
2411
2348
2375
2376
2349
4932
2341
2397
2371
2376
2442
2396
2334
2333
106
117
2348
2442
106
2435
140
3
848
102
68
2426
68
2377
2377
2375
2371
2367
96
13
2350
2376
2376
2371
2448
2422
96
2422
2442
117
2442
20
2484
3238
2393
2337
136
67
146
2462
2356
2356
2375
2378
2372
2372
4933
2375
2377
2377
2348
4180
4179
1681
2431
2431
2370
2332
3699
2463
117
2442
20
20
42
1683
20
2370
66
103
26
2428
2341
2344
2372
2451
2451
2377
2344
2377
48
2356
2374
4942
2356
2377
2377
20
2267
92
2350
123
2356
2350
2377
2356
2374
3
2356
4935
2366
2418
136
2367
42
14
43
48
2462
45
2371
2371
2348
1683
2377
44
2331
4933
2464
2356
3
156
2416
141
2356
2356
2348
2355
2377
2348
2375
2375
2431
2431
2431
2431
2431
2343
4181
2391
2364
2364
2431
4175
2431
2370
2433
2433
2433
2433
2343
2332
2332
4179
2434
2332
4181
4181
4175
4175
2395
2395
2364
2434
2434
2433
2391
2391
2391
2434
2391
2391
2364
2428
2331
2390
2364
2364
2364
2364
2433
4181
4181
2433
2431
2431
4181
2364
2343
2364
4181
2433
4182
4183
3740
2284
52
262
1297
2597
504
2282
4978
4910
3074
2284
2284
3733
464
2537
4952
4950
2386
2284
52
227
500
2330
463
853
593
2309
2299
1306
52
808
808
808
808
1330
2303
1330
1428
2298
2316
2298
2299
2287
2287
808
93
808
808
787
1405
1405
1405
209
2597
2596
23
3091
2427
4652
114
129
4160
2264
205
3730
4171
4929
2558
4704
840
4712
3255
2950
3933
3933
3933
3933
4158
1660
2084
592
2254
243
3256
4712
2602
4882
4882
3828
3828
2888
4969
2951
535
655
535
535
1638
1638
535
3730
3919
4171
4670
4143
4724
3923
2573
3255
4710
4710
4150
4845
605
392
392
2952
4690
4725
4742
3054
4145
3056
1657
4773
2619
3144
3080
3080
4654
2577
3081
2864
2604
4687
4735
4732
2902
3081
3080
3080
3080
2953
4779
2587
4709
2569
3144
3144
2578
2575
3993
3948
2907
2907
2578
2589
2591
2614
2589
2575
2973
2628
3948
3948
4683
2759
3027
4681
4713
3966
3999
2647
4048
4115
2607
2607
2733
4132
4053
2732
2974
3006
4033
4028
2607
2736
2733
2736
2736
4999
2568
2568
2568
2568
4844
4844
3920
4776
4776
4747
4748
2757
3042
2731
4798
4753
3927
3253
3253
4158
3081
4687
4735
2840
2902
3083
2577
2589
2578
2619
4781
3983
3998
2614
4683
2614
4659
2908
4733
3746
1332
2261
1327
4166
4159
4158
3933
4838
4158
4158
4158
1428
31
4168
3938
3938
4171
3831
2264
1423
99
1451
2117
1421
482
4929
4928
1318
524
2282
1330
806
2282
2287
808
808
500
3933
4173
3933
3933
3927
3933
3933
2841
467
660
2254
2251
660
4168
4158
808
808
808
1328
1306
1306
523
808
2284
3917
1676
4174
2882
2943
1391
1676
2453
2345
841
1492
1495
2441
3831
2576
4678
2439
2852
4162
2888
2261
2825
2531
1313
4930
4930
2568
2847
4930
4845
4173
840
467
467
467
840
660
467
840
840
840
3921
4140
4731
4733
2850
4731
2850
2843
2618
2618
3962
2626
4108
4796
4022
907
1298
228
1298
482
1304
1304
1298
1298
805
1327
1297
2299
1330
1330
2299
1405
1405
805
2309
2299
2299
1486
2830
2872
2538
262
262
581
866
903
488
2283
1303
4676
2596
3828
4159
4173
3932
3933
4158
4930
4151
2847
535
4151
655
4653
4923
392
392
1652
3076
4660
2263
2887
2850
2619
4741
4735
3094
2858
2579
2619
2907
3969
3965
3999
2768
3974
2908
4662
4662
2731
2732
4036
2926
2909
2909
2733
2605
4021
2926
3938
2568
3938
840
840
840
3830
2565
3828
3927
3927
3927
3927
4159
4686
4735
2840
4776
492
1652
2330
199
4158
4169
4169
3924
2561
4170
2950
3829
2264
2287
2287
2287
903
228
2300
2300
2300
581
2299
1306
787
581
2535
840
4999
3927
2766
3130
4778
4781
4780
4780
2760
2748
2927
2974
4930
260
4930
4930
2568
535
660
840
467
4999
4999
3332
4174
2261
2314
2299
1673
1673
2254
3924
3925
1304
2309
2309
2316
2316
795
1350
1365
1472
780
923
1345
795
1350
1345
1345
1351
1351
780
780
781
781
759
781
792
1465
1472
911
477
759
792
1304
787
787
759
1304
1349
776
795
780
1472
911
754
754
792
773
787
773
1349
759
1349
1345
916
759
781
477
790
795
744
1345
477
1336
787
790
1465
759
1304
759
787
744
776
787
781
759
759
1462
780
1472
3919
2309
2316
228
1329
1329
1330
2299
1298
228
1298
2314
2316
759
744
759
3919
2433
4181
2382
4175
2390
2392
2334
2421
3739
2433
2433
2431
2431
2382
912
17
840
840
4175
4175
4175
2463
2391
2431
4175
1319
819
4165
4689
2958
2851
2851
2417
2440
2393
2415
2411
2401
2356
132
2296
897
522
913
218
1421
488
904
594
227
598
522
904
805
93
2287
1328
591
1328
1328
1328
808
808
864
886
2314
2314
500
500
523
808
523
464
2287
808
808
500
808
1327
1327
1327
1327
1327
1327
1327
1327
805
805
1327
1327
1327
1327
1327
2298
2298
589
589
1303
1440
903
805
845
684
1404
904
904
1494
210
2312
2284
2312
4184
1286
805
1327
1327
1327
1328
500
808
808
808
808
501
808
1405
1405
873
1405
482
1304
1465
1417
773
773
4933
2404
1472
781
1472
767
916
780
780
780
1345
1351
781
781
941
940
1372
1380
1369
1369
736
785
1369
741
785
1373
941
943
1369
1358
784
764
764
1369
764
953
953
974
988
992
1036
1036
963
1384
1012
988
992
961
1036
1036
963
992
953
975
975
929
1384
1379
1034
992
1257
1278
988
992
992
1254
992
990
974
1254
992
992
1012
964
1262
992
1280
992
992
988
992
992
1384
1008
992
945
945
1257
1384
953
953
1036
1004
937
953
937
929
928
1380
1380
928
929
990
1034
992
1254
974
1257
1012
1008
1259
974
990
990
1380
961
1012
1012
974
1012
1012
992
964
1257
1259
1012
975
1254
992
1261
1369
966
1384
1384
953
1012
990
1278
1254
1012
974
929
1034
1280
1012
990
764
974
990
993
964
964
964
1002
1002
964
964
964
1002
964
1002
1002
964
1002
964
1002
964
1002
1002
1002
1002
1254
1279
1257
1012
1278
1254
1278
1257
974
1220
1278
1259
990
1024
1012
1012
1012
1012
945
1220
1266
974
945
1024
1279
989
1012
945
1220
945
1220
1220
980
1222
1012
980
1254
1279
1012
945
1222
945
1282
945
1218
1223
945
1266
1283
1235
1218
1218
1234
1218
1266
945
945
1220
1222
1283
1219
1240
1222
1283
1222
1012
1012
1012
1012
1278
993
1012
1012
1012
1012
1012
1220
1012
1012
1033
1033
990
993
993
987
993
993
980
987
993
1248
1012
1220
1012
993
990
987
989
990
1012
993
987
993
989
993
1248
993
1248
993
1259
1132
1220
1030
1220
1220
1266
1266
1220
1024
1220
989
1012
1220
1220
1267
1030
1030
1220
1268
993
990
990
990
1012
1012
993
990
993
990
993
990
990
990
990
990
1248
993
993
993
990
992
993
993
990
1248
993
990
992
990
993
990
990
993
993
990
1248
993
993
1248
1248
993
993
993
993
1248
996
993
993
990
993
1248
993
993
993
1132
996
1248
993
990
990
990
992
990
993
990
990
953
974
1277
1032
970
1034
1034
1032
1032
970
974
1032
1032
1032
1032
1032
964
1032
964
1032
1032
1032
1032
964
970
970
974
1032
1032
1032
1032
1032
964
1261
992
1012
990
992
990
992
992
992
992
1248
992
992
992
992
992
1254
1277
953
953
1280
966
953
1280
992
992
929
975
1037
992
992
992
1384
929
953
953
2377
2375
4980
2434
2465
4175
4175
2391
4175
1297
1297
482
1297
582
1298
477
1298
1298
1405
909
909
1298
228
228
1297
582
907
1298
1304
1305
1329
228
1421
2300
501
2283
808
1405
482
581
2299
2299
2314
2299
501
1405
1405
1405
1297
582
2300
808
1329
1297
1306
1306
1297
2299
2299
2299
2287
2299
482
2317
1396
2603
4923
2116
1396
2890
803
2890
1428
524
3740
3915
4978
2297
1486
1332
2310
3905
2532
780
780
781
781
781
1473
780
780
780
780
780
781
781
781
1336
780
1345
1344
1351
780
1351
1351
916
1351
744
795
776
1345
744
1344
744
1346
776
1344
1346
744
1362
785
785
1360
764
784
1362
764
764
1369
764
1379
1049
1373
1380
1384
1369
936
1372
1370
1374
1380
1676
1387
3912
3260
1676
844
2890
806
2830
2281
2895
1422
1447
898
874
598
598
582
909
909
866
866
866
903
903
903
808
808
808
2303
2303
806
463
803
2281
2247
2256
2256
2958
2256
1318
2084
482
2283
872
904
904
1307
856
1486
1486
2309
2309
2309
2299
1331
1329
228
2299
2300
2300
1329
2300
501
2300
2283
501
903
1489
733
849
1333
1333
2282
463
1330
806
1330
2303
1330
2283
873
2195
515
55
1437
909
522
904
1417
2302
2283
904
1417
1307
1406
488
1417
1437
2244
196
93
897
522
594
211
1494
898
516
845
91
722
31
790
754
790
1465
759
790
759
1465
1472
780
1465
790
790
1472
1472
767
1465
227
488
2291
1429
486
2117
269
269
1393
1429
2304
1425
2310
3745
2299
2299
2314
2314
2314
1328
1328
1328
1328
2299
2299
2346
2510
2373
2399
2356
3904
3259
4956
4948
2347
3829
4160
2571
3091
1414
819
819
466
4995
1414
2250
1673
1673
1415
261
2250
466
2264
2264
242
208
2082
2116
2563
2563
4724
2573
3931
2572
4690
4142
392
535
688
1638
604
2147
3256
2594
4670
4675
4149
2573
4728
3921
4140
2133
655
655
4150
2329
1653
4154
3055
4670
2593
3054
2251
660
492
1654
3042
3027
4681
3966
4713
2973
2745
2745
4797
2972
3027
2768
3974
4681
4662
3941
2746
2614
2760
2768
4683
3993
3965
3998
3965
2591
2589
4683
2908
3962
2768
3047
4132
3043
4109
2927
4662
4696
4696
4796
4109
4048
4108
2972
2927
4115
2909
4028
2607
4662
4034
3927
4168
2951
4911
3933
3933
3933
4653
4704
3254
3253
3253
4168
3927
3933
3933
4999
4911
466
2248
2259
2089
3933
3927
3927
3827
4838
840
840
4838
2090
521
2544
4688
4164
1319
1396
4985
4708
2890
1322
2090
4165
4652
4689
2958
3734
521
205
2378
77
2377
20
2367
2377
2377
2378
4947
116
3316
4168
269
1393
2992
2646
2643
3005
2924
4060
4077
2812
2735
4765
2808
2808
2860
2703
2860
2808
2808
2808
2808
2808
2809
2809
4077
2811
4082
2808
3063
2808
2691
4703
2691
2791
2791
2791
2791
4703
4703
2791
2791
2691
2691
2791
2791
2791
2791
2791
2791
2791
2791
2791
2791
2691
4700
2691
2791
2691
2791
2691
2696
2696
2691
2691
4703
2791
2791
4700
4703
2791
2791
4703
4703
2791
4703
4701
2691
2691
2791
2791
2791
2791
4703
2791
2791
4703
4703
4703
2691
2691
2791
2691
2791
2791
2791
2691
2791
2791
4701
2791
2791
2791
2791
2691
2691
2691
2691
2791
2691
2691
4700
2691
2691
2691
4702
2696
2696
2691
2691
4700
2691
4703
2691
4703
2791
2791
2791
4701
2791
4703
2791
2791
2691
2691
2691
2791
2691
2691
2691
4703
4701
2791
4703
4703
2791
2791
2791
2791
2791
2791
2791
4703
2691
2791
2791
2691
2791
4700
2691
4700
2791
2691
2696
4084
4793
2814
2644
2860
2860
2923
3005
3007
2735
4060
4790
3006
2643
4790
2814
2814
4079
4083
2720
2720
2809
2809
2808
3063
4068
4760
2708
2708
2811
4059
2889
2889
2889
2889
2696
2889
2696
2696
2696
4702
4702
3059
2889
3059
3059
2692
4702
2791
4663
2691
4700
4663
2691
2706
2805
2706
2889
2696
2696
2712
2696
2696
2712
2706
2706
2712
4719
2712
2810
4719
2810
2810
2710
2710
2810
2810
4090
4815
4815
4087
2651
4815
4815
4815
4815
2998
2998
2998
4087
2651
2695
2889
2889
2706
2706
2706
2706
2706
4078
2707
2676
2695
2658
3059
2676
2676
2656
2694
2684
4760
2656
4078
4078
2692
4702
2712
4719
2985
2711
2810
3110
4074
2651
2651
2651
2651
2651
2694
2676
2708
4078
2656
4760
4760
2703
2685
2998
3063
4815
3063
4815
4815
2809
3059
2889
3059
2791
2696
2659
4664
4701
4664
2696
4719
2696
4665
2659
2659
2659
3059
2985
4719
2918
2985
2985
2985
2985
2676
2985
2985
2985
2985
2810
2651
2985
2985
2985
2651
2651
3001
2985
2651
2791
2791
4703
2791
2791
2791
4701
2791
2691
2791
2791
2791
2791
2691
2691
2691
4703
2691
4700
2691
2691
2696
2696
2696
2696
2696
2696
2696
2791
4700
4700
2791
2791
2889
2791
2791
3063
3063
3063
3063
2808
2680
4769
2810
2710
2708
2810
2809
2810
2708
1327
200
1392
2588
2588
2588
4722
2888
2561
3924
2563
2565
4139
4709
2604
2843
2887
2565
2887
2843
2843
2565
3254
2851
4721
4139
2560
4724
3254
2958
2958
4688
3255
2950
4712
4710
4725
4725
4686
3081
4709
2588
3081
4725
4170
2830
3831
2535
4718
3810
2602
4675
2535
3733
4718
2575
3998
4957
4923
3253
3927
3253
2951
3830
4999
2571
1415
2259
2568
4168
4999
2568
3829
3938
3933
3933
3933
4680
3254
3254
4158
2568
3253
3927
3933
4999
4999
4999
4999
4995
242
1660
4170
4170
903
733
4161
4172
592
3257
4153
3077
4658
4658
3006
4158
4737
4659
4158
4158
4158
4160
2303
806
2847
3938
3938
2303
1421
2847
2847
3931
535
3051
4912
4137
4681
2909
2568
4168
2568
2568
4158
903
2903
2835
3130
2957
4781
4780
3948
2928
2747
3956
894
861
227
903
904
590
811
1428
501
1421
587
1437
909
522
1414
1415
261
2904
3133
535
535
535
4918
4155
3974
3042
4682
2928
2909
4033
4158
4158
2248
199
2924
3064
2808
3063
2923
2643
2808
3110
4090
2694
2680
3107
2984
2810
2651
2985
3063
2248
3938
3938
3938
2541
93
4166
4957
2583
2246
3732
3827
3927
3927
1676
3914
3918
3915
844
4949
849
845
4966
3827
3933
4158
4722
2107
2063
2349
2370
2370
2431
2442
2433
2433
4181
2431
2433
2428
2331
2395
2428
2428
2428
4988
3917
4926
2537
899
2287
1306
808
808
93
1451
1306
1495
2297
2261
2309
2299
2531
501
2316
2314
93
590
488
93
93
1495
1500
210
4966
3915
2297
2297
2261
2261
898
808
501
808
733
1486
1333
2309
1330
1331
2309
2299
1330
593
1329
1329
2303
1421
1421
2300
873
871
869
872
844
3745
3904
587
868
874
4952
210
2284
4978
3917
4988
3745
4949
1322
3734
4982
203
203
2305
3905
2305
1424
4158
3808
3939
4958
2379
2407
2406
2405
2405
2405
2405
2360
2472
3704
2398
2406
2379
2379
2410
2444
2430
2410
2445
2445
97
2430
2430
80
49
2407
2445
80
104
82
2458
25
84
2437
118
2405
2378
2450
2407
97
49
2432
2379
2445
2445
2408
2444
120
2445
2445
97
97
80
97
3248
2405
2363
2384
32
4177
2449
2405
2356
2378
2378
2409
2429
2407
2407
2378
2378
2407
40
1679
120
120
2408
2452
2414
120
80
49
39
48
49
80
50
78
82
40
50
2452
1679
2406
2354
2429
2377
2408
2408
2423
97
2353
4937
2405
2405
2406
2378
145
2432
2379
4935
2378
2378
2353
2409
2429
4935
2363
2368
87
2379
27
50
47
48
2357
134
2445
2430
82
2408
43
2452
2443
2354
2363
2271
3701
2405
2405
2405
2450
2407
2406
2407
822
81
120
120
120
120
120
120
40
40
81
120
120
120
120
120
81
81
1679
81
1679
1679
2452
1679
1679
1679
81
1679
81
80
81
81
40
81
1679
81
81
40
81
40
40
40
1679
1679
81
81
81
81
81
81
81
81
120
120
120
81
40
81
1679
81
81
2878
3315
3304
2941
2939
3276
2853
3285
2167
3325
2848
3843
4186
4972
3325
3325
2226
3856
3843
2829
4963
2546
1687
3864
3819
3857
4648
4975
3273
1418
3834
1431
1430
3325
3325
3325
3309
3819
3326
3903
673
3270
1509
1416
3270
2547
2199
2564
2369
235
267
2108
1667
2122
3900
3252
1518
2077
2204
2225
2123
4168
4168
4168
4168
462
2326
263
2106
2127
2134
1508
1515
1651
1510
2324
2324
3735
3844
2199
259
2066
658
259
2199
3813
1649
2122
728
254
719
717
4423
2203
1504
2151
2127
1651
1651
827
2136
2136
1502
476
2218
2161
255
1546
256
678
301
661
519
337
630
312
662
461
556
440
1547
621
2085
622
306
1583
1583
302
1534
1564
339
309
453
629
313
312
348
2069
432
2097
444
358
2145
356
1618
2145
2145
1637
645
2100
351
365
637
359
1590
1599
2219
1598
640
644
370
1625
384
383
2146
1691
1712
1969
389
389
1848
1848
1694
386
2239
1859
2229
2239
2265
239
2265
2265
2265
496
495
4474
4501
4502
4550
624
2071
1611
576
1840
380
1854
239
1669
338
634
326
1548
2067
4572
4543
312
336
2098
2074
627
1609
1606
364
365
2221
350
1613
1540
4973
3325
3325
3325
3252
1479
4158
4168
4158
4168
2152
1685
4168
4999
2265
1514
235
3327
1475
2554
3817
1395
2826
3819
2125
1503
673
3903
4975
3852
2265
2265
4996
4168
4996
2095
2111
2066
2066
4168
4168
2385
3819
3852
3858
3859
2939
2939
3325
3321
4963
3863
3313
3313
3872
4961
3319
2879
3231
3326
2437
3326
2384
2205
1317
326
3808
2362
3826
3707
3731
3325
3226
3836
3853
2119
2265
4930
3937
2265
1651
3937
2077
1671
263
602
602
2077
2077
2077
1510
1651
1656
253
4501
4586
4902
4506
665
556
566
2072
2115
425
1629
427
1839
3330
3326
3326
3327
3330
3326
3329
3712
2932
3326
3819
3707
2549
3834
3838
3838
2936
4919
2845
3707
3893
3818
1509
1688
1479
2265
2265
4168
4168
3818
2119
2119
658
532
1675
1509
676
2129
656
517
483
1587
1586
4547
2110
2218
1546
1533
2093
300
2099
444
424
368
1614
642
1614
1633
2165
1715
1852
650
387
369
643
386
1693
1964
2230
1697
4999
4999
4999
1673
2077
1512
2324
2324
4996
4996
1580
1547
287
4506
2121
2838
1317
3252
2265
239
1516
1650
1507
1649
3852
3819
3819
2932
2939
2939
3707
3713
3825
1518
4999
4999
1669
2324
2064
1520
460
2096
2103
345
2061
1591
1841
602
602
658
260
2265
260
602
602
239
239
4999
4908
3852
4835
2939
2939
2077
235
235
1651
1516
2939
3325
2939
3325
3333
3749
3763
3343
3334
3196
3888
3225
3751
3888
3890
3343
3205
3342
3188
3343
3164
3205
3885
3205
3327
3885
3170
3330
3327
3174
3330
3330
3327
3174
3174
3327
3330
3327
3163
3750
3763
3891
3885
3885
3188
3188
3330
3170
3170
3330
3188
3326
3330
3330
3205
3758
3751
3166
3335
3335
3205
3330
3764
3750
3759
3326
3327
3330
3170
3205
3170
3170
3327
3170
3170
3170
3343
3343
3174
3205
3164
3207
3174
3885
3885
4777
4979
2932
2932
3858
3170
3164
3326
4777
80
120
2447
80
2452
2437
2458
2452
2414
81
81
81
120
120
120
3241
2369
3270
2077
1673
80
80
40
81
40
120
120
40
2112
1411
2206
1416
4987
3897
3939
2358
2449
2363
2360
2360
3705
2499
3728
3273
3815
3851
2949
2369
1485
2939
3859
3086
3854
3707
3708
3820
3852
3858
3852
3856
3819
3325
3852
3852
3852
3852
3852
2939
2939
3325
3325
3325
3325
2849
3707
3325
3325
3325
3820
3325
3856
3853
3707
3819
3715
2955
3853
3853
3853
3723
2939
2939
2939
2939
2939
2868
2557
2939
2939
4835
3852
3819
3819
3819
2932
3327
3188
3819
2932
3188
3703
4935
3885
3885
3885
3166
3168
3890
3335
3205
3164
3164
3164
3181
3778
3350
3769
3180
3200
3773
3761
3766
3772
3193
3768
3778
3191
3784
3179
3149
3766
3774
3765
3180
3761
3451
3382
3405
3694
3441
3449
3346
3368
3368
3693
3405
3693
3548
3419
3346
3421
3346
3465
3798
3695
3348
3795
3421
3789
3464
3788
3789
3405
3351
3405
3405
3405
3695
3452
3787
3405
3406
3693
3693
3695
3441
3419
3798
3695
3406
3695
3441
3452
3348
3406
3441
3352
3788
3352
3405
3548
3441
3405
3345
3448
3384
3420
3548
3354
3383
3798
3357
3350
3353
3788
3782
3358
3780
3548
3382
3348
3694
3405
3396
3405
3345
3405
3396
3406
3693
3355
3405
3694
3405
3396
3548
3548
3344
3548
3548
3693
3378
3448
3405
3798
3779
3789
3772
3384
3464
3362
3383
3405
3408
3406
3405
3405
3548
3405
3789
3370
3441
3406
3408
3768
3405
3464
3548
3548
3548
3548
3396
3548
3548
3396
3548
3548
3396
3396
3548
3396
3397
3548
3548
3548
3374
3548
3374
3396
3693
3378
3671
3397
3405
3405
3548
3548
3693
3405
3548
3405
3405
3548
3548
3548
3548
3548
3548
3548
3548
3548
3548
3548
3548
3548
3548
3548
3548
3548
3548
3405
3548
3693
3548
3548
3548
3548
3548
3548
3548
3548
3548
3548
3548
3548
3548
3548
3548
3548
3548
3548
3548
3548
3548
3548
3548
3548
3548
3548
3405
3548
3548
3548
3396
3548
3548
3548
3548
3397
3397
3405
3405
3406
3441
3548
3548
3548
3406
3548
3548
3548
3548
3548
3548
3548
3548
3548
3548
3548
3548
3548
3548
3548
3548
3548
3548
3548
3397
3548
3548
3548
3548
3548
3548
3548
3548
3548
3548
3548
3548
3548
3548
3548
3548
3548
3548
3548
3548
3548
3548
3548
3548
3548
3548
3548
3406
3406
3548
3406
3406
3406
3406
3406
3408
3406
3406
3406
3548
3406
3356
3548
3408
3408
3406
3356
3406
3406
3406
3548
3408
3406
3548
3548
3406
3548
3548
3548
3548
3548
3548
3408
3548
3548
3548
3665
3406
3408
3695
3406
3408
3356
3370
3382
3382
3449
3370
3382
3449
3382
3383
3370
3449
3370
3380
3370
3376
3380
3370
3370
3370
3449
3380
3370
3370
3380
3370
3378
3370
3370
3370
3370
3370
3449
3380
3352
3693
3405
3406
3356
3406
3452
3452
3406
3798
3406
3665
3441
3798
3422
3421
3405
3449
3465
3382
3382
3382
3383
3449
3451
3384
3795
3798
3421
3791
3420
3798
3794
3352
3797
3794
3790
3383
3383
2406
2406
84
81
80
79
80
40
3707
2932
2932
2932
3718
3718
3326
3326
2932
3187
3326
3326
3718
3326
3327
2932
3819
2932
2939
2939
2939
2931
3718
2932
3707
2939
3718
3325
2939
3736
1408
222
4837
2323
597
3901
252
3738
2200
2325
3742
3325
3325
2549
4979
3839
3838
3222
2829
3888
3890
3164
3164
3885
3196
3885
3890
3891
3205
3205
3205
3343
3343
3183
3888
3164
3752
3343
3213
3164
3343
3333
3343
3342
3337
3758
3343
3342
3751
3343
3213
3758
3163
3750
3343
3773
3157
3769
3768
3751
3773
3149
3765
3191
3150
3764
3774
3357
3156
3192
3211
3777
3179
3155
3362
3353
3149
3200
3785
3276
3309
3136
4919
4919
4961
1458
3807
2325
3813
4994
3824
1441
4922
4959
3865
2949
3853
3819
3713
3819
3819
3819
3819
3853
3833
4993
1484
2140
1316
1320
2197
4746
3897
1478
3819
2194
4951
3854
4834
4974
3840
4839
3861
2542
3815
3870
3823
3847
3857
3848
3893
3841
3815
2839
3851
3819
3819
2897
3854
3819
3819
802
3854
3853
3854
2260
3849
3853
3711
2948
2937
2949
3853
2557
3726
2955
2949
3865
3869
4909
3851
1685
3205
3170
3885
3885
3205
3207
3170
3207
3885
3885
3170
3188
3164
3330
3891
3205
3330
3885
3205
3854
3850
2154
221
1430
1430
1324
597
216
1326
599
1433
2201
3836
4971
2941
3325
3325
3325
3325
3325
3325
3325
3325
2495
3233
3245
3702
2486
4964
3316
3232
2942
2534
1505
836
1509
231
1509
484
232
610
267
839
2091
1413
268
837
838
2108
2063
268
672
1326
729
253
670
676
827
827
533
533
2151
2141
657
1644
2083
1502
271
2134
288
244
245
244
264
266
1656
1656
1539
266
2083
532
532
431
1643
246
2120
475
483
270
2104
2137
456
1612
366
365
648
1632
1631
1617
1594
1595
367
714
1604
1614
1590
2163
641
371
1599
1610
2113
357
356
2115
364
1618
1615
1616
1607
444
425
361
361
1712
1845
578
1593
378
1600
2146
1633
1593
578
1850
1621
381
1625
1636
649
1635
647
2146
4996
2324
2568
4168
1675
2205
4168
4168
4168
2205
1675
239
2324
4999
1669
1669
4999
4999
232
1661
1672
1662
4996
3252
3252
267
2077
4838
1664
230
4986
2206
462
2140
3894
3899
1323
1477
1326
1323
2206
1416
2206
1478
3897
204
610
2483
34
2377
24
2423
2378
2351
4943
4947
31
4168
2383
4168
597
597
1932
1930
1695
2054
1709
1908
1991
1907
1911
1972
1944
1865
1960
1926
1875
1928
1873
1896
1896
1901
1908
1901
1990
1990
1934
1931
1896
1896
1875
1729
1826
1835
1799
1729
1729
1799
1799
1729
1729
1729
1729
1729
1729
1729
1826
1729
1729
1729
1729
1729
1729
1826
1729
1835
1835
1835
1729
1835
1729
1835
1835
1835
1835
1729
1729
1729
1729
1729
1729
1799
1729
1826
1729
1729
1729
1729
1729
1729
1729
1729
1729
1729
1729
1729
1729
1729
1729
1729
1729
1729
1826
1729
1729
1826
1729
1729
1729
1729
1729
1729
1835
1835
1835
1729
1729
1835
1826
1729
1729
1835
1835
1835
1835
1835
1835
1835
1835
1835
1729
1799
1835
1799
1729
1826
1820
1729
1729
1729
1729
1729
1729
1729
1729
1729
1729
1826
1729
1835
1835
1799
1729
1820
1729
1729
1729
1729
1729
1729
1729
1729
1729
1729
1729
1729
1729
1729
1835
1835
1729
1729
1835
1835
1835
1996
2236
1993
1962
2051
2051
1694
2054
1903
1903
1859
1962
1709
1866
1964
1937
1972
2001
1974
1977
1987
1990
1883
1883
2029
1883
1976
2025
1987
1986
1993
1776
1804
1776
1776
1776
2021
2025
1782
1782
1782
1744
1804
1729
1729
1729
1835
1744
1729
1729
1835
1835
1835
1835
1776
2021
2025
2025
2028
1782
1782
1782
1744
2028
1797
1797
1797
1744
1797
1744
1744
1744
1797
1797
1744
2029
1797
1717
1792
1792
1737
1744
1743
1742
1800
1837
1786
1816
1794
1800
1753
1753
1804
1804
2028
2025
2021
2021
1753
2020
1753
1753
1753
1729
1723
1729
1728
1728
1787
2035
1770
1728
1753
2010
1782
1782
1744
1744
1744
1744
1744
1744
1792
1792
1812
1739
1812
1787
1726
1810
2028
2020
1975
2042
2038
1870
1745
1876
2032
2032
1837
1742
1742
2027
1729
1729
1729
1835
1835
1835
1776
1782
1835
1782
1835
1782
1835
1835
1835
1826
1810
1744
1835
1835
1835
1830
1758
1835
1782
1835
1782
1744
1796
1741
1832
1832
1812
1812
1741
1787
1741
1741
1729
1729
1729
1729
1729
1729
1729
1729
1729
1729
1835
1835
1729
1729
1776
1835
1729
1835
1835
1835
1782
1782
1782
1776
1776
1776
1776
1729
1729
1729
1729
1729
1804
1729
1876
2032
1837
2031
1837
1871
2042
1878
2028
1980
1889
1983
1888
1980
236
2189
423
423
353
635
3898
1516
2135
1510
1518
253
339
2186
566
308
669
835
1543
494
707
1674
1516
1479
2318
1656
1577
254
1512
3899
4185
1519
2123
1504
2151
2139
620
632
631
2143
309
309
634
480
1578
1513
2225
1675
1519
3895
2139
476
1579
1674
2321
355
2222
423
3809
3809
1669
1669
2205
4999
4999
1413
4999
4999
4999
2568
1506
4999
4999
1514
239
1517
2568
2568
1669
239
4999
4999
1505
1672
2107
1674
1512
4648
235
1665
1640
240
629
303
518
314
1694
300
350
4158
4168
609
4970
4930
4930
3937
655
3861
532
1651
532
532
431
676
679
256
457
1635
2265
2265
2568
2265
4168
2064
286
2068
2087
2075
2101
351
359
371
389
3815
3859
3852
3853
1395
855
201
3860
3819
3819
3854
838
237
1395
676
1644
2119
1644
240
1601
372
350
345
649
388
4168
4168
1394
1709
1865
1896
1928
1875
2054
1841
1883
1800
1744
1727
1781
1800
1769
1876
2027
1812
1796
1876
1671
4999
3222
3864
3309
4163
3844
3939
3285
4996
1479
3318
3725
2868
2869
4959
2853
3869
3865
4955
4158
4158
3825
2107
2063
2445
2445
120
120
80
81
81
81
81
120
81
1679
1679
1679
1679
1679
1679
3285
3325
3845
2529
3325
3858
3819
3846
4970
2868
3822
3325
3325
3858
2550
4979
2949
3866
2935
3308
3088
3723
2939
3744
2869
4954
3839
3858
2549
3865
3866
4974
4839
4976
3841
2542
3306
3838
3744
4976
3223
2939
2939
4954
2868
3285
4954
2478
672
4883
486
486
486
221
221
4977
2154
1418
4746
3811
3252
213
2526
2691
2696
4700
4700
