20
44
4175
102
4175
1683
1683
1683
103
2426
136
3
43
20
20
142
123
95
48
48
24
2270
124
1680
49
79
20
20
49
812
82
99
79
78
165
25
117
42
43
96
97
40
87
20
20
20
123
24
48
48
49
97
24
97
848
2435
139
1288
70
84
2391
2391
4175
1492
2442
101
2
117
64
117
106
15
822
24
24
24
2267
89
49
97
49
2445
80
80
49
97
47
79
49
50
120
81
822
44
106
90
54
1284
2442
96
2423
36
2460
4175
4175
1683
117
97
40
57
2434
104
2391
117
2442
66
118
2391
2391
94
17
45
120
80
80
79
80
120
97
21
34
42
2272
20
117
117
120
92
19
1683
85
130
119
4175
4175
1681
2391
141
20
15
117
1679
21
24
24
24
50
50
50
50
50
50
24
50
50
24
21
21
46
2268
27
50
46
21
50
50
50
50
46
50
50
50
50
50
50
50
46
46
50
21
50
50
50
24
50
12
50
50
50
50
47
50
21
516
1494
2261
2313
2298
209
2303
594
1326
899
228
228
2303
1486
2282
209
1319
2261
1314
197
672
1405
227
2297
2282
1333
211
1494
132
202
1454
23
1446
2202
1326
218
825
1298
228
1298
1405
1405
116
1405
1440
1405
1405
1405
1405
500
500
500
1405
1405
1405
817
1405
1405
1405
482
482
1405
218
2305
1395
1395
116
230
201
33
18
237
2432
672
1650
1516
1516
485
235
1503
2082
2250
2250
204
1516
1640
263
1643
840
840
840
239
1323
2154
2123
1508
2135
601
1640
2121
658
259
2107
521
2250
2082
2247
1333
1333
262
268
535
655
533
610
1324
1330
235
609
2127
677
431
675
529
1529
1643
656
2122
2119
2119
533
533
1502
517
2093
475
241
255
728
266
327
306
630
519
518
325
629
283
2079
256
271
1538
1575
2087
1534
1583
304
2218
619
291
276
2103
2074
435
326
336
2097
4318
2189
355
311
358
350
350
1614
445
389
424
364
1590
1627
1598
374
1635
370
1612
1591
1689
1851
1848
1694
1697
1695
1865
1962
1969
1859
1859
1709
2054
2054
1695
2051
1638
660
676
2129
730
730
1560
1551
4894
411
4263
425
578
1839
1840
1929
602
2077
335
301
1548
2161
1577
278
1522
2097
444
336
2185
440
4603
456
361
457
2145
1615
459
1520
229
593
1331
225
1491
225
524
3919
2250
1660
242
840
840
840
840
1484
4648
1685
467
260
260
838
2225
482
22
122
4987
2308
2284
909
1503
1507
485
1395
486
1430
1422
1421
1421
1405
1298
1405
1405
1440
1440
602
1673
840
1673
670
3930
827
1510
467
467
129
1405
1405
905
1405
1405
1405
1405
1405
197
504
1494
845
93
818
2058
114
17
1297
1287
582
45
838
1322
2110
2890
3919
93
2256
521
1308
598
2082
1306
1333
3919
3919
1486
262
260
535
1638
1638
1638
658
260
658
1651
2135
3930
655
3937
657
2083
676
2064
2085
537
1562
404
407
665
4298
2115
1597
380
1866
907
1405
1298
906
1405
482
906
1304
773
1298
1298
1298
1298
598
1491
1314
228
228
228
228
482
482
225
580
682
228
228
228
2309
1306
2314
262
2314
93
2309
1421
1421
682
580
228
1306
1446
1419
683
610
237
1319
242
2089
259
840
840
522
535
535
535
535
1413
672
716
720
2203
2203
253
272
460
461
632
287
256
2141
254
1586
634
635
364
371
1599
648
641
647
1625
1841
2229
2231
2227
1634
1694
387
1865
2239
660
260
260
3937
3937
3937
838
2107
1673
1673
1548
302
299
275
1553
245
2116
199
1326
252
252
2259
2066
687
2111
267
231
1650
1405
1405
1405
1446
1446
588
482
1405
1405
581
1306
1306
1306
1306
907
522
2256
2108
535
1673
1673
1673
717
1529
4430
1540
616
308
2178
2190
2191
1690
1943
535
535
535
535
535
535
18
114
1306
1306
1311
1306
225
1306
2265
2265
1516
2111
2066
500
1311
1311
1491
1344
1346
785
759
1336
780
1345
776
795
750
780
917
781
781
792
754
781
477
792
1465
792
1465
1304
477
477
787
907
1298
477
787
907
477
1349
776
1345
792
1472
792
773
787
773
1297
1304
779
759
776
1349
781
477
1465
477
477
790
795
923
1345
477
1304
780
773
759
787
787
1298
776
1298
759
759
792
754
1463
790
1330
209
463
1306
228
228
905
1405
1298
1405
228
228
1298
1298
1298
1298
2287
905
228
1306
1472
781
2299
49
24
129
49
49
77
156
190
153
1318
521
819
50
50
24
24
18
818
107
3937
2265
50
50
50
78
50
24
24
50
110
1320
1666
1664
2108
213
242
1415
8
841
139
98
2465
844
851
2245
860
34
1419
2196
1439
1439
859
854
522
2253
227
1405
1405
1315
1405
1405
1440
1446
1446
1446
1306
1309
1309
1405
1405
1405
1405
1405
1405
866
1405
1405
1440
1314
1311
225
1491
1314
1314
1314
1314
893
874
1491
1311
1491
1311
1306
1491
1309
905
905
586
726
726
2202
1446
859
2245
1453
1438
1439
898
896
876
874
1314
2255
731
1309
227
1405
888
1446
1440
2202
1440
1405
482
1304
911
2202
773
773
113
2419
767
1465
781
916
780
1463
780
780
780
1472
1472
1385
928
1380
1369
1376
785
785
785
936
764
1372
1363
1004
784
1373
785
764
764
1384
1363
1257
1189
1167
1201
1213
953
1277
1255
992
1164
1197
992
1117
1277
953
1209
994
994
992
1254
992
929
1036
1212
993
1119
1209
1191
994
992
1160
1058
1167
1119
1058
996
1167
1191
1058
1114
996
993
994
999
1033
1274
1040
1119
1041
1119
973
953
1255
1164
1026
993
1036
929
1384
1004
952
3580
1207
990
1210
1117
1105
993
948
1119
1199
992
3533
1058
1062
1058
1105
994
1117
1119
1167
1266
1164
994
990
1369
992
992
1256
1210
1058
1119
1114
1119
1164
988
1175
1119
1058
764
1384
953
1106
1117
3533
1117
1117
3533
1117
1119
3533
1117
3533
1164
1119
1117
1117
3533
1117
1117
1117
1119
1164
1164
1105
1105
1157
1117
1119
1105
1210
1119
1119
1119
1106
1119
1119
1119
1119
1119
1119
1105
1119
1119
1119
1119
3483
3483
1119
1119
1119
1119
1119
1119
3483
1117
3477
3483
1119
3477
3483
3477
3483
3483
1119
1119
3477
1119
3483
1119
3483
3483
3483
3477
3483
1063
1105
1119
1167
1119
1119
1060
1105
1119
1210
1105
1119
1105
1128
1042
1119
1105
1093
1060
1105
1105
1105
1119
1119
1119
1062
1063
1119
3483
3483
3483
1209
1119
1119
1062
3483
3483
3483
1119
3483
3483
1119
1119
3483
3483
3483
3483
3483
3483
3483
3483
1119
3483
3483
1119
1058
1119
1119
1209
1058
1058
1071
1106
1058
1058
1058
1058
1069
1058
1058
1058
1058
1062
1058
1058
1069
1058
1060
1058
1069
1060
1119
1119
1105
1063
1062
1060
1062
1062
1058
1105
1058
1062
3483
1062
1058
1058
1058
1058
1058
1058
1213
1196
1196
1256
1137
1185
1207
1022
1159
1202
1165
1164
1164
1164
1207
1207
1164
1164
1164
1154
1207
1164
1164
1164
1207
1207
1154
1165
1164
1164
1164
1164
989
1058
1195
1058
1058
994
994
1058
994
1058
1058
1058
1026
1026
1210
1210
1201
1114
1022
1253
1255
1187
1026
993
1012
953
1277
1277
993
1248
1033
957
1252
1185
20
117
814
49
49
50
1297
1297
482
1297
582
1299
906
906
482
1405
482
482
909
1305
1298
1298
228
228
1298
228
582
1305
1298
1298
1304
1305
1405
1405
1405
1405
1405
1405
1405
2202
598
1309
1306
228
482
1405
1405
682
1297
1297
1312
582
1405
1405
1405
581
228
1306
228
581
1309
905
905
905
482
216
1430
1397
597
269
199
2117
269
486
1394
1483
1430
1430
1431
524
524
811
2890
1429
1429
203
210
2280
591
1306
1306
1306
2299
2298
2297
2310
1332
790
1463
1472
781
1472
781
780
780
1463
792
790
1472
781
781
780
1350
1336
916
779
781
1345
917
780
779
744
795
1345
744
1344
744
744
785
1353
795
785
744
785
785
764
941
795
784
764
764
785
764
928
1373
1380
1380
1369
741
1376
929
940
1369
1380
133
132
132
23
233
1428
221
2152
1428
2890
2304
2304
1429
806
262
262
1433
1457
508
857
859
1307
1313
1302
909
909
2202
1446
1446
1446
1440
1405
1440
1405
1423
1423
1407
216
1430
1408
1408
1409
1409
1687
1316
205
261
673
2250
1666
2090
1294
909
2291
1401
1402
853
1306
228
1306
228
228
228
1405
1405
1298
1405
1405
906
1405
1405
1405
1405
1405
888
1450
2311
219
2299
1329
808
228
2300
1405
1405
2283
2283
217
217
1458
472
30
909
686
600
1438
1438
1438
1474
1402
1402
1401
2138
1402
1403
1447
879
2293
1452
858
900
515
2286
479
824
112
105
2058
477
477
792
773
1304
1462
911
1472
759
754
1462
759
759
759
911
1449
1434
2325
1476
4990
3894
1420
3218
2315
200
2261
500
500
1309
500
904
904
904
1405
905
2337
2427
2434
3915
1676
4988
3745
3746
1495
3919
1506
2205
484
230
1517
230
1411
251
1513
1663
2265
1669
2199
1411
1320
1650
1517
1512
835
1519
1321
1317
222
677
247
675
430
430
2119
2119
2105
2094
533
827
495
2125
270
2127
475
1644
2119
675
676
2136
2064
719
264
535
2119
430
1515
238
1508
1502
2127
679
1656
827
729
426
645
1590
1625
1636
378
576
362
1626
1633
1632
1599
375
642
1623
359
1601
1594
1606
1607
572
2060
2061
357
1613
1615
1616
455
1618
363
1868
429
2229
1843
649
387
644
1850
1854
1840
388
383
2146
1693
649
1715
1673
1673
1673
260
1661
837
840
840
840
260
1671
2108
2077
260
2077
602
602
1670
251
1416
1518
4996
840
1673
2264
2264
1651
1516
2264
1665
1665
205
1663
208
204
229
2140
1393
2330
2116
597
2256
1395
1393
2140
1482
229
4986
1666
1665
2112
213
208
2248
2318
2197
2382
4177
4181
2445
2423
2442
2442
96
2380
660
4182
4174
1934
2236
1901
1903
1901
2031
1928
1896
1930
2001
1871
1881
1995
1991
1990
1948
1882
1837
1871
1993
1987
1937
1826
1826
1826
1826
1826
1826
1820
1826
1826
1826
1826
1826
1826
1826
1826
1826
1826
1826
1826
1826
1826
1826
1826
1826
1826
1826
1826
1826
1826
1826
1826
1775
1826
1826
1826
1826
1826
1826
1799
1820
1826
1826
1826
1826
1826
1826
1826
1826
1826
1826
1826
1826
1826
1826
1826
1826
1826
1826
1826
1826
1826
1826
1826
1826
1826
1826
1775
1775
1826
1826
1826
1826
1826
1826
1826
1826
1775
1826
1826
1826
1826
1775
1826
1826
1826
1826
1826
1826
1826
1826
1826
1826
1826
1826
1826
1826
1826
1826
1826
1826
1826
1826
1826
1826
1826
1826
1826
1826
1826
1826
1826
1826
1826
1826
1826
1826
1826
1826
1826
1826
1826
1826
1826
1924
1892
2032
1932
1993
2236
1903
1896
1908
1837
1932
1972
1907
1930
1833
1928
2037
1833
1792
1833
1882
2027
1889
1786
1812
1787
1812
1792
2032
1826
1826
1826
1826
1826
1826
1826
1835
1826
1835
1835
1826
1799
1826
1826
1835
1826
1826
1826
1826
1826
1835
1835
1826
1826
1826
1826
1826
1835
1826
1835
1835
1812
1835
1835
1812
1835
1812
1835
1744
1744
1744
1812
1744
1812
1744
1797
2028
2028
2028
1888
1797
2028
2028
1886
2028
2025
1826
1826
1826
1826
1812
1826
1826
1826
1729
1729
1826
1729
1729
1729
1729
1804
2021
2021
1804
1810
1810
1729
1835
1835
1835
1835
1835
1835
1744
1782
1744
1797
1797
2028
2025
2021
1767
1812
1769
2038
1810
1758
1753
1886
1980
1888
1889
1744
1744
1729
1729
1729
1826
1826
1835
1729
1835
1835
1835
1835
1835
1835
1835
1729
1729
1729
1729
1835
1835
1835
1835
1835
1729
1729
1804
1776
1776
1782
1782
1782
1782
1782
1776
1776
1797
2028
2025
1782
1782
1799
1826
1826
1799
1826
1826
1826
1826
1826
1826
1826
1826
1826
1826
1826
1826
1826
1826
1835
1826
1826
1826
1826
1826
1826
1826
1826
1826
1826
1826
1826
1826
1886
1977
1986
2012
2042
1812
1812
1744
1744
1837
1812
500
500
223
1677
134
2069
2061
2100
2084
2090
2111
2104
1662
2089
677
2081
557
1535
1521
1662
2068
2074
2075
1662
2084
2106
2063
2317
2090
2104
2092
2091
213
2063
1319
2108
1643
2120
1640
656
2109
300
2101
2101
2096
2076
2112
2095
839
1396
263
204
1322
656
246
240
1672
1322
345
2071
803
2317
2281
803
803
2077
2077
2077
838
1672
535
1509
660
660
232
232
602
602
260
232
2091
687
260
660
602
602
535
836
1674
2324
2091
267
1446
1446
1514
2225
2198
1418
2204
2141
631
304
312
446
1859
840
1579
356
840
840
1649
2294
2168
1638
660
658
2168
2119
1638
1638
716
2124
2151
2217
1600
386
660
660
1638
252
467
1446
1446
526
2215
4499
2160
4581
4554
344
1605
1621
381
1703
852
1446
1439
1439
860
2140
252
2200
2167
856
3875
909
1404
1512
1675
2206
1394
717
716
535
532
2134
2151
647
2224
2221
2222
386
1852
260
840
673
1408
2226
1996
1948
1974
1939
2029
1744
1744
2021
1782
1776
2020
2027
1776
1782
1976
260
260
260
211
1486
818
2256
2247
2247
262
2082
2259
2839
596
2256
1333
1660
1660
114
55
516
2247
524
524
2839
472
524
262
208
41
31
2261
840
840
208
2256
2248
1479
20
47
47
24
24
24
21
50
50
24
50
24
822
822
822
21
196
503
209
209
1486
2282
2282
197
1405
1405
1405
1405
1405
2309
234
1405
1405
1405
225
1314
503
228
228
2316
209
1331
1446
593
1306
228
228
228
854
1446
2253
511
1386
849
898
2284
200
202
1328
1306
1306
1306
463
463
479
1405
1405
1454
1306
1306
228
228
1405
228
1405
1298
1405
1405
1405
888
1443
891
1400
508
2316
3917
2292
1440
888
888
2312
897
202
195
2244
2312
463
2281
2281
2328
1318
3895
819
819
1318
1286
2328
521
1435
1481
466
1475
466
2330
1318
1318
2259
2330
2890
2422
2422
2371
2442
2433
2433
2431
2433
2433
2418
2397
2397
2370
2442
2376
2376
2416
2451
2349
2367
2350
2350
2488
3247
2367
2379
2429
2375
2378
3703
2443
2363
2357
2409
2353
3705
2410
2442
2370
2348
96
2367
2410
2354
2422
2376
2376
4932
2402
2350
2367
2367
2378
2379
2378
2379
2392
2331
2439
3701
2361
2452
2417
2433
2433
4181
2422
2442
2422
2422
2370
2343
2442
2343
2405
4935
2378
2377
2377
2375
2469
3235
2375
2379
2379
2379
2379
2406
2406
2379
2348
2407
2429
2368
2408
2408
2488
2348
2431
2343
2382
2366
2442
2367
2423
2390
2392
4181
2431
2442
2422
2368
2368
2458
2376
2430
2433
2422
2431
2342
2390
2344
2433
2433
2462
2412
2421
2408
2407
2406
2407
2408
2445
2377
2363
2448
2372
2371
2406
2442
2445
2404
2393
2462
2346
2414
2345
2444
2433
2370
2433
2370
2372
2442
2370
2442
2452
2377
2377
2377
2375
2377
2356
2377
2405
2405
4935
2377
2377
2377
2375
2377
2356
2356
2356
4933
4934
2406
4935
2377
2378
2377
2377
2377
2405
4935
2405
2405
2405
2405
2405
4935
2405
2377
2405
4935
3238
3239
4935
2405
2377
2377
2377
2405
2377
2377
2377
2405
2374
2377
2405
2377
2383
3804
4948
3909
3231
2825
3843
2939
3732
4982
3837
2529
3905
2825
4910
4977
3725
3725
3725
3074
3328
3856
2541
4966
2882
2882
3905
4688
3806
3862
3808
4973
2545
3838
3820
3325
3325
2384
3856
3856
3858
4979
3903
3821
4835
3856
3821
3820
3800
3856
3852
3852
3819
4973
3811
3736
2384
2544
2958
2357
3233
2958
2385
2385
4173
2568
2847
3739
3255
3925
4676
4998
1415
4689
2847
3831
4171
4928
2254
4158
3825
4839
4905
4150
3924
3255
3256
3256
2251
4911
4161
4161
4164
4165
3812
2531
2537
4704
535
535
535
535
3733
4722
4966
2950
2561
2952
604
250
2834
4774
4712
4710
3925
1653
1652
535
535
2563
2572
4675
4142
4724
4724
4733
4156
4747
2604
4709
3081
3081
2577
2576
4780
3144
4725
3052
2902
3049
2789
3080
3081
3081
3083
2850
4747
2898
4654
4658
2907
2604
2604
2589
2578
3948
2757
3998
2588
2604
2589
2589
4683
2591
2591
2607
2928
3042
4694
2927
4109
2628
4662
4681
2909
4033
4798
2733
4132
2733
2735
2924
2643
2643
4049
4050
4021
4021
2736
2736
2736
535
535
1638
535
2262
2579
4997
4732
2901
4779
2619
3948
2768
2927
4033
3006
2924
4172
467
4678
4725
3083
4731
4800
2840
3077
2577
2575
3993
4780
4780
3974
4683
2614
4713
3998
2626
2594
3736
4977
3744
3325
2557
3725
2895
2895
4995
4995
4995
2264
2264
840
840
3813
2447
243
243
4170
3932
3819
2357
2885
3738
4975
3853
2561
3254
2852
3811
2853
4973
3838
2854
3856
4835
3856
3862
2254
4172
4172
4776
4150
3931
4739
467
467
2351
3856
3856
3821
3325
3325
3325
3856
3856
3728
2533
2532
3240
3258
2389
2362
2839
2886
2352
3262
2384
3718
4965
3830
4708
4686
3810
2895
2895
2597
2328
4164
2557
4910
2829
2537
2895
3740
4926
467
1638
1638
1638
1638
2251
2251
1652
3936
4150
535
3936
3936
3076
1654
4914
2858
2953
2841
2619
2619
3948
3948
2908
2767
4036
3006
3718
3819
3852
3819
3819
3713
2932
2939
2948
2868
3325
3325
3325
3325
2939
3723
3325
3325
3325
3836
4977
4949
2945
3260
3838
2546
2939
2897
3715
3086
2958
2565
4911
4911
4911
243
3257
2254
3706
535
535
535
535
2535
3732
535
1648
4844
4140
2602
4145
2619
3144
2850
4687
4725
3920
4843
2850
2618
3993
3993
3974
2745
4797
2972
3999
4696
4028
4048
4051
4132
4132
2605
2736
2924
2644
467
467
660
3936
3936
3831
4160
4161
4160
4160
4686
3052
4776
4778
3935
4985
4969
3808
3271
1414
3257
4929
4929
4680
4170
4882
3821
3821
3856
3835
3856
3856
3852
2939
2939
3325
3723
3708
3730
4653
4653
535
4172
4172
2904
2765
2904
2587
2898
2585
4347
3047
2747
3042
3006
535
535
535
535
535
535
660
2383
3325
3325
3325
3325
3325
2265
4845
3257
4918
3325
2939
3325
3758
3343
3774
3188
3164
3213
3343
3765
3159
3343
3342
3163
3333
3196
3170
3330
3890
3327
3330
3327
3330
3170
3819
2932
3326
3718
2932
2932
2932
3819
3751
3751
3343
3327
3877
3326
3170
3326
3187
3707
3187
3751
3327
3750
3166
3333
3327
3330
2932
3879
3159
3336
3758
3819
3819
3718
3327
3326
3330
2931
3163
3750
2932
3885
3170
3190
3205
3879
3843
2942
3325
3325
3821
3325
3325
3325
3820
3852
2932
3819
3836
3325
3325
3885
3166
2826
2378
2377
3701
2378
2401
2399
3248
2519
2499
4164
2328
2377
2377
2377
2377
2378
2441
2357
2449
2369
4930
2377
2377
2378
2377
4935
2405
2377
2377
2405
2406
4186
2558
4166
2958
4718
2596
4652
2596
4911
4995
3261
2345
2440
2440
2333
2433
2547
3873
2846
2528
2385
4976
3835
3725
3854
2893
3865
3854
3726
3312
3856
3821
3821
3821
3821
3856
3835
3862
3855
3325
3856
3856
3307
3856
3821
3855
3307
3856
3856
2557
2868
2868
3085
2868
3725
3725
3863
2947
3723
3325
3325
3325
2868
3821
3821
3821
3275
2868
2897
3862
3721
2846
2949
3816
3854
3835
3319
3728
3725
3723
2524
3725
2868
2868
3821
3856
3862
3862
3853
3853
3819
3187
3330
3713
3187
2464
2342
3877
3330
3330
3890
3213
3888
3164
3164
3335
3885
3885
3155
3360
3788
3777
3193
3774
3200
3200
3777
3191
3180
3764
3783
3193
3772
3191
3193
3764
3777
3764
3423
3406
3397
3405
3405
3406
3348
3423
3356
3356
3397
3356
3356
3371
3423
3793
3406
3356
3356
3356
3452
3348
3348
3355
3786
3406
3356
3548
3548
3405
3397
3356
3695
3405
3406
3548
3548
3419
3408
3548
3548
3548
3452
3405
3356
3797
3406
3419
3548
3796
3441
3406
3548
3405
3352
3441
3451
3793
3465
3796
3406
3356
3788
3788
3788
3782
3782
3786
3374
3694
3452
3548
3396
3548
3548
3451
3548
3406
3406
3355
3548
3548
3548
3396
3397
3356
3374
3548
3374
3548
3694
3548
3356
3796
3356
3777
3777
3782
3406
3397
3548
3406
3548
3548
3374
3348
3348
3348
3405
3406
3406
3191
3362
3548
3548
3374
3548
3548
3374
3548
3374
3374
3374
3374
3374
3374
3374
3374
3374
3374
3548
3374
3374
3548
3374
3548
3548
3548
3374
3397
3548
3548
3548
3548
3548
3548
3548
3548
3548
3397
3548
3548
3548
3548
3374
3548
3548
3548
3548
3548
3548
3548
3548
3548
3548
3548
3548
3548
3548
3548
3548
3548
3548
3548
3548
3548
3548
3548
3548
3548
3548
3548
3548
3548
3548
3548
3548
3548
3548
3548
3548
3548
3548
3548
3548
3548
3548
3548
3548
3548
3548
3548
3405
3548
3548
3548
3548
3548
3548
3548
3548
3548
3548
3548
3548
3548
3548
3548
3548
3548
3548
3548
3548
3548
3548
3548
3548
3548
3548
3548
3548
3548
3548
3548
3548
3548
3548
3548
3548
3548
3548
3548
3548
3548
3548
3548
3548
3548
3406
3548
3406
3548
3406
3408
3356
3548
3548
3548
3548
3406
3548
3548
3548
3548
3548
3356
3548
3406
3548
3548
3548
3548
3548
3548
3548
3548
3548
3548
3548
3548
3548
3548
3548
3548
3548
3548
3406
3406
3406
3548
3406
3548
3397
3406
3406
3405
3397
3397
3694
3406
3397
3397
3397
3397
3397
3396
3397
3397
3397
3397
3397
3397
3397
3397
3396
3397
3397
3396
3397
3397
3397
3397
3397
3441
3406
3548
3356
3406
3356
3356
3356
3406
3356
3548
3406
3356
3452
3348
3452
3405
3548
3405
3694
3406
3694
3407
3406
3452
3452
3452
3356
3348
3348
3361
3356
3356
3356
3797
3795
3406
3405
2370
2422
2370
3245
2378
2406
2406
2939
3707
3819
3329
3819
3819
3819
3819
3819
3325
3325
2939
3713
3187
3819
3819
3852
3852
3852
3852
3856
3856
3853
3325
3325
3325
3325
3856
2939
2929
3856
3856
3856
3707
3325
2939
3707
3325
3325
3820
3325
4923
2853
2946
2526
4923
4957
2526
2946
4837
3844
3846
2531
4949
3226
3857
3845
3845
4984
4982
4955
3325
3285
3744
4966
3915
3745
3205
3205
3885
3890
3890
3890
3891
3205
3205
3885
3885
3196
3890
3759
3343
3343
3758
3213
3164
3333
3343
3213
3343
3333
3343
3768
3758
3750
3194
3764
3751
3750
3764
3194
3774
3751
3772
3179
3193
3179
3769
3191
3191
3193
3200
3193
3783
3180
3180
3777
3782
3777
3783
3777
3772
3784
3777
3233
3874
2441
3259
2383
2839
2529
3846
4777
2830
2830
3838
3843
2531
2531
4924
4925
4962
3865
3086
3715
3713
3853
3862
3862
3862
3835
4979
3840
3839
4974
3846
3824
3824
3736
3826
3732
3732
3234
3739
3091
3739
3075
3853
4951
3274
3854
3841
2869
3325
3325
3325
3325
3325
2549
3325
4835
3856
3858
3858
3859
3859
3866
3870
3836
3222
3837
3838
3838
3839
4979
3834
3861
3815
3842
3270
3853
3853
3832
3817
3854
3853
3853
2897
2542
3274
3854
3274
3269
3854
2897
3853
3140
3089
2528
3864
3309
3272
3297
3276
3868
4962
2562
2447
3242
3330
3326
3170
3190
3187
3326
3187
3327
3170
3327
3170
3885
3326
3330
4970
4951
3903
2551
3902
3833
2584
3741
3904
3325
3323
3325
3325
3821
3821
3821
3821
3821
3332
2340
2392
3912
3700
4183
3915
2446
3746
3746
3254
3253
2851
2851
4173
3933
2544
2558
3827
3927
3826
2847
2568
4838
3734
4883
4845
3938
3939
4996
3939
4163
2838
2838
4670
3055
468
2147
1652
1652
2572
4690
3054
535
535
2573
2573
2563
2572
4710
1652
1653
2263
3076
4916
4155
3093
605
605
392
4905
4905
4149
4139
2602
4711
3931
3923
3935
4102
4796
4713
4662
2607
4662
2767
2909
2909
4109
4784
2973
3949
4713
4110
3941
2746
3042
2614
2608
2908
4662
4681
2614
3966
3962
2768
2745
2748
4028
4028
2926
4027
2628
2607
2607
2926
4033
4028
4036
4048
4108
3025
2605
2733
2974
4160
660
467
4704
3828
2254
2254
2254
2565
2951
4161
467
467
4172
660
4159
2851
4162
3252
4160
4172
2264
2264
3936
2847
3898
3732
2888
4676
2571
2888
4166
4688
2853
2603
4923
4721
3730
3811
4985
3808
3901
3736
3739
2558
2544
4718
4689
2596
2571
2319
1415
3734
4163
96
2442
2452
2445
2423
2442
2442
96
2458
660
535
4992
2992
2643
4082
4059
4059
2811
2735
4060
4029
4765
4815
2680
3063
2795
4079
2708
2708
2811
4822
4766
2795
3063
4703
4703
4703
4703
4703
4673
4703
4703
4703
4703
4703
4703
4703
4703
4703
4703
4703
4703
4703
4703
4703
4703
4703
4703
4703
4703
4703
4703
4703
2691
4703
4703
4703
4703
4703
4703
4673
4673
4703
4703
4703
4703
4703
4703
4703
4703
4703
4703
4703
4703
4703
4703
4703
4703
4703
4703
4703
4703
4703
4703
4703
4703
4703
4703
4703
4703
4703
4703
4703
4703
4703
2691
4703
4703
4703
4703
4703
4703
2691
2691
2691
4703
2691
4703
4703
4703
4703
4703
4703
4703
4703
4703
4703
4703
4703
4703
4703
4703
4703
4703
4703
4703
4703
4703
4703
4703
4703
4703
4703
4703
4703
4703
4703
4703
4703
4703
4703
4703
4703
4703
4703
4703
2691
4703
4703
4703
2691
4703
4029
2923
4091
2923
2798
4790
2720
4061
4060
4060
2923
3021
2860
2923
4076
4076
4090
4075
4090
4075
2708
3061
4760
4650
4650
2711
4651
2811
2811
4664
4703
4703
4703
2691
2691
2691
4702
2691
2691
4703
4703
4703
2691
2691
4703
4703
4703
4703
2691
2691
4703
2692
2691
2691
4702
4702
4702
2691
4702
4702
2712
2696
2696
2889
2706
2706
2712
2712
2712
2706
2706
4758
4758
2656
2663
4078
2656
2656
4760
2656
2985
2984
2984
2984
4664
4674
4673
4702
4702
4702
4665
4664
4664
4664
4664
4663
4703
4664
2918
2918
2985
2985
2917
2917
4665
4665
2691
4700
4700
2889
2889
2889
2889
2889
2676
2663
2985
2985
2985
4699
4719
4651
4665
4073
2985
2651
2682
4760
4760
2656
3061
4078
2708
4703
4703
4703
4703
2691
4703
2691
2791
4700
2791
2791
2791
2691
4663
4703
4703
2791
2791
2791
2791
4701
4663
3059
3059
2889
2889
2889
2889
2889
3059
2889
2676
2676
2985
2676
4673
4703
4703
4703
4703
4703
4703
4703
4703
4703
4703
4703
4703
4703
4703
4703
4703
2691
2691
2691
2691
2691
2691
2691
2691
4703
4703
4703
4703
4703
4703
4703
4673
4087
4760
2680
4815
4090
3107
4719
4719
2712
2712
2712
3325
2369
2437
3973
4682
4659
4910
4688
4929
4918
4653
3829
4653
2952
3144
3969
3077
2595
4653
2596
4737
3077
3829
3829
3737
4928
4911
2596
3737
4676
2832
2593
3829
4676
4957
2596
3074
4652
4689
4171
3255
4660
3054
3054
4687
4654
4659
3080
3080
3733
4735
4680
3831
4704
2951
4652
2603
4670
4712
4710
4653
3733
4721
4652
4659
2825
4957
4949
3219
4958
4160
4172
3830
2951
535
4159
535
660
467
2565
3254
2254
2254
4170
4161
660
660
467
2254
4172
535
3927
4838
4168
3829
4680
3862
4173
3932
3847
4149
4728
2843
3081
2588
2588
4021
2254
3083
4693
840
840
3253
4839
660
660
660
660
3834
1638
1638
605
1642
392
2560
4733
3966
2628
660
660
467
660
467
3835
2766
3130
3130
2957
2864
4781
4005
4780
3042
2747
4034
4648
3854
2897
3854
3306
3738
2848
4883
3834
3870
3853
3818
4842
4173
3827
4746
3825
2133
2133
392
535
535
3921
2972
4115
3965
2626
2732
2732
4034
467
2583
4837
4052
3063
4083
2998
2722
2708
2889
2706
2985
2985
2663
2985
2985
2676
2985
3059
3827
467
2254
3904
4926
2543
4165
3812
3812
2541
1414
3874
3730
2537
4160
1414
4917
2873
4920
3737
3812
3812
4925
2531
2537
4165
4909
2523
4172
2264
3091
3730
4168
2370
2349
2375
2375
2378
2378
2377
2377
2356
2377
2377
2377
2377
2377
3238
4935
3238
3238
4907
2530
2825
3905
2541
2829
3870
3820
3325
3856
3856
2942
4959
3856
3856
3285
3725
3325
3325
3325
3219
3835
2942
3325
3325
3325
4959
2525
3863
3136
3319
3314
2523
4982
3742
3325
3285
2825
3869
3856
4834
2869
4954
2869
4954
2549
2549
3858
3858
3859
3834
3866
2554
3904
2872
4952
4959
4980
4981
4984
4907
3741
4949
2531
2328
2328
3896
4998
4998
4164
4950
2328
2328
2584
3900
3234
3893
2319
2597
3810
2597
1414
2830
2830
1314
1491
1487
1314
