92
31
31
1402
834
2508
128
523
37
278
26
846
113
63
147
842
4308
4308
2639
147
135
2650
3383
2633
2730
2685
2684
2657
276
866
2633
2657
2633
2631
56
146
141
2699
4920
2718
86
2682
1868
45
117
4308
2681
2723
2649
2649
2638
23
1402
135
1874
2718
3370
1402
1402
2508
472
54
132
90
130
830
837
45
2633
2689
2689
2722
117
2657
2722
3365
2622
2647
4919
3386
3900
3386
2720
2631
2630
2633
2631
3366
64
114
38
870
472
62
837
4309
2617
1402
189
189
1402
849
3388
3897
2629
55
2658
85
830
166
38
139
1402
45
117
2658
57
3369
3386
2630
2631
2760
2643
2720
281
96
2657
94
141
2802
3366
833
117
281
2727
2658
1402
1402
1402
24
123
94
96
79
2677
2689
2689
2689
2689
2689
2689
2689
2686
2686
2686
2689
2689
2689
2689
2720
2744
2720
117
2633
2657
2744
2689
2686
2686
2657
2686
2686
2686
2686
2686
2686
2686
2686
2744
2744
2744
2744
2686
2686
2689
2689
2689
2689
2689
2689
2744
64
2686
2744
464
1647
524
921
2417
2426
1877
3933
944
929
4859
896
2569
4989
4991
4118
234
899
1613
4167
2423
463
4983
1645
1618
2569
4041
4120
1670
463
2424
227
596
2483
723
464
2386
2569
896
4166
1650
1635
3033
4126
4116
1651
2594
4292
1608
2569
899
896
899
899
518
890
890
1556
902
896
4873
3049
1651
2640
3391
464
464
1651
2632
4799
3218
3156
2870
2901
2863
852
1578
2468
3267
3267
4803
3214
290
290
546
546
2857
4040
4722
4721
4176
2907
4205
4205
3166
4164
1576
1580
1674
1574
2450
1572
1548
1468
2541
2436
2437
4173
2904
4858
4802
1672
2891
4183
3212
2897
2991
2992
3213
3168
4199
4828
2898
3167
3167
2988
4177
2912
2932
4806
2930
3210
4751
3172
4753
4768
2948
2948
2946
4808
3020
3123
2995
2919
3088
4728
3173
3173
2943
3011
2939
4752
2941
4732
3122
4868
2954
4229
2951
4867
4842
3015
4230
3017
4231
4209
4234
4843
4218
2958
4845
4214
2962
4244
3128
4217
4255
3191
2966
4242
3129
3189
4324
2977
4322
4488
3246
4497
2972
2982
4493
4874
4874
4323
4495
4880
317
320
314
4836
3213
2934
2922
2993
3123
3123
4236
2997
3127
2964
3129
4486
727
3263
2944
2918
3003
4755
2993
2924
3013
4238
4232
4769
4770
2996
4242
4207
3193
3185
2960
4212
4839
2813
1679
2371
1679
2569
2569
2569
223
1547
1471
1575
2340
2496
290
1844
497
546
4295
2640
319
500
2901
4735
252
4039
1650
4723
4039
2532
2421
2858
2864
4042
2821
4297
4873
4124
1634
500
4179
290
283
728
3171
3113
4187
2878
498
497
276
890
890
1634
1634
1629
1629
2417
867
2548
2548
1623
2486
723
4094
464
280
464
1556
2707
1625
280
4148
4859
2945
673
1549
1547
1547
2489
479
479
1717
1726
897
951
223
1548
1545
223
921
1571
1468
2423
498
1621
2438
1736
1735
4863
1737
4863
4822
2878
612
4822
612
3166
3239
3238
3240
3013
3014
3123
3124
2996
4213
2997
4247
3000
2999
4496
2429
899
895
895
903
1436
1558
602
929
1551
1608
1608
2427
899
2575
2427
901
896
867
897
471
301
2593
2593
504
1675
1675
1676
2483
524
2371
4988
4122
2523
1563
2368
4153
4150
4120
2496
4863
4863
1844
546
2517
2438
335
2438
2438
4161
4167
4193
4188
4740
2894
4184
3242
2942
4718
4805
3005
3175
3171
4754
4769
4231
2962
2964
4211
4246
4240
3187
4869
3246
4239
2970
3195
4245
2975
4488
4875
2982
1738
1738
501
612
4818
3039
4164
4797
2364
4807
2945
2940
2993
3122
4169
2586
4319
4850
2845
3216
1836
4204
4178
4156
3265
3048
3220
2569
2569
2569
1587
1633
896
896
2523
2417
2417
867
2517
869
1576
2856
616
728
728
728
4731
3008
3008
4732
2924
4714
4717
3016
3183
2952
4240
4494
1736
614
614
4172
612
317
464
1623
1635
1635
2417
2417
2417
3102
4720
4721
2905
1628
1608
2427
2427
2417
2569
1485
784
1503
740
965
788
964
1491
1495
970
788
1486
786
778
1663
774
1653
575
1655
1408
569
1658
569
799
1653
1408
1454
1411
732
1566
602
1556
1447
1625
1408
974
1487
1502
794
1659
957
575
575
1447
1418
1556
1557
955
778
269
1494
771
804
696
797
696
775
775
1499
752
970
1437
1408
970
732
1423
1423
1408
1447
1556
783
1556
797
1410
1454
575
1653
1659
4119
258
471
471
899
899
899
899
899
1550
1635
1634
2568
1408
1490
1408
2728
2689
464
2721
2744
281
281
2657
479
1847
2689
2744
2744
2721
2689
464
464
2640
3103
4818
2721
2686
2686
2686
2689
2689
2686
4737
3392
4290
4858
4304
4303
1724
1720
280
250
250
472
829
2486
1647
1651
1540
1622
1651
4125
867
1634
1622
1621
1551
1635
2569
1635
1635
1634
1634
2569
1635
1670
1634
1634
1635
2569
1635
1635
867
2417
2427
1608
1608
1608
2569
1608
1609
1608
1608
2569
2569
2569
2569
2569
1670
2517
1551
1670
1551
518
245
1671
1587
1552
867
2417
2427
1647
2548
2548
867
1670
1670
1670
1635
1635
890
901
598
1416
956
763
1559
476
960
834
34
777
961
777
825
1667
964
1654
788
766
778
756
797
781
992
992
992
983
984
1526
782
1497
745
1521
738
1522
1499
1511
769
782
1502
1509
824
984
1504
1303
1054
1317
1278
1278
1318
1054
1238
1017
1044
1317
1300
1291
1317
1071
1317
1278
1373
1318
1046
1223
1103
1531
1531
1534
1256
1017
1318
1317
1318
1373
1090
1278
1318
1319
1317
1317
1372
1278
1283
1317
1317
1278
1318
1283
1285
1278
1372
1394
990
1377
1318
1317
1372
1071
1377
1071
1071
1317
1377
1370
1536
1536
979
984
1057
1536
1536
1317
1261
1370
1318
1317
1317
1103
1317
1317
1317
1538
1538
1300
1317
1285
1317
1278
1317
1317
1317
1318
1317
1066
1370
1018
1509
1377
1532
1261
1238
1278
1317
1318
1317
1318
1061
1238
1318
1317
1278
1538
984
1062
1317
1317
1317
1317
1317
1317
1317
1317
1317
1317
1317
1317
1317
1317
1317
1317
1317
1317
1317
1317
1318
1317
1317
1317
1317
1317
1317
1317
1317
1317
1317
1317
1317
1317
1317
1317
1317
1317
1317
1317
1317
1317
1317
1317
1317
1317
1317
1317
1317
1317
1317
1317
1317
1317
1317
1317
1317
1317
1317
1317
1317
1317
1317
1317
1317
1317
1317
1317
1317
1317
1317
1317
1317
1317
1317
1317
1317
1317
1317
1317
1317
1317
1317
1317
1318
1318
1372
1317
1317
1300
1317
1317
1317
1317
1317
1317
1317
1317
1317
1317
1317
1317
1317
1317
1319
1317
1317
1317
1317
1317
1317
1317
1317
1317
1317
1317
1317
1317
1317
1317
1317
1317
1317
1317
1317
1317
1317
1300
1317
1317
1300
1317
1300
1320
1317
1300
1286
1285
1285
1285
1285
1300
1300
1278
1317
1300
1285
1300
1300
1300
1285
1300
1285
1285
1317
1317
1300
1317
1285
1317
1285
1285
1317
1285
1285
1285
1285
1285
1285
1285
1300
1278
1285
1319
1261
1261
1261
1261
1238
1261
1261
1261
1261
1261
1258
1258
1258
1260
1258
1261
1261
1258
1260
1261
1258
1260
1258
1258
1258
1260
1258
1258
1318
1258
1258
1258
1258
1258
1258
1258
1260
1300
1317
1278
1300
1278
1285
1370
1373
1300
1373
1278
1300
1309
1373
1303
1046
1318
1318
1318
1238
1238
1261
1261
1223
1377
1376
1054
1054
1057
1066
1363
1387
1026
1394
1153
1238
1223
846
94
2657
2728
2633
1642
929
888
878
536
1637
895
903
894
896
896
242
242
1436
929
929
930
959
895
598
1436
899
896
896
897
897
897
242
2422
2427
2427
2417
242
897
2422
1586
1636
897
897
896
473
2417
878
930
1608
2427
899
899
901
948
1726
4294
3087
4294
3044
4319
4296
4850
4297
3216
3087
4297
4297
3934
2450
1852
3044
1461
3942
4297
3933
2273
921
921
883
900
234
234
897
896
897
897
897
904
897
1630
2568
1550
475
504
897
1691
811
2554
938
595
810
964
1656
1663
1666
1659
964
964
774
778
807
756
1656
1657
1492
1660
970
1482
1486
786
974
1486
750
804
964
970
741
1502
972
969
969
1485
1493
1487
746
1485
974
1491
782
745
745
768
748
782
745
824
1509
789
1507
985
1522
1518
1518
996
996
986
985
1518
985
1524
1509
464
4018
2489
2489
1650
4018
4873
4291
4987
480
1467
480
4873
3933
2589
4986
1462
674
1462
4018
2275
2477
245
2368
1669
1636
1636
925
925
241
1635
1634
2594
3939
4291
3934
3216
3216
3216
3216
4043
4042
2870
852
1863
4852
1714
4166
2827
1633
2570
4024
1587
1621
1671
471
1630
1630
471
471
4116
4116
4116
4116
1680
2275
2477
1679
2591
4117
2593
4989
2836
3941
3041
4126
4018
1651
1584
1636
1669
1621
1634
1584
1584
1670
4024
1587
1621
1587
3041
3041
1621
2570
867
1622
1622
1622
1671
2488
518
518
1651
1651
4094
803
1410
960
1423
775
1413
760
732
760
961
269
569
803
569
803
269
961
778
960
1671
4126
3041
4743
3153
4292
3942
4020
1691
898
897
898
264
264
1590
2569
899
1608
2569
2569
2569
897
897
520
218
519
1478
593
1400
451
1682
810
451
826
1545
322
1549
3222
4150
3205
4152
2848
4268
4289
3053
4798
4761
3393
3220
4788
3207
4744
4046
4767
2827
3178
3058
3007
2990
4860
4826
2913
4810
4186
2437
2988
4192
2908
2909
4182
2926
4194
2927
4838
4194
4838
3118
3022
4825
336
4826
4724
4729
4168
2909
3170
3176
3115
4173
4170
4250
2952
4830
3191
4845
4248
4215
2999
4870
4240
4212
4257
4253
4252
2952
2965
4215
2963
4221
3126
4844
4223
4220
2959
3188
4224
4241
2963
3182
3246
4249
3198
2978
2967
3199
2998
4249
4496
2973
4240
2968
3196
2976
3192
3198
1715
299
319
4778
1844
546
497
497
4795
4277
4156
4157
498
290
843
727
4149
2884
4734
3158
299
283
1717
2903
3266
1722
4756
4852
1846
1710
4852
1719
4286
4294
4767
3044
1574
1677
2845
300
3049
2845
3087
4743
2813
3028
4298
4287
4287
4155
1846
284
1718
4730
4301
52
837
3370
2697
2638
170
830
840
319
723
219
4330
4484
4327
2979
4340
4347
4347
4321
4878
4483
4333
4878
4498
4342
4504
4881
4702
4704
4705
4485
4344
4350
4350
4480
4391
4391
4391
4389
4391
4391
4350
4391
4391
4350
4426
4391
4410
4410
4426
4426
4426
4426
4422
4422
4426
4426
4378
4426
4422
4480
4350
4391
4391
4350
4391
4391
4391
4439
4350
4350
4350
4410
4473
4350
4410
4410
4350
4350
4410
4391
4410
4465
4473
4367
4426
4426
4410
4410
4371
4349
4413
4371
4455
4426
4426
4420
4426
4426
4426
4426
4426
4419
4454
4480
4382
4480
4422
4422
4482
4426
4350
4426
4389
4391
4391
4410
4410
4350
4410
4413
4426
4413
4413
4455
4426
4420
4391
4439
4391
4391
4350
4350
4410
4410
4410
4410
4413
4413
4410
4426
4426
4426
4480
4422
4426
4422
4382
4422
4321
4335
4335
4484
4484
4492
4339
4325
4490
4876
4320
4499
4875
4336
4488
4618
4618
4621
4885
4889
4711
4342
4593
4885
4618
4567
4703
4700
4441
4443
4642
4643
4364
4533
4375
4640
4380
4380
4441
4356
4668
4668
4535
4684
4385
4692
4679
4680
4457
4457
4642
4642
4642
4646
4640
4635
4646
4684
4432
4653
4646
4601
4601
4554
4550
4555
4557
4555
4554
4654
4558
4558
4712
4712
4708
4708
4709
4712
4503
4503
4511
4503
4511
4527
4441
4528
4609
4664
4648
4648
4587
4590
4527
4586
4584
4387
4576
4573
4582
4510
4581
4581
4585
4584
4635
4529
4524
4544
4551
4551
4556
4556
4712
4708
4511
4511
4510
4574
4572
4591
4590
4596
4706
4509
4501
4502
4710
4502
4889
4694
4528
4694
4671
4693
4633
4683
4678
4685
4633
4521
4544
4633
4520
4690
4516
4537
4697
4543
4522
4522
4540
4538
4538
4510
4538
4539
4542
4551
4546
4546
4541
4510
4707
4613
4613
4577
4613
4448
4403
4365
4369
4469
4465
4396
4532
4475
4411
4475
4473
4479
4434
4681
4454
4456
4382
4420
4380
4351
4382
4682
4375
4482
4446
4446
4375
4446
4446
4352
4443
4352
4501
4512
4485
4706
4705
4603
4572
4564
4626
4624
4565
1670
4018
2996
4206
4225
2586
852
2586
2906
3214
4180
2856
3058
2942
4229
4841
3241
4917
4840
4841
4163
2586
1674
4198
4996
1856
4180
2914
2933
4796
1856
1857
4983
4167
4200
4864
2874
3177
2933
2916
2955
3244
3243
2943
4166
2938
4277
4814
4165
4155
4166
4166
4804
3006
4277
4286
3390
3244
4213
4985
1878
4318
3937
4987
3263
2495
4154
4857
314
4766
319
316
319
546
497
497
4783
4158
498
320
318
727
317
616
4267
4787
4279
4162
2594
4799
3221
4756
2865
2877
2947
3010
4233
4224
3019
546
3004
3019
546
1843
3221
2275
1735
1737
1738
3941
336
335
336
2991
2897
4177
4751
4256
4257
318
1735
1735
3087
497
3008
2992
3009
3009
3173
4733
2937
4714
4217
4251
3189
3197
2275
245
2368
245
3087
3934
4291
4125
4078
876
925
1583
4741
2889
2813
3117
3117
2438
336
4175
4748
4757
4246
4251
4210
3016
2981
3189
501
2861
3087
4300
4491
4326
4348
4330
4504
4556
4711
4614
4613
4510
4615
4577
4541
4615
498
318
497
247
2541
481
1580
1580
2450
1466
2423
1462
1851
1835
1645
300
1571
273
2363
2363
1623
1650
1609
2548
474
674
674
1461
900
1540
1468
1573
1573
1548
1725
4018
1691
1693
1836
1721
290
1864
1726
3001
94
141
2722
2722
2685
2685
2744
2744
2689
2689
2689
2744
2686
2744
2744
2744
944
944
1608
899
2417
258
258
258
1570
1546
921
1571
1608
1680
2594
221
1470
2594
904
2569
471
1629
1675
1675
2594
1678
1630
2568
1540
1671
518
2488
2548
2544
921
921
1691
898
896
897
897
897
897
251
1630
2568
1635
2568
2589
1540
4116
1630
1550
2593
2593
1550
4991
4991
4124
2834
4992
4992
1671
898
264
2513
236
2578
1540
944
944
944
867
2427
2427
899
234
896
896
896
896
898
897
2427
944
944
899
234
234
234
898
898
4985
1676
1852
274
479
3153
1847
1579
274
2582
237
1579
3936
2543
3394
853
4288
683
243
243
243
3154
673
1469
1467
42
13
50
126
144
2508
19
861
25
60
136
104
48
65
1694
4145
122
68
40
2663
4312
2641
2692
3896
155
156
2702
2606
2693
1542
2733
3472
2732
153
126
72
116
129
2645
3398
15
28
70
102
140
119
1865
140
2611
2710
2611
529
19
1697
3398
2614
2620
23
19
178
521
82
155
101
71
171
50
3472
3472
2702
865
7
58
4312
2653
4310
2599
2604
2726
2717
2714
2713
2729
108
2732
2636
2616
2645
1697
72
50
134
529
837
837
43
2708
25
840
2508
18
104
2741
2615
3367
48
2655
19
93
178
126
3399
18
50
4311
3398
1869
2676
2616
2636
2613
2616
2642
4145
100
102
136
104
163
2696
860
1694
4145
3368
2621
19
144
144
70
9
163
137
3370
865
865
865
7
865
865
865
4140
4140
4140
4140
865
865
865
7
4140
4982
3403
4140
4982
4305
1695
3472
3403
109
865
4140
4140
4140
3403
3403
4140
3403
4140
3403
4140
4140
4140
4982
4982
4140
4140
4140
4140
865
4140
865
1542
865
4140
4140
8
4140
4982
1875
1875
1702
2588
4146
3146
4129
4997
4909
2588
3230
2474
4935
4942
4937
2824
534
233
2598
233
2823
4935
4935
4901
4935
2304
3440
2883
535
2592
1480
517
1875
3095
233
3080
3948
2890
4065
4942
4966
3377
4966
3353
3433
4935
4980
4935
2812
3441
3904
3432
4771
835
3377
3064
856
3081
2284
3364
311
490
2393
288
329
730
1850
1850
289
333
1732
292
324
499
2370
2383
4984
416
307
1745
2299
2323
1759
1764
2362
2345
285
285
1853
2331
2487
2487
2487
697
619
1751
2437
2437
289
532
4899
2306
2283
1760
345
1740
357
703
1743
2324
2298
1763
671
2435
2434
450
339
667
2311
359
2288
558
436
422
563
2314
2328
381
379
377
2444
374
527
2293
420
364
704
440
439
2313
354
562
443
705
2380
2380
1793
564
2329
379
1785
2414
707
1771
564
445
1782
641
1767
447
405
388
1765
1768
1809
1798
399
1813
1813
1811
404
394
401
400
409
407
2048
1883
2043
2043
568
651
651
400
410
2049
317
314
320
320
632
624
496
364
669
706
385
2414
1766
1800
2052
2455
477
287
438
376
366
562
704
2411
347
386
2278
423
2444
2444
647
389
1767
1814
1794
1772
2379
3091
2883
4938
4907
4935
3441
4935
2487
2530
2585
854
2362
1833
729
729
729
499
497
3378
498
1761
681
731
3909
3080
4027
4719
2542
3423
2281
679
288
835
2811
4023
3023
3948
1754
282
2370
421
1751
1731
307
1751
547
547
3441
3441
4961
3948
4961
2807
3951
3951
4147
3951
3147
4144
1875
517
1875
2852
3147
4316
1703
4316
3230
3090
3138
4145
680
2478
2328
2322
1549
592
592
1700
225
274
1712
321
4981
4907
4981
2530
2530
2530
2574
2487
3095
3095
498
335
1736
1738
320
672
672
615
1753
2394
614
1752
616
2440
2397
630
363
627
633
441
373
384
1784
1776
645
2446
1883
3907
3434
3439
3930
3911
4068
3430
3924
3951
2807
4944
4976
3071
3146
2806
4972
4961
4895
4949
2808
2598
1463
4938
1480
1875
2816
2811
4906
3441
4971
2320
2290
2326
1819
617
621
302
302
302
4953
336
620
620
2438
660
701
2434
2435
418
2309
670
362
634
1786
528
432
561
420
421
423
1783
424
648
1805
1806
1804
1774
398
405
402
425
425
425
408
2048
2451
427
1762
1737
615
614
1753
680
1704
2362
352
351
2292
441
346
2434
230
1854
835
4742
547
287
323
291
293
308
4907
4907
4907
4088
3944
4955
4906
2806
3920
4087
285
1824
313
614
2370
2384
2409
2409
2411
2410
2411
442
372
2444
707
2415
709
403
2052
2436
2436
614
320
614
317
614
3081
2825
3948
3441
3146
3146
3146
540
1745
2439
3231
3404
4979
3951
4901
3993
3988
3978
3492
3987
3987
3985
3968
3966
3496
3995
3493
4009
3273
3969
3280
3982
3975
3480
3282
3477
3327
3346
3352
3315
3958
3337
3340
3302
3297
3084
3084
3131
3903
3904
3907
3356
3307
3986
3308
3988
3967
3351
3316
3960
4111
3319
3467
3130
3915
3982
3347
3984
3987
3498
3972
4103
3135
3358
3229
3286
3994
3985
3996
3978
3268
3983
3084
3962
3318
3341
3340
3904
3982
3496
3503
3347
3293
3286
3350
3304
3286
3479
4899
2883
2883
4961
3023
4961
3071
3071
2809
3071
3145
4961
3948
4961
3328
3965
4899
2603
865
3081
2702
3090
2724
2659
4141
274
1850
865
4140
865
865
865
4316
3081
3090
3083
540
865
2603
2603
3403
3472
865
4140
4045
857
455
2302
2321
855
279
604
1834
1875
525
529
1696
859
24
4144
4144
4908
2833
2828
3085
2830
3075
3412
4896
4971
4953
3078
3441
3441
3441
3948
3948
3419
3441
3441
4961
3948
3441
3441
3441
3948
3146
2807
3146
4979
4935
2807
4015
2806
4935
2807
3441
3441
3441
2828
3146
3440
2835
2810
4954
3440
3440
2835
3075
3146
3146
3146
3146
2807
3146
4147
3076
3076
3075
3076
3075
3146
3441
3441
3441
3441
3441
2820
4134
3917
3471
3440
3321
60
832
3958
3329
3352
3974
3276
3282
3983
3278
3968
3483
3287
3476
3886
3579
3579
3611
3527
3485
3578
3488
3608
3890
3574
3579
4007
3523
3862
3578
4002
3505
3505
3527
4004
1229
1166
1260
1260
1260
1535
1166
1261
1260
1260
1260
997
1221
1166
1166
1260
1221
1082
997
1202
1134
1264
1376
3608
1093
1261
1201
1260
1317
1260
1328
1082
1260
1260
1317
1260
1260
1221
1082
1260
1317
1260
1303
1260
1264
1382
1260
1201
1201
997
1260
1260
1260
1260
1317
1242
1260
1355
1142
1166
1166
1201
3579
3579
3579
3608
997
1336
977
1317
1099
1201
1260
1260
1317
1260
1317
1258
1260
997
3541
1260
1317
1260
1221
1317
1382
1260
1260
1258
1072
1260
1078
997
1201
1166
3608
1382
1260
1258
1317
1260
1260
1260
1260
987
1191
1260
1260
1317
3999
3608
1317
1317
1260
1260
1260
1260
1260
1260
1260
1260
1260
1260
1260
1260
1260
1260
1260
1260
1260
1260
1260
1260
1260
1260
1260
1260
1260
1260
1260
1317
1260
1260
1260
1317
1260
1317
1317
1260
1260
1260
1260
1260
1317
1317
1260
1260
1260
1260
1260
1260
1260
1260
1317
1260
1260
1260
1260
1260
1260
1260
1317
1260
1317
1317
1260
1260
1317
1260
1317
1317
1317
1317
1317
1317
1260
1260
1260
1260
1317
1260
1260
1260
1317
1260
1260
1260
1317
1260
1317
1260
1260
1260
1317
1317
1260
1317
1317
1317
1317
1317
1260
1317
1317
1317
1317
1317
1317
1317
1317
1317
1260
1260
1260
1317
1317
1317
1317
1317
1317
1317
1317
1317
1317
1317
1317
1317
1317
1317
1317
1317
1317
1317
1317
1317
1317
1317
1317
1317
1317
1317
1317
1317
1317
1317
1317
1317
1317
1317
1317
1317
1317
1317
1221
1317
1303
1303
1317
1221
1317
1317
1317
1317
1317
1317
1317
1317
1317
1317
1317
1317
1317
1317
1292
1317
1303
1317
1317
1303
1317
1317
1317
1317
1303
1260
1261
1261
1260
1185
1260
1191
1191
1261
1194
1260
1260
1260
1258
1258
1194
1258
1260
1260
1261
1260
1261
1260
1260
1260
1258
1260
1258
1258
1260
1260
1260
1260
1260
1260
1260
1260
1260
1221
1317
1317
1317
1303
1237
1082
1082
1303
1082
1303
1317
1237
1221
1234
1225
1260
1260
1260
1260
1195
1197
1225
1250
1264
1006
1383
1114
1134
1382
1006
1078
997
1022
1191
1261
49
136
3402
4141
2702
3472
3472
4086
4081
3271
3436
3159
3269
2820
2819
3225
4072
4957
4086
3231
3908
4031
3919
3134
4936
4980
3944
3441
4979
3951
3072
4935
4956
3413
2812
3944
3457
4956
3416
4935
4935
4935
2819
2819
1464
3232
3232
2596
1464
2494
530
3093
530
3935
3215
312
2475
3089
2331
4994
530
1699
2588
4975
4912
4907
4981
4972
3145
4961
3144
3144
3145
4129
3145
4129
2592
2592
2515
2516
235
3481
3282
3954
3325
3477
3478
3276
3282
3971
3967
3482
3963
3975
3975
3308
3332
3980
3491
3272
3331
3983
3344
3984
3981
3272
3275
3323
3499
3501
3978
3506
3987
3979
3502
3330
3498
3307
3506
3999
3495
3330
3996
3984
3984
4001
4003
3487
3599
4007
4000
3486
3532
3532
3578
3574
3886
3885
3578
3579
3582
3555
3608
3565
3579
3570
3868
3608
3080
3147
1875
1875
517
3080
2850
3932
4772
4909
592
2585
592
4915
4997
4997
312
2598
3938
4067
4908
4896
4954
4953
4088
4029
3448
3441
3441
4053
4967
2815
2890
2890
3935
4915
3232
288
2859
311
1849
1858
2280
288
4984
3408
3440
3050
4965
4114
4056
4961
3144
3023
3023
3023
3023
3023
3023
3023
4059
4060
4055
4820
2850
2849
2826
4942
4942
4023
4023
3353
3148
4037
3406
3077
2849
3440
4089
4954
3440
3440
3433
3440
4038
4970
3412
4965
4970
3410
3440
3440
3440
3075
3073
2810
4954
4815
3075
3073
4012
2833
3377
3378
2852
3338
3301
3960
4108
3338
3305
3960
3475
3351
3337
4098
4105
3480
4096
3296
3286
4104
3311
4846
4063
3938
4719
2817
4022
4958
4912
4127
3045
4990
4128
3045
4935
3441
4935
4907
4935
4935
829
520
1703
1472
238
2584
2573
235
1549
1549
2530
2530
1549
678
310
428
605
606
2332
4302
2389
4894
1820
858
456
543
1841
4280
531
4898
3091
2817
338
2379
2408
2408
624
1739
330
434
2395
2435
2396
358
326
625
1734
628
344
345
357
343
435
2407
2409
1739
1740
1750
1747
559
555
325
2316
327
1746
419
1766
709
399
650
396
397
1809
646
2445
426
567
566
1808
1802
1799
1814
1766
387
391
388
2441
2400
1778
391
637
565
1775
1772
388
405
652
2416
398
398
649
404
404
2377
2446
394
643
644
401
409
394
1705
319
547
2325
499
499
303
302
2365
2336
2369
547
2370
2370
2384
661
2481
4282
1713
470
2431
470
2393
1753
683
1577
311
603
1709
2327
277
1860
3232
2478
618
2494
618
835
835
4742
3091
3027
857
2303
1861
1860
279
275
1709
4900
1862
840
2632
2508
2637
2698
82
163
51
238
219
4762
1904
1881
1879
2041
1886
2070
2050
1904
1879
1904
2123
1906
1891
2452
1888
2042
2270
1901
1904
1906
1904
1963
1963
2034
1949
2239
1949
2239
2020
1949
2016
2239
1940
2020
2239
2239
2016
2028
1940
1990
2028
1989
2028
2014
1921
1985
1919
2024
1954
4999
1969
1982
1996
2239
2225
2239
2016
2225
2239
1949
2239
2239
2239
1963
2028
1940
2015
2015
2239
1949
2239
2239
1963
2225
2239
2015
2229
2235
2028
2229
1941
1945
1965
1990
1981
1932
1982
2234
1983
2024
2242
2244
1975
1907
2230
2227
1909
4999
2250
2252
2014
1987
2227
2020
1963
1954
2239
2239
2020
2239
1908
2015
2015
2016
2028
1990
2019
1985
1954
1952
2253
2244
2016
2239
2016
2016
2239
2016
2239
2239
1990
1963
2028
1963
1990
2239
1990
2232
1934
2250
2014
2230
2034
2246
2250
2047
2047
2047
2455
1891
1879
2041
1886
2050
400
2455
2043
1882
2455
2048
1884
2123
2459
1898
2263
2263
2263
2123
2123
2459
2111
2270
2050
1899
2192
2192
2190
2154
2154
2099
2079
2074
2096
2192
2192
2089
2089
2071
2089
2258
2184
2185
2076
2190
2196
2196
2202
2157
2157
2105
2096
2096
2113
2136
2136
2138
2152
2152
2065
2172
2267
2136
2068
2173
2065
2173
2173
2129
2058
2454
2173
2129
2461
2177
2454
2129
2192
2196
2188
2114
2110
2110
2158
2158
2158
2203
2205
2462
2188
2186
2205
2462
2129
2462
2462
2462
2462
2096
2096
2131
2140
2152
2172
2172
2150
2173
2173
2129
2129
2120
2465
2109
2160
2462
2462
2462
2123
2178
2454
2454
2454
2454
2263
2057
2186
2089
2186
2200
2071
2071
2071
2071
2143
2131
2200
2207
2206
2200
2205
2143
2143
2209
2207
2206
2167
2222
2168
2168
2151
2172
2150
2168
2164
2150
2129
2120
2129
2150
2192
2225
2225
1949
2228
2089
2018
2225
1947
1947
2187
2258
2253
2073
2073
2253
2246
2097
2246
2076
2257
2250
2086
2154
2092
2240
2239
2015
2239
2225
2225
1896
2454
2454
1896
2462
2068
2109
2271
2272
2059
2270
3441
2632
640
1792
2304
1849
1741
337
1757
1818
617
2398
448
373
2375
668
313
313
347
375
1823
2279
286
275
2297
1849
1742
342
468
1859
2279
279
233
289
2307
2308
340
1744
360
350
1785
2443
2376
2376
349
2350
2478
2305
1824
855
2478
2280
331
355
659
2335
532
855
384
3089
1463
1463
1854
3089
2596
2384
2317
2325
314
2491
314
319
318
1826
303
303
2301
323
498
501
2372
2370
314
663
4914
469
682
4054
676
554
4898
1748
437
2287
367
1788
1787
568
499
565
499
499
4074
554
4021
1737
1735
334
2815
1739
1739
336
701
701
557
626
382
401
1735
318
1738
4293
547
702
2409
365
2409
2411
442
1796
705
708
2442
395
652
2046
4846
3440
3440
4971
3440
3940
2890
3051
4969
3440
3440
4029
4090
2476
2476
2408
702
336
1750
619
2285
556
1807
1800
1773
708
651
2052
500
500
2587
1862
568
1906
1904
2051
2263
2173
2173
2462
2177
2173
2164
2180
2150
2167
2130
2491
500
501
1701
1701
534
3042
2297
2297
2598
2598
854
2338
1701
321
2487
2487
2487
1705
2825
4016
3076
3076
3076
1853
2331
2330
2475
4973
3077
2487
2475
2475
854
4067
4990
4990
282
470
277
229
1706
4902
76
4
7
865
1867
4140
865
4140
4140
4140
865
4140
865
59
2653
3403
4138
4982
1400
3951
4901
3951
2883
3045
3095
2588
4146
2812
4966
1400
2883
3406
2825
4961
4972
4907
4907
4961
4997
2883
4968
4899
4961
4961
4961
4815
4017
4012
4015
3076
3146
3076
1699
4973
4973
4912
4907
4972
4129
4972
3144
4972
3145
3145
4961
4961
4972
4997
4997
4013
4967
3023
3145
4949
3023
3023
3023
4942
3023
3361
4060
4060
4061
3051
4820
4965
4128
3950
1472
1472
4968
3051
2588
2588
3146
3951
3951
4975
4907
4907
4127
4127
3146
3951
2824
3943
4975
3943
3096
3089
1463
832
274
2817
1850
1847
274
236
274
274
4126
4302
1850
4288
1709
2322
225
243
2339
2322
1547
592
4422
4374
4422
4935
2417
4456
4935
4935
4935
