2
110
4120
2624
2624
2588
1784
1629
1627
4123
131
2630
146
8
118
825
168
158
76
797
796
52
88
116
68
801
89
129
805
1632
30
35
35
60
2634
829
66
24
132
116
2597
128
19
67
136
2401
51
20
42
81
83
3418
2624
826
59
116
60
2624
2624
2504
1628
2563
69
144
3
2589
2499
67
29
174
2406
163
18
797
98
123
122
84
2583
26
33
108
47
36
30
30
60
147
23
48
922
126
4286
10
2586
1788
2576
3325
2504
2550
2624
2502
91
60
127
112
445
2624
2501
2550
817
105
2624
7
136
137
121
2629
36
30
108
147
4284
74
793
115
31
145
16
147
147
2505
17
481
138
43
2624
2605
2624
2626
95
920
38
2502
2629
74
2406
2406
79
801
174
1333
798
798
798
174
174
162
162
133
22
48
57
29
129
23
1333
1333
1333
129
798
798
798
29
798
1333
1333
798
23
80
22
799
1333
1333
799
79
812
74
79
74
799
18
799
80
227
494
226
1402
2475
773
1771
1770
2476
844
1508
513
513
2325
1479
1505
2423
2423
2446
1511
643
2247
307
571
773
873
818
2231
846
1397
2247
299
2373
1633
1635
227
1483
511
2422
1510
206
845
2307
1602
2289
831
1552
3893
873
873
2424
513
2424
228
1581
2431
691
886
1519
1405
1388
1777
1582
1584
1637
240
804
270
4687
1639
273
273
818
311
318
582
2374
439
273
2275
293
316
2265
1751
448
446
1764
2485
1687
291
323
598
294
2224
532
2210
2374
223
582
2390
1772
2480
2480
2246
225
2338
322
642
321
266
1511
460
458
1685
2225
402
2309
351
672
2238
317
603
597
313
1674
330
2300
341
415
506
346
347
333
607
371
431
2285
2285
1715
362
1715
370
2244
335
336
331
674
339
2227
357
1711
361
1718
608
359
2229
2194
540
432
429
2195
1709
1710
612
613
1693
429
1707
1708
366
1722
1690
374
2303
1724
1734
2302
1694
1695
1700
388
2318
392
391
1723
1806
625
1962
2355
1799
1802
393
1967
396
395
625
301
591
303
402
404
419
537
339
359
370
407
1697
1730
544
409
411
649
649
358
363
423
608
339
426
2202
365
372
1710
370
1712
1699
378
617
1705
1703
614
2205
1654
1482
308
1481
511
4998
437
2373
507
1390
277
583
2200
2265
585
646
2347
1797
496
681
320
276
652
577
4990
229
1651
247
2387
250
292
272
2326
1764
289
1775
2325
845
295
698
472
2248
413
602
1688
642
1682
2305
2264
804
691
2445
2463
907
1551
1552
491
491
897
897
1474
495
1793
1472
498
499
572
886
501
1382
503
2257
1508
364
2376
507
507
507
1793
2197
298
439
223
1406
1615
2373
2373
1390
2495
2470
207
2246
643
2892
1498
2337
2336
2336
1660
1681
1673
478
1682
478
476
524
533
534
1657
601
340
539
2244
406
1712
1719
542
1698
1731
543
545
1343
221
896
868
577
2330
2330
884
664
874
873
873
893
894
839
893
702
876
891
1406
233
1480
263
263
1542
1397
2237
2237
1633
1635
308
1396
1775
2437
777
1574
1638
1753
1768
2200
1673
1675
448
448
1579
595
1679
595
595
581
264
670
1678
606
606
342
2230
2204
610
338
336
332
332
360
1721
612
1701
1700
1734
1735
381
1736
624
618
389
627
620
620
384
626
1960
1800
2290
2294
2291
524
477
2223
2235
2210
634
337
421
363
538
426
330
307
232
289
1512
2481
296
283
2198
2212
650
458
2275
248
4998
692
579
1489
877
1405
891
898
898
2421
1573
1573
277
300
685
2248
412
2262
2312
2313
2312
673
425
2344
2316
676
2342
677
1725
387
1664
1665
1665
1666
478
305
1473
497
2431
845
898
2437
2437
280
2275
291
2214
1491
873
898
898
898
873
927
708
1435
788
771
1596
769
716
712
1593
1596
771
1417
742
745
727
769
732
749
210
500
749
500
1585
732
1339
1379
502
502
1353
510
875
502
1343
210
933
1419
713
731
740
744
1355
732
1354
1492
886
1343
1375
763
730
1416
759
924
1379
1585
661
732
732
1430
1418
1413
1374
1374
736
546
500
500
554
1354
1354
716
1367
1585
742
742
732
769
770
460
1400
463
463
221
895
895
2412
228
461
653
845
653
210
715
259
33
174
805
89
23
32
796
58
298
438
74
22
799
174
186
498
240
445
1762
1761
174
1333
1334
29
801
801
29
3313
1648
1640
1638
269
279
2207
1782
572
1628
1790
1790
4281
1474
494
1557
2385
834
1582
1610
2436
2465
2418
1498
2418
2431
1619
845
845
2293
907
1619
845
902
859
907
845
1619
1623
1622
2436
898
898
873
228
873
873
436
690
873
873
873
902
1619
873
873
845
1488
840
849
874
2383
2413
2468
2293
2380
2436
491
898
494
203
2380
2436
902
846
845
845
777
1407
702
1524
756
552
729
2330
918
916
4120
1791
1588
770
740
720
924
769
1594
727
1587
1589
724
722
749
1453
1453
1453
746
710
1442
1427
1428
704
1445
1433
951
754
1431
1434
711
755
1440
1424
953
765
1005
1328
1005
1006
1031
1006
1026
1328
1470
1456
1005
1323
1059
1242
1026
1005
1006
1024
1006
1008
1006
943
1056
1056
1468
1006
1470
1164
996
1005
1059
1024
1031
1292
996
1164
1248
1024
1031
1059
1164
1164
1031
1006
1024
988
996
1025
1469
1452
1025
996
1242
1006
1469
1006
1026
1469
1242
1328
1024
947
1457
1439
1444
944
1468
1448
1248
1006
1059
1005
1164
1248
1023
1295
1248
996
1456
1456
988
1248
988
1248
1031
1242
1242
1248
1005
1242
1024
1323
1470
1440
1026
1456
1015
1006
988
1248
996
1242
1242
1056
1328
1006
1242
988
1456
710
1466
1242
1242
1242
1208
1242
1242
1242
1242
1242
1242
1242
1242
1242
1242
1207
1207
1207
1242
1208
1242
1164
1164
1248
1248
1248
1242
1242
1248
1242
1242
1248
1248
1248
1248
1242
1242
1242
1242
1242
1248
1242
1242
1242
1242
1242
1242
1248
1248
1242
1248
1242
1242
1242
1242
1242
1242
1242
1242
1254
1207
1242
1207
1254
1254
1242
1242
1242
1242
1242
1254
1254
1207
1254
1248
1242
1248
1248
1248
1248
1248
1248
1248
1248
1242
996
996
1025
1248
1248
988
1248
1248
1254
1248
1248
1248
1248
1248
1248
1248
1254
1248
1248
1248
988
1248
1248
1254
1248
1254
1254
1254
1254
1254
1254
1254
1254
1254
1254
1248
1254
1254
1254
1254
1254
1254
1254
1236
1248
1248
988
1248
988
1230
1248
988
988
988
988
1236
1236
1248
988
988
1248
1236
988
988
1236
1248
988
988
1236
1236
1254
1254
1248
1248
1254
1254
1236
1254
1248
1236
1236
1254
1254
1254
988
988
988
988
988
988
1015
1006
1015
1012
1006
1006
1015
1015
1015
1292
1012
959
959
1309
959
1015
1012
1012
1309
1015
959
1309
959
959
1012
1309
959
959
1292
959
960
1009
959
1164
1164
959
1040
988
988
988
988
988
988
1059
1059
988
1059
988
988
988
1059
1006
1008
1005
1292
1006
1006
1006
1019
1292
1006
1008
1024
1027
1026
948
1470
1024
1024
1024
1464
1006
1006
1006
2608
102
129
33
29
211
886
1383
841
886
1490
868
577
876
877
1519
1383
250
2330
839
211
886
2330
884
1374
1559
2423
1405
221
2444
2444
2422
1518
1577
490
893
2475
691
702
1576
883
1490
2422
2422
513
1577
1571
841
887
894
490
2424
894
1520
1383
219
1655
2481
1654
459
505
275
1506
289
1606
4983
2349
1655
1776
1774
2237
1770
2218
2484
2349
2349
1401
2440
1402
1613
1405
2423
1405
2422
1405
2422
2422
1520
1523
1406
1523
654
573
573
1542
2451
220
309
2370
1634
1484
2384
769
759
722
1597
1599
769
717
727
1587
727
1589
1590
745
1415
719
736
931
1419
772
933
717
767
750
769
736
1423
1427
930
712
712
927
1436
1420
932
707
933
1423
753
746
1429
747
748
1427
704
789
765
703
706
1454
1453
1444
1444
1446
1440
1437
1452
1439
1454
955
1443
452
3975
1475
1793
492
1556
454
1393
1770
2381
2381
2381
2349
2349
1389
1389
2237
1391
643
444
2328
2319
2447
1488
1574
1490
1490
580
1563
880
845
2465
1553
2307
1388
1776
2481
2481
1606
1606
1764
1783
818
1768
1767
819
1509
1779
2491
883
5000
1611
579
1498
1537
263
573
463
263
1503
1479
1479
2276
455
1554
1555
1556
1399
1395
1395
1504
1395
1396
443
241
1568
3268
1539
850
888
1489
2320
863
1498
903
903
241
2327
2320
2466
4096
2490
866
880
2436
2434
2434
1487
1517
2371
1580
833
833
1583
1557
726
742
741
500
732
751
726
732
1586
732
742
731
1590
732
1590
766
732
742
732
1536
1568
4993
4101
3313
4103
4099
4992
1408
1408
2442
784
1540
2429
224
873
228
436
902
437
692
511
2422
4122
1630
4289
1410
2483
2715
4129
1412
2495
3009
3003
1390
2495
3003
1636
1754
2253
1754
2348
2253
1653
695
2269
1652
1647
652
1639
1757
1652
1643
2482
2491
2239
600
640
344
314
2335
1672
2226
1667
322
330
475
328
639
326
416
1674
344
535
1676
2208
671
475
2334
2299
1658
1683
605
1683
417
1686
348
1689
642
418
373
677
1727
1729
369
1730
408
543
1733
1740
1735
2345
1739
379
1740
379
1690
1706
1704
407
611
378
430
375
2341
614
542
1706
676
1722
380
2318
1737
383
385
1731
410
1732
1733
1725
619
390
624
1738
2318
1749
296
399
581
471
470
447
447
1744
593
2273
2233
2305
1751
648
412
2268
1755
2270
4894
1741
2377
278
479
697
2377
1764
1778
1769
1767
267
1781
1779
1654
2482
459
2197
275
289
223
1654
1506
2481
4100
1606
4997
2333
1641
1778
269
820
1780
822
2392
274
2508
2606
60
2599
124
2607
2499
2554
516
4289
4128
1798
1964
1808
1965
1818
1805
1969
1821
1823
2351
1821
1823
2354
2356
2352
1819
1820
1977
1822
1983
1825
1869
1840
1912
1830
1918
1935
1832
1832
1830
1938
1829
1839
1838
1838
1835
1925
1843
1893
1927
1929
1847
1901
1931
1851
1851
1892
1854
1899
1914
1938
1834
1937
1833
1830
1937
1918
1864
1833
1831
1831
1842
1881
1838
1882
1946
1925
1831
1870
1946
1842
2149
1891
2153
1886
1847
1888
1882
1826
1892
1892
1890
1892
1892
1952
2156
1950
1886
1908
1896
1901
2147
2154
1912
2160
1858
1899
2157
2155
1843
1877
1844
1832
1864
1861
1843
1923
1925
1928
1948
1893
1923
1892
2159
1896
1914
1868
1937
1861
1861
1831
1877
1882
1882
1888
1925
1883
1948
1888
1915
1851
1952
2167
1851
1929
1956
1956
1898
1807
1959
1975
1972
2351
1801
1814
1966
2350
1804
1962
1800
1973
1974
1975
1977
1976
1988
1984
1981
2363
2356
2090
1984
1984
1986
2190
1988
2002
1992
1991
2014
1992
2008
2166
1999
1999
1999
2000
2003
2001
2001
2110
2072
2103
2103
2011
2011
2009
2010
2055
2050
2012
2053
2008
2074
2017
2072
2072
2031
2021
2120
2032
2034
2077
2036
2187
2357
2034
2032
2028
2358
2041
2039
2095
2044
2100
2041
2098
2095
2044
2095
2044
2058
2051
2062
2017
2185
2054
2057
2058
2056
2059
2070
2060
2061
2059
2087
2066
2038
2067
2092
2069
2069
2110
2111
2074
2075
2030
2079
2083
2083
2042
2084
2044
2044
2084
2065
2088
2089
1985
2093
2181
2178
2180
2180
2101
2098
2102
2118
2063
2119
2105
2107
2108
2009
2107
2120
2114
2114
2075
2123
2128
2115
2119
2124
2125
2131
2129
2132
2134
2127
2127
2139
2136
2134
2081
2080
2364
2083
2082
2086
2083
2084
2084
2039
2084
2003
2149
2003
2147
2001
1921
2003
2104
2152
2152
2147
1891
2154
2011
2154
2154
2159
2160
2160
1999
2160
1911
2161
2153
2151
2153
2146
2166
2149
2149
2174
2143
2143
1813
2101
1983
2181
1822
2031
2185
2186
2187
1980
2189
902
4886
541
427
1713
307
2231
2231
2199
315
312
2236
2206
2193
540
352
2230
2235
2209
2202
1748
218
2219
2221
2220
2242
2215
2215
2232
2250
505
279
1766
1511
2222
2240
324
325
345
421
368
2195
2196
2243
1766
414
2249
449
593
269
1765
1765
2239
603
1743
1779
820
428
1720
1389
505
1771
644
644
2216
2271
1747
2260
683
2253
3013
684
590
648
584
522
1636
2217
519
517
2296
647
303
685
1646
288
2241
504
579
2274
450
2491
2277
596
2285
2281
2343
613
615
2368
355
615
2259
286
450
234
1679
1659
2297
1398
2299
1679
2299
2309
2310
329
355
622
2345
592
592
2336
2481
447
2312
671
2313
2314
674
675
2315
2316
373
2317
2346
2355
1602
2473
889
453
2482
1609
1608
1485
290
850
580
881
1639
1652
1507
475
2311
595
594
1677
2340
605
621
1724
614
2342
1971
678
628
1755
2481
274
1802
1815
2354
2351
2356
2036
2100
2046
2039
2086
2182
2039
2138
2178
2291
519
629
224
225
2480
223
277
1774
2242
643
2247
582
2207
571
223
207
2480
297
296
492
2379
497
2380
218
2213
1772
2218
1409
1538
2246
2213
2213
2373
1769
2375
2427
434
2378
1758
284
1780
2219
2391
115
47
98
201
801
2403
74
74
74
74
74
74
799
22
22
22
209
2410
2424
212
2475
1397
1397
1392
2429
2247
2440
207
436
1569
1502
1401
1478
1553
1523
511
1502
1551
1397
1771
455
1400
1550
654
2383
1601
255
690
2380
1410
2387
2479
1614
2443
1405
1519
1520
1520
1523
1523
1542
1523
2431
777
1392
2328
2289
573
263
263
1504
263
1479
2276
2276
1485
1514
1514
837
784
773
4973
2790
4127
2319
2478
2441
2476
2380
228
205
2424
2423
513
1405
1405
2442
2451
2451
2475
2410
2410
1403
1403
1405
1404
2443
2443
644
2237
2237
3294
438
2491
2374
2374
438
1631
2715
438
2739
3910
4991
4984
3313
2389
666
666
666
4895
1773
2493
1387
2513
2580
2510
2510
3417
2588
2626
2587
2626
2503
2619
2618
4897
2611
2611
3300
4909
3310
2644
3286
3291
2574
2581
2581
2590
2654
2582
2523
2552
2999
2552
2529
2529
2560
2510
2623
2516
2546
2530
2997
2542
4902
2571
2511
2644
3298
2573
2644
2579
2519
2574
2610
3417
2551
2526
2553
2629
3417
2626
2588
3004
3829
2616
2609
2570
2532
2540
2528
3293
2582
2667
2667
3292
3292
3292
3834
2577
3835
2579
2520
2527
2582
2599
4909
2524
2524
2536
2530
3292
2584
2541
2611
3320
2606
2586
2518
2615
2626
2554
3417
3417
2540
2520
4283
2600
2542
2600
3417
2533
2559
2510
2627
3417
2633
2551
2526
2514
4283
2536
2524
2536
2536
2535
2760
2570
2623
2619
2618
2586
2599
3323
2551
2617
4282
4282
2626
2560
3417
2590
2511
2618
2540
2629
2667
2667
2667
2667
2667
2582
2667
2566
2566
2566
2566
2667
2667
2667
2667
2566
3831
3293
2566
3831
3292
2584
3293
3293
2517
2582
2582
2582
2528
3293
3293
3293
3293
2566
3293
2582
2528
3293
3293
3831
2566
3293
3293
2566
2667
2566
2667
3974
2667
2667
2566
4909
2566
3831
2986
2694
2694
4980
4915
3393
4039
3891
4004
4917
3866
4009
3374
2755
4267
3366
4982
4006
3140
2796
2798
3374
3376
3365
3367
2796
3354
3979
3064
4875
2695
3066
2988
3982
2796
2697
3354
4852
3984
4003
4001
2732
4000
4002
3343
3376
3372
3373
2740
2978
3840
4021
4852
2765
2732
3302
4132
3969
2757
4077
4266
4776
3303
4265
4164
2767
2768
4878
4244
2781
4720
4720
2784
2933
4995
4138
4008
4183
2968
4182
4843
2813
4149
3026
3077
2786
4878
4878
2713
4708
3896
4877
3896
3088
4842
3090
4839
4839
2761
4263
3899
2783
4179
4157
4152
4167
2895
3137
4736
2814
3093
2893
2893
4171
4171
2817
2815
3099
3134
2908
3136
2910
3169
3173
2860
4781
2915
2853
2857
2914
4206
4688
3135
2837
4815
3137
2840
4725
2825
2824
2843
3104
2917
2918
2846
2846
4689
3105
2850
2852
4692
2859
4215
2863
4214
4205
4210
2922
2855
2856
4217
4191
4202
4805
2901
4846
4221
3111
4187
4190
2903
4850
2881
2883
2874
2887
4302
3039
3176
4465
4467
2882
2880
2883
2886
4471
2795
303
590
592
3028
4152
2895
3137
3030
2918
4206
2899
4191
4224
3114
4464
2905
3144
2827
4725
2823
2916
2898
2898
4706
2856
4204
4215
4206
4206
3107
4201
4208
4199
4214
4195
3096
4008
2699
3069
3341
4115
3340
3376
3896
4877
4877
4888
2930
2931
4892
2492
2492
2936
2973
2762
3016
2785
2766
2943
3252
2697
3986
4830
3909
4920
2782
2799
4265
2765
4004
3141
4001
3357
3079
4256
4891
4816
3090
4181
2970
3090
480
689
4935
3149
2747
2747
3357
4067
3368
3393
4940
3393
2986
2992
2987
3066
3972
4078
3971
2693
3972
2693
3881
2759
3161
3300
2942
4009
2845
4270
3897
3897
3890
2717
2788
2788
2931
4007
4119
3341
3152
4877
4877
3064
4109
3896
4743
4743
516
4174
1664
2810
4840
4166
2809
2794
2793
2792
2795
4160
524
4711
4711
2925
3029
3031
3032
3034
3034
3035
2899
3036
4192
3038
3039
3854
3071
3880
3048
3228
3046
3157
3838
3368
3368
2702
3397
3396
3387
3387
3152
4046
3269
2954
4037
4745
4735
2707
3065
3972
2797
3141
4071
2978
3384
2757
4131
4276
3317
4717
3025
3081
2933
2777
4074
4174
4174
4174
4840
4243
4838
4838
4802
2820
2817
2832
4728
2829
3105
4724
3134
2822
4815
2916
3105
4203
4819
4193
4200
3115
2871
3117
3118
2873
2879
4296
2879
3122
3119
2877
2887
4296
2809
2809
631
2795
3304
2942
3131
2930
3001
3002
2844
3032
3032
3168
4729
2723
2765
4272
4763
3145
2773
4719
2799
3148
3280
3280
4114
3988
3189
3369
4071
4939
3842
2702
4878
2769
2769
685
2964
3166
4814
2911
3170
2911
3172
2917
2848
4215
4215
2862
4218
2902
2878
4841
4839
301
591
2795
683
2795
2945
4938
3152
3342
4942
4941
4942
3190
2780
4696
3853
4071
3368
4067
3368
3198
3198
3927
3936
3428
3283
3929
3425
3423
3935
3242
3945
3950
3202
3933
3932
3923
3210
3212
3212
3263
4090
3265
4091
3236
4088
3232
4080
3226
3259
3227
3266
3247
2750
3238
3254
3262
3240
3209
3208
3249
3424
3420
3236
3219
4081
3236
3282
3416
3239
3923
4084
3927
3206
3940
3426
4085
3226
3215
3837
4082
3943
3929
3938
3251
3873
3918
3254
3217
4085
3259
4085
3238
3923
3935
3242
4089
4090
4082
3265
3235
4086
3233
3899
3894
3140
3878
2724
3862
3379
3363
3057
3057
2953
2747
3354
3354
3201
3428
3981
2582
2667
2760
2582
3301
3291
2525
2525
2788
3294
2667
2566
2667
2667
2667
2693
2760
3969
2762
807
2582
2582
2582
3293
2528
2667
2528
4280
4274
4266
4275
3075
3316
4717
4710
4278
3973
2993
2610
2610
2628
2626
3326
2992
4822
3985
3383
4077
4777
2998
3346
3329
4937
4073
4938
3149
3354
3354
3357
3357
4925
3149
3345
2747
3354
3149
3354
3149
3357
4071
4067
4942
3367
3367
3368
2998
3369
3367
3367
3354
3356
3354
3330
3387
3352
4030
3339
4070
3352
3352
4030
2998
3387
4942
3387
3387
3368
4072
4884
3326
3186
3186
3186
3387
4072
3149
3354
3354
3149
3150
4020
3848
3284
3282
4055
3220
2626
2554
3218
4088
4091
3916
3422
3913
3203
3918
3425
3921
3241
3214
3512
3431
3431
3438
3961
3951
3431
3945
3519
3521
3960
3431
3443
3512
3474
3958
3200
3438
3953
3961
3954
1308
1015
1164
1214
1220
941
972
1015
1208
1145
960
943
1256
1057
1057
960
974
1256
1470
1006
1027
1006
1008
3519
1027
1015
961
1129
1164
1160
1302
1302
960
1053
1248
1040
1129
1256
1306
1164
1164
1129
1256
1065
1323
961
1217
1308
1308
1465
1045
1168
1145
1045
1164
1308
1312
1027
1308
1006
1006
1308
3431
3431
3431
3519
1465
3431
1461
1242
961
1323
1065
1208
1164
1312
1164
1164
1168
1465
3961
1040
1248
1168
1256
1239
961
1145
1145
1164
1269
1208
961
1027
1308
1057
3519
961
1312
1164
1241
1011
1164
1136
1040
934
1015
1285
1129
1248
3199
3438
1248
1241
1145
1208
1148
1148
1148
1145
1148
1148
1148
1148
1148
1208
1208
1148
1148
1148
1148
1148
1148
1129
1164
1164
1040
1164
1164
1129
1129
1208
1208
1129
1208
1164
1194
1207
1164
1142
1142
1142
1208
1127
1207
1207
1148
1208
1142
1148
1208
1148
1129
1164
1164
1142
1142
1148
1142
1148
1148
1148
1148
1148
1142
1148
1148
1148
1142
1142
1148
1148
1148
1148
1148
1142
1148
1164
1207
1168
1207
1145
1208
1194
1164
1168
1110
1194
1164
1168
1214
1045
1194
1110
1207
1242
1207
1207
1207
1207
1207
1207
1194
1207
1244
1207
1207
1207
1207
1207
1207
1207
1207
1194
1194
1207
1142
1207
1207
1207
1207
1207
1207
1207
1207
1207
1207
1207
1142
1207
1207
1207
1207
1207
1207
1207
1244
1244
1239
1244
1239
1207
1248
1244
1242
1244
1244
1232
1239
1239
1232
1244
1244
1232
1256
1239
1232
1232
1244
1232
1232
1232
1244
1244
1244
1244
1244
1244
1244
1244
1244
1244
1244
1244
1244
1244
1244
1244
1190
1232
1248
1248
1232
1232
1232
1311
1015
1015
1311
1314
1312
1015
1015
1015
1311
1311
1311
1271
1015
1012
1311
959
1311
1311
1015
959
1015
1309
1311
1309
1312
1312
1015
959
1309
1311
1311
959
1309
1309
1311
1311
1309
974
1248
1232
1248
1256
1256
1302
1306
1256
961
1232
1248
1256
974
1000
1006
960
960
1309
1312
1314
1015
1006
1006
1308
961
1027
964
1057
961
961
961
1465
1308
1015
1015
2633
2533
3293
2523
2582
2528
2528
3006
3382
3048
3881
3989
3850
3071
4021
2949
3991
3057
3006
3881
3237
3194
3044
3224
4947
3372
2741
4920
3394
3389
3394
3050
3160
3153
2740
2741
3160
3333
3074
2927
3374
3395
4021
4021
4880
4005
2779
2952
4708
4006
2756
4148
2952
3892
4272
4269
4744
4273
3887
4005
4005
4981
4978
3906
3007
3906
4119
4019
3878
3059
3878
3059
3070
4039
2706
4954
2718
2696
3909
4875
3009
4087
3267
3921
3263
3263
3419
3917
3913
3424
3919
4087
4092
3914
3914
3250
3928
3207
3250
3915
3931
3918
3914
3927
3931
3929
3428
3427
3451
3951
3204
3928
3206
3283
3204
3229
3940
3925
3208
3939
3950
3250
3230
3927
3927
3231
3948
3955
3521
3443
3958
3946
3439
3439
3958
3437
3512
3431
3431
3431
3519
3963
3519
3826
3431
3432
3562
3519
4876
2986
2988
2988
2990
2697
4887
4273
4852
4267
4877
4877
2789
3892
3889
3889
4269
4743
2937
4879
4822
3329
4070
3330
3988
4054
4833
2980
3353
3357
4000
3978
4828
4810
3892
3892
2779
4008
4262
4263
4715
4893
4263
4265
4280
3153
4055
3983
4974
4823
4012
3878
2724
2724
2724
2724
2724
2724
2755
4001
4001
4048
4060
3331
3976
4076
3981
3980
4003
3895
3895
3978
4829
2944
4775
2991
4052
3362
3987
4070
3346
3400
3343
3352
4105
4974
4823
4823
4969
4096
4823
3400
3400
3387
3339
3335
3329
4032
2998
3339
4971
3985
4076
2938
4078
3222
3221
3219
3235
3222
3245
3248
3258
4093
3234
3256
3257
3211
3215
3215
4082
3218
4085
4064
4059
4102
4101
4100
3898
4946
3905
4955
2926
4972
4036
4933
3367
3340
3342
3342
3187
4115
4287
3320
3972
4916
4126
3910
3911
3897
3897
3003
3897
3897
3897
2950
4751
4136
4132
4135
4835
4146
2764
4139
4133
4141
4253
4143
4254
4255
4836
4147
4008
4100
4721
4705
4152
2833
4167
4167
4737
4730
3090
3091
4171
3169
4162
2831
4165
2816
3027
2894
2894
4150
3029
4838
3169
2802
4151
4801
2819
2832
4844
4180
2816
4161
4161
3169
2900
2869
4220
3112
4222
2858
2900
4224
3038
4234
4185
4228
4229
2865
3175
2866
4191
4185
4211
2899
2919
2868
2919
2921
4845
4196
3037
3108
2899
2874
2902
4821
2872
4231
3118
4226
3114
4225
3113
4219
3116
2880
4783
3119
4850
3132
399
4756
4748
4789
4758
4758
4241
4243
4244
4746
4763
2965
4249
3165
4757
4871
4145
4882
4258
4996
1759
3128
2791
441
4266
4275
4716
4893
3314
4893
4276
2779
2951
4880
3089
4880
2779
2765
4148
2779
4144
4274
4134
2758
3315
4277
4716
4278
4146
4837
2628
271
2504
2614
4285
2620
2586
2521
4124
4292
4268
4462
4859
4309
4320
4468
4301
4471
4462
4305
4294
4317
4856
4466
4309
4309
4313
4314
4316
4317
4319
4304
4429
4420
4407
4418
4418
4418
4362
4328
4418
4417
4374
4370
4421
4360
4368
4338
4644
4391
4383
4390
4647
4390
4395
4654
4390
4393
4654
4390
4658
4657
4407
4657
4417
4363
4328
4436
4363
4328
4329
4332
4332
4362
4381
4641
4343
4360
4437
4378
4327
4360
4437
4380
4643
4327
4644
4642
4406
4421
4642
4390
4649
4406
4450
4390
4650
4656
4655
4435
4406
4509
4653
4646
4410
4655
4608
4407
4510
4658
4608
4395
4407
4654
4436
4420
4393
4362
4420
4364
4421
4338
4650
4420
4419
4457
4450
4646
4357
4393
4647
4608
4509
4367
4437
4367
4368
4363
4340
4372
4644
4433
4420
4421
4385
4390
4641
4390
4663
4350
4661
4395
4649
4658
4511
4434
4462
4462
4463
4462
4305
4305
4320
4858
4299
4853
4475
4859
4464
4462
2877
4491
4479
4481
4476
4319
4311
4318
4479
4479
4486
4486
4315
4300
4490
4502
4672
4549
4513
4617
4519
4519
4611
4611
4502
4552
4603
4504
4611
4563
4606
4615
4614
4612
4549
4555
4514
4555
4519
4533
4527
4576
4576
4683
4532
4527
4629
4634
4861
4540
4544
4534
4683
4540
4677
4597
4546
4546
4545
4598
4318
4598
4545
4598
4545
4318
4545
4550
4550
4564
4683
4533
4590
4590
4590
4572
4561
4561
4571
4564
4564
4561
4571
4545
4593
4570
4571
4590
4611
4576
4631
4865
4634
4542
4596
4539
4546
4546
4545
4545
4545
4571
4487
4486
4590
4679
4478
4478
4674
4856
4318
4318
4318
4318
4600
4565
4563
4618
4624
4613
4613
4611
4619
4868
4626
4624
4623
4565
4624
4565
4582
4582
4633
4632
4565
4586
4636
4636
4583
4638
4638
4539
4584
4569
4546
4545
4545
4545
4548
4503
4639
4437
4641
4508
4504
4641
4504
4617
4604
4608
4608
4608
4608
4608
4608
4511
4610
4511
4609
4607
4658
4509
4552
4507
4642
4672
4642
4362
4363
4363
4856
4319
4856
4307
4479
4867
4488
4684
4482
4855
4686
3354
4687
4207
2920
3076
4739
2784
4712
4698
3163
4704
4703
4726
4742
2841
3096
2769
3163
4706
2842
4707
2719
2772
4716
4271
4739
2801
4702
4774
4740
4729
4716
4263
2769
2806
4156
4722
4738
2834
4723
2847
4691
4727
2846
2907
4731
2951
2771
4244
3316
4006
3314
2807
3099
3129
4734
4006
3316
3035
3891
4735
4735
3089
3891
2952
4235
3000
4748
683
4133
684
399
4794
4130
2940
2962
3147
4762
4808
4809
4766
4249
683
4770
4771
4733
4245
4000
4790
2780
4147
3092
4785
2849
4781
2923
4847
4296
4789
3110
2774
4789
3984
4177
4828
2810
4173
2803
3978
2802
2802
2803
4152
4151
4785
4780
4197
3116
4173
4795
4792
2947
4874
2833
2911
4814
2911
3172
2917
2848
4206
4202
4184
2901
2902
4464
4095
3357
3399
4823
3400
3888
3888
4049
4051
2980
4834
4054
2946
4836
4836
2804
2833
4802
4802
4802
4178
3102
3115
4218
3108
4202
4473
2903
4873
4873
4142
4142
4467
4319
4304
4305
4319
4598
4598
4593
4674
4546
4545
4678
4539
4545
4545
4752
3017
3124
2985
2708
2709
4075
3139
4271
4745
4743
4007
3318
4979
4693
3896
3896
3896
4882
2720
4883
3186
4940
3186
2719
4885
4885
4744
4944
3976
3896
4743
4744
4888
4886
4108
2710
4258
4995
4264
4693
4710
4145
2654
2654
2667
2667
2668
2566
2667
2566
2566
2566
2667
2566
2667
2566
3293
3293
3293
3831
4913
4977
3371
3389
3140
4934
3979
4976
3982
4115
4000
3901
3977
4952
4923
3152
3152
3342
4119
2747
3140
3140
4796
3894
2747
2747
3862
4015
2746
4889
4883
4940
3387
3186
4890
4944
3902
3905
3271
4019
4018
4019
3059
4019
3068
3875
3152
2747
3152
3891
3891
3986
4047
2955
2955
2954
2724
2755
2755
2755
2755
4002
4002
4791
4791
4049
3331
4975
3907
3285
4943
2948
4796
4048
4978
3902
4941
3388
3368
2929
3906
4016
3271
3279
4941
2984
4930
3903
2929
4946
4946
3889
4269
3324
3294
4101
4878
4984
2788
3900
3294
3294
4993
4279
2768
4137
4994
509
509
509
2494
4270
507
2789
1899
1899
2157
3398
491
2159
3376
3367
3376
