83
2695
128
31
90
33
127
92
33
836
35
35
138
82
83
155
114
460
2652
131
2650
2681
848
2592
4888
2743
2653
2653
2593
2628
2704
2407
2743
2658
2628
2745
81
130
2707
102
2616
2750
2600
82
2700
2653
1844
2650
2622
4313
2620
2592
2650
2618
279
135
1625
3015
3015
2664
33
33
128
1497
53
32
42
81
126
26
127
130
2712
2651
2678
2609
2662
2712
2621
2617
2589
2570
3386
2728
2654
4886
2708
2730
2654
2697
2770
2740
2712
2699
127
133
507
60
85
1846
2608
27
847
90
128
92
83
2616
2745
2600
30
2591
33
26
85
36
2704
90
90
281
2436
276
2665
2761
2728
2728
2768
2646
2588
2656
2702
130
2681
1845
84
85
2607
511
2680
93
2627
874
2591
90
128
33
90
32
1845
110
84
2647
2656
2651
2651
2651
2651
2651
2654
2654
2654
2697
2651
2651
2651
2678
2661
2656
2661
2662
2662
2697
2658
2656
2651
2651
2651
2654
2658
2658
2697
2697
2656
2654
2654
2697
2661
2679
2656
2656
2656
2656
2651
2651
2656
883
2651
2656
2651
2654
2708
2697
2656
2357
2354
1655
2533
815
1424
1352
884
4127
1560
1356
1357
1353
813
599
477
858
260
2355
1603
4801
1581
1581
921
2518
1561
884
1618
2436
1615
4803
1627
2530
2530
4175
2306
3405
569
1357
570
465
465
4108
465
2362
465
465
569
465
684
684
684
2539
2539
1357
1626
2362
2362
2362
465
465
465
301
2360
3029
3029
3378
4161
4299
4662
1599
4169
2826
4801
3217
4682
3216
4051
2830
2873
1694
1688
2369
4168
3036
2830
4807
4164
732
732
850
4736
4296
4029
4693
4693
4667
3027
2835
4164
2866
731
1799
2369
1688
1694
475
591
219
1586
4167
3092
3091
2884
4809
4163
566
4746
3027
3027
4215
4189
2887
3234
3234
4164
3167
2842
3097
3099
4194
4182
2874
2852
4751
4775
4191
4193
4711
3105
4701
3204
2901
2900
4754
2900
2920
3110
4790
2894
4212
2996
2909
3177
4758
3205
2911
3172
3172
4674
3110
2919
3240
4699
2921
4234
4755
3115
4664
2929
2985
4234
4234
4234
4227
4819
3194
4241
2991
4217
4250
2941
4223
4248
4817
3182
4256
2975
4244
2954
2954
2951
4328
4331
4327
4477
4470
4335
4469
4323
4828
4467
4322
3232
701
2888
2888
3234
4202
4786
3235
3112
3113
2933
4216
4246
3243
2949
4339
1685
1685
2919
2899
2892
2890
4697
3207
4788
2920
4759
2928
4716
2918
3114
2937
4819
4227
4238
2992
2939
3168
2997
480
1570
2364
1524
1524
1415
1501
1688
2279
1798
284
732
1684
656
3146
4094
4871
549
657
657
4159
4706
779
1627
2430
3231
2811
916
781
3028
3218
4051
4047
3024
2359
301
568
569
569
465
465
465
1581
1581
731
298
1684
298
4676
3093
3093
2855
3199
656
460
2539
2539
471
570
465
570
2539
2539
1609
1610
1518
2357
1517
3378
4960
1599
1599
777
3015
777
276
4157
4127
2899
244
809
1517
1683
1839
1607
1607
1840
1523
2511
1584
1585
220
249
548
3089
3247
3247
3248
657
292
657
3154
3215
3195
3091
3251
3040
4208
2888
3168
2907
3237
4788
2988
3239
2971
4243
4243
4229
4247
4329
777
465
465
465
465
465
954
779
779
465
957
957
957
1607
2492
881
471
570
471
570
465
465
2492
2492
953
570
570
570
1401
270
1660
1425
681
1517
2516
568
568
1369
2492
1369
953
1581
878
1556
4809
4158
4988
1692
1799
731
732
850
1560
3248
3159
3161
3161
4841
3387
4206
4204
2854
4695
2875
3177
3238
3238
2978
3174
2893
4186
4687
4698
2922
2930
4230
4225
4219
2932
3185
4258
3190
4830
2948
2956
2956
3191
2952
4756
4329
4470
3102
657
3199
3251
3251
3251
4808
4883
2298
2298
2906
2906
3173
4786
2903
3103
1695
1696
4176
4045
4044
1686
1685
1685
4166
4171
4746
3217
1581
2539
2539
2530
1596
1556
465
465
465
1369
956
953
471
956
777
1556
1683
4275
4273
298
298
732
4197
2964
3108
4678
3109
4679
4700
4663
3181
4244
4478
2958
3247
3089
2961
2961
3247
277
1583
953
956
953
953
2492
953
2976
2976
4667
1685
731
953
953
953
2492
1458
772
746
757
1448
1447
1455
1475
751
1443
1448
756
1453
1444
1641
962
1445
955
774
758
1641
758
779
954
781
777
774
954
465
777
777
954
743
1475
750
760
961
958
963
958
963
777
779
1454
1633
1464
1460
756
954
758
954
954
961
741
1458
749
954
779
1455
1629
757
958
777
957
1475
957
757
955
1641
774
962
961
822
1508
480
956
471
471
2539
2539
465
570
471
570
570
465
465
465
1577
953
471
953
786
1452
816
2589
2651
2201
2651
2651
2201
460
1842
2681
1829
2369
1679
2697
2656
2651
2651
277
2201
2823
4732
4739
2651
2654
2654
2658
2697
2651
2651
2697
124
4300
4299
4307
4173
2444
1798
2402
2436
507
1625
278
837
2357
4803
4762
1643
2702
1555
1606
1613
2530
2353
4987
1560
1500
1581
2539
1581
570
2539
2539
2362
1581
2530
1581
953
684
953
2539
2539
2539
1581
1581
2539
2362
2362
2362
1581
1607
1378
1524
2492
881
2355
1524
881
2353
2510
1524
1378
1524
1524
953
2492
953
471
471
1556
1607
1607
2530
2530
1582
1500
4987
1613
2530
876
2510
880
2510
1607
876
1607
684
879
1581
2362
1581
2362
2362
2362
465
465
779
963
2530
779
1629
35
135
758
758
1445
1446
1446
1447
807
1451
1443
1444
758
1477
988
981
1092
1483
1471
1468
981
1485
1466
1477
792
1491
989
1465
793
1092
801
1482
782
1332
1320
1025
1009
1054
1489
1050
1332
980
1270
1026
980
1025
1048
1050
1032
1076
1026
980
1050
980
988
1489
1320
1055
1032
1032
1026
1076
980
1280
1026
1025
1025
1026
1000
1032
1320
1018
1009
1000
1051
1009
1051
1490
1051
1320
1270
1009
1025
1332
1496
1332
1270
1320
1055
1489
988
1483
1491
1496
1270
1332
1012
1032
1280
1032
1012
1051
1025
1026
1490
1273
1026
1318
1026
1032
1009
1270
1025
1025
1051
1270
1055
1490
1092
980
976
1332
1032
1026
1025
1078
1025
1033
1050
1009
1025
1026
801
988
1050
1032
1270
1094
1094
1270
1094
1270
1270
1253
1270
1094
1270
1270
1270
1270
1094
1094
1270
1270
1025
1270
1025
1032
1025
1025
1280
1270
1025
1032
1025
1025
1032
1032
1270
1270
1025
1237
1032
1032
1025
1270
1270
1274
1274
1237
1274
1270
1270
1025
1274
1237
1270
1237
1270
1248
1237
1237
1308
1237
1237
1237
1237
1308
1237
1237
1237
1237
1270
1237
1237
1237
1268
1249
1273
1032
1246
1025
1032
1032
1032
1032
1032
1032
1032
1246
1031
1026
1009
1032
1032
1032
1032
1032
1032
1032
1246
1274
1032
1032
1246
1032
1274
1246
1274
1032
1246
1032
1032
1237
1237
1237
1237
1237
1246
1246
1246
1244
1244
1244
1237
1274
1246
1244
1244
1237
1237
1237
1237
1018
1032
1032
1032
1032
1018
1032
1032
1018
1026
1026
1018
1018
1018
1018
1018
1018
1018
1018
1032
1018
1026
1018
1018
1309
1032
1032
1032
1032
1246
1032
1274
1032
1032
1032
1032
1032
1032
1244
1246
1018
1018
1018
1018
1026
1026
992
1009
1320
1332
992
1009
1054
1054
1054
1054
1280
1282
1282
1323
1282
1282
1324
1324
1324
1054
1338
1282
1323
1324
1320
1054
1297
1280
1323
1323
1282
1282
1051
1026
1026
1018
1018
1026
1026
1026
1026
1026
1026
1026
1320
1320
1026
1026
1009
1327
1332
1332
1332
1320
1320
1055
1012
1050
1050
1048
1012
1081
1490
1496
1332
1320
87
84
2658
2654
2654
2654
1369
777
465
777
780
777
465
465
465
465
465
465
779
781
957
570
570
570
957
1369
777
777
465
465
779
779
465
465
465
465
465
465
465
465
1607
953
953
1369
465
465
465
1369
1369
1369
1607
777
465
2539
2539
1369
1369
956
471
1369
1580
471
471
471
465
4783
2554
3933
1853
2338
2370
1645
2338
1407
3919
4018
459
459
3927
1824
1408
1539
672
2359
1504
1407
1518
2326
908
266
1523
471
681
900
940
2468
1431
803
775
1444
758
758
961
1446
1447
807
760
1636
1636
1445
753
1443
746
750
756
1460
1453
749
1460
1446
1454
828
741
746
1464
1459
1470
743
1456
1459
1459
746
1464
793
1466
1092
791
1469
792
801
801
1466
747
1480
1474
1482
1482
1485
747
984
988
1480
1092
1482
4071
875
1516
1599
4070
1537
4128
4043
1539
1822
770
2360
1504
273
600
1425
2807
4914
4080
4795
1582
1556
1556
777
781
465
2530
2530
1581
1581
1581
2362
2362
465
2306
2306
3932
4783
4128
4045
4046
3212
4295
2804
3389
1694
1689
2822
1687
4284
4306
777
781
4090
1597
1613
4130
956
471
471
570
570
570
465
465
465
465
465
465
465
465
465
465
465
2362
1606
4095
4070
1574
1355
1356
569
1354
569
569
569
469
3409
4958
4763
4914
4071
1556
1556
1613
1613
1613
1613
4056
1613
1613
4987
4958
1613
1613
1560
2353
2353
1598
1643
1560
1598
1598
1515
4013
4071
4081
4960
955
955
958
1633
1633
774
758
961
958
1633
962
1633
955
757
758
4130
4069
4020
4714
2790
4705
4955
4964
2365
1554
814
2539
684
953
684
879
2539
2539
2539
2539
833
1497
30
212
1623
212
1428
1434
1618
1584
4735
4267
4158
4158
4688
4160
2824
2824
4745
3389
4723
4269
4262
3151
2825
3217
4682
3217
4670
4707
4053
3069
4291
3166
4215
3164
4187
4187
4188
2866
2852
4816
2884
4196
3104
2873
4192
2852
4775
3041
3041
4190
3209
3040
3209
4194
2962
3158
2867
2868
2843
3262
2881
4192
2852
4211
4669
2855
4686
2936
4245
2938
3190
3189
4254
4818
4794
4255
4249
4220
3185
3191
4778
4253
3183
4817
4222
4237
4217
4231
4232
4226
4218
3184
4228
2993
3241
2940
2990
4473
4251
4476
3193
2944
4821
4822
2975
4320
2950
3194
2946
2946
2953
4257
4472
298
298
298
548
4841
4274
850
732
850
850
4157
4728
4883
3199
298
732
732
4263
4263
3151
3230
2857
1684
1686
1686
1691
3017
3036
2367
4826
4826
2565
4288
1687
4174
3024
3933
4980
285
1553
1853
2387
4298
4127
3030
3920
4046
3392
3389
4299
4174
2444
1692
2385
4303
4302
846
3365
190
2703
2619
53
85
54
846
723
2423
887
4557
4464
4526
4526
4518
4528
4483
4482
4578
4543
4606
4599
4548
4517
4496
4518
4520
4523
4606
4544
4509
4547
4341
4341
4434
4341
4341
4346
4341
4341
4341
4341
4341
4341
4341
4441
4441
4341
4441
4434
4434
4341
4434
4341
4434
4434
4434
4434
4434
4434
4434
4434
4434
4434
4341
4430
4430
4341
4341
4346
4441
4341
4341
4346
4341
4441
4441
4341
4341
4341
4341
4341
4341
4341
4441
4441
4441
4434
4434
4341
4434
4434
4341
4434
4441
4341
4434
4434
4434
4434
4434
4434
4434
4434
4434
4434
4434
4434
4434
4434
4434
4434
4434
4434
4434
4341
4434
4430
4341
4341
4341
4341
4341
4341
4341
4441
4341
4341
4434
4434
4434
4434
4341
4341
4441
4341
4341
4341
4341
4434
4441
4341
4341
4341
4341
4441
4341
4434
4434
4434
4434
4434
4434
4434
4434
4555
4579
4832
4652
4574
4486
4335
4334
4658
4532
4339
4487
4655
4837
4613
4651
4571
4523
4357
4568
4636
4635
4493
4357
4357
4357
4357
4561
4523
4430
4430
4430
4434
4434
4434
4434
4434
4434
4434
4434
4430
4441
4441
4441
4434
4441
4441
4434
4441
4434
4434
4434
4430
4434
4434
4434
4434
4434
4434
4434
4434
4434
4434
4434
4434
4434
4461
4434
4414
4459
4414
4461
4414
4459
4414
4456
4456
4443
4452
4495
4502
4641
4641
4443
4394
4396
4430
4430
4441
4434
4434
4434
4430
4430
4430
4430
4430
4441
4441
4441
4441
4350
4424
4375
4374
4430
4430
4430
4434
4434
4434
4434
4459
4342
4342
4342
4368
4456
4368
4452
4452
4371
4439
4434
4357
4374
4430
4374
4377
4646
4642
4639
4639
4636
4636
4441
4441
4441
4434
4441
4434
4441
4434
4434
4434
4434
4392
4434
4392
4441
4441
4441
4441
4392
4392
4392
4392
4441
4441
4441
4441
4441
4441
4392
4366
4342
4366
4403
4425
4376
4368
4452
4452
4403
4452
4346
4346
4441
4441
4441
4441
4441
4441
4441
4441
4441
4434
4434
4441
4434
4434
4434
4434
4434
4434
4434
4434
4434
4434
4434
4434
4434
4341
4430
4430
4430
4346
4490
4491
4511
4501
4606
4461
4357
4636
4459
4561
4461
684
684
879
3059
3059
2924
2995
4240
1808
4988
4166
2832
4276
4276
4208
2987
4820
2914
3175
4172
3177
4790
3171
4743
1553
4165
1692
1828
2565
3040
4215
4165
2833
1692
3388
4172
4171
4750
2835
3166
3175
4753
2925
3179
2913
2897
4283
2981
4743
2358
4807
2833
2549
4750
4816
4210
4275
4048
3179
2934
1406
441
1542
1542
1417
298
298
298
4841
4808
4727
3162
3232
3232
4731
4274
732
731
850
4157
2846
1685
3102
3102
731
731
3232
4267
4744
2858
4883
4742
2530
2530
3019
4694
3923
4768
4694
2882
2902
3205
2921
4233
4471
850
4712
2935
656
284
2834
3014
252
3245
3199
657
878
3097
3245
2868
4814
4187
2841
2891
4258
2944
721
549
3247
3030
656
2362
2362
4774
3106
3107
3208
2984
4673
3114
3116
2973
4252
4477
2808
2530
2530
2530
1643
3924
3926
4019
3163
1555
3023
777
1556
3201
4725
2870
3919
4773
4814
3161
4771
2853
4185
4249
3117
2939
2991
3192
3118
3199
656
4288
3918
3390
4485
4519
4549
4484
4495
4368
4414
4620
4368
4425
4373
4635
4425
4358
4490
3199
657
3199
2354
730
1627
1688
2361
274
1509
1694
2279
3023
2354
2387
1563
1799
2298
875
2430
2319
299
1824
1824
4927
4030
1824
215
1693
4871
4108
2200
1691
1684
1693
1544
2385
3153
1845
2653
2609
2650
2651
2656
2656
2656
2656
2656
2656
2656
2610
2610
2658
2661
1602
1614
477
1508
1401
2518
2518
1609
465
465
465
2362
465
2518
2430
465
465
465
1523
2364
1615
471
570
1403
1424
818
1596
1590
953
1369
471
471
4987
2530
2430
2430
1500
877
1612
916
605
1522
266
956
956
956
245
1416
4762
465
2362
4125
1385
471
1357
570
465
569
465
465
465
465
465
2528
1606
1648
4090
4762
891
1617
4803
2362
1596
1596
605
2533
2365
1642
605
605
1502
476
476
859
1829
3211
1679
1680
860
218
860
1839
4057
4685
1680
4068
1797
474
1551
1829
2402
275
671
49
2447
39
86
195
187
190
186
185
869
18
57
2446
25
46
49
871
1663
137
40
45
44
1841
98
4308
2605
2673
1
1848
3399
2666
2625
3396
2578
3400
3398
2666
52
88
2
41
125
2636
2577
50
20
15
97
12
66
113
125
67
1849
72
4315
846
94
4147
4146
3397
2585
509
174
182
136
21
53
28
49
2447
171
25
171
2687
2694
72
70
69
150
104
1661
68
2634
2685
2583
2569
4309
2632
2638
73
2571
2630
2636
2637
2635
104
47
161
206
513
17
86
101
2682
172
58
91
136
25
2448
2636
2615
3365
51
2585
186
24
176
22
75
139
185
185
62
2577
837
2719
3872
2571
2606
2637
2613
37
2625
48
123
95
2715
25
2721
872
870
144
4314
2585
1498
2585
174
157
182
88
123
86
88
25
2615
153
70
1340
1340
106
118
147
121
147
55
13
70
153
71
120
118
4
118
11
959
2690
55
37
3
106
106
3
2687
107
121
121
2687
147
148
107
147
64
147
107
10
959
107
873
147
147
147
147
37
37
37
121
38
147
873
71
3057
2801
3143
4900
3403
238
1670
3303
517
4908
2872
4150
2534
598
2236
2437
3934
3911
3226
1825
3909
2820
227
2542
2425
237
1649
240
4863
4098
2566
4134
4093
4962
3884
3889
3889
3061
3916
3133
3916
3901
4923
3914
3901
3901
2816
3884
4863
3916
4055
3026
3026
2791
3921
3921
3061
1814
2415
3062
2802
1811
4012
3022
1804
3037
4734
3071
2301
421
2248
861
2278
1836
3013
2252
679
679
293
4279
3921
3137
543
463
676
678
327
472
544
318
1786
2297
1809
324
2506
596
592
1835
541
540
538
4780
2205
2426
2429
678
2224
304
1707
1730
626
1718
286
1703
734
544
544
2327
1722
2209
333
1713
1704
1698
2212
1717
1700
556
355
2245
2246
2265
2244
424
710
635
2242
2216
360
706
705
425
424
2215
2219
429
666
708
362
351
369
2214
2202
379
377
712
559
1752
2203
2266
1747
1747
1734
437
1755
394
2350
417
1736
1776
1768
1761
1775
1765
1764
401
392
2000
650
405
2001
1998
1862
1855
2002
651
397
2006
1860
1859
2001
2295
2295
2296
2295
1729
1724
623
346
365
2346
2348
383
639
1772
401
1997
2391
2304
656
516
2249
2219
1717
706
2314
364
380
379
416
711
374
2333
1756
643
643
638
1741
1711
3931
326
1664
3905
3905
3934
444
444
607
607
607
1690
1690
656
656
3347
4846
733
1805
2250
2292
3123
2802
4931
4720
4926
4082
2288
659
4993
4996
4021
2776
4134
2816
3901
3884
3133
3902
293
680
2367
413
655
653
2336
656
656
3063
3916
3901
3900
3900
3915
3889
3884
3133
4900
4900
1666
2773
237
2496
3061
4031
3403
3063
505
3252
3302
3457
2261
1422
663
1819
444
1584
282
1830
1815
3894
223
3934
592
444
221
213
548
719
721
719
721
1806
545
545
2290
2403
4730
3251
4261
303
1728
2377
633
634
665
629
432
636
637
1743
641
648
402
3119
3890
3133
3890
3891
3124
3330
3303
3883
3905
3121
3120
3120
3889
3893
3911
3900
3889
3900
3944
1650
598
4149
237
2796
4856
3893
4055
3908
3895
288
1811
619
619
280
302
680
1690
3885
718
718
3090
3089
864
312
2329
2373
1714
1716
306
344
635
364
555
342
2230
552
1715
553
556
559
1758
1744
1767
561
1770
1770
395
402
420
2002
562
650
404
2000
2001
1863
1805
547
549
3251
3088
2276
2297
1786
1681
2297
361
627
411
2344
1702
669
1421
4997
2788
1682
2318
1674
2318
514
2301
2284
2816
3909
3916
3902
3133
3884
3133
3353
3352
3352
3226
3885
620
318
291
4729
1677
1677
2330
705
2372
359
709
415
382
1760
1733
1746
2003
4779
4261
2296
2296
3089
4261
548
4015
3352
3352
3352
3132
3352
4740
1784
2305
287
3352
3352
3352
3979
3337
3517
3479
3958
3490
3328
3328
3971
3960
3950
3972
3967
3290
4114
3343
3287
3298
3311
3335
3311
3296
3021
3330
3295
3315
3330
3322
3302
3021
3282
3319
3320
4109
3311
3322
3342
3299
3896
3125
3899
3967
3294
3304
3952
3954
3298
3308
3478
4112
3977
3490
3338
3478
3123
3315
4121
4109
3313
3324
3967
3305
3303
3486
3336
3315
4117
4112
1438
2464
3352
3352
4144
3889
3889
3889
3884
3884
3122
3890
3084
3352
3900
4118
3488
1437
3
147
3063
72
140
2713
4146
1841
4145
282
859
147
6
147
106
13
4147
2802
3252
4012
3013
14
106
7
7
107
148
70
70
2717
7
2836
2547
2417
2414
1547
862
863
323
280
1675
1499
1499
56
869
142
182
4104
4101
3127
3903
2693
2818
4098
3226
4804
3225
3149
4098
3131
4932
3916
4144
3900
2816
2820
3902
3902
3902
3902
3352
3884
3916
3222
3901
3909
3902
3909
3902
3916
3911
3911
3911
3904
3905
3911
3226
3458
3225
3882
3352
3132
3905
3905
3915
3914
3915
3228
3911
4804
4098
3912
3438
3223
4084
4804
4098
3460
3431
3226
3226
3463
3226
3226
3911
3914
3902
3222
3902
4055
3480
3480
3899
3308
3481
3313
94
23
3287
3311
3485
3345
3949
3959
3495
3951
3496
3487
3487
4008
4003
4003
3511
3511
3991
3515
3515
3998
3516
3501
3980
3509
3993
3999
3986
3998
3984
3511
3984
3843
3665
3683
3711
3727
3643
3866
3842
3549
3560
3689
3788
3785
3855
3845
3536
3586
3769
3788
3549
3844
3867
3549
3503
3610
3797
3560
3755
3701
3686
3755
3769
3769
3686
3750
3701
3701
3602
3785
3701
3701
3701
3849
3686
3560
3566
3750
3593
3646
3614
3555
3643
3701
3702
3614
3550
3860
3544
3589
3862
3586
3560
3626
3583
3583
3503
3579
3525
3701
3532
3549
3701
3683
3701
3701
3537
3701
3803
3700
3610
3701
3750
3683
3701
3700
3785
3701
3701
3701
3683
3572
3686
3769
3621
3560
3998
3503
3503
3532
3699
3792
3750
3683
3683
3701
3866
3866
3866
3640
3803
3788
3984
3503
3755
3693
3701
3646
3701
3646
3701
3701
3701
3701
3701
3701
3701
3701
3701
3701
3701
3701
3701
3701
3701
3701
3646
3701
3701
3701
3683
3646
3683
3701
3646
3701
3701
3701
3701
3701
3701
3755
3701
3701
3701
3701
3683
3701
3701
3701
3701
3701
3701
3701
3701
3701
3701
3701
3701
3701
3701
3701
3701
3701
3701
3701
3701
3701
3701
3701
3701
3701
3701
3701
3701
3701
3701
3701
3701
3701
3701
3701
3701
3701
3701
3701
3683
3701
3683
3699
3701
3683
3683
3717
3701
3701
3699
3699
3701
3701
3701
3701
3699
3699
3701
3701
3701
3699
3749
3701
3753
3701
3699
3753
3701
3746
3701
3701
3701
3701
3701
3701
3701
3701
3701
3701
3701
3701
3701
3701
3701
3701
3701
3701
3699
3699
3699
3755
3755
3750
3699
3750
3750
3788
3788
3788
3788
3750
3753
3792
3788
3753
3753
3788
3788
3753
3788
3753
3700
3753
3753
3750
3699
3753
3753
3699
3753
3753
3753
3753
3753
3753
3753
3753
3753
3753
3753
3750
3788
3700
3788
3788
3788
3643
3667
3532
3570
3643
3667
3532
3532
3647
3694
3643
3638
3648
3648
3643
3632
3639
3648
3689
3694
3648
3648
3648
3694
3643
3638
3689
3689
3689
3648
3689
3550
3755
3756
3788
3788
3788
3769
3769
3788
3769
3791
3788
3788
3769
3549
3548
3665
3683
3686
3643
3532
3652
3601
3644
3849
3849
3849
3560
3847
3847
3860
3769
3769
3560
3577
3538
3809
3643
851
2448
168
1661
1843
4310
2690
3324
3125
3480
3066
3890
3021
3477
3481
3481
3889
3121
3303
3892
3896
3478
3481
3133
3133
3884
3884
3133
4055
4082
3352
3352
3224
3352
4055
3125
3227
3901
3901
3916
3126
3353
3897
2781
3900
3900
3884
3889
515
4874
4022
518
2270
594
2567
4999
4849
1672
4906
2463
2463
1440
3354
4857
2864
317
4908
3084
4937
4966
1664
2499
2499
1436
3323
4117
3340
3954
3345
4116
3345
3317
4120
3288
4121
3290
3309
3321
3960
3962
3974
3490
3285
3954
3283
3490
3978
3488
3488
3338
3318
3305
3972
3984
3319
3305
3282
3321
3986
3319
4004
3981
3998
3519
3519
3984
3984
3279
3515
3994
3612
3611
4011
4011
3503
3511
3609
4011
3995
3512
3503
2802
4105
1668
1668
3056
3454
3946
3087
2798
810
1510
2796
2406
598
596
3454
3449
3452
4034
3908
3887
3124
3263
3902
3902
3902
3902
3901
3139
4134
3137
4909
3141
3141
2861
4294
2562
2426
1831
4994
861
4992
4867
4037
3451
4087
4088
4092
4937
3352
3900
3889
3889
3889
2816
3884
3884
3133
3916
3916
3906
3476
4038
4032
1439
4150
3945
2796
4962
4134
3901
3046
3425
4085
3412
4104
4082
4036
4036
4083
4804
4082
4805
4805
3421
4088
4083
4087
4087
4805
4804
4082
3147
3450
3078
3903
3157
3460
3410
3078
3127
3452
4915
4915
3411
3482
3330
4110
3315
3316
3336
3310
3479
3341
3335
3289
3485
3297
3310
4806
4086
3346
3922
4025
4951
4911
1426
2544
3915
2817
3900
3900
3900
3915
2816
2820
2820
724
2423
846
2423
504
1621
2461
915
1435
1435
659
2422
2443
1548
2421
4282
289
2555
290
673
3075
457
2844
2564
1812
2859
612
4879
4861
3152
4304
4852
4881
4690
472
1711
668
337
491
321
2239
2240
340
2329
2321
330
330
2229
332
2258
494
494
667
303
2307
1725
2331
320
322
319
611
336
307
551
295
328
2324
542
329
1771
419
1735
1774
1764
1774
641
2334
1773
1768
1741
1770
1766
1766
1776
643
386
1738
389
1749
2380
387
388
389
390
638
2378
560
1748
1999
403
647
398
1761
649
649
647
401
2313
2381
420
1769
397
404
404
1995
2304
548
549
865
1837
293
293
1690
2217
2253
2282
549
656
1690
4727
2424
1838
4861
4853
1677
2367
2368
2367
3043
4761
2836
1405
2442
1832
1831
2204
522
2262
4870
1505
229
2546
515
4996
1410
2566
4721
3928
2563
310
2408
2207
1816
1834
606
1675
1797
4982
4052
54
136
2647
2595
2608
25
26
54
3365
548
4727
4976
2401
1863
2008
2198
2018
1870
2001
2011
2394
1871
2396
2071
2072
2113
2109
2080
2017
2017
2056
2398
2112
2064
1971
1875
1875
1971
1971
1971
1971
1971
1971
1971
1971
1971
1875
1971
1971
1971
1971
1971
1971
1971
1875
1971
1971
1971
1971
1875
1971
1971
1914
1944
1914
1914
1971
1971
1971
1971
1971
1971
1971
1971
1971
1971
1971
1971
1971
1971
1971
1971
1971
1971
1875
1971
1875
1971
1971
1875
1971
1971
1971
1971
1971
1971
1971
1971
1971
1971
1971
1914
1971
1971
1971
1933
1944
1971
1971
1971
1875
1971
1914
1914
1989
1900
1933
1914
1971
1971
1971
1971
1971
1971
1971
1971
1971
1971
1971
1971
1875
1971
1971
1971
1875
1971
1914
1914
1971
1971
1971
1971
1971
1971
1971
1875
1971
1971
1971
1971
1971
1971
1971
1971
1914
1971
1900
1875
1971
1914
1914
1914
2394
1867
2057
2013
2401
2007
2016
2019
1869
1869
2391
1871
2013
2392
2011
1998
2058
2058
2058
2100
2080
2094
2094
2100
2100
2055
2098
2195
2195
1971
1971
1902
1902
1902
1902
1950
1904
1951
1876
1971
1971
1971
1938
1933
1956
1956
1971
1887
1876
1933
1902
1902
1902
1950
2173
2173
2173
1951
1904
1947
2028
1947
1952
1901
2044
2042
2025
2028
2049
2046
2078
2082
2093
2093
2084
2079
2093
2110
2093
2093
2141
2088
2083
2087
1902
1902
1971
2173
2173
2173
2041
2161
2041
2041
2161
1956
1971
2041
2130
2130
2144
2146
2140
2130
2125
2132
1933
1938
1901
1978
2024
2182
2024
2042
2074
2085
2141
2141
2136
2122
2098
2098
2138
2147
2146
2150
2090
2090
2094
2094
2094
2080
2080
1956
1971
1971
1971
1933
1887
1933
1951
1946
1899
1968
1927
2160
2161
2160
2162
1929
1974
2038
2185
2161
2161
2122
2185
1978
2186
2024
2186
2021
2120
2020
2074
2085
2135
2076
1971
1971
1971
1971
1971
1971
1971
1971
1971
1971
1971
1875
1971
1875
1914
1914
1914
1914
1876
1876
1951
1951
1944
1902
1900
1971
1971
1971
1971
1971
1971
1971
1971
2395
2112
2090
2152
2147
2148
2049
2048
2080
2054
2054
3905
3059
3022
1757
1751
377
223
2256
473
287
318
1781
1781
2376
350
636
2332
1727
323
323
345
2310
1786
1786
1411
2287
280
280
2269
2257
472
1710
2282
2257
2268
862
1821
863
2264
464
294
625
625
343
356
371
2312
363
664
226
631
1786
658
699
2237
1833
1419
304
305
334
1781
2205
2411
1834
1751
534
214
595
2412
535
2304
1677
2261
1787
2295
867
4727
4727
549
2225
610
293
1805
2221
2282
721
549
549
680
283
4729
453
3077
4859
1786
514
3902
489
2294
4922
611
1715
428
2247
2203
1753
1993
293
2219
1736
284
293
1789
2778
721
549
546
546
3046
719
546
719
1708
2374
550
440
381
1761
721
721
547
549
656
3902
1719
359
707
2345
366
433
434
2349
1732
393
2352
4124
4804
4804
4804
3223
4684
2998
4847
3046
4085
4082
3263
4805
1802
290
4286
4848
1706
2375
720
618
539
734
644
393
390
1741
397
562
652
656
4991
4978
2019
2068
2014
2105
2009
2080
2074
2042
2140
2142
2074
2136
2150
2074
2120
2030
4995
656
1805
1649
213
4929
1549
2484
2269
590
2278
3454
324
213
1681
1681
4862
2774
3144
670
2484
810
4100
443
592
1813
3414
1427
1682
2367
606
515
3233
168
134
16
16
108
1848
147
120
4
8
37
153
147
37
1661
107
10
960
4148
2865
227
2534
590
3934
3453
3884
3889
3916
3916
1651
3449
3916
3133
4936
4901
3900
3224
3900
2413
3902
2406
3352
3352
3352
4033
4103
3458
4103
4864
2775
211
4908
2556
3352
4966
2467
3449
3916
4097
3943
4878
4878
2816
2816
3884
3901
3901
3906
2818
4087
4099
2498
942
2541
3149
1666
2800
4963
4148
2472
593
598
860
860
2790
1830
1678
1815
2541
860
1815
4091
4050
1678
3033
1796
229
244
1545
1682
2271
2271
2492
2492
2492
2492
