2410
2405
2435
2436
2411
2411
2436
2436
2531
4918
2430
2437
2405
2411
2498
2498
2533
92
2451
2434
2410
41
109
109
3325
13
41
2405
41
13
3
124
36
130
126
111
90
136
2411
2410
2435
2434
116
1765
2317
2410
2498
2498
2394
3758
4216
1761
1761
41
41
41
104
2409
2538
2402
898
65
62
139
2395
4919
4920
2410
2440
2417
4918
2520
2410
2411
2411
2406
141
108
1322
107
107
2455
1767
94
99
41
41
104
104
13
61
14
2455
126
126
2317
1766
92
2428
2430
2395
2395
2440
1766
2440
18
2436
2436
2487
2411
2411
2411
13
17
114
2410
93
2436
2410
2411
2538
2436
2
2411
4920
2397
2491
12
4220
25
25
14
104
2484
16
2434
2495
2434
126
2411
17
94
2430
2530
2435
62
864
2407
125
2411
2436
2405
2460
2411
2405
2435
2435
107
107
107
107
107
1766
107
107
35
35
61
61
61
2455
1766
1766
1766
107
1766
1767
1766
108
35
1766
61
61
61
61
100
66
35
94
35
66
61
35
108
5
61
61
35
1766
94
1766
35
66
107
35
107
107
107
107
107
107
107
35
2428
107
35
1766
4221
2926
4911
2331
185
535
832
2658
905
201
2366
4673
3120
2287
2287
4699
1349
2949
3759
4886
3878
2338
185
956
1347
2391
212
907
1377
2334
479
226
133
1347
1347
955
909
2356
856
2356
1484
1334
2337
226
756
226
756
909
1439
909
1347
958
956
956
956
2293
3804
4892
754
2944
1548
2633
1438
54
3320
2132
2110
4903
4661
3122
4203
4696
2294
4652
4698
4171
4831
4831
4831
4831
4006
2133
268
852
2311
1732
3002
4651
4721
2630
4000
4208
3313
4204
4947
3911
554
553
553
553
643
1720
517
4680
2947
4671
3004
2639
2935
3099
3185
4698
4684
4669
3184
2644
2286
1724
2285
2834
4670
4687
2652
4650
4649
3124
4725
2951
4773
2959
2959
4012
4676
4689
4706
3116
4026
4009
4675
3010
2915
4016
4654
4654
4654
4030
4835
4053
2684
3020
2959
2959
4689
4706
4159
4032
4035
4035
2961
4689
2873
2685
2685
2685
4098
4098
2821
4032
4664
4148
2974
4663
4697
2722
4098
4117
4103
4077
4119
4118
2859
2795
4710
4122
2850
2970
2971
4118
4118
4643
2771
2771
4710
1566
4916
1566
4735
4916
2637
3099
3186
4742
4743
4047
3018
3091
4166
4122
3082
2850
4001
3994
3995
4006
4705
4009
4654
2653
2914
2669
4689
4706
4012
4031
3116
3016
2689
2685
4664
4660
2962
2962
2650
4895
3987
2287
2369
3121
4214
4831
4831
4831
4006
4006
4006
477
754
4917
4182
4182
4672
4662
2390
1460
57
758
2173
919
1336
2885
3318
534
2304
545
2356
2354
2336
1347
1347
1347
1347
4831
4002
4001
4001
4001
4001
4832
4772
510
643
2311
2312
643
4917
4005
909
1347
1347
226
226
226
226
1347
521
1550
1549
4225
2994
2994
1508
1549
2485
3323
897
1548
634
3321
4702
4705
2670
3323
3806
3997
3794
2372
2993
4946
961
4916
1566
4916
4916
1566
4722
4182
696
1731
1731
510
696
643
696
265
266
265
4733
2902
2901
2649
2678
2632
4047
2682
3018
4049
2694
2793
4096
2793
4710
820
627
627
627
1336
1336
817
832
832
803
2371
958
756
2356
226
226
956
956
1334
2353
756
479
1542
4907
3985
2587
541
2297
832
956
956
956
916
494
4647
4892
3313
4193
4002
4862
4831
4831
1566
1566
1566
553
878
553
3908
2658
3179
2187
485
4186
4670
4884
4027
2669
2671
4704
4650
2653
2952
4771
2671
4032
4032
4098
4098
2974
3061
2962
4663
4663
4103
4122
2857
2857
2857
2857
4118
4119
4710
4117
4182
4005
4005
266
266
266
4701
4208
4208
4207
4207
4207
4207
4207
4009
4675
4014
2647
1719
253
2392
203
4006
3995
3992
3994
2626
3316
4171
4212
2294
756
1347
226
956
627
627
938
916
832
226
832
820
494
4209
696
696
4001
3176
2915
3010
2679
4833
4031
2805
2975
2973
2770
692
2176
1566
553
1566
553
643
696
696
1566
553
4222
1549
2371
1334
226
641
483
245
3001
3992
817
1374
1374
2337
1334
771
779
771
789
975
975
1404
821
1399
779
1385
1386
1403
789
789
1386
1386
1522
1386
1522
808
789
963
1522
1522
1522
963
832
832
1522
963
1403
1409
771
789
965
963
963
963
1522
963
958
963
1403
789
772
1385
1386
1522
1532
820
809
1410
1403
779
820
1394
820
1522
808
1522
963
1522
958
1403
1409
1522
1386
1522
1522
809
789
965
3989
2353
2337
627
226
756
2356
479
627
627
627
478
478
963
1403
963
3814
107
107
11
61
1766
4215
53
135
3793
107
66
61
107
3980
897
115
266
266
61
61
61
94
35
107
61
1360
2389
2944
4696
2631
3907
4195
2485
2445
2403
2401
2437
2483
2418
895
921
905
960
897
919
916
956
956
855
956
1350
960
499
855
192
226
226
226
226
226
226
1347
1347
1347
1347
478
478
1347
226
1347
1347
1349
1349
1349
1347
1347
1347
1347
1334
2337
2369
2369
1334
2369
2369
2369
855
616
2369
1334
1334
2371
2371
478
937
1340
1340
617
1458
956
803
944
1337
961
499
499
211
521
521
521
2369
3985
2295
1334
1334
1334
1334
226
1347
1347
1347
1347
1347
956
1347
956
956
956
1336
1336
963
808
1336
963
963
4918
2531
1532
1532
1532
1532
967
786
789
975
975
1386
1386
1386
805
805
1424
994
769
776
771
1399
776
1405
804
805
1410
805
769
1410
806
823
1402
776
1402
980
1006
1006
1319
988
987
1430
993
1420
1319
980
988
1042
993
1430
1006
988
1052
980
980
988
1420
1435
1006
1420
1178
1319
1319
988
988
1006
988
1053
1039
1290
988
988
1319
1317
1290
988
1038
988
988
980
988
1420
1420
988
1053
1042
1042
1028
1420
980
980
987
977
1418
980
1420
987
994
776
1420
1418
987
1077
1093
988
1006
1006
1039
1319
988
1178
1039
1319
1053
994
1010
980
1319
1290
1319
1319
988
1317
1039
1178
1319
1434
1319
988
1316
776
993
776
1420
1052
1319
1049
1319
1178
1319
1039
987
1052
980
1319
1053
1409
1178
1053
1319
1307
1042
1284
1296
999
1296
999
1042
1296
1081
1030
1289
1317
1296
1317
999
1298
999
1299
1289
1296
1039
1062
1039
1178
1319
1006
1290
1039
1039
1032
1089
1178
1071
1089
1178
1089
1089
1319
1042
1032
1046
1039
1042
1089
1089
1089
1319
1042
1285
1042
1282
1046
1089
1046
1319
1089
1178
1062
1089
1042
1278
1042
1278
1042
1008
1278
1278
1281
1284
1004
1004
1004
1278
1026
1281
1042
1042
1076
1285
1284
1284
1026
1278
1030
1278
1319
1089
1319
1178
1062
1089
1319
1089
1319
1089
1319
1089
1178
1319
1054
1054
1282
1089
1089
1089
1319
1319
1089
1089
1089
1282
1089
1089
1089
1089
1071
1089
1282
1282
1089
1089
1089
1282
1089
1089
1282
1089
1280
1089
1178
1282
1282
1282
1089
1282
1089
1089
1282
1089
1089
1089
1089
1285
1282
1282
1282
1282
1041
1282
1089
1071
1089
1319
1089
1319
1319
1077
1319
1053
1319
1077
1054
1053
988
1077
1282
1077
1319
1319
1053
988
1282
1319
1282
1054
1054
1054
988
988
1089
1053
1054
1089
1282
1282
1282
1282
1282
1282
1282
1282
1282
1280
1282
1054
1282
1282
1282
1054
1282
1282
1089
1282
1282
1282
1282
1282
1282
1053
1053
988
1053
988
1054
1077
1319
1006
1006
1002
1006
1036
1002
1002
1081
1011
1002
1002
1011
1081
1081
1081
1011
1081
1081
1081
1316
1316
1081
1316
1081
1002
1318
1036
1011
1316
1316
1081
1081
1081
1081
988
1319
1319
988
1319
988
988
988
988
1054
988
988
988
988
1054
1006
1006
1006
1006
980
1080
1052
980
988
988
980
980
987
1420
1420
988
1420
988
1006
980
2411
2435
2922
35
141
61
61
108
108
832
958
1336
958
820
627
820
627
627
956
1336
619
832
627
832
832
820
963
832
1336
817
756
627
916
1347
956
956
1347
956
1336
494
479
479
478
479
956
956
956
956
832
820
916
909
1347
832
226
1341
820
479
479
226
226
756
1336
1368
2345
3887
4714
2291
1448
2392
208
3885
2360
535
4970
4968
2338
2352
1541
1554
1552
2991
2922
789
789
1386
1386
1386
967
967
975
789
789
789
789
1386
1386
1394
975
1394
1385
1383
975
1386
1388
783
1403
1403
1410
1399
1404
1403
968
1403
1404
1413
1385
1404
1403
1410
804
821
1410
1402
1410
1410
1413
828
769
828
1424
843
805
994
776
776
981
1419
981
994
776
3981
2364
3984
2925
3981
2350
536
476
2880
2306
4908
919
921
950
758
1350
1337
618
619
1336
956
956
956
956
956
956
1347
1347
956
856
856
630
2335
2335
202
1445
1354
1354
4204
1354
534
2139
1336
940
499
499
499
960
943
1378
1540
1374
1374
1540
2356
1374
756
627
226
916
909
756
916
956
1347
956
956
956
499
720
950
1554
1381
544
212
2346
630
2346
2346
2346
911
912
1496
199
2350
1336
619
961
499
1336
2245
954
960
960
2253
1502
956
2253
1336
855
945
945
905
1338
520
193
2351
950
2301
527
896
1504
218
1522
963
965
808
1522
789
789
963
789
789
808
789
789
1386
789
1532
808
2253
1459
2254
1480
1485
1359
850
1449
1444
1480
629
903
3983
2601
479
226
479
226
478
226
226
226
479
226
479
2447
2531
2509
2408
2538
2607
3876
2599
2588
3326
4212
3320
2634
4888
894
4978
2376
3293
4987
4213
2290
2124
640
1758
244
2290
869
2300
2300
1738
482
2131
2172
4720
4700
2935
4190
3100
4678
4678
4685
517
1770
1719
1720
2889
4786
3003
3187
4670
4648
4004
4191
3130
3990
2902
2818
3304
690
3184
2387
485
2910
2907
4175
3126
4648
485
643
2212
2643
2804
2974
4664
4098
4697
4098
4148
2793
2793
4098
4077
2822
2822
4663
4664
4664
2974
4697
2804
2821
2963
4045
2689
2689
2723
4660
4660
2963
2962
4746
2821
4157
2795
4150
4150
3060
2858
4097
4119
4096
4150
4103
4096
4098
3060
3061
2858
4118
4119
2858
4117
4001
4184
4197
4914
4831
4831
4831
4194
4708
3000
4208
4207
4005
4001
4831
4831
4184
3910
2378
244
2314
2140
4001
4001
4001
4832
4832
2311
713
4832
709
2380
2903
3119
2941
1745
2357
4715
4975
4993
2373
213
4202
2597
2597
3012
2621
537
2110
2410
88
2411
46
116
2410
2411
2410
2438
29
3371
4184
1449
277
2755
4644
2755
2755
4644
4710
2755
4710
4710
2755
2755
2755
2755
4692
2755
2755
2755
2755
2755
2755
2755
2751
2751
2751
2755
2755
2755
2755
4695
4695
4695
4695
4695
4695
4695
4695
4695
4695
4695
4695
4695
4695
4695
4695
4695
4695
4695
4695
4695
4695
4695
4695
2751
2721
4695
4695
4695
4695
2751
2751
4695
2721
4695
4695
4695
4695
4695
4695
4695
4695
4695
4695
4695
4695
4695
4695
4695
4695
4695
4695
4695
4695
4695
4695
2721
4695
4695
4695
4695
4695
4695
4695
4695
4695
4695
4695
4695
4695
4695
4695
4695
4695
4695
4695
4695
4695
4695
4695
4695
4695
4695
4695
2751
2751
2751
4695
4695
4695
4695
4695
4695
4695
4695
4695
4695
4695
4695
4695
4695
4695
4695
4695
4695
4695
4695
2751
2721
2721
4695
4695
4695
2721
4695
4695
4695
4695
4695
4695
4695
4695
4695
4695
4695
4695
4695
4695
4695
4695
4695
4695
2751
2755
2755
2755
2850
2755
2755
4644
2755
4643
4710
4710
2755
4644
4644
2755
2755
4710
4692
4692
2755
2755
2751
2755
4695
4695
4692
4692
4692
2751
2755
4710
4695
4695
4695
4695
2751
4695
2751
2751
2751
2751
2751
4695
4695
4695
4695
4695
2751
4695
4695
4695
4695
4695
4695
4695
2751
4695
2751
2751
4695
2751
2751
2751
2751
2751
2751
2751
2751
2751
4695
4695
4695
4695
2751
2751
2751
4695
4695
4695
4695
4695
4695
4695
4695
4695
4695
4695
4695
4695
4695
4695
4695
4695
4695
2751
2751
2751
2751
4695
4695
4695
4695
4695
4695
4695
4695
4695
4695
4695
4695
4695
4695
4695
4695
4695
2751
2751
4695
4695
4695
4695
4695
4695
4695
4695
4695
4695
4695
4695
4695
2751
4695
4695
4692
4695
4695
2755
4695
2755
4695
4695
4695
4695
4695
4695
4695
4695
4695
4695
4695
2721
4695
2721
4695
4695
4695
4695
4695
4695
4695
4695
4695
4695
4695
4695
4695
4695
4695
4695
4695
4695
4695
4695
4695
4695
4695
4695
4695
4695
4695
4695
4695
4695
4695
4695
4695
4695
4695
4695
4695
4695
4695
4695
4695
4695
4695
4695
4695
4695
2721
4695
4695
4695
4695
4695
2751
2751
2751
2751
4695
4695
4695
4695
4695
4695
4695
4695
4695
4695
2755
4695
2755
2755
2755
4695
4692
2751
2751
2751
4695
2751
2751
2751
205
1334
496
4052
2688
2688
4712
4199
3011
4172
4720
2631
3129
2684
4026
2683
2650
3313
2650
2683
2683
3314
2626
3907
4974
3129
4174
2935
3000
3012
2600
3119
4683
2662
4677
3127
4686
4687
2676
2677
2684
4029
2677
2676
3316
2659
4701
2631
4696
2659
3128
2651
4210
3796
4682
4028
4025
4935
3801
3995
4207
3994
4211
4709
1566
3909
2385
1472
4735
4917
4916
4184
4196
4182
4831
4831
4831
4681
3000
3994
4005
4005
3995
4001
4831
1566
4735
1566
696
4196
2140
2133
3315
3315
956
2252
4901
2390
852
4187
2892
4033
4012
2961
2971
4006
4030
2963
4006
4006
4006
4893
852
2355
4916
4005
4182
856
916
2644
3184
690
2957
3100
4898
2958
2963
2857
4005
4917
4916
4184
4006
956
2915
2951
2914
4053
2679
4773
4032
4153
4077
4644
723
1347
956
956
1347
636
477
2360
955
856
933
1336
619
1338
894
4987
726
2954
2953
554
554
688
3122
4731
2857
4149
2962
3172
2857
2971
4006
4831
244
2374
4643
2755
2755
2755
4656
4644
4695
4695
4695
4695
4695
4695
4695
4695
4695
4695
2755
1472
4005
4182
4182
4946
192
3797
4958
3997
2358
3799
3997
4001
4214
634
1380
3985
4954
2301
2875
928
2301
4911
4832
4832
4832
4717
892
2134
2405
4216
4216
41
41
107
107
107
107
107
94
1767
66
1766
66
1766
3985
1550
3977
4938
960
226
226
1347
1347
192
758
627
192
1541
1373
1374
226
4937
956
2353
478
944
626
956
192
192
211
210
2295
4967
4954
2352
498
2371
2353
950
955
956
956
1544
1379
1554
2365
2356
540
2365
2356
2356
2365
756
756
856
916
916
916
912
518
956
499
944
4936
4955
223
956
626
4968
204
2338
2367
1550
2366
3976
2602
2174
3905
2878
200
200
629
2589
2227
1500
4006
2667
3906
3283
4220
2444
2412
2412
2439
2439
4922
2426
2573
2554
2426
2414
4220
4220
2433
2496
2534
2513
4220
1765
38
103
2497
48
22
2431
95
49
24
2326
56
27
79
2627
880
2412
2440
3311
2444
1765
20
2526
4220
4220
95
122
2513
38
1765
1765
22
1765
49
1765
2413
2439
2449
2932
882
55
2448
2439
2411
2414
2440
2415
2442
2444
2431
2414
2412
2431
79
120
49
49
95
4219
142
51
48
20
46
46
20
75
20
2319
50
23
19
121
122
2412
2421
2415
2411
122
122
1765
1765
2576
2438
2439
2412
2414
2414
72
30
4220
4920
2414
2414
2576
4922
2414
2439
2496
2471
28
4220
127
19
2318
46
2525
30
4220
103
19
95
14
120
2425
2496
2497
179
2525
2412
2439
2439
2478
2431
2414
2431
74
51
51
76
51
76
49
49
76
76
76
49
49
49
76
51
51
51
51
51
51
77
78
39
101
101
51
39
76
49
76
76
49
101
101
76
101
76
49
49
76
76
77
121
101
77
76
76
76
76
76
76
76
76
76
76
76
76
122
77
76
3336
3345
3786
3276
3770
3363
3926
3784
2270
3784
2998
3917
1771
4944
3791
3784
1751
2900
4960
3786
4952
2612
1578
3363
2900
4965
2890
3920
3329
1482
4827
2361
217
3791
3791
3766
3361
2900
3959
3914
1355
3952
1570
2271
3327
3333
1570
2623
234
647
1722
2152
1362
2214
4979
4007
1760
728
2255
1559
1562
4992
4917
4992
4992
255
1539
2178
2163
718
2197
235
493
236
763
1759
1759
4823
3279
1570
695
2194
2176
265
1760
3928
2214
2214
2198
1601
556
556
280
2198
235
287
2185
763
239
1734
2137
251
500
287
296
296
261
651
262
249
2151
304
325
301
326
2206
2206
2117
2118
312
316
660
280
663
2210
698
660
440
659
2122
664
454
2108
533
453
2206
339
335
341
2149
452
349
472
348
473
347
1684
1715
687
468
353
2221
1619
368
367
676
675
1652
373
679
1714
1713
1712
381
381
1907
1773
1923
1778
1910
1910
383
1909
2208
2273
1908
1774
2273
2176
265
553
1566
1566
1604
1605
2162
1588
652
2128
2117
2108
464
1651
1916
377
1929
1574
1575
2206
299
2205
660
2147
2233
2234
2207
453
533
2129
2108
672
365
1690
2221
677
350
471
1600
3919
3791
3791
3791
4986
4986
4006
4917
4206
4917
1461
234
4184
4184
2315
1728
2177
3969
1488
3946
3934
1447
4956
3240
2214
1557
1751
2896
3920
2900
1730
1729
4992
4206
4992
2146
2154
2194
2194
4917
4917
2932
2900
2900
2900
4827
2979
3766
3770
3786
3332
3345
3345
3369
3333
3335
3345
4942
2928
3260
2627
3260
3301
1728
712
300
3274
3180
3792
3778
3904
3791
3279
4957
3776
2176
692
1566
692
2315
1564
1567
2130
728
2163
265
265
265
2114
265
238
237
260
1599
317
2230
451
2128
2116
2118
2108
2108
469
673
686
436
1915
3232
3969
3955
3383
3232
3213
3384
3135
3957
3213
2980
3778
3791
2900
2906
2906
3346
3367
3331
3778
3921
3188
1570
497
2384
2315
254
4992
4992
3188
437
437
2176
692
2256
1570
264
715
250
241
287
442
661
577
2148
2220
316
1590
2145
315
352
452
673
2263
371
1714
1655
682
2262
2272
2244
1713
684
1698
1698
2208
2208
1789
2272
1910
4184
2315
4735
265
2113
2180
240
1759
1752
1752
441
316
286
451
2156
3882
712
4007
1729
1729
1729
1562
1557
1559
2900
2900
3776
2980
3766
2895
2978
3239
3800
1576
265
265
4992
4992
1580
2161
653
324
2151
352
1658
1699
1929
265
265
2176
265
553
2176
265
265
265
265
4184
3336
2900
2900
2895
2895
2124
2178
1717
1564
2193
3766
3766
3766
3766
3837
3839
3843
3265
3818
3818
3817
3839
3836
3817
3398
3827
3817
3265
3209
3827
3247
3969
3209
3247
3969
3209
3247
3390
3969
3967
3955
3232
3969
3967
3959
3260
3232
3969
3203
3225
3843
3281
3209
3209
3969
3209
3390
3207
3207
3232
3955
3260
3390
3232
3247
3265
3203
3827
3969
3209
3247
3390
3249
3836
3839
3967
3969
3232
3247
3397
3967
3967
3969
3967
3967
3967
3203
3265
3967
3247
3827
3247
3967
3229
3209
4825
2900
3766
2980
2900
3967
3817
3967
4963
49
49
3327
49
121
2527
2527
120
103
76
51
76
49
51
49
2617
3330
3952
2113
641
49
49
49
101
49
76
49
49
2141
1737
2271
2271
1736
4192
3906
3875
2448
2422
2422
2426
2540
2540
3783
3329
3892
3952
3768
2627
1478
3770
4827
3768
3895
3778
3135
2900
2900
2900
2900
4827
2900
2900
2900
2900
2900
2900
2900
3766
2895
3791
3791
3791
3766
2592
2592
3791
3784
3784
2900
3791
2900
3768
3778
3772
3768
3894
3773
3895
2900
2987
3770
2979
3770
3771
3771
3780
3278
2895
2979
2900
2900
2900
2900
2980
3383
3955
3969
3240
3383
3955
2554
2538
3209
3209
3209
3827
3398
3820
3838
3817
3817
3817
3247
3858
3409
3869
3859
3416
3416
3193
3844
3266
3416
3413
3250
3407
3848
3861
3227
3853
3852
3850
3225
3868
3843
3450
3656
3601
3454
3451
3651
3746
3727
3735
3579
3525
3558
3530
3550
3731
3731
3746
3466
3421
3422
3464
3430
3446
3506
3522
3870
3439
3564
3452
3570
3443
3456
3422
3422
3754
3467
3443
3587
3529
3422
3514
3486
3458
3445
3443
3550
3549
3502
3489
3443
3486
3421
3412
3486
3463
3528
3514
3537
3694
3486
3449
3738
3528
3746
3496
3605
3482
3508
3402
3404
3476
3517
3484
3500
3662
3722
3552
3557
3581
3500
3694
3529
3581
3500
3573
3480
3563
3454
3443
3581
3530
3493
3749
3527
3541
3529
3561
3486
3537
3605
3431
3427
3850
3448
3479
3872
3658
3456
3443
3443
3537
3519
3528
3566
3751
3625
3593
3443
3443
3250
3526
3479
3530
3530
3528
3543
3543
3543
3543
3528
3543
3543
3532
3543
3543
3543
3532
3532
3543
3543
3543
3541
3543
3529
3573
3575
3618
3500
3519
3537
3528
3543
3529
3500
3532
3537
3529
3532
3528
3530
3532
3543
3532
3543
3525
3532
3532
3532
3543
3543
3532
3543
3543
3543
3543
3537
3532
3500
3532
3543
3543
3543
3543
3543
3543
3543
3543
3543
3532
3543
3543
3543
3543
3532
3532
3543
3543
3543
3543
3543
3543
3543
3543
3543
3529
3532
3500
3500
3532
3530
3532
3525
3530
3500
3500
3537
3529
3456
3451
3532
3532
3532
3500
3530
3532
3532
3530
3532
3532
3532
3500
3532
3532
3532
3532
3532
3532
3532
3532
3530
3532
3532
3500
3532
3543
3532
3543
3532
3532
3543
3543
3532
3532
3532
3543
3532
3543
3532
3543
3532
3543
3543
3543
3543
3543
3532
3443
3500
3530
3530
3443
3500
3530
3443
3532
3443
3443
3443
3443
3443
3443
3443
3530
3443
3546
3443
3443
3443
3443
3550
3443
3443
3443
3530
3443
3532
3493
3532
3443
3530
3530
3530
3530
3530
3443
3443
3532
3532
3532
3546
3443
3443
3422
3443
3443
3546
3625
3691
3689
3663
3625
3660
3666
3664
3685
3647
3615
3620
3680
3673
3664
3680
3650
3681
3679
3666
3680
3606
3673
3646
3621
3674
3567
3667
3617
3667
3671
3676
3680
3743
3500
3456
3443
3720
3443
3445
3422
3443
3502
3443
3443
3445
3465
3454
3447
3544
3651
3651
3623
3428
3497
3658
3666
3445
3420
3452
3722
3731
3745
3695
3722
3464
3472
3472
3755
3471
3513
3513
2414
2414
81
101
49
48
49
23
3213
3957
2980
3957
3383
3236
2980
2980
3383
3236
3213
3213
3236
3213
3955
2980
2980
3382
3766
3766
3766
3213
3386
3766
3778
3766
3239
3766
3766
2905
505
2249
3902
1535
197
3974
1461
4824
2362
1451
3181
3784
3784
3380
3380
3380
3380
3809
3358
3397
3229
3817
3817
3209
3391
3229
3818
3207
3817
3247
3247
3827
3265
3838
3397
3817
3838
3203
3838
3835
3203
3818
3827
3265
3833
3265
3243
3835
3203
3203
3838
3265
3837
3243
3265
3193
3844
3250
3250
3836
3193
3417
3225
3200
3414
3848
3850
3400
3853
3859
3415
3868
3418
3860
3864
3873
3405
3416
3873
2593
3361
3949
3945
3945
3946
2305
4949
3971
2899
2896
3926
1534
3891
3893
3893
3934
3895
3776
3236
3383
3240
2900
2900
3913
3331
3914
1475
904
711
1471
2257
2645
3972
2200
3240
216
3935
3913
4822
3380
3366
3366
3941
4820
4820
3892
3899
4964
4965
4965
3921
2611
4820
230
4966
3240
3776
3895
3913
3776
3776
2213
3933
3895
2999
1483
2611
3773
3278
3774
3789
3934
3895
3278
3785
3789
3768
3893
4949
3364
3333
230
3969
3967
3209
3209
3969
3967
3967
3967
3969
3209
3247
3209
3969
3390
3281
3969
3390
3969
3969
3933
3931
2363
629
217
217
2159
1447
1486
1444
2368
1501
2251
3784
3276
4944
3791
3791
3766
3791
2900
2900
2900
2900
2540
2525
4924
2426
2481
3367
3371
2585
3810
3351
1718
1569
1561
1718
1739
1753
639
206
727
2142
2142
889
889
1753
1717
1755
1741
638
1744
1358
2201
649
1600
1580
1734
551
551
551
243
2219
2137
2186
2143
501
262
2214
2260
763
260
762
708
708
762
762
1606
649
285
692
692
764
2154
249
694
262
242
279
2195
717
1680
1617
1616
1616
1711
681
1710
464
1651
609
354
2268
678
1655
366
1654
2262
1700
1653
470
1658
361
2211
1675
1690
674
1683
2264
361
1682
672
368
1682
1773
380
680
376
375
2222
687
681
680
680
614
434
379
1713
1713
685
1712
683
2267
4992
240
4184
4184
2256
2256
1575
4992
1575
2256
2269
1574
240
4184
4992
240
4735
4184
639
638
2157
1755
1752
4832
4206
728
728
4832
1749
888
4988
2250
502
256
1538
4787
1465
1370
1372
1463
1468
2271
2250
1577
3312
2152
206
2413
865
2440
46
1765
2414
2447
2413
2438
495
4184
4902
4184
277
1444
2013
1985
1911
2096
1787
2095
1958
1967
1922
2019
1924
2096
2093
1980
1864
2093
1951
2096
2078
1961
2095
1961
1958
1958
1949
1985
2093
2096
1984
1849
1829
1849
1798
1829
1829
1867
1829
1841
1829
1849
1829
1849
1849
1849
1849
1829
1849
1849
1849
1849
1849
1849
1849
1849
1849
1849
1849
1849
1849
1849
1897
1849
1849
1829
1829
1841
1829
1829
1829
1867
1841
1867
1829
1849
1849
1849
1849
1849
1849
1849
1829
1849
1829
1829
1849
1841
1849
1849
1849
1849
1849
1849
1849
1849
1849
1849
1849
1849
1849
1849
1849
1849
1849
1849
1849
1849
1849
1849
1849
1849
1849
1897
1816
1849
1849
1849
1849
1849
1849
1829
1849
1798
1829
1829
1829
1849
1849
1849
1829
1849
1849
1849
1849
1849
1849
1849
1849
1849
1849
1829
1829
1829
1849
1849
1849
1849
1849
1849
1829
1849
1849
1849
1849
1849
1849
1849
1849
1849
1849
1849
1897
1849
1849
1997
1924
1958
1920
2096
2096
1910
1787
1787
1922
1787
1920
1911
1928
1917
1984
2019
1958
1952
2031
2031
1943
1943
2078
2078
2078
2025
2072
2029
1962
1958
1841
1841
1841
1841
1841
1899
1899
1899
1902
1881
1881
1841
1829
1886
1841
1816
1816
1841
1849
1849
1849
1816
1816
1841
1899
2072
2072
2073
1902
1881
1881
1881
2073
1902
1881
1881
1881
1881
1881
1901
1881
1881
2073
1881
1861
1881
1901
1901
1813
1850
2078
1901
2078
1813
1818
1876
1856
5000
1876
1841
1841
1841
1841
2073
2072
1841
2063
2063
2063
1841
1841
1886
1886
1886
1886
1886
1886
1804
1856
1833
1886
1833
2063
1881
1881
1881
1881
1816
1881
1853
1853
1901
1897
1897
1876
1876
1876
1793
1886
2029
1944
1991
2086
1833
1931
1864
1936
5000
1864
1818
2078
2078
1861
1849
1849
1849
1849
1849
1849
1899
1899
1816
1881
1816
1899
1849
1849
1849
1876
1876
1853
1816
1897
1897
1876
1886
1876
1899
1816
1816
4997
1816
1857
1849
1876
1901
1850
1876
1876
1857
1857
1829
1841
1829
1829
1849
1849
1849
1849
1849
1849
1849
1849
1849
1849
1849
1849
1849
1849
1849
1816
1816
1849
1899
1849
1849
1849
1841
1849
1849
1849
1849
1841
1841
1829
1938
1818
1818
1818
1818
1950
2086
1949
2073
2029
1948
2001
1943
2031
2305
2237
2237
1677
469
338
2898
1573
1571
247
1576
1599
298
2121
2108
663
2203
1563
511
329
2236
1576
2192
2384
1536
761
2219
650
2180
4787
1771
1760
2255
2197
243
288
2203
328
327
2204
454
454
658
1578
2220
2269
1568
1570
1577
2381
287
287
296
2269
1743
347
2266
2108
2620
3900
240
240
2256
1566
1566
1754
1566
1566
4184
4184
1727
4184
1575
1728
1574
1729
4184
4184
1575
265
1566
1566
1727
1755
1756
2269
2180
1440
2177
215
531
262
325
440
340
340
1909
293
350
4006
4917
1721
2999
2315
1567
1567
692
3970
692
239
692
692
556
2112
278
651
1616
1698
1566
1566
4916
1567
4917
1580
2144
2147
2153
323
335
468
370
1700
684
4820
4827
2900
3895
1371
1487
228
3921
3240
3386
4828
647
889
1746
263
437
508
2186
262
366
1700
1682
2166
685
384
4917
4917
1462
1776
1925
2095
2093
1937
2096
1929
2078
1901
2078
1804
1804
1901
1804
1856
2078
1853
1816
1953
272
4184
3276
3361
3361
4823
4961
4192
3781
1752
4986
3190
3783
3780
3784
3947
3925
4949
3361
3784
4206
4206
3902
2125
2165
95
95
95
49
49
76
76
51
76
76
51
101
39
101
101
77
51
2988
3784
3925
3918
3784
2900
2900
4962
4822
2987
3380
3791
3791
2900
3919
2900
3934
3913
2986
3894
3783
3278
3770
2945
3784
3380
3380
2900
2900
3893
3933
3899
3899
3943
3970
3941
3894
3380
2945
4827
2988
3770
3784
3784
2988
2988
3784
2482
2175
4205
200
1485
635
1481
1481
3808
2368
1482
4741
2905
4007
1473
3924
4695
2751
2751
4695
