124
265
846
508
513
513
513
724
509
2476
2474
2407
2423
35
31
32
874
1516
2357
133
60
3368
3368
1599
875
4899
2599
2823
278
2714
2702
4107
4107
4081
4107
2823
4107
4107
2823
846
507
281
4896
4896
2710
4106
838
31
61
61
874
2628
2604
2660
4896
2704
2591
2627
2669
887
505
2357
4107
4013
4928
1618
513
509
513
1621
18
507
2407
1625
278
837
58
278
4107
2201
2702
1842
112
277
4662
2702
3364
2647
2615
2600
2600
2829
2591
2710
2823
2823
2829
2823
2823
3059
1599
276
846
2507
1622
869
276
869
2760
2637
724
513
513
513
18
2591
3059
2826
4070
34
4106
513
18
23
513
724
4081
513
513
847
276
2823
2716
3059
2823
2823
2823
3365
2826
2615
927
4946
32
4107
2829
112
2710
3059
2474
1599
2491
2319
3059
4106
513
513
513
513
279
2407
279
279
58
3059
3015
1850
3015
1850
3015
3015
3015
3015
4662
2201
2201
2702
2702
2702
112
2201
2201
1850
277
2829
2829
1850
2702
3015
2829
2829
2829
4662
4662
4662
4662
2829
2829
2829
2829
2829
2201
277
2201
3015
2201
4662
2829
3015
3015
3015
3015
3015
3015
3015
3015
3015
276
2201
1850
1602
1601
1657
2365
4762
1645
4297
780
4299
1393
3925
1424
1542
1414
4306
821
243
4809
220
1541
591
917
916
884
1406
4174
4762
252
4299
4802
3925
3405
4018
3927
684
2486
953
4803
2539
780
953
2997
3389
4160
4274
4914
4013
3405
877
4157
3405
4161
4693
4667
3215
2824
2852
4775
4695
1694
1687
2279
4728
4667
3262
3167
3166
1684
292
292
657
4682
2825
3924
2854
2854
4710
2854
4192
4775
4215
4189
4190
1799
1799
1688
1694
1553
1553
1425
1425
4808
4184
4813
4183
4194
4841
4168
4307
3027
2852
4211
3175
4785
2909
2903
2970
3111
4816
3174
2853
3164
4774
3164
4200
4201
4212
2894
2980
2912
2906
3070
3172
4698
4674
4716
4664
2929
2935
4238
4234
4759
3115
4820
4820
2900
2901
4679
3113
2970
3178
4234
2928
4233
2985
4699
4700
2971
2994
2934
4243
2930
4238
4759
2995
2990
2991
2940
2993
4228
4777
4239
3183
3184
4226
4821
3116
3180
4258
4251
4223
4253
2945
4256
4255
4255
4463
4465
3187
2954
4467
2951
4328
4466
4472
4463
2957
4470
4471
4325
4469
4469
4467
4771
3160
3160
4813
4786
2903
2988
3237
2988
3113
2923
4235
4241
4222
2974
4250
2975
4827
4465
1685
657
4755
2928
2986
2902
2917
3113
3240
2987
4819
4218
4236
4241
4235
4229
2937
3242
2938
2939
2939
4219
2915
3389
1818
459
950
1580
1425
1824
1687
2279
284
284
292
545
849
4291
4965
4914
2866
2869
2866
2835
4694
570
2780
4013
4125
4287
3926
2539
2539
2874
2853
4299
4284
4049
2997
4800
2528
3041
732
732
1684
4701
4196
4194
4195
4199
3103
491
491
2539
2528
2356
2365
1610
2326
605
4080
4959
1610
876
1602
780
4013
777
2319
4746
2830
4755
299
671
1822
1518
2387
2369
1686
1694
4988
1509
1415
730
476
476
322
1606
4205
4813
4815
4205
3164
4188
2856
2855
3103
2884
2884
3093
4765
3209
2907
3238
4789
3239
2923
4791
2933
2933
2972
4231
4793
4818
2936
2949
4320
777
1369
1369
957
465
781
780
780
780
684
683
683
1556
1524
471
1556
1591
1407
1645
2370
932
932
1541
3024
1607
4042
1613
4157
4168
4276
1799
2888
4189
292
292
1556
4206
3165
2876
4773
2878
4159
2965
2964
4687
4186
2893
3169
3171
2924
4820
2922
2899
2911
3204
2979
2910
4701
2991
4237
4237
4246
4220
4253
2946
2932
3190
4257
2950
2947
2956
2948
3192
2952
2952
4320
4476
4326
320
320
320
3093
2855
2855
4170
4883
1685
298
298
4754
2921
4702
2989
2971
4671
4988
4801
4826
2782
1686
491
731
3040
4164
2873
2835
4668
1580
2539
1613
1607
2492
777
1556
1688
4275
4770
732
732
732
3109
3112
2904
4673
3114
4663
4236
4236
4222
4223
3187
4475
4204
4204
4204
2885
3093
4765
3246
2353
1578
1578
1607
1607
3036
2843
2854
2888
2888
2492
2492
2486
751
1473
1469
1456
964
1446
964
741
741
792
745
1458
1459
1460
1447
1460
961
1445
1447
958
1445
775
808
961
777
755
755
774
957
780
780
777
1629
777
1634
1470
1458
1473
758
787
787
1629
774
1629
777
774
779
1475
1447
746
782
745
1460
755
758
780
1445
792
1458
1466
1369
777
1458
1629
775
1641
958
755
776
1475
1466
776
961
1634
755
787
1445
4956
468
2549
2539
956
1369
459
2529
1641
1460
777
2702
3015
3015
1500
2702
277
2430
1500
875
3378
1688
2369
1679
3015
3015
2702
2702
1602
1598
4070
4914
3155
2855
3015
2702
2702
4662
2829
1850
1850
2829
4683
4263
4169
4728
4728
4172
1798
2279
513
2354
2354
1620
2423
2423
1610
1610
3409
4069
4803
4090
4024
1555
1596
4803
1606
1582
1643
1578
466
2362
1580
2362
1580
2362
2539
2539
2539
2492
2492
879
241
684
2485
1527
2353
1582
684
879
684
684
1580
2486
2485
684
1578
1613
2510
1643
4795
2530
1606
877
2510
937
1607
937
1605
1556
2486
2539
2362
2362
2539
570
781
1629
760
570
465
779
505
2474
2423
1445
758
1460
756
756
964
1446
1446
1442
1447
1445
1445
1480
1480
1477
1482
1482
1482
1465
1471
1465
1485
1471
1482
989
1092
984
791
791
1092
801
1092
1482
1092
1496
1050
1048
1496
1490
1486
986
1489
1486
988
980
1050
1050
988
988
1486
1480
1484
1496
980
1486
988
1489
1489
988
988
988
988
1486
1496
1332
1012
1050
1490
1490
1490
1496
1050
1332
1051
980
1012
980
1496
1496
1012
1496
1490
1490
1051
1490
988
988
976
1496
1332
1332
1332
1496
1496
1496
1496
1332
988
1496
984
1484
1482
1482
1482
1480
1484
1012
1048
988
1051
1048
1012
1012
1486
1012
1332
1012
1051
1482
1050
1490
1012
1012
1012
980
1332
1332
1051
1496
1496
1050
980
1332
1482
1486
1482
980
1050
1012
1012
1012
1051
1050
1332
988
1489
1496
1051
1012
1012
988
1482
1489
1012
1332
1332
1332
1332
1332
1332
1332
1332
1332
1332
1332
1332
1332
1332
1320
1332
1332
1332
1332
1332
1050
1332
1332
1332
1051
1332
1051
1051
973
1088
1051
1088
1012
1012
1051
1012
1088
1320
1332
1320
1051
1012
1320
1320
1320
1088
1320
1320
1320
999
1320
1320
1051
1320
1009
1320
1320
1009
1009
1320
1009
1009
1320
1320
1009
1320
1320
1320
1320
1320
1320
1320
1320
1320
1009
1320
1320
1055
1320
1320
1009
1009
1012
1088
1088
1012
1088
1012
1320
1012
1012
1012
1012
1051
1490
1496
1320
1320
1320
1012
1055
1055
1320
1055
1320
1012
1055
1012
1320
1320
1320
1320
1320
1012
1320
1320
1055
1320
1320
1320
1320
1009
1320
1320
1320
1009
1320
1320
1320
1320
1320
1320
1320
1055
1320
1320
1320
1009
1320
1320
1320
1320
1012
1012
1012
1055
1320
1012
1055
1012
1055
1012
1055
1055
1012
1012
1055
1055
1320
1055
1012
1320
1012
1320
1320
1055
1320
1320
1055
1320
1055
1320
1055
1333
1055
1055
1055
1055
1320
1026
1055
1055
1012
1012
1012
1012
1012
1012
1012
1052
1048
1048
1486
1486
1048
973
1486
1052
973
1048
1048
1048
1048
1048
973
1048
1048
1048
973
1048
1048
1048
973
1013
1048
1048
973
1048
1048
973
1013
973
1013
976
1050
1051
1012
1012
1012
980
1496
1012
980
1490
1012
1012
1490
1496
1496
1050
973
1048
1050
1496
1486
1486
1486
1486
1496
1496
980
1489
982
982
1489
980
1495
976
988
984
1486
1486
846
833
35
4662
2702
2829
1369
780
471
780
1556
777
1369
1369
1369
570
465
1369
1369
2492
2531
781
1369
781
781
956
1580
1556
2492
953
1607
1613
953
1607
1524
1556
953
2539
1544
3029
3069
2822
4289
299
3388
4801
4049
4288
4692
3029
3029
2806
1696
2370
4175
475
4291
4047
4047
2200
904
2527
2363
2320
1401
811
447
219
1446
1445
1442
1447
1453
1453
756
964
1446
1446
808
808
1453
1460
1460
1458
772
750
1460
782
1458
1460
750
782
756
1458
1456
751
741
741
1475
1459
747
1470
1474
801
1459
801
1466
1465
987
1471
981
1092
1469
1469
1466
1092
1465
1092
1092
1465
1465
1465
1482
1482
1482
1482
1482
1477
984
1482
1482
4080
4762
2326
2326
1518
1598
4069
4810
4295
3212
274
1408
4298
4810
4980
1414
2370
4068
4958
4125
4130
1597
1613
2531
1581
2539
2362
2362
252
4045
4290
2806
2806
2782
2782
2822
3389
4303
4160
2565
1689
4300
4167
2385
2833
2833
1613
2539
4041
1596
1606
1423
1647
1647
2811
3148
4095
2808
1646
4783
4043
2807
4958
4965
4965
2808
1581
1581
2530
1606
2530
1596
3032
2558
1596
1555
4768
4077
2362
2510
1582
1643
4987
1648
1560
1643
4795
4803
3405
3405
2808
4763
1641
755
1629
961
958
760
787
787
1445
962
808
1446
961
961
758
760
4056
4957
4709
4053
4714
4685
3920
4955
1572
818
1401
2492
684
2486
953
2423
915
509
503
927
939
2511
1584
215
1501
2834
3218
4731
3019
4682
4274
4263
3217
3068
3036
4667
4739
3201
4726
4713
3162
2843
4693
4704
4744
4680
4708
4715
3390
3175
3038
3177
3207
4787
3235
4812
3234
4210
4758
2962
2963
4197
4678
2889
2905
4191
2906
2896
2896
4787
3237
2907
3209
4788
3108
3106
4181
4811
4812
2875
2854
4676
4696
2890
4211
2892
4686
3105
2996
2973
3186
4258
2938
3190
3189
4247
2973
2974
4822
4794
4245
4245
3191
4249
4778
3186
4817
4817
4222
3181
4217
4221
4793
3182
4225
4217
3184
3185
2941
2936
2941
3116
4830
4473
4252
3193
3192
2944
4257
2942
2974
3243
4247
4259
4244
4244
2955
2954
4756
3187
298
298
3246
3246
4159
3028
292
292
657
4746
4808
4166
4166
491
491
731
292
3161
4267
4745
4688
4260
1684
1684
1684
1690
4669
2855
2855
3231
2824
4161
2385
3151
4167
4158
2833
2822
2871
4307
1683
858
2387
4284
4283
4826
2871
4692
2822
3151
4274
4169
4167
4173
4172
1692
2385
4707
2870
2423
4877
513
3059
2585
2669
509
870
78
4871
3246
3161
2795
4330
4477
4488
4324
4335
4334
4838
4322
4555
4652
4464
4576
4553
4484
4655
4573
4526
4518
4656
4566
4554
4486
4485
4484
4341
4341
4434
4430
4430
4346
4346
4430
4346
4346
4430
4341
4341
4341
4430
4341
4441
4341
4341
4430
4341
4341
4341
4434
4434
4434
4434
4434
4434
4434
4434
4434
4434
4434
4341
4346
4430
4430
4341
4346
4346
4341
4346
4341
4341
4346
4341
4389
4434
4430
4430
4341
4341
4341
4430
4430
4441
4441
4389
4434
4430
4341
4341
4389
4434
4434
4434
4434
4434
4341
4434
4341
4434
4434
4434
4434
4434
4434
4434
4434
4434
4434
4434
4434
4434
4434
4434
4434
4434
4341
4434
4346
4341
4346
4341
4341
4341
4341
4341
4341
4434
4341
4434
4434
4434
4434
4434
4341
4341
4346
4341
4430
4341
4341
4341
4430
4341
4341
4341
4346
4341
4434
4434
4434
4341
4434
4434
4434
4434
4434
4434
4339
4829
4581
4478
4327
4480
4326
4658
4334
4828
4334
4827
4488
4475
4329
4579
4331
4571
4555
4613
4537
4497
4518
4544
4573
4605
4535
4568
4613
4580
4483
4333
4430
4430
4430
4434
4430
4434
4434
4434
4434
4455
4346
4430
4346
4441
4441
4455
4455
4441
4441
4441
4392
4434
4392
4430
4430
4430
4430
4434
4461
4410
4434
4459
4461
4422
4461
4459
4453
4461
4414
4414
4639
4502
4368
4459
4460
4636
4635
4638
4495
4493
4491
4491
4511
4493
4493
4510
4491
4491
4541
4540
4491
4430
4430
4346
4357
4357
4357
4357
4430
4430
4374
4374
4374
4619
4350
4374
4374
4619
4619
4489
4598
4599
4599
4619
4455
4418
4459
4419
4461
4342
4368
4368
4409
4502
4492
4511
4491
4489
4489
4618
4357
4357
4568
4617
4605
4606
4553
4548
4548
4545
4545
4512
4517
4495
4346
4425
4441
4392
4448
4392
4392
4392
4366
4392
4342
4342
4366
4358
4403
4445
4358
4390
4347
4347
4368
4403
4368
4452
4452
4426
4426
4619
4371
4452
4452
4368
4456
4456
4452
4649
4443
4424
4642
4489
4649
4504
4489
4346
4441
4441
4346
4346
4441
4441
4441
4389
4434
4441
4441
4434
4434
4434
4434
4434
4434
4434
4434
4434
4434
4434
4434
4434
4434
4434
4434
4430
4430
4430
4430
4430
4430
4346
4430
4547
4546
4574
4572
4555
4634
4561
4357
4561
4520
4561
4523
2486
2486
4057
3241
3241
4242
4988
2565
2565
4208
4215
4743
4743
2907
4792
4243
3178
2897
2897
4743
4790
2924
2846
4165
4207
1799
1692
858
3168
3168
2913
2831
2444
1808
4174
4307
4275
4750
3167
3175
3177
2899
2920
2994
4242
4792
2925
3179
4174
2919
4171
2883
4750
4172
3387
4168
4751
4753
4742
4171
4173
4173
4226
4231
2549
858
4048
4048
4127
732
1685
2830
4807
3159
4735
4688
3158
3246
3160
3218
657
657
491
3027
4166
320
322
3246
731
292
3161
3092
4688
4736
2977
4165
4164
2842
2881
2881
4301
3924
2881
4695
2930
2931
2929
2993
2992
4335
657
2978
3185
849
292
4957
2841
4044
4205
2869
2869
2847
3165
4814
3165
2879
2964
2908
4193
3204
2932
3192
320
3158
3158
3158
3069
657
3110
3208
3110
2918
4672
4663
4663
4236
2990
4224
2973
4252
4463
878
1555
1648
3163
4296
3923
3150
4768
2362
1581
2530
4694
4706
4725
4288
2966
2908
4180
2879
2876
4185
3172
4249
4249
3117
4219
3180
2956
3118
491
657
4725
2782
2828
4480
4518
4576
4487
4517
4639
4639
4499
4551
4641
4642
4552
4519
4642
4394
4559
491
491
491
2518
600
1598
4080
1694
1808
1695
1542
1694
1687
2298
1520
1688
1586
2298
2298
2298
1612
2279
1614
1840
441
441
892
4965
476
1408
1693
1693
4965
1401
1691
1684
284
1692
1808
2385
2857
133
114
114
1842
2681
2627
3015
2829
3015
1850
1850
1850
1850
4662
2201
4662
2201
267
2358
2358
468
1406
882
477
466
1826
1598
4095
1598
687
1591
1645
1539
1827
2363
4990
4080
4762
4762
1612
1604
446
1657
1373
2320
2363
1827
4079
4126
1644
3932
4029
4749
2559
4803
818
916
212
4090
889
906
262
232
1403
4297
1696
1645
1839
1839
4689
1680
2369
2369
1688
3210
2369
4705
2479
4018
1689
4691
284
1683
1829
1683
4677
474
475
1824
140
98
56
56
513
521
513
521
1498
2423
1499
210
1663
9
959
4147
1668
3058
4151
960
6
107
2687
3403
2773
2673
2577
4915
104
1661
3399
4863
3404
4915
3404
4860
3061
3061
4863
4846
56
56
4147
1841
2572
2584
4915
4104
959
960
959
4016
4016
107
2687
2630
4316
2667
2578
2578
2636
597
506
3144
3404
4915
4915
2425
521
521
513
2496
97
1499
4147
97
4314
870
56
62
3403
3403
3399
4145
4145
3057
3057
1841
2578
2578
3399
2636
2584
2577
3061
2577
2585
4915
3061
3061
4846
4012
4846
3058
1841
144
237
597
869
4016
144
2716
2636
521
869
513
869
144
2584
4846
4846
3411
38
4846
513
97
144
1498
56
4846
513
513
1668
2801
2801
1662
4928
4915
3061
2577
2585
2615
2425
4104
4016
98
98
3061
144
2585
3057
237
4016
2801
4863
1341
4846
521
521
521
513
1668
144
144
1663
4928
1841
1841
1841
1841
4145
3399
3398
3398
2802
2802
3057
3399
3398
4145
1841
4145
98
3057
3063
3057
3063
3057
4015
3403
4146
3057
3399
2802
3398
3398
2802
3403
3403
3403
3403
2802
2802
3403
2802
2802
3403
3057
3057
3403
3057
2802
2802
2802
4145
4146
4146
4146
4145
3398
3403
2802
98
3057
3063
3144
1666
4148
2543
4934
2268
1426
2781
3903
3004
810
2205
211
4975
4975
2414
592
444
2543
2541
3055
3084
4934
4931
310
4953
4021
3414
4133
4681
4970
3909
3438
2816
3066
3120
3921
2408
2550
2226
4094
2235
4104
4931
864
4105
4960
2409
734
543
4853
288
2239
2208
1832
1678
1682
2253
3016
1703
305
625
733
293
4880
1812
4977
1714
307
1714
2209
1703
1710
623
623
2297
2304
1678
861
229
1819
2271
700
1721
330
335
2329
698
2206
1505
332
306
344
345
705
358
665
2346
1712
2259
551
668
337
1707
2372
331
2230
1704
425
356
361
627
428
553
413
559
2266
1753
436
1747
1747
378
1760
637
1757
424
2215
554
709
2346
377
379
2265
2202
2214
557
1760
711
1751
2380
1743
1752
1752
1754
1745
1734
714
1738
560
638
1736
643
389
1765
387
403
649
1733
1767
1766
647
419
404
1761
1774
1764
1764
1997
398
2006
1860
1999
2001
2001
1857
1866
1861
1992
1861
1994
1859
1859
1868
2001
1857
4771
3160
3160
4772
626
365
358
710
629
712
712
386
386
1771
647
401
2391
2391
2305
545
378
2244
2245
2214
710
711
369
1745
437
1754
417
1748
2350
714
2334
1765
1766
1741
1741
561
364
2547
2419
4937
4971
4971
2271
1831
1681
1681
733
293
293
544
544
4956
4927
1728
1728
678
734
3888
4717
4930
4038
3007
1428
3884
295
677
289
523
3071
3931
4938
1728
283
680
415
336
1702
335
542
491
491
3144
2817
4133
4974
4900
3143
3055
1666
504
4929
4091
4934
3463
1666
3302
4104
4863
3887
3465
2425
2252
380
380
1551
671
1666
860
1679
2368
3225
3943
442
2271
2542
546
322
4813
2374
1705
2374
1729
667
1729
2327
2324
2324
2327
2329
4765
624
2377
632
634
635
432
636
383
383
1749
639
2378
1772
646
401
1998
3481
3353
3303
3122
3122
3481
3125
3339
3912
4902
4969
3885
3911
3889
4150
3073
2269
211
1666
225
3226
2816
4098
865
2226
2257
2297
607
1723
733
680
1806
3223
2331
338
1706
2373
2217
311
331
705
2371
1715
1717
666
350
636
375
559
353
2243
628
555
556
558
1758
1739
1739
1773
561
561
562
644
395
402
402
420
651
2002
397
2000
1860
2388
1861
1861
493
321
1730
4766
4766
2252
2318
1674
1677
353
372
367
556
2348
1715
2248
2233
522
1682
545
2307
287
286
2224
2224
307
2817
4805
3120
3911
3134
3124
3908
1815
2275
1788
3092
680
733
680
427
2345
2347
354
434
373
382
1748
417
1746
2351
1995
1856
2328
2329
4770
4769
3160
3092
4765
4930
3463
4971
4961
3905
3016
336
307
1725
3480
3267
3905
4937
3276
3490
3285
3960
3341
3296
4116
4117
3283
3972
3495
3959
4122
3954
3290
3961
3297
3343
3486
4121
3342
3487
3296
4120
3310
3330
3299
3301
3315
3896
3125
3339
3119
3124
3322
3342
3967
3319
3958
3297
3486
3301
3332
3332
3316
3899
3302
3899
3898
4120
3978
3967
3960
3953
3299
3292
3125
3313
3972
3949
3950
3125
3330
4111
3481
3296
3300
3359
3314
3066
3952
3337
3339
4118
3341
3339
3896
3311
4947
1420
4938
3352
3893
4961
4110
3284
3299
3399
4146
2802
3404
3401
3399
2773
2774
2773
3403
1679
1830
1679
2802
2802
4146
3399
4145
3399
2774
4930
4915
3454
3094
3094
3399
3398
3398
3403
2802
4145
4145
2802
1498
1548
2434
1547
2254
2253
619
2278
607
2402
1666
4149
1341
237
210
509
4148
4100
4058
3449
4101
4924
3139
3459
3127
4087
4132
3903
2817
4938
4133
4971
4133
4938
4970
4938
2817
3267
3904
4969
3913
4910
3936
4937
3935
3078
2817
2817
3913
4969
4970
4970
4937
4937
4971
3157
3431
4133
3903
4088
3047
3047
3053
3934
4901
4974
2786
4148
4972
3257
4901
4938
4938
4938
4938
2816
2816
3889
3889
3330
3294
3485
3478
3898
3899
506
210
3308
3485
3479
3309
3309
4112
4122
4119
4114
3959
3340
3487
3976
3278
3611
3515
3981
3980
3966
3329
3318
3981
3980
3277
3515
3971
3984
3995
3984
3271
3979
3305
3984
3981
3979
3319
4003
3525
3585
4007
3503
4011
4003
3500
3860
3543
3528
3549
3503
3580
4001
3610
3626
3503
3542
3501
4003
4011
4011
3998
4008
3525
3596
3860
3549
3610
3503
3503
3613
3620
3549
3852
3614
3503
3503
3536
3503
4005
3549
3503
3609
3503
3511
3503
4006
3503
3998
4005
3583
3610
3578
3579
3512
4005
3579
4008
4001
3995
3612
3503
3997
3611
3611
3997
3998
3993
3999
3543
3585
4011
3536
3852
3861
3536
3509
3536
3578
3869
3998
3537
3852
3528
3614
3503
3549
3993
3578
3592
3536
3539
4005
3862
3503
3995
3998
3516
3998
3998
3542
3621
3536
3866
3861
3567
3857
3538
4011
3580
3498
3535
3549
3337
3998
3528
3866
3592
3855
3855
3592
3833
3856
3859
3825
3825
3815
3824
3833
3833
3592
3833
3859
3855
3855
3855
3833
3819
3825
3856
3860
3536
3852
3527
3578
3578
3573
3861
3558
3578
3866
3560
3847
3549
3558
3844
3560
3844
3842
3558
3845
3549
3549
3558
3558
3843
3560
3548
3560
3558
3549
3558
3558
3548
3560
3598
3560
3849
3843
3843
3842
3598
3843
3770
3843
3842
3842
3843
3849
3843
3843
3849
3843
3843
3843
3843
3849
3843
3843
3536
3549
3549
3558
3578
3578
3867
3847
3536
3549
3549
3548
3567
3528
3613
3549
3866
3549
3549
3549
3549
3560
3549
3560
3849
3849
3549
3549
3549
3849
3560
3849
3549
3560
3549
3549
3549
3849
3560
3549
3549
3560
3560
3849
3849
3849
3849
3849
3849
3849
3849
3849
3849
3849
3849
3849
3849
3560
3849
3849
3769
3849
3849
3843
3549
3549
3867
3549
3549
3549
3549
3549
3549
3549
3549
3549
3503
3503
3549
3549
3549
3549
3549
3503
3549
3549
3549
3549
3549
3549
3503
3549
3549
3549
3560
3549
3549
3549
3849
3560
3549
3560
3560
3849
3549
3849
3549
3560
3549
3549
3769
3849
3849
3849
3849
3613
3549
3549
3503
3503
3503
3503
3620
3525
3542
3620
3620
3542
3540
3863
3542
3526
3526
3526
3526
3534
3526
3526
3526
3526
3526
3526
3526
3526
3812
3863
3526
3526
3526
3526
3526
3533
3526
3520
4007
3866
3503
3549
3503
3503
3503
3503
3503
3503
3549
3866
3503
3503
3503
3626
3567
3525
3620
3540
3580
3500
3499
4009
3596
4003
3583
3511
3501
4009
3504
3511
3511
3511
3511
3502
3540
3540
144
871
2541
3403
3403
3398
4017
2802
2781
3883
3121
3227
3887
3263
3897
3897
3121
3890
3891
3893
3893
4036
3480
3353
3121
3478
3352
3915
3884
3912
3905
3900
3882
4036
3352
3226
3911
3908
3352
3889
620
4994
4994
1545
669
526
1820
2859
3071
4867
2270
244
4690
2562
221
326
1438
3948
222
596
445
2541
1584
3311
3358
3358
3487
4123
4123
4119
4112
3296
4114
4114
3961
3961
3949
4117
3950
3490
3953
3488
4111
3953
3489
3954
3490
3290
3274
3274
3974
3283
3950
3489
3321
3488
3978
3319
3490
3283
3962
3977
3974
3517
3986
3985
3282
3971
3517
3305
3984
3329
3984
3986
3989
3991
3515
3515
3981
3981
3997
3519
3515
3519
3279
3984
3981
3414
3144
3143
3055
504
3464
4085
517
4867
2271
1412
3071
1419
4721
3420
3419
4806
3223
4054
4037
3026
3477
3901
3909
4132
3928
2860
4292
4294
3075
2551
4304
1548
606
1796
2228
1831
1833
4805
3133
3360
3941
4132
3047
1672
4845
2776
3942
3357
4058
451
4996
4906
3145
4951
4091
4059
3026
3902
4804
4098
3222
3222
3222
3000
3047
3047
4943
4072
2998
3222
3222
3460
3462
4034
4038
4935
3438
3149
3449
4101
4124
4094
3334
3295
3294
3313
3336
3335
3295
3479
3308
3310
4109
3315
3289
3479
3310
3313
3047
4060
4976
4876
4852
4293
3360
227
2534
590
2817
4970
2817
2423
2425
2423
213
942
916
1584
1584
325
1501
1789
308
866
421
2234
2443
454
2274
1812
1784
4733
1802
867
868
543
2294
611
4277
2564
4861
4285
4052
344
2332
2344
2344
1709
1731
347
340
631
330
330
329
360
359
2212
2216
2241
341
1731
346
633
1726
2314
665
705
339
337
621
1718
410
552
1717
2216
1697
2242
1702
329
411
1746
392
396
395
649
394
649
1772
2313
1773
419
1769
1769
650
395
395
2382
1775
1771
418
1736
1735
640
1744
1765
1735
1775
381
1741
641
1767
385
2001
2001
652
2002
2000
406
405
645
646
2388
2313
402
420
562
2006
397
405
2003
283
2318
3246
322
2261
2221
544
302
302
2300
1787
2275
1674
546
491
302
303
3161
660
2416
4282
4278
1690
1690
2367
2323
2324
2324
293
2415
2232
280
1796
1836
1676
863
4994
1405
1545
1825
1546
2563
226
4855
4985
3008
2441
1811
2232
2237
323
1675
2278
2402
1838
2496
47
869
4928
2615
2637
97
870
123
4960
719
942
1617
2394
2191
1871
2009
2198
1870
1870
1868
2011
2012
1871
2394
2056
2114
2069
2113
2015
2195
2198
2195
2056
2115
2398
2056
1989
1971
1904
1900
1971
1971
1875
1971
1971
1875
1971
1971
1971
1971
1971
1971
1971
1971
1971
1875
1902
1971
1875
1875
1902
1951
1902
1902
1902
1971
1876
1900
1948
1948
1900
1951
1971
1971
1956
1956
1875
1971
1956
1971
1956
1971
1875
1971
1971
1971
1971
1971
1916
1971
1971
1971
1971
1971
1971
1971
1875
1875
1902
1916
1902
1900
1971
1902
1971
1953
1875
1971
1902
1916
1900
1900
1876
1902
1989
1902
1902
1902
1971
1953
1989
1953
1876
1937
1938
1902
1904
1989
1951
1900
1902
1971
1948
1971
1971
1971
1971
1971
1971
1971
1971
1971
1971
1900
1971
1902
1900
1902
1989
1902
2168
1948
1971
1875
1956
1971
1971
1971
1971
1971
1875
1875
1971
1971
1971
1971
1875
1971
1971
1971
1989
1900
1944
1902
1971
1948
1904
1989
1989
2058
1998
2058
2392
2190
2010
1871
1869
1870
1869
1859
2392
1871
2013
2392
2058
2058
2058
2100
2100
2100
2054
2194
2112
2112
2100
2100
2055
2098
2195
2195
1956
2161
2041
2041
2168
2041
2168
2173
1947
1948
1952
2033
2161
2161
2161
1952
1938
1956
2162
1924
1927
1965
1951
2041
2041
2041
2041
2041
2034
2173
1947
1952
1901
2029
2049
2049
2028
2182
2047
2046
2079
2078
2044
2049
2043
2078
2077
2077
2093
2093
2093
2094
2110
2094
2088
2094
2088
2397
2149
2088
2088
2041
2041
2161
2049
2048
2126
2126
2132
2041
2130
2041
2033
2033
2130
2161
2033
2134
2140
2142
2145
2147
2140
2138
2130
1901
2180
2182
2047
2044
2042
2078
2042
2079
2082
2084
2108
2087
2142
2136
2098
2098
2132
2100
2147
2146
2149
2395
2090
2090
2094
2090
2094
2059
2033
2033
2161
2160
1888
1927
1921
1921
1901
2023
2182
2021
2186
2186
2185
2185
2159
2024
2024
2021
2122
2032
2122
2032
2133
2076
2020
2074
2023
2081
2074
2076
2140
2082
2084
2085
2074
2086
1956
1956
1956
1956
1956
1916
1875
1916
1875
1916
1971
1953
1925
1953
1933
1953
2166
1936
1876
1876
2168
1947
1904
1948
1904
2168
1902
1902
2168
2168
1902
1902
1971
1971
1971
2161
1956
2033
2395
2113
2113
2396
2147
2056
2098
2098
2054
2054
2054
2055
4938
4970
4970
2817
4091
2333
1744
388
2248
1549
304
2376
2376
1786
1786
1726
438
439
1743
351
426
1781
607
350
438
1786
2282
324
327
607
2263
862
1726
357
679
323
223
619
1552
1781
1781
2240
334
343
1713
425
371
1750
384
1756
2312
377
362
2287
464
294
1787
2275
291
1816
1727
342
356
514
1816
2223
387
1743
1410
670
2426
2318
287
2250
658
3161
2438
3246
3246
3246
322
1790
494
494
494
2299
473
320
322
320
303
303
3092
3161
2292
4879
2282
286
4911
676
550
2779
1716
1714
429
1752
2203
638
390
2005
1806
2213
1737
849
1806
3033
3419
1730
1730
1708
1705
4098
1708
338
338
1719
705
1699
2247
644
650
406
319
319
320
320
544
708
707
366
709
433
434
417
382
1758
1732
1762
1776
400
1996
4938
3221
4038
3229
4848
4989
2788
3901
3026
4055
675
487
4995
2837
2343
707
2331
622
622
551
440
644
2352
1770
1732
418
651
652
544
544
4305
2560
2018
2014
2394
2016
1866
2109
2082
2110
2144
2145
2082
2142
2152
2080
2141
2083
2152
492
492
493
596
442
3468
1830
515
670
861
1682
4963
1809
1510
1677
1677
3143
1681
2800
324
1819
2251
4964
4091
2267
1831
4091
1649
2367
1690
1690
1546
1675
4271
1663
1841
1841
1661
1661
3399
4145
4146
2802
4146
4146
2802
4146
3403
3403
3403
3403
3057
1427
2536
2487
2463
3355
2482
3438
4935
4936
2776
3137
2872
3415
3452
3458
3157
4866
4900
2499
1651
235
2872
4085
3139
3947
4857
4909
2778
3938
3449
598
2461
4134
2498
3934
1664
4908
533
2227
1679
859
4050
1678
1680
860
1839
2790
1679
239
1435
1796
3346
1797
1690
1545
860
1691
3152
1412
672
4434
4434
4434
4434
4434
