144
39
61
830
2548
110
2502
110
829
3325
10
145
4
146
2393
95
17
8
49
19
810
18
118
81
89
36
30
168
1337
129
116
43
32
29
836
30
36
2564
67
44
54
123
36
112
128
19
66
16
76
21
51
170
81
810
107
1791
2605
826
58
59
2629
2605
2605
2605
2502
146
66
61
66
920
144
830
38
1334
80
801
162
163
22
201
810
122
42
132
88
89
34
88
77
30
33
33
26
108
1787
23
47
11
830
2499
48
2596
41
124
61
2594
2605
2502
3325
2604
36
60
109
2548
116
2605
113
2608
2550
103
920
2605
115
827
35
100
147
26
33
26
108
108
84
119
445
68
31
33
2500
91
18
1627
16
120
60
4123
2502
110
2502
830
38
47
2634
66
102
1787
162
172
162
174
174
812
73
1333
1333
1333
174
162
174
186
74
135
92
74
1333
799
74
73
174
174
812
799
22
798
1333
1333
1333
1333
1333
1333
1333
799
74
1333
1333
1333
1333
174
812
172
162
172
812
172
1333
48
1333
1333
499
494
2470
1473
643
643
2478
1354
2418
1542
208
2427
2242
207
2446
1774
2427
2424
205
223
257
907
309
2446
2411
571
226
224
2242
206
2465
1504
1555
1550
1550
452
2465
1551
2739
873
1620
4998
1407
1383
255
1363
886
560
1396
1770
1506
1779
1765
265
793
270
127
2332
288
1644
1508
2249
1636
223
298
822
273
273
2260
2212
585
284
1750
1757
289
443
1762
1682
2275
458
449
2211
283
2297
297
2200
438
2197
2218
2213
570
570
570
225
476
2794
478
820
505
1771
1478
2257
651
2214
2337
595
594
2299
2221
2238
457
2336
2336
2297
321
292
1670
2215
2239
327
1684
599
1667
2312
350
349
349
345
2208
2311
640
640
2206
329
2310
534
433
2232
349
350
475
2311
535
535
536
331
332
2230
420
339
2314
608
354
357
2227
337
2202
2209
611
1699
674
675
362
676
2316
1693
375
2194
2194
427
373
1691
616
2303
1699
1700
543
2317
1740
677
1725
2345
2302
1700
369
1700
543
3178
3180
1679
2299
2299
1658
344
640
351
339
359
407
408
1730
1730
412
412
2208
600
417
475
2309
402
2205
345
422
672
672
540
539
2203
368
361
361
431
1674
2349
2429
791
791
2191
2373
1484
1484
1484
2374
583
583
2308
585
2939
2939
4099
496
4754
2295
2305
1743
1639
1611
690
2392
1797
2276
1560
2257
1744
459
459
1396
1395
263
1549
1551
2465
2291
584
1751
668
1741
669
1761
525
477
4754
4237
503
1527
1364
2453
845
257
859
2463
898
1633
495
1475
1472
492
508
886
1382
690
1747
1771
600
1773
2495
2495
2495
2197
2376
438
1578
513
299
299
299
1484
2440
224
2446
4750
4291
2795
3084
3013
592
589
280
807
631
631
807
3304
319
1659
313
2335
314
402
344
640
640
404
339
406
1698
1697
1730
1491
1339
1340
918
1559
1379
1354
1573
873
893
887
510
844
1404
252
1614
1614
2245
207
207
571
508
434
1481
844
244
1488
1779
1638
2219
2200
297
2207
320
1746
448
1488
3085
2792
2795
269
232
595
1687
2339
1685
1676
1676
403
1657
2300
2278
343
350
2312
673
609
1712
1713
1721
1702
2285
366
1708
1698
1735
1734
1735
613
1694
1695
544
677
381
3014
2892
3304
3304
807
2251
297
634
1741
296
600
605
670
2310
1687
1774
2247
1389
644
2307
439
647
584
649
2250
1744
652
2414
256
653
2293
1361
1573
875
1343
1574
298
279
3024
2248
1751
1677
2309
670
2311
671
2312
2313
2344
2316
1691
2794
3178
2794
3304
3178
503
1617
1615
664
664
3190
273
652
698
1561
838
838
899
1620
707
707
1435
932
928
736
771
929
1429
714
1421
1419
927
1416
931
769
769
788
715
763
1597
731
759
728
726
742
502
732
790
1342
1354
502
1343
756
765
929
703
739
1592
732
732
502
699
1354
699
552
1416
1596
932
1432
1417
730
749
259
739
754
1430
1436
554
451
1420
1343
1596
500
1590
1354
1424
1426
742
759
764
732
1343
1598
1592
308
2245
2245
2453
846
661
557
1540
654
1615
1590
930
726
773
174
812
481
174
80
57
129
797
298
438
172
74
1333
801
801
805
501
806
695
174
1337
174
799
1333
801
162
33
2491
1508
1510
820
1768
821
1780
2207
4994
825
126
96
1792
3325
2380
1539
2383
1601
1398
837
892
834
2433
874
1622
845
845
863
2431
907
1535
1534
249
437
902
437
863
2463
2463
907
1531
865
1372
863
2465
1572
893
873
873
893
873
894
894
2435
873
838
871
873
4998
873
873
1622
845
653
2447
1515
2432
2434
453
2428
2436
2437
893
2438
893
203
211
893
1572
2463
1534
2463
1532
911
1386
1586
916
720
1513
699
741
829
10
749
740
1591
772
928
769
717
717
1413
931
767
788
1453
1457
1439
710
734
753
951
704
1444
711
1444
1444
747
1453
1445
711
704
1440
1426
1446
1434
941
1466
1466
1469
1469
1466
1461
1461
1047
1465
949
1458
1452
934
1457
1466
1463
1459
1458
941
1452
1455
1457
946
1456
1047
1464
1464
1456
1458
1466
1456
1464
1025
1452
1464
1456
1470
939
1024
944
1469
939
1464
944
947
1025
944
944
1025
1025
1464
944
948
950
1468
950
948
1454
950
1439
1442
955
950
1327
1460
1456
949
1047
1025
1456
948
1058
1466
1464
1458
1464
1025
1025
1464
1469
1025
1327
1025
1047
1025
1469
950
1458
1444
1452
1458
949
1464
1464
1025
1058
1008
942
942
948
949
1024
706
953
950
1008
1008
1008
1022
1008
1008
1008
1008
1328
1073
1008
1008
1008
1008
1327
1327
1008
1008
1008
1464
1047
1047
1025
1047
1058
1025
1047
1025
1327
1025
1058
1025
1327
1024
1024
1025
1058
1025
1025
1025
1024
1327
1024
1024
1327
1024
1025
1464
1024
1025
1024
1327
1327
1327
1327
965
968
1327
1327
968
965
1008
1327
965
968
1327
1025
1327
1327
1327
1024
965
1024
1059
965
1025
1025
1024
1025
1058
1024
1025
1024
1464
1025
1025
1464
1025
1464
944
1025
1024
1024
1024
1024
1024
1024
1024
1025
1024
1024
1024
1024
1024
1024
1024
1024
1024
1025
1024
1024
1024
1024
1024
1024
1024
1024
1024
968
1059
1024
1024
1024
1024
1024
1024
1024
1024
1024
1024
1024
1024
1024
1464
1464
1024
1024
1024
1024
1024
1024
939
1024
1024
1024
1024
1024
1024
1024
1024
939
1024
1024
1024
1024
1024
1024
1024
1024
1024
1024
1024
1024
1024
1024
1024
1024
1024
1024
1024
1464
1024
939
1464
1024
1460
935
1467
1459
1459
935
1460
935
1460
935
935
1016
1016
935
1467
935
1460
1467
1460
1016
935
1016
1460
1467
935
1467
1467
936
936
1460
981
1024
1024
1464
1464
939
939
1456
1456
939
1463
1464
938
939
1463
949
1451
1466
1466
1466
948
935
935
1460
1462
1451
1456
1456
941
1448
1456
1458
1458
1452
947
946
1460
2555
1635
29
34
1334
33
886
886
886
1490
883
554
783
1350
1513
1367
1367
888
1492
1339
451
1493
558
1376
2324
835
884
912
886
1364
1625
841
1367
250
562
250
2390
1775
2485
1603
1505
1392
2381
1391
2237
460
1505
1388
1400
1396
1395
2307
207
2246
2246
2381
2486
460
460
2474
209
2410
2443
1408
2476
2387
2387
1410
2370
309
771
1422
767
750
737
1598
717
1594
736
736
1593
724
933
716
927
930
712
708
926
929
716
930
1416
927
716
1428
707
704
1435
1428
748
1431
735
1433
1434
1426
1429
753
705
746
1444
1445
753
747
1440
1440
1446
1434
1440
940
1438
951
710
955
955
1454
1438
711
955
710
240
227
498
1556
1394
1396
2307
1394
2373
2373
1395
1399
1480
1480
207
207
207
444
1538
832
2473
2473
2321
1561
2329
1496
1535
1535
2465
1503
1479
2325
2307
1775
1775
1775
2349
289
2482
275
4984
307
2374
218
2219
1562
1485
1536
1567
1519
1523
214
463
463
1551
1552
579
1569
1556
1542
573
461
263
2289
1514
290
1477
1570
1575
889
1565
889
241
2467
2468
1568
1568
1516
2437
2418
834
453
2435
2421
2418
2385
1583
1584
1595
728
743
727
732
500
732
1588
739
727
738
1587
727
745
739
749
1590
1537
4990
1609
2482
4986
4098
2489
1402
1402
2441
1613
250
250
4998
871
437
1621
2430
1622
776
2425
4121
1790
4281
2439
1633
4128
1412
1634
2384
1412
2495
2384
2384
1753
1778
1642
1640
1777
2253
2491
1756
2269
2391
1652
1648
1649
1639
1639
1652
1652
1764
2481
454
2214
2199
532
595
2299
2336
1680
2222
2215
478
478
642
318
323
2223
317
1660
1680
2299
1660
319
401
322
301
2336
1664
291
1683
2339
597
310
1669
478
1689
1709
1710
372
611
428
1720
370
1712
1719
1719
612
432
2343
1692
1716
374
2196
2195
370
609
358
426
2204
538
2193
2227
2196
1711
360
359
610
674
1700
1699
373
2317
375
378
378
1690
408
1730
542
1706
1701
614
1736
1695
379
1706
2248
296
4769
306
2368
2308
2368
266
2236
2271
1749
2252
668
2258
3182
1641
1755
1651
668
474
1741
278
645
3190
280
287
232
275
1767
307
1509
582
1505
1775
2484
1773
1391
1505
1389
1770
1774
1389
1608
4985
454
4991
1511
1766
1510
2231
2231
1769
1780
1782
274
1654
2612
43
2500
2583
101
2634
2636
2537
4287
3180
1632
1793
380
1740
389
619
627
1731
1722
1733
409
389
2346
678
2318
2318
1799
1971
1732
393
545
388
2318
2355
2318
2050
2006
2017
2050
2056
2063
2063
2063
2117
2050
2055
2006
2055
2057
2006
2117
2058
2015
2053
2117
2006
2053
2054
2015
2089
2017
2017
2017
2022
2185
2017
2062
2056
2056
2062
2070
2091
2063
2125
2050
2058
2117
1906
2117
2014
2057
2089
2170
2006
2117
2058
2117
2006
2117
2016
2089
2056
2016
2057
2006
2117
2117
2117
2013
2109
2117
2054
2017
2017
2088
2016
2056
2017
2116
2116
2052
2032
2088
2022
2021
2122
2016
2105
2022
2059
2056
2103
2062
2012
2117
2058
2055
2057
2054
2053
2017
2116
2116
2022
2061
2103
2125
2006
2055
2117
2006
2057
2057
2057
2014
2125
2012
2117
2057
2054
2053
2017
2017
2054
2021
2185
2116
410
410
1732
1724
678
1725
627
1733
627
1733
1724
1740
1740
380
1731
1731
388
387
545
545
1965
1799
1800
1800
387
411
411
545
1732
618
1822
2090
1984
1976
1978
1984
2184
1978
2189
2068
2090
2064
2127
2184
2033
2136
2126
2127
2082
2122
2033
2082
1822
1979
1977
1979
1961
2189
2188
2189
1820
1974
1817
2363
2352
2352
1815
1815
2356
1820
1815
1818
1816
1816
1823
1808
1808
1809
1809
1964
1964
1964
1964
1812
1824
1822
2093
2183
1959
1959
1977
1807
1821
1811
1821
2181
1811
2068
2360
2181
1813
1812
2351
1972
1811
1811
2186
2187
2363
2358
2100
2356
2356
1982
1815
1983
2180
2177
1812
2095
1970
1962
411
1972
1972
1972
2355
2355
1800
1800
1800
1800
2350
2359
2086
2362
2086
2135
2361
2082
2358
2129
2042
2100
2045
2042
2361
2097
2066
2048
2046
2100
2041
2041
2041
2045
2182
1813
2044
2041
2041
2100
1982
2041
2041
2095
2095
2180
2180
2041
2180
2060
2069
2125
2125
2126
2124
2117
2117
2123
2116
2124
2117
2116
2116
2116
2116
2116
2126
2122
2116
2033
2032
2184
2185
2185
2185
1985
1984
1985
2089
2090
2091
1985
2070
2355
2355
2355
387
1972
1972
1962
1970
1966
411
411
437
1620
2382
536
537
536
219
223
277
2198
2199
531
2220
2220
533
535
536
534
532
2220
2220
314
534
2200
2235
219
2217
2207
1780
1391
223
531
2201
2241
1769
1772
1509
1774
821
2273
650
504
312
2201
433
2208
419
419
534
218
1657
2235
1748
2237
2249
1769
2237
218
282
294
316
306
2231
2242
582
601
404
2247
643
643
2247
1397
413
2248
2248
593
1743
3127
1754
4250
3182
1638
1742
2368
1794
581
2272
2216
4251
2891
2891
471
470
3024
1637
2270
2210
2235
2250
1642
2274
450
1398
2277
450
607
349
332
355
336
621
418
423
3011
1750
1646
2328
2276
3084
3015
2289
3084
4799
4839
322
595
1668
606
1717
1704
518
2888
3179
2307
1742
2334
669
2309
2311
671
2312
2313
675
370
2342
3268
1535
2327
890
4293
1604
1605
455
1555
2323
1575
2253
2348
1783
289
1677
301
1665
1666
2340
615
676
2281
1718
2314
622
373
689
2333
1388
1512
619
2318
2355
619
1965
1823
1816
2177
1964
1982
2095
1809
2095
1982
1972
2305
2252
1794
689
2409
220
2372
1772
2246
207
207
207
439
204
224
570
224
296
636
493
822
897
2480
2480
2213
2385
2480
570
570
277
1476
2479
636
472
284
1772
1781
4895
69
68
98
201
801
172
79
74
1333
812
172
74
799
799
74
74
491
2245
2245
2427
2446
2446
434
2475
1378
246
2465
2429
229
246
2465
563
1403
654
435
2245
2429
2245
1483
1523
1487
579
2371
1580
2380
2440
209
2441
1409
1520
2245
2319
1552
567
1542
573
463
233
1502
1554
2467
2386
1613
2471
1401
2293
2409
2477
2478
2477
1402
2247
643
1391
509
3893
4983
3294
509
2471
4987
3294
1631
514
4984
4993
4994
509
666
666
823
1387
507
2495
2521
2580
2571
2560
2606
2606
2559
2588
3417
2505
2626
3324
2642
2509
4898
2609
2611
3292
2623
2522
3310
2519
3292
2611
2546
2527
2536
2689
2578
2581
2523
2525
4286
2530
2524
2627
2530
3829
2619
2642
2544
4285
2536
2600
2539
2569
2637
2623
2584
3289
2573
2518
2579
2579
2575
2588
2503
2560
2551
2552
4282
2629
2626
2606
2606
2550
2497
2603
2510
2590
2513
2620
2636
2540
2528
2528
3835
2668
2668
2584
2517
2690
2613
2577
4284
87
2520
2577
2520
2583
2677
2527
2527
2536
4283
2599
2584
2567
2586
3322
2549
2499
2636
1788
2576
2606
2588
2588
2586
2559
2496
2614
4283
2629
2601
3418
2588
2508
2565
2586
2560
2618
2618
2606
2633
2570
2552
2592
147
2536
2527
2599
2599
2576
4122
271
2692
2523
2581
2642
147
3831
2626
2511
2512
60
2628
2553
2606
2562
2606
2586
2609
2618
2618
2619
1787
4283
3307
2668
2668
3835
3831
2668
2582
2582
2582
2668
2669
3835
3307
2667
4909
2657
2667
4909
3831
2528
2566
2667
2582
3835
3835
2581
2566
2566
2582
2657
2582
2582
2657
2582
2582
2582
3831
2566
2657
2566
2657
2667
2669
2657
3307
2668
2669
2668
2582
2665
2667
2667
2993
2989
3909
2945
4744
4743
3977
3866
3383
2706
2985
4875
3896
4982
3066
3368
3389
3076
2948
4982
2714
2716
2716
2999
4972
4095
3073
2952
2755
4051
3068
2759
4105
4026
2724
3281
3343
3381
3150
3970
4024
3866
3864
3141
2951
2997
4134
4266
2997
3301
4275
3302
2192
3192
2764
4005
4164
2808
3076
4878
3318
3315
3303
4719
2806
2805
4811
4248
2779
4828
3092
4176
3093
4843
4736
2801
3026
3163
2786
4878
3887
4885
3064
3064
3064
4875
2761
4159
4160
4160
3314
3089
3979
3010
4163
4179
4721
4152
2895
4736
2807
4803
4154
4154
4171
3168
4162
4156
4737
4157
4738
2815
4737
4165
2831
2817
2831
3100
4785
4785
4785
3102
2832
2820
3169
3170
3170
3171
3171
3103
3171
3099
3099
2896
3099
4730
4730
3095
4730
2840
3137
2912
4722
2815
3100
3100
2831
4814
2895
3095
4702
4730
3099
3099
3099
3099
2816
3103
3103
2909
2896
3103
3103
2839
3171
4815
3171
3137
3030
3096
2912
2840
4730
2834
3096
4728
2897
3171
3171
3171
3171
2909
3136
3171
3171
2816
3099
2909
2908
4730
3099
2834
4730
2907
2907
4728
4206
4742
2897
2828
2828
3171
3171
3171
3171
4815
2839
2830
2830
4816
2910
2832
3103
2827
3002
2826
4700
4700
4848
2838
2853
2852
4209
2852
3106
3174
2849
4212
2850
4204
4205
4209
4209
2921
4210
2794
3180
2794
4168
3028
2895
2895
3030
2896
2896
2897
3172
3172
2917
4818
4848
4848
3174
3193
2939
3095
3096
4722
4730
3103
2908
3136
2909
3103
3103
3103
3103
2895
4705
3029
2834
3096
4730
3170
3170
2840
2896
3033
2829
4706
4724
4724
2816
2816
2908
3136
2908
2831
2909
2831
2831
4785
4785
4703
4004
4934
4933
3908
3350
3368
3897
3003
3897
4878
4710
3317
2776
2775
2774
2939
2937
2762
4769
2809
2766
2771
4778
2944
3300
4279
4777
2948
3886
4843
2782
4005
4004
3980
4003
2955
3862
3358
3025
3167
4815
4814
3138
4181
2968
4769
4251
4291
4024
2730
2976
2747
4932
2976
3406
4024
4029
4942
3326
2717
2717
4124
4124
4078
3973
3319
3004
3989
2526
2720
3320
3000
2723
4730
2789
3003
3003
2495
3887
2788
2788
3378
2929
4875
3009
3009
3900
4875
3064
4769
4061
4841
3083
3087
4153
4154
2969
2970
2791
3184
3184
4169
4170
2925
3029
3029
3030
3030
2896
3030
2896
3032
3032
2898
3172
2917
2848
2848
3174
4010
3880
3048
4832
4833
3157
3157
3368
3367
3378
3158
3338
4929
4018
4035
4944
3896
3896
2710
2990
4915
3070
4267
3405
4831
3330
4263
4131
4717
3077
3317
4166
4241
2971
3378
4158
3090
4842
4240
3075
4838
4171
2819
4779
4844
4180
2813
2832
4703
4705
3030
2912
3171
3171
3171
4157
4722
2814
3100
2910
3103
3103
4785
2832
3103
2832
2832
2832
3171
3103
3171
3170
2840
3171
3103
3171
3171
3171
3103
3103
3171
3103
3103
3103
2918
2918
4785
2910
3101
4785
4785
4785
4785
3100
2908
3100
2914
2852
3105
2844
4781
2823
3136
2913
4202
2854
4212
4798
4798
3304
3128
4732
4246
4746
3132
3133
4702
3099
2814
2815
3136
3171
4815
4815
3030
4161
2820
4269
3891
4273
4882
4251
4696
2773
4169
2772
2800
2781
2977
3353
4931
3988
4021
3370
4073
3989
2788
4880
3316
3316
2962
3165
2833
2833
2911
3170
2840
3170
3170
2840
2840
3170
2840
2828
3171
3171
4815
2832
3098
2849
2970
4181
3085
2792
3024
3021
2793
2889
3971
4117
3374
2740
3370
4139
3192
4169
4066
3367
3367
3398
3212
3211
3919
3201
3248
3259
3266
3217
3255
3917
4083
3222
3236
3258
3260
3161
3040
3194
3284
3838
3224
3840
3224
2750
3848
3051
3866
3853
3853
3848
3866
3881
4010
3048
3421
3214
3234
2750
3412
3856
3161
3990
3881
3881
3990
3415
3421
3226
3255
4079
4088
3852
3245
3873
3194
3267
4086
4087
3850
3843
3234
3990
3252
3840
3225
3162
4090
3210
2750
3224
3840
3051
3254
3237
3254
3269
2698
2698
4119
3071
3071
3907
3280
3149
3342
3245
3837
4934
2581
2669
3288
3291
3831
3831
2551
2523
2517
2788
2788
3294
2657
2657
2657
3835
2645
2617
3301
2600
2582
3190
3835
3836
2581
2528
2582
2668
2582
4120
4265
4009
4006
4276
4740
4740
4716
4278
823
2610
3321
3323
2587
2624
2987
4775
4887
3329
2627
4049
4073
4030
3383
3998
4074
3354
2977
3149
2977
3344
4966
4029
4115
4117
3281
2974
2974
4919
3354
2748
2748
4029
3370
3370
3367
3368
4072
4938
4068
3376
3367
3367
3376
3367
3365
3340
4070
4068
3995
4968
3383
4937
4015
4968
2998
4072
3368
2694
4068
3160
4072
2747
4029
3358
4029
4964
3886
2753
2949
3045
4834
4832
2588
3417
3412
3046
3284
3416
3235
3227
3236
3236
3222
4079
4080
3282
3933
3208
3251
3209
3931
3243
3926
3207
3283
3929
3204
3928
3422
3250
3932
3423
3920
3429
3213
3209
3203
3948
3947
3955
3955
3442
3946
3447
3447
3447
3199
3959
3955
3440
3950
3450
3436
3231
3959
3942
3946
3940
3447
3242
3945
3200
3947
3242
3959
3959
3446
3959
3230
3446
3955
3950
3955
3959
3446
3950
3446
3955
3959
3451
3446
3943
3943
3451
3442
3943
3243
3951
3446
3959
3446
3959
3951
3446
3249
3951
3249
3947
3942
3243
3936
3935
3229
3243
3198
3936
3440
3442
3940
3959
3955
3959
3951
3959
3947
3446
3198
3959
3440
3446
3960
3446
3950
3431
3960
3955
3955
3955
3445
3940
3960
3428
3450
3209
3940
3946
3959
3446
3959
3445
3959
3447
3447
3946
3440
3446
3427
3242
3446
3446
3960
3960
3960
3431
3431
3431
3431
3431
3431
3960
3960
3431
3437
3431
3431
3431
3431
3431
3431
3955
3960
3437
3955
3955
3959
3959
3959
3446
3437
3438
3446
3446
3438
3446
3446
3959
3446
3446
3438
3959
3959
3959
3446
3446
3446
3446
3446
3959
3446
3446
3959
3446
3958
3958
3958
3958
3959
3961
3960
3437
3446
3438
3959
3959
3446
3438
3959
3949
3438
3444
3438
3438
3438
3446
3959
3947
3446
3438
3947
3446
3446
3446
3446
3446
3451
3446
3446
3440
3446
3451
3451
3446
3451
3451
3446
3446
3446
3451
3451
3451
3451
3446
3451
3446
3451
3451
3451
3949
3451
3451
3451
3451
3451
3954
3451
3949
3451
3451
3440
3446
3451
3954
3451
3954
3567
3446
3446
3440
3446
3451
3446
3440
3446
3451
3451
3953
3230
3440
3230
3950
3950
3950
3950
3950
3950
3950
3950
3953
3950
3451
3440
3950
3230
3950
3950
3449
3950
3950
3950
3950
3230
3950
3950
3440
3954
3950
3230
3448
3449
3440
3953
3950
3451
3950
3446
3955
3955
3946
3955
3955
3947
3955
3955
3955
3955
3955
3955
3955
3955
3955
3955
3955
3955
3955
3955
3955
3955
3955
3955
3955
3955
3955
3955
3955
3955
3955
3442
3947
3950
3446
3440
3440
3942
3440
3440
3942
3446
3440
3440
3948
3948
3946
3955
3946
3436
3946
3436
3955
3947
3948
3446
3937
3447
3200
3200
3231
3938
3230
3943
3943
3243
3447
3947
3955
2565
2533
2533
2619
3293
2581
2527
2527
3006
3382
3872
3074
3989
3276
2726
3276
3886
4833
3071
3157
4054
3880
2949
4834
4021
2731
3378
3158
3008
4027
3338
3876
2731
3006
3988
2741
4935
2741
3863
4708
2937
4004
4735
4271
3139
2952
3889
4272
3894
3141
3896
3896
3140
2789
4267
3899
2790
2700
3903
4928
4981
3010
3910
4127
3009
3911
3254
4084
4079
3220
3412
3239
3227
3040
3238
2750
3264
4085
4085
3248
3257
4087
3217
4093
4093
3219
4089
4086
4082
3217
4092
3424
3921
3232
3241
4086
3263
3214
3211
3216
3267
3924
3201
3933
3425
3425
3207
3422
3913
3917
3914
3244
3930
3915
3198
3208
3208
3927
3934
3229
3283
3243
3928
3250
3243
3915
2760
4886
2994
2994
4126
4052
3981
4810
4745
3897
3897
4267
3982
3982
3896
3064
3983
4775
4033
3329
4070
3987
3384
4058
3414
3348
4030
4030
4047
4001
4002
3895
4810
4852
4852
3892
4005
4101
2723
4888
2779
4888
3076
3987
4834
4063
4975
4012
3907
4955
3878
3878
4046
4796
4831
4879
2926
3269
3069
2953
2954
2724
4002
4002
4791
4791
4106
3268
2938
4827
4066
3993
4812
3336
3334
4011
3332
4970
4059
4013
4065
3339
3335
3986
4939
2746
4971
4053
4077
2938
496
3842
3991
3849
3044
3841
3194
3253
3849
3161
3262
3040
3226
3247
3854
3849
4012
2725
2947
4100
4102
4992
3901
4943
4981
3398
3342
4935
3281
3345
3343
3340
3149
3152
2554
2550
2549
3004
2483
1628
4127
1411
4129
4129
4129
3003
2950
4835
4252
4135
2778
4265
4142
4871
4776
4262
4138
4894
4871
4837
4280
4142
2778
3148
4895
4146
4262
2947
4272
2801
4713
2804
2893
4151
2807
4157
3090
4161
3138
4813
4162
2817
2818
2817
4164
4738
4167
2804
2894
3027
3028
4838
3091
4802
4183
4183
2820
3092
2819
2818
4178
3094
2813
4165
4180
4161
4183
3169
3172
2910
2838
2836
3001
2914
2914
4700
3172
4816
2848
2848
2918
3034
4785
4785
2831
2831
2831
2831
2831
2836
2827
4723
3103
4725
3170
2828
2839
3103
4815
2832
2832
3103
3099
2830
4724
2897
2897
3033
3032
2841
4724
2834
2834
2908
2816
2909
2909
2909
2831
2909
3136
2898
2898
4785
4785
3103
3103
4785
3103
4785
3103
3170
2828
2840
2857
4818
2916
4780
2913
2913
2913
4818
2848
4848
4206
2859
4785
2844
4780
2915
2827
2827
2843
4747
3180
4769
3088
4757
2940
2941
2941
4243
4244
2904
4761
4251
1752
2963
4766
4751
4141
4144
4145
4882
3167
3167
3005
3128
4260
4996
4830
2765
4739
4008
2756
4830
3888
3891
4270
3889
4693
4004
2952
4268
4852
2765
2765
2796
2796
4715
4888
4893
4137
4147
4287
4282
2499
1787
2583
124
4121
4287
4281
4750
1630
4292
4819
4203
4845
4847
2865
3111
4199
2865
4820
4196
4185
4846
2870
4228
4229
3116
4232
3118
4218
4228
4195
4570
4569
4595
4570
4570
4592
4592
4570
4570
4592
4570
4570
4570
4570
4569
4570
4679
4863
4586
4570
4568
4864
4864
4568
4864
4864
4595
4595
4864
4547
4547
4570
4307
4570
4317
4592
4678
4674
4570
4592
4587
4864
4570
4679
4570
4592
4570
4592
4570
4566
4864
4864
4479
4673
4679
4679
4592
4586
4863
4864
4566
4568
4586
4568
4635
4595
4864
4570
4595
4673
4866
4866
4595
4595
4864
4543
4673
4595
4635
4547
4543
4569
4566
4568
4592
4592
4570
4569
4570
4570
4566
4566
4570
4569
4586
4635
4568
4569
4543
4595
4570
4307
4570
4592
4592
4586
4569
4570
4566
4592
4864
4570
4568
4566
4864
4568
4864
4595
4866
4864
4547
4543
4595
4820
2901
4194
3174
3108
4196
4805
2921
4805
2922
4846
4196
3174
2900
4194
3107
4218
4226
3113
2902
3116
3115
3115
2902
2878
2878
2903
2903
3118
3111
4304
4317
4321
4304
4461
4321
4308
4676
4854
4854
4854
4870
4676
4594
4870
4595
4318
4599
4599
4304
4304
4303
4854
4308
4318
4310
4312
4466
4312
4484
4484
4312
4467
4297
4312
4305
4467
4297
3122
3122
3122
2879
4296
4296
4219
3115
3115
2879
4821
2879
4821
4854
4854
4854
4475
4464
4303
4464
4464
4294
4294
4466
4474
4854
4466
4306
4474
4295
4821
3176
4474
4474
4597
4597
4484
4312
4484
4310
4467
4467
4467
4296
4296
4295
4465
4306
3039
3039
4472
4474
2878
4821
4821
4234
4234
4234
3115
3115
3122
4231
4856
4318
4318
4318
4318
4597
4543
4597
4675
4318
4309
4318
4318
4466
4484
4484
4309
4484
4466
4306
4309
4309
4312
4310
4467
4297
4467
4465
4467
4467
4295
4467
4467
4678
4870
4674
4674
4674
4595
4595
4595
4864
4595
4595
4595
4595
4543
4543
4543
4599
4594
4308
4321
4321
4673
4673
4317
4478
4479
4478
4307
4307
4307
4304
4234
2871
4234
4821
3175
4850
4471
4858
4298
4298
4231
2884
2884
3398
271
3097
3032
3097
3097
2713
4695
4712
4697
4277
2769
4150
3096
3031
4705
3095
4702
4740
3316
2925
3096
2912
3163
4707
2719
2806
4740
3139
4739
4698
4157
3146
2772
3139
4715
4271
3316
4155
4719
4156
4721
4702
4702
4702
3096
3096
2912
4705
4705
4702
4733
4749
4735
2942
3316
4276
4739
4729
4721
4157
4734
2769
3089
2796
4728
4745
4743
4744
4744
4269
4745
4745
3144
3143
4748
4749
3180
4253
4752
3180
3180
2891
4130
3017
3078
3147
3193
4709
3177
4807
4794
3078
3024
3024
4133
4145
4731
4714
4733
2943
2780
4148
4828
4177
2832
3102
4785
2896
2896
2896
2908
2816
2816
3099
3099
3099
3099
3099
4786
2971
3103
3103
3103
2909
2830
2816
3099
4811
3011
2767
3978
4791
2810
2803
4175
4001
4842
4801
2803
4151
4162
4162
2831
4785
2909
4785
3136
2908
2825
2823
3087
4794
4810
4765
2894
2833
2911
2911
3170
2840
2840
2840
2897
2840
2840
3171
2839
4815
3171
4816
4203
3984
4951
2722
4094
4272
4829
4148
4791
3984
4057
3384
3148
4835
4136
4280
3892
2804
3091
2811
3090
4844
3102
3101
2831
3136
2839
3100
2816
2908
3100
2828
3171
3171
3171
2851
4203
3123
3126
4836
4852
4847
4185
4229
4200
2863
4230
4467
3122
4474
4295
4467
4295
3122
4467
4467
4234
4253
4808
4808
3065
2697
4693
4885
4885
4982
3064
4007
2931
2713
3909
3064
4882
2931
2930
4264
3973
3139
4877
4877
2382
3064
3897
3897
4877
2991
3328
4890
4891
2776
2713
4888
4997
2619
2684
4901
3834
3834
2669
2667
3307
2667
3835
3307
2667
2657
2566
3831
2566
2566
2715
2695
4982
2698
2709
2709
2696
3393
2747
3878
4966
4915
2698
4026
4026
4914
4958
3150
2710
2698
4743
2718
3073
4934
4119
3906
4949
4076
4923
4883
3387
4916
2708
3902
3906
3906
2698
3982
4822
4050
4039
4955
4019
2724
2724
4047
4048
4050
4075
4107
4107
1631
4000
2715
4979
4976
4913
4745
4745
3896
3294
3294
4268
4878
2768
4270
2471
3294
3898
514
3313
2768
4101
4261
2493
509
2494
507
2789
3897
2495
2021
2052
2116
2022
2017
