115
107
941
2469
2525
2525
846
2575
8
1616
13
2476
75
1
1777
149
152
1770
1770
2372
816
19
24
92
20
100
99
68
1614
25
146
98
95
2545
4287
845
135
135
92
118
4282
14
76
78
52
135
19
47
56
114
2602
1778
813
100
42
1774
114
2469
124
2586
76
77
147
159
2610
125
28
829
56
53
15
162
193
204
57
57
24
59
58
24
45
91
91
139
179
82
2625
106
4119
63
79
2510
47
941
2471
2525
2610
115
48
1773
4282
148
4287
2610
2576
7
118
126
1330
64
132
2583
92
93
47
46
65
1328
36
58
2570
110
179
1616
183
121
100
148
138
2525
3340
113
164
2578
2470
81
27
27
53
27
27
2366
2366
2366
27
56
53
2364
87
2365
87
178
143
819
819
178
27
27
2366
169
169
169
819
819
819
819
2366
2366
169
87
178
169
819
2365
2366
2366
2366
2366
2365
4120
27
2366
2366
2366
819
2365
809
1469
240
1571
1603
788
225
781
326
231
1539
250
1539
1539
230
2378
222
587
900
894
2189
885
1617
1619
521
1403
1510
859
2262
1529
247
1540
248
480
480
480
260
1494
1472
1594
1529
2262
1495
1541
1541
459
1391
1609
1610
1611
473
267
250
480
2357
2262
1494
1494
784
565
1541
1541
477
227
287
319
286
1573
297
158
293
307
2362
1503
2192
2343
4879
2172
291
313
711
710
4244
4751
4742
1753
787
496
2244
329
2193
1663
4783
4782
4782
1747
659
2453
2347
1735
2961
2961
2961
2206
326
1477
294
328
417
4176
4177
4829
2268
609
2186
330
295
4785
4785
3085
4784
1653
1674
344
1642
2194
1658
343
2312
611
621
621
434
2253
362
2179
2281
333
1675
1649
340
608
419
347
349
348
614
351
420
549
364
620
2202
550
2282
2283
622
369
651
2197
2180
2200
2176
2200
2214
370
688
357
378
2286
438
377
2199
372
2287
1710
389
2254
629
625
443
557
1680
691
393
1691
1693
2313
625
396
626
3177
3177
3180
3018
3177
4154
4177
4154
2268
2268
2268
2280
435
422
442
1680
1697
1697
4773
304
601
549
549
1656
2247
608
1643
365
2179
653
435
435
360
359
2198
357
369
352
331
2397
1408
530
903
4879
4260
4751
2953
2932
4742
1761
825
4740
4740
3012
3011
3011
663
467
1478
1466
2257
1640
308
567
474
290
278
230
590
247
1538
1540
1541
1541
480
1495
2430
1529
2931
4858
4859
2765
3081
2768
2766
1679
539
3015
494
4740
2932
1494
1367
1541
1367
2432
1367
2433
919
921
2349
510
241
1780
1547
1466
141
842
779
853
2391
1615
2205
449
2999
1615
2954
580
452
529
4992
4793
2783
2782
2782
3083
2803
2803
2803
4784
645
645
3015
3126
3015
4262
338
4782
1645
4154
2269
2268
2268
2305
2280
685
364
654
370
554
1700
1700
1680
480
1539
1539
250
770
770
567
757
765
1358
743
1369
1340
229
2421
2421
2421
259
565
676
530
260
2380
1537
2421
2421
586
1618
212
1539
1539
1538
589
589
676
1495
2298
1550
1730
2169
527
3010
2803
3012
4751
2301
2783
2783
2960
4158
523
1650
4160
1671
612
1657
655
1662
2280
621
1664
1675
1672
1672
620
2283
352
555
623
689
624
2249
2213
2166
1708
1698
1709
1709
1698
1703
1703
1708
691
3085
3085
4779
3125
4262
3319
664
2358
457
2922
2461
347
345
1673
608
1676
2189
1758
1757
2931
3011
2277
643
465
486
2170
665
1635
260
667
2441
1505
480
480
480
1337
1514
585
912
1340
455
3015
3015
3081
341
1665
1666
363
2281
492
2286
2316
690
2961
2961
3015
3015
4262
3015
4793
2342
1610
268
2392
1511
1631
666
1750
536
2264
3123
1370
1610
2419
2412
1449
1454
968
951
748
1443
1459
1454
1445
964
1450
951
780
720
943
1425
1589
1424
773
732
1429
1576
803
752
751
763
1580
735
738
1589
1452
1451
1430
1415
735
943
735
1578
744
757
951
963
1453
1444
782
731
738
1344
943
1450
972
770
738
746
939
721
1580
735
1586
735
1452
1457
733
1434
946
1583
1431
1431
788
1536
1515
267
883
229
1539
2421
1537
1539
1539
1539
800
800
667
1612
1576
1442
738
1535
21
38
27
179
29
89
185
4980
2366
2365
56
809
279
156
2761
827
56
56
21
169
2366
27
2366
836
1764
838
2191
597
4865
526
62
844
1614
4281
3340
511
2354
1534
2401
1564
468
1544
2441
857
2405
1551
1552
862
863
885
667
668
885
667
270
270
885
1529
1530
2262
578
2161
1612
1612
1529
1367
1530
1367
270
667
2432
2262
2432
1529
714
703
453
452
2162
902
2406
897
528
2412
452
1611
876
506
667
880
865
911
705
592
911
1569
913
1557
2441
1566
918
920
920
894
2352
891
891
899
920
926
865
880
883
885
2442
1529
1529
2262
2262
1495
2262
1495
1494
1339
567
757
945
1359
939
8
846
2597
953
953
768
1440
747
717
748
1439
719
758
1018
1026
1025
1078
1047
966
966
1463
984
1461
1456
1453
1170
1032
1064
954
1078
1465
966
1265
977
1108
1132
1214
1155
1024
1066
1310
1098
1097
1160
1293
1090
1312
1024
1132
1051
1104
1327
1066
973
990
1024
1271
1302
1086
1133
1174
1230
1087
1120
1193
1092
1084
1214
1298
1141
1011
1186
1218
1230
1232
1214
1303
1255
1000
1295
1120
1144
1098
1136
1169
1167
1074
1001
1097
1310
1323
1026
1025
1037
1323
1170
1098
1117
1310
1051
1132
1141
1117
1104
1090
1082
1082
985
1017
1162
1135
1095
1149
1135
1090
1144
1090
1141
1168
1144
1051
1090
1038
1001
1047
1302
1282
1180
1128
1134
1141
1117
1314
1059
1168
1132
1178
956
1090
1126
1146
1090
1090
1090
1090
1090
1090
1090
1090
1090
1090
1087
1090
1090
1090
1090
1090
1090
1144
1090
1090
1090
1095
1088
1055
1095
1086
1086
1095
1136
1153
1130
1136
1153
1150
1130
1136
1152
1152
1152
1151
1151
1150
1152
1144
1152
1152
1144
1152
1153
1145
1152
1152
1152
1152
1152
1144
1152
1152
1144
1152
1152
1152
1152
1152
1144
1144
1152
1144
1152
1152
1140
1153
1145
1153
1136
1150
1084
1139
1146
1150
1154
1132
1187
1214
1154
1148
1151
1094
1135
1150
1203
1154
1137
1151
1137
1116
1151
1148
1154
1211
1148
1154
1116
1203
1148
1148
1152
1151
1152
1152
1152
1152
1152
1152
1154
1152
1203
1154
1154
1203
1152
1152
1154
1152
1148
1177
1150
1139
1191
1135
1133
1200
1116
1196
1245
1171
1244
1200
1254
1191
1186
1243
1196
1204
1196
1201
1248
1191
1196
1205
1204
1198
1205
1205
1205
1198
1198
1203
1201
1188
1198
1205
1205
1201
1198
1249
1188
1232
1244
1244
1193
1288
1288
981
1288
1104
1104
1288
1310
1040
1104
1022
1080
1088
1017
981
1017
1080
1104
981
1017
1056
1056
1104
1022
1022
1104
1017
1056
1022
1055
1088
1086
1169
1165
1134
1121
1234
1234
1304
1293
1114
1171
1181
1214
1285
1289
1290
1288
1120
1167
1167
1272
1282
1272
1043
1043
1024
1314
1074
1316
999
1067
1306
983
1282
1282
1290
2545
2570
829
193
58
2366
58
571
1336
565
779
1340
249
770
770
770
480
480
565
771
565
568
229
229
569
571
1356
1539
1344
567
757
250
250
480
259
1494
260
1494
935
585
584
1514
2419
1494
1348
1494
1494
575
260
1541
480
1337
2420
1352
1340
2419
2421
2421
250
229
1338
476
476
2216
1393
1759
1761
2295
1474
1400
327
459
1401
225
4968
2387
2447
1405
1512
1512
452
265
1409
1410
2458
722
747
1437
951
768
1431
1431
1436
1428
1439
719
780
768
1449
1445
1445
1444
970
1444
1448
724
959
780
965
1458
1446
1452
972
1452
968
1465
1453
954
1452
967
1458
1031
958
966
958
1062
1078
1462
957
1023
1018
1034
1063
1047
1460
1324
1025
1064
984
990
1571
2356
516
517
212
2163
1472
327
1400
327
1399
225
225
2414
2355
1600
2388
2388
2443
1482
2301
1485
1350
1359
1389
1374
2441
2441
1530
2434
2434
1542
277
277
1473
1392
475
2321
1504
2360
1503
2169
938
1506
1593
861
1560
2421
2419
1512
229
1519
585
250
259
250
1494
259
1495
1494
1495
1495
1542
2262
1543
1559
1533
1479
1535
584
1536
1539
1539
1537
480
480
1538
480
1540
1538
478
1540
1496
1496
1496
1544
248
1547
851
1350
1550
2300
1487
1549
1602
1555
1509
1552
1554
1507
1549
1562
897
1563
1564
1565
2407
1568
1569
1481
1570
2354
1548
851
4674
1417
1578
943
1580
1581
751
945
950
946
1586
1419
731
1415
782
1555
2299
255
1598
1391
1639
4988
1391
1597
1762
262
1600
1594
2408
472
585
1610
265
2412
584
883
883
668
267
668
668
4119
4288
2602
4288
212
4123
2498
3912
4292
665
2226
607
2302
280
1625
595
2338
1763
4137
2222
2303
1634
1627
1635
1637
1636
1752
1499
417
331
417
4787
4787
4176
4178
4174
1641
2208
547
4157
493
342
329
343
1648
2194
4783
4178
4783
4177
4177
4175
1669
1669
1645
4175
1652
4158
4828
4828
4158
310
1671
2246
329
613
323
495
655
441
379
437
2167
2167
2165
358
442
555
2214
379
623
382
1707
371
2316
2174
2284
2285
357
652
553
421
2175
2197
439
617
554
440
2284
556
1701
1710
2287
1699
383
1702
1710
423
1697
1700
423
389
624
391
627
1705
2166
2922
1746
4793
1735
2219
4242
523
2240
488
302
4740
4772
4772
3180
1734
1742
1744
1745
4244
3165
3163
827
645
708
4250
2321
1755
4987
4279
840
1395
1758
1394
658
1394
1762
1760
837
1764
1766
1767
3333
1626
1769
4282
2576
1775
2510
2544
2476
4282
2580
4793
2881
1762
2295
1712
1681
1695
399
393
2273
1721
1688
626
1712
692
2314
1727
1712
692
1727
400
1713
1713
400
1685
1720
398
400
1713
1727
1956
1956
1951
1961
2154
1961
1961
2154
1961
1961
1956
1961
1961
1961
1961
2066
1956
1806
2066
1806
1956
2066
1954
1806
2068
2068
2068
1939
2068
2068
2150
1954
1806
1806
1961
2154
1961
2066
2066
1961
2066
1962
1961
1963
1961
1961
1963
1961
2066
1956
2066
2066
2066
1956
1806
2066
1956
2067
1956
2068
2066
2066
2066
2068
2331
2068
1954
2068
1954
1954
1954
2067
2068
2068
2068
2159
2150
1939
1954
1954
2150
1963
1963
1963
2154
1961
1806
2066
1961
1961
1961
1956
2066
1956
1806
1963
2068
1806
1939
1961
1961
2154
1961
1806
1806
1956
1806
1961
1956
2066
1963
2066
1963
1806
1806
1954
2337
1963
2068
1804
1939
425
425
559
1695
692
1681
1681
1722
1723
631
1689
392
692
2314
1686
1718
557
1717
1719
558
407
407
407
407
426
426
639
1720
1721
1805
1805
1937
1783
1805
1795
1952
1937
1804
1805
2153
2337
2337
1803
1966
2324
2337
2324
2149
2149
1937
1805
1809
1792
1783
1792
1809
1801
1802
1807
560
1788
1802
1949
1788
1785
1949
1949
560
1949
1943
1785
1785
1942
1784
1784
1784
1784
1784
1784
2289
2289
2326
1942
1937
1783
1783
1792
1948
1947
560
1792
1792
1809
1792
2322
1795
1809
2322
1950
1794
2326
2326
1940
1792
1940
1799
1786
1802
1807
1807
1949
1785
1785
1942
1942
1942
1942
1794
560
428
426
1947
406
693
2289
2318
2318
407
407
407
1784
1784
2324
2337
2324
2149
2324
1798
2149
1801
1799
1807
1798
1807
1798
1809
1798
1809
1807
1807
1796
1941
1797
1809
1797
1797
1941
1942
1807
1949
1942
1942
1942
1794
1942
1942
1942
1942
2067
2067
2066
2331
2331
2331
2331
2331
2331
2150
2150
2331
2150
2150
2068
2150
2068
2150
2150
2150
1804
2150
1939
2337
1805
2067
1805
1806
1806
2067
2153
2154
1805
1713
1727
1713
427
2318
693
639
405
639
407
639
926
1611
792
1471
552
552
551
680
339
599
1646
650
1647
420
364
1662
1661
454
2306
334
1728
647
710
2463
1754
1646
417
1740
430
1767
2190
597
2171
335
547
547
548
449
2179
420
419
548
548
2231
301
2182
2184
1756
2186
2173
648
232
436
654
2451
657
303
302
457
2220
2188
3180
2222
4793
3179
3180
3178
522
4744
2931
466
304
2229
4777
4793
2926
4859
3018
3015
2226
2238
683
430
662
2444
1622
666
2245
709
620
350
2248
367
393
1672
353
4742
2256
1592
277
3083
2783
3086
3085
1543
4178
3083
2783
4826
4160
4828
2311
1673
439
1707
4793
3083
2785
2782
4743
4743
1652
1654
608
1666
684
686
689
689
378
1533
2441
1368
2441
2443
1498
1497
1543
2258
935
1486
1557
1632
1633
2297
4829
4157
4157
4157
337
612
380
441
368
687
448
1710
3011
1743
1629
1681
400
2288
2288
1695
1713
1942
1784
1794
2289
1794
2318
1784
1794
2318
2223
3125
2931
2403
2403
4980
2344
4990
587
4259
4263
515
2351
1390
2353
1480
2464
1472
2357
531
2955
4250
317
2361
1637
130
1
53
21
2366
2365
27
27
53
817
186
169
169
87
2378
922
238
235
1367
2430
1529
2434
2342
1495
1529
2351
581
894
530
1381
2439
593
450
267
267
2402
2438
2404
2405
2406
922
472
2449
1409
2411
1370
1610
2415
1481
2262
2418
800
584
1539
2421
2421
249
249
250
259
259
1494
259
1494
1542
1542
1542
1542
855
1531
1532
1558
2440
2382
2434
593
1402
2448
2409
509
2445
1477
2452
835
4911
1391
471
262
1596
4122
1601
2457
2460
4250
3161
2921
525
2477
2477
2626
2508
2567
2567
2569
2593
2472
3338
2509
2515
2515
2518
2571
3303
2561
2483
2490
2661
4899
2484
2523
2516
2484
3320
2505
2481
2488
3320
3327
2508
2539
2466
2483
2520
2558
2515
2482
2482
2566
2566
2490
2520
2520
2520
2510
2569
2481
2623
3302
2558
4285
2567
2625
3336
2465
2542
2541
4884
2608
3825
2509
3320
4893
2484
2490
2566
2676
2490
2521
2484
4286
2487
2523
2487
2511
2555
2522
2551
4885
3826
2480
2536
2466
2561
2510
2510
2569
3826
2614
2624
2624
2511
2512
2612
2567
2539
3825
2597
2500
2567
2613
3300
2644
2583
2555
2524
4286
4885
2506
2482
2548
4888
3825
4900
2568
4900
3304
2598
2564
2569
2574
2591
4884
2624
2608
2601
2490
2490
2490
2519
2519
2519
4887
2549
2519
2519
2519
4887
4886
4886
2561
4890
3309
3325
4893
2519
2519
4887
2549
3310
4887
2549
4887
4887
3310
4888
2549
2554
2554
3310
4887
4887
4887
4887
2519
4887
2490
2519
2519
4887
4888
4887
4887
4886
2986
4872
4971
2730
3893
3974
3901
2684
2690
4003
3355
2946
2946
3069
3069
2684
2684
2692
4702
4967
2918
4003
2967
3911
2680
3066
2677
4935
4944
4962
3995
3995
2740
2945
2739
4807
2946
2946
4043
4044
4928
4106
4961
2721
3996
4045
2739
2708
4103
3288
3288
3288
4043
4042
2711
3344
4045
2708
4041
2708
2945
2945
3977
3977
2740
4003
2984
4129
4078
2744
2936
2742
3088
2512
4003
4133
2754
4991
4267
2791
2758
4697
2778
4261
2755
2774
2774
2798
2953
3141
3141
4883
2756
4814
4762
4179
2942
2791
2798
3021
4716
3128
2759
4694
2781
2750
4159
4159
4157
2959
4157
2783
2750
2788
3976
2789
4904
2790
2773
4707
3022
3023
3023
4706
2799
2800
4167
4167
2804
3137
4830
4830
2807
4722
4165
4165
4183
4163
4183
4163
2806
4181
3093
3095
2809
2811
2810
3100
2824
2824
2824
4715
2808
2915
2915
4722
4183
4163
2814
3095
4172
4156
2808
2824
2809
2809
2810
2811
2810
2811
2811
3101
2811
2811
4171
4708
3096
3096
2824
2828
4709
4691
4691
2810
2810
2810
2810
2810
2810
2898
2824
3133
3133
4714
2897
4709
3099
4678
2845
2901
2811
2811
2812
2811
2898
3103
2812
3101
2997
2829
4714
4713
4710
3098
4769
4766
2905
2845
4211
4211
4215
3172
3104
2842
2815
4766
2843
2844
4770
4211
2912
2961
2962
2782
4793
3179
2782
4170
4684
4172
2915
2915
4691
3096
2901
4802
2906
2906
2853
4695
4681
4708
4708
2810
4722
2810
4183
4183
2811
2812
2811
4172
4699
4689
4715
2824
2824
4691
4691
4692
2827
4709
4709
3133
2810
3100
3100
2810
2811
2811
2811
2811
2944
3274
3288
3905
3899
3128
4693
3141
2895
3142
2930
3891
4050
4793
3196
2776
3196
2757
2758
3977
3979
3402
4256
4761
3004
2934
2942
4127
4005
2740
3892
3977
3900
3977
2945
3977
2945
2945
2708
2708
2708
4044
4960
3195
3144
4732
4747
4746
3142
4763
4799
4184
3194
3194
2771
4740
3011
3011
4045
2947
4044
4955
4955
2731
4030
4903
2699
2986
3969
3970
4863
4869
2705
3311
3311
2689
3232
2749
2933
2757
3089
2808
4992
2594
4868
3157
2779
4945
4947
4874
3011
3085
3083
3083
3085
2777
3085
3195
2776
2959
2772
2772
2962
2962
3014
3013
4682
4698
4699
4148
4148
4148
2915
2915
4691
3096
3096
3096
3028
2907
2889
4835
3069
3069
3069
3069
3069
3901
3900
3900
3977
3977
2945
2789
2684
2684
2690
3061
2688
4041
4041
3068
4041
2945
2739
2945
4013
3904
4044
2711
3068
3068
2690
3064
2678
2679
3901
3901
3069
3069
3900
3900
3900
3286
4957
3996
4046
4818
2742
2742
3075
4693
4683
3021
2930
3141
3369
3083
4783
4178
2783
3083
4245
3075
4724
3137
4824
3090
4180
4830
4162
4831
4186
4689
2915
2915
2811
4156
4722
4163
4163
4163
4163
4163
4181
4763
4763
2814
2811
3101
2811
2810
2811
2811
2810
4692
4713
4163
4163
2812
2811
2811
3100
2996
2838
4675
2831
2831
2816
3134
2844
2844
2890
3104
3078
2776
2776
3011
4262
2761
2933
4716
4716
4716
4247
4747
4756
2808
2810
2810
2810
2811
2812
2811
4148
4185
4185
4272
3894
2740
3130
4681
4681
4704
2762
4717
2757
4760
2711
4043
2708
3061
2946
3069
2946
4947
3063
4945
3416
3285
2779
3015
3142
4746
4746
3166
4172
2797
3024
3024
3101
3101
3096
2810
3135
3135
3101
2900
3104
2960
2962
2959
2783
3083
2961
3015
3018
3014
3013
4793
4929
3288
4945
4945
707
3192
4762
3194
4681
3858
3288
3368
3063
3202
3235
3291
2740
3089
3254
3208
3940
4267
3928
3246
4003
4265
3435
3924
4005
3894
3221
4084
2740
3260
3892
3894
3263
3223
3977
3974
2789
4086
3892
3900
4271
3944
3941
3921
3269
3428
3428
4084
3223
3241
3223
4005
2740
3233
4267
4271
3139
2740
3139
3139
3428
3254
3233
3892
3900
3900
3892
3258
3089
3976
4271
2789
2684
3925
3974
3976
3217
3089
3894
3929
3219
2684
2789
4940
4042
2711
4117
3068
4042
4042
3068
2684
3068
3068
3069
2690
4040
3150
3861
4271
3329
4271
3274
2484
2490
3314
2484
2551
3827
2636
2666
4887
4886
2490
2484
2490
3301
2595
2580
3319
2761
2484
2484
4893
2632
4887
2490
4888
2474
4131
3329
3329
3074
4240
4703
2921
2603
2528
2481
2480
3336
3337
3432
4931
4906
4877
3403
2506
4047
4962
2977
4034
3983
4969
3049
3387
4072
3150
3150
2967
2967
3150
3150
4961
4942
3996
3996
3996
3288
2967
4030
2731
2721
3150
2967
2721
4030
4955
2721
3905
2918
3365
4939
2918
4939
4067
3415
3905
3905
4939
4116
3365
3150
3150
3150
3073
4917
4969
4034
3049
4074
4055
3988
3867
3386
4933
2681
2695
4902
4873
3413
2918
4939
2918
3372
2967
2967
3996
4030
4030
2721
2721
4045
4045
4045
2739
2708
4045
4045
2739
3892
3261
2934
3223
3261
3338
3219
3261
3924
3931
3205
3930
3926
4267
4003
3915
3217
3957
3957
3446
3963
3953
3936
3450
3446
3463
3450
3956
3463
3956
3950
3455
3947
3460
3454
3940
3767
3810
3810
3808
3810
3520
3558
3816
3962
3764
3784
3536
3558
3558
3767
3823
3767
3817
3810
3520
3445
3520
3767
3762
3779
3784
3464
3536
3808
3810
3493
3780
3782
3509
3536
3779
3787
3782
3464
3481
3509
3812
3518
3468
3958
3556
3518
3545
3789
3519
3524
3810
3520
3445
3789
3529
3817
3957
3957
3957
3454
3964
3957
3789
3767
3804
3765
3762
3782
3558
3520
3780
3789
3807
3445
3779
3561
3784
3762
3784
3524
3789
3780
3787
3779
3537
3780
3483
3957
3810
3558
3962
3568
3569
3765
3784
3777
3561
3787
3520
3520
3569
3545
3806
3459
3525
3488
3784
3789
3789
3542
3789
3789
3789
3789
3789
3789
3542
3789
3789
3789
3789
3545
3586
3789
3789
3775
3775
3773
3784
3777
3782
3779
3780
3789
3541
3787
3790
3545
3776
3496
3784
3545
3541
3604
3545
3789
3498
3790
3545
3789
3545
3545
3604
3545
3787
3583
3780
3780
3590
3542
3545
3590
3596
3583
3583
3596
3596
3590
3584
3596
3545
3590
3583
3590
3583
3596
3596
3596
3777
3545
3784
3777
3787
3784
3784
3790
3777
3780
3776
3784
3812
3473
3598
3498
3784
3498
3598
3604
3498
3604
3545
3598
3603
3488
3604
3545
3604
3604
3498
3539
3545
3473
3498
3496
3498
3604
3498
3604
3604
3583
3514
3604
3583
3548
3596
3596
3604
3604
3498
3604
3583
3583
3590
3630
3596
3498
3501
3535
3496
3501
3535
3761
3611
3794
3805
3491
3494
3599
3491
3571
3491
3805
3784
3562
3571
3562
3494
3491
3562
3793
3562
3670
3503
3660
3659
3498
3659
3659
3474
3610
3794
3660
3659
3659
3668
3806
3491
3562
3812
3494
3493
3767
3768
3774
3767
3768
3767
3767
3767
3768
3768
3768
3772
3774
3768
3768
3768
3768
3776
3768
3768
3772
3768
3768
3768
3768
3774
3776
3768
3772
3784
3806
3761
3531
3766
3464
3823
3806
3493
3766
3812
3823
3810
3810
3764
3767
3810
3521
3569
3767
3810
3810
3816
3520
3520
3520
3568
3517
3559
3449
3767
3767
2543
4884
4894
4893
2523
4888
3309
2690
2689
2945
2945
2689
2688
3231
3901
3901
3900
3069
2945
3069
3069
2945
2945
2945
2934
3858
2690
3068
3068
2690
2690
2934
3427
3974
3901
3901
3427
2946
2946
2946
4042
2946
2708
2934
3997
4948
4945
3063
3063
2708
2708
2739
2708
3063
3041
4043
2708
2689
4040
3063
3840
4041
4041
4041
4042
2708
2739
2739
3892
3896
4271
4270
3089
4271
4823
4979
3894
3139
4274
4720
4720
2723
3892
4271
3892
4878
4976
3905
3286
4945
2689
4945
4039
3910
4878
3912
4876
3929
4267
4005
3217
3219
3216
3440
3926
3089
4003
3925
3931
3925
3234
3234
3928
3931
3930
4276
3931
3234
3329
3202
3235
3291
4276
3233
3941
3208
3246
3941
3208
3936
3450
3450
3460
3936
3462
3947
3460
3446
3450
3956
3946
3450
3446
3965
3963
3457
3957
3458
3951
2682
4866
3186
2980
3311
3980
3894
3974
3139
3897
4729
3976
3900
3900
3139
3900
3900
3978
4761
4817
3982
3404
4812
4819
2934
3858
2934
4959
4959
3995
3995
4034
3995
4961
4775
3997
3997
3998
3999
4000
4274
3895
4840
4265
4005
4267
4275
4276
4005
4815
3835
2717
4965
4035
4060
2709
3063
3063
4042
4041
4041
4042
4043
4043
4044
2721
2721
3996
4046
3996
4780
3995
4963
4037
4875
4039
2690
2684
2690
3068
3069
3069
3069
3069
2945
2945
2945
2945
2945
2739
2739
2739
3997
3998
4775
4097
4817
3343
4052
3426
2934
4062
3988
3424
3889
2935
4065
4035
3429
4009
4098
4008
3867
3889
3409
4068
4820
4071
4067
4068
4073
3982
3342
4078
4079
3894
4271
4084
3892
3894
3894
4271
3261
3894
4271
3435
2740
2740
3089
3261
4944
4098
2459
4982
1599
4983
4102
2939
4104
2452
4984
4105
4105
4064
4109
4109
3288
4945
4947
2689
4949
3150
3150
3150
3150
2711
2711
2526
2526
2619
3334
3067
2473
4992
2981
2943
4127
4128
4132
4130
4129
2744
4140
4735
4821
2754
4135
4136
4839
4256
4280
4141
4130
4143
4142
3328
4145
4721
4147
3023
4167
2882
4164
4164
4707
4159
4828
2804
4184
4161
4161
2773
3094
2774
4165
4170
3021
3023
4698
4684
4825
2882
2882
4151
2795
4762
4179
3093
4180
2806
2806
4182
3094
4184
4184
4179
4185
2832
3101
3101
2996
2819
2840
4712
4712
2833
2822
2823
2835
2812
2899
2811
2811
2811
2829
2996
3101
2897
2897
3135
2811
2812
3101
2812
3101
2898
3096
3096
4688
4714
2827
3133
3133
3100
2810
2811
2810
2811
2828
3097
4163
4163
2811
2811
3135
3101
4676
4211
4801
3170
2997
2838
2845
2903
2906
3030
4217
2836
2831
4764
4765
2830
2820
2846
2831
4756
4700
4793
4793
4733
4733
4241
3141
3141
3141
4745
4734
3145
4757
4716
3125
2932
3142
3143
3143
4793
4128
4736
4754
4755
4247
4246
4247
4730
3194
2754
3013
4251
4264
3329
4275
4696
4134
4881
4265
2944
4813
4867
4271
4271
2788
4813
4979
4991
3329
2744
3074
4276
3330
3077
4991
4144
2514
2626
4286
2510
3825
3825
2514
2994
4793
2988
4104
4979
4835
2853
4216
2843
4834
4201
2854
2854
4206
3108
2853
4833
2856
4206
3108
3108
3110
3110
4790
3111
4187
4805
3108
3173
4603
4603
4553
4574
4852
4850
4852
4852
4574
4574
4610
4551
4551
4553
4574
4574
4574
4553
4553
4855
4855
4574
4574
4553
4574
4555
4574
4555
4659
4664
4855
4555
4574
4574
4850
4574
4850
4574
4852
4850
4574
4574
4604
4553
4551
4553
4553
4610
4574
4852
4850
4574
4555
4574
4603
4553
4553
4603
4574
4850
4855
4555
4855
4574
4555
4574
4555
4555
4555
4574
4555
4555
4599
4855
4555
4659
4664
4857
4553
4479
4855
4555
4582
4604
4603
4599
4852
4574
4855
4574
4855
4855
4574
4574
4855
4574
4855
4599
4599
4855
4664
4855
4574
4574
4574
4574
4852
4553
4574
4553
4555
4574
4852
4574
4855
4555
4599
4553
4855
4664
4599
4553
4555
4857
4850
4805
3032
2860
2853
4206
4214
2913
4213
4213
4835
3104
2853
4835
3032
2912
4187
3107
2891
4191
4199
4198
4197
4197
2855
4226
4228
2860
4790
4306
4306
4303
4316
4464
4452
2869
4479
4479
4306
4659
4659
4307
4857
4659
4307
4857
4857
4857
2894
3120
3120
3121
3121
2869
2876
4456
4456
2876
2867
2872
4767
4767
3115
3115
4836
4836
4230
4836
3115
4221
2871
3175
4221
4221
2863
4235
2863
4235
4235
3175
3175
4462
4303
2894
3121
4229
4227
4227
2870
2870
2894
2894
4846
4454
4307
2894
2870
2870
4837
4837
2862
2870
2870
2872
4843
2872
4767
3115
4221
3122
4221
4296
4235
3175
3175
4296
2850
2892
4220
4225
2862
4806
3174
2863
4188
2863
2863
2863
4230
4199
4307
4307
4307
4307
4307
4318
4318
4845
4463
4456
4304
4846
4295
4846
3122
3122
4296
4296
4846
2870
3175
3175
2871
3115
3122
3175
3175
2871
3175
3175
4296
3175
4850
4320
4555
4555
4850
4659
4659
4555
4659
4533
4555
4555
4555
4857
4659
4582
4857
4857
4479
4464
4316
4664
4451
4316
4850
4664
4664
4664
4320
4306
4202
4202
2856
4188
4806
4225
4836
4234
4792
4234
4199
2851
3288
2985
3096
2828
2828
4708
4680
2764
2763
4682
4147
4689
4689
3096
4689
4708
2792
4719
4699
4689
4719
4679
4704
4690
4268
2775
2792
4718
4266
2703
3162
4706
4705
4164
4707
4707
4156
4156
4715
4708
3096
4708
4708
4156
3127
2788
4705
4240
3162
4724
4155
2799
4734
4277
4725
2828
3096
3138
4272
4700
3143
3143
2995
2995
3018
4254
3180
4793
4793
4779
4741
4127
2930
3196
3141
2943
3146
4695
3145
3085
3012
4779
3142
3143
3144
3178
4741
2769
4883
4757
4718
4969
4774
4145
4762
4789
2806
4163
3100
2810
2810
2810
2810
2824
3100
2824
2843
2811
2811
2811
3100
3100
2930
2930
2953
4774
2770
2777
2776
2801
4784
4775
2776
2802
4151
2802
2883
3022
4830
2811
2811
4163
3134
3134
2905
3085
2803
4793
3010
4795
4034
4169
2796
4172
2826
4171
4691
4691
3096
4691
3101
2812
3135
3135
3103
2164
4816
4959
4961
4961
4058
4146
4814
4001
2940
4759
3426
3056
4096
4138
4822
4001
2794
4153
4175
2804
4829
3092
4830
4789
3134
2900
3100
3100
2811
3101
3101
3101
4765
3170
3078
2932
4004
2913
4206
3110
3173
2914
2853
3109
2871
4230
3175
4837
3175
4296
4231
3175
4296
4296
4754
3078
2930
3078
2930
4904
4912
4701
3131
4877
3898
4247
4247
2704
3076
4932
4864
4875
3898
3973
4075
4236
4732
2895
3332
4883
4884
4885
2490
2490
2484
2519
4887
4886
2519
4887
4886
4893
4893
4893
3310
4886
4901
4922
3902
2687
2947
4960
2721
2702
4906
2721
4945
4945
3904
3002
4955
3893
3348
2711
4949
4820
4962
4929
3344
3413
2691
4934
3903
4937
3286
3909
2727
4949
4728
4046
3995
3995
3063
4041
4041
4042
4041
4042
4043
4043
4043
2708
2708
4045
2721
4046
3996
4780
4097
4963
4927
2702
2979
4034
4962
4048
4972
2691
4975
4976
4977
4729
2452
4002
2700
1396
4104
4100
2454
4099
4122
1595
4985
2717
4882
2895
4237
2920
2780
3365
