68
913
2382
2427
2392
3331
2392
2382
2453
1676
2339
1499
4182
136
2465
1285
8
58
596
92
96
82
39
843
843
120
87
107
136
27
34
23
30
105
122
56
116
31
112
2380
848
139
4178
120
104
134
2331
68
126
19
11
147
27
39
51
118
40
32
1679
4174
2453
53
817
824
1677
3910
3331
2417
2392
3914
4931
841
912
37
4
2396
2418
3
116
23
70
155
190
132
23
29
84
1679
2452
29
29
34
87
2414
107
57
56
4177
134
2432
846
45
2392
58
1676
2418
17
2393
2423
2408
3332
2392
2392
2418
2394
87
134
134
41
2422
1685
2382
2464
2342
2418
2427
105
2417
2392
59
91
112
4178
1677
57
57
4177
143
2432
2408
1500
1685
67
31
33
124
143
2432
99
846
12
516
1677
134
3331
2382
2417
2417
2380
912
2460
3911
2334
1677
1288
158
1288
156
181
181
70
70
818
77
23
70
70
70
95
88
23
129
114
116
116
178
70
70
33
33
818
23
818
818
818
818
116
116
33
33
23
23
23
77
77
77
77
77
77
77
1288
181
181
1288
70
77
17
77
129
507
594
2284
2315
722
2117
486
582
201
2299
1430
209
803
199
2090
593
591
610
1486
803
1333
2284
3917
211
463
204
1391
2302
1665
2201
1430
219
1483
1431
861
725
1306
851
903
582
1306
1409
1666
462
837
472
824
825
212
1671
236
230
2123
1651
1510
1411
517
2105
1504
205
261
2259
1661
2135
244
2105
2137
840
260
260
260
1516
1320
2140
1656
238
680
238
483
475
678
431
431
2107
2107
2250
205
2247
2116
262
2281
1661
532
720
532
533
1661
610
1664
2127
517
679
1521
2153
1532
4480
4484
4514
246
1533
2151
675
474
2131
1536
264
255
256
300
302
1583
304
2218
1578
1543
2188
2189
348
356
2145
349
444
4277
4217
4298
661
326
692
4507
4512
2101
314
337
313
2143
634
701
4397
2100
2059
4246
636
458
358
2062
1605
2222
1618
1616
365
457
357
1612
359
1612
377
1605
1619
1589
373
1603
2224
1635
1591
1593
1626
2230
1839
2232
1847
1695
389
1841
1841
1714
2230
2229
2229
1708
1859
1694
1709
1709
534
535
535
535
1560
1561
545
537
4485
4446
4366
4258
424
367
1628
427
1689
1962
1962
2066
660
432
519
519
631
633
4398
441
2074
361
1608
710
4318
4318
638
454
637
369
459
1599
1631
460
1316
811
592
2287
808
524
524
261
1660
467
467
840
660
660
1477
802
472
2119
1638
658
1640
2123
1298
1484
122
1454
480
481
1405
1405
1502
2134
1666
1666
485
229
221
2283
658
602
840
1673
2178
827
533
827
245
827
660
660
869
502
503
2244
595
595
594
233
2257
507
506
1390
1294
31
1295
507
609
235
433
2247
2890
524
1501
2256
2250
2264
2082
2082
262
524
2297
2281
209
1638
892
392
2124
605
2124
2132
2119
3141
827
827
655
655
3930
655
2088
2085
541
541
2078
4366
4441
4629
4224
4295
4263
425
1596
1595
1840
1856
1305
682
1297
1298
906
482
582
786
581
725
878
885
683
1491
905
590
806
1428
199
199
210
1286
811
486
684
2200
600
232
204
2089
2089
2129
2118
260
260
606
390
390
716
390
719
838
717
526
254
2141
271
296
2075
627
4631
339
2110
303
2142
622
1545
2185
2222
364
1606
578
374
714
383
648
1636
649
1840
1691
2231
1712
2146
1694
1697
1854
1713
1969
1638
1638
1638
2582
3930
2582
263
2107
2077
1673
1673
518
338
308
4440
4446
496
1319
1326
1665
2167
1673
1638
657
2104
2121
2125
609
1510
500
886
1438
522
1314
1305
686
2250
1672
535
602
602
602
4893
4443
4444
4408
4371
2188
4277
363
2192
2193
1852
1942
534
535
534
532
655
655
392
505
2290
2290
1314
731
4740
1515
1515
2136
1644
1314
882
725
1344
1346
795
776
916
780
914
1346
795
776
1336
916
779
1351
780
750
908
781
780
792
1472
1462
1463
911
477
763
763
1460
477
786
763
775
775
1297
1471
776
1336
1346
1465
1465
754
754
1462
773
1295
762
477
744
1463
1345
744
1336
1351
792
1472
763
767
1363
923
776
1297
477
1336
773
1463
1463
759
763
763
744
785
763
1472
1463
749
911
781
2194
1396
1396
501
1306
682
1429
2290
792
1345
787
70
181
70
122
70
132
212
823
844
842
2250
521
819
77
77
70
70
596
193
824
3875
4151
4740
181
70
70
116
116
156
1288
33
1479
1659
237
1661
2108
2063
242
2259
2417
1497
1494
61
4182
3263
195
196
217
2249
2292
2301
1397
2168
1406
1387
2196
860
2293
501
2283
488
808
501
886
868
886
903
886
2057
224
1489
206
465
523
464
893
859
465
223
901
861
808
725
724
725
501
887
900
889
479
1439
1443
850
898
2313
895
207
2280
899
886
501
873
488
905
228
477
759
759
1405
482
1304
3332
2338
3262
781
1472
1351
781
1338
1473
780
780
780
780
780
781
940
940
1372
943
1369
1374
1049
785
1049
936
785
943
784
764
940
1373
941
785
764
785
1380
764
1034
1034
1003
1280
988
970
1036
1036
1034
929
929
1274
1280
929
1384
967
1379
1036
1274
992
970
929
963
963
929
929
1385
1036
966
1281
955
980
953
992
992
1280
1034
1273
1257
948
992
988
992
1280
1004
980
988
992
1033
988
1281
937
929
1004
1280
1252
973
1255
1036
966
952
966
1255
1036
1280
925
1379
940
928
1380
1379
1379
980
1034
929
1262
1277
945
1254
970
1278
956
1278
1278
1380
1274
988
980
988
980
988
962
1257
948
1274
1004
953
929
955
1374
952
1380
929
953
1254
988
990
948
1254
955
928
1036
953
946
1012
980
929
1380
1036
1012
955
1252
962
1253
1260
961
962
962
1253
1256
1252
1252
973
1263
1252
1022
1252
1259
1048
962
1274
1255
1255
1263
1278
1254
1279
1262
974
1024
956
1024
1254
1254
956
1254
1024
1026
1024
1040
1278
1278
1026
987
1024
1252
1026
1026
1026
981
1192
1024
956
1040
1040
1026
987
1181
1258
1026
1040
1040
1259
1212
1211
1187
987
1024
1211
1187
1215
1026
985
1212
1194
1216
1187
1214
1215
1051
981
1019
1254
1024
956
956
956
980
956
1254
956
956
1012
1279
988
1280
1026
987
1026
980
993
987
1191
987
1187
980
1026
980
987
1026
1187
985
1215
988
987
987
987
1026
1216
1216
1191
1216
1191
1216
1191
1250
1187
1191
1191
1191
1189
1189
1216
1216
1197
1197
1216
1191
956
987
956
1026
980
990
990
993
993
993
993
993
993
990
993
993
990
1248
993
987
993
993
990
987
990
993
994
993
1026
1191
987
1187
1026
1191
1191
1191
1026
1191
993
994
994
1191
1191
1191
988
993
993
993
993
990
1012
1272
1032
1032
970
970
1273
970
966
970
970
1273
1032
970
1032
1032
965
970
1273
964
964
1032
1273
970
964
964
1273
1032
970
1032
964
964
1032
944
1032
1007
1254
1000
956
980
1012
992
1281
988
992
988
956
992
992
975
963
953
970
970
1034
963
966
966
967
970
953
975
929
1036
1036
1036
1036
929
1007
992
929
928
966
1034
2436
2334
2435
23
34
116
1303
582
228
1294
1404
909
1297
1306
228
1315
482
581
581
805
1437
1305
581
477
906
1306
500
683
1491
1309
684
1438
500
598
580
1313
1306
905
2256
1410
222
485
672
2247
2117
672
485
2226
1480
1395
1410
1323
199
2317
1393
2247
222
1395
1326
2297
2299
1329
1421
1330
1486
1486
2297
1333
1468
915
780
780
781
781
781
916
780
1468
1463
1463
781
781
750
1336
1345
1336
1351
744
1336
1345
1345
744
924
1336
1345
795
795
1346
776
1350
764
744
785
776
1349
776
776
1373
785
1362
785
741
1358
1358
785
764
1049
1369
764
940
1375
1049
1372
1380
1369
1374
1374
1375
943
1369
1380
478
1386
1390
211
1501
511
1435
1326
1395
1323
2247
2317
597
597
1393
199
2281
802
2201
1392
853
1401
1402
1437
482
1405
866
1406
1423
216
1394
1409
1409
1410
673
673
1663
4987
230
213
261
462
610
208
204
2108
1437
1405
1433
1419
1419
2304
1422
2305
2154
1425
1427
1436
203
216
2152
855
2138
2201
802
1456
1440
888
1446
892
1446
888
1441
1424
2195
856
1445
1418
866
1451
880
858
853
891
898
1452
857
2246
219
236
1458
3875
792
792
754
1465
759
792
773
790
1472
908
1463
1473
790
1465
1472
790
1474
1475
1476
1668
2320
1481
1482
1485
2299
593
2309
681
861
862
500
2340
2446
2417
4978
1500
3917
1332
3919
3919
524
1649
1507
1505
1649
1516
837
1670
1650
1514
3937
1516
3937
1512
1674
1518
1509
2135
2135
1674
1669
2324
1519
1478
2197
286
2068
272
4515
397
603
473
489
240
1534
718
719
717
294
483
2162
241
1548
675
730
1559
2067
2065
676
2067
2156
2212
526
527
529
253
1656
1584
728
2161
270
1546
497
531
670
1622
1637
1600
369
1625
378
388
367
577
380
644
645
1632
1634
1634
643
715
1591
1602
1621
368
2163
1594
576
372
1592
1590
1614
641
639
426
368
1605
1841
1868
1842
1843
386
385
387
1850
429
1853
388
379
1690
1851
1693
1848
387
1852
1673
2077
1638
392
838
231
260
260
660
231
1672
687
687
1638
660
602
260
535
1506
1513
1517
4999
840
840
1673
840
244
3930
1511
4987
251
237
2248
1416
204
484
213
1316
1317
1664
2256
1319
2256
1666
1324
1664
1480
1321
1663
251
1413
1413
268
2108
213
242
2248
835
1412
3912
2058
2392
134
2414
2445
2417
2393
2448
1685
392
535
1687
1963
1861
1972
1910
1903
1908
1896
1865
1930
1944
1920
1934
1934
1939
1950
1997
1901
1902
1896
1837
1934
2236
1996
1939
1826
1826
1835
1826
1826
1820
1820
1826
1820
1826
1826
1826
1826
1826
1826
1826
1826
1826
1826
1826
1826
1826
1826
1826
1775
1826
1826
1826
1826
1826
1775
1826
1775
1835
1826
1820
1826
1799
1820
1799
1799
1820
1799
1826
1826
1820
1826
1826
1826
1826
1826
1826
1826
1826
1826
1826
1826
1729
1729
1826
1826
1826
1826
1826
1826
1826
1826
1826
1826
1826
1826
1826
1826
1826
1835
1826
1826
1826
1826
1826
1835
1835
1835
1812
1775
1826
1775
1835
1826
1826
1826
1799
1826
1826
1826
1826
1826
1826
1826
1826
1826
1826
1826
1826
1826
1826
1775
1826
1826
1799
1826
1826
1826
1826
1826
1826
1826
1826
1826
1826
1826
1826
1826
1826
1826
1826
1826
1826
1835
1835
1826
1929
1960
1928
1943
1964
2236
2239
1903
2054
2054
2050
1961
1972
1920
1866
1892
1865
1924
1892
2032
1892
1742
1901
1993
1993
1879
2037
1833
2033
1892
1896
2051
1826
1826
1826
1830
1826
1835
1835
1812
1835
1835
1729
1723
1729
1729
1729
1835
1835
1729
1729
1729
1835
1835
1835
1826
1723
1810
1826
1835
1812
1812
1812
1812
1835
1812
1812
1744
1782
1812
1744
1744
1888
1797
1744
1744
1744
1744
2027
1744
1888
1984
1988
1980
1980
1983
1986
1993
1988
1988
1988
1989
1988
1723
1723
1729
1741
1739
1812
1727
1769
1723
2041
1818
1723
2012
1804
1804
1753
2012
2013
1989
1878
1975
1881
2041
1835
1835
1835
1744
1812
1744
1744
1797
2028
1888
1980
1980
1988
1886
1886
2014
1787
1770
1833
1870
2042
1878
1936
1989
1995
1999
1993
1993
1990
2029
1729
1776
1729
1776
1776
1835
1782
1835
1835
1835
1782
1782
1782
1782
1782
1776
1776
1776
1804
1767
1744
1782
1782
1782
2025
1776
1776
2015
2021
2028
2026
1744
2028
2028
2028
1886
2014
2014
1980
1886
1886
2028
1886
1820
1729
1729
1799
1729
1729
1729
1729
1835
1835
1729
1729
1835
1835
1835
1835
1835
1835
1835
1835
1835
1812
1812
1835
1812
1826
1835
1826
1826
1826
1826
1826
1826
1826
1729
1799
1937
1937
1993
1925
1890
1816
1794
1739
1742
1882
1742
2032
886
725
2257
1610
455
1610
2090
2090
213
2104
2083
1662
839
1520
346
4212
2080
2076
2076
1662
2079
2069
2091
839
2121
2089
2063
2116
2064
247
2096
2106
213
1319
2112
2112
1662
656
246
2109
2095
301
2098
351
2062
2059
345
2069
2112
334
267
2120
2120
2108
1324
204
2094
300
1672
267
204
2108
2061
4243
1322
2117
2117
1322
1322
602
602
235
263
535
1506
1517
392
535
2124
1503
660
660
659
609
2111
1638
1638
392
259
658
535
535
1517
2265
4930
2106
1643
2204
1508
1508
2206
1325
2203
2139
635
309
312
458
1615
1859
260
435
2221
260
260
471
2134
252
392
605
2132
2154
1641
2132
391
526
1573
526
288
1580
647
2146
605
605
392
2124
2198
660
4643
4358
4642
4398
4487
4383
4311
317
1605
713
2220
1852
2230
220
215
1450
2167
2198
2198
1416
1444
866
1446
2202
2123
2225
1675
1663
4431
1575
527
526
716
476
620
1633
647
2224
2219
2191
2231
1852
1638
660
2205
2167
2199
1939
1950
1937
1903
1990
1888
1888
1975
1974
1980
1980
1974
1947
1980
2028
1937
1638
1638
659
2282
2282
1388
233
2250
2084
2116
2281
205
2250
1673
2312
2250
262
1673
1673
1660
2255
1660
897
2084
2317
2317
1327
1398
2281
2317
208
208
1435
2309
840
840
840
208
2082
2248
4168
3
90
124
121
175
86
1288
77
77
77
77
77
77
23
23
23
18
2287
803
199
1396
803
2284
209
218
811
2253
1434
2252
2287
806
1396
806
269
2300
2291
1387
2286
2285
898
2313
2297
2261
1329
2303
2300
269
1454
2289
487
2305
1407
2307
1442
2246
2309
3917
4988
2301
1327
2298
2299
2298
2316
269
199
199
521
521
1481
819
261
521
2256
4185
521
4992
2310
2323
466
4986
467
1318
1318
2256
4996
2330
2330
524
4933
2503
2440
2440
2440
2455
2418
2455
2455
3262
2455
3262
2411
4933
2401
2454
2441
2881
2352
3238
2377
3230
2353
3231
2880
2429
2354
2456
2480
2500
2412
3229
3229
3270
3134
3800
2362
2362
2562
2447
2440
2373
2373
2480
2407
2444
2447
3873
4934
3238
2400
2351
3233
2473
2405
2405
2377
2410
2409
2450
2368
2386
3261
2522
3229
2562
2447
2891
2455
2417
2418
2446
2448
2439
2373
4932
2403
2415
2462
2416
2362
3232
2361
2515
2515
3233
3232
2518
2412
2443
2412
2410
2410
2354
2449
2444
2430
2385
2384
2449
2447
2458
2385
2383
2504
2462
3259
2457
2393
3233
2393
2379
2368
2455
2393
2418
2418
2415
2444
2437
2447
3242
2375
2564
2417
4932
2462
2455
2373
2447
2417
2417
2347
2875
2875
2375
2437
2385
2384
2363
2458
2368
4183
2559
2485
2485
2420
2449
2415
2458
3233
3261
2383
2881
3800
2882
2447
2417
2440
2455
2417
3261
2416
2403
2451
2369
2518
3702
3702
2518
2361
2361
2361
2361
2361
2361
2357
2361
2361
2398
2518
2361
2504
2357
2357
3233
3702
3232
2357
3232
3702
3232
2361
2361
2361
2361
2361
2357
3232
2357
2357
2361
2361
2357
2361
2361
2361
3233
3233
3232
2357
2357
2361
2361
2361
2361
3702
2361
2361
2361
2361
2361
4944
2357
2357
3804
2943
2532
4952
3135
4957
3741
3707
3868
3845
2531
3733
4950
2869
4968
2958
2537
2895
2872
3700
2944
3744
4919
3136
4166
4993
2853
3872
3839
3899
2549
4835
2554
2549
3707
3325
3736
4166
2851
2565
4648
2535
2559
2525
2535
3874
2839
2544
4149
4905
4838
2958
2572
2560
3091
3234
1414
4653
4150
4710
4670
2593
243
2254
2847
3734
4837
4728
4844
3926
2563
4710
2594
4155
2263
4161
4160
3234
4165
2597
4923
2830
3830
2906
3050
3928
3051
2951
4718
2603
2950
2602
4145
4137
2835
2899
2842
4779
4690
4675
4139
248
2147
249
4156
4156
4725
4741
3080
4686
3081
3052
2843
2850
4776
3993
3962
2588
2588
2589
2589
2578
2761
3948
3969
2576
3081
2586
2957
4779
2578
2575
2588
2604
2604
4748
4347
4347
4659
4682
2908
3962
3998
2614
4683
4683
2748
3042
3962
3998
2614
3941
2614
4662
4662
4028
2607
2746
2745
3949
4034
4109
2733
2628
4662
4662
4661
3006
3037
4053
2736
2736
2736
2735
2924
2923
2992
4022
4753
2812
4061
2735
4060
2735
4076
535
2124
535
535
2579
2901
4732
2901
2619
4348
2928
2928
2746
3027
2926
3006
2924
2923
3076
660
2578
3081
4709
2604
4781
4781
3144
4683
2591
2614
2760
2748
2928
2748
2909
4681
4713
3999
3999
2972
2953
2558
3219
2869
4954
4954
2830
3234
4160
4160
2251
467
2254
2251
660
4993
2839
1654
1652
3255
3925
2939
3902
2879
4951
4163
3745
3852
2563
2561
2544
2558
3811
3736
2549
4154
2254
2254
3983
4844
3935
3928
3931
660
1638
2522
3290
2854
2894
4956
2521
4913
2539
3700
2543
4648
3265
3316
2944
3329
3873
3800
3713
4919
2876
3255
2577
2589
1318
2890
2876
2328
819
2264
3087
3836
2895
2830
4926
1638
1638
535
2124
392
392
2262
2263
250
3928
655
655
655
535
655
4152
4997
4147
2901
2619
2619
2592
3982
3948
2928
2768
2768
4115
4033
3006
2923
3819
2939
2939
2932
2932
3819
2931
3707
2955
2855
3290
3706
2557
3325
3222
2526
3812
2538
2538
3219
3324
3282
3854
4704
3254
4676
4160
4161
1654
243
2254
243
3308
3133
2133
392
2124
2535
2888
4156
3131
2903
3920
4731
4776
3080
3948
3969
2618
4654
3081
2843
2850
4747
2618
3962
2744
2626
2909
4796
4796
4132
2972
4696
2924
2924
4047
4022
4049
2732
2736
2733
2924
2992
4790
492
605
605
3929
4739
4712
4929
4160
4172
2576
2577
3081
2618
4780
4843
4676
4722
4166
1414
660
4912
2832
4712
2561
2950
4149
2855
4842
3325
2868
3089
3713
3086
2328
4680
4680
535
243
243
3257
2587
3128
4781
2864
4347
4347
2758
2760
2760
2747
4109
2975
3006
535
3051
535
535
535
535
535
4917
4983
4954
4954
2555
3936
4905
4728
4155
3819
2855
2855
3290
3336
3213
3342
3343
3170
3170
3877
3888
3343
3163
3164
3205
3877
3196
3885
3335
3216
3330
3885
3327
3174
3885
3170
3170
3330
2932
3178
3326
3718
3187
2931
3707
3716
3716
2931
3174
3333
3751
3759
3879
3885
3718
3190
3718
2932
3718
3718
3819
2932
3205
3758
3163
3342
3196
3178
3188
2931
3187
3194
3183
3342
2931
2932
3888
3819
3170
3174
3326
2932
3718
3166
3343
2931
3188
3170
2844
3716
3330
3218
4969
2549
3325
2939
2854
3326
3164
3174
2361
3702
2361
3134
2520
2412
2874
2874
2886
2520
2328
2328
819
2361
2361
2361
2412
2515
3705
2874
2879
2877
3874
4739
2582
2361
2361
2361
3232
2361
2515
2515
2361
2453
2851
2544
2958
4704
2951
4911
1414
4995
2259
2944
2945
2882
3260
2345
2417
4907
3807
2545
3869
3851
2845
3840
3293
4962
3310
4979
3275
2549
2549
4979
2549
2854
2549
2549
2549
3290
3289
3085
2855
3323
3290
3285
3290
3285
2528
2855
3323
3323
3323
2549
2549
3290
3290
2549
3308
3085
3840
3864
3816
3835
3858
3296
2829
3148
3138
3305
4980
3295
3908
3289
2549
2549
2549
2549
2549
3821
3325
3325
2932
3327
3330
3819
3819
3187
2345
2345
3330
3330
3327
3885
3890
3198
3217
3879
3205
3205
3885
3885
3150
3192
3772
3774
3200
3764
3159
3766
3758
3191
3764
3765
3774
3764
3764
3211
3764
3159
3758
3191
3750
3179
3758
3751
3360
3786
3796
3355
3362
3777
3360
3785
3451
3795
3355
3348
3362
3350
3781
3355
3788
3362
3789
3362
3360
3777
3180
3777
3155
3793
3793
3361
3794
3786
3362
3777
3355
3786
3794
3347
3794
3362
3355
3794
3362
3362
3348
3362
3355
3777
3777
3355
3362
3777
3777
3362
3355
3355
3798
3782
3776
3783
3783
3155
3783
3211
3355
3362
3200
3772
3180
3200
3193
3193
3211
3451
3796
3362
3793
3796
3451
3798
3785
3798
3361
3797
3200
3383
3796
3355
3384
3355
3794
3193
3451
3451
3348
3796
3783
3796
3362
3155
3777
3191
3200
3193
3789
3796
3794
3348
3796
3794
3451
3792
3180
3789
3796
3451
3348
3343
3777
3794
3348
3451
3451
3451
3451
3383
3382
3382
3383
3383
3451
3382
3451
3465
3451
3451
3382
3451
3451
3451
3451
3465
3383
3451
3361
3793
3795
3792
3794
3794
3797
3361
3798
3798
3348
3452
3798
3348
3452
3452
3356
3452
3452
3695
3452
3452
3348
3452
3452
3452
3452
3452
3452
3452
3794
3452
3452
3452
3452
3441
3452
3452
3695
3695
3695
3695
3452
3695
3452
3452
3695
3452
3695
3452
3452
3695
3452
3452
3695
3452
3452
3452
3452
3798
3452
3348
3452
3798
3798
3452
3798
3348
3348
3794
3452
3355
3355
3782
3452
3348
3452
3348
3794
3452
3356
3452
3356
3452
3452
3356
3452
3356
3452
3356
3452
3452
3356
3348
3452
3794
3452
3356
3452
3452
3452
3356
3452
3452
3452
3452
3452
3452
3452
3452
3452
3452
3452
3452
3452
3452
3452
3452
3452
3452
3452
3452
3423
3452
3348
3348
3452
3348
3348
3348
3794
3794
3356
3794
3348
3794
3794
3348
3348
3356
3356
3348
3794
3348
3356
3452
3356
3356
3348
3348
3356
3348
3356
3356
3452
3356
3356
3356
3356
3452
3356
3356
3356
3452
3452
3356
3356
3452
3348
3356
3452
3452
3356
3452
3794
3348
3348
3794
3782
3794
3348
3796
3789
3789
3789
3796
3796
3789
3789
3789
3796
3346
3421
3346
3346
3792
3346
3346
3346
3796
3796
3346
3346
3368
3789
3796
3346
3346
3346
3796
3346
3346
3799
3362
3794
3782
3794
3355
3788
3362
3355
3794
3362
3348
3355
3348
3355
3788
3355
3355
3793
3796
3789
3464
3785
3350
3464
3786
3788
3788
3777
3360
3785
3775
3777
3777
3777
3777
3777
3464
3786
2462
2451
4952
3231
3232
2361
2449
2361
3707
2849
3852
2929
3832
3853
2939
2939
3325
3852
3819
2939
2939
3818
3819
2939
3819
3819
3325
3325
3820
2955
3325
3325
3324
3853
3325
3324
3324
3086
3325
3325
4164
3739
3739
1318
4985
4166
3732
4883
3811
2838
4923
3810
2838
2852
3740
4977
2826
2529
2942
4926
3746
3918
2895
3330
3205
3205
3885
3885
3885
3891
3879
3879
3205
3205
3335
3335
3213
3205
3164
3213
3196
3166
3888
3196
3333
3890
3213
3196
3194
3194
3758
3343
3342
3333
3751
3343
3343
3751
3183
3343
3343
3769
3758
3774
3191
3764
3751
3194
3774
3750
3764
3766
3764
3765
3772
3769
3774
3200
3191
3179
3200
3179
3772
3149
3179
3191
3200
4960
2522
2521
4913
2876
3803
4922
3808
3075
3810
2890
2852
4969
3901
3841
2542
4970
3306
3817
3853
3819
3852
4835
3282
4979
3736
3825
3825
3075
3826
3734
3897
2851
3091
2319
4718
3234
4652
2897
3852
3903
3848
4979
3859
3844
2546
2550
4839
3861
2545
4958
3811
3846
4777
3893
2584
3842
3856
3855
3854
3835
4835
4835
3835
3833
3834
3859
3834
3903
3857
4835
3862
3297
3867
3865
3269
3315
3276
4959
4925
2548
4924
4921
3174
3174
3327
3330
3170
3327
3174
3327
3330
3216
3327
3187
3170
3327
3330
3330
3859
3848
4994
3900
3898
3896
3903
2942
3905
2541
3290
2549
3323
2381
4183
3262
3745
4184
3917
3746
3919
3919
3919
3924
3254
3828
3925
3828
3828
3253
4169
2851
4150
3936
4173
3927
3827
4905
4882
4149
4158
3933
4162
3897
4746
2595
4737
4778
3130
2149
2327
4774
4675
4735
2573
2573
2573
2902
2902
4724
3052
4710
4741
2327
2833
4732
4914
2840
2841
2903
1647
2147
3131
498
4728
4731
4140
3052
4143
4725
3935
3922
4776
2747
4798
2973
3949
2607
4661
2607
4115
4033
2909
4796
4108
4108
4132
4696
2605
4027
4662
2747
4109
3966
3966
3027
3974
2909
4713
4662
3966
4784
4115
2745
3042
2924
2736
3006
4753
2733
3025
2607
4034
4033
3006
4028
2924
4048
2731
4053
4021
2733
3007
4172
4929
392
1638
3830
3254
1653
243
1653
4170
3830
4680
4929
1638
1638
243
3257
535
3253
3927
3938
2568
4172
2254
2264
3931
4739
3931
2254
2958
4718
2571
2319
4689
2571
4652
3826
2888
2597
4910
4164
2558
3074
3731
4883
3252
2544
2958
4704
4689
4653
4995
1415
1415
4159
4174
2349
2418
2369
2414
2445
4932
2415
2372
2058
1638
4184
3918
4091
2860
4765
2814
2708
2811
2811
4076
4076
4091
4765
2808
4091
4815
3063
2680
2708
2709
2811
2811
4091
2798
2680
4815
4703
4703
2691
2691
4703
4703
4703
4703
4703
4703
4703
4703
4703
4703
4703
4703
4703
4703
4703
4703
4703
4703
4703
4703
4703
2691
2691
4703
4703
4703
2691
2691
4702
4702
2691
2691
4703
4703
4673
4673
4703
4703
4673
4703
4703
4703
4703
4703
4703
4703
4703
4703
4703
4703
4703
4703
4703
4703
4703
4703
4703
4703
4703
4703
4703
4703
4703
4703
4703
4703
4703
4703
2691
2691
2691
2691
2691
2691
2691
4703
2691
4702
4703
4703
2691
4703
2691
2791
2691
2691
2691
2691
2691
2691
4703
4703
2691
4703
4703
4703
4703
4703
4703
4703
4703
4703
4703
4703
4703
4703
4703
2691
2691
2691
2691
2691
4673
4703
4703
4703
4703
4703
4703
4703
4703
4703
4703
4703
4703
4703
4703
4703
4703
4703
2691
2691
2691
2691
4703
4702
4702
2691
2691
4091
2923
4075
2923
3063
4084
4765
4060
4059
4060
4060
4029
2989
2808
2923
4075
4075
4090
4651
4075
4075
2710
2708
2708
2703
4075
4651
4651
4651
4075
2811
4663
4664
4664
4664
4702
2692
4702
4702
4702
4702
4702
4663
4663
4663
4663
2696
2791
4703
4703
4701
2791
2791
2691
4665
2692
2692
2692
4702
4702
4702
2696
2696
2696
2696
2712
2712
2712
2889
2706
2706
4078
2706
2706
2712
2706
2706
2708
2706
2656
2656
2656
2656
2708
4760
4760
4760
2985
2651
4815
2816
4760
4664
4664
4663
4719
4719
4702
4649
4665
4665
4665
4665
4663
2918
2917
4663
4667
2985
2985
2985
4819
4073
2916
2917
4665
4700
2889
2889
2706
2706
2706
2706
2706
2706
2658
4761
2985
2985
2985
2985
4651
4649
4665
4650
4073
4073
3107
2684
2703
2703
4760
2703
2708
2708
4663
2791
4701
2791
2791
2791
2791
2791
4700
2889
2889
2889
2889
2889
2791
2791
2791
2889
2889
2889
3059
3059
3059
2985
2985
3059
2889
2695
2889
2706
2695
2676
2985
2658
4761
2676
2676
2985
4703
4703
4703
4703
4703
4703
4703
4703
4703
4701
4703
4703
4703
2691
2691
4703
2691
2691
2791
2691
2691
2696
4702
4702
4702
2691
2691
2691
2691
2691
2691
4703
4703
4703
4703
4674
4673
4673
2998
2680
2680
4090
4090
4090
4719
2712
2712
2712
2710
4651
2549
2549
3290
3290
4921
4682
3974
4681
4165
4165
2952
4916
3055
3829
3829
3094
3973
2908
2768
2907
3077
4911
4161
3144
3969
3829
4161
4165
3256
4911
4923
2596
3057
3077
3256
2596
4910
4911
4688
3829
4653
4690
4710
3054
4742
3080
2578
2591
4683
4682
4659
4659
4654
4171
3831
4712
2951
4680
4653
4689
3054
4687
4687
4680
4652
3733
4681
2768
4985
3737
4708
3257
4918
4170
3831
535
4173
535
535
392
605
2561
1652
1653
1652
4170
4929
1638
1638
605
1653
3076
535
535
4845
3938
4928
4171
3849
3925
3921
3813
4140
4728
2850
3998
2588
3998
3965
4790
2251
4709
3966
467
2251
4993
2542
605
250
2133
392
3835
1642
2133
2133
498
2903
2887
4709
2628
4132
3025
392
392
605
605
2251
2957
2601
2864
2864
4781
4005
2758
2761
2757
2748
3042
4115
4034
2860
4979
4835
3866
4883
4837
4746
3271
3856
3852
3853
3932
4173
3827
3734
3130
3130
3133
3093
2904
4733
3083
4108
4036
2973
3042
3043
4021
3006
2251
1652
3939
2583
2814
2708
2808
4080
2860
2708
2656
2708
2985
2651
2679
2985
4815
2708
2985
2676
4815
1652
1652
1652
2537
2895
2885
4998
3730
4923
3091
1414
3741
4998
2830
4160
4172
3316
4995
4948
3730
3810
3810
4921
2584
2830
2571
3850
4966
4172
2254
2254
4164
4995
2847
2451
4940
2517
2513
2516
3704
2361
3702
2361
2361
3702
2361
3702
3231
3232
3232
3232
2357
2523
4967
3812
2531
4976
3812
4953
2885
3742
4973
4839
3838
3834
4962
4961
3309
3292
2533
3915
3905
3843
3837
3815
3840
2546
3845
3823
3847
4976
3814
2541
4952
4974
3904
4982
4977
4984
3904
4721
2328
2328
4986
819
466
2328
521
4990
819
3915
3745
466
2326
466
2254
1318
2328
2264
4996
2330
2890
1775
1835
1826
1835
1826
