1
149
2594
5
65
121
2592
108
2635
821
56
58
39
4282
45
17
18
786
149
21
50
51
24
43
26
84
35
47
800
30
38
33
35
76
61
44
150
75
72
42
1785
111
44
1788
15
16
69
49
46
52
103
53
23
50
2608
98
56
32
124
38
145
2502
107
65
1782
45
99
99
75
73
1350
2594
75
76
83
793
79
2408
138
83
2407
85
54
129
87
127
89
128
128
92
93
76
92
91
82
41
40
141
100
2594
81
2566
104
1785
147
2594
107
107
68
88
44
44
33
15
145
65
68
68
121
4
120
97
2502
14
123
786
2615
94
92
135
128
91
129
819
33
67
124
1355
72
128
126
24
19
146
37
98
145
5
6
65
108
65
71
2566
4282
39
112
79
206
79
80
806
2422
160
160
183
181
201
79
806
96
2422
171
95
193
36
183
206
166
164
807
160
77
77
77
173
173
185
186
174
185
2420
194
791
207
185
806
207
79
130
2416
160
201
160
160
791
185
210
490
2451
2427
242
2460
1768
1395
1395
217
746
836
564
1399
2477
2397
302
2479
2479
2235
2423
2427
2455
2435
257
245
230
2249
2479
2479
2496
2423
2382
496
2426
2435
240
2300
257
1508
445
1488
239
1539
2336
1507
457
2441
2439
1524
558
558
221
1484
465
1368
1766
1511
1514
797
260
1625
261
481
1568
265
2280
267
267
1762
452
461
1765
2222
440
274
624
2238
644
659
471
659
574
281
2335
1400
624
1756
305
451
2215
644
689
2203
2214
1512
2217
2199
293
509
2397
1392
1392
231
672
4777
522
568
1762
637
230
451
451
288
1648
308
1664
2238
2225
2294
519
572
479
306
287
2227
1661
1678
321
1658
635
633
595
418
594
339
339
631
419
2211
313
1679
1683
1645
1651
324
325
595
595
589
311
2229
421
2290
347
631
2236
2322
592
347
2286
630
505
345
416
504
364
1708
424
330
423
407
666
1710
366
2233
2197
1703
1704
1686
606
1702
1701
1688
408
372
1685
2352
1720
1697
1687
607
1699
1689
4244
4285
529
401
1664
403
403
419
405
426
538
409
542
1692
2267
2381
340
1661
1659
2284
310
2204
2236
417
474
2321
405
2206
351
355
336
2285
353
2205
1511
2249
2249
2249
779
779
1530
770
558
2441
1392
1769
2388
2222
2222
570
659
473
470
2316
457
2488
132
469
2272
451
1621
1376
261
2433
1510
1402
1412
645
645
809
1511
268
268
1394
463
1486
256
1534
2272
472
658
1735
472
476
1758
1758
2381
2316
34
2461
245
245
245
2300
1534
1534
2435
2472
232
210
211
258
1479
131
1358
499
1359
142
1743
303
593
439
2493
2493
2493
2493
819
2386
1512
875
2217
558
770
4995
1392
4995
4995
1412
2397
2479
2479
2397
1585
399
398
450
449
1757
525
677
1757
528
276
529
400
530
1667
531
532
420
420
535
536
2207
1714
1694
655
1360
453
1366
2338
1372
545
1561
2454
565
253
253
1376
228
1523
1532
239
564
241
2460
2460
216
1395
1395
1530
877
816
769
1403
691
2462
1495
219
259
2235
2210
2203
2203
468
1747
574
574
1556
398
4762
670
264
1682
297
284
2283
270
307
434
597
313
588
1677
586
328
592
331
331
2233
360
358
433
2287
1709
602
602
1695
2353
1705
1711
1698
1690
367
1729
448
2359
527
1757
1757
1743
2213
626
291
626
2244
326
589
1665
479
2200
224
1770
1514
1515
2389
2381
413
2220
2254
2265
2253
267
2461
2461
1496
867
2461
1611
1611
1377
835
1512
2224
528
1736
658
2271
658
318
1644
329
2319
341
2321
664
666
2356
1700
677
2274
672
677
2274
1478
1524
2461
1524
228
648
799
687
274
642
1555
1410
2441
2455
2455
485
729
1444
1449
727
1440
1417
1453
1447
1443
696
1440
1442
1438
706
1414
1578
717
899
1579
778
899
1574
1572
898
1571
1579
757
761
746
720
1366
726
751
1387
453
755
702
1450
1444
1574
1439
1583
1382
764
758
1500
254
1361
1500
741
909
928
1442
748
731
718
909
453
715
729
748
1453
453
742
1361
739
739
744
756
1579
756
218
727
1447
1582
899
744
755
744
500
1423
902
1485
2250
2250
465
465
2462
255
887
1380
1391
559
221
2462
2462
2461
899
759
1487
1489
800
160
61
800
2420
134
30
31
1512
2403
185
791
805
2408
142
796
797
209
624
164
164
163
36
1356
1356
79
186
1773
1774
810
1775
273
2210
812
570
440
816
25
122
12
821
65
825
1529
1494
826
828
2336
856
2399
1562
2300
1560
1525
2461
1524
2462
2462
245
2463
2300
2463
1524
1524
1525
2463
2463
2463
2462
2461
245
245
856
436
2455
510
2441
680
874
2455
2456
2455
2441
2430
1410
2462
1524
2462
1557
856
1526
1556
1494
456
1527
680
2472
510
2454
877
856
856
1524
1525
1525
245
245
245
2462
1516
1367
1583
2440
2339
1500
764
894
59
901
766
767
1439
1451
694
904
704
700
1430
1435
743
1460
921
1455
1454
915
1460
1460
1455
1464
1064
921
916
916
916
916
920
922
1459
1471
1456
1474
1045
1474
3507
910
3507
1468
1468
1468
924
3507
1045
924
3507
1468
1468
3507
914
1473
924
1045
918
924
921
1468
1473
924
3507
1477
1045
914
1471
910
1474
3507
3507
924
914
1474
1474
1474
1474
924
914
1474
924
3507
1467
1474
3507
910
1011
1467
1468
921
3507
1474
914
1468
921
1457
1471
921
3507
1473
918
1011
3507
3507
911
3507
1011
3507
1474
3507
3507
1474
1011
914
1011
921
3507
3507
1474
1467
3507
914
924
1471
1454
1454
1473
1468
1472
1474
3507
3507
3507
1468
918
1474
1474
1474
930
924
1474
1474
3507
3507
3499
3499
3499
3499
3507
3507
3507
3449
3507
3499
3507
3507
3507
3499
3499
3499
3507
3507
3507
3507
3507
3507
3507
3507
3507
911
3507
1474
1474
911
911
1474
3437
3437
911
3437
3437
911
911
911
911
3437
3437
3437
3437
3437
3437
1474
911
3507
911
3449
3449
3437
3449
3449
3449
3449
3449
3449
3449
3449
3449
3499
3449
3449
3437
3449
3449
3449
3449
3449
3449
3449
3449
3449
3507
1474
911
3507
911
911
911
911
3507
911
911
911
910
1474
1474
911
1474
1011
911
911
1014
911
911
1014
1465
1474
1474
3437
1009
1009
911
911
911
3437
911
911
1009
1009
1009
3502
3437
3437
3437
3437
3437
3437
3502
3437
1009
3437
1009
3437
3437
3437
3502
3502
1477
1474
1011
911
1011
1474
1474
1465
1047
1475
1477
1475
1475
1475
1475
1475
1475
1475
1475
1047
1475
1047
914
1472
1475
1475
1475
1029
1047
1475
1047
1047
1029
1013
1047
1047
1012
1013
1029
1047
1013
1475
1475
914
1474
1475
1474
3964
1473
1473
1473
3964
3507
3964
3964
3964
3964
3964
3964
3964
3964
3964
3964
3964
3964
3964
3964
3964
3964
3964
3507
3964
3964
3507
3964
3964
3964
3508
3964
1467
1474
1474
1474
914
929
914
914
929
1474
1475
929
929
1045
1474
3507
1474
910
1467
1467
1468
1473
1045
918
914
1045
1468
1467
914
924
924
921
1473
1474
4281
117
1481
83
1355
93
93
772
652
1385
651
1497
1360
459
1542
1543
1384
251
771
1377
649
1360
1501
2339
887
566
465
880
251
482
482
2461
1498
864
2461
653
771
858
466
558
770
770
887
271
268
282
1641
268
1770
293
224
2223
257
238
1761
1592
1396
282
1641
1397
2394
509
2385
1396
293
2333
238
1766
238
1412
1601
1408
1522
1522
1522
774
774
221
559
774
2460
2460
2460
2460
230
1412
4995
1413
2496
4995
739
1426
1417
1437
749
901
1439
1436
753
1426
1414
1417
706
743
727
729
701
1453
1451
748
1452
705
1442
1451
695
1438
926
926
1449
760
1443
1459
1450
1452
1443
729
1459
1447
1460
1456
1455
1455
916
926
917
1447
922
1456
930
1460
1460
921
915
1454
921
921
921
1454
915
1567
2387
210
455
2398
1399
1766
638
1767
2388
2388
2388
1394
1394
1401
1401
2385
2385
2385
2385
2337
824
2433
2443
2458
1563
1497
1544
1555
2463
1534
2336
1507
1508
1397
282
1397
282
1509
1509
2360
2361
808
1629
2221
2216
1777
1513
2216
809
1765
869
834
1490
1535
2467
221
221
563
241
464
1505
1506
458
829
2337
1531
1531
1485
1485
1403
1486
1403
1507
2334
454
1521
445
243
1520
1559
2443
2465
1519
2467
454
1553
2465
1535
1517
2465
1585
872
2434
2446
2329
1527
868
1564
2466
2396
243
1540
1569
757
890
1583
724
1574
1574
1579
1572
1577
1415
1571
1571
767
1571
1574
909
909
716
767
731
1518
1547
2481
1592
2491
808
1640
1393
1517
2451
1411
304
1411
304
2439
2439
2439
770
770
1524
1524
1524
1524
2461
221
2461
100
819
11
502
1404
815
1352
3903
2496
1481
4995
4995
1481
3886
2493
4995
2261
259
2275
1632
1625
1749
1638
1630
1630
1630
1750
2342
1635
1624
2276
1752
1636
1780
2335
1639
1761
1761
277
2205
1663
573
290
275
312
476
477
1681
460
1658
270
588
573
1662
688
688
1666
1682
579
315
284
1674
2281
2308
305
475
479
1680
1706
2325
361
365
2247
428
426
539
2196
429
359
2291
1705
362
336
2356
356
357
424
334
406
2234
2212
2231
335
423
363
332
2207
599
425
378
407
1696
603
371
431
1691
1713
540
427
1707
369
2355
1686
430
1710
1685
1736
291
1737
295
581
1747
1747
574
1739
295
2214
1744
2381
658
658
414
4244
1622
1627
1752
1735
628
628
2401
1757
624
1759
2335
1774
2221
1777
1779
1775
2216
1776
1639
1509
1515
582
2386
229
462
271
1511
2223
582
1515
1592
1509
1779
810
1775
1775
1776
812
2216
2216
813
814
1627
2343
1781
2499
38
1784
4280
2533
2601
2535
139
4285
66
502
608
668
389
1731
391
614
383
1733
543
388
2358
1970
386
1967
1971
391
1967
381
1968
1960
617
1962
1899
1991
2113
2110
2014
2050
2064
2064
2064
2050
2050
2050
2007
2149
2050
2050
2001
1993
2055
2015
2055
2015
2015
2024
2018
2019
2110
2110
2026
2024
2111
1991
2056
2014
2050
2062
2050
2062
2052
1991
2120
2052
2050
2007
2016
2014
2013
2014
2014
2050
2050
2009
2052
2060
2057
2055
2015
2015
2015
2015
2119
2110
2055
2018
2119
2018
2110
2026
2018
2024
2018
2018
2018
2113
2026
2054
2025
2026
2054
2114
1996
1991
2024
2052
2052
2002
2050
2050
2009
2050
2014
2055
2009
2015
2015
2024
2018
2025
2024
2050
2052
2001
2050
2050
2007
2008
2057
2057
2014
2050
2065
2015
2055
2009
2018
2024
2024
2024
2018
2119
2027
2111
1726
368
384
1724
387
611
612
614
614
1732
410
1728
380
1727
1716
1723
616
1717
1802
1959
1966
1967
1806
1974
1960
1975
1961
1989
1802
383
1722
2089
2090
2090
2053
2033
2187
2034
2034
2028
2058
2072
2072
2063
2078
2128
2063
2129
2122
2129
2122
2188
2088
2188
2192
2033
2186
2186
2035
2034
2102
2102
2037
2037
2370
2375
2367
1981
2367
2190
2103
1816
2363
2363
2367
1820
2182
1813
1811
1963
1809
2365
1810
1809
2073
2088
2073
2191
1818
2192
1978
1986
1985
1978
2092
1984
2183
2073
2070
2184
2184
2364
1795
1807
1808
2185
2034
2132
2080
2030
2082
2370
2101
2368
2368
2101
2182
2181
2179
2378
2095
1818
1977
1987
1979
2185
1958
1804
2362
1963
2366
1797
1965
1799
2067
2067
2137
2129
2135
2133
2129
2133
2122
2030
2082
2138
2082
2140
2039
2139
2069
2041
2083
2043
2040
2049
2069
2374
2047
2048
2044
2042
2098
2099
2048
2096
1982
2181
2179
2100
2181
2059
2059
2065
2127
2066
2118
2066
2119
2119
2119
2119
2119
2113
2113
2113
2117
2023
2124
2025
2113
2122
2025
2054
2054
2053
2187
2018
2054
2057
2056
2089
2057
2058
2060
1972
1796
1970
1973
1817
1801
1988
1799
1800
1803
1803
2431
2430
2441
2195
2208
415
344
2200
2200
1765
642
2201
656
2210
2202
2209
421
2219
307
2224
811
2204
2209
2203
2214
229
2279
2216
2210
636
811
2218
1642
2243
2279
2221
229
812
302
303
643
643
269
312
2243
1650
2229
590
590
2229
1513
2228
2245
223
625
503
273
223
1776
2239
2242
1649
2224
1776
582
811
2230
2250
2241
1401
1395
224
636
1768
223
2246
1744
1745
1744
1739
2240
569
1632
1790
2261
2262
2262
2262
1742
2277
2359
4285
414
1747
4244
569
2276
2237
656
2254
1587
266
646
1400
687
2281
418
2309
632
2286
2311
1740
327
332
575
278
2294
240
2313
2313
621
448
2298
2297
2347
286
321
2287
371
1790
2359
399
1641
2336
319
1656
660
329
662
349
337
2323
2324
1703
2328
1534
2463
2433
1515
1641
638
1634
2282
2440
2330
2332
2341
2275
1633
2360
1672
670
673
314
1676
2288
1706
354
664
2310
2326
1740
575
1634
1515
1720
379
412
382
2327
2367
1811
2378
1823
2101
2095
2366
2181
2180
1969
2381
2263
2381
304
294
2397
2217
1512
2199
2199
2479
2385
2221
2221
571
271
1392
1392
2397
291
291
215
570
2391
271
1769
1769
509
509
2398
1392
2385
1769
1769
812
2221
1492
304
2389
472
812
2216
229
570
1752
2405
73
133
2408
2408
2409
53
130
791
791
209
170
130
130
1353
1353
2420
2423
234
220
216
2479
216
2479
2479
2479
1405
2427
1408
1518
1533
1533
512
216
252
1534
1479
774
1410
1410
1533
1533
435
1395
1395
769
1489
1401
1401
465
465
2459
823
237
237
1412
2400
2475
1408
1522
774
2460
774
559
221
558
2461
2250
1395
2457
1537
241
1531
563
256
256
1506
283
1536
1536
824
2478
560
231
2450
2295
2477
856
1408
1408
1601
2472
2477
2475
2246
2241
1395
2394
2199
2403
1593
2491
2404
1777
1764
2468
2403
1599
1413
2495
2403
1588
2404
473
439
1764
2494
292
292
507
507
2498
2498
2542
2532
2599
2499
2634
2592
2634
2511
2503
2589
2505
2522
2563
2540
2510
2628
2513
2512
4915
2516
2517
2518
2519
2547
2581
2602
2622
2576
3273
2525
2526
4277
2531
2584
2609
2633
2560
2636
2622
2536
4279
2602
2539
2515
2540
4914
2543
4916
2544
2545
4280
2547
2548
2549
3314
2632
2501
2630
4277
2556
2591
2599
2599
1782
2497
4283
2562
2562
2563
4913
2601
2522
2528
2525
2664
2645
3298
2643
2587
2574
2577
2537
4918
2618
2580
2616
2624
2582
2654
2602
2585
2586
2640
2586
2587
2679
2514
2612
4100
2566
3276
2566
2546
2596
2567
4107
2499
2499
2507
2497
1783
2586
2631
2535
2631
2599
2539
3842
2634
2565
2568
2599
2599
2513
3309
2552
94
1783
2584
2617
2626
2626
2549
3277
2625
2541
2623
2585
2566
126
137
2534
2604
3278
145
1787
2638
2599
2599
2500
2522
2659
2564
2564
2563
94
4920
2688
2688
2645
2685
3283
2676
2676
2676
2650
2669
2690
4921
4920
2619
4927
2650
2678
2678
2669
3844
2619
4929
2674
2648
2647
2691
3845
3845
2660
3848
2660
2649
2649
2669
2648
2649
2649
4930
3296
2669
2668
2669
2694
2649
2650
2691
2691
4920
2681
2684
2685
2676
2676
2649
2649
2656
3308
3049
2717
4892
2943
2715
4264
3123
4266
4972
3860
4048
3975
3885
4972
3047
3047
2702
2702
4719
2709
4957
4956
3897
3897
2754
4011
4895
4753
4753
4901
2483
4109
4101
2702
3901
4024
4012
4002
3891
4075
3978
2953
1588
4021
3976
3899
3899
3898
3384
3867
3968
3873
3384
3997
4270
2748
3056
2742
2603
2620
3055
4284
4270
2750
2945
3302
2940
4259
1763
4273
4743
3110
2990
4722
1760
1760
4119
4257
4838
3174
4254
2940
2787
4717
3005
3057
2775
2775
4993
2776
4716
2996
4891
2777
2777
2778
3010
2883
3010
3303
3302
3887
3132
3131
2796
2801
2799
2887
3130
2770
4799
2939
4851
4143
2769
4169
2806
4150
4169
2805
3074
2802
4824
3084
3119
3083
3083
2823
2823
3018
2921
4151
4149
4147
4155
4729
2809
2824
2824
2812
2825
2826
4738
4738
2828
3086
2905
2904
4732
3021
3151
3086
4789
2816
2991
2904
4733
2991
2849
3022
4827
2817
2910
3025
2842
4795
4734
4734
2841
2895
3154
4177
2855
2848
2861
4180
4182
2865
3092
3092
4176
2858
4190
4189
2859
4191
4244
4285
3014
2886
4157
2888
3018
3020
3079
2822
4697
3027
3090
4228
4756
4821
3082
4170
2811
3077
4155
4710
2991
2830
4826
3019
3020
2835
4737
2818
2818
2815
2838
4131
4258
4753
4754
4752
4752
3262
4962
4009
4957
2777
2777
2777
2994
4910
3115
4896
279
279
2402
575
4268
2395
2268
2901
2990
4784
4991
3288
2945
3980
4105
4042
3131
3301
4258
2740
4262
3894
3978
2953
4233
2900
4250
1760
3148
3008
3009
2933
2381
2381
3053
4011
4020
2953
2953
2703
2703
1619
2993
4102
1618
2744
2983
2553
2527
3878
2538
2981
4236
2989
4746
4746
789
3886
3886
2493
1786
2926
1763
3362
4904
4962
3266
2777
4901
2777
2777
4105
3047
3047
2702
1790
4230
4772
4230
4885
3143
3164
2882
2274
3143
3175
3015
4720
4705
4133
2921
4712
3020
2908
3080
4707
4699
4197
3090
3879
3867
4004
3989
3987
3036
3139
4956
3044
3875
4030
4933
4090
4019
2786
2715
4935
4716
4264
4753
4934
3049
4980
3885
4265
4262
3882
3980
3319
4044
3069
4748
2774
2774
3058
2955
2931
3350
4763
398
4764
3069
3302
2784
2767
4787
2788
2804
4131
4710
3120
2806
3076
4166
4173
3085
3150
2832
3081
4707
3087
2837
4203
4790
2847
2846
3089
2857
4187
3091
4202
2918
2917
2862
4185
4887
3000
526
526
4236
4226
4715
3115
2957
4151
2810
2813
2889
4171
4744
4725
2951
4002
4785
4996
3128
4238
4771
4747
4769
4018
4963
4018
2705
3171
2735
2973
3040
3351
4993
4726
2274
4909
2959
4813
4849
4134
4823
4154
2906
2833
2914
2914
4206
2856
397
4777
399
4244
2274
4285
4898
4009
4009
4009
3897
3882
3173
4253
3127
3986
4956
4956
4956
3898
3242
3403
3396
4067
3231
3247
3230
3927
3929
3201
3269
3914
3925
3398
3200
3224
4071
3393
3249
4058
3256
3251
4062
3389
3236
3214
2704
2737
3389
3037
3861
2738
3851
3928
3925
3194
3921
3204
3211
3854
3204
3862
3874
3988
3874
4843
3924
3270
3925
3925
3398
3865
3217
3387
3855
2985
3187
3235
3927
3033
3187
3853
4056
3035
3214
3865
2704
3860
3930
3036
3268
3236
3256
3258
3852
3211
3226
3892
4263
4753
4753
2707
4963
3867
3866
3977
4018
3046
4018
3390
3389
4754
3273
2690
2526
2664
4929
2554
3279
2525
2490
4993
1763
2691
2650
2694
2571
3285
3309
2986
2538
1789
798
2646
2663
2691
3844
2528
3848
3298
2649
2649
4269
2743
3302
4271
4749
3304
4896
3306
2599
2559
2591
2590
3313
2505
2500
2718
3981
4051
3366
2621
2942
4841
2699
3316
4038
3350
4939
4011
4964
4964
2728
4018
4020
2728
3899
3899
4963
4020
2728
2728
4011
2728
3897
2708
2708
3898
3045
2708
3897
3315
3373
3898
4956
4957
3897
4962
3899
3046
4963
4045
4050
3371
4012
4048
4046
4037
4971
3315
4977
2708
4974
2717
4974
2719
4974
4010
4964
4020
2728
4011
4042
4030
3859
3035
4031
4843
3874
2565
2534
3140
3215
4058
3905
3199
3224
4061
3206
4067
3404
3394
3942
3413
3413
3416
3936
3240
3935
3232
3253
3942
3933
3190
3929
3184
3182
3242
3921
3931
3241
3940
3190
3183
3945
3945
3950
3944
3946
3413
3945
3945
3425
3940
3414
3946
3562
3945
3945
3945
3414
3562
3950
3413
3413
3253
3416
3240
3413
3950
3414
3417
3946
3946
3427
3941
3945
3414
3414
3414
3417
3946
3948
3946
3944
3954
3412
3562
3419
3945
3944
3944
3949
3944
3414
3417
3417
3417
3944
3944
3945
3944
3945
3414
3944
3413
3413
3253
3940
3190
3417
3414
3946
3414
3414
3417
3946
3944
3414
3946
3946
3413
3417
3954
3946
3954
3946
3562
3417
3415
3417
3950
3944
3950
3562
3417
3934
3945
3941
3425
3950
3946
3948
3950
3950
3417
3414
3413
3414
3944
3417
3954
3931
3417
3946
3946
3417
3417
3417
3417
3417
3417
3417
3417
3417
3417
3417
3417
3417
3417
3417
3417
3417
3417
3417
3417
3417
3417
3414
3414
3414
3417
3414
3414
3414
3950
3415
3414
3415
3946
3946
3415
3946
3415
3415
3415
3415
3950
3412
3415
3415
3415
3415
3415
3943
3415
3412
3415
3415
3415
3415
3415
3965
3965
3415
3415
3417
3965
3415
3415
3965
3965
3965
3415
3415
3415
3415
3965
3965
3965
3406
3950
3946
3946
3415
3415
3415
3950
3946
3415
3946
3414
3412
3944
3947
3947
3946
3946
3415
3966
3946
3966
3947
3946
3946
3947
3966
3966
3415
3966
3966
3946
3947
3946
3966
3961
3947
3415
3961
3961
3966
3961
3415
3961
3961
3961
3961
3961
3947
3961
3961
3961
3966
3961
3961
3954
3946
3946
3946
3946
3946
3954
3946
3418
3954
3954
3954
3952
3951
3954
3954
3954
3419
3954
3419
3951
3954
3419
3951
3954
3954
3419
3951
3419
3954
3951
3951
3954
3954
3966
3966
3961
3951
3951
3966
3951
3966
3951
3951
3966
3951
3951
3951
3951
3966
3966
3966
3966
3948
3954
3954
3954
3419
3954
3419
3950
3414
3414
3950
3414
3950
3414
3414
3414
3950
3950
3414
3950
3950
3414
3950
3414
3950
3950
3414
3950
3950
3950
3414
3414
3414
3950
3414
3950
3414
3414
3946
3412
3948
3948
3562
3954
3427
3562
3948
3427
3418
3948
3954
3954
3562
3413
3946
3950
3950
3950
3950
3414
3414
3946
3562
3413
3945
3945
3945
3427
3948
3427
3940
3944
3414
3414
2563
4109
3280
2529
3847
2649
2528
3877
3043
3044
3850
3063
3857
3868
4033
2734
3264
3869
3879
3265
4029
3384
3384
3363
2735
3875
3875
3137
3351
3053
3264
3052
3044
2736
3867
4030
2776
2765
4001
2722
789
2714
2785
3999
2951
4003
4266
4848
4130
4891
4716
4716
2722
2776
4086
2740
4265
2483
4972
4089
4090
4962
4017
4017
3979
2922
2922
4935
4895
2998
4998
3886
4901
4901
4063
3255
4072
3260
4068
3199
4066
3204
3204
4063
3255
3908
3200
3187
3915
3917
3187
3399
3928
3904
3907
3186
3186
3402
3397
3404
3242
3270
3919
3916
3925
3193
3241
3235
3270
3929
3920
3923
3192
3930
3935
3933
3931
3938
3189
3242
3921
3233
3233
3182
3931
3190
3190
3933
3941
3240
3240
3932
3416
3942
3932
3941
3287
2527
4102
2527
2553
3317
4266
3888
4130
3070
3141
2996
2996
4265
4265
4263
4263
2702
4891
4891
2487
4025
3982
4960
3367
3324
3365
3986
4844
4835
2728
3993
2766
3125
3891
4865
3888
3888
4785
2765
3998
4257
3301
4724
4911
4115
4273
4114
4723
2705
2727
2942
4013
3322
2328
4017
2707
3050
3051
2952
2952
3994
4023
4966
3261
4695
4752
3124
3124
3885
3894
3976
3996
3996
3996
2766
2727
4034
3981
4695
3290
4836
3361
4038
4037
3985
4037
4992
4840
4971
4006
4013
1600
2942
4041
4894
4951
3366
3367
4900
4941
3984
4052
2747
3290
494
2738
3854
3215
3210
3210
2985
3035
3215
3256
3140
3256
3210
4058
3226
3031
3035
4008
4833
1398
3300
4080
4982
4992
4906
4889
4935
4889
4009
3899
4009
4009
4963
4963
4009
4963
4009
4009
3046
3313
821
1613
2505
817
1413
1786
1619
2998
4998
1620
4998
3886
4286
3886
3886
2950
4111
4111
4113
2742
4112
4846
4847
4119
685
4864
4123
2750
4125
4247
4126
4274
3300
4257
2759
4132
4153
4152
3006
2752
2795
2758
3162
2784
4855
2948
4148
2770
2770
2772
4156
3176
4156
4811
4801
4803
3174
4165
2753
4856
2788
2779
2964
4172
4708
4860
2839
2851
2850
2840
4751
4697
4696
4750
2854
2843
4795
2847
2839
2853
4733
3023
4828
2816
3080
4706
4733
2829
2992
4791
4788
4706
2911
2893
4192
4191
3026
4175
2845
2848
2918
3026
4198
2915
4698
4205
2920
3088
2855
4201
4200
3154
2960
1790
2756
3069
2929
2763
4758
2756
4227
3114
2381
4234
3144
4778
4246
4779
4248
2957
4252
4252
4252
2757
3164
4251
4275
4114
4724
1778
4122
4910
2743
4990
4001
4260
2926
2714
2951
2776
4744
3999
4080
2765
4112
4114
3055
4271
4261
4272
4718
4911
2751
4123
1615
143
2592
112
137
4280
144
1614
895
66
1737
4244
1593
4217
3156
4210
3099
4224
4214
4178
4213
3097
4210
2897
3030
2873
3105
2876
2866
2867
3103
4216
4217
4225
2898
4375
4611
4506
4435
4435
4561
4605
4553
4646
4646
4356
4378
4378
4671
4650
4507
4507
4507
4384
4511
4509
4509
4575
4512
4517
4511
4511
4509
4576
4576
4618
4618
4324
4561
4557
4502
4561
4435
4553
4561
4326
4561
4341
4621
4507
4507
4515
4507
4448
4491
4504
4515
4341
4508
4553
4509
4556
4515
4509
4507
4670
4509
4511
4620
4507
4507
4611
4618
4511
4511
4519
4519
4511
4521
4620
4616
4620
4579
4575
4521
4618
4506
4611
4623
4324
4576
4491
4491
4324
4646
4646
4448
4507
4384
4378
4507
4509
4670
4509
4511
4517
4614
4618
4678
4561
4324
4503
4491
4561
4650
4507
4650
4515
4553
4650
4384
4608
4662
4509
4507
4575
4517
4511
4620
4576
4527
4506
3096
4184
2869
2868
4182
2863
4219
3103
4223
4214
3095
4215
4186
4209
3029
2852
4179
3097
3104
2881
2881
2870
4467
4472
4460
2871
4475
4298
4468
2878
2879
2869
4590
4555
4487
4688
4533
4686
4525
4535
4581
4573
4573
4594
4573
4622
4633
4566
4637
4636
4883
4631
4486
4488
4487
4688
4692
4535
4581
4582
4878
4604
4880
4542
4875
4880
4873
4868
4481
4880
4691
4311
4481
4466
4308
4868
4307
4294
4293
4471
4301
4463
4306
4872
4306
4305
4593
4484
4594
4312
4312
4692
4484
4488
4477
4459
4477
4477
4571
4594
4303
4317
4317
4317
4869
4291
4314
4314
4878
4634
4874
4875
4544
4603
4308
4483
4308
4307
4306
4306
4305
4684
4684
4490
4474
4476
4460
4300
4470
4462
4463
4471
4465
2875
4871
4467
4594
4571
4570
4589
4641
4633
4642
4633
4881
4874
4586
4540
4879
4879
4595
4875
4545
4638
4544
4546
4596
4679
4598
4544
4544
4603
4603
4681
4683
4679
4681
4307
4305
4681
4683
4561
4563
4565
4561
4565
4565
4620
4637
4620
4625
4626
4618
4620
4618
4624
4636
4579
4624
4632
4634
4579
4524
4525
4576
4533
4519
4519
4556
4556
4591
4515
4515
4557
4557
4292
4472
4462
2899
4470
4313
4490
4691
4466
4311
2877
4297
2878
3900
446
2828
4713
2827
4904
4000
4723
3129
4701
4711
4711
2771
4739
4739
3078
4721
4745
4726
2790
4731
4731
4711
2754
4740
2774
3304
4700
4724
4702
4132
4781
4724
2754
4718
4719
4748
3130
4782
3112
2758
4140
4746
3082
4738
4732
4738
2807
4730
4747
2785
4759
2756
4272
4260
4727
4727
4139
3142
4261
4749
4737
4709
4263
4263
4700
3123
4725
3070
3070
3117
3145
4231
4742
4244
4116
1748
1737
4765
4821
4821
4770
4237
3000
2933
513
4242
4244
4765
4780
4704
3114
2598
4784
2749
2730
2941
3075
2905
4814
2831
2830
4188
4821
2910
2816
575
2949
2934
4839
4887
3108
4786
2946
4773
3108
2800
4808
4168
2844
4195
4794
4820
1738
4079
3993
2793
4850
4135
3149
4825
4825
2891
2820
3024
4832
4798
4965
3364
4047
4129
4130
4847
3321
4786
768
4836
3361
4008
4845
4124
4003
4138
4804
3067
4807
4167
2919
2853
2910
2913
4815
4202
4193
2289
4275
4129
4816
3105
2872
4861
2864
4868
4868
4293
4462
4315
4315
4870
4294
4683
4683
3157
2933
2933
4889
4895
3973
4259
4700
4700
2702
4891
2702
4259
2995
4993
4892
2777
2777
2957
4907
2696
4893
2977
2698
2776
2994
4891
4891
3317
4891
2777
2996
2777
4910
4910
3316
4889
4251
4252
4256
4718
4904
4893
4127
2563
2583
4915
4916
4917
3275
2691
2694
2694
3283
3283
4922
2676
4922
2685
2587
3844
3296
3844
4931
4978
4264
4753
2709
3047
2702
2702
3047
2708
3897
2953
4753
4753
4074
2987
3266
3897
2953
4020
4753
4264
4264
4934
4805
4263
4754
4018
4968
4940
2701
4890
4894
4105
4970
4089
2922
4090
4017
3046
3266
4009
4264
4263
3983
4021
3271
2786
3975
3051
3895
2952
2952
2952
2739
3995
4005
4005
4040
4888
2999
2468
2450
4022
4800
4955
4978
4089
4906
2716
4972
2947
3070
4264
4716
4264
1763
3300
1763
1763
1764
1764
2481
1763
2450
1413
1490
1778
4990
2402
789
2490
508
4127
3141
3141
3141
3886
2026
2054
2113
2024
4511
