98
1
1852
120
1852
2605
58
58
2605
4301
102
124
12
98
98
1334
42
123
98
98
17
137
42
1850
49
47
98
98
19
2394
47
4302
19
48
2394
47
1852
12
39
2656
90
47
32
98
98
98
24
18
89
1850
36
1850
17
1850
3463
1851
9
2399
1338
37
2605
2605
1852
3382
1846
63
95
12
12
1852
12
12
2392
45
18
18
40
41
49
49
45
90
49
49
19
90
39
19
19
46
90
37
862
39
1852
64
975
101
1852
2656
1850
33
2602
2605
1852
58
98
49
71
32
4300
113
2605
1852
1852
33
22
2605
2605
87
85
123
90
49
49
19
90
90
1850
44
30
12
2397
12
1852
1852
2637
2
41
58
22
8
23
2605
1852
2605
2605
133
12
12
12
37
17
17
17
45
45
45
45
45
45
43
45
45
45
18
44
44
44
41
40
45
43
44
45
45
45
45
44
43
43
45
45
45
45
43
44
25
45
44
45
45
45
45
45
1690
45
45
45
45
44
45
44
467
115
1701
182
2491
470
2413
1702
2207
1619
1678
2490
2416
4163
2546
470
2376
1701
2405
206
2228
919
919
4158
404
4993
1702
4152
85
2415
1546
52
496
1605
1570
849
1602
1679
2490
2486
1372
961
28
427
1603
428
1355
2489
187
1403
2407
2407
2507
2456
1343
28
1379
1603
427
1356
428
1355
2431
1540
248
876
31
571
571
27
51
1798
126
1822
1716
250
1713
1570
2221
430
1823
1843
1843
2208
674
632
632
2186
2956
4725
4725
4839
1565
2478
634
1816
258
430
2221
2187
2277
501
440
1843
1821
1823
2526
4990
4990
4990
649
3200
504
504
2222
1840
494
2221
416
252
1741
1729
1744
2316
2316
260
1725
253
612
2287
1732
283
290
2210
2203
1730
301
1735
1747
1743
441
595
621
620
469
620
2213
655
512
1731
1750
1734
294
510
588
316
592
2270
382
654
653
2196
589
323
2266
321
326
389
2296
328
2265
312
313
313
1775
331
1758
332
333
2271
1759
2323
1770
1765
338
2182
391
1787
660
345
1784
1785
340
353
375
2325
606
1792
2286
351
352
1794
352
4262
4697
1728
271
2316
1739
367
294
318
383
389
341
1759
1786
1760
1788
1801
2245
2191
320
303
305
593
319
368
2216
2214
321
324
325
314
1772
2230
1775
2267
334
334
509
432
2375
484
1368
2515
1364
4986
4280
1821
4267
1814
3110
4725
4722
4260
2308
1544
865
3035
4705
2985
2258
417
972
856
854
1836
1587
2533
746
633
431
1822
1567
1827
625
397
564
554
2489
2483
961
1407
400
400
2345
2273
2810
2955
587
614
664
503
4252
4252
69
2455
1440
2452
2453
961
1670
2455
427
943
563
4152
884
86
856
413
108
16
1650
65
1479
123
617
210
591
3352
4280
86
4983
4985
1390
2440
1569
1368
4992
3892
3892
4991
2541
3035
4707
2913
4696
2913
4739
445
613
616
1815
3147
505
3147
575
508
1738
1740
367
368
623
318
369
325
371
515
390
598
518
986
961
1372
529
961
1354
761
714
984
774
774
966
773
549
2514
454
1667
1666
2506
1667
1356
1553
1395
1397
1436
2484
1666
1666
1701
2383
425
470
425
86
1703
2416
2410
1436
1397
2518
2519
1554
2436
1382
281
1798
1568
629
1813
414
2956
4725
1619
3197
3037
3197
3197
2239
1573
581
581
1746
1748
299
509
511
623
595
2193
2226
306
1734
622
308
328
333
390
1777
394
2271
1776
1768
1789
350
1791
1791
2285
1793
602
518
605
3035
4741
3035
3147
616
3147
2258
439
2386
2385
302
591
317
293
318
1752
2350
1830
286
1538
240
4267
438
630
630
2198
416
634
207
2456
218
907
1554
541
1354
1355
1355
1339
2518
2517
1374
2517
986
549
2540
1804
3199
409
2272
2273
583
583
2291
2292
653
654
2294
656
2323
660
2325
4707
2911
4707
3199
3199
2240
83
883
200
2508
2501
1360
1398
838
1713
4172
258
677
415
836
1360
1360
1396
1005
997
1005
828
1505
1505
1005
1005
1005
1526
1505
1005
1510
1494
980
1495
1501
761
981
1495
980
1495
761
974
974
981
752
974
974
1479
752
761
1005
1005
1526
1472
1494
703
982
757
1470
757
714
1005
702
1005
1005
1510
761
1495
974
761
1494
997
1526
1005
761
761
1526
982
1472
1654
757
767
1005
767
828
1654
696
982
696
1494
279
470
2375
2522
2382
1344
2417
219
1372
2486
2511
2484
2486
2485
1372
1372
734
2504
2452
2517
786
1510
277
45
17
855
45
45
870
139
178
862
2540
4985
4293
44
45
45
17
83
856
54
3208
674
45
45
45
2393
45
17
17
45
120
1837
285
878
2188
574
477
4989
14
4295
103
975
4300
50
234
1527
194
53
1556
929
1578
1578
1623
890
2440
667
1400
2426
207
1439
1439
218
1603
1554
2179
1609
1360
1386
1386
400
1440
919
400
919
919
1682
400
1603
400
455
1361
1364
2514
2514
2405
2514
455
2363
2512
1364
545
2515
545
1359
1396
2505
2506
1439
922
455
2409
1608
496
645
1527
2439
935
1578
2365
943
455
455
454
457
454
681
2426
400
905
1554
1554
1603
1603
1603
1553
825
1470
1550
714
982
102
120
1495
1495
1003
1008
751
696
980
980
980
786
1495
1329
1086
1330
1053
1038
1330
1330
1330
1329
1330
1329
1005
1038
1330
1330
1330
1330
1330
1329
1330
1239
1229
1222
1229
1222
1312
1312
1232
1310
1222
1229
1192
1222
1312
1312
1229
1206
1215
1310
1312
1272
1038
1086
1263
1206
1176
1229
1229
1206
1036
1222
1229
1222
1222
1229
1194
1222
1229
1229
1222
1194
1191
1145
1191
1191
1085
1142
1222
1145
1222
1085
1086
1232
1222
1254
1206
1086
1038
1036
1191
1086
1222
1262
1206
1229
1222
1222
1272
1085
1222
1229
1206
1230
1229
1180
1217
1229
1217
1222
1222
1222
1085
1222
1206
1191
1330
1310
1192
1232
1229
1163
1222
1222
1222
1222
1272
1222
1222
1229
1330
1329
1312
1229
1222
1222
1222
1222
1222
1222
1222
1222
1222
1222
1222
1222
1222
1222
1222
1222
1222
1222
1222
1222
1222
1222
1222
1222
1222
1222
1222
1229
1222
1222
1222
1229
1222
1222
1222
1222
1222
1222
1222
1222
1222
1222
1222
1222
1222
1222
1222
1222
1222
1222
1222
1230
1222
1177
1222
1222
1222
1222
1177
1222
1222
1222
1222
1222
1222
1222
1222
1222
1222
1222
1177
1181
1176
1222
1229
1222
1229
1222
1229
1229
1222
1229
1229
1222
1222
1229
1145
1229
1229
1229
1229
1229
1229
1229
1229
1229
1229
1181
1181
1229
1229
1181
1181
1229
1229
1229
1229
1229
1229
1222
1222
1222
1181
1229
1222
1181
1181
1181
1229
1229
1229
1181
1181
1222
1229
1229
1229
1229
1229
1229
1229
1229
1229
1176
1229
1229
1229
1229
1217
1163
1229
1229
1229
1229
1229
1229
1229
1163
1229
1163
1229
1181
1229
1229
1229
1229
1181
1181
1229
1229
1229
1229
1229
1229
1229
1181
1229
1163
1229
1229
1181
1229
1229
1222
1222
1222
1255
1222
1222
1222
1234
1222
1222
1222
1222
1222
1222
1222
1222
1222
1225
1222
1222
1262
1222
1222
1222
1222
1222
1222
1222
1222
1222
1222
1222
1191
1229
1229
1229
1162
1217
1206
1217
1206
1229
1229
1217
1206
1249
1229
1229
1222
1222
1232
1232
1232
1263
1206
1206
1272
1312
1312
1312
1206
1191
1191
1191
1232
1229
12
12
2393
45
45
45
2520
1650
1356
811
237
986
1372
761
1354
961
1354
1354
730
1469
767
530
1666
530
773
2520
987
986
529
974
772
1469
959
959
1406
427
428
428
427
2310
1340
837
835
2370
428
1575
427
2518
811
2518
541
1477
1407
2456
1443
192
2520
2518
1667
768
1438
2507
2507
2510
1551
1418
2220
2262
2223
2200
475
275
1413
2220
1411
412
2523
2523
435
4988
2542
2352
4977
2235
2232
2235
1702
562
1430
1348
521
522
1460
2441
3932
3932
4160
1472
696
1472
1494
1494
1494
1494
788
696
1472
1472
828
1003
1510
1505
1005
1526
1008
1005
1510
1005
1510
1505
1510
1005
997
1005
1005
1005
1005
1005
1005
1005
1005
1005
1005
1330
1330
1330
1330
1330
1330
1330
1330
1330
1330
1038
1330
1329
1329
1301
1330
1038
1329
1329
1330
1329
891
51
884
20
234
559
1532
240
1541
4988
2410
2467
188
1421
2541
2542
1599
1602
234
2349
645
538
1382
1475
745
1347
1609
496
923
1554
1554
1603
1603
1445
557
849
1597
1539
1532
434
1415
1831
432
875
1709
2364
2545
1572
881
1838
2206
541
1365
1577
895
1578
889
525
2382
1352
1370
2485
1370
958
1372
2483
961
1372
1372
955
1355
1355
428
1575
2309
1616
2418
1626
211
184
184
1678
2412
2489
2429
2429
398
1589
1589
1591
1627
247
1346
647
930
935
1549
1548
1557
1547
1547
1621
220
935
638
938
2423
2423
921
2438
938
466
466
921
864
38
38
2180
978
702
709
825
761
1491
1495
1495
1654
786
1494
702
702
828
1495
895
2418
1658
1660
4974
4285
1576
265
2415
2491
4978
1401
195
543
208
679
231
1401
218
1393
2673
2557
4300
4855
2596
4855
3934
3902
4152
2825
2244
1706
572
246
2256
243
244
1809
1708
1837
1713
4265
1714
1707
1844
249
1712
263
4177
1718
1818
2261
422
2202
1742
1744
1745
2280
2279
2279
295
291
282
284
624
430
586
259
1730
500
2279
292
366
507
366
2318
300
580
499
579
266
503
267
2319
289
269
444
442
1751
1769
344
392
1774
1767
1773
516
598
1773
1763
1770
393
2285
1768
2298
337
1775
341
2323
336
372
2231
2181
336
339
2268
596
516
597
657
1789
1754
1783
660
1755
347
517
373
518
1760
1758
1762
600
1764
1756
1782
409
408
261
3035
2239
2238
2986
2956
2925
2925
2238
2197
1807
3035
262
411
411
2255
1809
2241
1719
4177
2955
4270
4836
4836
616
866
2981
1839
1839
880
1837
881
1841
626
2306
1832
4983
2358
1832
2538
222
2207
1825
2305
432
4286
243
285
2208
407
2356
4989
1836
1845
2650
1848
2605
90
1850
1852
1852
1846
2650
4697
2558
2596
1986
2325
1988
358
360
1989
1781
608
376
1857
1986
1865
1987
1993
1858
1860
1990
1990
1992
1987
1987
1994
2165
1958
1943
2030
2018
2020
2142
2142
2062
1958
2030
1958
1958
2010
2142
2142
2142
1935
1978
1976
1976
1958
2159
1943
2159
4999
4998
4994
2155
1943
1943
1943
2030
2062
2060
2165
2062
2020
2020
2142
2164
2020
1958
2142
2142
1937
2029
2160
2160
2062
2060
1976
2147
2025
2025
2012
1937
1976
1937
2142
1958
1976
2151
1900
4999
2148
1982
1943
1943
4999
2012
4998
4994
1902
2027
2027
1943
2155
2015
2155
1943
1943
1926
1958
1900
2062
2142
2142
2142
1958
1976
2142
2160
1939
1958
4999
2148
1943
1936
2155
2165
2165
2018
2142
2060
2142
1976
2011
2142
1976
1958
2142
1958
2142
1976
2031
1978
2014
2033
4998
2027
2033
1944
1984
519
1862
661
1994
2300
611
359
360
361
374
356
1988
376
610
1788
1983
1862
2008
1995
1870
2331
1874
1997
2000
1995
2007
1861
1862
2069
2067
2065
2066
2066
2093
2063
2038
2063
2038
2038
2067
2068
2116
2116
2038
2116
2104
2027
2115
2107
2111
2107
2093
2092
2064
2177
2064
2042
2037
2042
2042
2175
2173
2048
2175
2048
2102
2043
2101
2334
2101
2176
2101
2334
2101
2169
2097
2098
2097
1868
2002
2168
2168
2343
2098
2098
2077
2077
2072
2177
2177
1999
2077
2076
2076
2124
2078
2073
2072
2124
2124
2096
2343
2343
2170
1873
2004
2172
2042
2042
2045
2083
2044
2335
2335
2134
2054
2055
2055
2097
2057
2171
2170
2006
2000
1872
1997
1873
2170
1875
2332
1874
1867
1869
1869
2072
2116
2116
2122
2115
2119
2121
2083
2081
2045
2128
2128
2119
2085
2125
2132
2125
2117
2133
2043
2129
2129
2131
2091
2073
2075
2337
2339
2137
2134
2051
2088
2137
2059
2075
2055
2097
2098
2088
2056
2020
2062
2024
2071
2104
2025
2024
2024
2027
2104
2027
2107
2027
2027
1943
1943
2107
2079
2079
2079
2033
2063
2033
2063
2029
2029
2031
2029
2060
2071
2061
2071
1875
1987
1874
1872
1863
2001
2176
1871
2001
1990
1871
2407
453
917
4296
2671
315
2230
327
1571
1842
677
677
1796
2361
1741
2195
513
2194
509
619
510
384
384
618
273
2249
2362
475
2199
507
2189
377
2199
2356
254
272
260
2209
259
2202
1726
2212
2217
2190
2191
2192
2229
2194
1805
2366
2258
573
2183
270
2225
2211
1804
2184
2190
315
1412
2544
1828
1412
2351
1808
576
576
2219
2257
2240
1710
4697
4697
2248
1803
2957
2957
2986
468
377
2252
3035
3035
2327
410
2240
2244
1719
4177
1795
2249
907
907
2274
2263
1416
2495
676
306
323
317
322
386
2286
4725
1749
335
4725
4725
253
2482
225
2912
4741
4741
833
498
2912
3037
2317
2281
297
305
342
1755
4696
3035
2913
1533
4252
1554
1554
2282
652
2291
2291
654
655
2295
1780
1769
1754
2299
2377
496
1578
1578
194
1562
1559
1558
264
2419
459
1475
1399
417
2313
1715
396
584
2317
663
283
297
2283
601
2298
2268
387
1764
2322
4252
2925
1819
433
2328
355
1860
1856
355
1868
2099
2003
2170
2055
2171
1866
1868
2171
2057
1875
4252
2925
4252
462
4161
52
1821
476
4987
2541
2388
4267
413
462
2538
4993
2385
1817
108
21
882
858
2543
4988
1528
1627
4986
4986
881
464
891
3932
2811
2810
2364
255
2545
2801
98
98
18
17
45
17
44
45
45
17
45
17
862
862
2393
44
458
206
2546
470
471
2548
404
182
959
2486
1407
427
427
1535
245
2455
1407
428
1349
1430
206
2511
2511
485
470
1703
843
2375
2517
2520
2508
2452
890
1610
245
863
1527
461
2365
2533
1695
2415
1349
521
1359
2369
2368
1424
2349
1575
1379
2301
1352
1352
1371
526
2483
1679
187
1372
1355
187
1355
568
902
1606
2312
864
4981
2533
2482
2309
669
670
1696
181
2415
1529
1464
1695
1424
1828
2542
4274
4274
4118
4293
1843
4274
4304
4274
4985
2372
4982
3377
1600
3377
4975
4975
4975
4835
3020
3019
2645
2645
2586
1852
2585
2585
2585
2585
2648
2580
3818
2678
2645
2645
2645
2645
2550
2561
2645
2656
2645
2583
2564
2661
2636
2595
2569
2592
2583
2594
2619
2584
4853
2569
2594
3822
2619
2645
2585
2586
2656
2636
2593
2622
2645
2645
2645
2560
2587
2592
2636
2656
2583
4299
2583
4299
2551
2642
2654
2694
2699
2659
2606
2648
2648
1852
2645
2645
2645
2645
2645
2585
1852
2604
2594
2594
2591
2591
2591
2591
2565
4843
2591
4299
2583
4299
4299
2569
2569
2660
2565
2595
2569
2593
2660
2660
2564
2586
2585
2585
3462
2549
1852
2656
4299
2604
2552
2605
1852
2645
2645
2620
4298
2644
2645
2629
2648
2645
2585
2642
2604
2604
2648
2648
2588
3822
2609
2621
2595
2595
2660
2660
90
2591
2658
2604
2586
2586
2569
1852
2660
2564
3817
4840
2588
2629
2676
2622
2648
2585
2648
2585
2587
1852
2585
2645
4298
2591
2591
2591
2591
2591
2590
2591
2591
2591
2591
2591
2591
2591
2591
2591
2591
2591
2590
2565
2565
2569
2591
2591
2591
2591
2591
2591
2591
2591
2591
2591
2591
2591
2591
2591
2591
2591
2591
2591
2590
2565
2591
2591
2591
2591
2591
2591
2591
2591
2591
2591
2565
2591
2591
2591
2669
3358
4813
4888
3351
4687
2944
3842
2833
3438
2945
2944
3034
3094
4032
4862
3438
3445
3444
4032
4072
2779
4863
4799
3381
3381
4862
4658
3360
3434
4279
3087
4011
3924
4755
4762
4069
2574
4071
3435
3430
2991
4120
4630
4755
2779
4762
2779
2664
3435
4074
3435
3435
4048
3894
4281
2576
2793
3103
2699
2616
2797
2576
2579
4166
4709
4171
2769
2808
4726
4273
4292
4812
4676
3208
2808
4651
4657
3110
4766
3159
4912
3209
3209
2816
2802
4663
4651
3039
4640
4649
4259
4033
4273
4818
3900
4805
2829
3041
3042
3043
3043
4678
4671
2758
2961
2836
4637
4200
4185
4183
4184
3164
4186
2803
2819
3040
2983
4207
2816
2817
4680
4193
3119
4192
4204
2847
2871
4723
2869
3153
2868
3013
3152
2872
2862
2850
2851
2854
2840
4744
4667
2927
3124
2852
3125
2982
3187
2926
2873
2862
4718
4718
2860
2859
2936
2934
2875
4719
2876
2858
2877
2885
2886
2932
4213
2919
4776
4225
4751
4224
4737
2939
4223
2895
4236
4210
4239
4219
4248
2900
4242
4249
3137
3143
3138
3139
3139
4238
2898
3141
3199
3199
2911
2240
2845
2915
4195
2840
3049
2930
2917
3053
4226
4214
3056
2922
2922
4692
4260
4667
2851
2852
4717
2841
3048
2931
2860
2858
2855
2861
3052
2938
2885
4230
4222
2881
4232
2942
3894
4862
4862
3074
3205
3177
2824
3888
2821
3150
2954
3110
3110
4725
4725
2813
2662
2980
2960
3012
4713
3252
3820
2796
3898
4925
4070
3165
3165
3115
3891
3999
4915
3326
4908
3435
4755
3435
4081
4706
4706
2924
3120
2800
2815
4269
4260
3035
2589
4074
3435
4073
4067
3216
4762
2779
3435
3390
3438
3000
2568
3381
2556
2664
4093
3350
2669
2556
2577
3944
3997
3012
4683
2863
3181
2825
4280
2952
4274
4033
3862
2804
4860
3899
2825
2731
4805
3035
4740
2913
2911
4696
2960
3145
3040
4269
2807
3148
3148
3045
3210
4194
4196
2915
2931
2916
3050
3051
4642
3053
4685
3055
3055
4244
4105
3282
3435
3282
4108
4105
3273
3069
3111
3419
4018
4018
4038
4069
3880
3022
4038
4762
2971
2735
4862
4687
3381
2632
3923
4055
3880
4081
3427
3427
3103
2797
3150
3150
4640
3108
2980
4706
3111
3197
2910
2910
2910
3114
2833
4188
4189
4202
3118
2837
4644
3121
3122
2929
2849
4206
2853
4208
3126
3127
3128
3128
2937
4233
3132
3134
4775
4220
4243
4245
3138
3140
4773
4248
4248
2900
4237
4796
3145
4741
3148
3361
3149
4258
4259
4250
4258
2863
2864
2853
2865
3156
2757
4688
3891
4061
4250
3162
4703
3162
4711
3012
4175
3397
3397
3435
3434
3435
3435
3435
4763
4763
4866
3178
3111
2952
4639
4639
3199
2924
2924
4198
4744
4198
4745
4746
2871
4748
3190
2920
4750
4778
3045
3045
2911
3045
3200
3045
4697
2612
2755
4140
4866
3420
3420
4172
4175
2980
3161
3420
4866
4866
3493
3480
3503
3466
3979
3979
3480
3554
3555
3987
3979
3488
3487
3966
3264
3293
3959
3291
3959
3941
3293
3264
4108
4102
3951
3955
3273
3236
3943
4108
3991
3814
3479
3956
3293
3323
3951
3268
3938
3267
3938
3488
3941
3814
3966
3487
3323
3228
4097
3292
3493
3488
3493
4108
3242
3955
3956
4102
3467
3236
3488
3814
3069
3228
3951
3955
3264
3292
4879
2764
4018
2947
3403
4762
4762
4762
4755
4755
3282
3282
3839
2947
4067
3466
3981
4879
2591
2591
2617
2583
2564
2700
3345
2572
4843
4033
4293
2591
2591
2591
2591
2591
2669
4853
2577
2646
3208
2591
2591
2591
2591
2590
2591
2591
2591
2591
2569
4179
4276
4289
3373
2806
4646
4646
4638
2820
2954
2632
2676
2607
2606
2678
2648
4091
4092
4829
4085
2576
4712
4078
4083
3434
2742
4886
4041
3178
2767
4074
3403
3216
3403
2779
4081
4081
4081
3434
2755
2779
4071
3446
3425
3446
4081
3446
4081
4071
3419
3419
3419
3445
3412
3177
3444
2767
4084
3073
2755
3419
3420
3419
4630
3404
3216
2742
3444
3434
3434
3432
4885
3387
4884
4041
3434
4887
4087
3429
3444
4813
3429
3444
3445
3404
4074
4081
4081
4074
4074
3252
3322
3221
3231
3467
2642
2642
3959
3293
3228
3486
3486
3979
3979
3970
3966
3966
3969
3789
3788
3522
3536
3536
3503
3813
3503
3534
3554
3522
3537
3521
3536
3559
3554
3536
3538
3498
3538
3742
3743
3743
3657
3711
3743
3731
3749
3718
3692
3743
3704
3708
3748
3732
3731
3743
3705
3704
3705
3732
3731
3726
3785
3731
3743
3705
3743
3743
3743
3743
3708
3687
3743
3710
3743
3743
3659
3711
3743
3743
3743
3742
3657
3686
3571
3742
3629
3743
3676
3657
3743
3743
3743
3667
3611
3723
3724
3614
3676
3743
3708
3570
3570
3570
3718
3557
3676
3743
3748
3687
3743
3743
3743
3743
3608
3743
3743
3740
3755
3743
3710
3743
3743
3740
3704
3743
3743
3743
3743
3743
3743
3705
3676
3705
3534
3527
3669
3748
3743
3711
3743
3743
3657
3743
3755
3731
3731
3657
3710
3704
3538
3785
3711
3711
3743
3657
3743
3743
3743
3743
3743
3750
3743
3743
3750
3743
3743
3743
3743
3743
3743
3743
3743
3750
3657
3743
3743
3743
3743
3743
3743
3743
3743
3743
3743
3740
3743
3743
3743
3743
3743
3711
3711
3740
3743
3740
3740
3743
3743
3711
3710
3711
3711
3743
3743
3743
3711
3743
3743
3711
3743
3711
3743
3743
3711
3711
3711
3711
3711
3711
3743
3711
3711
3711
3710
3711
3711
3711
3711
3743
3743
3743
3743
3743
3743
3743
3743
3743
3743
3657
3711
3743
3711
3743
3710
3710
3740
3710
3711
3704
3711
3710
3710
3740
3704
3710
3711
3711
3711
3740
3710
3711
3711
3711
3711
3710
3710
3711
3711
3711
3711
3711
3711
3704
3711
3704
3704
3710
3704
3711
3710
3704
3711
3710
3740
3710
3711
3710
3710
3710
3704
3704
3704
3704
3704
3704
3704
3711
3704
3711
3704
3704
3704
3704
3704
3704
3740
3704
3704
3704
3710
3704
3704
3704
3704
3704
3704
3704
3704
3704
3704
3704
3704
3704
3704
3710
3704
3740
3704
3704
3704
3743
3743
3743
3743
3743
3743
3743
3743
3743
3743
3743
3743
3743
3743
3743
3743
3743
3743
3743
3743
3750
3743
3743
3743
3743
3743
3743
3743
3743
3743
3743
3611
3740
3711
3704
3710
3704
3708
3704
3704
3708
3711
3710
3704
3710
3696
3742
3743
3743
3743
3743
3743
3748
3748
3743
3742
3742
3742
3708
3731
3731
3723
3705
3708
3689
3571
3676
3743
3743
2585
2645
2585
2594
2569
2569
2569
4017
3010
3252
3945
3282
4108
3252
3231
4105
3459
3459
4018
3944
3468
3282
3322
3435
3435
4755
4755
3435
4074
4070
4763
4018
4067
4018
4071
3009
3170
3435
3435
3435
3010
4018
4017
3945
4762
4067
2779
4762
4801
2738
3896
4007
4808
4659
4690
4001
4005
4880
3098
4802
4687
4870
4063
4056
3324
2997
3438
3857
2765
4947
3854
2761
2761
4810
3263
3264
3966
3487
3977
3292
3486
3263
3956
3263
3263
3976
3969
3493
3494
3987
3479
3487
3979
3487
3987
3979
3479
3488
3987
3493
3493
3814
3991
3814
3814
3554
3555
3480
3503
3488
3813
3506
3534
3536
3503
3538
3538
3536
3813
3536
3568
3559
3813
3527
3785
3498
3568
3527
3559
3497
3498
2616
4066
2562
2562
3350
4093
4055
4058
4023
4282
4282
3922
3097
4687
4970
4824
3998
4885
4089
3432
4015
4105
3232
3434
3434
4081
4081
2993
2775
3087
2773
2771
2976
2975
4281
4031
2792
4671
3376
2799
4292
2799
2974
4070
4727
4765
4765
4064
3858
3168
4019
4038
4020
4069
4069
4755
4755
3430
3430
3401
4071
4076
4078
4090
3088
3095
3095
3922
4906
3326
2991
4022
4926
4054
3386
2662
4070
3102
3102
3393
4041
3433
3102
3433
4042
4757
3393
4938
4938
3393
4041
3433
4084
2966
3392
3392
4886
4084
2767
3392
3392
4829
2599
2672
4631
3942
4102
3951
3218
3322
3469
3221
3941
3951
3941
3951
3228
3218
3293
4013
4727
4980
4758
2776
4039
2770
3854
4862
3217
3422
4762
4762
3216
3404
3403
2779
2779
3462
2668
2650
2556
3001
4152
4855
2596
3902
3902
4702
4699
4167
4167
4164
4766
2793
3371
4263
4695
4035
4175
4171
4795
4168
4287
4175
4169
4178
2967
4767
4277
3895
4278
2818
4182
2839
4734
4728
4732
2817
2809
4679
2984
3042
2847
2846
4191
2802
2848
2819
2819
4185
3210
4197
4197
2846
4730
3036
3113
4714
4714
4716
4736
2837
4205
2815
2814
4203
2920
3132
2890
4221
4212
2894
4227
3131
3131
4224
2941
3134
4211
2939
4751
2884
2888
2889
2882
3054
4685
4222
4228
4229
4724
2880
4227
3130
4749
2899
2887
2921
2897
2892
4212
3135
4215
4215
4243
4216
4245
4218
4777
3135
4248
2897
4691
4697
3035
4694
3104
4706
4706
4706
4256
4682
4259
3035
4260
4706
4697
4165
4168
4780
4264
4691
3185
4266
2981
3361
2800
4277
4034
3373
4660
3376
3373
3372
4645
3999
4674
2822
3893
2952
3891
3157
4279
4742
3904
4276
4288
4288
2806
3374
4646
3105
2953
4806
3371
4174
2656
1852
4298
2637
1850
1852
1852
2645
2644
4697
2240
4119
2903
4237
4449
4782
4445
4447
2900
2908
4442
2903
4315
4316
4443
4323
4458
4457
4457
4309
4313
4314
4323
4784
4420
4401
4391
4365
4401
4329
4373
4420
4340
4401
4401
4428
4400
4368
4368
4368
4368
4430
4414
4343
4391
4415
4346
4432
4996
4348
4402
4384
4601
4386
4353
4352
4361
4335
4367
4361
4422
4618
4362
4333
4420
4373
4368
4380
4423
4428
4365
4374
4423
4401
4366
4336
4401
4390
4373
4413
4412
4996
4413
4344
4345
4343
4380
4384
4377
4384
4402
4387
4436
4346
4402
4398
4611
4414
4389
4383
4393
4436
4600
4352
4607
4397
4353
4601
4393
4420
4436
4335
4361
4426
4339
4377
4368
4377
4401
4428
4432
4411
4414
4414
4352
5002
4601
4352
4420
4370
4340
4408
4339
4336
4377
4400
4412
4368
4334
4371
4402
4407
4414
5002
4402
4346
4350
4432
4348
4601
4416
4352
2923
3142
4452
4442
4307
3144
4785
4721
4445
2906
2922
3144
3194
2923
4464
2909
4313
4321
4451
4456
4457
4458
4318
4454
4454
4463
4463
4321
4310
4469
4468
4468
4468
4469
4487
4487
4562
4606
4478
4616
4616
4476
4562
4602
4591
4557
4480
4560
4603
4602
4469
4469
4488
4487
4488
4488
4491
4562
4562
4494
4500
4495
4496
4538
4503
4539
4501
4502
4624
4503
4792
4504
4505
4510
4506
4508
4459
4786
4553
4459
4542
4509
4513
4509
4485
4485
4474
4493
4518
4518
4520
4521
4521
4523
4521
4557
4479
4557
4531
4531
4791
4550
4528
4531
4531
4461
4602
4565
4495
4538
4539
4579
4540
4790
4506
4584
4513
4529
4544
4527
4462
4455
4460
4623
4550
4619
4621
4459
4318
4318
4318
4555
4792
4558
4479
4558
4558
4560
4559
4566
4563
4565
4565
4571
4566
4559
4569
4570
4557
4537
4571
4567
4573
4575
4527
4576
4576
4538
4579
4540
4581
4586
4583
4540
4587
4585
4585
4584
4355
4589
4370
4435
4615
4373
4479
4592
4594
4600
4436
4600
4594
4600
4594
4416
4604
4603
4606
4437
4606
4607
4396
4396
4394
4468
4376
4438
4468
4376
4376
4618
4618
4316
4318
4316
4325
4315
4315
4500
4628
4556
4320
4627
3217
2646
2579
4642
4633
4668
2804
4291
3163
4636
4640
4650
4650
4655
4648
4642
4647
2838
4638
4638
2942
4643
4710
4650
4635
4657
2820
3107
3023
4660
4636
4181
4710
4291
4634
4653
2752
3183
4662
3164
2808
4679
2838
4665
3123
3014
4669
2866
4672
4678
4666
4681
4675
4257
3182
4645
4689
2818
2809
4186
4650
4290
4283
4645
2878
4861
4659
4688
2736
2736
4258
2924
4693
4673
2240
4263
2240
4697
3035
4256
4253
4700
4700
4702
4703
4697
3035
3035
4706
2924
2240
4695
4766
4176
4710
4711
3434
4164
2962
4924
4714
4772
2928
2864
2857
4719
2905
4700
3125
4724
4255
4725
4699
4912
4696
3146
3146
4728
3391
4740
4728
4740
4770
4771
2844
4192
4231
4219
4696
4696
3035
3035
4779
4077
4199
3186
3186
4745
3188
4747
4747
2935
4234
4751
2891
4065
3434
3434
3434
4086
4027
2968
4272
3394
4012
3102
4105
4014
4166
4795
4294
4281
4770
3116
2832
2831
3196
2844
4773
4209
2940
4775
4246
3140
4752
4260
4173
2791
2905
4450
4308
4316
4444
4786
4790
4787
4791
4529
4541
4529
4551
4541
4793
4794
4263
4260
4700
4139
4799
2795
4837
4802
3023
3094
4811
3003
4828
4810
4250
4250
2796
3201
3201
3023
4802
4802
3998
2824
3900
4660
4091
2997
3185
2981
4652
2823
2812
2585
2645
2582
2582
2591
2583
2591
2591
2591
2591
2591
2591
2591
2591
2590
2591
2590
2590
3384
4956
2759
4863
3094
3438
4013
2779
4762
4071
3435
4862
4090
3435
3435
4947
3445
4762
4067
4147
4878
4077
2764
3423
4018
2765
4013
3360
2767
3993
3004
3443
2731
4960
3330
2744
4947
2759
4090
3430
4911
3869
3928
3927
3452
4020
3402
3448
2992
3394
4927
4765
2795
4834
2731
2731
4886
3441
3443
4955
3384
3334
4687
4687
4274
4274
4180
4838
4293
4274
2731
4274
4274
2958
4271
4814
2770
4814
2805
3181
2805
3151
3019
3019
2514
2514
2408
2514
