13
14
25
25
126
108
124
2
138
65
62
130
14
104
104
89
125
161
14
46
46
156
177
1765
20
23
14
48
70
860
1324
54
860
19
1327
1326
41
25
2
104
1765
38
33
104
46
46
17
89
46
1765
46
1765
20
1765
15
65
73
177
865
24
138
126
108
104
41
14
124
14
14
13
13
14
19
74
20
20
127
127
26
156
22
1765
1765
95
49
75
95
49
75
19
51
127
14
13
15
897
13
2318
2318
1765
1765
126
13
108
126
104
38
49
55
1322
126
104
13
1322
25
1326
108
16
115
115
104
75
49
1765
1765
896
56
46
151
75
13
95
127
36
127
114
32
34
897
126
13
14
14
13
25
13
51
20
20
20
20
20
19
19
19
20
20
46
20
45
20
45
45
127
74
19
19
45
74
20
19
19
19
2319
2319
19
19
19
19
19
19
19
19
26
26
127
19
20
45
19
19
20
19
20
20
20
19
19
2318
19
45
20
945
2332
1543
2288
212
852
2369
832
626
624
955
955
916
916
856
2173
2291
2353
1546
1349
2139
2365
2295
949
899
1545
1504
1494
1496
1444
1460
2358
956
940
956
956
956
2288
1488
1495
1502
1496
956
1502
1487
518
518
518
955
955
955
956
906
956
912
956
494
956
956
956
2227
1372
1436
889
206
754
276
229
2450
1557
1729
1577
1444
2185
2302
1758
1473
2315
2315
2178
2194
2298
713
713
713
1574
1442
1490
1572
501
2185
716
2176
1740
2313
534
1542
2164
553
554
554
553
553
2152
2175
2346
1540
2185
2185
251
507
1595
2195
2156
250
2214
437
2176
1734
552
242
278
1590
262
261
261
2260
708
735
2210
441
698
326
2205
325
325
656
2117
651
290
650
558
2148
698
441
316
2220
511
451
439
335
663
327
303
340
352
2121
454
2204
350
301
452
1682
368
1682
352
684
4551
2237
1669
372
746
366
367
1617
1700
1699
378
1715
1909
1712
1910
385
1911
1779
1912
2275
1774
2208
1909
1787
1787
1911
2096
1720
1720
1720
643
764
558
474
451
2128
2105
603
609
1916
1916
1925
266
266
2151
697
660
296
1600
2147
2153
304
2205
302
2234
313
312
370
1658
361
1655
347
666
280
1374
479
1546
518
4989
1472
2311
713
1731
2362
1441
875
696
510
696
647
1568
1336
2288
1455
256
1482
1458
2182
2182
1447
1480
919
919
911
1502
1502
940
956
956
1496
696
696
2294
2294
483
297
692
239
692
763
1731
123
956
956
956
956
956
956
956
1459
1544
922
2350
2301
2351
192
488
1507
755
1438
820
875
820
874
1717
277
440
4995
527
4993
627
720
720
720
2352
1731
643
1720
1720
643
643
730
2176
553
692
1566
553
553
553
553
553
695
2112
264
1581
2136
652
2122
2116
2103
1675
464
354
377
679
1920
817
956
956
956
956
956
1336
627
627
957
1546
627
1347
1347
956
956
627
934
956
956
956
756
916
909
2334
193
1439
506
911
2342
2342
627
1492
903
2253
1754
1745
1472
2176
713
713
960
1720
1720
2187
1716
1720
638
646
749
2199
243
278
1599
2146
2122
329
293
651
2261
2219
699
298
742
346
1700
1690
1653
675
677
1713
1698
1929
381
381
687
682
1909
374
1929
1788
1774
730
510
1731
1566
1566
2157
2140
2300
2314
660
315
295
652
260
551
476
200
893
1731
265
265
2113
2178
1718
1729
956
956
956
956
1336
956
956
956
627
1347
1347
223
1335
2391
553
483
648
1588
4588
4590
2233
312
2236
603
2268
2272
554
554
1720
553
554
554
553
553
554
553
643
1507
518
720
1347
1347
1730
2193
1564
265
1336
909
1347
1347
1407
821
1410
1399
1388
783
1394
776
1398
1394
1385
1403
789
1385
967
808
789
1522
1386
1522
808
1522
963
958
809
963
820
958
963
963
1522
1409
1400
786
1532
808
963
963
963
958
963
963
789
1399
829
1383
789
1386
820
627
1411
772
771
627
1336
1394
1522
845
1522
963
1522
959
1403
832
789
958
808
963
1532
1532
2356
856
955
956
518
956
1347
955
627
1347
956
756
956
956
956
789
779
820
2356
20
123
20
26
123
177
149
156
20
20
20
20
754
862
876
4916
2315
20
20
19
2319
19
19
20
19
111
711
1749
2141
2110
244
2379
527
895
131
114
36
63
108
2339
1454
2310
941
644
865
2347
1349
1349
908
960
1494
960
223
956
1459
518
956
1459
956
1459
1496
1496
956
1496
518
956
1459
912
1459
956
956
1459
956
956
1459
1496
1349
1349
1347
1347
1347
720
724
627
1347
1347
1347
518
956
1459
518
2253
627
1495
960
960
1492
637
1492
921
723
1543
1349
1349
1349
946
1543
1349
1349
1349
518
1459
1459
1459
1459
1459
1459
1459
1502
956
956
956
956
956
963
808
1336
963
126
65
65
1386
1532
1532
1386
1386
1532
786
975
789
779
1386
1423
986
986
980
988
988
806
1424
994
987
1420
994
987
981
1415
1420
1405
1410
776
776
1410
769
1317
1176
1060
1059
1059
1319
1316
1010
1317
1049
1103
1112
988
1112
1001
1001
1001
1112
1176
1089
1177
1006
1002
980
980
1052
1178
1319
1103
1112
1060
1089
1089
1059
1176
1112
1131
1131
1280
1112
1282
1131
1089
1112
1112
1112
1280
1112
1112
1059
1282
1077
1054
1059
1112
1103
1280
1131
1062
1285
1315
1263
1103
1045
1319
1315
1315
993
988
988
1415
1315
1150
1010
1224
1282
1173
1131
1131
1006
1007
1131
1173
1060
1157
1103
1112
1131
1157
1173
1112
1425
1103
1103
1131
1131
1280
1131
1089
1157
994
1284
988
1319
1033
1131
1112
1112
1131
1131
1131
1052
1024
1059
1103
1112
1112
1319
988
1173
1103
1103
1103
1103
1103
1103
1103
1103
1103
1103
1103
1103
1103
1103
1103
1103
1103
1103
1103
1103
1103
1131
1131
1131
1131
1131
1131
1131
1131
1131
1131
1131
1131
1131
1131
1131
1173
1131
1131
1103
1131
1095
1103
1060
1103
1131
1103
1131
1131
1103
1131
1157
1131
1157
1131
1131
1131
1103
1103
1103
1103
1103
1103
1103
1103
1103
1103
1103
1103
1103
1103
1103
1103
1103
1103
1103
1131
1131
1131
1131
1157
1131
1131
1131
1131
1131
1157
1131
1112
1112
1131
1131
1131
1173
1112
1131
1131
1060
1131
1131
1112
1131
1112
1131
1131
1060
1131
1060
1131
1112
1131
1131
1060
1131
1060
1131
1131
1095
1131
1103
1131
1095
1103
1060
1131
1060
1131
1131
1131
1095
1131
1131
1103
1131
1131
1112
1060
1060
1112
1060
1112
1112
1060
1112
1112
1112
1112
1112
1112
1112
1112
1112
1112
1112
1112
1112
1112
1112
1112
1112
1112
1112
1112
1112
1112
1112
1112
1112
1112
1112
1112
1112
1112
1112
1112
1112
1112
1112
1112
1112
1112
1112
1112
1112
1112
1175
1230
1297
1220
1220
1173
1193
1230
1243
1231
1120
1122
1244
1254
1254
1244
1239
1243
1185
1251
1230
1243
1254
1131
1183
1248
1142
1150
1131
1254
1142
1280
1112
1112
1112
1112
1112
1112
1089
1089
1112
1089
1112
1112
1112
1089
1089
1319
1173
1176
1173
1166
1023
1074
1033
1176
1178
1319
1319
1052
1022
1001
1319
1319
1280
1319
988
1054
1028
1173
13
14
2319
2319
48
48
19
1341
1341
956
820
1341
961
627
956
956
956
956
956
1336
627
627
627
961
817
627
627
963
956
956
956
956
956
956
956
956
627
1347
1347
1347
956
956
956
627
1336
956
956
956
627
627
627
961
1347
955
955
956
536
256
200
542
208
1485
256
2360
1481
2361
1484
1501
629
1479
2331
478
936
934
934
909
518
479
913
1541
2383
1379
786
975
1386
1386
1386
849
967
786
975
789
789
1386
1386
1403
1388
1404
1404
1383
1403
1403
779
1403
1394
1403
1402
1410
804
1402
771
828
1409
804
1413
1409
1410
1406
805
843
994
769
1411
1405
776
776
805
776
1415
1422
1092
987
994
988
987
984
1430
1406
1420
988
2288
1513
755
2301
1439
906
1491
852
2363
1375
2342
852
2354
2296
2359
1454
1509
644
1493
2253
2253
1336
1336
956
1492
1495
1496
1496
1494
1494
1494
1500
721
219
1486
1371
2247
1357
1747
1744
1357
1355
1336
2359
942
1494
907
518
909
909
518
518
909
956
956
955
956
956
956
956
912
1502
956
1502
1477
2254
496
2364
2310
756
909
938
955
916
916
916
916
956
911
911
1498
1499
1533
903
1483
2305
1491
1491
1336
1492
1492
1492
1492
2340
942
1492
2246
2251
2340
1492
1543
223
539
939
637
1352
723
539
644
1505
906
218
900
1512
1522
1522
1522
965
1522
1522
789
808
845
965
1522
1522
789
808
808
942
1506
1483
1475
904
1475
712
904
904
2249
1497
1534
216
478
479
955
909
720
909
518
518
518
518
518
955
956
15
964
3981
897
1549
2338
185
210
1380
211
1557
1753
888
2180
502
888
1569
1536
1729
4184
1728
2271
2250
1737
1729
1759
1736
2200
1466
1443
717
1580
556
507
714
492
492
2144
554
692
692
1587
501
242
718
262
262
437
764
715
1580
513
1586
2285
2183
2189
236
2201
287
501
279
762
1734
260
1651
2263
1654
1616
1713
375
684
1651
680
1694
376
1652
473
676
2262
1655
747
368
1655
4406
1692
348
4473
470
1617
350
1682
2264
339
671
1618
2266
1778
1911
1705
380
1712
2222
1713
684
1705
1916
1929
384
1697
681
1711
2208
374
685
748
2132
1731
2164
1558
713
713
233
1755
640
1731
2298
643
1558
1739
1760
240
4992
2294
893
1566
1567
1564
1567
1578
1744
1744
868
1360
709
1446
850
202
2393
2374
1486
2249
1748
228
532
2110
726
869
255
3
104
61
79
1765
41
57
52
130
523
510
643
1380
1451
1985
1784
1923
2095
1787
2095
2096
1818
2096
1951
1957
1922
1924
1985
1959
1959
1961
1961
1958
2078
1954
2078
1818
1951
2086
1958
1959
1984
1836
1793
1897
1867
1867
1867
1867
1867
1867
1867
1867
1793
1793
1793
1793
1793
1849
1793
1897
1793
1793
1849
1793
1897
1897
1897
1897
1866
1849
1897
1897
1897
1897
1897
1867
1867
1867
1867
1829
1867
1867
1867
1867
1867
1867
1836
1793
1793
1793
1867
1793
1836
1793
1867
1836
1849
1849
1793
1793
1793
1793
1836
1849
1793
1793
1849
1849
1793
1793
1849
1849
1897
1897
1849
1897
1897
1897
1897
1897
1897
1849
1849
1849
1897
1897
1897
1897
1897
1849
1793
1793
1897
1867
1867
1867
1829
1849
1793
1867
1867
1793
1793
1793
1849
1897
1897
1897
1897
1897
1867
1867
1867
1867
1867
1867
1793
1793
1793
1793
1836
1867
1849
1793
1836
1897
1897
1897
1897
1897
1793
1897
1897
1897
1951
1926
1818
1925
1957
1923
2273
2095
1776
2096
2096
1925
1908
1917
1925
1951
1951
1931
1951
1808
1808
2078
2078
1955
1958
1804
1804
1813
1818
1813
2096
1867
1867
1793
1897
1793
1897
1897
1897
1897
1897
1867
1849
1886
1829
1897
1816
1849
1849
1849
1849
1849
1849
1876
1876
1876
1897
1897
1897
1897
1897
1897
1897
1897
1853
1816
1816
1881
4997
1881
1881
1881
1857
1816
4997
1881
1881
2076
2073
2029
2073
2073
1948
2073
2073
2029
2025
2025
2065
2065
1867
1867
1886
1876
1876
1876
1867
1886
1804
1886
1886
1841
1849
1886
1849
1841
1841
2066
2063
1833
1886
1886
1816
1816
1897
1816
1881
1881
1881
1881
1881
1881
2073
2072
2073
2029
2064
2064
1841
1876
1876
1886
1886
1833
2081
1934
1935
1938
2029
1955
1955
1942
1955
2078
1849
1849
1849
1849
1849
1849
1849
1816
1816
1816
1849
1816
1849
1849
1849
1849
1849
1881
1899
1899
1849
1849
1841
1849
1899
1899
1902
1881
1881
1902
1881
2072
2064
1841
2073
2073
2064
2064
2073
1798
1867
1829
1829
1867
1849
1849
1849
1849
1849
1849
1849
1849
1849
1849
1897
1849
1849
1849
1849
1816
1897
1897
1897
1897
1897
1897
1793
1793
1793
1867
1867
1867
1867
1867
1959
1935
1955
1955
1949
1934
1833
1901
1857
2078
1881
1818
1818
1813
1347
2526
2166
2107
351
352
269
695
2137
2138
263
335
2129
335
2153
2160
1470
2147
323
2138
2130
2163
2293
2137
2143
2124
2125
2303
1359
2134
2154
694
531
249
1584
293
439
2149
341
2151
710
286
1756
2178
1741
2152
2345
2156
2145
241
1757
2171
352
2108
630
2335
477
483
272
2158
890
643
2269
643
643
643
639
266
1731
272
647
641
1731
510
266
643
643
1727
1574
1576
2124
892
727
1568
1560
2363
2255
288
296
302
2207
1908
1731
1731
348
1731
2311
1559
2363
643
730
510
943
1725
643
1720
2189
491
549
1602
2221
1712
683
730
643
643
1461
1731
1593
1592
560
735
577
2236
2121
4406
379
2272
1454
1494
1493
1494
1492
1492
2368
2257
2254
2364
1492
1336
1492
2256
1471
289
556
2285
2285
692
243
2198
2262
1695
1684
414
2267
1914
1731
2271
1462
1787
1957
2078
1984
1984
1923
1955
1881
1861
2063
2063
2073
1841
2078
2073
2064
1934
2256
1731
1731
1378
1504
1508
2297
2388
2309
1369
2300
1758
530
947
481
2100
902
1554
2310
906
2372
893
245
2304
1575
2384
14
46
46
20
20
20
19
20
20
20
20
26
26
26
19
19
520
624
1540
1349
907
956
956
1496
1496
199
1459
956
950
909
222
1546
956
956
1374
1494
2341
518
518
644
1455
1505
757
951
767
766
1373
2287
937
909
915
909
518
1377
941
1494
1496
909
756
955
955
909
956
956
956
956
956
956
1502
940
1502
956
1502
2347
2347
942
941
2353
1550
1494
939
521
926
927
923
923
2371
2336
2248
712
3985
904
904
1497
1497
2213
1478
1478
1578
245
4994
4987
1553
4216
4216
61
61
108
61
35
2491
94
4977
41
4216
1761
4216
2532
2437
2509
4216
116
2410
2410
2540
1765
2414
2442
4216
2410
2426
2478
3289
3300
2415
3305
2554
2496
41
107
2501
116
4220
2475
1761
1761
2410
2502
3758
2498
2410
116
2410
4220
4220
141
4222
35
2447
2421
2497
3980
108
108
41
41
1766
2460
41
2455
41
41
2455
4924
2436
2410
2410
2417
2417
2436
2414
4220
4220
4220
2414
2414
4220
2498
2414
2439
95
2531
2434
107
2402
1767
61
2394
13
1765
1765
964
108
61
41
41
2489
2527
1761
108
41
41
108
66
107
108
2401
3322
2507
104
2414
2444
4220
2405
3299
2455
2434
4216
2414
41
2430
135
2456
2451
2423
2485
103
61
108
2455
2501
41
41
41
2410
2410
2410
2410
2411
2435
2440
2411
2411
2411
2410
2410
2410
2498
2435
2435
2410
2435
4918
2406
4927
2411
4918
2440
2440
2440
2440
2435
2435
2411
2418
2411
2411
2435
2411
2411
2440
2411
2436
2436
2435
2411
2435
2411
2410
2411
2410
2410
2410
2410
2440
2440
2405
2411
2411
2435
4900
2588
2588
2991
4887
3810
3918
4971
3213
3783
3380
3380
3380
4944
3918
2599
2589
3808
3786
3131
4715
2601
4886
2587
3876
3811
4716
4952
4829
4829
3883
3899
4739
3380
3380
3380
3380
4829
3380
2617
4829
4829
4829
4829
3366
3366
2896
2618
3784
3913
3380
3380
3380
3949
4829
4829
4829
3959
2900
3380
2900
3380
3919
3806
2631
3012
2608
2928
4703
2627
4002
4182
3793
4171
3992
2941
4708
4734
2662
4652
2654
2311
1732
4187
1732
4006
2904
4000
4000
3011
2662
2655
2887
4196
4196
2658
4907
3759
690
690
690
690
554
3796
3917
4960
2626
4720
4729
4758
4224
2951
4728
4651
4669
4172
4765
517
3100
3129
4700
4010
2675
2676
4686
2650
4767
3186
3016
2682
2684
4029
4706
4659
4689
2679
4035
4009
4686
4743
2664
4654
2677
4016
2683
2669
4047
4773
4012
4035
4774
2684
4706
2961
2963
4159
4026
4052
4028
2685
2685
4664
4664
4664
4660
4118
2821
4026
2722
3060
4784
4098
4097
4663
4663
2858
4117
2793
4096
2859
4643
4643
4118
4643
4694
4644
2770
2772
2772
4710
4710
4710
4710
4643
4643
554
554
643
517
643
2888
2952
4039
2959
2959
4031
2821
2857
2857
2971
4644
2885
2943
1732
4012
2676
2669
2678
3010
4030
4689
4689
4028
3018
3014
4032
4663
2963
3033
4697
2689
2689
2958
3809
2618
2618
2618
4196
3909
4187
1732
1732
1732
1731
2899
3952
1731
1732
1732
2635
3992
3331
2934
3893
4787
4954
2900
3001
3799
2591
3919
3919
3919
3380
3380
3380
4829
4829
4829
4188
4185
2390
4187
4187
2390
2630
2630
690
2312
1731
1731
4829
3380
3380
3380
3379
3379
4829
4829
4829
4829
3786
2599
3367
3371
3371
2586
2994
3328
3948
2923
3877
2995
3778
3301
3373
2995
3316
4705
4689
3814
2995
894
2988
2618
2919
4895
4911
1731
517
2187
517
517
643
485
484
3184
3184
690
690
553
690
2910
4180
2893
2952
4030
4030
2959
2959
4032
4032
2821
2857
2857
2971
4644
3957
3791
3380
2900
2980
2980
3386
2895
3766
3213
3131
2895
3784
3784
3784
2900
2900
3784
3359
3380
3380
3380
3380
4948
2990
2587
2587
2906
2906
2612
2612
3784
4827
3916
3896
2665
3120
4196
4913
4913
1732
1732
1732
2187
2187
554
2187
2187
4209
4717
3100
3179
3990
3129
4700
4675
4033
2959
4047
4009
4687
2649
2901
4047
3018
4087
2857
2857
4094
4098
4098
4119
4119
2971
2969
4103
2795
4098
4119
2859
2771
4656
4122
2312
485
484
643
1566
4916
4702
4212
4212
4901
3320
4705
4705
4027
4014
2637
2590
3923
3926
4987
4912
2882
2884
4661
3000
4862
3339
3380
3380
3339
3896
3380
3380
3380
2988
2988
3784
3780
3957
3896
4679
2187
2943
4893
2390
4191
2648
4053
4047
3014
4045
3042
2797
2850
554
690
554
554
517
690
517
3184
643
3369
2919
3784
3784
4735
4005
4862
4897
3776
2618
3784
3784
3193
3850
3521
3969
3839
3838
3852
3250
3265
3265
3843
3243
3247
3397
3394
3203
3827
3969
3229
3247
3229
3207
3232
3967
3967
3207
3955
3766
3213
3957
3383
3849
3200
3521
3817
3229
3207
3272
3207
3232
3260
3232
3243
3827
3850
3193
3837
3969
3390
3213
3207
3193
3833
3852
2980
3383
3236
3817
3390
3207
3955
3967
3959
3418
3213
3827
3967
3967
3961
3838
1489
3276
3339
3339
3380
3784
3380
3784
3791
3791
3791
3280
3339
2919
3955
3225
3955
3809
2440
2410
2516
2410
4918
2525
2408
2540
4200
2411
2410
2410
2410
2410
2929
3286
2932
4916
1566
2410
2440
2411
2435
2440
2410
2410
2440
2386
4199
4696
4696
4892
4981
2930
3323
3323
2484
3324
4215
3
4953
4950
3333
3893
3894
3970
3940
3786
3933
3363
2999
3936
3780
3332
3379
3339
2919
2919
3379
3379
4829
4829
4829
4827
2618
4829
4829
3379
4829
3379
3379
4829
4829
4829
4829
4829
4829
3781
3781
2618
2618
2618
3131
3189
3781
2618
2618
2618
2618
3131
2919
3896
3896
3781
3937
3937
3783
3363
3934
2999
3937
3346
3786
3786
3786
3786
4934
3349
3786
2618
3781
3786
2919
4829
4829
4829
4829
4829
4829
4829
4829
4829
4827
4829
4827
4829
3232
3232
4827
3240
3272
2488
8
3229
3229
3229
3818
3833
3397
3817
3265
3265
3203
3203
3869
3439
3439
3427
3505
3872
3407
3403
3404
3505
3416
3754
3417
3481
3755
3865
3861
3415
3872
3411
3415
3413
3552
3500
3543
3525
3493
3500
3512
3653
3422
3720
3500
3543
3493
3543
3693
3513
3525
3500
3493
3720
3456
3651
3465
3489
3728
3573
3443
3543
3543
3543
3543
3443
3502
3503
3543
3543
3543
3543
3493
3443
3543
3543
3543
3493
3500
3493
3532
3543
3546
3546
3720
3550
3525
3543
3543
3546
3543
3486
3514
3512
3448
3594
3433
3559
3470
3470
3452
3462
3720
3743
3746
3543
3687
3422
3543
3543
3543
3543
3500
3603
3543
3543
3543
3720
3543
3543
3543
3493
3543
3493
3543
3543
3543
3543
3546
3543
3493
3443
3443
3505
3512
3489
3443
3628
3543
3543
3500
3543
3543
3543
3458
3687
3456
3543
3543
3872
3443
3543
3543
3543
3543
3543
3543
3543
3543
3543
3543
3543
3543
3543
3543
3543
3543
3543
3543
3543
3543
3543
3543
3543
3543
3543
3543
3543
3543
3543
3543
3543
3543
3543
3543
3543
3543
3543
3543
3543
3543
3543
3543
3543
3543
3543
3543
3543
3543
3543
3543
3543
3543
3543
3543
3543
3543
3543
3543
3543
3543
3543
3543
3543
3543
3543
3543
3543
3543
3543
3543
3543
3543
3543
3543
3543
3543
3543
3543
3543
3543
3543
3543
3543
3543
3543
3543
3543
3543
3543
3543
3543
3543
3493
3543
3543
3543
3543
3543
3543
3543
3543
3543
3543
3543
3543
3543
3543
3543
3543
3543
3543
3543
3543
3543
3543
3543
3543
3543
3543
3543
3543
3543
3543
3543
3543
3543
3543
3543
3543
3543
3543
3543
3543
3543
3543
3543
3543
3543
3543
3543
3543
3543
3543
3543
3543
3543
3543
3543
3543
3543
3543
3543
3532
3543
3543
3532
3543
3543
3543
3543
3543
3543
3543
3543
3543
3543
3543
3543
3543
3543
3543
3543
3543
3543
3543
3543
3543
3543
3543
3543
3543
3543
3543
3543
3543
3543
3532
3532
3532
3543
3592
3589
3633
3500
3618
3643
3589
3618
3643
3589
3579
3589
3637
3637
3589
3592
3637
3592
3592
3637
3589
3592
3592
3637
3589
3579
3592
3592
3592
3592
3637
3589
3546
3543
3543
3493
3543
3532
3500
3500
3532
3530
3543
3543
3543
3500
3500
3456
3543
3572
3543
3500
3553
3648
3690
3500
3500
3443
3443
3422
3512
3512
3443
3443
3443
3720
3502
3486
3559
3500
41
41
2482
2435
2414
2412
2412
2440
2895
3213
2900
3778
3778
3239
2980
3380
2900
2900
2900
2900
3386
3766
3766
2895
3776
3236
3766
3240
3380
3380
3380
3380
3380
3380
3380
3380
3778
2988
3784
3784
3784
3380
4829
2900
2979
3384
3380
3380
3380
3380
3766
3784
3778
3784
3380
3339
3380
2900
3802
2899
2594
2879
3274
3902
1535
3924
4825
4940
4908
2896
3925
4968
4973
2878
3340
3784
3340
3339
3181
2989
3977
3812
3813
3817
3838
3827
3203
3818
3818
3194
3817
3817
3817
3265
3203
3203
3243
3839
3265
3843
3833
3839
3836
3249
3838
3836
3850
3193
3416
3200
3250
3227
3243
3416
3840
3227
3250
3407
3873
3860
3411
3227
3853
3403
3868
3872
3867
3872
3424
3477
3507
3508
3505
3489
3505
3481
3754
3481
3489
3872
2608
3336
3367
2924
2923
2606
525
4906
3918
2998
3279
4962
4961
3810
3331
3931
4949
3947
3934
3896
3896
3776
3776
4827
4827
3937
4829
4829
4829
3940
3937
3943
3899
3899
4962
2610
3881
3794
4680
2874
3797
3773
3921
4820
2950
2950
4822
3784
3339
3339
3380
3380
3380
3380
3380
3380
4829
4829
4829
4829
4829
3943
4829
3935
4959
4966
4957
3276
4944
3380
4944
3380
3380
3380
3380
3380
3366
3366
3939
3920
4965
4969
3922
4906
3327
3896
4827
3933
3933
3913
4739
3941
2950
3933
2611
3935
3933
3933
3786
3783
3190
3894
3786
3189
3190
3136
3946
4950
2624
3953
3969
3969
3390
3248
3247
3247
3969
3820
3817
3390
3247
3209
3209
3247
3390
2999
4820
3975
3971
3971
3971
4983
4979
3974
1538
3938
3914
3930
2607
2607
4955
3784
3784
3784
3784
3339
2919
2919
2919
3380
3339
96
1548
2454
1548
3984
3985
2995
2367
3985
3986
3994
3313
3907
4831
2600
3907
4002
4741
4005
4005
4001
4195
2621
4182
4007
4206
4192
4823
3904
3126
3124
4723
4785
4765
2888
4677
3127
4648
3098
3100
3098
2636
2935
4721
4738
4685
2643
4885
4771
3139
3007
4191
2187
517
2187
2187
4830
4733
2668
4720
4700
3100
2638
3130
4150
2793
4098
4119
4118
4118
4118
3060
2857
2857
2857
2793
2793
4098
4097
4663
2793
4663
2911
3042
2686
2685
4032
2963
4663
4660
3033
4098
4025
2822
4746
3021
4643
4118
4117
4103
2795
2795
4119
4118
4117
4656
2971
2971
4096
4098
2795
4122
4097
4119
4103
4901
4893
1731
2312
510
3314
4187
4187
3314
4708
4671
4212
1731
4187
2943
643
643
4193
4214
4832
4992
3320
2390
2390
4722
3184
893
3972
4199
4888
4203
3121
3925
4824
4713
2659
4974
2646
2905
2903
3012
2597
2633
4980
4192
2645
9
2527
4219
95
1765
3982
11
104
1549
510
643
2926
2249
2755
2850
2850
2755
4710
4710
4710
2755
4711
2755
2755
2755
2755
4695
2755
2755
2755
2755
2755
2755
2751
2751
2751
4695
2755
2755
2755
2755
2721
2721
2751
2721
2721
2721
2721
2721
2721
2721
2721
2721
2721
2721
2721
2721
2721
2721
2721
2721
2721
2721
2721
2721
2721
2751
2751
2721
4695
2721
4695
2751
4695
2751
4695
4695
2721
2721
2721
2721
2721
2721
2721
2721
2721
2721
2721
2721
2721
2721
2721
2721
2721
2721
2721
2721
2721
2721
2721
2721
2721
2721
2721
2721
2721
2721
2721
4695
4695
2721
2721
2721
2721
2751
4695
4695
4695
2751
4695
2751
4695
4695
4695
4695
4695
4695
4695
4695
4695
2751
4695
4695
2721
2721
2751
2721
2721
2721
2721
2721
2721
2721
2721
2721
2721
2721
2721
4695
2721
2751
4695
4695
4695
2751
2721
2721
2721
2721
2721
2721
2721
2721
2721
2721
2721
2721
2721
2721
2721
2721
2721
4695
2721
2751
2721
2721
2751
2751
2751
4656
4656
2752
4644
2755
2755
2850
4710
4710
4711
4710
4644
4710
2755
4656
2751
4694
4695
4695
2751
4695
2751
2755
2755
2755
4695
2751
2751
2751
2751
4711
2721
2721
2721
2721
2751
2751
2751
2751
2751
2751
2721
2721
4695
2721
2751
4695
4695
4695
4695
4695
4695
2721
2751
2721
2751
2751
2751
2751
2751
2751
2751
2751
2751
2751
2751
4695
2751
4695
4695
4695
2751
2751
2751
4695
2751
4695
4695
4695
4695
4695
4695
4695
4695
4695
4695
4695
4695
2721
4695
2721
4695
2751
2751
4695
4695
2721
4695
4695
4695
4695
4695
4695
4695
4695
4695
4695
4695
4695
4695
4695
4695
4695
2751
4695
4695
4695
4695
4695
4695
4695
4695
4695
4695
4695
4695
4695
2751
4695
4695
4695
4695
4695
4695
4695
4695
4692
2755
4695
2755
4695
2751
4695
4695
4695
4695
4695
4695
4695
4695
4695
4695
4695
4695
4695
4695
4695
4695
4695
4695
4695
4695
4695
4695
4695
4695
4695
4695
4695
4695
4695
4695
4695
4695
4695
4695
4695
4695
2721
2721
2721
2721
2721
2721
4695
4695
4695
4695
4695
2721
4695
4695
4695
4695
4695
4695
4695
4695
2751
2751
2751
2751
4695
2721
2721
2721
2721
2721
2721
2721
2721
2721
4695
4695
2755
2755
2755
4695
4695
2751
2751
2751
4695
2751
2751
2751
2623
4035
2962
2962
2963
2963
4889
3003
4169
4898
2907
3125
4034
4035
4033
4649
2958
4194
4030
2959
4194
3801
3002
2634
4718
2834
3187
4672
4201
4647
3908
4651
4651
4678
4670
4010
4676
2670
4012
2961
2961
4653
3120
4654
4211
4701
4662
4197
3887
4670
3127
2640
3119
2597
2963
2962
2876
2875
3283
4901
4893
4210
4709
1720
4207
3997
643
643
643
643
4208
1732
1732
3315
3318
3319
643
510
2312
4187
4187
554
643
4207
4006
4681
4212
4672
3891
4002
4965
4181
2902
2683
4029
2688
4122
1732
2669
2688
1732
1732
1732
3994
3920
643
643
1720
1720
3916
517
1720
2187
517
2891
3179
4174
4098
4098
4097
1720
643
643
3928
1732
3936
2954
2647
4743
3014
3016
3016
4148
3060
2850
3947
3937
4827
4829
3936
3933
4826
3331
4823
3920
3773
3895
3913
3995
3997
2645
3177
2191
2187
3098
2817
4720
2902
4098
4150
2689
3071
2795
2770
1732
3901
4710
2755
2755
2755
4695
4710
2755
2755
4695
2751
4695
4695
4695
4695
2751
4695
4695
2755
4001
2312
2312
2312
2598
3336
3888
4915
4910
2658
3320
4213
3948
2921
4945
2890
3364
2944
3946
4972
2390
4187
3137
4917
1752
4216
2498
2498
2410
2414
2410
2405
2440
2411
2410
2411
2435
2436
2436
2436
2435
2435
2922
3358
3811
3807
3359
4829
4829
3380
4829
4829
4952
4829
4829
4829
2618
2618
3359
2618
3380
3380
4956
4960
3380
3339
2999
3335
3345
3351
3351
3189
4970
2989
2945
3181
3784
3339
3361
4829
4829
3892
3784
2920
3339
3380
3380
3380
3380
3380
4829
4829
4829
4829
4829
4829
4829
3943
3365
3935
3361
4955
2366
3940
3940
4971
3349
4943
3351
4971
2607
2993
1356
2380
2613
3971
2613
1539
3938
1539
2386
1539
4985
2382
2390
894
4986
518
518
518
