395
395
4569
395
395
4569
4569
318
318
318
46
190
190
190
395
395
4589
4589
4589
4589
4589
395
395
395
395
395
395
395
4569
395
395
4569
4569
395
395
395
395
4569
4569
4569
395
395
395
318
397
373
3
397
397
318
318
395
395
395
395
4589
4589
4589
4589
4589
395
4589
4569
4589
4589
395
4589
4589
4589
4569
395
395
395
4569
395
395
4569
4569
4569
4589
4589
4589
4589
4569
395
4569
395
395
395
395
4569
4569
395
395
395
55
395
395
4589
395
395
395
4569
395
395
395
395
395
395
395
395
4569
395
395
4589
4569
395
395
395
395
395
395
318
184
190
190
190
496
787
178
190
399
399
399
395
395
395
395
395
395
318
4569
395
395
395
395
395
395
395
4569
395
4569
4589
4569
395
395
4569
395
4589
4589
4589
395
395
395
395
395
395
4569
395
395
395
395
395
4569
395
318
318
397
399
399
399
373
399
399
180
710
178
653
178
178
353
180
190
184
318
190
318
318
399
184
399
395
395
395
395
4569
4589
4589
318
397
395
318
318
318
318
395
395
395
395
318
4569
318
395
318
318
318
373
373
4589
395
318
399
190
190
190
624
46
395
395
4569
318
318
395
4589
395
4569
4569
4569
318
47
318
395
395
395
395
395
395
395
4589
395
318
4589
258
46
399
184
399
385
4569
395
395
4569
399
4589
4589
395
397
397
397
3
397
3
395
395
397
395
190
4569
395
395
4569
4569
4569
395
4589
4589
4589
4569
4589
4569
395
4589
318
373
4569
397
47
290
4589
318
399
4589
4569
395
397
397
184
4589
4589
4589
4569
4569
184
4589
4589
397
190
4589
4589
4589
3
373
4589
4589
373
397
318
395
184
190
180
177
850
1530
434
1674
2228
3217
3415
4148
335
3653
4094
336
3757
3605
3042
4330
1266
4225
4225
3867
4225
4246
4222
4589
4589
395
4569
395
399
184
190
190
190
710
178
176
178
180
180
4569
4569
397
397
4569
4569
399
4589
4589
4589
4589
4569
395
397
190
385
395
4569
190
4589
4589
3
399
4589
397
399
399
4569
4589
4589
395
4589
190
4589
4589
4569
373
4589
4589
4589
395
395
395
4569
4569
4569
190
180
399
399
653
1057
653
180
373
373
399
399
190
385
373
373
399
399
190
399
190
399
178
1509
1493
1509
1398
1479
2237
2478
3819
2535
3819
3715
3750
3531
1584
2885
2885
2552
1585
1585
1917
1860
1824
1620
1607
1622
2530
2530
3439
3627
3437
3117
3117
4983
399
190
399
399
399
710
399
624
180
190
190
180
710
180
499
749
190
190
624
353
177
180
180
180
180
710
624
710
190
353
849
850
952
433
190
1371
1371
1241
1371
1058
1241
1371
771
1371
1371
1227
920
923
923
563
1202
1375
942
1526
1497
1487
1256
1460
1469
1529
1773
1537
1535
1819
1742
1773
877
1371
1371
1328
1241
1241
1241
1241
1241
1328
1328
190
710
1371
1371
951
1390
1390
1371
1371
1371
936
1371
978
855
1058
1374
943
1061
923
1417
1417
1526
180
710
653
1865
4862
1193
1371
1226
1371
877
1371
1241
710
1241
1371
1390
920
1371
1374
1058
180
178
499
850
1241
1328
1241
1241
1371
1371
1328
1328
1241
1371
180
1371
920
568
568
978
1241
1241
1328
1328
1328
1328
1328
1328
1328
1215
1241
1328
1390
1241
1241
710
710
809
920
710
178
178
4864
1539
1539
1241
653
499
850
4864
568
1227
4864
1241
1328
653
653
936
1241
1328
1328
1328
1241
1241
1241
1328
1241
1241
1241
653
1509
1509
1509
1706
1706
1509
1241
1241
978
178
710
710
1494
1241
1328
653
571
1241
1241
1372
1241
1241
653
1328
1328
1241
936
1328
653
1328
1328
1494
929
929
1454
928
1049
565
1057
1499
1887
1499
710
1241
1328
1328
1328
1390
936
1509
653
1328
936
923
653
1371
710
1499
1049
923
1328
1390
1157
1494
653
433
565
936
1157
1157
1390
1390
1371
1494
1049
1328
710
923
923
936
653
816
1708
2357
2362
2431
1956
1057
1686
2031
2367
2438
1494
1057
978
1157
1057
1057
1599
2187
563
923
1328
1328
1370
1328
1390
1049
1235
565
1328
1494
932
1417
1157
1390
1686
1955
4864
1539
1530
434
1049
565
928
1210
1603
4865
1530
2073
1724
2574
3048
3048
2546
3047
2958
2807
2825
2807
2897
2315
3049
3081
3136
2788
2788
3033
2585
3137
2138
2891
3137
1157
1328
1049
929
1417
565
1417
1417
1297
1328
1157
1417
1819
1536
1472
905
1757
1742
1310
1454
1312
977
1475
928
1782
1475
968
1900
971
971
975
1324
1285
1712
1823
1577
1684
1684
1323
1323
2050
2181
2371
1123
2501
2501
1750
1562
1819
968
1562
1477
1720
1638
1286
1071
1557
1286
1159
1344
1819
1559
1536
1088
1562
1472
1472
1472
1210
1640
1773
1737
898
1742
958
1562
2236
964
1757
1603
1910
1910
1819
1472
1557
1312
1417
1417
1417
653
653
1099
1341
973
1452
1761
1162
973
1099
1285
1322
1712
1577
1323
1780
1323
1684
1323
1684
1106
1702
1322
1322
1392
1285
1536
960
1304
1417
1157
1686
1475
1452
1900
972
1684
1684
1684
1684
1900
1900
1900
1539
1727
1371
1227
1536
992
1535
1329
1297
1437
1215
1157
1390
1390
1328
1390
816
1761
1284
847
1924
1890
2359
1057
929
1640
1640
1230
1230
1310
952
1494
1157
1157
1157
1523
1494
1727
1452
1819
1159
1536
928
4862
4862
1686
1390
1819
1787
909
1742
1536
1918
900
1469
942
942
942
1390
977
1457
1343
1640
900
942
1132
563
1390
1390
1157
1157
1390
1523
1157
1452
1157
1227
1494
1159
1451
975
1284
1279
1421
1390
1761
1285
1761
1761
1231
1452
1727
1157
1761
1329
1298
1390
1910
1702
1702
1125
1392
1305
1305
1345
1306
2285
451
2332
2332
2499
451
451
451
451
2268
1656
1656
1656
1982
1982
1589
1982
1982
2821
1990
1989
1989
1982
1982
1982
1982
1982
1982
451
451
451
451
451
451
1702
1345
1305
1390
1773
1230
1230
4862
1279
964
1761
1345
1494
1157
1523
1157
1494
1104
1103
1476
2279
1323
1523
1158
1451
1503
1417
1099
1823
1780
971
971
1773
1742
1567
899
1720
1773
1322
1761
1761
1452
1104
1104
816
1797
1305
1476
1500
1643
1104
1104
1099
1773
1497
1358
1761
1761
1285
1761
1761
1887
1345
1190
1564
1824
457
1736
1824
1189
1508
1509
1104
1508
1508
1736
1285
929
1104
1285
1680
1310
1285
1452
1797
1392
1577
1105
1536
1536
1494
1159
1451
929
1451
1670
1417
1099
1505
1375
942
1375
1727
968
1659
1712
1507
1797
929
1470
1196
900
1345
1702
1231
1659
1159
1305
1761
1285
1508
1404
929
1451
1593
1322
1680
1375
1686
1536
1494
1189
1497
1345
1104
1686
1727
1797
1815
1780
1797
1507
1530
1479
2478
3529
3865
4298
4296
3933
4297
4297
4297
4297
4453
4297
4323
1505
942
1375
1736
1640
1640
1305
1375
1417
1659
1712
1702
1705
1900
1900
968
1956
1564
1719
1237
1539
1539
1530
1744
2073
2988
966
1256
1761
1824
1536
434
1530
1745
1478
908
1736
1824
1655
1655
451
451
1761
1815
1104
1104
1451
1712
1823
1684
1684
1323
1451
1348
1345
1322
2285
2285
1736
1606
1500
929
1712
1322
1712
1712
1684
1103
1104
1375
1503
1451
1322
1322
1322
1322
1736
1736
1666
1666
2158
2158
457
2450
1655
451
1655
1564
1890
1720
1577
1577
1451
1451
563
1451
1503
1451
1719
1526
1719
942
1719
1451
1451
1670
1593
1670
1208
909
1417
1824
1305
1527
1493
1539
1379
1578
1777
1425
1546
1687
1451
1530
1504
1497
1505
1577
972
972
1684
1645
1398
1398
1975
1400
2434
2460
2061
2061
2431
1379
1379
1408
439
3431
3720
441
1451
1567
1996
1345
1717
1712
1398
1675
1957
1870
1511
1503
563
1503
1235
1478
1478
1505
1135
1824
1824
1773
1500
1526
1379
1696
2421
2530
1487
1702
1536
1765
1675
1645
972
972
972
972
1684
972
1684
1684
972
1348
1468
2056
1996
1761
1761
1761
1761
1824
1536
1536
1527
1706
1398
972
1712
1684
1486
1426
1530
1996
1761
1379
1389
1824
1955
2335
1708
1706
1706
1708
1706
968
1912
1773
1470
1500
457
1708
1707
1915
1511
1470
1680
1996
967
457
457
2158
457
1912
2357
1975
1912
1547
1860
1547
1605
1915
2073
2073
2073
2073
1470
1190
1500
1909
817
1819
1804
1547
1509
1509
1706
1511
1621
1639
1680
1761
1900
1787
1991
2431
1605
1675
1998
1547
1381
1777
1580
1775
1381
1546
1870
1572
2064
1684
1780
1684
1684
1684
1900
1900
1667
1567
1912
1765
1684
2076
1684
1684
1348
1824
1706
2073
1622
1688
1667
2029
1694
1426
2059
2571
2650
3386
3311
2876
2823
2876
3028
1584
1426
1103
1389
2032
2187
2751
3048
2359
2431
2425
3135
2329
1778
1548
1425
1757
1684
1684
1621
1865
1736
2093
2329
2073
968
2265
2265
1425
1547
1382
2063
2708
2873
1381
1684
2073
1549
899
1541
2158
1917
2265
1819
1777
1777
1425
1731
1909
1541
2158
1511
1548
2265
2401
2839
1425
1345
1860
1818
1998
1818
1578
1381
1483
899
1196
464
1512
1745
1399
1777
1684
1684
1323
1995
1377
2384
1306
2104
2350
2187
2329
1777
1622
971
1900
970
1658
1975
1400
1819
1381
1381
1444
1546
1623
2157
1736
2285
2285
1684
2357
2357
1401
1956
2295
1316
1622
1345
1913
1548
1900
1684
1684
1908
1196
2073
1724
2960
1348
1892
457
1684
1860
1870
1103
1996
1348
1512
2157
2032
1804
1726
1468
1408
2032
1900
1482
2534
2228
3012
2228
2032
1917
2450
2450
1656
1655
1655
2450
1655
1655
2032
2431
968
1823
1540
1541
2158
1702
2073
1900
2076
1900
1900
1900
1323
2050
3217
1607
1450
2450
1696
1913
1684
1684
1900
1892
1345
2073
972
1684
1684
1684
1684
1323
970
3217
3357
3524
3653
2988
3091
2237
1345
1580
2359
972
1684
2384
1348
1871
1123
4983
1936
2104
1106
1655
1655
451
2032
2101
2811
1628
1823
1994
1546
1516
451
2401
2336
1857
2201
914
1942
1655
1655
451
1917
2158
2392
2450
1917
2265
1994
1500
474
2492
1518
1578
3819
1672
3488
3488
2803
439
1541
1644
1581
1892
1607
451
2383
2158
1917
2295
2329
3048
3048
3048
2073
1384
1450
1942
2158
1917
1917
1917
1917
1917
1917
1585
1917
1917
1917
1917
1917
1917
2472
1823
2431
2431
2073
2279
2279
1106
1408
1345
2450
1322
1900
972
1546
1655
1655
2431
2546
2425
1684
1468
1408
2536
2434
2357
1581
2295
2284
2915
2295
1672
2158
2265
2431
2431
1103
1808
1450
2158
972
1444
2437
1628
2158
1917
2450
2450
1917
2424
1420
2652
3048
1516
1701
1948
4983
4983
2450
2450
2450
2158
2450
2431
1854
1994
2061
1684
2450
1656
2450
1655
1655
451
1917
1917
2401
2811
2284
2839
3028
2061
1408
1408
2029
1655
1655
2401
2401
2885
2580
1917
2425
2371
2915
1106
1684
1994
1854
2450
2450
2018
3137
3079
2314
2482
2825
2138
2153
3137
3137
2018
2893
2052
2026
3158
2205
3158
2018
2018
2018
2897
2314
2153
2052
2052
3270
3208
2138
2018
3208
2288
2273
1261
2988
2438
1626
2450
2450
1655
2450
2052
2018
3208
2214
3079
2018
1323
1123
1749
4983
1656
1306
2138
2314
2314
2138
2150
1704
1972
2059
3330
3349
3349
2061
2158
1994
2313
2138
1994
3208
3208
3208
3048
2931
2228
2915
2546
3047
3079
2313
3208
3208
3270
1913
1917
1585
2450
2450
2450
3079
1516
1917
3270
3048
2825
2546
3048
2052
3079
3137
2153
2825
2574
2985
1994
2284
1917
451
1655
1655
451
2299
2349
2748
2710
2923
2175
2924
3130
2349
2877
2893
3126
2349
2349
2446
2123
2253
2138
2375
2148
3208
2893
2259
2892
3242
3279
3125
3125
3083
3127
3083
3083
3127
3083
3127
3083
3083
3127
2052
3273
2376
2989
3285
3281
3287
2989
3130
2177
2138
3048
3048
2052
2327
3217
3018
3049
3049
3083
2966
2966
2966
3127
2966
2966
3127
3127
3127
2491
2619
1585
2895
2163
2481
2899
3126
2155
3241
2079
2893
2710
2923
2924
3273
3283
3283
3242
3279
3279
3083
3083
3125
2924
1937
2361
2332
2499
2332
2499
2499
2052
2893
3047
2425
2138
3137
2315
3137
2985
2520
1106
2803
2491
2924
2351
2450
2450
1655
1655
2285
2349
2138
2138
3158
3137
3137
3217
1512
1917
1917
2804
1655
2897
2349
2807
3047
2897
3048
3048
2807
2546
2546
3137
3158
3158
3137
1857
1753
2361
2361
2478
1263
3289
2446
2285
2574
2574
1704
3018
1905
2491
2811
2893
2807
1655
2878
2897
2314
1106
2201
2492
2708
2349
2942
2760
2443
2252
2804
2804
2684
2259
3191
2942
3126
2684
2445
2872
2252
2872
2481
2872
2872
2482
2924
3273
2284
2446
2958
2958
2825
2314
474
1660
2491
2349
1656
1656
451
2285
2126
2349
2443
2872
2708
2284
2924
2450
1656
2285
2332
2855
2138
2375
2104
3217
3117
1701
3819
2571
2444
2760
2832
2349
2482
2450
2807
451
2825
2988
2894
2924
2325
3448
3448
2898
2898
2898
2966
2966
3127
2966
3127
2958
2958
2138
2875
2325
2878
2878
3653
2325
1655
2546
2375
2450
2811
2061
451
451
1857
2315
3033
1751
2325
2878
2450
1656
1655
2104
3217
2895
2860
1627
1917
1976
2150
2534
2860
2788
2325
2450
3278
1656
1656
2581
2788
1123
2434
2450
1656
1978
2268
2268
1655
2268
451
2989
3243
2317
2317
3081
2317
2530
2710
2804
2872
1628
2903
1937
3199
2985
2148
3136
3439
3336
2482
2942
2711
2619
2823
2823
2823
2823
2823
2823
1655
1655
451
2104
2361
2361
2788
2491
2915
2876
2839
2915
451
451
2499
2989
3198
3235
3198
3317
3242
3235
3274
3274
2129
3199
3274
3274
2989
3274
2989
2989
3055
868
2875
439
3819
2804
3135
3413
3350
3350
3350
3350
3653
3047
474
2534
2923
3284
3273
2956
2903
3413
2499
2985
2148
3488
3819
2252
2252
2804
2445
1627
3130
2788
2619
1978
1982
451
451
2499
451
2499
451
2499
2285
2985
2989
3745
2923
2864
2878
3135
2332
2332
2361
2148
3243
2832
2892
2481
2163
2878
2823
2176
3199
2499
451
451
3274
2933
1263
2878
3448
2899
2899
3127
3128
3126
2873
2862
1936
2363
2530
3506
2760
2445
2832
2684
2832
2580
451
451
3217
3136
3285
440
2252
2892
3191
2956
451
451
2499
2499
2499
451
2499
451
2499
1990
2499
2499
1989
2499
2499
1989
2499
451
3361
335
2951
3439
2609
3817
3821
3821
3506
2956
1585
2989
3212
3841
3927
3745
4127
4937
3865
3942
3942
2251
2748
3431
2445
2872
2878
3413
3350
3653
2585
3722
2679
3037
2823
2823
3448
451
1982
1982
1990
1989
1990
449
2821
2813
2945
2782
3124
2620
3417
335
3089
3819
2445
3037
3448
3425
3653
3130
3358
2989
2445
2823
2580
3479
2429
3018
3049
1263
3942
2832
3265
2823
2499
2148
2404
2583
2926
2926
2970
2970
3335
1982
2823
2823
3745
2872
2872
2925
2613
2926
1588
2926
2583
2393
2583
1589
1589
3413
3350
3415
3289
2832
2481
2404
2641
3038
2642
4224
4289
3243
2481
3265
3707
3265
3018
3437
3437
3120
3437
3627
3499
3499
3437
3655
2698
2845
4091
3460
3120
3499
4066
2757
4983
2857
4065
3850
4066
2951
3941
3819
2642
3311
2642
4127
4127
2445
3126
2872
2832
3151
2892
2957
1982
439
3506
3820
3820
3718
3820
3820
3491
2970
2972
1589
1589
1589
1589
1589
2650
3745
2832
3330
3448
4983
4983
4983
4983
4886
2712
449
1990
2750
4983
3815
3499
2750
4982
2557
4983
2912
2757
2934
2670
2668
3074
3411
3061
2983
3219
3431
3732
3743
2803
2832
3448
1982
2823
449
2332
1936
2620
2993
4983
2963
2788
3117
3499
2744
3128
2580
2838
3028
3028
1982
1982
2750
2556
2633
2813
2943
3737
4199
4238
4183
4199
3888
2772
2784
2965
2556
2501
3243
3049
3049
3243
3289
439
3527
3819
2481
2620
449
1989
1982
2511
4982
2963
2630
3149
2630
2917
3448
2823
3284
3413
2595
449
3448
1582
2823
1982
1982
1982
1982
2817
3285
3280
3149
3942
4937
2613
2838
2885
1982
3413
3413
2178
2788
3285
3243
2317
3437
3437
3128
2876
2556
2943
3081
3285
2832
2708
2750
2750
1986
3846
3812
2597
3878
3460
2881
3056
3198
3655
3439
3653
2722
2757
3743
3527
3278
3605
3605
3413
3345
3489
3284
3198
3245
3198
3198
441
2899
3448
1582
3448
3413
3350
2597
3016
2846
3049
4066
2845
2641
2876
1982
3242
3653
2317
2317
2317
2317
3083
2155
3125
3128
2876
335
2428
335
2822
1989
1989
2732
3339
335
3287
2963
3001
4091
2672
3499
3850
3833
441
1582
1583
3652
2642
2428
2934
3450
3049
3243
3437
3279
3125
3448
3242
3198
3198
334
3653
3350
3350
3299
4219
2843
4102
2665
1263
4098
2155
2481
2633
3350
3350
2670
3281
3163
4148
3415
3942
3720
3851
3730
3501
3519
3820
2481
2876
3350
3450
335
3653
2670
1582
1982
3448
2898
2317
3337
1584
3075
1589
1589
1589
1589
1589
1589
1589
1982
1589
1589
1589
2670
2906
3888
3450
3653
3653
3083
3083
3083
3083
3083
2317
2155
2633
3603
2998
3007
3007
444
3076
2720
335
1263
3841
3128
1589
2770
3450
2732
3411
4238
3815
3001
2701
3850
3437
3745
3311
3075
2821
2720
2934
3127
2966
2317
3128
1582
3489
3038
4021
4021
4021
2805
2820
3242
3279
3605
3757
2966
3350
2770
3290
3074
3290
336
3285
4238
3669
3689
4068
3066
3466
3466
3466
3618
3618
3071
4182
3402
3719
3402
3001
3311
1586
3339
3605
2966
3127
2966
3127
2898
2898
2898
2966
2966
2966
2906
3049
3425
3350
3653
3350
2317
3165
3839
3381
3402
3366
4145
4001
3104
3481
3402
3437
3841
3506
2650
2896
1588
1588
2926
2926
2970
3820
3820
1986
3016
2966
3450
2898
3128
3317
3021
3311
1589
2583
3605
2966
2966
3127
2898
3529
2820
1589
2896
2896
2896
2896
1589
3128
1589
1589
2896
3350
2966
3074
3083
2733
3893
1264
3867
4138
3867
4139
3869
4219
3826
2774
2774
4063
3452
3766
3766
3839
3826
3826
2583
1583
3652
1589
2898
3127
3127
2966
3083
3083
334
3416
3003
3850
1263
3128
1589
2966
3127
3127
2966
2966
3653
3350
3653
3757
3198
3425
3415
3720
2926
2957
2767
3231
3127
2813
3757
3057
3083
2317
1582
3075
2972
3127
3125
3127
2898
3083
3083
3083
3171
3061
3093
3917
4063
3452
3252
4247
4105
3618
3616
3535
3171
3669
2777
3163
3720
3817
2896
1986
1986
1589
2957
2898
2966
2966
3127
2966
3317
3083
3083
3882
3841
3821
1589
3127
3083
3083
3127
3083
3083
3279
2966
3127
3196
3083
2966
3083
3083
3169
3653
3653
3653
3941
3076
2926
3757
3083
3757
3350
2966
3083
3653
3653
3653
3634
3171
3183
3171
4089
3867
4225
2698
4066
3439
3835
2583
1588
2736
3083
3083
3083
3127
3171
3669
2780
3083
3061
3465
4238
2641
3489
2767
3061
3730
2916
2650
2957
2843
4158
4127
3489
1588
2896
1588
3605
3653
4154
3743
2767
3350
3350
3757
3757
3653
3305
3452
3402
3402
4182
4145
3676
3797
3712
3712
4001
3465
3465
3381
3466
3066
3466
3402
4154
3829
4105
3466
4091
4181
2650
3603
2945
2820
2767
3056
3728
3020
334
3465
3465
3669
3466
3466
4154
3839
4154
4154
3439
1588
3325
3350
3653
3890
336
3381
2919
3374
2938
3311
1588
3219
3378
3466
3257
3402
3454
3466
3255
1264
2767
3519
3605
3524
4095
4095
2843
3732
2841
3757
3653
336
336
3378
3430
3466
4197
2609
2608
3846
1589
1583
3423
3430
3689
3255
4154
3820
3888
2865
444
1588
3061
3053
3402
3481
2698
2650
3042
3061
4085
3496
3044
3311
2644
3489
3605
2774
3839
3519
3519
3820
3293
444
3075
3454
3618
3519
3730
3820
3820
3820
3508
3462
4154
4154
3003
1588
3678
4148
3867
3890
3890
3757
3927
3833
3879
4298
2650
3087
3325
2917
3535
3535
3698
4260
3949
3572
3587
4037
3587
4037
4037
3947
4049
4053
3947
3947
4007
3947
4007
4007
3686
3698
3622
3622
3686
3609
3952
4019
4019
3951
3970
3970
3970
4895
3970
3970
3949
4019
4019
3742
3587
3587
4019
4060
4019
3970
3970
3970
3970
3970
3960
3970
3788
4918
4270
3570
4260
3698
3622
3970
3970
4019
4019
4019
4060
4019
4019
4019
3572
3541
4000
3955
4019
4179
4179
3572
3572
4179
3952
3955
3970
3955
3955
3970
3952
3587
4225
3970
3829
3508
3605
3489
3397
2781
3890
3481
3535
3104
3535
3698
4260
3686
3623
4145
3623
3970
3618
3727
3970
3970
3970
4260
3698
3016
3423
3402
3535
3839
3766
3459
3970
3970
3766
3821
2781
2783
3231
3325
3970
4019
3970
3698
3927
4131
3269
3305
3604
3970
3618
3970
3501
3603
3888
3452
3177
3535
4238
3570
4145
4145
3698
4270
3970
4918
4260
2608
3707
3269
3729
3587
3949
3698
4260
3698
3698
4109
2665
2563
2781
4183
4199
4019
3587
3587
4019
4260
3930
3970
3970
3255
3255
3508
3728
4019
3587
3949
4219
3820
3820
3707
2680
3727
3519
3402
2917
3833
4121
4260
4270
3817
4088
3775
2772
2772
2642
2917
2679
4145
3618
3788
3570
3042
3481
4019
4019
4019
3176
3820
3501
3820
3824
3603
2970
3678
4260
3501
2611
3970
3124
444
3847
3481
4182
2774
4109
2783
2783
4109
2783
2783
3820
3501
3501
3501
3775
3006
3006
4225
3970
3970
3970
3970
3970
3970
3970
3970
3970
3970
3970
3955
3952
3590
3952
3952
3572
3950
3871
3950
3871
3919
3871
3572
3952
3572
3871
3871
3871
3919
3798
4179
3918
3572
4007
3742
4019
4051
4019
4260
4260
4918
4918
3788
4260
3570
4895
4260
3970
3952
3603
3387
444
3038
3707
3652
3519
3104
3535
4238
3459
4273
3932
4131
4260
3970
3303
3038
3038
3727
3949
3587
3766
442
4937
3839
3775
3775
3788
3603
3489
4022
4245
2970
3680
3587
3698
3698
3501
3970
3489
3042
3869
4138
3508
4021
3038
4021
4021
4237
4245
4245
4019
4019
3402
3610
4238
4075
4154
3960
3387
3587
3229
4225
4287
337
4285
3570
3788
4918
2783
4022
3042
3508
336
3508
3867
3501
3007
3124
3305
3402
4024
2783
3459
3775
4154
3766
3970
3952
3970
3970
2781
2781
4199
2783
4019
3653
4019
4019
3587
4019
3952
3951
2642
3039
4935
4245
4289
3933
4370
4323
4369
1266
1266
3462
3003
3623
3947
4079
3947
3947
4079
4049
4019
4019
4019
4019
4018
3587
4006
4047
4006
3586
3588
3588
3742
4896
4933
4047
4048
4054
4007
4031
4037
3949
4896
4047
3742
4047
4006
4007
4007
4007
4037
4007
4060
4007
4053
4136
4049
4053
4007
4049
4007
4049
4035
4037
4037
4037
4048
4047
3588
3588
3586
3950
4933
3588
3572
3572
3951
3572
3951
3572
4019
4019
3104
3623
4121
4918
4019
3947
3947
4053
3947
3947
4007
4053
4007
4049
4035
4035
4037
4007
4031
4019
4252
3947
4060
4019
4021
4021
3452
3775
2879
4031
4007
4007
4053
4007
3947
3947
3947
3947
3947
3947
4007
3947
4102
2881
3535
4225
3865
3788
3970
3970
3970
4007
3947
3947
3947
3947
3947
3947
3947
3947
3947
4049
4079
3947
4007
3947
4079
4079
2782
4022
336
2970
2774
4157
4158
4895
4247
3124
2881
2773
4172
4247
4053
4079
3387
2783
3949
3369
4105
4007
3869
4095
3846
3932
3387
4137
2783
3610
4225
3955
3590
4914
3970
3970
3970
3587
4031
3719
3071
4247
4024
4199
4102
4145
4145
4145
4060
4022
4021
4021
2782
2783
2783
3587
3949
2773
4199
2783
4063
4224
3006
4941
3071
3970
3947
3947
4079
4079
4079
4022
4022
4935
2781
3326
3402
3006
3104
3766
4079
3766
2783
2783
1266
3853
3071
4182
3960
3970
3755
3878
3587
4094
2848
2848
4246
3797
3618
3824
4165
4260
3570
3570
3952
3970
2998
4088
4088
4942
4273
4145
4252
4157
4095
3460
4939
4260
4260
4260
3535
4260
3970
3947
3587
3834
4247
3949
4088
3177
3797
3970
3737
4117
3104
3570
4247
3970
4049
3947
4079
4053
3919
2783
4088
4001
3572
3573
3837
3949
3970
4165
3326
3719
4247
4245
4237
4289
4278
4289
4245
3933
4330
4292
4323
4323
4551
4323
4520
4520
4276
4260
4184
4247
3590
3572
3970
3947
4053
4037
4276
4165
4247
4260
4260
3952
3983
3572
3572
4035
4245
3177
3952
4035
4037
4007
4007
3919
4047
4037
4285
4035
4053
4035
3573
4035
4007
3919
4103
4047
3742
3572
4289
3933
3933
4289
4935
4289
3933
4370
3933
4297
3933
4246
4939
4936
4341
4289
1266
3932
3933
3955
4296
4007
4007
3933
3933
4289
4035
4035
4340
4313
3741
4179
4035
4049
4049
4007
4007
4049
4007
4289
4296
4035
4289
4289
3933
4245
3919
3919
4047
4047
4047
4047
3933
3933
4285
4368
4297
4246
4222
1266
4289
3933
4323
4323
4297
3933
4289
4007
3919
4933
4289
1266
4054
4054
4047
4047
4007
4047
4037
4054
4297
4047
4047
4047
4047
4047
4048
4047
4047
4222
4297
4037
4007
4047
4047
4226
3933
4007
3933
4297
4310
4368
4297
4369
4369
4341
4297
4296
4323
4297
4278
4278
3933
4292
4297
4297
4297
4297
4297
4369
4440
4278
4297
4370
4370
4323
4297
4370
4323
4370
4323
4323
4518
4602
4518
4598
4602
4518
4602
4602
4598
4689
4689
4689
4582
4582
4530
4565
4530
4689
4582
4689
4530
4582
4689
4297
4297
4323
4297
4520
4520
4471
4471
4297
4297
4323
4370
4297
4369
4297
4297
4297
4370
4297
4297
4297
4297
4323
4323
4370
4297
4297
4370
4323
4323
4297
4323
4323
4297
4323
4297
4297
4370
4297
4370
4297
4297
4323
4297
4323
4323
4323
4297
4281
4323
4323
4602
4602
4598
4689
4689
4689
4689
4689
4689
4611
4582
4582
4689
4689
4689
4689
4689
4602
4598
4598
4518
4332
4323
4323
4323
4689
4370
4323
4323
4323
4501
4297
4323
4323
4323
4323
4323
4297
4323
4501
4323
4323
4518
4370
4518
4297
4323
4297
4297
4689
4418
4565
4582
4530
4689
4689
4689
4689
4530
4582
4689
4689
4689
4689
4689
4530
4689
4689
4689
4689
4323
4323
4323
4689
4689
4582
4530
4582
4689
4689
4689
4689
4518
4582
4530
4582
4689
4582
4518
4297
4281
4582
4582
4582
4565
4689
4323
4440
4323
4323
4440
4582
4689
4223
4518
4689
4582
4530
4520
4602
4689
4689
4530
4530
4530
4689
4689
4689
4689
4689
4689
4418
4518
4323
4471
4530
4582
4689
4501
4501
4530
4518
4323
4518
4518
4518
4323
4440
4418
4689
4689
4530
4689
4689
4689
4689
4501
4323
4582
4684
4471
4530
4440
4689
4689
4689
4602
4689
4689
4602
4602
4440
4689
4471
4323
4440
4473
4689
4598
4598
4602
4598
4689
4689
4689
4669
4530
4323
4323
4689
4689
4689
4530
4598
4602
4530
4689
4669
4689
4598
4689
4689
4689
4518
4530
4689
4689
4582
4602
4518
4518
4689
4689
4689
4689
4440
4689
4598
4598
4598
4501
4471
4297
4689
4689
4689
4689
4689
4689
4689
4689
4689
4689
4689
4689
4689
4689
4689
4518
4689
4689
4669
4689
4689
4689
4689
4602
4602
4602
4598
4471
4520
4689
4689
4689
4689
4689
4689
4689
4689
4598
4544
4689
4689
4689
4689
4598
4598
4598
4598
4518
4473
4598
4520
4598
4689
4689
4689
4689
4689
4689
4689
4689
4689
4689
4689
4689
4602
4520
4689
4520
4689
4689
4689
4689
4689
4689
4689
4689
4602
4598
4689
4669
4520
4602
4602
4518
4689
4689
4689
4689
4689
4518
4689
4669
4518
4520
4689
4689
4689
4689
4598
4602
4598
4689
4689
4518
4689
4598
4689
4689
4689
4689
4598
4689
4689
4689
4689
4669
4689
4689
4689
4589
4589
4569
4589
395
395
4569
395
4569
395
318
395
395
318
4569
395
395
395
4569
1227
1241
936
1390
1328
923
1241
1241
1241
1328
1241
1241
1390
1241
923
1328
1328
565
1241
978
1241
1390
1241
1227
1061
1328
1227
923
1503
1390
1328
1061
1241
1390
1241
565
1503
1227
1241
923
1328
1241
1241
1241
1539
4864
178
1539
1509
1509
1509
1509
1509
1686
3048
2167
3130
3273
3274
3317
3199
3130
3045
449
1982
1982
1982
474
1660
1989
1989
2822
2768
2499
1929
4983
2630
4983
2788
3757
4035
3970
3970
4079
4006
3590
4019
4019
4019
4007
4031
4007
4007
4049
4019
4047
3952
3970
3970
4019
3983
3569
3970
3951
4019
3951
4019
3952
3590
4019
4019
3572
4019
3950
3949
3871
4019
4007
3947
3947
3947
3947
3947
3970
3952
4037
4007
3947
4007
4031
4179
4019
4019
3970
4276
3933
3038
3040
3933
4021
4237
3947
4689
4582
4530
4582
4323
4689
4689
4689
4418
4689
4689
4582
4689
4689
4689
3970
3960
3970
1227
1157
1523
1157
1227
1227
1936
2557
4983
2540
2499
2620
2332
2332
2332
1934
2620
4982
4983
2620
4983
4983
1936
449
1936
2499
2332
1935
1935
2501
2768
2423
4983
3127
3083
