1187
1187
1622
1425
1551
1551
1572
1572
1479
710
849
178
1225
4549
4549
4549
1190
1190
1305
1305
1237
1305
1305
1305
1305
4549
1191
1225
1185
1321
1321
1321
1321
4549
1321
1321
1321
1321
1321
1321
1321
1192
1192
1187
1187
1187
1225
4549
4549
1192
1551
1379
710
710
1379
1572
1579
1579
1381
1572
4611
4549
4611
5
4611
4611
4611
4611
4549
4549
1305
4549
4549
4611
4611
4569
4611
4549
1225
1187
1187
1187
1547
1187
1225
1225
1187
1187
1188
1187
1321
1190
1564
1551
1551
1551
1551
1572
4500
4611
4611
4611
4611
4611
4611
4549
4611
1321
4611
1225
4611
4611
1225
1321
4549
1321
4611
1192
4549
4611
4611
4611
1192
1225
1187
1188
1187
1321
4611
4611
4611
4611
4611
4611
1191
1187
1731
1572
180
190
353
499
353
499
1043
783
710
190
353
4611
1239
1225
1225
1187
1551
1423
5
1191
1225
1225
1187
1551
4549
4549
1321
1321
4549
1305
1321
1321
1321
1564
1305
1305
1321
1237
4549
4549
1425
1622
1622
1188
1731
1551
1192
4611
4611
1237
1321
1190
1572
710
710
190
190
710
178
4864
178
653
653
4865
4865
4865
434
849
849
499
190
499
4864
1572
1423
499
499
499
4611
4549
4549
710
4549
710
1572
1192
748
190
710
4611
4549
4549
1321
1622
1731
1321
1237
1572
4549
710
1423
434
1479
1379
4611
1579
1579
180
499
499
221
499
499
4611
4549
4611
4549
748
1572
4611
1551
1564
1564
1564
1731
180
1572
4611
4611
4611
4549
1551
4549
316
4611
4549
1188
1572
4611
4549
710
710
710
353
503
499
4611
4611
4549
4549
1564
1321
190
1551
1551
1551
1675
1379
1502
1502
653
4549
4549
1502
1564
180
1321
4549
1187
1321
1321
1190
1190
1190
1551
1508
1190
1190
1551
710
1425
1572
1381
499
4611
1479
499
4611
1321
1572
1551
499
4549
1305
4549
4549
1551
499
4549
1379
221
4549
4549
1305
1305
4549
1305
4549
710
180
4611
4611
399
1379
1479
1321
190
499
499
324
1302
1302
1674
1302
1674
1674
2208
1795
3160
3288
3450
3890
3653
3847
4310
4286
341
3442
4267
4549
4611
1551
1551
1237
434
353
499
499
116
1031
1436
829
499
357
1551
1551
1426
353
4589
1305
1399
1305
4549
1305
1305
4611
1502
1572
499
1305
1237
1237
1321
4549
4549
710
1321
1305
1305
710
710
1305
499
1551
1551
1305
1305
1305
1305
499
1305
1321
1321
1305
1379
1305
1237
4549
4549
4549
1104
1305
1305
1305
1508
1305
487
116
710
796
1057
821
814
710
710
710
434
710
710
723
499
710
1493
710
434
178
710
710
1057
822
1251
1251
1251
4863
742
742
1530
719
1744
1261
3525
3525
2535
3620
3750
3709
441
3230
2971
2996
2896
1983
1983
1982
1982
2499
2285
2285
2285
1962
1962
1964
1736
1305
1188
1575
1575
1693
2853
3035
1965
2272
1947
1948
499
796
499
178
710
723
178
499
710
710
4864
4864
499
1302
357
178
710
499
711
357
796
711
178
356
178
178
796
357
1436
1295
1302
1725
785
1136
810
997
604
785
811
622
839
622
1219
1051
1219
1219
1051
1051
1051
1059
1056
1059
1051
925
1052
937
937
938
998
806
4964
604
1136
1136
1136
755
1136
755
178
725
824
791
811
791
826
810
810
811
1054
1054
750
811
839
622
843
1051
1052
178
324
357
1021
866
1573
357
1136
806
796
785
178
602
776
785
1054
997
811
653
499
1295
1302
1136
604
785
785
785
785
604
785
1136
826
826
826
826
811
811
1054
843
1054
1136
1136
1136
785
806
1033
1033
926
801
1055
1007
653
838
785
1136
653
653
811
796
4864
773
1248
719
1302
719
1293
742
1251
1251
826
1021
1573
1674
1674
4864
1054
324
1248
797
1136
814
826
811
1136
1136
1033
1136
1033
1136
1033
1033
1136
821
1405
1405
1405
1405
1043
800
839
356
719
653
843
1136
1136
604
750
1033
1136
1057
1251
1033
1138
1234
806
4867
1136
848
1146
771
1058
885
843
1054
814
1573
2115
2303
821
4864
1136
1055
1136
1136
1234
822
814
1136
750
839
1136
1043
843
622
1136
791
719
1805
1794
785
1234
1234
1234
1234
1367
1367
811
878
926
653
878
622
1234
1234
821
821
818
1955
2307
2264
2005
821
1405
818
1403
814
878
866
1318
830
2078
2078
2115
839
1055
768
1076
768
1234
839
623
622
1136
1054
622
1052
1136
1234
1076
821
821
2303
1054
719
1530
433
719
719
433
433
719
1082
843
843
1052
1280
1770
2399
2870
2313
2897
3128
3126
3232
3136
2317
2317
2317
3136
2147
2147
2147
3285
3235
2989
3285
1136
1136
1280
878
885
1051
622
1219
1051
1051
1059
1051
1136
1082
1056
1056
1056
934
933
1056
953
953
1052
933
933
1286
894
1019
1020
1037
1133
1474
1084
1473
1473
1888
1710
1562
1458
1721
1997
2272
2048
933
916
919
916
1052
1051
1059
1059
925
810
937
937
937
937
953
896
1059
1052
1053
938
925
938
933
896
889
925
791
933
937
925
1056
1763
623
1051
1219
1051
1051
1057
1491
653
953
953
1221
1221
1164
1221
1221
1133
1181
1037
1474
1474
1181
956
1084
1562
1562
1472
1475
1488
1888
973
1488
1488
1163
1299
1052
1219
1051
623
1219
1219
2005
916
1097
1439
1472
1472
1472
1164
985
1439
4863
4863
1054
839
920
938
1056
1059
1234
1367
1076
1076
4964
1212
1033
997
821
821
1221
1165
2067
2078
2004
2240
1280
1280
1052
1020
947
1051
1318
1318
791
950
1203
953
1221
919
791
938
934
1616
2074
1595
880
937
946
933
938
1052
953
1059
1059
1059
925
925
1051
1051
1051
1051
1234
924
821
920
1059
1059
1059
925
1219
1219
1212
1387
791
950
1367
791
1221
791
1203
1369
1082
1165
1221
1474
953
925
1234
1133
1221
1183
1221
916
950
1221
1056
925
1318
916
1284
1342
1182
1173
1124
1285
1322
2287
1108
1960
1960
2104
2104
2104
2640
2633
2633
2750
2750
2813
2813
2750
2633
1113
1113
2640
1960
1960
1108
1452
1284
1221
938
1093
1085
1242
1093
1079
945
1059
933
1236
1221
1124
1373
791
1133
976
1173
1378
1311
791
1280
1280
979
1219
1219
1084
1474
956
1308
1084
1084
960
1164
1093
960
945
920
925
1059
938
938
953
1488
1488
1236
1099
974
1163
1230
1259
1522
1162
1221
1052
938
1308
1056
1183
1236
1236
1236
821
1124
1134
1237
1104
1192
1134
1124
822
1172
1134
1392
1182
1163
855
1250
1037
1165
1087
960
960
960
955
1059
1002
1051
1439
1163
1086
1312
1562
938
622
771
1280
1220
623
622
855
1308
1474
925
1051
1051
1060
1051
1051
916
1163
1163
1166
895
1280
1230
1059
1299
1342
1299
1163
1134
924
1535
1124
2115
934
855
949
1133
1236
1181
1059
925
1051
1134
1280
1134
1520
1299
818
822
1052
1232
1087
1086
1181
1084
1302
655
1674
1303
2478
3702
3528
4130
4309
3927
4454
4337
4454
4518
4518
4235
1051
1051
1051
1051
1419
920
1052
1164
1051
1051
1059
839
1299
1452
1038
916
1090
1036
1082
1259
976
742
4863
4863
719
1674
1674
1747
1093
1791
1019
1056
889
1051
1485
937
1674
719
1674
1612
326
1674
1674
925
1392
1577
1857
1236
1181
1162
1283
962
1474
1086
1164
1164
1473
1562
622
1577
1761
1249
1419
1355
1052
1280
1084
1164
1164
1473
1164
1473
1084
1473
1562
1206
1100
979
1219
1299
1488
1488
1488
1231
1221
1225
1345
1613
1613
1857
1353
1420
1051
1473
1086
1084
1219
622
622
1219
566
1060
1082
623
1051
565
890
1060
1195
4863
1539
1499
1499
1251
1491
4863
1527
1870
1580
1548
1547
1622
1690
1530
1674
1674
1060
925
566
1472
1562
1473
1473
566
1509
1251
1251
1955
2075
1913
1401
2903
2341
2264
1539
434
434
1591
1552
1384
469
1289
1059
1099
925
1472
956
1472
1509
1509
1399
2101
1511
1706
1051
839
1059
839
1674
1747
1674
1723
955
1314
1104
1321
1259
1060
1539
1675
1578
1769
1856
1059
1342
925
568
1708
1708
1473
1472
1472
1473
956
1473
1472
1472
851
1389
1303
1417
1488
1236
1236
1236
1535
1535
1488
1488
934
934
1251
1251
1405
1887
816
1251
1181
1473
1473
1379
1694
1725
1236
1236
566
1493
1748
1237
2303
1887
1887
1405
818
1405
818
1405
818
1887
1187
1502
1301
945
1535
1403
1190
1708
1706
1059
930
886
1577
1305
1887
1955
2335
1955
1321
1189
1564
1188
1531
1353
2019
2235
1289
925
1289
889
1887
570
1059
1405
1405
822
1686
1188
1575
1706
1164
1439
919
2005
1188
1499
1190
1666
1564
1639
1425
1777
1580
1580
1870
1551
1546
1399
1426
1578
956
1472
1730
1344
1164
1289
890
1564
1353
957
1502
1416
1236
822
866
1188
465
1188
1441
1761
1399
1957
1581
2873
2925
2876
2284
2401
2450
1656
2358
1694
925
1310
1725
1955
2214
2214
2349
2262
2804
2005
1564
1425
1551
1547
1547
1717
1547
1562
1473
1472
1502
2235
2214
2214
1507
1580
1998
1666
1548
1564
1564
1642
1957
2811
2873
1547
1564
1621
1472
2870
1689
1186
1189
1760
823
1564
939
1564
1666
1425
1059
889
1441
1321
1507
1824
1824
457
1426
1426
1104
1548
2032
1998
1870
1578
1381
1381
890
1086
1416
1794
1342
1580
1551
1551
1472
1426
1071
1126
1141
1416
1823
1887
2005
1580
1731
1383
1639
1297
930
817
1510
888
1551
1578
1696
1486
1642
1532
1646
1761
1684
1488
1955
1955
2350
817
2303
1473
1622
1761
1305
1507
1666
956
932
2399
2870
2586
1486
1575
1488
1488
1535
1279
1255
1141
1327
1702
1439
1209
1911
1408
1580
1479
326
2030
2589
2305
1345
1306
2049
2049
2049
2049
2049
2240
919
1290
1522
1702
570
1730
1535
1164
1358
2576
1260
1693
1322
2399
1401
1727
1507
2146
1761
1498
1472
1164
886
1472
1562
1791
2519
3201
3288
2692
3200
1747
2075
1998
1475
1311
1569
1941
1941
2028
2272
2048
971
1303
1815
1488
2265
2295
955
1228
1532
1646
1727
1492
1996
1142
1570
1579
1106
1857
1306
2104
1919
1507
1783
1170
1327
1868
1868
1327
1572
2442
1482
1845
2057
2057
2530
1845
2057
1327
1532
2212
2145
1533
1994
1736
1507
2265
2214
2214
2018
1532
1576
2075
1647
1736
1736
1736
1736
1647
1736
2264
1535
2323
2444
2349
2314
1311
1918
1681
1452
1345
1475
1498
1475
1622
1857
2262
2443
3137
1475
1815
2237
2460
1401
1401
1912
1475
2158
2401
1745
1345
2349
2349
1311
1682
1533
1647
1644
1955
1601
1647
1647
2262
1170
1942
1311
1327
1735
1941
1941
2272
2272
1948
1345
1306
1824
1164
2340
2162
1888
1106
1306
2104
2049
1736
1824
1401
1964
1656
2443
1668
1739
1771
2101
2032
1962
2285
1963
451
1982
1989
452
451
2285
2285
2341
2314
2063
1684
1727
2586
1533
1306
1475
3199
3199
3235
3287
3317
3279
3279
3198
3198
3198
3198
3198
3198
3198
3242
3199
3199
3198
3198
3199
3198
3199
3199
3198
3317
3198
3279
3232
3287
3287
3317
3242
3199
3199
3199
3279
2128
3199
3198
3199
3317
1570
1941
2227
2636
2061
1647
1345
1306
3199
2128
3280
3317
2128
1734
1941
2272
1646
1761
3198
3199
3198
3317
3287
3198
3198
3198
1888
1845
2246
3037
3349
3349
2480
1942
2163
2128
3317
3199
3245
2128
3198
3317
3317
3317
3055
327
1998
2325
2325
3279
3279
3279
3242
3198
1942
2652
1964
1306
1171
1736
2897
3125
2897
3199
3199
3198
3285
3285
3079
3136
973
1919
2049
2104
3242
2748
3242
3242
3242
3279
3198
2989
3198
3279
3242
3279
3279
2341
3242
3242
3242
3199
3235
3285
3279
3242
3242
3242
3242
3279
3287
3287
2317
2317
2317
2317
2317
3198
3198
3198
3198
3285
3287
3287
3285
3198
3198
3199
2314
3198
3084
2692
2519
2317
2317
2317
2317
2317
2317
2317
2317
2317
2317
3279
3281
2090
2265
3279
2445
3126
3279
3279
3279
3279
3242
3242
3242
3279
3198
3198
3198
3279
3198
3198
2317
2317
2317
2317
2317
3242
1323
1108
4972
2384
4972
2336
3242
3279
3242
2262
3317
2989
3287
3285
2317
2585
2586
1900
1739
3242
3198
1306
2049
3242
3279
3199
3136
2989
2989
2989
2989
1792
1941
1845
1736
972
3279
3279
3125
2804
3279
3232
2966
3125
3128
3285
2989
2989
2989
1310
1828
2195
1745
3306
3160
2956
1684
3084
1918
2586
1524
1171
2265
3279
3242
3287
3243
2989
1997
1844
3242
3242
2155
2155
2445
2155
2892
3242
2155
3242
2155
3242
2155
2684
2155
2155
2155
2155
3242
3242
2265
3242
3128
2317
1228
1941
1941
466
2032
1932
2050
3198
2155
2155
2295
2032
3242
2104
3128
3235
3198
3285
2519
1868
1945
2292
1743
2652
2445
2155
2155
2155
1736
1704
2147
1868
3242
2445
2804
3128
3128
3083
3083
3083
2317
2317
2317
2804
3198
3285
2155
3126
2899
3128
2049
3128
3198
2285
1647
1960
2325
3285
1807
1997
2445
3128
1647
2049
1143
2571
3037
2450
970
2147
1847
457
2147
3126
2039
1647
2104
2209
1965
3126
2104
2104
2104
1960
3285
3285
2317
2317
3285
2317
1856
2445
2155
2155
2425
3198
2586
3285
1171
2525
2155
2155
2860
1917
1917
1917
1585
1585
2104
1960
2195
1826
2090
2284
457
457
1919
1960
3285
3285
3198
3198
3279
3198
3198
3198
3198
3198
3285
3198
3285
3285
3089
3089
2147
1444
2442
2793
3722
2804
2481
2481
2932
2932
2966
2966
2325
1945
1945
3242
3279
3279
2903
3047
2878
1960
3136
1845
2057
2442
2442
2442
2155
2155
2155
2158
1960
2636
1917
2640
1122
1960
1108
1108
3198
3285
2615
3279
2285
2285
2481
2481
4972
1108
3285
3242
2155
2445
3128
1917
3047
3198
1960
1960
3198
1697
2536
2445
3128
3125
3125
3279
3279
3128
3198
2853
2155
2155
2155
3242
2285
2285
2285
2481
1960
3089
3136
3089
2442
2155
3242
3242
1960
1112
1112
2555
2501
2454
2555
2516
2451
2516
1112
2519
3049
2147
473
3026
2523
3310
2400
2155
1962
2481
3285
2421
3706
1262
3526
4098
3717
2533
3109
2683
3242
3136
2442
2684
2445
2155
2899
2899
3128
2481
2317
438
439
3722
2925
1917
2265
2899
2640
1112
1113
2555
2555
2813
2813
3016
2561
2671
4026
2454
2519
3081
3049
438
3308
2684
2445
2451
2899
2966
3198
3201
3201
2445
1585
457
2358
2899
3081
2519
3136
2317
2442
2941
2155
2864
1585
2451
3242
2332
2332
2332
2633
1986
1986
1986
1986
1983
3076
1985
3240
3388
2601
2601
3224
3225
3389
444
1917
1585
2939
2638
2684
2915
2285
2595
1983
1983
1986
3076
2874
1985
1986
1986
1986
1986
1986
2332
2332
1986
1986
1986
2595
2595
2595
2595
2595
457
2932
2481
3160
3201
3279
2445
2595
2332
2650
2641
3729
3818
2643
2643
3818
3927
3927
3927
2681
2644
3927
2644
2681
3927
3927
3136
2155
3279
2925
3498
2925
2586
1947
4887
1842
2912
2911
2669
2733
4102
2656
2727
2770
2943
2736
2732
2666
2674
2421
3014
2913
3729
3652
2643
2643
3927
437
2532
3528
2748
2155
3279
3279
3242
2358
2358
1982
2377
3109
471
471
3772
3120
3655
3815
3469
3076
1986
1986
2597
2633
450
2925
2940
3279
3037
2640
1117
4880
2722
2753
2722
4983
4880
2943
2943
2813
2555
4880
2943
2559
2813
2813
2965
2943
2771
2735
2735
2736
2735
2983
3087
3468
3316
2516
1821
1849
2995
2505
2744
3718
3279
3128
2332
2450
2481
2514
2557
2514
2513
3198
3198
2722
2771
3089
2717
1772
3279
1989
1989
1989
2284
2839
2839
2750
2633
3126
2943
2943
2784
3664
4192
2562
2738
3058
4038
4038
3728
2945
3468
2784
2943
2813
3198
3136
2317
3089
3285
2083
2654
2819
3279
2285
2454
1113
1113
2943
2965
2720
3089
2716
4983
3659
2803
3743
3732
3750
2332
451
1585
2899
2899
2555
2750
3126
2873
2450
2640
2750
3285
3198
3285
2317
2753
2859
2915
452
1982
451
2708
3279
2899
2932
3198
3198
3198
3136
3285
3285
2317
2317
3027
3125
2839
2481
2943
3285
3285
3285
3279
2595
2915
2841
2841
2702
2702
2841
2879
2773
3468
2736
2655
2656
3310
452
2932
2943
2784
1954
1772
3605
3413
3448
3355
3349
1982
1983
3198
1113
3198
2784
3081
3279
3279
2332
452
2317
1582
3128
2750
3450
2943
2945
3016
2799
2757
3125
2903
2750
3198
3136
2317
2317
3285
2317
3279
3279
3279
2839
3128
2898
3083
2813
2813
2317
3278
1113
3083
3287
2317
2737
2856
2857
2800
3526
2853
471
1584
3325
3729
2736
2735
3050
2317
2317
3279
3279
3125
3279
3198
3287
3018
3450
2932
2317
2919
2967
2906
4026
2562
3160
3013
3279
2580
2899
2784
2736
2317
3288
3920
3014
2914
2951
2914
471
4066
2955
3772
3279
2595
3198
2932
3049
2966
2898
2708
2813
3128
2966
2317
3279
2805
2957
1982
2633
2633
2597
2597
449
449
2633
2633
2597
2633
2633
2735
2561
3049
3450
2317
2317
2317
2317
2317
2317
2995
3279
3293
3603
3008
3240
3150
3293
2841
2784
3012
339
2913
1982
2633
2735
3049
2735
2738
3032
3056
4192
2785
2883
3309
2674
2876
3075
1656
2943
2735
2317
2317
3287
3279
3279
3330
3747
3331
3331
3038
3331
3038
3508
4021
3279
450
3279
1983
2750
3413
3198
2784
3087
3050
3087
3081
3285
2967
3032
3032
3017
3017
3017
3017
3017
3138
3246
3098
3465
3418
4247
3834
3327
3246
2735
3035
1986
450
1983
2750
3083
3083
2317
3083
2317
2317
2317
2317
3050
2317
2317
3054
2932
2735
2983
2738
3058
3218
3258
3834
3072
4024
3719
3399
3363
2378
471
3279
2633
1986
1986
1986
1986
3076
2972
1986
1983
1983
2972
447
3223
3388
3224
3497
2841
3083
3083
3083
3083
3287
2948
2823
2633
1986
1986
3448
2317
2317
3087
1262
2393
1986
2597
1986
1986
1986
1986
3076
1986
1986
3125
1986
1986
1986
1986
3448
2317
2317
2317
3032
2735
3288
3895
3895
4340
2738
3017
2738
2738
3095
2738
3017
3093
2740
4038
4160
4118
3767
4117
3765
4161
2740
3059
2740
3017
3017
3017
3056
2738
3160
3279
1583
1982
2597
2317
2317
3050
2317
2317
2317
3288
2732
2732
2883
3027
3013
2633
3083
2317
2317
2317
2317
3450
3198
2734
3201
3488
1983
1983
1983
1983
1986
2972
2972
2691
2896
443
2970
1983
2317
3448
2317
3198
3018
1986
1983
2597
2597
3279
2317
2317
2317
2317
3087
3424
3395
4039
3249
3247
3246
4209
3181
3383
3402
2739
3032
3017
3017
3017
3017
3032
3276
2952
2744
1582
1986
2841
2841
1584
3125
2317
2317
2317
2317
3087
2967
2859
3456
1986
2317
2317
2317
2317
3198
2317
3198
3198
2317
2317
2317
3450
2967
2678
2841
1586
2945
2317
3054
3450
2317
2317
2317
2317
2740
2740
2739
3088
3017
3895
2995
2672
3456
2925
1986
1986
1986
2945
2317
2317
2317
2317
2317
3017
3201
3032
2738
3017
3017
2805
2317
2740
2740
2738
2803
2925
2641
2874
1983
1983
3424
2951
3627
3509
3014
1586
2972
2820
2919
2907
3508
3605
1986
1986
1986
1986
3424
3259
2738
3456
2691
2932
335
3448
3247
3342
3362
3667
4247
3378
3256
3105
4024
3628
2741
2740
3374
3259
3064
3259
3476
3409
3162
2856
2733
3330
2972
1986
2972
2972
2969
2896
2561
3665
3468
2428
3667
3374
3374
3098
3218
3218
3017
3017
2738
3032
3060
3408
3027
1986
2583
2896
335
335
3309
3246
3032
2738
3032
1582
1986
1986
3076
4039
3098
3099
3066
3017
3476
3659
3743
2641
2972
1985
3388
444
3433
3224
3850
3757
3288
334
3017
3159
3060
3025
3448
3665
3326
3246
2738
3066
3059
3309
3025
4183
2945
1986
2767
3269
3098
3017
3098
3259
2876
3076
3076
3076
3076
3046
3247
3395
3374
3017
2732
2641
3424
3424
3218
3488
2972
1985
3221
3269
3017
2955
3508
2972
444
3017
3056
3017
2693
2871
3627
3098
2650
2841
3076
1985
444
2803
3465
2951
3850
3627
471
3508
3424
3224
3247
3505
3060
2732
1582
1985
447
3029
3450
3450
3450
3890
3743
3941
4077
3841
2681
2644
3928
4290
1986
3311
2767
3029
3099
3464
3464
1159
1454
4260
4019
4031
4031
4031
4031
4031
4019
4031
4031
3402
3481
3378
3263
3718
1437
1390
1241
1437
1437
1437
1437
1451
3650
3535
3650
4260
1494
1241
4019
4019
4019
4019
1494
1494
1437
1437
1451
1437
1670
3535
3481
3454
3481
4024
1437
1451
4260
4019
4019
4179
1241
1372
1241
1372
4179
4179
1372
1372
1437
1437
1372
1437
1494
1390
1437
3259
3038
3605
3665
3665
2849
3604
3073
3402
3464
3401
3453
3056
3481
3378
1437
3066
3717
3717
1451
3535
3481
3401
2841
3221
3224
3375
3620
3402
3058
4161
4160
3017
3059
3059
1437
1670
1451
3642
2849
3708
3395
3715
3452
1437
1437
3263
1451
3465
3223
444
3332
444
3231
3095
3659
1451
1437
1451
2943
3508
3247
2741
2971
3533
2803
4077
3402
3256
1451
3257
1670
3025
2641
3350
2680
3678
3743
3105
3481
3427
4024
3095
3017
3095
2740
4039
4039
4039
3095
2562
3535
3104
1454
1437
3257
2736
3772
3257
3481
3465
4098
4098
3468
3076
4260
3104
1454
3481
3642
2680
2680
3678
2679
3229
3229
443
3462
3715
3017
3017
3378
3481
3001
2997
2732
2945
3468
3652
3335
2803
2679
3418
3257
3535
3757
444
3388
3393
3647
4260
4019
3715
2733
3772
3481
3665
3498
3532
3626
3481
3056
3324
1437
3124
3708
3626
3834
3072
3095
2740
3093
3095
4074
4038
3917
4118
3473
3642
3753
3844
4043
1437
1437
1437
1437
1437
1437
1216
1437
1372
1372
1372
4260
1241
4179
4019
4260
4260
1437
1390
4179
3955
4260
4019
1372
4260
4260
4019
4019
936
1454
1451
3535
3257
4024
3105
3686
1451
1372
3293
3603
3076
3388
2601
3747
3818
3818
3747
3729
3392
3715
3850
4024
4024
2906
4192
3828
3908
3481
3247
3498
2642
3747
2642
3818
3818
3818
3398
3626
3627
4260
3059
4160
3437
2698
2681
3841
2644
2644
3322
3651
3535
3076
3847
3858
3331
2642
3224
3120
3392
3717
3464
3740
3378
1451
3707
3890
3893
3391
3508
3038
3038
3508
3747
2642
3858
3331
3832
2642
3038
3038
3038
3038
3038
3038
4021
3331
4179
1494
3073
3105
4192
3383
3691
2841
3858
4260
4066
2954
1263
4092
4324
3257
3481
3665
3508
3757
3038
3038
334
3499
2642
2651
334
2845
3056
3847
3388
3038
3038
3508
3073
4108
4038
2856
2773
2732
3766
3831
1437
1437
3708
4039
3468
3728
3508
4019
3391
1328
1241
4179
1437
1437
1437
3747
2651
3747
3833
3833
3833
3818
2642
3818
2642
2642
2642
3933
4297
4368
4368
2645
3818
3833
3503
4066
4160
3066
3395
4019
4031
3545
4079
4019
4019
4019
4019
4019
4019
4019
4179
4019
4179
1241
4179
4019
4019
4031
4019
4019
1241
4019
4019
4019
4019
4031
4031
4031
3545
4031
4019
4079
4031
4019
4019
4019
4019
4019
4019
4019
4179
4179
3970
1241
1241
4019
4019
3818
3475
2681
3616
4019
4019
4019
4019
4019
4031
4031
4031
4019
4019
4019
4019
4019
4021
3473
3727
3841
3124
4019
4019
4019
4031
4031
4019
4031
4019
2782
3468
2701
4024
3528
2645
1437
1437
4019
4019
4031
4031
4031
4019
4031
4031
4079
4019
4031
4031
4079
3728
3888
335
3530
3471
2651
4065
2906
2732
3257
4019
2561
4039
4039
2643
4102
4002
3545
3545
4031
4019
3247
3530
4074
3762
4019
4148
3001
4090
2681
4019
4137
3326
3401
3841
1437
1437
1437
1437
1437
2945
3892
4247
3667
2562
2782
2845
3378
3378
4113
4021
4021
4039
4039
3247
4260
4260
2781
2562
4160
3927
3833
4937
4118
2669
3927
2681
3927
4002
3622
4019
4031
4031
4019
3933
4039
3657
2702
2845
4024
3927
2773
4079
4094
2782
4118
4177
3901
3383
1437
1437
3124
2879
4260
3890
4074
3164
3256
3734
2879
2732
4130
3793
3622
1451
3387
3387
4173
2681
2681
4130
3529
4124
4019
2997
3031
3928
4130
3734
3481
3163
4024
3257
3181
3947
4023
3739
1494
3001
4159
3901
4031
3771
4024
4024
4085
3650
4019
4019
4019
3739
4173
3072
1451
4260
4260
1372
3933
3831
4023
4218
4082
3933
4296
2642
2642
4289
4296
4296
4337
4518
4518
4602
4602
4602
3038
1159
3939
3739
1372
1372
4019
4939
2997
4157
3793
1241
4260
4019
4221
4209
4031
4019
4019
4019
4260
4177
4031
4019
4260
4130
4031
2644
4019
4260
3927
3927
3833
3833
2642
2642
3927
3833
2642
2642
2642
2642
3833
3833
4289
4297
4337
4337
2642
337
3833
3833
3927
3927
3927
2681
3927
4358
2642
4130
4130
2645
4337
4260
3927
4031
3927
2642
2642
3833
2642
4031
4031
4330
1362
3955
4031
4019
4031
4031
3927
3927
3927
2681
4031
2642
2642
2642
4939
4019
4019
4019
2642
3933
4358
4309
4368
1264
4354
3933
4296
4337
2642
2642
4358
4019
4019
3933
4309
4019
4019
4019
4019
4019
4019
2681
4019
4019
4019
4019
4019
4019
4019
4309
2642
4019
4019
4019
2646
4297
2681
4287
4358
4354
4309
4368
4296
4309
2681
4309
4293
4337
4337
4337
4296
4309
4297
4337
4368
4368
4309
4297
4323
4297
4223
4602
4602
4602
4602
4602
4602
4602
4602
4602
4602
4598
4689
4689
4689
4689
4689
4689
4689
4689
4689
4689
4689
4689
4689
4689
4689
4689
4602
4297
4323
4602
4602
4602
4337
4471
4471
4309
4454
4368
4323
4454
4297
4297
4323
4297
4297
4454
4297
4337
4297
4454
4297
4454
4297
4368
4297
4297
4297
4297
4297
4223
4297
4602
4602
4602
4689
4602
4689
4689
4689
4689
4689
4689
4689
4689
4689
4689
4689
4689
4689
4689
4689
4602
4602
4602
4602
4602
4602
4602
4323
4337
4297
4323
4223
4223
4223
4223
4454
4297
4297
4602
4602
4223
4602
4297
4370
4368
4689
4689
4689
4689
4689
4689
4689
4689
4689
4689
4689
4689
4689
4689
4689
4602
4689
4602
4689
4689
4689
4689
4689
4689
4297
4689
4689
4689
4689
4689
4689
4689
4471
4518
4689
4689
4297
4297
4543
4689
4689
4689
4689
4689
4689
4297
4454
4454
4689
4689
4689
4297
4602
4689
4689
4689
4370
4471
4689
4689
4689
4689
4689
4689
4602
4689
4689
4689
4297
4602
4370
4602
4223
4689
4689
4689
4689
4689
4297
4602
4689
4602
4602
4689
4602
4602
4602
4471
4689
4689
4689
4689
4689
4602
4602
4602
4689
4689
4689
4689
4689
4689
4223
4689
4689
4689
4223
4471
4689
4689
4689
4689
4602
4602
4602
4602
3603
4602
4454
4602
4602
4602
4689
4471
4602
4689
4689
4689
4602
4602
4689
4689
4689
4602
4689
4602
4689
4689
4602
4689
4689
4689
4689
4602
4602
4602
4689
4689
4689
4602
4602
4689
4689
4689
4689
4602
4689
4689
4689
4689
4689
4602
4602
4602
4602
4598
4689
4689
4602
4602
4602
4689
4602
4602
4602
4602
4518
4602
4602
4689
4689
4689
4689
4689
4689
4689
4689
4689
4689
4689
4689
4689
4689
4689
4689
4602
4689
4689
4602
4689
4689
4602
4602
4602
4602
4602
4602
4598
4689
4689
4689
4689
4689
4689
4689
4689
4689
4602
4602
4689
4689
4689
4602
4602
4602
4689
4602
4602
4602
4602
4602
4689
4689
4689
4689
4689
4689
4689
4689
4689
4689
4689
4689
4602
4602
4689
4602
4602
4689
4602
4689
4689
4689
4689
4689
4689
4602
4602
4689
4689
4602
4689
4602
4602
4602
4689
4602
4689
4689
4689
4602
4689
4602
4602
4689
4689
4689
4689
4602
4602
4602
4602
4602
4689
4602
4689
4689
4602
4689
4689
4689
4689
4689
4689
4689
4689
4689
4689
4689
4689
4689
4689
4611
4549
1305
1166
1321
1321
1237
1321
4549
1321
4549
4549
1379
1321
4611
1237
4549
4549
1321
1321
1219
1234
1136
1136
839
1136
1136
1136
1212
1136
839
1136
1076
1219
1219
1219
1136
998
1076
839
831
1136
839
1219
1055
811
826
1219
1136
839
622
622
785
622
1136
1033
4964
1674
719
952
742
1491
742
1251
1251
1405
1251
1499
822
719
1389
2018
3242
3242
3242
3279
3198
3198
3198
3198
3198
3198
1842
1113
2750
1113
1941
2272
2209
2750
1113
1941
1941
2454
1948
1946
2048
2147
3450
4019
1437
1437
4031
1241
3970
4019
4019
4019
4019
4019
1241
1437
4179
1372
1437
1437
1437
1437
1372
1437
1437
1372
1241
1241
4179
4260
3955
4019
4031
4031
4031
1215
1372
4019
4031
4031
4031
4019
4019
3122
2642
2642
2642
2642
3879
2642
3858
2642
2642
2642
3508
3038
3038
2642
3038
3038
4689
4689
4689
4689
4689
4689
4602
4602
4602
4689
4689
4689
4602
4689
4689
4689
4689
1437
622
791
622
980
622
4880
2514
2753
2557
2452
2474
4983
4972
2454
2753
2365
2513
4972
2514
4996
4996
2513
2454
4972
1117
2514
4985
4996
4996
4972
4972
4972
2753
914
4885
2513
4996
4996
4996
2514
2454
4996
1219
1405
1405
3199
3198
3198
3833
2597
2972
1986
2874
3927
