4686
5
4686
363
41
408
748
408
316
316
229
297
180
353
5
4500
1185
1247
4686
4686
4686
4686
4686
5
74
5
5
5
4686
4686
74
4588
4588
240
74
4686
5
74
4500
5
4686
5
4588
5
5
316
399
190
408
363
363
363
363
5
74
4500
4500
1185
1185
4686
240
5
4686
4686
240
240
4686
4686
4686
4686
4686
1185
5
5
5
4686
5
4686
4686
5
4686
5
748
1187
1187
363
748
74
74
4588
74
4529
4686
74
4588
74
5
4588
4588
5
5
5
74
4588
4588
19
74
74
74
5
5
5
4588
5
4588
74
74
74
19
5
207
190
399
506
11
477
117
117
624
353
190
190
190
4588
5
4686
5
5
363
74
5
5
4686
363
1325
4588
74
4588
4686
5
240
240
4686
103
4946
74
4588
74
240
5
4686
4529
4529
103
4588
240
5
5
5
363
363
363
4588
4588
74
4686
363
5
316
373
8
190
190
190
495
180
503
180
718
796
178
713
796
324
796
718
718
718
353
489
489
229
710
363
229
229
502
477
180
74
5
4588
4686
4686
363
5
363
363
316
4588
408
399
207
5
5
5
5
242
46
4588
5
5
19
363
229
229
503
316
5
363
363
229
184
504
322
316
4588
74
4588
74
5
373
46
46
217
242
5
4500
41
290
74
5
4686
240
748
1187
1187
4588
46
1187
5
46
4686
316
74
229
184
1325
503
190
5
4588
4686
5
5
5
363
363
748
408
363
217
316
316
5
4686
289
4686
180
4686
4529
4686
5
240
5
4686
1185
4686
1185
748
316
190
5
408
489
190
229
229
9
363
363
408
316
1185
1185
1185
4686
1185
4588
408
190
180
1239
506
1185
1525
1758
4529
1247
190
190
5
5
399
316
316
21
4529
477
477
718
356
356
356
356
717
717
1521
2449
2929
2929
3520
3920
4217
3870
4222
4327
3860
3164
3164
4329
1185
1187
1187
748
748
4529
270
190
504
504
353
509
717
747
353
630
748
1247
748
408
190
1247
4686
4686
240
240
240
408
504
229
4686
21
240
240
4686
4686
316
4686
5
190
180
180
4529
489
1758
4761
4686
180
353
240
4686
4686
316
1758
5
1758
4686
240
4686
4686
503
514
190
353
743
522
776
406
509
353
8
495
190
180
353
504
503
477
316
180
624
630
229
504
624
179
994
1252
1252
714
4862
433
655
655
655
524
1031
1389
1674
1745
2534
3527
2681
4937
3927
2679
2679
3678
2767
2766
1586
1585
1914
1998
1824
1736
1639
1639
1482
1546
1689
2530
2953
2951
475
2797
2768
2768
323
477
190
180
180
180
718
180
718
514
180
353
796
718
353
723
708
506
180
353
749
630
509
179
514
499
749
718
179
722
743
523
509
717
627
356
1199
353
756
756
699
4838
700
740
699
700
699
846
845
780
669
832
695
4809
4813
737
669
845
794
669
846
670
763
670
635
781
610
611
673
602
728
785
785
4829
709
4833
552
811
943
925
933
933
890
568
1174
1048
898
957
1300
765
756
4856
808
4838
699
699
832
756
4856
884
4859
836
699
834
834
699
833
740
740
696
696
834
833
353
718
695
756
704
4824
580
793
4842
844
1006
1068
756
794
846
846
846
692
799
781
756
669
669
692
670
580
670
666
635
4843
612
612
785
824
838
895
353
630
1022
1022
1022
1022
514
699
699
699
845
845
756
700
833
833
700
722
176
699
740
699
670
670
781
781
781
692
846
846
685
667
670
353
718
509
717
717
833
699
696
699
833
700
700
699
699
834
834
699
834
834
845
834
846
692
763
781
799
670
580
670
781
635
632
781
755
755
833
833
833
833
833
740
696
696
1011
836
875
836
875
696
696
696
696
781
781
696
699
740
722
178
117
539
710
718
176
747
654
654
654
849
324
324
655
714
630
781
747
1022
717
717
717
710
781
755
718
723
696
692
406
781
799
781
834
4859
836
696
875
834
834
696
836
875
834
796
177
1184
1184
4862
1184
725
696
781
635
785
747
718
718
781
696
696
696
834
178
799
696
834
696
994
994
696
696
696
1011
834
834
833
833
827
1055
1145
769
854
806
785
790
774
983
774
1043
718
696
875
696
834
846
837
743
499
776
836
177
785
785
836
846
796
983
755
612
724
836
827
795
825
829
1243
785
1007
1137
1137
801
1138
1083
1017
790
768
696
790
177
767
613
613
1055
776
1184
830
1861
2288
2220
2220
776
1018
774
1595
1538
790
795
790
824
827
1043
828
1023
1022
728
785
696
836
836
801
1004
1009
785
613
750
826
776
747
838
4814
1009
837
790
776
983
1595
718
654
526
524
356
356
1031
524
1031
810
769
854
854
825
1243
1519
867
2353
2100
2214
2313
2153
2150
3209
2788
2147
2152
2152
2152
2875
2875
2875
868
2147
868
2888
868
836
1004
836
1213
1226
838
728
682
684
684
703
682
1055
838
1236
1535
1038
568
985
953
956
960
1181
1028
1498
1472
909
1329
977
1918
967
1996
1894
2463
1123
2510
1535
1730
1888
1236
1028
568
568
937
937
920
1009
1164
899
930
1535
1084
1535
1439
1571
877
1049
854
1028
937
1133
960
945
895
1164
1535
1535
1044
1038
1221
838
826
772
713
849
713
849
1888
1084
1910
1783
1783
977
1910
1898
2064
971
1896
1896
1944
2287
1995
1900
1684
1898
1300
919
831
750
619
782
1475
968
1783
1317
1996
1908
909
994
952
1163
1070
602
4965
4843
1300
898
1001
750
1007
1010
4820
4820
1009
1009
1007
1009
1010
884
836
4797
884
780
1009
776
1043
1320
1022
1573
790
866
866
1238
877
936
962
960
937
1032
1032
1068
1073
1033
1888
1888
1032
1045
770
829
1519
1221
1138
1730
1566
958
1049
935
887
920
943
943
810
801
944
782
1156
937
838
920
721
721
801
1007
1007
1010
1004
1033
1083
1068
1138
1127
1033
1033
1246
4964
4964
1212
1086
1898
977
838
1009
1099
973
1900
1475
1475
1070
973
717
920
1005
1819
1577
1323
1797
2076
1185
1702
1994
1704
1857
2451
2037
2332
2361
2285
2285
1655
1982
1982
1986
1986
1986
2841
2633
2821
2593
2821
2459
2332
2332
1684
1577
1797
1068
1279
960
933
1019
973
1043
1797
1136
1074
1068
1702
971
1247
1325
1894
2236
1136
1198
1234
4966
1360
4848
555
975
1310
1480
1157
1049
891
1417
978
723
972
1900
968
968
1577
1252
972
1237
1187
1517
465
1135
1419
1175
565
977
1897
1897
973
1823
973
983
1702
1305
1508
1736
1306
1760
1305
1104
1702
972
1305
1305
1305
1898
1898
1192
977
937
853
1104
1684
971
1895
928
1127
1076
768
877
1075
1318
975
920
838
791
1823
1345
1898
1898
2064
1508
877
925
1185
890
1900
1684
1898
2064
1032
1031
1897
1900
1189
1573
1189
1022
1145
2056
943
973
898
1278
1325
1199
1823
1345
983
1783
971
2056
4964
1321
356
1031
325
1744
1263
1264
4327
4367
4367
4287
4369
4369
4368
4369
4323
852
841
936
936
1508
772
4848
1900
1323
1323
1783
1678
1718
1508
1564
770
1192
1031
655
849
655
655
324
1321
1302
1302
1521
1791
937
791
1306
1286
524
723
627
1631
797
797
896
1306
1306
2361
2451
971
971
1198
1895
1240
1305
1900
1703
1323
1704
1306
1595
1641
1187
770
2056
1192
1192
831
4848
1900
1900
1995
970
970
1703
968
1620
1736
1736
1736
2285
2332
1508
1620
1175
971
998
997
4964
4966
4847
1365
998
1076
831
1369
1318
1369
770
807
791
791
930
891
1900
1564
655
655
850
433
952
655
324
952
952
655
850
434
1539
1502
1455
1443
1483
1546
524
1240
4967
1564
717
1061
925
925
1996
1374
433
655
433
655
4862
1489
1708
1600
2288
2288
2242
324
1031
655
1407
1672
2590
3525
439
3329
441
2530
4847
896
4848
1577
929
1310
655
850
816
1493
742
4862
1325
4847
4847
552
4810
996
805
647
727
1031
1031
856
1053
889
1306
1824
1564
1564
921
655
850
1423
1260
1408
1697
438
887
1995
1529
1526
850
1371
967
967
1564
655
325
1331
1460
1900
970
970
1900
970
1900
1287
850
4862
4862
1252
847
324
850
1185
434
434
434
1199
968
952
655
1900
1595
1597
1184
4862
1252
1252
4862
830
830
850
434
938
1225
1329
983
1801
433
1184
4865
890
1187
1029
1306
1306
1900
983
1490
819
1405
1547
1860
1551
1536
850
1763
2337
1723
1523
1239
1239
655
830
1710
1680
4862
830
433
4862
4862
1551
1425
1530
970
1804
1557
2220
1915
655
1998
1486
1572
1486
1426
1675
1380
1260
1479
816
1479
434
1254
1317
967
1513
942
847
1000
967
1185
1187
970
1252
1617
1622
1579
1482
434
1717
1900
1539
1509
1511
2437
3757
3040
3386
1628
2915
3028
2885
1539
942
1925
1736
1597
866
866
2214
2897
1824
816
1539
1580
1210
967
1293
1521
866
1573
2100
1559
1870
1486
1580
1572
1493
1400
3265
1578
1731
1681
1845
1739
886
1513
1824
1824
2158
1817
4862
1502
1286
1551
1417
1081
1513
1736
1251
1870
1914
1627
1539
1994
1824
1426
2265
1551
1397
1380
1423
1298
1389
1187
1521
1995
1424
1398
1455
1358
1187
1894
1323
2287
2439
2220
1379
1443
1731
1572
1463
1460
1760
1251
2220
1479
1380
1482
1423
1731
1639
1515
2273
2050
2287
1995
819
1405
2221
1025
1502
930
1668
1323
1824
1824
1706
2337
1469
1926
1723
2385
2385
1423
858
1731
1995
1824
1580
1893
1461
1187
1512
1995
1527
899
1389
1260
1686
1819
1442
1744
1746
2929
1748
1736
1654
456
2285
1837
1736
2285
866
1558
1513
1353
1760
899
909
1787
1785
1992
2194
1042
1607
1854
1704
1455
1686
1812
1824
1706
2348
2050
1783
967
2236
1996
2236
2851
2921
3201
2194
2566
1681
1639
1824
2101
1789
1926
2384
2183
1123
2396
1812
1622
1814
1994
1824
1775
1527
967
1239
1696
1641
1686
1995
2279
2439
2475
2183
1225
1647
1830
1736
1964
457
1656
1656
1824
1893
1354
1187
914
4974
1512
1407
2536
2237
2237
2534
2534
3525
2534
3014
3014
3722
3722
1743
1440
1631
1824
2270
1672
1723
1546
2104
1891
1824
2265
1694
2100
2337
2019
2353
1517
1641
1404
1824
1964
1824
1977
2265
2158
2158
2158
1977
1597
970
2214
2353
2398
2398
2439
1672
1995
1736
1896
967
1672
1260
1546
2214
2214
1996
1704
1744
1599
823
1887
1511
2101
2295
1426
1442
1654
866
2224
2463
1260
1607
1964
1672
1739
818
861
1977
457
1964
2220
1354
1706
2214
1347
1811
2455
1123
2768
456
1736
2242
1607
1891
2220
1996
1736
456
2285
2333
2050
1812
2101
2619
2823
2236
2237
2237
2530
1745
2285
2238
2957
2101
2214
2384
1912
2104
2195
867
2463
1399
456
1896
868
868
868
2875
2989
2271
868
2889
868
868
868
2889
2137
2889
2889
868
2889
868
868
868
868
868
2889
2875
868
2889
2889
2889
2889
2889
868
868
1348
2183
1631
3217
2288
1775
457
456
1655
2889
868
868
868
2875
2195
2183
1123
1123
1932
2287
868
2875
2875
2827
868
2195
1260
1972
2472
2944
2574
2574
2897
2215
1654
1812
868
2889
868
868
868
868
2337
2385
2295
2897
2314
868
2889
2889
2889
2890
2875
2237
2060
2265
456
868
1531
2214
2018
2315
2214
2889
2827
2889
868
868
2019
2788
2788
1913
1977
2345
2890
2376
3157
2816
3157
3157
2946
2376
2902
2890
3034
2890
2889
2890
2215
2137
2376
2137
2888
2902
2875
2137
2816
2816
3157
3283
3198
3198
3198
3198
3198
3281
3281
3198
3198
2889
2889
2889
868
2152
3198
3198
3198
2875
2889
2889
2137
2137
2214
2889
2889
867
2385
2587
2152
2152
3281
3281
3281
3281
3281
3281
3281
3317
3198
1515
2063
2101
2890
2052
3270
2126
3242
2126
3283
2890
2816
2816
2376
2889
2376
3198
3283
3198
3198
3198
3198
2137
2396
2396
2451
1936
1936
2137
2890
2137
2242
2889
2889
2875
868
2147
2788
2385
2439
2803
1869
2376
2137
456
2285
2285
2137
2890
2875
867
2902
868
2576
1743
2216
2234
1107
2890
2788
2992
2875
2314
2875
2314
2315
2271
3208
2147
868
2902
868
2398
2501
2396
1745
3217
3520
2101
2867
3033
867
2147
2870
2475
468
2295
2816
2127
3137
2875
2147
2788
2183
1518
2492
2890
3157
2927
2927
2126
2126
2126
2816
3157
3157
2126
2867
2126
2167
3045
2927
2485
2927
2126
2175
2126
2126
1400
2376
2137
2238
2103
3209
3033
2153
2875
4974
2449
1385
2295
456
1857
1112
2385
2927
2927
1628
2450
2137
456
1107
3033
2439
2889
868
1108
4986
436
1607
2126
2126
2126
2126
3157
2816
2153
2451
2889
2449
2816
2138
3270
2155
3209
3317
3196
3281
2152
2152
3281
2153
3270
2889
868
3270
2153
3270
3209
3127
3128
2158
2376
2788
1656
2450
2450
2345
2137
2463
2407
2138
3270
3270
3125
2137
3208
1108
2927
2573
2295
2946
2147
1123
2029
2546
1743
3270
2268
2855
452
2332
2875
2875
1701
2492
2807
451
1655
451
2334
1937
2902
3198
3198
2152
3198
3525
2421
2927
2126
2126
3045
3242
1655
2396
2889
3089
2875
2590
2951
2951
2744
2126
3157
2462
2295
2619
2619
2619
1655
2036
2382
2396
2396
2875
1385
2084
2619
2619
2451
2332
2889
3198
3198
3198
3198
3198
2889
2875
2889
3198
2152
2875
2902
2590
2534
3014
4077
2681
2288
2897
2520
2897
2520
3018
3018
3018
3049
3282
2897
2590
2478
2867
3283
3198
2376
2376
2825
2897
2897
2451
2875
2534
2534
3014
2534
2534
2927
2126
2167
2126
3157
2619
3270
2332
2637
1628
1978
2640
1937
2712
2875
2875
3283
1917
1655
2897
2520
2897
2451
2396
3198
2867
2867
2126
2126
2126
3270
3191
2823
2376
2314
2595
3198
2875
3525
3525
2029
3270
3270
3279
3279
3242
3242
2126
3157
2153
2396
2693
2491
2126
2167
2126
2126
2867
2126
3270
2313
2851
2147
2152
2152
2534
2491
2126
3157
2126
3283
2332
449
2620
2633
449
2633
2586
3081
3083
1261
2492
2521
3817
3122
2492
3157
2126
3125
2897
2889
3488
3014
3014
3525
2534
2534
4098
3529
4177
4043
3529
4128
2646
3865
1264
2478
3706
2927
3283
3089
2534
2029
2167
2126
2126
2313
3127
2898
2897
2152
3014
3941
2681
2863
2619
3048
2498
2821
2813
2750
3031
2782
2881
2881
3055
3083
2152
3014
3527
2167
2167
2450
2313
3282
3049
2921
3201
2875
3330
2823
2580
3055
3083
3055
2152
2534
3216
2478
2864
2619
1990
2126
2404
2583
1588
2996
3231
3229
3463
3531
2823
2897
2638
2167
2927
2641
2392
2404
2926
2996
2970
1588
1588
2765
2583
1982
2897
2520
2519
2921
2228
3157
1656
3479
3757
4935
4942
4942
4273
4273
4273
4273
4184
1264
4363
4363
4363
4363
4287
2875
3283
3135
3041
2861
2152
2797
2797
2797
2797
2756
4129
3001
4181
4165
2797
2797
2719
2727
2856
2945
2719
2963
2963
2963
3526
4130
4942
4942
3040
3930
4273
4273
4184
3930
2534
339
342
2126
2126
3045
2126
2126
2867
2885
2918
3488
2532
2746
3820
3820
3463
3812
3603
2972
1589
1589
2765
2534
3283
3048
2404
2813
2824
2768
2900
2556
2737
2943
2840
2813
2797
2731
2797
2813
2813
2813
2721
2770
2850
2906
2735
2856
2738
3093
3052
3087
2920
2959
3716
3941
3722
439
2679
2126
3270
1982
2823
2821
2750
1120
2797
2721
2152
2797
2530
2126
3028
2838
2680
2498
1982
2943
2943
3016
2772
2881
4199
2848
2781
4062
3295
3728
3295
2784
2813
3198
2152
1120
3198
3014
3525
2534
3941
2534
3841
2126
1968
2821
2821
2770
2797
2152
2797
2679
3927
3279
2823
3125
2898
2813
2750
3270
3242
2823
2821
2821
3198
3198
3198
3198
2797
2532
3529
2394
2838
3707
2593
2897
2520
3198
2152
2152
2152
2716
2658
3242
1628
2943
2943
2152
2152
2152
3345
3386
3031
3603
2998
4088
3016
3663
4199
3728
3087
3081
3527
2871
3049
2857
2919
3488
3942
441
3361
2427
2428
2429
2429
2887
1584
3198
2633
3198
3198
3198
2152
2126
3270
2152
3432
3279
2633
2898
3016
2880
2880
2726
2725
3242
2635
3311
1982
3198
2152
2152
3198
3198
3283
3283
3283
2838
3083
3125
3083
3083
3281
2813
2856
3242
1986
2574
3198
2906
2785
3385
2669
2731
4290
2646
4130
441
3311
2642
3863
3083
2919
2738
2152
2797
3242
3198
1583
3198
3198
2921
3018
3018
3018
2152
3021
4199
4156
2929
341
1262
3283
2823
2520
2520
2967
2152
3520
3920
3920
441
3716
441
3709
3680
3519
3730
3283
3311
2429
2898
2152
3049
3018
2797
3075
3083
3196
2734
3505
3075
3325
1983
1589
1983
1983
1986
2972
1986
1983
1986
1986
1986
2972
3083
3316
3728
3018
3018
2152
3198
3281
3198
3198
2913
3283
3603
3603
3663
4088
4088
3812
2998
1983
2898
2152
3441
3520
4167
3242
2736
3018
3019
3094
3875
3001
4129
4065
4065
2963
3498
3729
1584
2945
3032
3198
3283
3317
3355
3869
3867
3867
4221
4225
4225
3867
3867
3867
3890
2765
3283
3198
1986
2427
2428
2428
3281
3018
2920
3093
2740
2983
3198
3107
2774
2783
4118
3302
3099
3099
4024
4211
4164
3101
4200
3365
3834
2882
2953
2926
2766
3010
3281
3281
3281
3281
2152
3281
2152
3281
2920
3049
3018
3198
3094
3905
3375
3377
4122
4201
3103
3740
3740
4001
3719
2981
3495
3339
2583
2583
2970
3044
2926
3730
3387
2772
3317
3279
3281
3281
3198
3520
3729
2896
2429
2152
3281
3722
3881
1589
1589
2865
2896
2972
3317
2972
2896
2429
3281
3093
3198
2959
3920
3920
4217
2774
2774
2783
3250
3492
4063
4140
2783
2781
3201
3242
3833
1983
3281
3281
2983
3198
3020
2921
3001
4065
1263
2972
2896
3281
3281
3281
3281
3281
3018
3198
3018
3201
3716
3231
3231
3678
2972
3198
3052
3198
3198
3844
2972
2998
3198
3281
3198
3281
3198
2740
2743
3397
3756
3342
3492
4174
4195
4194
3873
3668
3302
2783
2783
3716
3716
3716
3345
3603
3076
2972
3423
3281
3281
3281
3198
3281
3138
4130
3881
2972
3198
3281
3198
3198
3281
3198
3198
3281
3198
3920
2428
3527
3293
3603
3050
3281
3018
3281
3281
3018
3303
3258
3630
3138
3164
2913
3897
3881
3605
2583
1588
3087
3198
3198
3198
3096
2783
3747
2740
3246
3327
3819
3425
2767
3198
440
3716
4130
2680
3018
3096
4157
3001
335
3890
2865
2865
334
3018
3064
3716
2996
2428
2428
333
3920
3018
3053
3326
3363
3252
3910
3102
4111
4187
4150
4041
4182
3303
3374
3302
3099
3426
3872
3383
4197
4197
331
4238
4219
4022
2998
2784
3075
3087
3052
3397
3728
3246
3398
3099
3094
3378
2774
4118
3304
4085
2865
3678
2428
333
3920
3366
333
2783
4937
2896
2996
3052
3629
3629
3610
3734
3021
2609
3269
3531
3716
3450
3920
3766
3717
3818
2428
333
3475
3303
3100
3105
4162
2845
2842
3737
2945
3531
3729
3452
4118
3255
4203
3728
444
3007
444
2743
2743
3327
2783
4075
2970
3053
4023
4146
3821
3463
3051
3709
3890
3891
3342
2783
4077
3716
3641
2609
3016
2996
2970
3252
2681
3873
3716
3716
3003
336
3531
3920
3717
4075
3460
3044
3927
4217
4217
3740
2645
2646
4290
4128
4184
4358
1264
4363
4363
3757
3397
3729
3729
3612
3613
3751
3660
3711
3880
4103
3999
4048
4134
4034
4134
4035
4035
4049
4035
4035
4049
3612
3713
3583
2679
3585
3557
3601
3557
3700
3562
4926
3564
3564
3682
3601
3601
3601
3568
3800
3999
3742
3742
3601
4893
3562
4926
4926
3754
3684
3564
4171
3684
3615
3660
3553
4926
3682
3573
4006
3742
3742
3557
3600
3568
3601
3567
3557
4208
3922
3600
3600
3600
4911
4911
4911
3601
342
3700
2998
3891
335
3051
4039
3920
4001
3613
3613
3740
3536
4199
3615
3824
3612
3700
3760
2646
4942
2646
3682
3682
3660
3740
3124
3678
4001
3927
2783
4119
4183
3562
3564
3579
3770
3606
3480
3916
3927
2848
3700
3700
3553
4937
4172
3450
2741
3678
3682
3660
3621
4171
2772
2772
3342
3480
2651
2681
3865
3824
3612
3723
3703
3682
3564
3564
3579
3775
3040
2642
3833
2643
3660
3751
3711
3624
3740
2781
2781
3917
3916
2881
3682
3711
3700
3716
3709
4327
3682
3070
1264
1264
1264
336
3708
3698
3682
3537
3682
3496
4942
3879
3865
4942
3531
3365
3927
3930
4187
3682
3003
4088
4088
4088
4026
2881
4942
2679
2783
3865
3824
3002
3898
3703
3893
3833
3601
3573
3999
4118
3820
4187
3042
3040
3879
3660
3519
4171
2880
2998
4148
3740
4182
2781
4074
3693
4074
3917
3480
3730
3775
3884
4911
4911
4911
4911
4907
4926
4907
4911
3600
3600
3600
3600
3600
3568
3567
3800
3999
3540
4084
4084
3539
4208
4084
3800
3540
3600
3999
4006
3742
3999
3836
3852
4084
3684
3804
3564
3802
3802
3684
3564
3682
3600
2772
2998
3463
4938
4273
4273
4273
4284
4116
3865
2679
3612
3740
2679
4199
3920
4327
3775
3615
2880
4224
3867
4138
4225
3931
4273
4273
3931
3930
3834
3601
3710
3880
3692
4273
4287
4184
1264
3176
3775
3703
4026
4095
4224
3932
4225
3531
3865
3865
3751
3712
4187
3564
4139
4217
3867
3492
4095
4138
4225
3867
3930
4273
4225
4225
4273
4225
4225
4225
4225
4225
4225
3932
4246
3870
3601
3601
3100
4001
4199
3101
3641
4911
4225
4225
3100
3730
4327
4327
4327
3884
4186
4187
3684
3487
4217
3867
3492
3698
4942
4217
4156
3893
3867
4221
3926
3926
2781
3459
3737
4218
3770
3363
4911
4911
4911
3917
4039
2881
3487
4095
3573
3557
3837
3700
3585
3573
4298
4284
4225
4273
4273
1264
1264
4184
4184
4273
4273
3932
3932
4287
4284
4284
3931
4939
4310
4297
4369
4222
4273
3930
4001
4284
4284
4358
4187
3915
4007
4049
4049
4049
4049
3742
3918
3999
3918
3999
3999
3588
3999
4208
3568
3568
4342
3999
3799
4028
4054
4006
4048
3568
3800
3837
3999
3999
4006
4049
4048
4035
4054
4133
4048
4048
4048
4048
4028
3999
4028
3999
3999
4103
3800
3800
3922
4208
3600
3600
3700
3999
4273
3852
3692
3371
3564
4006
4048
4007
4048
4054
4133
4048
4133
4035
4035
4048
4048
3742
3999
4048
4095
3742
3492
2781
1264
4006
4048
4006
4049
4049
4049
4920
4049
4049
4049
4007
4007
4062
4062
3480
4041
4363
343
343
4911
4911
4906
4007
4007
4049
4049
4049
4006
4920
3945
4049
4049
4049
4049
4049
4049
4006
3916
4148
3452
3931
3917
4199
2842
4187
3804
4006
3916
3480
3917
4184
3766
4049
4920
4007
3473
3363
4195
4195
4007
4217
4088
1264
4273
4216
3916
4001
4177
3685
3700
4911
4911
3600
4911
3700
4911
3742
3252
4106
4174
3712
3875
4156
4123
4123
3759
3999
4221
4089
3916
4062
4061
4074
3540
3852
4062
2563
4140
3645
4273
4184
1264
4184
4273
4358
4287
4273
4088
4184
4128
1264
4200
3579
4007
4049
4920
4134
4049
4095
3916
3492
3917
3711
2881
4273
4157
4327
2998
2563
3693
4327
4187
4150
3759
4911
3558
2881
3663
3540
3398
3917
3917
4217
4107
3102
3737
3802
3939
3731
4084
3600
3684
3663
4165
3683
3737
4363
4301
4327
4123
4048
3737
3164
4363
4363
4363
3711
3684
4107
4150
4107
4195
4911
4035
3644
4174
3910
4140
3802
4159
4123
3922
4165
4182
4041
3910
3251
3684
4134
4049
4049
4049
3999
3250
2998
3759
3600
3540
3539
4084
3539
4246
3666
4174
3910
3867
3932
4313
4330
3932
3931
4298
3931
4273
3932
4939
4330
1266
4297
4297
4323
4518
4323
3663
3250
3731
4327
3600
3600
4049
4048
4049
4246
2998
4126
3731
3600
3600
4049
3870
4063
4049
4049
4048
3999
3999
3540
3932
4920
4049
4920
4143
4363
4035
3600
3588
3540
4287
4287
4284
4284
4284
4358
4184
4287
4287
4184
4287
4284
4284
4273
4287
4287
4287
3932
1266
4296
4296
4310
4297
4347
4347
4287
4287
4367
4939
4284
4363
4363
4310
3539
4287
4048
4048
4287
4347
4287
4284
4049
4035
4089
3567
4049
4054
4054
4048
4035
4048
4208
1266
4369
4047
3932
4287
4310
4246
3799
3999
3542
3999
3999
4310
4287
4287
4347
4316
4369
3870
4327
4054
1266
1266
1266
4327
1266
4327
4316
3800
3800
1266
4367
4048
3999
3999
4028
4028
4048
4048
3999
3999
3588
3999
3999
3837
3800
3800
4287
4287
3999
3999
3542
3999
3932
4297
4313
4222
4316
4367
4367
4222
4316
4369
4369
4388
4369
4369
4297
4297
4347
4369
4297
4369
4369
4222
4369
4369
1266
4297
4297
4297
4323
4332
4332
4332
4518
4518
4518
4518
4518
4518
4518
4602
4602
4602
4598
4598
4598
4598
4598
4598
4598
4669
4598
4598
4598
4598
4598
4669
4598
4598
4598
4369
4369
4223
4223
4332
4369
4520
4369
4297
4369
4369
4369
4323
4391
4310
4323
4297
4323
4323
4297
4369
4297
4297
4297
4454
4369
4369
4369
4369
4310
4369
4369
4223
4297
4323
4332
4454
4518
4518
4602
4602
4602
4598
4602
4598
4598
4598
4598
4598
4598
4598
4598
4669
4598
4598
4598
4598
4598
4598
4598
4518
4518
4297
4297
4598
4323
4297
4332
4332
4454
4518
4369
4297
4323
4323
4323
4518
4323
4518
4323
4518
4369
4598
4669
4598
4598
4598
4598
4598
4598
4598
4598
4598
4669
4598
4598
4598
4598
4598
4598
4598
4598
4598
4598
4598
4669
4598
4297
4598
4598
4598
4598
4598
4598
4598
4598
4323
4323
4669
4669
4669
4518
4518
4369
4669
4669
4669
4669
4598
4598
4598
4341
4297
4369
4598
4669
4297
4323
4598
4598
4669
4598
4518
4598
4669
4598
4598
4598
4598
4598
4598
4598
4598
4598
4598
4323
4471
4369
4598
4598
4598
4598
4297
4323
4297
4518
4598
4297
4518
4518
4297
4598
4598
4598
4598
4598
4598
4518
4598
4598
4598
4598
4598
4297
4602
4598
4598
4369
4297
4598
4598
4598
4598
4598
4598
4518
4518
4297
4332
4598
4518
4369
4297
4598
4598
4602
4602
4518
4602
4323
4598
4598
4598
4598
4369
4598
4598
4598
4598
4518
4598
4518
4598
4598
4598
4602
4598
4598
4602
4598
4598
4598
4518
4518
4518
4332
4518
4598
4598
4598
4598
4602
4602
4598
4602
4598
4323
4454
4598
4598
4598
4598
4598
4598
4598
4598
4598
4598
4598
4598
4598
4598
4369
4598
4598
4602
4598
4602
4518
4518
4602
4602
4602
4323
4518
4598
4598
4598
4602
4598
4598
4598
4598
4598
4602
4598
4598
4598
4598
4602
4598
4518
4323
4471
4323
4520
4602
4598
4598
4598
4598
4598
4602
4598
4598
4598
4598
4518
4323
4598
4602
4323
4598
4602
4602
4598
4598
4598
4518
4602
4598
4518
4323
4518
4518
4471
4332
4598
4598
4518
4598
4598
4518
4518
4598
4598
4602
4602
4518
4518
4518
4598
4518
4598
4602
4598
4602
4598
4602
4602
4598
4598
4598
4598
4598
4602
4588
4686
748
240
4711
4529
74
4588
240
240
41
4529
4529
5
4686
5
5
5
998
998
1009
1010
834
836
834
834
834
703
805
833
875
696
1010
696
696
612
781
834
997
836
726
745
4814
721
833
740
801
837
1007
1007
4847
726
4964
845
610
610
635
834
610
604
604
716
4847
4847
884
875
696
799
884
788
4796
844
836
834
834
604
4961
726
785
4853
726
834
835
1009
648
836
846
670
836
997
875
1031
524
524
524
718
849
524
849
524
433
655
324
1193
1193
714
714
983
723
2337
2376
3198
2376
3198
3198
3198
2889
2376
2813
2821
2593
2821
1123
2597
2597
2501
2750
2511
2511
2768
2152
2972
3018
3281
4035
4893
4134
3800
3600
3999
3999
4006
4048
4048
4000
3999
4911
4926
3700
3700
4911
3700
3700
3600
3700
3567
3836
3557
4208
3568
3600
4007
4930
4007
4049
4049
4084
3700
3999
4048
4006
4048
3600
3999
3999
3939
4184
4273
4273
3932
3931
4273
4273
4273
3931
3931
4225
4273
4298
4939
4284
4273
3867
4225
4225
3931
3931
4273
3931
3932
4225
4920
4049
4598
4669
4598
4598
4598
4518
4598
4602
4602
4598
4598
4598
4598
4598
4598
4598
4598
4911
4926
1127
603
1127
1240
4964
4963
1127
4964
2813
2595
2750
2768
2712
2511
2712
2501
2813
2712
2813
2712
2813
2750
2813
2451
2511
4884
2451
2712
2712
2813
2511
4598
4669
