74
74
74
3
3
289
46
229
229
399
190
190
190
18
397
397
4569
4589
19
4589
19
19
19
19
19
19
19
19
19
4569
19
18
18
19
19
19
74
74
207
399
46
207
207
207
74
46
74
18
19
19
19
19
19
19
19
4589
19
19
19
397
18
4569
74
19
74
397
19
4569
74
74
74
3
3
207
19
54
54
56
19
19
19
19
4780
19
18
18
19
19
18
19
19
19
19
19
19
56
18
19
19
19
54
19
56
54
19
396
207
46
184
184
190
190
190
503
190
190
190
190
190
190
190
190
18
19
397
74
207
46
19
19
397
74
74
54
19
19
19
19
19
4611
4589
19
19
4611
4589
19
19
19
4589
74
74
74
19
19
19
19
19
207
18
46
399
399
399
399
399
399
399
190
190
190
399
399
190
180
710
710
710
180
180
180
190
399
399
190
190
207
46
399
399
190
19
19
19
19
19
19
18
207
46
19
46
46
207
19
19
19
74
46
19
207
19
46
46
46
229
316
19
19
397
74
184
190
399
190
229
56
19
19
46
19
395
46
74
74
4611
184
46
19
395
56
19
19
74
207
19
56
19
207
207
19
190
399
46
190
399
19
395
19
56
18
4611
74
3
3
207
46
46
373
19
3
373
74
184
289
19
19
19
4569
4611
4611
4549
4611
4611
4549
4569
19
397
373
207
207
399
395
316
399
19
74
74
46
229
4569
4569
19
74
319
74
3
399
19
19
19
46
399
4569
373
46
373
399
4569
373
190
180
710
796
4864
796
4864
4867
2807
3350
4094
4082
4237
3605
4021
3933
4278
4282
4315
4137
4313
4297
19
4541
3
74
19
229
399
190
180
399
180
796
796
710
710
710
180
190
3
4541
363
3
3
399
19
19
19
74
46
190
190
4589
4589
385
4589
373
190
373
184
399
399
190
4611
19
4589
190
19
4611
4589
373
229
399
4589
4611
4611
4589
4611
190
4611
190
190
399
399
624
624
624
180
190
399
399
373
190
190
399
190
399
190
190
190
373
190
190
399
229
190
190
399
399
399
710
178
178
4864
434
1423
326
2638
1268
3819
2913
3732
3732
2917
3531
3423
3531
3325
3231
3231
3423
3423
3231
3231
3231
3231
3231
2767
2957
2957
2767
2957
1584
1584
2885
1584
1584
1584
2885
2402
2839
1584
2402
2265
1998
1548
1548
1688
1547
1605
1621
1644
2530
3336
3336
2698
2698
3120
3389
190
190
385
190
190
190
399
399
399
399
180
190
190
399
190
190
399
190
503
180
190
190
190
180
180
710
190
796
190
190
190
190
190
399
399
399
399
180
710
710
399
190
190
190
399
399
190
190
190
399
399
399
180
710
796
4864
710
4864
190
755
762
755
806
795
755
785
679
806
806
806
785
785
679
682
682
750
750
750
826
826
826
843
622
811
622
1051
937
944
1221
1056
937
896
985
1236
1097
806
755
1136
755
755
755
806
4964
1073
810
1136
1055
795
806
806
806
795
190
399
190
399
190
190
755
824
824
824
998
998
785
785
824
826
838
772
843
843
785
785
750
785
750
750
750
838
843
1059
399
399
180
180
178
815
653
806
806
806
755
755
785
806
806
806
755
399
399
755
180
1136
785
750
750
838
785
750
826
750
750
190
180
710
796
4864
1136
795
755
755
826
806
810
810
806
785
826
826
826
399
399
750
750
826
750
750
838
838
772
795
1136
767
1136
838
838
838
877
1055
1039
1039
1032
190
826
190
755
399
399
399
190
8
838
180
180
710
710
796
178
710
178
710
750
809
710
796
4864
796
190
838
710
710
826
624
624
750
422
831
806
810
1039
810
795
795
795
854
1055
190
624
178
178
653
653
190
806
826
826
710
710
710
838
1039
806
399
826
1055
795
795
180
710
178
795
1136
824
838
1039
806
943
920
920
937
937
843
787
809
1057
1490
1686
1057
809
624
1055
1055
854
838
838
710
710
854
710
838
399
806
399
677
809
843
838
684
810
843
710
796
838
791
838
826
826
998
826
920
920
854
190
771
843
838
624
809
653
653
1539
1403
1499
1686
1686
710
653
816
816
816
624
787
920
809
843
787
1057
1057
1686
843
811
810
768
807
810
838
838
843
843
843
843
920
838
807
809
816
920
796
796
796
4864
4864
920
796
920
920
1056
178
814
1907
2303
864
863
863
1403
863
2424
1601
2469
2572
2572
2572
864
2212
2005
2924
2126
3284
2176
2176
2176
2816
2417
2927
2119
2416
2417
1039
1039
920
938
934
843
843
843
810
937
624
1133
1236
1221
1038
1084
937
1088
1181
937
1181
1727
1283
904
1232
1205
971
1191
1934
3117
2630
1474
1488
1452
1181
1001
1001
1001
896
887
943
1485
1204
1236
1181
1236
1133
887
887
1038
1071
1038
1221
960
1019
937
920
1475
1164
1037
956
843
843
1051
177
977
1181
1761
1823
1086
1099
1324
1098
1135
1684
1684
1106
1345
1104
1419
1124
1038
843
843
843
399
1057
1475
1452
1897
1898
1205
1898
1918
710
826
750
826
826
1204
985
1019
843
1076
1076
838
1234
838
1234
806
1077
806
824
787
974
1283
1057
809
1404
1887
1887
937
937
888
1222
1194
4864
791
791
826
1283
1284
1488
920
1204
1057
1057
809
811
1183
1342
956
1038
1038
1571
1097
889
1059
1059
920
843
1019
710
887
887
1056
843
622
1076
1076
826
826
826
791
974
791
791
943
771
791
976
1250
919
1318
1099
1392
1324
1419
1320
1475
791
1038
1056
838
1452
1225
1305
1191
1325
1187
1507
1736
1656
1982
1983
2404
1586
1586
1586
2580
2885
2580
2885
2885
2957
2957
2767
2957
2767
2767
2957
2767
3269
3269
3269
3269
2970
2970
2996
1588
2996
2970
2996
2926
3269
3269
3269
2926
1586
1586
1586
2764
1190
1305
1289
1038
1279
1080
1093
1761
1187
920
826
791
791
1134
1195
1196
1780
920
920
843
791
622
622
1283
1279
1097
1038
1204
1090
887
887
1419
1761
1284
1190
653
1419
1353
1501
1250
1192
887
887
896
1019
1761
1231
809
1686
1187
1717
1605
1824
1666
1188
1564
653
1185
1188
1564
1124
1164
1279
944
843
1761
1192
1135
1204
1353
848
938
1051
843
1052
1250
1056
843
1059
1761
1320
1419
1134
791
934
937
1195
1392
1305
1419
1167
1188
1761
1564
178
822
943
791
1057
933
1225
1686
943
1187
933
1284
653
653
809
653
1135
1172
791
1501
1302
2638
4454
4335
4368
4297
4454
4471
4697
4660
4660
1052
843
887
937
1289
1051
622
1419
1305
809
1452
1086
822
1188
937
1195
4864
177
434
4864
719
814
1615
1090
843
1717
1289
719
919
889
1824
2275
2634
1305
1172
1185
1205
1052
791
1392
1507
1736
1104
653
1699
937
1167
1185
896
622
622
1392
1104
1684
1684
972
1824
1717
1605
1547
1998
2158
2158
1917
2450
2580
2393
2552
2393
1621
933
1100
4802
811
791
811
791
1054
1054
1059
925
1059
938
1052
843
1051
1090
622
1322
1195
434
434
1380
1572
1578
1483
1552
2421
791
791
565
1059
933
937
1167
434
4864
434
1486
1578
3432
2335
2431
1955
822
434
719
1260
2227
2590
2421
2693
1575
931
1093
1507
1639
1205
1423
1455
1777
1423
434
4802
811
792
811
811
434
814
896
1564
1639
1717
719
1380
1380
1672
2442
3329
944
1666
1236
434
939
1898
1205
1423
960
1088
1322
972
1712
1322
1322
1474
1485
4864
952
1205
1443
1443
1019
1761
1423
1915
1499
653
952
4864
1452
653
1380
932
1197
1761
653
1539
1639
1293
1575
960
956
1507
1824
1659
653
434
1539
1539
822
1605
1547
1622
1622
1687
1380
815
1907
822
1516
1289
1575
653
1547
1320
4864
653
434
1639
1622
919
1761
973
822
1887
1622
1479
1425
1382
1382
1681
1483
1551
1580
1482
1993
1455
1455
1455
977
1898
1898
434
1439
1038
1642
1289
1507
1727
815
1669
1740
1642
1305
1479
1486
1578
2534
3894
3819
3531
2820
2820
2820
2820
3423
3423
3423
3231
3423
3269
3231
2767
2767
3231
2767
2767
2767
1443
1439
1196
1547
4864
1887
863
1887
1403
863
2424
822
1485
1381
1425
1483
1591
1038
1380
1873
822
1887
1405
1382
1578
1818
2265
1580
1381
1604
1696
1769
2402
1584
3423
3526
1546
814
2590
1669
1548
1548
1998
2158
2158
2402
1998
1585
2238
1998
1548
434
1578
1485
1696
1696
1668
1164
1817
1761
1686
1777
1818
2401
2402
2839
2885
2885
1584
1584
1584
2957
1425
1548
1185
1702
1548
1777
1777
1818
1818
1818
1998
1578
1443
1482
1443
1080
1501
814
1761
1572
1205
977
1225
1501
2285
2039
816
822
822
1572
1672
1088
977
1817
1479
1479
1578
1443
1260
1407
1574
2951
3850
1736
1104
1994
1539
1509
1539
1455
1205
1689
1547
1998
1547
1818
1425
1910
821
1535
1552
4863
2247
2303
2572
1380
1669
1702
1702
1547
1425
1897
1925
1377
1741
2032
1548
1900
1196
1295
1407
1486
1425
973
2638
4867
2988
1724
1998
2265
1585
2402
1585
2393
2393
2580
2580
1585
2580
2580
1887
1562
1574
1873
2158
1998
1818
822
1898
972
1135
2005
1690
2744
1473
1407
1486
1702
1998
1998
1283
1615
1647
1887
2064
2064
971
2341
2807
3653
2005
3414
1541
1455
1998
1580
1898
1196
1348
3117
3117
3117
1110
435
1977
457
1345
1998
1914
2265
2238
1627
2402
2238
1898
1779
1516
1967
1345
2201
2269
1729
1486
2450
2450
1486
1998
1818
1998
1585
2402
2885
2885
2885
1584
2885
1584
2885
2885
2885
2885
1998
1998
1998
1871
3120
3437
1450
1436
1674
1745
2590
2590
3431
1294
2590
4867
1998
1998
1777
814
1450
1656
1998
2265
1998
1998
2265
2265
1998
1914
2401
1887
863
1403
863
822
1741
1415
1539
1578
1917
1998
2238
1585
1917
1585
2402
2402
1585
2265
2402
2402
2402
2839
2402
1585
2402
1585
2402
2402
2402
2402
2402
2402
2402
2402
1585
2402
1887
1684
1887
1956
1887
1404
2384
2336
1106
1303
1345
2158
1998
2265
1499
1887
971
1303
1445
2158
1914
1403
1956
2050
1295
1486
1424
1502
1703
2238
2265
2401
2839
3028
1584
3028
3028
3028
1626
2064
1578
2158
2265
2238
2238
2402
1403
2064
1749
1796
1998
1998
2590
816
1403
1585
2402
2402
2580
2885
1584
2885
1585
2885
1887
1578
1818
2265
1826
3117
3117
3117
3120
3389
1917
1917
1585
1998
2265
1403
1450
2187
1780
1585
2552
1585
2580
2580
2393
1585
1585
2402
2402
2402
2265
2402
1627
1627
1584
1584
1584
1584
1584
2820
2820
2820
3231
1585
1917
1294
4867
2588
1527
2393
2580
2393
2393
2402
1627
2839
2402
2839
2839
1584
2885
1584
2885
1584
2885
1584
2957
2957
2767
2767
3269
2767
2767
3231
3231
3231
3231
3231
3231
2767
2767
2820
2820
2767
2767
2265
1585
1403
2384
2916
1962
1306
2303
2530
2402
1917
1585
1917
2204
2135
2134
2106
2106
2303
2303
864
2111
2172
2141
2141
2141
2289
2095
2111
2111
2111
2141
2141
2204
2289
2134
2198
2198
2115
2198
2198
2005
2105
2106
4870
2241
2241
2241
2141
2204
2289
1405
4867
2988
1914
2187
2402
1585
2402
2885
2580
2402
1917
1585
1585
2580
2402
2265
2134
2134
2180
2134
2180
2134
2134
1871
3117
2393
2141
2010
2021
2000
2198
2141
1994
1745
3439
3330
3278
2861
3135
2424
863
1482
1585
1106
2106
2106
2198
2021
2106
2198
2204
2241
863
2303
2005
1424
1627
2402
2402
863
1601
863
2198
2105
2134
2198
2134
2134
2135
1724
3894
2402
1585
2402
1585
2095
2951
2402
863
863
863
863
2212
863
2111
2416
2204
2134
2119
863
863
2572
2264
2264
2212
3014
1585
2402
2393
2393
2393
2404
2168
2202
4869
4869
4874
4873
2115
1887
2241
2241
2106
2115
2202
2241
2412
2754
2241
2241
4869
4869
2124
2639
2956
2689
2689
2689
2689
2172
4874
2754
2649
2886
3129
2754
2111
863
863
2416
2572
2349
3191
2893
2748
2748
2748
2748
2748
2748
2684
2748
2748
1674
3336
2402
2839
3028
1584
1627
2839
2303
2062
2062
2469
2379
2303
2169
2170
2241
4869
2436
2436
2436
4869
2124
2639
2639
2009
1982
2633
1983
1983
2691
2896
2168
863
1403
2180
2412
2012
2134
2020
2021
2379
2303
2384
3431
1486
2172
1585
2580
2580
2134
2198
2020
4875
2141
2141
2233
3117
1502
1585
2580
2303
452
2303
2303
2303
864
2303
864
863
1601
2104
2106
2303
1601
863
2572
2572
1601
1601
1601
2119
2529
2141
2408
2336
2630
1113
2590
4223
4314
1584
2839
4869
2572
2212
2572
2011
2349
2371
2951
1584
3028
3028
2009
863
2572
1601
2079
2379
2079
2630
326
3439
3819
821
2202
982
2303
1404
2379
2009
982
2202
2303
821
2168
2202
2303
822
2303
2303
2303
1404
4869
2172
1585
1627
2885
2885
1584
2552
863
2469
2572
2572
2106
2021
1729
3117
2951
2823
2839
2885
2580
2580
2431
3015
2247
2303
1404
3029
2679
3717
1584
2402
1584
2580
2580
2580
2580
864
2412
2529
2005
3738
3433
1745
2303
822
2303
821
2303
4869
2839
1584
2839
863
2634
2572
1724
4869
1887
1601
1601
2469
2444
2684
2684
3126
2748
2684
2402
2839
2572
1601
2414
863
863
2469
1601
2425
2060
3349
2402
2580
863
2285
2744
2885
2402
2885
2885
2885
2431
2764
863
2927
3117
3120
863
1601
1601
1601
2425
2580
1585
2402
2580
2285
821
2534
2350
3028
3028
1584
2820
2247
2630
1745
2350
2885
2885
863
1527
2062
1584
2885
2885
1584
2885
1584
2885
2885
2885
2060
3278
2885
2580
1982
2816
3117
3122
863
2580
2885
2885
1586
1586
2393
1586
2754
2649
3284
2649
2421
2303
2303
2303
2885
2885
2424
1982
2754
2446
2417
2590
3439
3336
2303
2303
2303
3028
1584
1584
2820
2820
2820
2820
3075
3075
2820
3028
3075
1586
1586
3015
2816
2951
2820
2820
3423
2885
1584
1584
2820
2820
2820
2767
2820
3231
3231
2885
1584
2896
2583
3129
2435
2649
2124
2436
2436
2435
2754
2435
3130
3157
3129
2409
2409
2478
4454
3750
2885
2425
3047
3349
3349
3413
3413
2480
2815
3120
2241
4869
4869
2436
2861
2060
3349
2764
2138
2709
2491
1745
3850
1404
2303
2303
1584
1584
1601
2469
2262
1584
3028
2424
1586
2766
2885
2957
2957
2896
2969
2764
1983
2896
2754
4871
2928
4869
2885
2885
2060
2885
2885
1601
2425
2425
1983
1983
2409
2409
4871
4869
1887
1601
1601
1601
1601
2820
3047
2436
2896
2764
2583
2754
2590
2638
1601
2469
2468
2255
2169
4869
1601
1601
3015
3329
3336
821
821
2168
2168
1584
1584
1584
1584
1601
1586
3191
2176
3130
2176
1745
2303
4869
2202
2885
2885
2583
1588
1588
1588
2896
2969
2969
2996
2969
2969
1588
2896
2944
3479
2867
2698
2609
3496
3495
3122
2820
2885
2885
2425
2816
2590
3745
4454
4456
2913
2913
4454
3012
4456
2168
2885
2885
2885
2478
2303
2303
821
1601
3047
3413
3130
3157
3157
3431
439
4869
3894
3075
1584
3028
1601
1586
2926
1588
1588
1588
2969
444
443
444
443
3007
3387
4165
3459
2899
2899
2878
2590
2530
2303
1601
1584
2957
2957
1601
1601
3349
3349
3126
3890
3129
3819
2820
3423
2820
2957
2767
2767
2820
2957
2767
2767
2767
2767
2767
1601
3126
3126
3126
3232
4223
4456
3819
2820
2820
2767
1588
822
1584
2767
2767
2767
3231
3231
3231
3531
3423
3192
3192
3519
3519
3519
3519
2917
3531
1584
2820
3075
4890
3702
2303
3819
3192
2957
2885
2767
3231
3231
3423
3531
3531
3192
3231
3231
3029
2767
3231
2767
2767
2767
2767
2767
3231
2957
2767
3349
3135
2932
3012
2303
2767
2957
1584
2957
2957
2767
3330
3879
2646
4293
4336
4336
2885
2462
2176
4869
3331
4937
2436
3738
3738
3120
2698
3679
3002
3001
3897
4158
3002
3008
3240
3603
2608
3738
2590
4454
3732
2681
2913
3012
4456
4271
2168
2303
2106
2303
2820
2767
2767
3231
2767
2767
3231
3423
2820
2926
2441
3505
3506
3820
3820
3462
3231
3231
3269
2767
2767
2767
3819
4430
2169
3330
2767
1601
3332
2601
3117
3117
3008
3388
444
444
444
444
3530
3813
444
2703
3388
3150
3008
2981
2560
2997
2733
2856
2561
2772
2945
3414
439
439
2535
2198
1601
2767
2767
3075
3423
1588
444
444
3117
3484
3232
3484
3122
2303
2767
2820
2767
3231
3423
2767
3231
2767
3231
3231
3423
3075
3423
3604
3531
3604
2957
2957
3269
2957
2767
444
444
444
2998
3459
4238
4156
2773
3677
2846
2997
3240
444
3191
3242
3530
2867
3414
2530
3012
3819
2199
2957
2957
444
1588
1588
3388
2702
3130
439
2679
1601
2767
2820
2767
3135
3349
3349
444
2996
2469
2251
3819
2820
2820
2926
2926
1588
3240
2886
2649
2435
2530
4454
3819
2767
2767
2767
3231
2767
3029
3715
2679
2926
2926
3349
3349
2435
2436
3130
2867
3273
2176
3486
2379
3717
2480
3388
2899
4872
2590
2767
2767
3029
3349
2970
2970
3501
3820
3229
4088
3459
4102
3124
2435
3679
3122
2767
3231
3349
3349
3123
3130
3012
4869
3339
3345
3489
3605
3605
3605
3349
2864
3478
3269
2767
3231
3423
3231
2649
2996
2458
2649
3157
2169
2508
2767
2767
3284
3819
2767
2480
3349
3349
2970
3846
3846
3008
3002
3818
3423
3269
3269
2124
3284
2649
2886
2169
2123
2169
3075
3231
2767
3231
3231
2804
2445
2996
2996
2970
2996
3273
3345
3231
3044
2481
2649
3273
4157
3001
3008
3005
441
3506
3423
3423
3423
3678
3819
2681
3266
2857
2126
2867
2169
2507
3423
3423
3423
2639
3349
3425
3350
3847
3349
3349
3349
4157
4238
4238
2665
4223
4456
2169
3423
2970
3349
3349
3603
2639
4376
4137
4456
3482
2747
3851
3851
2618
2767
2468
3349
3605
3413
3191
2878
3413
3486
3423
2970
2445
2856
2124
3029
3423
3423
3531
3531
3423
3269
3269
3269
3269
3231
3269
2767
2767
2767
3269
3269
3269
3269
3269
2468
3124
2846
2804
3350
2560
2956
2748
2956
2794
2535
2169
2970
442
3392
3501
3820
3519
442
3392
3269
3413
4223
4223
441
2767
3423
2857
2932
4157
2906
4238
2999
3840
2700
3432
2917
3423
3423
3423
3231
3269
3603
2956
2410
2169
2169
4942
4293
4939
4021
3231
3423
2124
3423
3423
3605
3345
3605
3605
2748
3349
3124
2735
2945
2734
2893
2649
2856
3095
3053
3374
4247
3072
3910
3910
4063
3915
2733
3819
3231
3231
3231
3231
3231
3423
3231
3423
3269
2684
2684
2684
2684
2684
2684
2684
2484
2684
3031
3413
3350
3413
2649
2856
3138
3480
3251
3072
4122
4024
3363
2701
3139
3231
3231
3269
3462
3531
3531
3531
3531
3519
3820
3501
3006
2748
2684
2684
2639
4223
2917
2767
3231
3349
3605
3605
3345
2710
2748
3431
3423
3231
3231
3231
3231
3335
3231
3335
3349
3605
2484
2784
2956
3414
4321
3934
4321
4199
2563
4144
3917
4061
4119
3765
2848
2882
3231
2679
3717
3231
2748
2748
2748
2956
2649
3054
3004
2608
4223
2618
2748
2748
2689
2748
2748
3350
3349
2956
3350
4199
3431
3423
3531
3231
3231
3231
3423
3423
3423
3531
3531
3192
3531
3531
3531
2917
3680
2689
3715
2689
3605
3605
2748
3653
3231
3423
3231
2689
2639
2684
2956
2748
2734
2561
2772
3468
3397
3250
3900
4131
3072
4024
3056
2781
3431
439
3432
3392
3294
2507
2639
2689
2748
2748
2748
2983
4064
3263
3231
2507
2689
2507
2618
2639
2748
2689
3757
3847
1268
2970
3392
3423
2124
3605
3757
3413
2956
3413
2920
3087
2738
4340
439
3002
3927
3231
3192
3387
2689
2956
2689
3350
2848
3423
2507
3424
3053
3840
3858
3531
3531
3531
3531
2748
2803
3627
3604
3531
3531
3295
3459
4173
4021
3423
3531
3192
3345
4021
3374
3840
3531
3605
3889
3605
3489
3605
3605
2984
3708
3473
3252
4211
3856
3856
3719
3316
3052
3452
3452
3363
3465
4247
3452
4172
4172
3818
3006
3531
3192
3007
3531
3423
2917
3531
3678
2772
4026
2561
3051
3053
3452
3834
3630
2562
2783
3231
3604
2917
3345
3605
4137
4137
3387
3915
3819
3462
3489
4237
3452
3402
3099
3099
4223
3007
3519
3609
3489
3605
4313
4219
2700
3605
3605
3605
3605
3480
3326
3940
4271
2608
3006
3335
3604
2679
3480
2783
4247
3506
3462
3519
3531
3531
3295
2849
3402
2609
3531
3605
3487
2679
3531
3519
3678
4183
3038
3192
3531
3665
4024
3732
4454
3501
3462
2917
3326
3732
3488
3506
3039
3387
3519
2783
2783
3462
3462
2679
4216
4137
4024
4454
3942
4347
4271
3462
3680
3609
3732
3105
3686
3686
3622
3648
3566
3566
3880
3880
4007
4051
4051
4051
3880
4103
4103
4051
3856
3622
3104
3743
1362
1362
1362
1362
1362
3648
3648
3648
3648
1362
4019
4019
3572
1282
3951
1282
1362
1216
3648
3638
3638
3856
3622
3622
1215
1216
3698
3572
1215
3951
1362
3970
1362
3955
3955
1216
1362
1216
1362
1216
1362
3532
2681
3508
2772
2772
2679
3719
3104
3481
3104
3622
3686
3105
3671
3824
3901
2913
3819
1216
3648
3104
3104
3519
4137
3834
4144
4144
1216
1215
3905
3495
3295
4026
2679
3610
1216
1216
3686
3003
3663
3519
3468
3951
1216
3648
2609
3483
3858
3468
2849
4024
2913
3618
3257
3671
3638
1282
1215
1216
2609
3894
3489
2679
1372
3648
3535
3622
3686
3875
4156
4026
4183
3648
1437
3566
3743
440
3856
3648
4247
4454
2880
3519
3648
3622
3622
3770
2681
2917
2681
3732
4063
2679
2913
3671
3638
2609
3820
2609
3663
3460
3732
3732
2535
3618
3071
1216
3648
3846
3941
3951
3951
4238
4271
3856
3894
2681
2679
3732
3905
1215
4088
2561
3819
4104
3431
4109
3728
4062
3728
3820
2609
3820
1282
1362
1257
1362
1362
1362
1362
1362
4895
4914
3788
3955
4918
3638
3638
3955
4918
4918
4918
4918
4918
3955
3955
4260
3566
3638
3638
3638
3638
3638
3622
3638
3648
3648
3006
3820
3519
3928
4937
2681
3732
3610
4024
4219
3459
4292
4247
3856
3468
4937
4293
3942
3638
3566
2783
3851
4290
3496
3648
3638
4021
4021
3933
4293
440
2913
3698
3856
4223
3951
3865
4277
3609
4021
2646
4293
4939
4939
4939
3933
3933
3933
3933
3648
3252
3622
3820
3257
1362
4293
3698
4370
4314
4340
4330
3856
3638
3888
4021
4942
3397
4354
3820
3648
3519
4939
3622
2665
3459
2608
4117
3608
1215
1282
2881
2880
4026
3566
3519
3955
1362
1282
3566
4287
4287
4939
3933
3933
4297
4297
4337
4297
4310
3942
3856
2561
4007
4007
4019
3880
4037
3648
3951
3951
3951
4019
4019
4260
3955
3955
3955
3955
3955
4260
4051
3880
4103
3880
3951
3951
1362
4260
4019
4019
4051
4019
4019
4031
4051
4019
4051
4019
4051
4051
4103
4019
3541
3541
3541
4019
3955
3970
4895
3955
3955
1362
3879
3856
3535
3856
1216
3572
4019
4019
4009
4051
4019
4051
4019
4103
3541
3951
3572
3955
3038
4021
4061
3820
4019
3955
3880
3880
3880
4051
3880
3880
4035
4026
3663
3698
3104
4293
3638
1362
1282
3572
4920
4103
3572
3572
4051
4103
3880
3880
3880
4103
4019
4102
3468
3820
3820
3002
3856
4019
4165
3468
2646
4119
4079
4019
3933
4918
3638
3178
3880
3933
3820
4292
4021
3933
3248
4354
1282
1362
1216
1216
4102
3250
3177
3719
2773
3459
3257
3940
4247
3933
3933
2782
2782
2782
3648
3638
3610
2848
3728
4293
2781
4354
3177
3880
4103
3880
3880
3846
4021
3933
3933
3728
4102
3698
3760
3459
4037
4062
4062
4370
3686
3910
3177
3460
3459
4088
3395
2773
4192
3758
3071
4088
2609
3638
3638
3648
3006
3002
3003
4293
4336
4160
4088
3002
4158
4347
3820
3638
3856
3614
3856
1216
3880
3916
3251
3917
4074
3856
3880
3834
3940
3250
3638
3880
4051
4051
4019
3566
3459
2609
3648
4895
3788
1362
4895
3933
4074
4063
3250
3933
3933
4297
3933
4939
3933
3933
3933
4453
4297
4471
4602
4602
4602
4158
3917
3638
4315
3638
3880
3880
3933
3933
3250
4063
3638
4050
4051
3250
4028
4260
4260
4260
4260
3933
4051
4051
4007
4918
4051
3638
4260
3955
3566
4336
4335
4940
4939
3933
3933
4297
4297
4297
4297
4297
4297
4277
4369
4369
3933
3933
4310
3933
1362
4336
4260
4296
4297
4103
4019
4278
3933
4895
4051
4051
4051
4007
4028
3543
4297
3880
4260
4297
4297
4335
4260
4260
4260
4260
4297
4297
4310
4368
4368
4272
4369
3933
4297
4297
4297
4271
4297
3933
3951
3933
4297
4019
4019
4019
3541
3541
4051
4019
4019
4103
4019
3541
3541
4019
3955
4317
4260
4369
4297
3541
3955
3933
4297
4297
4330
3933
4297
4297
4368
4368
4297
4369
4454
4369
4297
4297
4297
4297
4454
4297
4368
4471
4297
4297
4337
4297
4297
4297
4297
4297
4297
4297
4370
4471
4602
4602
4370
4370
4602
4602
4370
4370
4602
4602
4602
4602
4602
4602
4689
4689
4689
2640
4689
2640
2839
1978
1589
4689
1978
4323
4454
4323
4602
4602
4506
4368
4471
4297
4297
4471
4337
4471
4471
4297
4297
4337
4297
4297
4337
4323
4297
4297
4297
4368
4297
4297
4297
4297
4297
4297
4323
4453
4297
4297
4297
4297
4471
4471
4297
4471
4297
4323
4297
4297
4323
4370
4370
4602
4602
4602
4602
4602
4602
4689
4689
2640
4689
2945
2945
4689
2640
4602
4689
4602
1589
3311
3311
4602
4602
4471
4297
4602
4602
4297
4297
4297
4323
4471
4471
4297
4337
4297
4297
4602
4323
4370
4370
4297
4370
4453
4471
2640
4689
4689
4689
4689
4689
4689
2925
2640
1982
1589
2925
2499
2640
4689
2839
1589
4297
4323
2640
4689
2640
2925
2640
4689
1589
2839
4471
4689
2925
2640
4689
4297
4370
4473
4471
2640
2640
2925
4689
4689
4471
4471
4370
4453
4689
4370
1589
4689
2839
2640
4471
2640
2640
2499
2640
2925
1589
2925
2925
2839
4689
4689
4323
4471
2925
2640
4471
4297
4297
4689
4602
1978
4323
4370
4602
4471
4370
4689
4337
2925
1589
4323
4370
2925
4473
4370
4689
4689
4370
4471
4689
2640
2839
1589
1589
4602
4602
4602
4471
2998
4370
4602
4471
2839
2839
4602
4602
4602
4602
4370
4602
4506
2839
4689
4370
4602
4471
4689
4689
4689
1589
4602
4689
2839
4602
4689
2925
3311
3603
4602
4602
4370
2945
4689
2839
4689
4602
4602
4602
4689
4602
4602
1684
3311
1582
4602
4602
4689
4602
4506
2945
4689
4602
4689
4602
4602
4602
2945
4602
4689
4689
4689
4689
4689
4471
2925
3311
4602
4602
4689
4602
4602
4602
4602
4627
4602
2945
2945
4689
4689
4689
4689
4689
4689
2945
4689
4602
4602
4602
2945
4602
4689
4602
4602
4602
4602
4602
4602
4602
4602
4602
4689
4689
4602
4602
4602
4602
4689
4689
4689
4689
4689
4602
4471
4689
4602
4689
4602
4689
2925
4689
4689
4689
4689
4602
4602
4602
4602
4689
4602
4602
4602
4689
4689
4689
4689
4602
4689
4602
4602
4602
4602
4602
4602
4602
4602
4602
4602
4602
4602
4689
4689
4689
4602
4602
4689
4602
4602
4689
4689
4602
4689
4689
4602
4602
4602
4602
4602
4602
19
395
56
19
74
4589
19
19
19
74
46
19
19
19
19
19
19
19
19
1367
806
768
806
810
750
811
806
755
806
806
1055
838
750
1136
810
622
1073
750
795
1076
806
826
791
682
1003
750
826
826
811
826
1032
826
838
728
997
810
854
750
811
811
750
811
806
1076
811
795
785
1039
811
806
653
796
710
4864
4864
653
4864
178
4864
178
796
1403
2436
4873
2436
2649
2436
2436
2172
444
3269
3269
2970
3117
3117
3117
1588
3117
3117
444
3117
3389
3120
2409
3269
3349
2684
3880
1362
3566
1362
3572
4019
3543
4019
4019
4914
1282
1282
1362
1362
1282
3951
1362
3955
3955
3955
1362
4051
4019
4051
4007
1362
4260
4019
4019
4019
3951
4019
3933
4293
4939
4335
4939
3933
4939
3880
2925
4323
4689
4689
2640
2499
4602
1589
4602
2640
4689
2640
2640
4689
4689
1362
4848
826
1367
826
826
1367
826
826
2630
3117
2969
2969
444
3015
3332
3117
3117
3388
2866
2866
3117
444
2866
2622
447
2622
444
190
399
2767
1584
2402
1584
2839
2839
1584
1998
1584
1585
3231
2767
2402
2839
2402
2402
1584
2885
3231
1584
2767
2767
3231
3231
3231
3231
