128
259
259
119
269
94
348
434
370
532
539
100
101
29
195
41
41
41
41
128
128
128
128
173
101
41
41
128
41
41
41
128
128
128
100
100
100
128
48
4
165
257
357
423
246
19
66
252
100
34
101
41
41
41
41
41
195
41
41
41
41
195
128
128
128
128
128
128
173
100
109
135
120
402
85
129
100
128
100
195
34
195
41
100
195
29
100
101
101
100
100
100
195
128
128
101
195
195
100
128
128
100
100
195
101
128
100
128
128
66
65
241
341
359
408
433
266
143
226
264
226
285
100
128
128
128
244
64
195
195
128
48
332
100
128
128
41
195
128
41
41
41
41
41
41
41
173
195
128
41
259
259
116
48
100
101
100
128
41
116
100
82
164
268
285
301
530
485
485
209
14
223
794
540
529
529
452
343
64
116
235
248
367
13
252
41
100
195
18
195
192
247
41
114
240
137
235
195
101
128
81
100
135
101
128
260
62
62
257
257
41
195
18
18
158
276
306
265
254
41
41
41
41
139
65
41
106
100
100
70
238
65
41
195
41
160
100
128
128
128
357
34
202
482
351
351
304
306
195
34
195
41
305
332
130
336
3
313
117
4758
100
333
349
128
305
402
41
195
41
101
41
195
41
41
41
135
41
41
128
333
221
81
259
473
195
9
321
41
402
71
336
254
101
41
41
41
286
264
101
135
141
41
41
41
195
349
301
41
221
432
62
41
13
13
218
545
415
545
790
1501
1381
881
952
952
4858
910
4235
4334
1895
1720
1797
4334
41
135
269
195
41
302
227
227
13
480
687
453
227
151
402
402
402
313
41
41
41
41
195
100
137
61
306
41
41
344
41
434
41
41
59
226
209
484
101
195
41
41
227
41
41
349
41
41
41
41
41
41
226
265
301
481
216
216
453
530
257
457
479
209
343
227
432
485
481
485
485
209
487
791
542
542
542
794
415
1451
1672
1747
1791
1690
1689
1476
1477
3240
1873
2580
510
2407
1922
2323
2104
2104
1966
1966
2003
1918
1695
1614
1614
1667
514
514
1633
1613
1605
1763
1605
516
516
1840
2291
2444
2073
2332
1878
2330
1879
376
486
484
479
530
420
533
433
528
535
14
14
413
377
267
486
449
143
413
480
481
143
487
477
266
449
376
216
377
788
378
721
594
594
714
714
714
714
714
4844
677
676
594
597
597
1104
584
654
714
676
676
597
597
676
658
657
4811
659
604
606
4809
1499
4809
612
1496
1493
986
1502
1456
1569
1283
1180
950
622
1147
625
1239
677
594
594
596
596
596
714
654
654
1104
654
654
654
571
638
638
591
591
591
591
591
582
590
487
376
4844
676
655
4829
4829
4829
1095
1096
1095
1095
1095
4837
678
678
4846
741
796
746
823
793
676
676
657
598
4812
4793
4793
4819
987
1298
1140
529
453
379
795
382
420
714
714
582
714
714
676
377
714
714
714
714
376
740
453
714
676
657
822
676
4837
4846
657
657
791
472
545
591
571
714
591
591
714
714
591
740
4846
582
673
738
697
715
714
4846
599
746
447
769
748
676
4811
4814
680
609
896
591
591
571
591
591
653
593
636
755
842
725
725
4804
725
725
601
591
591
579
376
14
821
4819
222
378
794
794
794
794
591
794
377
415
680
682
378
579
453
216
453
750
653
636
574
694
573
631
631
631
572
4804
4804
842
216
542
826
826
826
579
590
681
876
794
378
822
653
697
664
14
828
725
634
631
216
629
725
629
669
715
670
579
590
894
934
1128
684
794
942
1050
216
725
725
726
647
670
222
222
671
697
223
4785
4809
636
636
216
882
608
922
4818
757
671
917
788
415
741
669
937
1094
1170
4823
1095
659
868
914
725
791
672
610
833
216
542
542
1556
1576
491
1556
1050
216
214
1556
1556
214
379
935
833
827
781
1050
4785
1499
771
841
834
767
807
979
608
610
1150
1073
788
1142
736
877
830
216
214
687
826
415
415
415
378
543
852
1048
788
788
947
824
383
1553
815
1552
1596
865
798
561
484
366
248
65
234
248
234
484
131
234
764
758
916
1031
1048
612
615
1354
986
1499
734
949
1090
994
994
1147
1039
1383
1092
1179
1027
949
1028
1132
1598
1609
1134
1831
996
998
1176
1365
1365
1365
1365
1608
1824
1812
1783
1845
2011
1865
1865
1865
1865
1090
1132
1132
1029
620
1139
1455
1020
1022
1126
992
1516
1542
1044
1044
1035
1035
1022
1256
621
622
995
1169
1438
1716
685
1029
991
1127
1169
1169
1141
1323
1047
794
991
1179
1125
1016
1016
997
1001
1042
1137
1042
1005
1003
1364
1626
1364
1824
1219
1078
1083
1082
1826
1606
1408
1244
1236
1085
1046
1358
1354
1151
883
214
1026
1016
1016
1015
1365
1365
1365
1554
1365
1182
1015
542
216
1071
661
4972
604
4968
1136
626
1036
985
980
4825
1096
4789
1100
4825
979
980
4781
637
638
586
4840
1104
542
1028
998
997
544
782
491
781
852
1034
1038
1438
1179
989
929
1181
1181
997
1125
1013
672
1166
1046
788
781
214
624
1324
1025
1136
1116
1307
1296
1358
1358
883
1322
216
1017
1455
1149
1496
1234
980
4825
4825
4781
1100
1095
1170
1181
1170
887
997
1181
1222
1325
1163
1163
1163
1163
997
1052
1377
4806
1051
1042
1059
1043
1177
1167
1125
1013
997
998
1383
1456
4797
1085
1247
1299
1068
1312
1306
1265
1271
1482
1188
1852
1869
2125
2125
2125
1999
1987
1999
1800
2385
2335
2344
2417
2556
1194
2425
2425
2455
2335
2401
1195
2126
1941
2126
1308
1220
1251
887
996
1739
1768
1383
1768
1016
1255
885
1154
1181
1255
1658
1538
1726
1769
1944
1181
1126
1366
1231
1231
1429
1493
1493
1041
1053
1739
1003
1831
1609
1609
1000
1243
1517
1568
1257
1256
1167
1058
999
1077
1247
1255
1168
1326
1506
1808
998
1403
1380
1257
1242
618
1177
1107
1178
1107
1041
214
1276
1389
1421
1414
1505
1266
1311
1389
1271
542
1060
1394
1421
1419
1085
1166
1118
1004
1524
1702
1051
1357
1185
1007
1403
1824
1071
1421
1163
1163
982
1230
1293
998
1502
1436
1172
1318
1057
1236
1421
1122
850
1691
1377
1177
1285
1328
1295
1123
1368
1051
1278
216
942
849
1163
544
544
1051
1542
1256
1367
1455
1041
4853
542
1337
1520
1520
1006
1163
1162
1506
545
1451
1717
1954
1954
4384
4392
4438
4681
4438
4654
1437
1437
1236
1356
1591
1437
1427
1232
1310
1606
1183
1334
1598
1334
1114
1643
1312
415
826
794
415
415
1451
1038
790
1540
1439
1439
1161
625
1372
788
1451
1569
1303
1573
1868
1106
1626
1337
1671
1291
1608
1053
1365
1608
1608
1608
1320
1591
1174
1408
1189
1285
214
515
850
1137
1176
1053
1364
1554
1609
1365
1281
1335
1431
1232
1429
1171
1124
1175
1176
1270
1604
1740
1633
514
1583
513
513
1416
1400
1633
1740
1763
1740
1364
1364
4836
4810
4835
4972
1229
4971
1425
4810
1293
1480
1434
1432
1356
1431
1431
1241
1240
999
1441
415
826
415
415
1744
1668
1701
1701
516
516
516
1777
4974
1163
4815
1643
1559
1305
1414
1365
1609
1365
1364
1364
1434
415
542
542
1618
1741
1462
1755
1631
491
491
1444
1621
1449
1839
1939
1997
2291
4810
4815
1514
4815
1239
1605
1365
1831
415
1618
1680
1537
1678
4810
4815
4815
4836
1493
1234
4821
4821
4822
1451
790
1377
1831
1125
1633
1633
1568
1643
1444
1539
1735
1449
1641
1592
1173
1565
1542
1240
542
1364
1609
1609
1365
1365
1609
1609
1609
1609
1609
1365
1365
545
790
1599
1788
1106
1175
1161
1262
1033
826
826
542
415
1365
1365
1470
1744
790
1024
1537
1609
1175
214
1556
542
826
542
826
542
542
542
1713
1624
1367
1609
1831
214
1536
1613
1613
514
542
1713
1516
1599
1788
1530
1269
1262
827
542
1660
1536
1536
1613
514
1613
1605
1613
1585
1605
1605
1613
1613
1605
721
566
417
947
1242
1226
1560
1470
214
514
1289
1613
826
542
1633
1605
1605
1605
1242
1176
1024
1033
1084
491
1633
1605
1723
1613
1681
1667
1613
1605
1605
1639
1737
1682
1669
1669
1737
1858
1668
1744
1621
1609
1609
1609
1609
1609
1365
1365
1015
1504
1078
1740
1716
1505
1613
1605
1609
1609
1609
1365
1365
1560
1482
1033
544
1640
516
1640
1639
516
1640
1605
1740
1328
1618
1700
1711
2461
2302
2341
1653
2000
2462
2324
511
1923
1744
1568
1064
790
514
1050
784
493
1274
1315
1613
1681
1613
1737
1701
1681
1681
1681
1701
1639
1365
1365
1015
1642
721
1399
784
4854
1613
1613
1699
1780
1584
1701
1613
1613
1605
1640
1640
1605
1605
1701
516
1679
1952
1701
1701
1640
516
1609
1365
566
1736
1839
1605
1586
514
1586
1787
1841
1780
1678
1613
1681
1289
1585
1681
1613
1613
1701
1682
1639
516
1517
1470
1016
1613
1613
1681
1667
512
1696
1956
1667
1640
1820
1262
1681
1584
1667
1780
1614
1614
1780
1780
1680
1681
1617
1737
1516
1225
1594
1594
385
542
1737
1609
1365
1617
1617
1609
1609
1635
1718
1719
1819
1853
1556
492
1615
1737
516
516
1639
1134
1531
1133
1697
1565
1678
1667
1289
1617
1762
1621
516
516
1763
1880
2107
1751
1396
1529
1556
1660
1721
491
1681
1447
1365
1639
1763
514
1583
514
1667
1667
1531
383
1609
1788
1769
722
951
880
471
1624
516
1415
1218
1586
1667
1016
1447
1390
1133
1697
1401
1880
1880
1586
514
1586
1014
1807
1747
1867
516
1667
1598
1776
1451
1339
1500
1763
1586
1798
1935
1935
1965
1965
1416
1986
493
1531
1554
1254
1385
1809
1584
1365
1554
1365
1365
1176
1457
722
566
1522
1840
1412
568
1820
1827
1396
1680
566
1327
1211
383
1015
1704
1526
1365
1608
1079
1364
1364
1608
951
567
690
952
951
569
1381
1858
513
1780
1780
1363
1363
1056
1365
1363
568
1783
1808
1894
1894
1846
1846
1010
1737
1827
1572
1309
1781
1706
1182
1080
1813
516
516
515
1574
1708
1727
1863
1784
1253
1776
1809
1868
1787
1798
1798
1798
1986
1979
1987
2240
1870
1870
2003
2003
1614
1614
1687
1064
1718
1911
1911
1253
1254
1867
1962
1509
1715
1897
1622
1450
1998
1510
1449
1880
1840
1787
1737
722
1540
1703
1556
1583
1787
1781
1781
4854
1370
4858
1807
515
1840
1721
1692
1798
1692
1798
1798
1692
1896
1823
1841
1841
1915
1896
2003
1896
1915
1915
1915
1915
1896
1896
1556
1078
1555
4859
943
1782
1814
1958
1985
1746
1606
1066
1787
1360
1554
1607
517
1737
1777
1766
1548
1548
1527
1634
1820
1501
1741
1913
1711
1515
1706
2000
1056
1487
1692
1841
1916
1555
1554
1958
1785
516
1840
1614
1736
1858
1577
1597
1896
1896
1979
2240
1799
1614
1547
2012
1619
1551
2008
1254
1974
1974
1974
1730
1798
1692
1841
1777
1777
1555
1528
1453
1416
1965
1965
1915
1896
1614
1696
1904
1712
1923
1798
1631
1746
1962
1840
1582
1810
1918
2123
1966
1919
1923
2407
2407
1922
1919
1921
1810
1274
1931
1951
1852
1830
1062
1785
1679
1798
1416
229
476
651
865
2358
1105
446
445
532
476
532
530
530
59
206
206
206
547
229
476
774
865
865
939
825
530
530
547
547
206
476
447
1779
1894
1373
1854
1577
1798
1935
1987
1986
1416
1935
1986
1986
1915
212
651
774
651
1079
1894
1894
1522
1362
206
213
563
563
483
1779
1746
1961
2302
2421
1756
1581
1755
1827
1798
1066
990
206
530
1515
563
563
563
4860
824
824
1781
1548
1548
705
705
212
774
487
212
1950
1971
1896
1841
1935
1254
1749
1915
229
865
1551
203
256
532
343
4858
819
527
1855
1896
1778
1965
2129
2204
2204
2364
242
50
155
2358
865
212
212
865
530
2204
11
82
66
865
2322
2204
2204
2322
258
362
362
362
350
350
362
234
127
86
27
128
70
362
259
259
16
131
4858
530
689
951
795
343
484
339
339
339
426
4769
339
258
258
1858
518
1706
1693
2358
1731
903
1131
2256
2256
2026
2221
212
447
2204
2364
60
137
187
283
362
94
362
362
2364
1190
2418
2544
2438
2418
2438
2438
11
229
1550
530
563
476
15
476
825
795
2122
1818
1913
287
1416
1416
1986
242
213
527
366
445
473
567
1962
1915
2358
1416
939
990
563
2358
939
898
865
815
1315
484
65
127
2005
1865
2005
2438
1865
1339
1720
1659
2204
990
470
2082
138
569
1854
2000
865
1596
798
476
65
1784
1912
1912
2358
2147
2358
2358
2051
1545
2204
2147
2147
2358
2147
2141
2358
2358
912
903
909
903
60
137
1918
1986
811
798
1844
1911
1540
2364
1799
1986
2418
2
2358
2358
912
2283
1979
1935
1819
563
48
82
234
2066
1750
1860
1715
1856
2358
2358
2358
2129
1935
1870
2003
131
1339
2204
1731
909
909
1263
689
556
484
556
484
258
258
1918
866
1
311
689
908
909
857
865
1868
1752
1870
1955
1870
1755
2125
2260
445
65
2011
1875
1731
909
1263
1935
1986
1986
92
2358
2364
1463
511
1958
234
1962
1731
2003
254
1971
1987
1987
1578
1999
1941
234
2107
2191
866
1987
1999
1999
1999
2125
2125
66
70
62
201
62
362
1859
909
941
2256
2194
2194
1987
2081
310
546
66
234
1897
2191
2444
2358
2505
1913
1990
511
2324
2000
511
1999
1999
1999
1729
1729
248
1749
2462
1979
1923
1991
1920
1966
2003
2125
128
128
259
362
259
173
37
133
133
271
109
26
128
161
100
92
128
259
17
248
17
1622
1690
1690
1689
901
902
1595
815
815
787
890
1263
1897
1938
2131
424
1577
902
902
1386
484
1622
1690
1690
1510
1510
2107
903
2358
941
2141
1564
2418
1381
1757
1801
2438
2217
2126
2438
66
17
2302
2254
1759
898
1595
2438
2336
17
17
2205
903
912
903
1563
511
137
2125
2438
28
48
1622
1940
1816
903
913
854
689
2042
2146
1990
1864
2005
2336
1960
2358
2358
2141
2205
2147
2104
2104
1921
2104
2323
2104
1595
2125
689
473
299
1382
1933
2204
2204
2322
2104
2126
2126
2126
2337
2126
1192
2126
2126
2126
418
689
787
1472
2073
2606
2574
2460
1961
909
1919
1595
17
1450
1622
1794
1946
1945
1883
1689
1471
1995
1793
2140
2105
1690
2051
2358
2358
1595
1105
913
65
1450
2432
2140
2006
1990
1333
1105
1941
1988
2126
2530
2530
1418
2530
4978
3008
3619
3837
2219
2219
689
689
890
1690
1689
2358
903
2124
1333
1263
890
53
690
690
17
2358
2462
1923
1923
1923
418
556
418
343
1382
1933
2358
1990
1919
2126
2358
2400
2342
510
2580
2687
3853
2771
511
2324
1659
1373
2358
2293
2054
1969
510
2580
2580
510
2390
2390
510
1969
1921
815
1595
881
690
2140
903
1803
2679
1649
1887
1887
4214
4124
4124
2723
4298
4319
1987
235
339
2102
2907
2354
271
1750
2332
2518
1750
1878
1878
523
2733
3354
3699
2518
2518
526
2836
2518
2301
2301
1690
2101
2616
2668
2517
4069
1945
1946
2358
2147
2147
2026
2194
1923
1873
689
1450
1472
2333
3033
3834
3130
2683
1871
1871
1969
2341
271
1945
2146
2074
1105
1847
4881
4878
4878
1847
2279
4983
526
4986
2530
2530
2220
2219
2279
4878
2518
4882
2219
4994
2219
2279
4994
1847
1977
2791
2973
2903
2791
3112
3392
3362
3448
3362
299
2573
1476
2409
2147
909
2400
2324
2219
2219
2219
2219
173
53
1847
1975
2504
2332
1975
2291
2338
2407
2464
2462
1707
1992
2335
1919
2219
4975
2922
3303
3343
3654
3632
3517
3408
3149
3149
3149
3396
3397
4082
3437
3581
3087
2794
2279
2219
532
343
4878
70
2432
1450
1450
1791
1474
2140
2053
2220
1418
2126
2425
2219
546
1975
2330
1878
2234
909
1990
2324
1105
1105
2220
2220
1418
1545
913
511
1195
2425
2425
4992
308
308
4878
1793
1953
2464
2448
2407
909
1595
1330
259
17
17
62
17
1750
1263
2448
1595
4987
17
62
362
1684
2462
2465
2644
3065
3721
1207
3067
3861
2844
4990
689
1690
2407
1263
4996
690
1473
2343
1464
2253
1595
1756
2421
1923
94
1418
23
362
689
2256
873
1263
370
2134
2406
2325
1263
2880
3384
3062
1975
2518
1685
1707
1195
890
62
4769
299
423
423
2242
339
2026
1131
1873
689
689
1418
1194
2465
62
2421
689
476
4884
2823
2858
524
2518
2235
1892
2333
1707
2561
2503
2865
3143
3392
4769
423
2518
2242
6
1707
94
1580
952
952
4858
815
62
2974
3316
2841
3649
3649
3149
1381
1895
2146
2669
470
815
3243
362
881
881
1720
1995
2333
520
2980
2980
2242
1968
1595
815
532
787
4858
2332
2669
2426
689
423
258
2001
3073
2335
1871
1871
1871
2389
1871
1968
2335
1871
2335
1871
2847
3196
3049
787
1553
62
360
350
4769
362
362
4769
2409
2242
3190
3323
4083
2772
3769
3445
2773
4858
1954
1895
1881
873
2838
787
787
3328
3517
2841
3078
4873
2443
2301
1992
2627
2669
3008
2802
339
362
2242
2244
2174
1649
3684
4267
4283
4283
4267
4267
4267
890
2390
94
2464
1756
362
1553
3074
3127
3331
3127
4858
258
362
2973
3127
3374
3376
3456
3265
3472
3631
3125
4029
4164
4164
2923
2073
510
510
2344
532
484
208
532
343
532
343
258
258
2847
484
343
1553
815
2802
3613
3413
3690
4029
4103
4104
3366
3835
3700
4053
4029
1512
2333
2028
1967
510
2002
2580
2580
2771
2594
3274
258
476
476
476
428
362
520
1967
2390
815
258
208
1954
2244
1967
2871
2871
2389
1967
2389
815
258
3110
426
3112
881
1381
1797
2800
3408
3333
3333
3333
3377
3377
3380
3380
3380
3396
4017
4136
4136
3399
3608
3399
3380
3380
3380
3380
3377
3377
3375
3377
3127
3333
1895
2448
2503
2389
484
258
258
404
62
426
881
952
4879
2877
1895
2626
2626
6
339
339
339
1553
1553
787
2746
1689
510
2580
2002
507
532
1871
339
3430
4769
423
787
510
2389
2942
424
208
350
350
3613
3440
4081
4081
4037
3151
3151
3379
3690
3266
3496
3127
3127
3127
519
2607
2421
1871
2529
2415
94
339
339
4769
402
3077
2353
2103
6
362
362
6
339
362
339
426
6
952
4858
1690
1198
2001
3087
362
1553
423
426
787
3613
3472
3613
3613
1720
2409
2420
2607
510
510
3048
404
3431
4858
3613
3127
3374
2838
3415
3690
3374
2102
2778
2001
362
519
3021
2072
2463
1707
2951
2899
2075
1464
2871
2411
3601
3456
519
2002
1040
815
4858
4037
3123
4164
4164
4164
4029
3589
3591
3646
4139
4092
3613
3415
3781
3441
3441
3593
3266
3700
3456
3456
881
2826
3029
2963
4031
3215
2001
1707
3850
3850
944
952
3415
3365
3265
3456
3593
3451
3374
3333
3120
3374
2871
3034
4858
787
3415
2606
3365
1892
509
2580
3788
3613
3155
3414
3376
3414
1476
2778
3420
2980
881
952
2737
2420
1563
3362
3690
3456
3265
3663
2800
3376
2606
3090
4033
509
3341
3690
3125
3613
3456
2333
2917
2687
2871
4037
4081
4029
3472
3613
2607
3362
3788
3788
3376
2828
2687
4029
2192
2778
3362
3115
3631
2926
3456
2668
2075
2687
3265
3414
2926
2926
3033
1649
2002
787
3376
2920
2002
2627
952
1600
4858
2072
2413
2235
1816
1954
2963
3257
2766
1477
3552
3589
3515
3516
3644
4185
3743
4159
3874
3872
3751
3534
4914
4914
4914
3534
3566
3904
3921
3552
3588
3588
2926
3566
4912
3568
3526
3575
3697
3565
4913
4912
3876
3568
3947
4910
3568
3563
4109
4185
4073
3547
3639
3671
3515
3568
3696
3522
3566
3566
3538
3557
3876
3521
4912
3874
3905
3921
4915
4916
3697
3043
1649
2764
2411
3362
3362
2561
3700
3496
3805
3587
3805
3805
4129
3588
3515
3585
3589
3559
2442
1887
3876
3644
3588
3805
3367
1580
3700
3266
3374
3406
3380
3375
3120
3443
3568
4109
3663
3042
4037
4081
2766
3591
3562
3624
522
3619
3642
3386
3375
4919
3522
3766
3046
3693
3838
3893
4153
2627
1476
1885
3515
3679
3646
3669
3639
3639
4901
4901
3644
2981
2908
2642
3876
3597
3645
3805
3670
3647
3367
3117
3333
3396
3397
3396
3396
3399
3481
3714
3399
3971
4081
3408
3408
3653
3377
3529
4919
3905
3671
3671
3554
3456
3473
1954
3258
2685
3529
3597
3597
3671
3417
2963
2503
1887
3240
4029
2766
3127
4107
3597
2574
3691
3319
3627
2839
2503
1477
3377
3318
3496
4131
3596
2773
3125
4143
3568
3876
3830
3756
3202
3425
3006
3671
3445
3385
1689
3516
3316
3443
3566
3063
3850
4037
4155
3700
3406
3377
3375
3396
3396
3377
3377
3398
3396
3380
3377
3399
3399
3379
3440
3396
3396
3399
3399
3377
3440
3440
4136
3440
4037
4037
3159
3006
1954
3905
3565
4915
3745
3534
4915
4193
3742
4915
4915
3746
4160
3534
3748
3753
3558
3748
3566
3668
3529
3639
3757
4185
4073
3669
4144
3806
4130
4185
3568
3563
3768
3065
2689
3641
4219
2963
1887
2559
3515
4092
4103
2976
3382
1797
1381
3414
3549
3566
4037
4267
4283
4283
4214
3770
4029
3559
3655
3538
3374
3377
3377
3396
3396
3467
1883
1883
1816
3663
3159
4073
3644
2075
2781
4267
4283
3697
1477
3639
3598
3805
3549
3624
3377
3568
3446
1649
1553
3151
4267
4267
4267
4227
4170
4283
4214
4283
4283
4267
4267
4267
4267
4267
4267
3811
3876
3697
4029
4155
4139
3605
3472
3663
3808
4267
3522
3834
1895
4285
1895
3757
4144
3647
3362
4267
2659
4267
4267
4858
4283
1369
3343
4073
2659
4267
4267
4029
3671
3377
3398
3377
3396
3396
3344
3663
3378
4030
3566
3127
3396
3652
3003
4037
3876
3876
3696
3834
4913
4914
3151
3785
4170
4124
2723
2723
4124
4229
4227
4227
4271
4959
4619
4439
4256
4124
4124
2517
521
4113
3532
3905
3563
3904
3562
4916
3534
4916
3534
3904
3752
3534
3740
3747
4914
3534
3565
4916
3904
3904
3752
3746
4306
4287
4918
3921
3922
4916
3944
3534
3876
4154
3671
3377
3380
3380
3645
4107
3896
3568
3696
3532
3566
3534
3563
3748
3904
3876
3521
3696
3566
2730
1464
3697
3125
4135
3377
1816
3696
3696
3566
3557
3566
3874
3874
3874
3566
3874
3954
3566
4912
3532
3987
4037
4052
4129
1954
1954
4073
4198
3521
3557
3532
3874
3874
3874
3566
3696
3566
3905
3905
3566
3566
3558
3566
3904
4912
2411
3830
3538
4037
3853
3377
3396
2741
1946
3647
3663
3971
3149
3210
3210
3399
3691
3781
4912
3532
2411
3151
3464
3397
3377
3155
3781
3566
3887
3722
1883
3755
4235
4081
4143
4103
4233
4915
4160
4026
3566
3755
3830
4029
3264
3648
3603
3649
3894
3319
3896
3155
3830
3065
4267
4267
4081
4037
3971
3362
3440
3362
4037
3534
3668
3860
4065
2841
3396
3433
3467
3399
3433
3433
4197
4153
4124
4124
2723
2723
2723
3399
3780
4124
4124
4029
4131
3558
3566
3558
3874
4267
4267
3363
3151
1553
4143
3003
4113
4124
3467
3399
3904
2405
3433
3433
4010
3367
3399
1895
3396
3125
3690
3563
2915
2912
4158
4037
3433
4086
3433
3440
3433
3433
4285
4092
3647
3152
3379
3397
1883
3743
3761
3563
3064
4137
3682
4233
4233
4233
3399
3399
3566
4120
3682
3433
3382
4233
4233
3591
4144
4143
4139
4139
3379
3563
3566
3151
3264
3894
4106
3399
4160
2949
4070
3896
4017
3742
3874
3904
3902
3874
4890
3778
3832
4126
4160
4890
3743
4267
4030
3123
3122
4267
4224
4289
4289
4271
4224
4345
4379
4451
4731
4436
4419
4731
4267
3742
1373
3534
3757
3534
3904
4271
4181
4136
3762
4159
3534
3905
4030
4890
4159
3748
3755
3746
3563
4271
3874
3534
3905
4319
4914
4159
4890
4298
4255
4271
2723
4229
4227
4227
4124
4271
4395
4455
4446
4601
4387
4308
4319
4384
4271
4319
4319
3747
3534
3966
4308
4412
4227
3534
4914
4322
4914
3921
3739
3534
3748
3904
4914
4335
3746
3748
4271
4411
4330
3904
3534
4287
4345
4455
4345
1349
4548
4270
4091
4270
4395
4395
4455
4308
4335
3887
4916
4224
3922
3535
3534
4306
4918
3534
3534
3904
4287
3910
3910
3922
3904
4918
3921
4916
4916
4345
4393
3923
4287
4918
3944
3944
3944
4224
3887
4450
4226
4330
4439
4226
4387
4516
4337
4387
4601
4379
4601
4541
4601
4681
4601
4439
4558
4455
4601
4451
4348
4416
4419
4434
4575
4603
4956
4956
4575
4952
4952
4530
4496
4496
4496
4660
4660
4496
4496
4660
4660
4553
4660
4660
4496
4553
4553
4553
4601
4601
4417
4418
4437
4698
4438
4392
4438
4438
4601
4681
4439
4548
4350
4565
4348
4698
4178
4544
4558
4698
4698
4601
4540
4601
4601
4546
4547
4577
4353
4580
4575
4435
4574
4571
4745
4441
4358
4496
4496
4496
4496
4496
4496
4496
4496
4496
4496
4747
4675
4591
4956
4956
4354
4618
4496
4426
4348
4681
4580
4434
4565
4618
4534
4352
4416
4622
4588
4956
4580
4698
4698
4496
4553
4496
4553
4496
4496
4660
4660
4951
4951
4660
4660
4660
4951
4496
4496
4496
4496
4553
4660
4496
4496
4460
4496
4374
4438
4553
4553
4553
4496
4496
4354
4553
4496
4553
4553
4956
4655
4418
4496
4553
4496
4553
4547
4726
4602
4619
4553
4613
4496
4496
4496
4603
4496
4729
4660
4953
4615
4461
4673
4348
4496
4496
4496
4418
4681
4660
4660
4660
4496
4604
4550
4434
4681
4613
4603
4956
4348
4956
4726
4660
4660
4461
4593
4698
4660
4660
4348
4553
4496
4438
4575
4496
4496
4501
4530
4952
4574
4726
4437
4956
4574
4716
4356
4947
4665
4665
4665
4591
4496
4496
4360
4461
4591
4434
4452
4660
4660
4496
4496
4956
4527
4527
4496
4673
4673
4951
4372
4496
4641
4739
4496
4553
4496
4496
4747
4629
4434
4680
4951
4708
4644
4496
4660
4591
4668
4560
4668
4496
4735
4735
4496
4496
4496
4496
4426
4706
4496
4426
4660
4660
4660
4660
4951
4951
4660
4603
4660
4464
4464
4673
4461
4731
4574
4435
4606
4606
4735
4418
4660
4660
4660
4496
4660
4706
4660
4496
4461
4706
4668
4638
4496
4496
4660
4430
4643
4606
4956
4731
4419
4641
4675
4660
4660
4461
4496
4496
4426
4496
4360
4749
4436
4660
4660
4660
4956
4436
4660
4731
4951
4956
4461
4660
4496
4660
4496
4660
4496
4668
4358
4741
4356
4606
4623
4575
4680
4436
4660
4660
4660
4575
4749
4749
4435
4623
4673
4426
4710
4433
4606
4606
4653
4435
4660
4606
4606
4660
4639
4691
4664
4660
4660
4660
4496
4749
4749
4710
4660
4749
41
135
133
195
41
41
41
41
235
41
41
41
195
128
173
135
1425
4835
979
642
642
642
664
601
1499
4809
1499
590
591
4781
725
634
604
604
664
807
841
4821
871
573
606
571
4825
1100
1100
4789
1104
4822
1089
1089
591
4814
659
4793
4970
4817
4817
603
606
4810
4836
739
4781
725
1095
658
597
4808
1096
767
642
631
603
606
4836
4812
4821
654
4839
597
4836
4804
676
676
4787
4836
4822
590
542
415
212
794
826
415
542
542
826
542
577
1548
117
94
271
271
362
53
137
126
187
2220
2455
2455
1196
4994
1974
1194
2425
1894
2337
1846
4881
1877
523
815
3534
3568
3566
3534
4916
3875
3566
3562
4915
3905
4916
3566
3905
3534
3534
3565
3562
4267
4227
4214
4227
4227
4283
4283
4283
4227
4308
4227
4267
4267
4283
4227
4267
4283
3905
3874
4660
4496
4553
4553
4660
4496
4496
4358
4530
4496
4553
4722
4496
4619
4496
4660
4660
4968
1120
1159
1157
1159
1162
1162
1157
1162
1162
2457
2219
2279
2438
2337
2337
4881
2219
4881
1864
2544
2219
2279
2047
2048
2279
4881
1847
2279
2544
2544
4881
1879
2544
2063
2438
2457
2438
4881
2048
4881
2571
2048
2544
1847
2279
2544
2062
4881
3396
3922
3380
3380
3557
3557
3830
3922
4918
