82
75
271
287
168
218
269
253
299
412
4748
66
430
76
284
247
108
4753
283
161
156
32
33
148
261
4756
107
261
4745
4745
283
214
159
4746
151
163
81
35
19
75
321
323
293
274
286
217
218
271
378
155
164
157
64
91
92
105
105
105
105
92
329
91
64
4751
210
80
58
58
113
302
335
148
214
135
177
177
257
266
390
158
166
268
268
275
4751
164
175
249
4746
164
378
275
410
164
4751
249
248
108
275
166
151
4752
164
175
377
4750
268
163
162
75
50
235
235
206
379
517
386
188
502
318
9
276
158
32
4752
257
298
313
275
119
146
256
227
158
4756
162
283
4757
283
248
247
108
106
95
233
248
142
56
117
247
95
233
92
105
78
271
75
298
3
162
106
90
7
306
322
314
317
323
401
238
238
293
424
48
48
47
411
444
444
445
1562
1451
666
332
132
319
246
254
186
170
240
122
132
331
434
31
33
158
34
4757
241
410
3
3
162
241
240
241
155
154
35
111
240
158
282
347
233
179
229
292
166
3
240
139
315
315
315
415
415
51
329
92
431
241
291
347
44
102
100
213
58
3
254
261
347
92
338
287
163
240
429
51
179
64
95
229
281
11
315
276
91
250
113
213
271
266
266
87
388
399
297
290
294
4757
399
321
276
202
90
162
214
142
56
97
97
56
282
58
58
76
257
314
217
170
243
91
255
315
108
171
274
181
304
21
284
63
261
276
243
168
315
315
4753
4753
108
8
323
64
290
50
255
95
117
319
315
319
299
523
1522
1575
1575
1651
1651
469
2382
2526
2526
2979
4938
3633
3672
3460
3608
3861
3741
3253
2586
2954
3074
64
4753
287
201
105
323
219
319
315
392
200
380
392
380
1522
1522
1482
796
455
455
288
290
288
87
346
108
4757
283
108
105
288
201
218
282
95
105
64
101
399
432
283
283
345
401
346
450
454
247
108
76
282
283
283
432
108
108
297
4757
108
283
56
56
282
247
219
208
135
346
318
450
450
442
238
442
740
1605
345
501
340
293
340
311
294
318
450
450
450
450
442
48
444
180
201
401
181
292
181
424
238
318
344
408
311
132
450
238
318
443
442
444
666
1499
1654
1665
1452
1880
1989
2484
2524
1888
2826
2218
3626
3209
2860
482
482
1183
2833
2833
1183
2833
2757
1183
1183
1183
1183
2386
2504
2362
2364
1919
1824
486
1242
1858
2327
2066
2567
2870
1756
1845
1969
4982
502
187
344
200
344
238
184
238
442
238
238
48
424
48
200
47
408
47
13
649
444
237
237
412
452
1451
502
683
1522
196
299
184
48
444
185
450
502
208
683
683
502
443
237
237
444
502
443
442
48
443
443
186
184
187
48
442
48
48
443
443
187
238
443
445
196
1522
469
1522
469
450
707
674
634
562
707
706
674
713
798
630
713
798
792
4805
632
4806
570
905
1026
906
1026
1341
578
1464
1245
1229
1379
1297
995
648
994
999
1071
1495
971
768
756
672
638
673
623
621
630
638
627
677
617
634
4794
444
186
209
711
4805
4806
4823
1066
4974
641
793
4801
792
798
798
632
889
823
4824
792
792
570
824
1131
1017
444
504
796
1522
1539
1366
1539
706
706
711
706
4824
674
712
798
638
770
634
442
450
443
450
185
707
634
1522
770
772
716
735
714
4806
714
445
1469
1522
1523
1651
629
708
638
671
798
768
768
768
798
792
712
792
643
643
48
238
798
716
849
632
871
848
708
704
638
768
677
630
852
890
910
4814
836
910
4777
504
452
634
184
238
187
514
808
4806
523
452
1451
1598
1562
1675
634
523
387
1522
1451
1575
1651
452
764
824
1598
1522
763
792
513
683
794
630
768
1076
835
1076
1076
623
1076
1077
1704
1499
1499
1632
1654
627
794
572
796
4841
1451
764
4814
630
1076
186
848
4794
620
446
1712
4793
835
4806
804
852
835
1066
1218
957
958
958
959
926
468
465
1646
1360
1083
835
630
4791
861
804
852
1712
196
836
739
1051
630
853
921
959
872
804
630
887
1451
1328
1482
852
853
1149
1422
1460
4973
4974
1459
927
1077
1498
823
905
906
853
1027
1712
1747
1822
1965
2067
1476
1571
1712
1712
1792
1822
1943
465
823
1374
967
1374
4838
1366
1366
906
1286
1077
4968
1207
4974
928
906
1131
1024
623
1125
1125
4804
1216
1216
1712
1474
1451
1562
1559
1575
1634
1634
1451
1482
927
929
959
1790
1329
2253
1796
2041
2041
1477
2610
1477
2043
2072
1798
1798
2563
2878
2822
2151
2576
2576
2158
4861
2351
2519
2151
1142
1105
927
1097
958
647
1286
1123
1468
1286
890
822
581
1022
1121
1130
1101
1202
1379
581
1127
994
1009
970
1006
1116
1685
1608
1437
974
1586
1807
1793
1619
1619
1685
1619
1352
1842
1925
2262
1863
2368
2324
2368
1847
1007
969
1116
1006
1007
583
1017
583
999
999
1208
1050
1372
1531
1069
581
1069
1121
1071
995
1009
584
1101
995
999
1127
1127
1228
582
927
1050
1069
1071
1271
1516
1131
1154
1017
1443
970
1050
968
991
1597
1597
972
993
979
1793
1793
1352
1744
1353
1744
1685
1057
1842
1780
1561
1108
1108
1018
1013
1202
1124
1154
1026
808
1613
1004
991
1597
1685
1619
1619
1607
1583
1008
570
905
1021
588
997
1154
1216
4797
1067
1302
4973
1278
1065
4968
4967
1553
1712
1019
1513
470
1366
1613
1593
1009
1011
977
977
1016
1437
1482
1386
1147
1427
1427
1280
1019
974
1007
1022
1101
1049
1365
1539
1581
4834
969
969
1003
822
1013
996
1365
1343
1012
1343
1343
1464
1464
1154
1386
1516
972
1328
579
648
1419
1154
1154
1216
4821
4823
1422
4764
1149
1427
1019
1460
1425
1282
996
1019
1166
1492
1343
4974
993
1160
979
1160
1007
969
968
1680
1343
1464
1148
1004
1048
1249
1038
1384
1494
1729
1729
1758
2413
2413
1176
1176
1176
1176
1382
2365
2497
2498
4871
2795
2846
2766
4863
2795
4871
4976
2438
1176
1176
1404
1238
4974
1012
1203
1118
1709
1709
1466
1127
993
991
1494
1218
1279
1460
1290
985
1783
1815
1922
1460
1386
1287
1312
1432
1166
1793
1685
1580
1807
1117
1117
1117
1811
1012
1111
1119
1602
1245
1129
1107
1108
1166
1166
1047
1499
1235
1401
1603
1879
1311
1292
1356
1245
1580
1379
979
993
991
1704
1573
1206
1319
486
1409
1517
1198
1168
1499
1151
1400
1261
979
992
1166
1069
1118
1685
1685
1586
1586
1229
1123
1166
1204
984
1842
1069
1119
1388
1097
1294
1282
1432
1006
992
1245
1132
1515
1534
1197
991
1108
1090
1428
821
1420
579
979
1313
979
1035
1262
1584
1597
1499
1499
1321
1366
1281
1580
1580
1685
1419
1123
1573
1495
1111
1212
1576
1197
1792
1712
1747
980
1812
1353
1353
1282
1296
1651
1558
2232
472
2831
3557
3741
3643
4237
4419
4399
4512
4512
1340
4636
4636
4603
1468
1344
1464
1618
1344
1793
1316
1464
578
1123
1108
1235
991
1597
1002
1607
587
1310
1577
1356
1559
1676
1559
1676
1634
1557
1794
1940
2598
1016
1229
578
588
1257
1557
1940
1794
1516
1639
1197
1939
2319
2413
1597
1578
1814
1679
1281
1685
1619
1807
1685
1685
1685
1619
1352
1329
578
1197
1046
1758
1262
1710
1893
1294
1685
1685
1618
1793
1685
1619
1685
1685
1744
1744
1467
1468
1312
1108
1166
1597
1685
1168
1380
1868
1711
1867
1867
1382
1176
1520
1366
1345
1807
1744
1342
1425
962
1432
1433
1398
1315
1430
1468
1438
1432
979
1345
1716
1453
1558
1630
1456
1857
1818
1633
1726
1419
1576
1298
1619
1619
1807
1352
1453
1453
1656
2004
2110
1657
2067
1941
1633
1953
1838
1485
493
2801
2434
1432
1229
1729
1226
1793
1685
1772
1628
1686
1722
1854
578
1312
1123
1026
1726
1790
1229
1772
1597
1411
1577
1724
1750
1458
1819
2307
1246
1056
1227
1678
1764
1807
1619
1619
1619
1807
1619
1856
1524
1639
1725
1108
991
1597
1597
1597
1597
1597
1166
1110
1070
1314
1770
1770
1685
1685
1619
1385
1934
1726
1166
1597
1597
1608
1166
1474
1822
1859
1654
1655
1597
1859
1825
1723
1214
1532
1597
1822
1548
1859
1854
1641
1228
1725
1173
1587
1380
1965
1656
1475
1965
1768
1718
1418
1718
1329
1329
2253
1992
1577
1230
1667
1228
1942
1548
1002
1665
1770
1825
1242
1723
1597
1597
1002
465
1366
1418
1718
1688
1839
1841
1686
1857
1975
1947
1630
1619
1811
1811
1619
1685
1793
1708
1698
1245
1619
1811
1856
1597
1116
1623
1858
1754
1397
1882
1904
1853
1946
2315
2915
2805
1986
1994
1715
2628
1750
1678
1832
1348
1943
2041
1366
2383
2423
1623
1750
1779
1619
1619
1909
1329
1350
2041
2041
1873
1770
1916
1677
1839
1686
2308
2873
1619
1329
1819
1819
1727
1915
1854
1623
1706
1677
1641
1228
1791
1597
1571
1903
1919
1720
1928
992
1841
1916
1677
1838
1484
1679
1892
1785
1795
1597
1897
1619
1484
1934
1214
1773
1929
2074
1965
1366
1650
1839
1789
1811
1241
1691
2004
1372
1935
1928
1858
2097
1877
1530
1929
1321
1965
1965
1965
1656
1911
1685
1755
1413
485
1597
1992
1228
1815
1329
2253
2677
1796
1795
1793
1597
1597
1387
1789
1735
1964
1810
1607
1874
1884
2469
1686
1892
1884
2470
2470
2470
1800
1802
2365
1382
2335
1382
1981
1382
1366
1685
1241
1757
1850
2041
1619
1685
1685
1215
2253
2092
2178
1767
1899
2110
1617
1685
2382
1406
1793
2041
1685
1057
1352
1060
1002
2677
2677
2526
2979
2526
2526
1785
1903
789
986
986
1952
1878
2305
2055
1845
2262
2368
1927
1882
1175
1305
1714
2180
1996
1041
1910
2097
1545
1685
2375
1861
987
1952
1393
2000
2319
1980
2223
2428
2363
1041
2003
1786
1878
1786
1875
1878
1879
2469
2453
2481
2417
2537
2537
2469
1964
1691
1975
2382
1910
2235
1955
1686
1959
2041
2041
2041
1879
2272
2004
1972
1870
1918
1801
1870
1918
1916
1793
2233
2041
2041
2001
2053
2469
1034
1547
1943
1959
1485
1485
2000
2044
1762
1685
2384
2384
2110
1999
1999
1035
1714
484
2180
2566
1972
2041
1925
1861
1910
2046
1819
1965
1476
2309
2398
1762
1853
1980
1967
1786
2040
1845
988
2368
988
2097
1993
1703
1954
1965
2067
1883
1866
2057
2335
2335
1920
1919
2094
2359
483
2469
2453
1954
2307
2057
2094
2363
1872
2757
2757
2757
1872
2094
1645
2469
1860
1823
1215
1952
2044
1980
2297
2229
953
953
2021
2052
1894
2297
2351
2351
2322
2322
2297
2297
2351
2149
2322
2229
2149
953
2230
2230
941
2214
2297
2360
2149
2298
2322
2149
2229
2149
1544
2003
1878
1881
2644
2067
2094
2309
1803
1980
1920
2229
953
2249
2211
953
1978
2003
1864
1864
1864
1878
2235
1848
2297
953
953
2297
2149
1830
2469
1756
2635
2698
2093
2067
1691
2423
2249
2105
953
2230
2230
2230
2149
1931
2253
2470
484
2383
2383
2317
2211
2211
2211
2297
2598
1692
1919
1980
2211
2272
2041
2041
1798
2297
2297
2322
2322
2041
1798
1798
2083
2309
2000
2319
2134
2200
2117
2117
2191
2191
2474
2120
2181
2072
2163
1476
2016
1476
2373
2373
2190
2297
2519
2576
2211
2221
2572
2534
2739
2138
2138
2997
2138
2965
2965
2965
2138
2138
2297
2474
2519
4858
2928
2195
4860
2519
2519
2519
2041
2297
1796
2677
2042
3118
2177
2965
2965
2965
2965
2532
2532
2935
2138
2219
484
2207
2072
2072
2517
2802
2736
2755
2512
2360
2373
2373
2373
2373
2474
2474
2502
2556
2997
2997
2997
2021
1984
1862
2431
2431
2509
2509
2431
2311
2297
2360
2423
2233
2230
2322
953
953
949
2132
1796
2042
2074
2453
2317
2297
1981
2365
2297
2016
949
949
2120
2519
4861
2351
4861
2526
1864
2178
1918
2058
941
2021
1798
2423
2237
2383
2041
2043
1798
2383
2322
4861
4861
4861
2120
4861
2519
2250
2324
2367
1819
2644
2593
2743
2117
2107
2041
1988
2042
2064
2178
2256
2220
2258
2297
2361
2246
949
2519
987
1967
1756
2265
2257
2257
2329
2278
2293
2515
2189
2338
2572
2287
2512
2512
2736
2278
2278
2515
2515
2181
2266
2373
2474
2364
1981
2394
1798
2043
2105
1926
1864
1786
2305
2263
2094
1981
2235
2431
2431
2431
2677
2181
2181
2646
2396
1981
1737
2431
1477
2519
2519
2576
2677
1968
1877
1968
1877
1877
1884
2264
2284
2511
2181
2265
1803
1894
2413
2072
4861
2392
2333
2373
1959
1477
2603
3049
3049
3147
2531
2532
2532
1477
1477
949
2519
1936
1966
1477
1477
2068
2068
3111
2413
2383
2307
2362
2319
1176
2677
2217
2262
1786
1977
1477
1477
2068
1981
1382
1478
2519
2181
2315
2635
483
2380
2262
2484
2645
2453
1959
1181
2700
1181
2438
2368
2262
2392
1478
1981
1176
2335
2335
1176
4858
3080
2906
2195
1819
2117
2340
2802
2515
1416
2413
1737
360
2519
2392
2273
2393
2275
2285
2299
2299
2299
2299
2299
2335
1176
1862
2432
2576
1985
2308
2503
2308
1176
1176
2519
2472
2697
2556
2474
2474
2474
2474
2474
2474
2474
4860
2132
2500
2576
2417
1888
1888
2335
2093
2925
2925
2698
2680
3298
2899
3083
1485
1877
2597
2534
2472
2137
2700
2700
2925
2925
950
2417
2524
2453
2392
2407
2515
2409
2338
2359
1477
1176
2598
2299
2438
2202
2202
2203
2431
1176
2519
2519
2471
2504
1477
2093
2610
2610
2431
2431
4858
2519
2572
2072
2913
2516
2072
1477
2299
2093
2472
1176
1176
2519
1991
2830
2043
2394
2944
2935
2802
2755
1946
2383
1847
1847
493
2571
2736
2736
2512
2512
1477
2383
2677
2151
2441
4856
2754
2181
2572
1477
2471
2203
2205
1176
4993
2205
4994
2203
1176
2675
3275
2453
2325
2870
2718
2419
2273
2370
2362
2093
2444
493
1991
473
2721
2721
2456
3267
2731
2754
2485
2329
2504
2754
2553
2409
1477
2610
3068
2068
3313
2448
2576
1888
2512
1692
484
2377
2204
4977
4979
4863
2874
3050
3980
3654
4994
4994
950
3275
2604
2417
2524
2736
2645
2377
3111
2899
2474
2526
3275
4860
2515
2436
2362
2383
2937
2622
2890
2417
2754
2287
2662
2299
2519
1180
2493
2496
1183
2647
1183
2757
1183
1183
1183
3079
2650
2650
3165
2668
3317
2769
3165
3165
3165
2706
3135
3108
3380
3446
3415
481
2299
2925
2644
2600
2736
2657
2504
2386
1183
1183
1183
1183
1183
3079
3079
2752
2752
3285
3079
1183
1183
1183
1183
2389
1183
2496
1183
2498
2558
2068
2698
2526
2526
2677
2755
2072
1194
3242
3424
3061
3665
475
3782
2479
2576
2471
3242
2862
1692
2474
1845
4873
2797
4873
4873
2839
2797
2837
2798
2798
2943
4010
4978
498
2797
2774
2836
2778
2985
2798
2797
2797
2702
1968
2455
2624
3061
2862
2841
2731
2897
2736
2755
2738
2287
2491
2628
482
2675
1490
2552
494
3108
2718
3135
2717
2717
2706
4868
2945
2917
2917
2647
2861
2576
2543
2543
2493
2377
2761
4987
2796
4984
4987
4987
4987
2895
2771
2821
2770
2762
2824
2762
2763
4985
4975
2836
3008
3064
3064
2948
3294
3279
4023
3853
4987
2526
2744
2218
2537
2744
2990
2512
2377
2498
2299
2068
4994
4989
4983
2474
4975
2796
2773
2908
4978
2824
2066
1872
2386
1872
1183
2757
2436
2437
2498
2558
2809
2894
2777
3654
3579
3658
3413
3426
3403
3360
3182
4009
4005
3544
3026
3008
2961
4987
4858
3216
2822
4858
1991
2325
2455
2739
2556
4989
4863
4977
2771
2762
2773
4984
4984
2990
2742
2071
2299
1715
2610
2925
4985
2809
2944
2936
4977
4977
4858
4860
2472
4992
2758
4991
473
2804
2386
2386
2386
2843
4977
2068
2698
4858
2697
4860
2906
1971
2325
2981
1986
2809
2895
4860
4856
2498
1986
2616
3036
3194
2706
2810
3678
2977
4108
3890
2472
499
499
2393
2757
2068
3068
2961
2908
1888
2538
3284
1658
2680
2698
2879
2503
2697
2697
2472
2697
2472
2802
2912
1872
3080
2880
2673
3068
2617
3050
2618
2948
2773
1528
1692
4976
2697
2822
2906
4860
2739
3066
2965
3066
2628
2603
3083
2937
2849
2846
2846
2906
2879
4977
2465
3155
2948
2948
2775
2763
2824
2824
2829
2892
1715
3005
3462
3149
3008
2781
2906
4860
2739
2138
2915
1664
2697
2195
2979
3309
3309
2680
2698
2778
2948
3053
3054
3841
3182
2732
2858
2891
2755
2846
3068
3091
2697
2732
2732
2980
2483
2570
2570
2538
2570
3254
3158
2570
3254
2739
2924
2697
2698
3542
3309
2680
2186
2846
2849
2937
2418
2556
2740
2803
2833
2917
2562
4871
4868
2917
2917
2558
4871
4871
2795
2795
3025
3352
2937
3309
3460
2196
2965
2965
2997
4860
2739
2881
3036
3245
3245
3144
2706
2706
3023
3023
1186
1186
1186
1186
2562
2604
2897
2583
473
2386
4871
3089
3542
2948
2780
3336
2815
3618
2775
2713
2797
2702
473
2793
2860
2961
3169
3185
3080
2595
2595
3242
3137
3541
1659
3284
2912
2647
2740
2556
482
2795
2698
2556
3049
3025
3410
3226
3277
2531
2928
3252
3306
3306
3276
3361
3126
3417
3098
3356
3368
3368
3233
3103
3103
3391
2962
2880
2833
1183
1183
1183
1183
1183
2833
1183
2795
2532
2531
2935
3049
3049
3185
2532
2532
3049
3374
2176
2680
2680
2997
3306
3336
3126
3098
3645
4079
4112
3885
3811
3645
3120
498
2419
2138
1183
2917
2917
2917
3015
3079
2650
3079
3079
3079
1183
3079
2650
3165
2650
2650
2650
3285
3285
3158
3158
2617
2811
2981
2849
2935
2697
3080
2801
2967
2917
2917
2698
3185
2531
3120
2703
2833
2917
2945
2945
3015
2945
2935
2917
2945
2532
3185
3421
2965
3306
3093
2732
2732
3778
3072
2962
3291
3426
3291
3236
3426
3096
3125
3125
3418
3815
4139
3340
3844
3418
3278
3278
3278
3278
3096
3361
3096
3236
3291
2732
3066
3364
1183
1183
4868
2532
2981
3185
2965
3080
2979
2979
2949
2798
2702
2662
2917
2981
2965
2981
2532
2532
2680
3460
2997
3309
2962
3034
1183
1183
1183
1183
2833
1183
1183
3079
2833
3079
2650
2650
2650
482
482
3209
2981
2820
3068
2965
2965
2715
2833
1183
1664
4868
2895
2138
2935
2965
2138
3295
3229
3982
4066
4161
4170
4088
3342
3341
3099
3393
3393
3335
3336
3097
3335
3336
2420
2744
2744
2744
2744
3060
2942
1188
2138
2556
3066
2532
2532
2997
3594
3252
2624
495
2917
2138
2965
2138
2965
2997
2965
2997
2997
2965
2965
3594
3309
3309
3095
1183
2881
1183
2833
3091
2138
2680
2965
2965
2965
3460
3324
3126
3392
3392
3361
2586
2537
2798
2720
1183
3079
2945
3079
3575
2965
2965
2965
2965
3354
3291
3426
3096
3336
2982
2138
3790
3417
2962
3137
2700
3079
3079
482
482
2782
3093
2570
3136
3736
3381
2862
482
482
2833
3295
3107
2948
2879
3079
3079
3079
2945
3079
3284
3334
2948
3357
3059
3079
2650
482
2680
2681
2680
2680
3831
4007
3763
3434
3103
3404
3234
3328
4053
3104
3355
3296
3356
3356
3134
3315
3098
3358
3098
2943
3107
3137
3431
3079
2650
2650
2650
2740
481
3853
3890
3228
4057
3853
3585
3417
3356
3306
3356
3238
3361
3361
3306
3126
3361
3124
3015
2945
1658
3633
3633
3324
2713
3417
3236
3096
1660
3079
3460
3688
3356
3134
3127
3361
3098
3217
2650
3079
2650
2650
2650
3317
3317
2752
3736
3254
2892
3254
3254
2879
2732
3778
3426
2943
2798
3364
2680
2681
3672
3412
3434
3393
3315
2719
2713
3379
3287
4868
2889
3400
3412
3126
3356
3098
3091
2945
3015
2945
482
4142
4066
4024
3434
3361
3059
2650
3460
3982
3315
3217
2650
2650
2752
2668
2752
3165
3018
4007
2892
3284
2650
481
3415
3096
3361
3136
2744
2744
2744
3780
3108
2919
3018
2650
3165
3165
2752
481
482
3127
3127
2744
3136
3136
3136
2892
3195
3137
2665
3736
3324
2990
3315
2951
2945
2650
2650
3587
3864
4938
4173
3393
2456
2609
475
3598
3137
3890
3415
1488
3840
3566
3546
3599
4012
4013
3636
3764
3941
3529
4902
4902
3530
4905
3530
3531
3531
3376
3376
3370
3136
2990
3649
3494
3494
3649
3649
3649
3548
3548
3514
3649
3495
3696
3604
3636
3483
3649
3494
3514
3482
3482
3553
3556
3235
3556
3376
3376
3649
3514
3944
3635
3622
3628
3494
3605
3572
3786
3786
3662
3662
3662
3774
3662
3649
3253
3649
2942
3293
2879
4016
3982
3228
3401
3645
3840
3566
3546
3546
3375
3393
3376
3649
3393
2625
3514
3554
3235
3333
3460
2668
2665
3317
3434
3811
3361
3361
3278
3361
3278
3361
3361
3514
3548
3235
3386
1186
3965
4066
3299
3400
3649
3649
3514
2990
3482
3099
3287
2650
2650
2650
3317
3317
3109
3230
2656
3361
3482
3337
3599
3050
2777
3831
3179
4088
3811
3357
3377
3393
3556
3482
3482
3548
3235
2919
3293
2671
3165
3401
3401
3482
3132
3946
3660
3403
3403
3569
3182
3182
3685
4145
3568
3183
3683
3582
3482
3548
3235
3053
2570
3556
3235
3358
474
3424
3828
3018
3482
3554
3599
494
3158
1186
3061
3401
3462
2653
3415
1891
3278
3096
3376
3556
2923
3345
2951
3424
4091
3165
3165
3400
3278
3100
3337
3235
3235
2817
3285
4170
3885
3649
3467
3386
3283
3158
3556
3228
3165
3446
3136
3548
2814
3315
3482
2811
3620
3460
3839
3103
3278
3125
3815
3125
3418
3362
4208
3569
3772
3815
3845
4208
3195
3282
2708
3058
2955
3514
3774
3649
3649
3649
3774
3662
3662
3662
3662
3662
3512
3511
4080
3726
3671
3671
3512
3511
3726
3947
3662
4080
4040
3496
3515
3582
3601
3946
3660
3235
3946
3660
3553
3671
3671
3268
1186
1186
3036
3018
3165
2706
3135
3578
3388
3400
3254
3254
3254
3129
3254
2814
2583
3778
3099
3556
3230
3424
3186
3388
3736
3430
3466
3278
3418
3844
3057
3158
3567
3386
3055
3056
3036
3284
3608
3607
3186
3514
2656
3552
3329
3125
3548
3268
3424
3069
3072
3284
3388
3186
3541
1659
3608
3608
3608
2682
3589
3514
4151
3176
2977
3404
3340
3268
3424
3158
2718
2718
3583
3559
3797
3435
3556
3094
1658
3460
3424
3072
3108
3811
3158
3217
3176
3553
3165
3165
3179
1659
3104
3418
3125
3359
3175
3340
3844
3368
3774
3850
3181
4109
4057
3672
3636
3135
3628
3604
3494
3649
3515
2958
2958
3610
3610
3641
3608
3817
4254
4414
4460
3741
3741
3811
3108
3175
3567
4066
3942
4160
3501
3971
4904
3537
3580
3539
3697
4895
3849
3849
3677
3786
3511
3677
3677
4043
4891
4164
3732
3590
3493
3987
4040
3859
3487
3528
4902
3940
3531
4040
3536
3733
4118
3510
4119
4043
3677
3677
3510
3677
3786
3786
3662
3786
3494
3636
3179
3839
3772
3377
3599
3832
3666
3810
3667
3701
3532
3941
3717
3732
3496
3487
3497
3284
2699
4066
4170
3418
3145
3623
4062
3941
4219
4904
3970
3502
3860
4017
4089
3180
3133
3386
3371
3660
3671
3554
3810
3503
3668
3470
3832
3668
3900
3902
3809
4219
3916
4286
3850
4063
3180
3135
3135
3596
3282
2717
2975
3660
3341
3775
3685
3180
3182
3767
3379
3844
3668
3144
4161
3356
3683
3418
3368
3554
3346
4931
2923
3567
3608
4059
3412
3333
3394
3662
3671
3671
3671
2921
3515
3814
3814
3233
3966
3618
3282
3436
3101
3368
3460
3284
3284
3608
3685
3685
4145
3602
4013
4012
4053
3418
3815
3815
4208
475
3659
2950
2841
3429
3599
3722
3668
4212
4160
4879
4211
3608
3608
3763
3767
2717
2717
3841
476
3583
3036
3326
3194
3844
3234
3629
3629
3671
3671
3813
2706
4147
3772
4025
2707
2975
3234
3101
2706
475
3660
3601
3671
3671
3660
4011
4051
2950
475
3234
4090
2813
3778
476
3101
3785
3660
3328
4053
3429
3662
4064
3233
3814
3386
3660
3946
3774
4150
3103
4053
3342
3601
4904
4904
4902
3530
4080
3835
3194
3671
4012
4013
4080
3512
3512
3608
3342
3844
3103
2682
3608
4179
3608
3541
3541
3608
4179
4934
4294
4294
4389
4349
4359
4464
4426
4603
3844
3785
3557
3662
3662
3530
4222
3608
4011
3342
4036
3774
3662
3774
4904
3902
3342
3512
3714
4040
3606
3947
4178
4276
3941
3531
4013
3531
3512
4080
2682
3610
3659
3640
3610
3743
3541
3674
2682
3817
4257
4404
4403
4244
3643
3794
3659
3659
3782
2682
3640
3782
3782
4254
3662
3717
3641
4183
3659
3941
3531
3801
4179
3512
4204
4204
3732
4205
3941
3731
3659
3741
2682
3781
3781
3737
3510
3510
3677
4243
3817
4244
3741
4460
3756
3797
4891
4253
4336
4399
4522
3861
2724
3557
4179
3677
3754
3741
4140
4140
3733
3510
3737
4140
4149
4043
3535
4041
4102
4043
3677
3677
2683
3878
3733
3732
3510
3557
4243
4179
4934
4934
3741
3741
4294
3741
4294
3741
3741
3741
4294
3878
3741
4291
4294
3878
4294
4586
4598
4522
4403
4227
4460
4415
4336
4404
4412
4389
4412
4412
4405
4553
4190
4557
4721
4557
4422
4468
4469
4466
4364
4727
4713
4652
4694
4719
4723
4687
4716
4649
4540
4679
4539
4562
4612
4612
4612
4612
4403
4461
4411
4451
4566
4189
4662
4190
4414
4590
4336
3741
1336
4461
4598
4190
1340
4403
4412
4403
4422
4559
4559
4405
4247
4422
4412
4412
4411
4294
4411
4408
4294
4412
4419
4399
4412
4263
4412
4409
4572
4636
4412
4572
4408
4422
4358
1340
4294
4552
4552
4531
4621
4595
4617
4613
4685
4701
4600
4702
4653
4701
4693
4695
4701
4631
4538
4571
4571
4653
4633
4633
4544
4459
4392
4349
4416
1336
4613
4553
4348
4349
4422
4591
4512
4651
4566
4566
4681
4414
1337
4416
4422
4358
4552
4625
4625
4426
4557
4358
4557
4460
4612
4612
4612
4687
4964
4604
4679
4388
4607
4536
4964
4611
4611
4611
4653
4562
4600
4679
4600
4562
4612
4633
4389
4414
4600
4600
4600
4612
4649
4600
4611
4611
4421
4407
4612
4702
4612
4612
4358
4468
1338
4413
4612
4702
4612
4695
4695
4695
4460
4416
4551
4460
4702
4422
4425
4702
4649
4679
4349
4551
4562
4416
4679
4649
4611
4633
4537
4561
4653
4611
4611
4612
4695
4552
4722
1340
4479
4604
4649
4421
4422
4600
4722
4460
4426
4426
4392
4416
4600
4479
4561
4649
4426
4466
4679
4382
4546
1336
4478
4388
1340
4468
4546
4611
4660
4728
4633
4696
4552
4712
4546
1340
4468
4426
4190
4349
4189
4428
4595
4469
4544
4649
4396
4486
4469
4478
4693
4662
4662
4950
4604
4604
4426
4467
4467
4448
4609
4485
4630
4632
4652
4594
4594
4953
4649
4604
4695
4696
4722
4714
4679
4631
4660
4721
4604
4573
4610
4427
4687
4393
4393
4686
4687
4693
4736
4740
4724
4642
4740
4694
4724
4667
4705
4688
4607
4604
4537
4636
4607
4956
4627
4444
4457
4712
4714
4622
4584
4584
4189
4744
4717
4665
4742
4740
4739
4599
4650
4576
4459
4686
4646
4724
4692
4720
4726
4367
4361
4426
4714
4392
4733
4428
4604
4483
4477
4654
4654
4743
4643
4691
4732
4694
4523
4948
4426
4361
4592
4694
4725
4545
4477
4564
4541
4618
4604
4716
4477
4647
4361
4613
4369
4545
4545
4715
4714
4714
4705
4665
4477
4712
4580
4581
4715
4189
4715
4691
4616
4713
4715
4715
4724
4361
4624
4724
4734
4595
4477
4678
4657
4657
4724
4435
4732
4432
4691
108
78
117
247
247
102
105
247
105
86
163
81
81
163
1342
1146
1207
804
715
1286
638
4814
618
792
1077
903
630
4969
1026
677
627
1067
4967
1272
768
903
1104
1422
1312
1026
836
4821
852
804
1123
618
1051
1341
763
711
1065
860
792
1051
1575
1575
1575
1598
1499
1675
1665
1654
1632
1747
470
2474
2519
2120
2474
2472
2474
2474
2474
4994
2795
4863
4863
1845
988
4863
4977
2305
2252
4989
4870
4870
4870
2368
2252
4861
4858
2698
3701
3649
3649
3662
3662
3518
3537
3859
3700
4891
3649
4119
3649
3662
3671
3494
3494
3494
3494
3494
3494
3495
3603
3786
3662
3494
3856
3897
3530
3857
3494
3677
4119
3498
3703
3487
3487
3254
3640
3609
3609
3541
3541
1659
3608
3541
4219
4552
4695
4744
4649
4612
4633
4612
4467
4562
4611
4540
4695
4679
4600
4464
3671
3671
3649
570
1421
1460
1427
4834
1287
962
1847
4987
4987
2431
4993
4993
4993
4993
4984
4995
2252
4984
4987
4995
4987
4995
4994
4984
2509
4984
2758
2536
2252
4993
4993
4993
4984
2509
2509
2252
1847
2536
4993
2509
4997
4993
2965
2650
2668
3317
3079
3317
3317
