4683
4467
4467
4714
4510
4468
4423
4358
4463
4506
4700
4712
4466
457
4243
4683
4365
4427
4468
4469
4469
4531
4544
4469
4469
4365
4596
4661
4673
4673
4728
4728
4365
4365
4585
4544
290
87
4427
290
4544
4544
4365
4661
4729
4729
4365
4729
4728
4365
4365
4365
4729
4729
4729
4683
4526
4556
4556
4455
4463
4525
4683
4683
4663
4683
4365
4365
4596
4365
4427
4544
314
240
240
390
390
240
4424
4469
4544
4511
4365
4365
4544
4511
4585
4427
4467
4365
4365
4573
4728
4365
4467
4729
4659
4365
4365
4427
290
4544
4510
4511
4468
4468
4525
4466
4466
4526
4552
4729
4728
4729
87
322
4427
4365
4707
4729
4589
4544
4729
4544
4544
4469
4365
4365
4728
4728
291
4544
286
4365
4365
4729
4450
4573
4365
4728
4729
4544
4544
4365
4544
240
4365
4729
4365
4683
4712
4721
4710
4451
456
523
523
523
4551
4556
4721
4365
4365
4661
4365
4683
4608
4557
286
4365
4729
4728
4365
4365
4683
4683
4729
4365
4365
4365
4365
4544
4544
399
4544
290
4544
259
87
290
4544
4544
4544
4554
286
87
87
138
87
240
4731
4683
4558
4608
4729
4364
4365
4365
4365
399
4683
4468
4557
4721
4710
4721
4553
4463
4463
4455
4463
4455
4551
4358
4244
740
1451
1451
1451
1676
1676
1598
1676
1451
1451
1451
457
456
4721
4712
4721
4244
4663
4721
4557
4557
4463
4365
4365
4365
4365
4365
4428
4712
4713
4552
4526
4721
4729
178
4712
4710
4557
4544
4554
4544
4558
4712
4365
4729
4544
4683
4683
4544
4721
4712
4566
4505
290
4365
4731
4710
4721
4721
4551
452
4721
53
4544
4365
4544
4556
4712
290
4731
4714
4511
4731
4544
4573
4427
4462
4426
4365
4683
4721
4365
314
321
286
322
4358
4423
286
4557
87
4680
4729
4712
321
4544
4526
4721
4566
4466
4721
4721
4712
50
321
4365
4365
4467
4544
4544
290
4556
4358
4525
4358
4551
4552
4553
4358
4553
4544
4551
4463
4731
4625
4544
138
4365
4544
290
4365
4554
4427
4511
4510
4427
4544
4585
4462
4510
4585
4366
4469
4469
4469
4511
4531
4468
4365
4427
4721
4462
4556
4364
4525
4712
4683
4469
4710
4505
4469
4714
4466
4525
4358
4712
4526
4462
4469
4425
4531
4358
4510
4557
4721
4426
4358
4721
4469
4469
240
4469
4557
4469
4505
4556
4505
4625
87
4721
4721
514
457
1598
1451
1575
1575
1634
1940
2041
1798
1798
3121
2972
3313
3633
3545
1365
470
1992
1798
1366
4468
4408
4358
4462
4721
87
87
4526
4721
456
452
452
1451
1451
1451
456
523
4422
4358
4422
4358
4358
4463
4469
4953
4469
4363
4469
4462
4463
4451
4557
87
87
4758
4451
240
4462
4623
4544
50
4463
4556
4553
4363
286
4953
4425
4469
4469
8
290
4363
4469
504
240
240
4469
4591
240
4469
4469
4469
4363
178
4554
4469
4363
290
4526
452
4469
4553
528
803
869
4463
452
4455
4463
4551
4455
4358
4358
456
4466
4551
4463
4505
4455
4463
4463
4551
528
740
1499
1499
1499
1675
1499
1654
1675
1675
1559
1559
1559
1558
1524
2092
1882
2597
2597
473
2625
3034
3157
3005
480
1664
2637
482
2503
2299
484
1996
1714
1841
1782
1596
1754
1857
1975
1819
2263
2178
2178
2178
2178
1967
1756
1877
1877
4466
445
4358
4358
4463
4455
4551
1451
4463
452
4358
4358
504
740
1451
1451
1598
1451
452
4289
4244
4551
4358
4358
740
523
1451
523
4358
4289
740
445
4244
435
4300
523
452
1451
1575
1451
1634
1451
709
561
661
633
668
4827
668
539
548
4824
4801
4801
864
564
4814
4814
618
673
770
709
735
641
565
642
4805
642
570
4796
903
4796
895
573
961
1072
963
1346
1429
1346
1521
1229
1639
1271
1101
1101
588
1277
1666
1531
640
4824
561
638
559
617
549
680
561
550
661
599
552
552
552
1085
603
603
592
687
595
4827
4827
592
592
4455
4455
4455
740
709
680
565
4806
4804
863
1066
4820
1067
1067
4797
681
735
770
680
798
804
764
646
647
735
714
714
714
792
763
570
850
857
571
872
4785
1286
1164
740
457
523
1451
1451
1574
1447
1063
1451
4832
708
617
681
734
770
1451
558
591
558
740
740
704
420
551
4801
771
849
4773
570
735
792
632
794
763
850
1632
1499
1499
1675
1451
1598
1598
595
595
669
597
616
633
558
4827
559
734
734
635
696
592
835
772
715
792
4806
792
794
4806
716
643
570
570
716
1511
906
906
665
594
597
597
687
628
4809
4814
836
910
4818
611
688
604
610
802
740
716
4806
595
546
663
666
740
871
740
1451
1675
1451
1451
1598
1598
1598
1598
1559
597
1451
752
1451
1575
570
906
1451
1598
716
716
869
666
843
697
697
4817
815
698
694
694
4769
781
774
604
4833
1499
1499
1499
1499
1676
1676
1665
1451
597
871
903
572
905
4841
1451
1598
872
701
698
592
740
823
609
604
694
846
1712
1499
1675
1499
1675
610
610
610
630
4813
629
1451
604
592
927
1356
1343
648
1451
808
846
809
1451
611
611
774
724
630
629
846
1499
1451
1675
823
848
804
905
1499
4798
852
193
1533
1125
906
1053
815
823
1451
1598
906
768
890
1126
1207
1143
1104
1199
1209
4796
192
1310
4782
1499
1499
808
927
1286
1154
870
1499
1499
1499
1499
1632
1499
1499
1499
1499
1475
1943
1911
1712
1712
1747
1792
1792
1822
846
1029
1027
1024
846
4849
458
1553
1286
1025
726
4818
4766
4777
1073
4765
647
1272
1272
1154
647
1131
630
902
911
1469
1712
1598
1598
1575
1575
1131
1164
1132
1132
1575
924
1583
1582
876
1941
1941
2233
1477
2069
2944
2842
2492
939
2266
2266
2181
2265
2331
2330
2735
2330
1083
1083
1356
1419
1132
1025
578
1124
962
4765
1123
1007
1277
581
1121
1021
1007
648
972
974
1226
1007
1020
1352
1586
1540
1733
1059
985
1735
1878
1878
2305
1548
1597
1116
1101
1101
997
1271
1202
890
1548
1532
1003
1372
972
1069
1007
1069
1012
1230
1531
998
1022
973
1437
1709
582
586
586
1372
581
1127
579
1123
1675
1675
1675
1598
968
974
1005
1160
1060
1005
1018
1001
982
984
1938
1922
1832
2074
1984
1653
1046
1038
1031
1101
1285
1342
1370
803
1712
972
1321
1321
1618
1842
1117
1562
1675
1676
1676
1372
4795
1422
4834
4764
1314
1008
1132
1272
1079
1141
1080
890
860
1079
1135
1135
1085
4777
4792
4815
1076
618
846
1001
1005
1554
4847
1469
1712
1028
1356
1013
1227
1203
1127
866
1146
4970
4970
1018
979
647
1069
995
752
1481
4850
4974
1706
1608
1013
1495
1027
1516
1229
579
1285
853
1379
1499
1499
588
1554
1466
1229
1370
859
1141
1076
1080
1155
1141
1068
1278
1106
4973
978
4970
1149
1149
1388
1388
1388
1032
1036
1438
1143
1159
976
1589
1204
1313
991
1116
4970
1013
1584
860
1064
1530
1045
1047
1167
1254
1820
1757
1758
2413
2431
2431
2252
2311
2311
2204
2521
2398
1803
2395
2386
1183
2833
1183
2559
2498
2496
2496
2496
2386
2498
2498
1195
2521
2479
1494
1168
1392
1206
1678
1118
1447
1437
1055
1168
1197
4973
1146
1278
1494
1275
1296
1783
1215
1310
1430
1435
1283
1429
1346
1153
1784
4850
1678
1698
1438
1708
1641
1304
1235
1107
1168
1299
1632
1404
1236
1171
1242
1839
1170
1641
1708
1708
1492
1235
1235
1250
846
1168
1319
1674
1840
1711
1868
1306
1262
1409
1632
1675
1300
1380
1345
1412
1247
1292
1784
1132
1391
1318
984
1039
1314
4970
1388
1464
1468
1433
1210
1312
579
1380
1162
1284
487
1424
1246
1169
1438
1530
1350
1300
820
487
1033
1409
1632
1675
4849
1447
1468
1224
1465
1868
1218
1316
1598
1767
1474
1499
1747
1499
1499
1467
1311
1218
1264
1558
1794
1795
1329
470
1328
386
276
235
51
205
317
1285
1380
1602
1200
1465
1346
1342
1045
1759
1580
1619
1744
1419
1345
1401
1575
1575
1634
1558
1633
1574
1366
1379
578
1868
1357
1575
1558
1575
1380
1415
2438
2509
486
1292
1433
1932
1435
1481
1346
1587
1848
1175
1810
1615
1808
1576
1536
1275
1295
1287
1233
1234
1645
1060
1979
1595
1623
1913
2095
1962
1182
1805
1718
1614
1602
984
1283
1508
4788
1421
1461
962
1504
1461
1436
1464
1576
1602
1515
578
1295
1698
1272
1594
1731
1452
1633
1627
1947
1686
1897
1485
1388
1428
962
1246
1529
1641
1679
1452
1452
1665
1500
1770
1656
2645
2093
2423
2233
1474
1722
1953
1525
1928
2417
1991
1411
1283
1438
1429
1678
1540
1731
1854
1853
1764
962
1283
1283
1506
1429
963
963
1072
1051
1558
1634
1583
1708
991
1688
1699
1229
1722
1750
1484
1485
1418
1561
1666
1228
1788
980
1814
1633
1558
1811
1305
1351
1617
1034
1895
1003
1634
1716
1665
1716
1665
1500
1635
1724
1723
1634
1166
1633
1056
1474
1822
1676
1676
1616
1676
1676
1676
1676
1675
1676
1665
1676
1597
1676
1665
1676
1716
1722
1229
1710
1321
1499
1747
1747
1792
1632
1632
1782
1665
1559
1453
1708
1709
1532
1867
1413
1913
1675
1675
1675
1676
1690
1690
1965
1675
1499
1654
1632
1654
1655
1654
1690
1704
1782
1677
1596
1677
4847
1613
1613
465
1396
1708
1213
1639
1747
1499
1792
1675
1675
1690
1706
1228
1559
1665
1559
1716
1500
1839
1730
1351
1793
1608
1553
1792
1665
1676
1764
1841
1689
1456
1853
1853
1751
1956
1904
1723
1750
1842
1842
1637
1722
1228
1676
1708
1779
1724
1586
1607
1454
1444
1695
1698
1726
1677
1904
1691
2315
3424
2959
3781
2841
3597
2998
2636
2926
2803
2437
1904
1040
1709
1720
1943
1573
1941
1591
1593
2383
2383
1677
1456
1721
1457
1578
1724
1583
1553
1613
789
1677
2044
1996
1686
1457
2296
2936
2862
1650
1613
1485
1698
1903
1720
1916
1916
1714
1714
1841
1003
1853
1686
1456
1725
489
1800
1712
1996
484
1994
1714
1723
1677
1686
2180
1686
1687
1750
1525
1228
1724
1585
469
1654
1035
1750
1812
1541
1843
1860
1738
1926
2217
1747
1792
1792
1591
1947
1630
1695
1608
1772
1788
1628
1792
1741
1525
1457
1483
1899
1755
1910
2178
1983
2235
1547
1978
1654
1654
1655
1655
1965
1690
1965
1657
1656
1632
1632
1713
1228
1839
1840
1702
1782
1841
1613
1532
1765
1502
1613
1582
884
1501
491
1042
1720
1841
1947
1117
1577
1755
1628
1841
2004
1750
1880
1953
1788
1685
2065
1539
1940
470
1940
1903
1903
1703
1920
2045
2398
2398
1803
2224
2224
1747
1811
1858
1939
1780
1947
1842
1352
1832
1366
1524
1899
1819
1725
1724
1770
1916
1916
1904
1613
1630
1848
1582
1041
1535
1041
1366
1366
1894
1798
1613
2041
1777
1854
1853
1855
1667
1734
1879
1879
1879
1786
987
2250
1934
2057
2000
1916
1686
2083
1946
1060
1212
1858
1866
2044
986
2064
1785
1854
1993
1177
1916
1720
1919
1918
2362
2503
1714
985
1727
1755
1910
1858
2065
1989
1990
1882
2384
2453
2453
1486
2384
1397
1794
1916
1916
2004
1366
470
2335
1383
1916
1916
1714
2179
1747
1571
1591
1591
1593
1783
1818
1818
1770
1916
1916
1920
1919
1916
1714
1714
484
1916
2359
484
2094
1408
1911
789
1815
1951
1934
1931
1915
1943
1922
1934
1934
2004
2233
1941
1830
1175
1990
1656
1999
1944
1999
1965
1691
2083
2378
2495
1855
1691
1903
1916
1714
1792
1593
1951
1935
1975
1919
1714
1928
2067
2067
1920
1918
1919
1366
2110
1703
1043
1755
1879
1879
1967
1967
1967
1967
1801
1801
1714
1956
1476
1978
1691
1801
2223
1179
2398
1714
2094
2264
1985
1986
2793
1928
2065
1991
1657
1181
2256
2299
1715
2905
2637
2637
1715
1916
1762
1214
2435
2413
1927
1215
1856
1920
1920
1848
2738
2738
2802
2924
2924
2849
2738
2287
2544
2286
2738
2755
2738
2544
2738
2738
2802
2802
2802
2832
2183
2738
2755
2755
2738
2738
2738
2738
2790
1909
1794
1329
2067
2233
1918
1918
1918
3066
2802
2802
2802
2802
1241
1876
1879
1993
1848
2738
2802
2737
2832
2544
2738
1933
1910
2635
2698
2681
3111
3068
2383
2383
2383
2635
2319
2802
2802
2138
1988
2802
2802
2802
1593
2053
876
2378
1762
1762
2802
2802
2802
2802
2755
470
3137
2110
484
1920
2802
1858
1762
1762
2459
2072
2544
2286
2286
1959
2072
2407
2435
2094
1181
1179
1416
3189
2147
2139
3081
2909
2118
2572
2554
2531
2529
3067
3185
2233
2678
2139
2739
2257
2572
2257
2257
2284
2755
2966
3259
2442
2323
953
2016
2021
2021
2052
2016
2230
2248
2249
2471
2137
2534
2373
2200
2317
2317
2373
2534
2572
2572
1959
1477
2287
1366
884
2101
2266
940
2087
2088
2010
2008
2063
2088
2010
2010
950
950
1990
2083
1946
2176
3024
2631
2939
3007
2403
3170
2176
3067
2139
2928
2118
2474
4858
2448
2020
2021
2162
2997
2202
2432
2367
2262
2368
2252
2252
2187
3067
2383
2802
2257
2489
2737
2409
2407
2181
1896
1925
2065
3067
3080
1920
1870
2224
2697
2912
2739
2407
2257
2314
1366
1879
1892
2364
2201
3049
2913
2528
2924
2233
2383
2924
2802
1477
2459
2517
2071
2476
2377
2735
2512
2286
2003
1952
1485
470
2041
2308
1737
2528
1959
1815
1479
2041
2264
1662
3164
2913
2502
2340
2181
2257
1875
1910
2178
3293
3189
3300
3007
3007
3007
2467
3256
2146
3300
3258
3274
3258
2348
3115
3007
2939
3260
2443
2118
2083
2196
2043
2517
2515
986
1909
1879
1954
2491
1918
2413
2431
1847
2368
2502
1896
3189
2264
1946
3080
1803
2413
1847
2224
2001
2257
2572
2257
2285
986
2097
2097
2178
1882
2662
3271
3300
3189
3189
2299
2311
2257
1329
2147
3147
2893
2604
2604
2604
2673
2937
2245
938
940
2236
1994
2071
2471
2329
884
2529
2946
2603
2477
2603
2311
2195
2321
2572
2364
2359
2423
2479
2479
1923
2181
1876
2003
3024
2358
2603
2045
2341
2257
1571
3259
2700
2424
2072
2572
1989
2645
1994
1892
2937
2362
2396
1180
2490
1786
2327
2178
2342
2428
2398
2398
1195
2257
2338
2200
2220
2135
2090
2134
3081
2939
3007
2348
2347
2093
2432
2324
2367
2432
2072
2072
2333
2453
2307
1819
3260
3189
2424
2657
2636
2636
2495
1662
2398
1194
1195
1861
2262
1861
1795
2873
1660
2436
1946
2311
2311
2375
2338
2373
2297
4858
2119
2373
2190
2333
2373
2181
2181
2265
2338
1892
2453
2481
2754
2362
2383
2068
2904
3313
3083
2520
2520
2673
2604
2383
2265
2097
3300
2909
4860
2756
2383
2756
3111
2509
939
2275
1884
1884
2597
1884
2484
2178
2939
3007
3007
2939
3300
2937
987
2424
2521
2430
2311
4993
2311
2311
2479
2509
2509
2181
2333
2338
2635
2909
2698
2612
2377
2069
2509
2509
2262
2338
2265
2490
3262
3024
2467
2630
2358
2850
2473
2377
2204
2479
2534
2333
2469
1990
2630
2631
2604
3118
3155
2403
2154
2844
1998
2572
2307
3271
3274
3300
3258
2377
2521
1894
2181
2265
2232
1954
3081
2146
3081
2204
2497
4986
2497
4986
2204
2204
2203
4990
4990
4981
2203
4986
4986
4990
2311
1936
2242
2242
2520
1989
2178
2178
2178
2272
2419
2801
2327
2939
2937
2377
2265
2453
2453
2382
1795
2382
2743
1883
2232
2566
3274
2299
2417
2326
3007
3007
3007
2880
2904
3083
2383
1991
2417
2642
3262
2645
2495
1662
2603
2604
2498
2498
2498
4986
4990
4986
4986
4981
2615
2942
3348
2618
2920
2536
1937
937
2520
2453
2481
2754
3271
2348
3541
2071
2946
2477
2520
1966
2242
2333
2662
2926
1715
2072
2012
2101
2101
2266
1329
1883
3274
3541
2700
2657
2497
2333
2429
1872
2860
2860
3209
3209
2656
3780
3820
3626
479
2495
2387
1329
3117
3274
3293
2362
2628
2740
3299
1995
481
481
481
2860
2860
2628
482
482
1872
2757
1872
1715
2069
2068
1798
1894
3065
1872
1872
3608
3781
2457
3768
470
1680
1680
1680
2181
2348
1659
3673
3781
1659
3541
939
2272
2392
2392
2272
1968
2870
2703
3056
2887
2325
1971
4980
2773
2762
2810
1756
2272
2484
2485
2897
3782
475
2592
1795
1329
3274
3274
2348
2932
3007
2436
2437
2429
2417
2232
1490
2420
2746
3433
2668
2664
2833
482
2833
482
3743
1795
3170
2699
2663
2604
988
1845
1877
2252
2509
4995
4996
2761
2771
4979
4976
2205
4981
4993
4990
4993
2252
2252
4870
1968
4993
4994
4994
4985
4994
4993
2536
2536
2252
4995
2536
4873
4980
2715
2895
2809
2775
3064
2783
2782
3350
1798
1888
1528
3034
3191
2604
3388
2386
2843
2498
2536
4990
2509
4993
2119
2252
4870
4870
2265
2325
1819
2348
2637
2860
1986
2805
3401
2496
2757
4990
4990
4863
2808
2919
2921
3579
2814
3658
3686
3399
3287
2875
2874
4975
4993
2373
2266
2238
4867
2265
1886
2481
2453
2232
1881
3065
2909
4993
2498
4981
2389
4994
4995
4870
1969
2181
1968
1889
2456
483
2804
2604
2604
2900
4990
2205
2559
2631
2467
3061
2843
2498
2498
4994
2200
2373
1969
1845
1882
3293
483
2637
3061
2946
2899
2373
2297
2265
2220
2265
2392
2939
2805
2603
2770
2265
2265
2220
3674
2386
2805
4868
4868
4201
3773
3268
3347
4010
4091
3091
2774
2242
2484
483
2637
2477
2874
2809
2524
2484
3672
3787
3309
3313
3298
3346
2519
2498
2474
2519
939
2168
2347
2663
2135
3388
2503
2604
3083
2070
2900
2919
2920
2266
1971
2702
2482
3640
3640
2496
2496
2946
2181
2265
2220
2162
2154
4875
2403
2926
2603
2245
2245
2559
2647
2561
2774
3672
2899
2373
2265
2824
2975
2798
2824
2325
2592
493
2926
3462
3567
2242
2961
3120
2181
2200
2154
2480
2467
4856
2351
1798
2242
2520
2477
2899
2798
2949
3052
2815
2041
1329
2404
2967
2673
2900
2894
2360
1798
470
2263
1489
2990
2956
2856
2347
2757
2900
2244
2242
2520
2520
3083
2478
3061
2558
2673
2546
2801
3400
3587
1664
2833
2833
2757
2833
2833
2757
2833
2757
2757
1183
3079
3008
3270
2242
2242
2520
2778
2208
2032
2032
2021
2016
1888
2947
1186
3407
2884
3689
3736
2747
3162
2757
2070
2602
470
2232
3029
3005
2948
2242
2242
3053
3054
4873
2702
2393
2219
3672
3462
1663
2764
3093
2181
2188
2510
3609
3608
3817
3754
3754
3633
2911
482
2908
2803
3542
3313
2012
3091
3064
3214
2895
2012
2265
2962
3252
3279
3392
3417
3099
3099
3368
3233
3402
3402
3295
2219
3578
2860
2496
2238
940
2236
2236
2236
940
2236
2236
2236
2236
3064
2236
2266
2477
3083
3008
2948
3336
3334
3402
3127
3376
1678
1678
3134
2948
2307
2958
482
482
482
3381
3209
2740
3209
3209
3441
2655
3136
2885
2344
950
3155
2246
2320
2041
3578
482
482
2899
2236
2537
3364
482
481
481
481
2665
2650
2650
482
482
3109
481
2236
2266
2090
2779
1798
470
1798
2798
3357
3370
4025
3179
3845
3386
3403
3357
2958
3646
3435
2917
2894
2088
2236
2208
2020
1798
2713
2273
3609
2133
2105
2087
2063
2088
2236
2010
2478
2900
2478
2477
3107
2754
2637
2740
3210
3441
3485
2550
2617
3313
2021
2021
2101
2510
2650
3166
2323
3063
2268
2014
2014
2211
3090
2781
3687
3178
4142
3324
4047
3429
3404
3376
1438
3225
3120
2218
3610
2682
3255
3018
3165
3400
2010
2088
2010
2010
2015
2020
2392
2434
482
2016
2016
2063
2239
2229
2211
2052
2032
2010
2520
2460
2478
3107
2740
3245
2322
2236
2900
2016
2021
2478
2477
3323
3306
1798
1888
2870
2066
3659
481
481
3110
3109
2016
2016
2016
3294
3238
3435
2016
3425
3295
2624
2682
480
3246
3374
2898
472
3401
2900
3379
2798
3787
1995
481
3542
3083
2943
2066
3565
3083
3083
2900
2900
3365
2781
3831
3355
4024
3645
3376
1419
1295
1641
3339
3323
3354
3402
3417
3335
3126
3315
3099
2703
3345
3558
3244
3209
3209
3400
479
3025
2782
3352
3026
2477
1775
3324
2962
3098
3276
3291
3361
2219
3140
3657
3313
2477
2460
2477
3296
2900
3295
1795
2650
3542
3416
3127
3402
3356
3098
2455
3743
3209
2656
2745
3633
1798
1798
2713
2567
3597
3389
2460
3355
3295
3094
3361
2273
2568
4129
2665
3209
3657
3744
3402
3098
3335
2716
2665
2667
481
3586
3410
3417
3291
2552
3209
2781
3355
2537
2653
3736
3295
2990
2682
2656
2656
3425
3127
2218
1940
3659
3787
3415
3441
2829
3356
2898
2570
3558
3301
2460
3336
3059
3210
2656
3209
3297
1798
2337
3272
2731
2470
2598
470
1329
470
3742
3025
3437
3281
1438
1529
1111
1097
866
902
851
724
4833
730
832
4778
776
782
782
1576
1129
1464
3359
632
852
1126
804
632
716
927
927
820
853
852
902
1077
4777
625
630
715
715
1065
1216
1103
1427
1218
1386
1294
1294
1129
1398
1098
772
870
858
836
630
1146
1105
860
1207
1106
1141
1208
1106
4797
1106
4973
890
870
632
2682
3567
3633
2782
3421
2781
2306
3238
1119
1010
1010
3359
1602
1529
1641
3436
3127
3267
764
822
821
1111
1098
3036
3211
3339
3236
3278
870
823
3429
2538
3576
4023
3437
3297
870
870
1641
927
2744
3542
3416
3463
764
1009
823
2892
3431
2811
3425
3595
2840
2625
1576
1529
3376
1602
1398
1433
927
927
1310
1310
494
2457
3441
2456
957
1111
1111
1111
1230
3177
3686
3687
2814
958
927
887
771
2608
470
1356
1310
3099
1795
1795
2889
2889
853
927
958
3126
3407
3157
2722
3208
2625
2891
1576
1398
495
3661
3282
3642
3287
3736
3387
3568
3338
3337
822
1310
1310
3243
2457
1495
804
4813
3362
3136
1534
3227
3782
1798
3281
3429
1280
3269
3734
3586
3339
3840
3360
3669
4065
3767
4023
3230
3254
3689
1065
1067
1216
1065
632
1216
624
4972
1066
1145
1145
4972
1146
1148
624
623
1141
861
1077
1102
1103
1207
1104
860
861
1146
902
910
813
813
966
853
820
1388
1388
1282
1433
1356
1294
1281
1218
1148
3347
3433
4201
3762
3451
2955
2609
1098
1010
3379
3175
470
3108
3404
1344
3425
3598
3647
3325
853
852
3418
3422
2592
470
3386
3283
1310
3592
3830
4173
3647
2787
957
1129
3236
1280
2819
3275
2675
3790
3762
3762
4264
4234
3876
4173
2041
630
852
3339
3551
3217
1529
4972
3243
853
2996
470
470
1366
2382
1433
2811
3071
3369
3762
3121
3402
2337
3175
1282
3229
3831
3402
3177
4011
3158
3844
4026
1216
1065
4804
1067
3352
3686
3634
3585
697
3121
859
819
1208
4804
3451
4234
470
470
4226
4264
4264
513
740
424
450
415
796
3647
2858
3377
4060
602
687
609
816
557
4813
836
912
1083
4765
1135
622
861
1155
861
4814
1073
910
4813
1077
861
4765
4777
725
4802
4833
782
782
4769
1073
4766
1083
599
4813
4794
4814
4793
911
622
862
1115
1155
1207
1142
1106
702
3595
3569
1576
1218
696
697
608
687
4802
4833
955
844
840
725
697
910
724
4809
3071
818
3230
470
3564
814
801
816
782
816
688
609
695
801
3686
3980
1226
470
1329
1294
4974
4974
1302
701
698
688
606
851
544
4775
4775
722
801
604
816
609
816
596
3287
4023
3639
3568
3194
1534
3358
3593
3686
3683
3570
3429
544
722
605
606
3830
4088
3569
3341
3038
3184
3380
2041
470
3633
3585
3402
2598
1068
4763
1302
4970
4974
2817
851
3325
4024
3846
2815
4050
1584
3394
3629
3384
3071
3687
3684
3945
902
966
3841
3569
3574
470
470
470
3439
470
470
4079
1388
688
801
609
687
606
4056
3685
4107
4007
2815
1098
3232
606
3178
3419
1328
1230
3404
3629
4797
3678
3398
3040
4065
3686
3684
2337
1529
3102
3654
470
1433
1280
1218
1388
4123
3790
3397
470
470
470
1246
851
3347
1798
1328
470
1328
1097
1386
1356
997
1534
1302
4129
3180
4143
3813
1344
1245
4763
2921
2812
1529
4139
1218
729
4775
4774
813
3391
3584
3819
1102
1126
1208
4173
3179
3402
4046
3545
513
502
4280
4264
186
765
207
450
297
4953
4363
51
4208
820
4202
4970
1146
4778
4280
3398
4170
4079
1278
1106
1278
810
3542
4026
1302
851
851
910
902
819
832
782
897
1126
4778
1207
1077
861
1146
470
4840
1563
504
1680
1680
4264
1680
724
740
48
293
238
293
292
424
401
293
238
235
1798
1522
1522
470
3876
4264
470
1539
424
1146
834
4840
1680
1680
727
797
1231
1207
1207
4818
601
1798
840
603
386
1082
446
504
4226
4814
630
4816
861
47
184
340
238
796
202
2041
2041
603
4254
209
454
238
293
341
434
860
4793
442
447
4777
4792
4815
4813
910
4813
835
1083
4794
1135
861
1078
861
1817
1077
4813
620
4794
504
238
424
506
512
1513
1328
349
796
796
200
47
318
349
454
238
796
238
401
401
293
293
199
432
346
238
415
293
345
293
293
293
297
4953
4363
4363
4469
4531
4531
4531
4531
4469
4544
4544
4554
4363
4
322
138
2
7
2
7
265
390
322
168
289
289
289
401
345
297
51
4953
51
4953
11
254
346
201
235
345
51
51
238
293
345
345
293
272
292
272
293
292
293
293
315
201
238
293
345
345
293
269
276
202
12
235
238
432
415
415
317
272
272
293
401
345
292
297
293
293
272
297
272
4469
4469
4544
4544
4544
50
286
322
322
168
286
390
7
390
322
4
240
4544
4544
4466
4466
4462
272
9
345
345
50
293
293
345
345
292
51
9
4363
51
401
318
297
297
345
4363
51
4469
4466
4531
311
4468
276
322
85
266
7
256
3
2
3
4758
286
87
3
3
322
322
322
390
4758
266
390
322
4469
401
276
4758
374
85
289
322
240
293
293
4468
298
168
7
4758
4468
4531
11
256
266
7
85
3
432
293
432
289
293
292
4469
7
390
293
272
4462
317
2
3
390
50
87
293
322
290
168
4531
4469
390
390
7
293
4468
297
293
297
4363
51
4953
4363
4466
4466
345
9
4466
401
87
3
4469
322
138
322
272
4466
4758
4544
51
4462
4758
322
290
4544
4544
4363
4544
4622
9
4531
4466
51
51
266
51
4544
4544
4544
4466
4466
4758
4758
254
4544
4531
4758
390
51
171
170
3
3
4469
4544
4544
4680
4680
4544
4531
322
50
240
4531
2
7
256
4758
390
4363
4363
4361
3
4544
4544
2
4758
4544
4466
4466
272
51
51
254
7
3
3
4758
170
322
290
4758
240
4758
4758
4758
390
4363
4469
4511
4544
4544
290
87
4363
4622
4544
4544
4392
4953
3
7
3
170
170
3
4758
290
4466
4696
390
3
4758
4544
4544
170
4722
4462
4363
4544
4363
4680
3
322
286
286
286
171
4758
178
4758
4363
4469
87
4469
4544
170
228
4544
7
4758
4758
4544
4680
4544
4363
4392
4622
4469
178
3
4758
4544
4729
4511
4392
4622
4544
290
290
4554
4544
4363
3
170
4363
4758
4544
4544
266
4544
3
286
4
87
4758
4758
290
290
322
4466
4758
240
171
87
259
240
241
4712
390
322
87
4506
322
4427
4365
4544
4365
4589
4544
1425
1425
1139
1083
1082
1082
815
850
1286
961
694
608
592
4792
675
604
965
895
895
603
1073
1137
1429
1346
963
573
595
595
1141
1075
1075
1141
1076
4829
4764
544
857
843
903
1461
4796
4821
1422
961
1283
1429
1134
711
1075
778
1067
835
4803
4812
4805
1347
1083
553
4834
4834
1507
1507
568
1425
963
4814
617
618
4829
4833
641
4800
1083
1072
1051
698
1575
1499
1575
1499
1451
1598
1559
1575
1634
1559
1598
1675
1675
1559
1598
1675
1471
1941
2474
2554
2512
2474
2519
2118
2257
2178
2496
2647
2496
1879
1879
1786
2498
2498
1786
2203
4993
1786
1967
1877
1756
2900
1082
632
4804
544
1105
628
4813
1083
4798
4784
630
1208
1076
1148
4974
1146
1216
1207
1207
1302
1126
860
860
860
1135
798
605
730
4775
604
624
861
910
701
4769
954
815
658
1489
4264
4234
4235
3876
4234
1563
4234
3071
3876
4234
816
297
3
2
3
256
4469
322
4544
2
4544
7
390
390
4758
2
4974
1279
4974
1068
4970
1426
1068
1068
1461
2536
2368
2311
2311
2536
2536
1998
2252
1864
1877
988
1877
1845
1845
2536
989
2252
988
1845
2252
2252
2368
988
2305
2252
4867
2056
1845
988
1845
