158
303
159
303
4757
25
177
85
237
439
175
175
175
175
175
175
175
175
175
175
175
175
175
175
175
175
175
175
175
175
175
175
175
175
175
175
175
175
175
175
175
175
175
175
175
175
158
4762
253
223
3
208
25
177
144
175
175
175
175
175
175
175
175
175
175
175
175
175
175
175
175
175
175
175
175
175
175
175
175
175
175
158
175
175
215
175
175
175
175
175
4762
175
175
175
175
175
175
175
175
175
175
175
4762
414
4762
4762
175
175
175
175
175
175
175
175
175
175
175
175
175
175
175
175
175
175
175
175
175
175
175
175
175
175
175
175
4763
175
175
175
175
175
175
175
175
175
175
158
175
175
175
175
175
175
175
175
175
175
175
175
175
175
4762
158
49
237
237
242
239
384
385
204
301
301
49
175
175
175
175
414
4762
158
164
175
175
175
175
414
4762
175
4762
175
175
175
175
175
175
175
175
175
175
175
175
112
175
112
215
215
175
158
303
158
4762
175
158
175
175
175
158
175
158
76
312
2
49
238
406
7
292
275
45
711
747
508
447
182
237
229
219
106
41
229
237
181
136
175
175
175
175
175
175
175
4763
73
4758
175
78
2
73
175
175
175
158
169
175
175
175
175
78
1
122
213
175
175
175
175
144
73
169
237
237
333
122
175
175
175
175
2
177
175
175
175
76
303
175
112
175
175
219
175
139
175
175
175
175
175
175
175
175
175
175
175
76
312
175
303
177
175
31
203
86
203
203
237
277
175
175
175
175
175
175
175
175
175
175
175
303
414
4762
414
304
305
305
304
81
175
175
32
312
203
219
175
175
175
175
175
112
112
112
175
175
175
175
175
219
175
78
303
38
229
175
175
42
237
175
175
38
83
237
175
175
175
175
149
242
175
175
414
277
175
175
175
175
253
81
175
175
175
76
84
139
215
175
237
407
133
132
194
1446
1480
1937
1325
1930
2984
3185
3300
4025
2901
3821
4209
4271
4299
2985
4004
4352
4299
175
175
175
175
215
168
229
237
277
424
407
194
194
911
794
794
333
424
27
175
4755
27
175
175
175
175
175
175
77
177
277
175
175
215
279
175
3
301
175
316
320
112
215
175
175
175
175
239
175
175
215
177
175
175
175
112
112
112
112
112
112
318
280
272
204
459
514
48
47
202
238
231
296
125
407
229
216
199
396
180
382
185
808
1230
1532
1569
1522
1929
1980
1979
2451
2573
3041
1488
2996
3226
3056
481
3113
2667
3305
2666
2756
2666
2666
2390
2041
1995
1895
1895
1895
1895
1618
1590
1609
1608
1608
1568
1417
487
1751
1892
1752
2430
2215
1955
1870
1872
205
237
180
44
9
200
420
292
9
349
44
181
451
513
451
424
194
126
343
45
186
205
241
911
280
417
205
456
439
452
186
187
126
499
194
750
1457
750
194
194
1457
1600
633
546
546
546
547
691
691
546
547
633
553
557
549
558
558
541
552
594
553
633
633
558
553
549
549
4819
550
4819
631
4808
631
4808
4808
4808
4809
892
4841
4841
4841
902
1338
1378
1377
990
1124
1002
989
1006
1111
589
539
547
546
546
597
597
541
541
546
547
605
594
546
594
594
605
605
665
620
613
694
546
695
665
594
456
185
633
541
560
4819
4799
643
4819
4819
4819
4819
4821
4817
549
633
549
549
635
4837
682
629
633
553
553
550
553
560
550
631
4819
626
629
568
4808
649
652
951
133
911
535
1512
360
535
126
546
539
539
665
595
622
499
539
547
546
546
206
694
546
241
694
550
550
4819
628
549
549
549
635
550
4799
643
418
424
750
1457
919
695
695
614
614
546
546
691
546
597
668
539
665
665
665
539
539
668
668
635
708
642
549
643
564
4837
549
645
4819
629
629
4808
4808
695
691
694
695
695
614
597
665
668
701
663
663
613
620
809
766
798
454
643
4799
695
695
722
621
449
513
568
454
386
194
194
1022
1020
614
4783
794
437
190
750
454
4808
508
193
911
668
687
682
4799
628
665
665
665
665
695
695
605
605
601
601
788
663
741
4854
1607
695
665
626
4808
568
499
794
834
834
629
665
665
594
643
620
826
594
695
801
620
613
695
668
548
549
535
695
665
815
849
1122
820
792
758
835
871
530
809
809
665
665
700
4837
668
528
4799
4829
514
4808
528
594
4837
442
568
4808
744
555
639
640
795
919
4808
4837
708
4799
4821
4821
4819
4819
631
629
715
640
798
459
640
4808
845
668
871
1550
1725
1574
873
784
461
1472
1587
802
535
716
683
793
356
1312
4808
4808
4833
4833
555
555
700
635
640
845
892
845
869
849
844
635
635
555
1564
867
747
1552
844
4808
719
920
749
1479
1324
1376
1375
1375
361
1561
910
879
874
874
1761
1247
888
1085
1680
2079
2866
2248
2227
2008
2099
2127
555
4833
820
882
869
845
902
1046
892
665
802
1000
1043
1007
990
589
1120
1014
1094
960
1089
1000
1101
1556
1197
1025
975
1533
1386
1034
1638
1993
1952
1872
1872
961
1108
971
1043
923
819
1005
990
588
668
1043
1702
1004
1000
1001
1001
1044
1002
589
991
1104
990
1016
1010
1377
921
959
1043
1006
963
535
902
869
808
970
1008
1012
1027
1408
970
1084
1083
1280
1398
1398
1399
1928
1757
1036
2259
1848
1295
1270
1286
1090
1066
902
892
892
388
960
1051
1632
1851
1803
1534
1851
1058
631
631
631
4817
4968
1090
1007
1123
869
701
4799
4819
668
4799
4821
1079
4799
549
4820
549
549
559
4799
4820
871
741
1084
761
359
356
1357
878
1315
882
819
1104
965
1016
750
815
4817
802
1100
1050
997
1090
820
919
1513
768
591
1603
1634
1090
593
1145
1146
1514
1019
902
849
585
591
1372
1017
1125
579
4841
4799
4799
4799
4799
4799
4819
4817
631
4817
4817
968
4817
4817
1132
1209
3522
3522
590
967
1144
1337
4799
4821
1150
1268
1148
1296
1153
994
4817
1104
1120
892
1244
1101
1313
1494
1163
1343
1256
1301
1581
1409
1169
2502
2250
2199
2530
2306
2305
2107
2107
1414
1795
1765
1415
1174
2556
2835
2552
4989
4977
4977
2553
1172
2435
2305
2330
2330
1200
1191
1239
4817
1119
1219
359
586
1492
527
1192
4817
4817
4817
4817
1205
1638
1638
1207
1867
4817
1310
1209
3649
4973
1062
1047
1509
1113
1195
1009
1104
1156
1495
1464
1430
1448
1041
1405
1544
1228
1165
1294
1143
1233
1535
1396
1084
1238
1084
1355
1464
586
1528
1300
1039
1557
833
1165
1235
1395
1419
1419
1251
1568
1234
1249
4855
1238
1250
1388
1353
1144
867
1093
973
1243
1227
1320
1163
1383
1317
593
4817
4968
820
1211
1387
902
1265
1157
1338
653
1342
1263
1263
1297
1490
882
1514
919
1114
1231
1648
1286
1209
1518
1543
1269
807
1340
690
1298
1265
1322
902
1353
1132
1354
1639
1464
1261
1576
1121
983
1383
1033
1398
3522
974
1321
1763
1790
1791
2639
2580
4275
4363
4413
4963
4544
4598
4598
4684
1338
1352
1340
1397
1420
1146
579
579
1313
1648
1566
1767
1825
757
1420
1102
1356
1498
1440
1553
1707
1888
1293
1046
1288
1064
1521
1722
1633
1514
1255
1255
2330
2435
2435
2306
1052
1033
1779
1265
1266
1386
1209
1599
1529
1262
1168
1805
1288
1596
1854
1596
1276
1496
1217
1272
1400
1338
3627
1162
1347
1973
1920
1301
986
1647
1568
1411
1575
1575
1416
1416
1416
1413
1665
1708
2107
1596
1647
1466
1399
4973
3563
4808
4808
3649
3563
3564
4968
4973
1387
1277
1431
1429
1018
1046
1338
1578
902
1490
1440
1558
1498
1726
1704
1740
489
1500
3649
3564
3612
1520
1338
1462
1768
1386
1514
1558
1532
1965
1953
1931
1586
1315
1564
878
1500
1522
1523
1748
1946
491
1901
1420
1060
1242
579
1248
1417
1218
1555
1717
1684
1627
1502
3649
3612
4778
4841
1062
4778
4841
892
1062
1763
1116
1267
1160
1417
1396
1723
1593
1747
1923
490
490
1039
1764
1004
1223
1650
1768
1803
1218
1637
1535
1633
1010
1039
1542
1542
1819
1973
1542
1064
1532
1627
1092
1713
1762
1720
1377
1516
1341
1405
1576
1585
1501
1607
1789
1501
1451
1732
1579
1611
1567
1568
1677
1240
1281
1698
1255
1439
1575
1352
1745
1855
1744
1608
1608
1608
1643
1371
1646
1513
1376
1373
1376
1519
1570
1207
1732
1450
1501
1371
1785
1532
1532
1646
1451
1407
1808
1614
878
1315
1646
1591
1609
1775
1620
1453
1683
1739
1846
1623
1626
1628
1742
972
1803
1035
1519
1242
1531
1225
1613
1451
1639
1251
1555
360
488
487
1763
1991
1727
1452
1994
2594
2788
2916
3069
1711
1711
1984
2631
2359
1718
1225
1779
1707
1608
824
910
1315
1315
879
874
1608
1688
1737
1705
1495
1768
1662
1365
1374
1664
1374
1664
1664
1664
1376
984
1674
1703
1687
488
1775
2039
2489
2272
1676
1365
490
1223
1568
1575
1575
1575
1575
1575
1273
1686
1675
1740
1207
1646
1416
1612
1717
1705
1616
1618
1778
1907
1591
1416
1591
1703
1686
1705
1590
1622
1624
1861
1523
1317
1762
1804
1324
1408
1811
1399
1538
1236
1730
1755
2365
1858
1564
1374
1664
1738
1846
1603
1110
1255
1499
1609
1064
1747
1625
1628
1813
1237
1955
1754
1991
2068
1744
1835
873
1643
1242
487
1575
1609
1575
1643
1622
1373
1630
1531
1324
1365
1375
1106
1751
2081
1037
1568
1591
1685
1579
1781
1804
1416
1608
1530
1749
1481
1482
1691
1749
1481
1537
470
470
1325
1324
1568
1575
1575
1575
1575
485
1665
1412
1414
1795
1588
1708
1795
910
1315
995
1804
1396
1439
1584
1705
1664
1376
1613
972
1721
1365
1774
1813
1396
1546
1861
1818
2068
1575
1896
1613
1817
1755
1664
1106
1826
2058
1837
977
1376
1891
1832
365
1365
1794
1804
1416
1703
1564
1837
1730
1887
1952
1952
1872
1859
1734
1253
1581
1893
1575
1703
2039
1056
1781
1237
1804
1918
1703
1731
2249
2034
1887
1584
1776
2265
2107
1575
1568
486
1575
1575
1592
485
1700
1795
1968
1968
2218
1784
1784
1609
1914
1236
1900
1900
1815
1922
1917
1787
2059
1788
1788
2171
1917
1236
1804
1651
1575
1575
1853
1365
1380
1924
2305
1575
1575
486
1616
1616
1575
1715
824
1664
1088
910
1199
1664
1376
1804
1237
1989
486
1575
1575
1575
1575
1575
1575
1575
1575
1616
1589
1682
1575
1592
1592
1592
1682
1682
1592
879
1601
1315
1664
1664
1838
1914
1857
1628
2081
1845
1575
1416
1564
1315
1748
1821
1252
1414
1806
1414
1849
879
1826
1988
1208
1929
2080
1818
1855
2316
1710
1710
1722
1575
1575
1575
1575
1589
1315
1208
1782
1813
2198
1575
1575
1616
1853
1760
1850
485
1700
1765
1919
485
1852
2310
1575
1774
1955
1900
1900
1783
1783
1517
1588
1517
1590
1853
1733
1586
1237
1665
485
1665
1583
1862
1589
1575
1672
1710
1652
484
2230
2550
1575
1922
1874
1943
2089
1924
1413
1708
1618
1904
1903
2106
2106
2106
2358
2660
2666
2660
2660
2358
1949
1949
1950
1995
1575
1574
2034
2262
1990
1992
1307
1836
1575
1575
1967
2053
2055
1999
2075
2020
1085
2095
2087
2072
2053
1996
2095
2009
2009
2087
2087
1996
2053
2055
1999
1999
1823
1680
1680
1680
2095
2095
2046
2095
2053
2054
2095
1887
1786
1791
2036
1896
1902
1592
485
485
1416
485
1700
1589
1999
2054
2206
2045
2077
2054
1887
1952
1952
1924
2409
2095
1999
1999
2009
2053
1917
1873
2105
2373
1475
1586
1735
1592
1845
1999
1823
2087
2058
1999
1823
1823
2095
910
1315
1375
1537
1710
879
1999
1999
2206
2075
2206
2095
1999
1481
2061
1575
1618
1592
1592
2054
1873
1575
2009
1561
1085
1561
2095
2099
2017
2053
2008
1303
1680
1595
2431
1847
1414
1806
2107
2130
2108
2109
2131
2184
2185
2369
2348
2020
1247
2130
2095
2045
2235
2130
2217
2108
2202
4863
2247
2095
2095
2108
2109
2549
2691
3085
3089
3235
3277
2137
3238
3235
3235
3288
2362
2348
2487
2440
2907
2910
2438
2155
2348
4863
1561
1561
2099
1088
1724
936
2929
2196
3283
2143
3238
2169
2169
3198
3198
3263
1944
1983
1784
2020
1669
2499
2565
2328
2601
2601
2134
2009
2197
2184
2293
2362
2188
2497
2135
3089
2150
3265
2019
2409
2269
2269
2228
2228
2228
2050
2228
2202
2009
879
1735
2015
2146
2055
1999
2224
2411
1724
1941
2059
2204
2202
1588
1665
1412
1412
2202
2044
2206
1999
2099
2072
2004
1834
1900
1873
1592
888
1665
4859
1680
1085
1085
1758
2198
1823
4859
879
1561
1303
1561
2158
2099
2124
2124
2035
1840
2035
1748
1791
2261
2638
471
2120
2126
1736
1642
1594
2157
1834
1752
2091
2234
2107
1085
874
1642
2209
2225
1952
1873
1936
2174
2174
2119
2231
2231
2312
2351
2108
2109
2279
2279
2308
2279
2264
2334
2119
2351
2119
2234
2234
2369
2369
1895
1412
1561
1761
1823
1731
1952
1752
1778
1592
1765
2305
1758
2502
2269
2216
2223
2119
2173
1935
1765
1765
1765
1414
2250
1795
2213
2362
2006
1366
1955
1955
1874
1953
2231
2174
2223
2118
2131
1784
1895
1199
2305
1247
1937
1325
2108
1247
2205
2462
2339
2939
2342
3120
3239
1784
1894
1773
1724
1247
1889
2065
2065
1795
2306
1735
1814
1765
1700
1700
1938
1765
1759
2305
2307
2158
1872
1872
1669
2066
2065
1700
1414
1844
2003
2594
2418
2329
1913
1952
1787
2418
1735
1761
1795
1795
1961
1932
1414
1414
2107
2502
1783
2094
1931
1862
2107
1863
1414
2305
2445
2855
2868
2151
1645
2185
2297
2506
2508
1700
1759
2250
2269
1913
2128
1752
2094
1944
2003
1953
1939
483
2091
2329
2107
2107
2330
2365
2269
1791
2311
1974
484
1905
485
1700
1784
2199
2364
4868
2891
4866
2135
4868
4868
2487
2444
2441
2363
2129
1788
1483
2518
2234
1947
1982
2383
2949
2989
2352
1964
1979
2372
2114
2293
2389
2389
2530
2411
1788
1978
1483
2059
2059
933
2312
2231
2312
484
1561
2035
1888
1474
1863
1862
1971
2228
2228
2435
2228
2228
2228
2268
2446
2272
2466
1864
2090
1894
2038
2228
2228
2250
2437
2129
2503
2318
2279
2111
2351
2351
875
1908
1982
4870
2306
2530
2147
1946
1980
2066
2368
3003
3068
2912
2601
2601
874
2035
2035
1901
2174
2264
2174
2273
2279
1903
1950
1864
1948
2530
2530
2449
2616
2495
2059
933
2110
2113
2186
1895
1381
2435
2435
2494
1843
4876
2530
2228
2530
2228
2228
4880
4876
2530
980
2530
2530
2364
2364
2160
2596
1979
2388
2564
2564
2094
2297
1906
1947
940
1794
2520
2585
2520
2858
3223
2590
2321
2831
2231
2538
1919
1724
1979
2231
2351
1669
2064
2383
2448
1946
2740
2505
2752
2091
2038
2435
1863
4989
1843
4876
4982
4982
3616
2921
3836
2982
1957
2159
2559
1483
2413
2231
2066
2218
1966
2670
2187
363
3033
2446
2351
483
2294
1907
928
2911
2160
2597
2261
2261
2321
2629
1939
1949
2494
2437
2446
1800
2314
2382
2666
3160
3306
2663
3467
3150
3150
3150
3798
3856
3856
3704
3461
3404
3404
3467
483
1475
2261
2520
1901
2231
2802
1968
2218
2382
2667
2667
3333
3160
2647
3447
3150
3150
3333
3160
3160
2863
2490
2645
2490
1864
2038
1475
1793
2488
1791
2538
2133
1970
3212
1654
3772
3584
2725
2725
4101
4255
2440
2351
1653
3325
3632
2602
2093
1753
2093
1956
2795
2979
3063
2953
2770
2854
2881
2809
1753
2215
1878
3067
3670
1655
2582
1877
2584
2858
2308
2291
2291
2371
2291
2303
2359
482
482
2329
2171
1877
2322
2414
2414
3437
3437
3719
3393
3168
2835
2835
2863
2490
2529
1980
2280
2280
2510
2232
498
1956
1956
1841
2757
2808
4983
4876
1957
2770
2757
4986
498
2759
2837
2896
3057
3071
3051
3091
3095
3661
3429
1956
491
2402
2532
2533
2465
2066
2329
2494
1841
1841
498
2464
2770
2568
1956
2309
2041
2382
2660
2040
2382
482
2295
2801
1173
2556
2294
4983
2762
3706
2888
3336
3318
3313
3188
3712
4071
2612
4071
3849
2875
2767
4995
2643
2464
2822
1792
1946
2545
1885
2134
2041
4876
4989
4988
4977
2759
2837
2211
2753
2897
1796
1949
2358
483
2383
4876
4989
2566
2736
483
2436
2201
4988
2441
2891
2910
2770
1901
2741
2926
2040
2384
2660
2358
2653
2358
2497
4988
2498
2891
2568
2149
2544
2093
2367
2433
2763
2557
2876
2149
2538
2566
4987
4874
3784
3418
3437
3805
3365
2982
3999
2817
2635
1886
2040
2040
2660
1866
2669
2820
2881
1978
2322
2675
3319
2901
2905
2062
2675
1986
2190
2910
4864
4866
2910
2396
2913
2656
1949
2669
2659
2314
2436
2471
3043
4065
2811
2770
2770
2787
2755
1187
2188
2968
2826
2149
3221
2934
2970
2754
3002
2360
2595
2338
3154
4978
2854
2755
2360
2946
2896
2837
2712
2712
2760
1753
2720
2322
2433
1660
3620
2354
3051
2819
2738
2822
2438
2182
3085
1984
2973
4866
2498
3127
3291
3087
2544
2895
2775
3336
3666
2252
2520
472
2934
2613
2383
2920
2908
2638
3054
3417
2729
2322
1489
2414
3286
492
2832
1187
2191
2383
2596
3264
2673
1187
2338
2338
2951
2302
1661
1712
2860
2605
2605
2835
2835
1183
1183
2605
2555
2555
2835
1183
2819
2817
3998
3161
3087
3268
2196
2196
3283
3277
1695
2934
2944
3047
2562
3784
3260
2650
3173
2835
2595
3392
3166
2585
1866
2666
3091
2460
2964
3163
2814
3622
2770
2561
2271
1753
2789
3016
1985
3152
2819
3283
2215
3001
2899
2925
3775
3886
3773
3080
3852
3002
2191
2973
2860
2845
2905
3154
2949
3031
2610
3483
3421
2856
2774
2965
3093
2965
3094
3327
3295
3376
3414
3396
3358
3399
3426
3785
3347
4069
4045
2922
2851
2666
2667
1176
2666
2667
2692
2525
2169
3239
2168
3154
3202
3156
3011
3308
2162
3087
3264
3221
3095
2780
3444
3414
4067
3252
3253
3710
3353
3572
3134
2774
2415
2415
2937
3145
2863
3160
3333
2663
2663
2663
3337
3160
2667
3447
3394
4027
3798
3798
3798
2563
2608
3043
3068
2169
2850
2169
2850
2907
1981
1177
2863
2498
2990
2163
2908
2639
481
2973
2863
3160
3168
3333
3176
1183
1183
1183
3018
2168
3483
3221
3030
2984
1326
3417
4220
3111
3380
3060
3060
3060
3391
3436
3674
3815
3195
4118
3867
3594
3381
3674
3436
3674
3391
3391
2776
2655
2969
3423
2666
3113
1183
2169
3263
2195
3279
3265
1830
3469
2979
2271
2728
2937
1183
3198
3263
3273
3283
3202
3087
3087
3087
2903
2772
2450
2666
3305
2666
2666
2666
2666
3305
3467
3467
3150
3590
3148
3467
3590
2935
2988
2063
3277
2196
3291
3113
3160
1183
3168
2970
3263
3277
2196
2196
3030
3707
3874
3875
4121
4120
4173
3866
3866
3426
3440
3359
2779
2780
3231
3244
3093
1526
2564
3112
3018
2948
4872
1183
2973
2169
3239
3239
3265
3089
2773
2720
2430
3176
2192
2192
3085
3239
3089
3089
2138
2196
2779
3470
3339
3087
2589
2667
3028
3306
3085
2928
3264
3265
3277
3277
3291
3448
3245
3231
1326
4004
2271
2430
3144
3145
3333
3018
3235
3265
3277
2136
3087
2776
2776
3391
3130
2938
3433
3714
3316
1487
3384
3631
2663
3113
3200
3200
3569
1489
2998
2479
3366
2647
2662
3084
3183
2924
3384
3660
3337
2663
3160
3333
3330
3683
3317
3380
2663
3148
3272
3087
3087
4077
3434
4156
3250
3251
3105
3252
3458
4074
4153
4192
4200
3316
3610
3376
3413
3377
3389
3101
3363
3103
3166
3059
2979
3482
4191
3337
3467
2663
480
3056
3031
2818
3874
2889
3405
2976
4112
3377
3424
3396
3034
3298
3257
3130
3356
3131
3325
3333
3226
3264
3341
2902
3357
2901
3316
3060
2721
1183
3333
3806
3646
3398
3140
3435
3335
3102
2579
3769
3447
3150
3150
3842
2744
3798
3000
3143
2563
3143
3053
3417
3783
373
2712
2719
3016
3272
2902
3346
3249
3098
3415
2271
2481
3329
3168
3333
2817
2652
4026
3591
3296
3358
2415
4034
3147
3455
3333
3601
3645
3248
3398
2777
2676
3337
3570
3398
2172
3447
3150
3150
3150
2745
3618
492
3453
2663
3590
2744
3130
3298
1489
3008
2415
3631
3402
3447
3447
3338
3590
3590
3359
3440
3143
3143
2798
2693
3321
2999
3255
3100
2924
3455
3447
3225
3417
373
373
3783
4135
4044
4077
2721
3055
3055
3475
3475
1654
2816
3272
3468
3140
3592
3138
3961
4116
4164
3639
4162
4195
3747
3880
4915
3880
3749
3950
3950
3525
3923
3254
3621
3138
3008
3542
3623
3623
3578
3487
3641
3489
3586
3531
3663
3841
3490
3623
3623
3623
3578
3506
3506
3508
3573
3693
3693
3587
3488
4046
3491
3664
3664
3655
3655
3540
3623
3577
3623
3236
3078
3462
3852
3373
2889
3810
3140
3834
3855
4057
4163
3187
3472
3457
3397
3688
1883
474
3487
3575
3137
3779
3330
3150
3842
4027
4135
3854
3256
3436
3131
3436
3131
3587
3578
3383
3021
4056
3873
3875
2784
3098
3543
3579
3440
3378
2983
3150
3403
3150
3150
3798
3590
3324
3099
3641
3961
3606
2883
2612
2611
3717
4120
3359
2454
3486
3486
3579
3579
3508
3623
3506
3573
3049
3633
4027
3798
3485
3587
3574
4086
3778
4001
3855
3189
3815
3712
3863
3644
4133
3188
2813
3391
3588
3813
3542
3187
3392
3575
3641
3400
2577
3631
2889
3447
3637
3576
3576
3100
3669
3404
475
3777
2999
3450
3436
3473
3254
3578
3254
2561
3329
2718
4170
4038
2963
3652
3196
2954
3399
3575
3578
3044
3842
3798
3860
3664
3489
3636
2979
2798
3254
3430
2746
3668
4027
3185
4000
2893
3360
4030
2746
4024
3860
3253
3902
3674
3189
3815
3983
4122
3711
3863
3713
3193
3286
493
3704
3399
3623
3623
3690
3871
4063
4180
4138
3847
4105
4105
3804
4183
4230
4084
4161
4070
3640
4136
3963
3578
3640
3905
3580
3606
4051
3784
2746
3798
2744
2744
3720
2678
3684
2722
476
3143
4163
3353
3014
3222
2730
2730
3399
3254
3508
4132
3775
2678
3809
3428
3428
4070
3652
3674
3190
2563
2725
3474
3449
3449
2798
3047
3852
3830
2744
2678
3000
3270
4000
4086
4166
3711
3578
3788
4197
3792
3461
3789
3808
3885
3886
3773
4940
4268
4243
3790
3650
3814
4172
3108
3222
3426
3132
4140
3798
2722
3813
3461
2583
4279
4299
3349
4124
4035
3818
4197
3792
374
4067
3844
3286
3704
4197
3856
3789
4172
3815
3815
3711
3059
2561
3427
3667
3623
2889
3644
2815
3647
3078
3841
3718
3811
3648
3689
3757
3885
3774
2726
4037
2727
4256
4310
4421
4433
4571
1333
4281
3134
2953
3582
3875
3755
4013
3527
3979
3930
3649
3522
3603
3603
3512
4904
3724
4889
3725
4904
3554
4196
4250
4250
3651
4924
3550
3879
3529
4898
3529
3912
3957
3881
3736
4250
4221
4221
3723
4910
4006
3705
3518
3650
3662
3640
3815
3983
3579
3579
3756
3694
3548
4911
3523
4911
3555
4196
4196
3795
3694
3078
3822
4175
3109
3065
2707
4085
4084
4247
3742
3920
3920
4241
3548
3548
4036
2812
4079
3136
3074
2583
3506
3623
4066
4239
4154
3796
4892
4892
3917
4013
4154
3494
3926
3795
2815
3830
4175
3704
3815
3437
3222
2577
4074
4072
2815
3873
3643
2952
3416
3495
3918
3822
3250
3061
3465
3362
4113
4207
3211
4279
4084
4289
3644
3710
2724
3582
3654
4147
4046
4104
3657
4033
4165
3712
2981
2954
3348
3253
3103
3830
4204
4081
3715
4121
4180
3639
4036
3061
3962
3195
3903
2725
3799
2717
2725
3063
3608
4154
3546
4339
4239
4337
4948
4243
4236
4036
3260
3437
2982
3903
3594
4926
3962
3260
3797
3624
3104
3105
4157
3328
3419
4120
3639
4028
3845
3135
3253
4073
4172
3475
3654
3654
3606
3466
3867
2705
3799
3476
3476
3667
3492
3409
4088
3799
4254
3466
4164
4279
4153
3136
4136
3786
3762
3193
4076
3105
3066
3194
4075
3926
4167
3364
4047
3408
4167
4339
3933
3526
3494
3494
3781
3328
3252
3349
4138
4145
4145
3847
2707
3867
3106
3657
4207
4343
4402
4943
4256
4421
4310
4412
4631
4965
4216
4681
4216
4277
3364
3478
3361
3748
4916
4268
4319
3251
3209
3905
3920
3919
4039
3657
3920
3743
4250
4183
4230
3739
3913
3880
4164
3923
3901
4219
4201
4089
4311
4311
2725
4256
4303
4089
4207
4309
4417
4417
4417
4417
4436
4413
4351
1331
1331
4309
4275
4258
4433
4302
4916
4196
4434
4273
3956
4914
4354
3539
3956
3956
3554
4911
3551
4362
4195
4917
4272
4434
2688
3767
4168
3561
3726
4424
4371
4417
1331
4407
4431
4355
4275
4210
4371
4213
4354
4272
4401
4367
4064
4416
1331
4901
3957
3557
3557
4221
3750
3957
3957
3957
4899
4905
4904
4924
3725
4371
3557
3558
3557
3726
4910
4367
4269
4433
4401
4357
4432
1333
1333
4275
4363
4432
4434
4362
4433
4374
4424
4374
4544
4417
1333
4410
4408
4417
4476
4630
4476
4459
4715
4729
4385
4604
4475
4700
4685
4624
4604
4637
4725
4650
4664
4960
4510
4960
4510
4510
4510
4960
4510
4960
4960
4484
4484
4960
4963
4963
4472
4582
4619
4684
4619
4598
4598
4213
4468
4365
4963
4474
4414
4476
4710
4476
4471
4563
4698
1335
4652
4710
4476
4476
4414
1335
4963
4431
4658
4598
4598
4471
4476
4471
4476
4467
4382
4584
4954
4603
4736
4732
4718
4664
4740
4660
4660
4484
4510
4660
4960
4960
4484
4736
4720
4649
4556
4681
4630
4740
4467
4710
4404
4472
4382
4474
4965
4471
4568
4551
4741
4475
4381
4530
4382
4431
4598
4660
4960
4510
4960
4510
4527
4960
4510
4510
4510
4484
4960
4484
4960
4960
4960
4960
4960
4484
4710
4960
4960
4484
4960
4660
4960
4681
4484
4484
4484
4700
4629
4598
4484
4449
4484
4391
4408
4965
4965
4629
4960
4960
4555
4960
4510
4681
4954
4408
4960
4510
4960
4739
4960
4718
4710
4960
4484
4713
4375
4960
4960
4960
4214
4681
4449
4385
4960
4681
4602
4381
4965
4510
4960
4960
4527
4459
4960
4571
4960
4965
4648
4510
4960
4684
4965
4510
4739
4732
4736
4604
4604
4657
4377
4526
4590
4510
4713
4664
4651
4725
4626
4736
4510
4960
4960
4736
4584
4619
4527
4527
4510
4736
4605
4733
4664
4718
4527
4649
4739
4718
4608
4391
4960
4527
4729
4589
4714
4960
4739
4732
4598
4626
4649
4651
4649
4960
4216
4684
4649
4510
4960
4718
4718
4718
4718
4664
4960
4718
4959
4527
4527
4660
4684
4959
4651
4527
4527
4216
4590
4556
4708
4708
4216
4380
4527
4527
4527
4527
4527
4527
4960
4959
4959
4739
4664
4685
4649
4959
4527
4510
4718
4736
4510
4556
4708
4713
4602
4619
4693
4527
4960
4960
4664
4960
4527
4527
4527
4527
4697
4602
4718
4637
4681
4527
4718
4718
4527
4527
4510
4685
4725
4742
4664
4960
4722
4655
4731
4527
4527
4590
4718
4697
4695
4458
4527
4718
4697
4721
4589
4650
4722
4527
4708
4718
4651
4718
4527
4527
4693
4527
4527
4527
4527
4527
4642
175
175
175
175
175
175
303
215
215
175
215
175
175
175
215
175
175
175
175
175
175
3563
4968
667
635
4833
594
555
665
539
4808
4809
695
695
695
4820
809
4808
4808
4808
4808
1509
555
1079
1509
555
1062
694
695
4799
4799
4799
643
4820
4808
3564
3564
629
4819
629
568
555
4808
631
4808
4808
4808
4973
1062
668
809
601
631
668
4820
667
4799
4841
555
594
4808
4817
4809
4973
4808
4819
1062
541
541
605
1060
4833
549
553
549
4809
4808
605
1443
1302
1467
1565
1549
665
1375
1315
1315
2355
2307
4866
2188
2362
2093
2555
4977
4980
1955
1955
4980
4988
1900
4880
1952
1872
1872
875
2876
2063
3538
4337
3804
3662
3563
4905
3881
3630
4061
3676
3607
3516
3548
3527
4898
4931
3623
4250
3694
3529
3522
3794
4206
3774
3774
3773
4303
2679
3808
4943
3773
3742
4959
4954
4960
4604
4449
4639
4733
4733
4736
4960
4960
4510
4527
3522
4817
4817
631
4968
4817
4817
4968
4875
2035
1958
1958
2049
2269
1958
1956
1872
1957
2300
2300
1956
1956
2300
1958
2049
1956
1870
1958
2049
2300
1870
2035
2035
2035
2300
2035
175
175
175
175
1616
1575
1575
1575
3842
175
175
