4526
4379
4586
4379
4379
4586
4420
4249
607
615
4526
4524
4526
4525
4525
4525
4379
4526
4526
4379
4379
4526
4526
4526
4526
4526
4379
4379
4379
4379
4379
4526
4379
4379
4526
4526
4379
4379
4379
4379
4379
4525
4379
4379
4379
4526
4526
4526
4586
4548
4403
4586
4950
4420
4950
4526
4526
4526
4524
4526
4379
4379
4525
4525
4525
4379
4379
4379
4379
4379
4526
4379
4526
4526
4379
4379
4525
4379
4525
4525
4526
4526
4379
4379
4950
4379
4379
4379
4379
4379
4526
4526
4379
4379
4379
4379
4379
4379
4379
4379
4379
4526
4526
4379
4526
4526
4526
4526
4526
4379
4379
4526
4524
4379
4526
4379
4379
4526
4379
4526
4379
4526
4526
4526
4526
4526
4526
4526
4526
4379
4526
4525
4379
4526
4748
4526
4526
4379
4526
4526
4526
4526
4526
4526
4379
4526
4379
4379
4379
4526
4526
4524
4526
4526
4526
4379
4379
4379
4526
4526
4526
4950
4397
4293
4293
4396
4339
879
932
4349
4293
4293
4293
4379
4379
4526
4524
4526
4526
4526
4526
4526
4526
4379
4379
4526
4526
4526
4526
4526
4379
4379
4379
4379
4379
4379
4526
4379
4379
4526
4526
4379
4379
4950
4526
4526
4526
4526
4379
4950
4526
4526
4526
4379
4379
4526
4526
4525
4526
4526
4530
4514
4393
4349
4479
4479
4299
4254
615
911
981
158
158
607
607
4422
4293
4950
4420
4293
607
589
4950
4379
4525
4379
4379
4379
4379
4525
4525
4950
4548
4526
4514
4393
4750
4526
4379
4526
4950
4397
4379
4525
4379
4525
4514
4420
4420
4249
4524
4379
4524
4379
4950
4950
4293
4293
755
4339
4397
4379
4379
4526
4379
4397
4420
4524
4379
4379
4526
4379
4379
4950
4379
4379
4293
4525
4420
4379
4379
4379
4379
4379
4379
4379
4379
4379
4379
4379
4526
4586
4526
4379
4420
4379
4526
4293
4420
4293
4293
4293
4339
4379
4525
4379
4379
4379
4379
4379
4379
4379
4379
4379
4379
4526
4526
4379
4586
4586
4720
4586
4548
4379
4525
4586
4530
4293
4420
4526
4526
4379
4379
4379
4379
4379
4379
4379
4526
4379
4525
4379
4293
4525
4514
4379
4586
4293
4379
4379
4420
589
4525
4525
4586
4403
286
4525
4379
4379
4379
4379
4293
4525
4379
4379
755
4379
4379
4526
4379
4530
4548
4379
4379
4379
4586
4249
4420
4526
4379
607
607
607
833
1204
4871
1014
2738
3272
4137
4191
4191
3901
3923
3693
3509
3548
3548
3839
3944
4093
4093
3194
4379
4379
4525
4379
4526
4530
4422
607
755
158
157
842
842
1446
1446
1446
755
833
4586
4379
4379
4586
4379
4379
4379
4526
4379
4379
4586
4249
4339
4526
4526
4526
4339
4379
4548
4413
4379
4548
4349
4379
4526
4379
4379
4379
4379
4339
4379
4379
4950
4420
4379
4379
4526
4379
4379
4950
4950
4379
4950
4396
755
4538
4349
983
932
4350
4482
4482
4349
4349
4299
755
755
286
4254
4396
4425
4337
4349
851
913
1732
1965
1428
1953
2739
2679
3430
3332
2963
3571
3584
3749
3676
3442
3426
3259
3259
2766
3534
3395
3437
3437
3041
3041
2440
1933
1982
1974
1751
1762
1823
1691
1691
1472
1452
1759
1318
1825
569
3253
3683
3441
3486
577
577
1402
607
4337
286
4426
4254
3941
4299
4425
4339
4254
286
615
158
607
833
842
833
286
4299
4299
3941
833
741
755
615
4339
851
615
932
4298
851
755
833
842
1446
1015
1281
741
741
1015
423
3962
3979
4063
4063
4039
4063
4123
4000
3979
3962
3962
3979
3979
3979
3979
3979
3979
3979
3962
3962
3962
3979
3962
3962
3979
4316
4310
3983
3985
3985
3985
3985
3985
4090
4090
4090
4090
4090
4138
4090
4090
3752
663
664
3455
3601
3632
1089
1174
3632
3979
3979
4063
3979
3979
3979
3979
3979
4039
4063
4897
3979
3979
4897
3979
4897
4897
4178
4041
4041
4123
4036
4178
3979
4897
753
615
3962
3979
4316
4909
4316
3981
3983
4909
4909
4909
4287
3818
4314
3962
4314
3979
4314
3982
3982
3809
3962
4310
3962
3962
3962
4316
3962
3985
4286
3982
3958
3982
3985
3809
4090
3455
615
741
739
1878
1888
1168
833
3979
3979
3979
4036
3979
3962
833
3979
4039
4062
4063
851
4123
4036
741
4123
3962
4310
4286
4909
3979
4314
3962
4314
4310
4316
4316
753
607
1204
1015
1015
4041
4925
4063
4123
4063
4063
4063
4063
4000
3962
3979
3979
4311
4311
3979
3979
4284
3962
4325
4285
3982
3962
4284
4285
3982
3962
4286
4286
3985
4324
3809
3809
4063
4123
4063
4041
4041
4041
3979
3979
4314
4322
3950
3597
4041
4177
4177
4047
4177
615
4284
4322
4041
4178
4115
932
851
158
3982
615
3942
903
903
1188
1169
4115
4285
1446
833
980
1204
615
3985
158
1186
1446
4284
932
4284
4285
4909
4311
3979
3979
4311
4041
4041
4897
4897
4217
4897
4177
3598
912
1732
1965
4115
4123
3982
3985
3809
833
3942
911
911
3809
3949
4311
4897
4284
4177
4226
4897
4115
985
4177
4115
4041
4284
4314
3979
1446
4041
4311
4284
3764
3632
3735
3809
739
1830
1988
979
4177
3596
4115
4311
4311
3982
3982
513
4285
3982
932
3985
513
4311
3982
1988
3809
3985
3982
4311
4284
3809
1446
1015
3809
3982
4322
4304
3958
4287
4316
4909
3958
3958
3982
3671
4217
513
3809
3809
4090
4284
986
1869
2018
2000
1719
1669
1669
1968
1722
3809
1168
3809
4284
932
1830
1017
3809
3985
3963
4018
4315
4322
4311
4285
3809
3809
4090
4090
4090
3764
4090
4285
4325
4322
1719
3681
1169
1546
3681
3809
3671
3455
1446
1014
2031
3105
1898
2783
2783
1836
1018
1019
2172
2172
2385
2385
2336
2336
2727
3479
2618
3320
3415
3326
2217
3415
3963
4897
3764
3764
3455
4090
4090
4090
4090
4311
3809
1082
1147
1192
664
3632
1049
1049
1055
1131
3870
1082
1181
1716
1175
1300
1380
1116
2001
2077
2327
1068
2805
2961
2873
1096
1058
1109
1047
3454
3601
3632
1094
4152
4285
1083
1571
1193
1082
1051
1049
1192
3632
3632
1089
3632
1089
1091
1430
663
3455
1106
1083
1089
1192
1015
4090
4090
911
1108
1108
1230
1460
1461
1108
1240
1123
1349
1115
1877
1118
2394
1992
2155
1787
1246
1386
1289
1319
665
1075
4090
4090
4090
1830
1106
1309
1117
1110
1995
1444
1986
1377
3958
3985
3958
4138
4138
3632
1192
1075
4090
4322
4325
4316
4284
4325
4284
4322
4322
4325
4309
3981
3979
3979
4322
4309
986
912
1232
1645
1888
1017
1017
2156
1018
3764
3870
3870
1092
1099
739
4284
3818
3809
1373
1112
1096
3660
3601
1015
1888
979
1085
1694
1527
3632
1203
1280
3455
3752
4152
4152
3729
1075
666
1646
3455
3455
4090
4138
4322
4316
4322
4322
4322
4909
3958
4909
3818
3818
1283
3818
3818
3456
3456
4138
4138
1051
1230
1393
4152
4316
4287
1326
1314
1326
1370
1283
1218
3818
3870
1076
4090
1122
1181
1285
1284
1366
1316
1395
1334
1451
1620
1439
2939
2579
4890
4974
2645
2476
2063
2052
2042
2079
2169
2475
3121
2843
3497
3371
3310
3147
3147
3146
1269
1272
2186
2186
2186
1366
1409
1357
3958
1226
1280
1888
1075
1430
979
1278
3818
3809
3818
3818
1970
1925
2346
2125
2399
3818
4152
4090
4138
4138
4138
4138
4138
1062
1530
1060
3870
3632
1279
3709
3995
738
1312
1415
1121
1324
1245
1315
1343
1844
1317
1805
1124
1290
1343
3632
3709
1075
1415
1231
1242
1459
1669
1329
1776
1556
1492
1464
1330
1452
1421
1395
1638
1422
1421
1421
1525
1362
3870
1530
1280
1323
1231
1421
1244
1064
2034
1203
3456
4138
4152
4152
4152
4090
1343
4152
4090
4152
1341
1370
1370
1344
1525
3454
3752
1015
3455
1275
1448
1319
3456
1556
1121
1334
1638
1442
1888
3995
1393
1888
4090
1525
3456
1550
2111
3664
1363
1965
986
1182
1064
1877
1392
4138
1411
1384
1699
2674
3576
3944
3841
3852
439
439
6
6
387
11
11
3752
1372
1456
3995
1605
4152
4138
4138
1284
1336
1606
1853
1418
1017
1647
3870
1921
1428
1844
1435
1855
3272
1238
4090
1382
1146
1014
1858
423
3752
1333
1333
2052
1256
1274
1254
1569
1877
1990
1393
1455
2001
4138
1844
1312
1382
1915
1914
1382
1556
1871
1556
3455
1507
1444
1292
1905
4090
4138
1369
1784
1120
1992
1360
1109
567
1452
1464
1465
1464
1331
1331
1826
2042
1827
1468
2393
1759
567
3995
1118
4138
4138
4138
4090
4138
4138
4138
4138
4138
4090
3995
3995
3995
4090
4090
4152
1195
4090
1525
2078
1581
1428
1579
1771
1802
1499
1581
4138
4138
4138
3752
3752
3752
1444
1116
3752
872
1593
2048
2137
2114
1999
1018
1719
1018
1581
1699
1943
1522
2682
3278
3082
1453
4138
1505
4138
1335
1759
1781
1435
1902
1874
1560
1939
4138
4138
4138
4138
4138
4090
4090
4090
4090
1858
4152
1060
1310
1759
1942
1952
1435
1854
2025
1555
1555
1242
1247
1193
3709
1560
1893
1686
1561
1875
1845
1435
1650
1242
1873
1873
1416
1873
1416
1146
1546
1965
1578
2073
2112
1879
1227
1584
3600
1416
1719
2019
1965
1965
1666
1965
1427
2124
1796
1810
1967
1452
1664
3600
1206
1688
1342
1570
1465
1441
2018
2027
2018
1472
1452
1691
1739
1078
1664
1878
425
1888
3295
1453
3600
1927
2124
1435
1965
1069
1571
1546
1581
1664
1427
1839
1568
1694
2156
1018
1691
1691
1691
1794
1772
1497
1533
1889
1697
1532
1775
1945
1684
1875
1686
1811
1871
1505
1305
3600
1876
1427
2111
1330
1616
1888
568
1318
1855
1120
1673
1701
2009
1703
2166
3319
3307
2457
2605
2058
1712
2779
1730
3724
1925
1855
1452
2156
2156
1018
1018
2154
2172
1691
1560
1665
1726
1279
1893
1901
2329
1835
2631
1888
2429
2429
2631
1900
1071
1768
1738
1802
568
1794
2338
1710
2137
1892
2329
2691
3709
1452
1465
1465
1767
1767
1642
1141
1726
1757
1793
2346
1825
1331
1569
1560
1726
1640
1762
2044
2065
1691
1471
1743
1738
1726
1726
1727
1701
1766
1997
1851
2034
1850
1940
2031
1461
1683
1118
1843
2037
1066
1450
2871
2490
1719
2631
2631
1801
1697
1565
1716
1382
1820
1691
1146
1520
2025
2251
1971
2136
3115
1620
1890
1119
1718
1820
1719
1739
1506
1922
1464
566
1464
1743
1887
1888
2013
1547
1857
3105
1898
2631
1838
1449
1120
1452
1743
1496
1796
2446
2402
1471
1472
669
2112
2613
2306
1842
2003
546
2412
2826
2826
2738
1857
1452
1465
1465
1465
1717
1747
1827
1993
2042
2042
1747
2043
2043
2429
1018
1694
1805
1942
1570
1622
1743
2631
3295
1419
1920
2335
2329
1397
2377
2171
1190
1997
1513
2081
1767
1956
1110
1913
2002
2631
2631
1811
2076
2047
1293
3295
3511
3903
4191
3105
3511
1940
1570
1756
1018
2047
2447
2551
2995
2805
2805
2622
2308
1760
1451
1929
1642
1792
2369
1853
2126
2136
2567
1248
1756
2326
2275
4894
2401
1466
1467
2063
2063
1642
1452
1549
1767
1767
1747
1749
2016
2117
2451
2451
2029
1962
1955
1691
2291
2400
4880
4880
2347
2837
3024
2683
3172
2563
2947
3407
3017
2037
2402
2048
1767
1465
2045
2329
1438
1469
1930
1767
1767
1642
1640
566
1642
1677
2156
2237
2429
2156
2429
2631
2783
2347
1972
2048
1642
1767
1642
1767
1642
1465
1767
1767
1767
1641
1767
1753
1767
1748
1748
1749
1885
1841
1748
1019
2019
2154
2783
2631
2327
2291
1911
2292
1449
1809
1465
1331
1719
1018
2535
2135
1827
2042
1469
2042
1998
2154
2150
2150
2374
2514
1819
2007
1816
1785
1924
1917
1856
1465
1717
1767
1717
1829
1018
1911
1910
2022
2146
1465
1465
1641
1745
2072
1740
1749
1961
2028
1934
1749
2155
2032
1717
2514
3183
2806
2806
2805
577
1747
1747
1826
1727
1500
1809
2159
2635
1827
1827
1827
1993
1867
1767
1767
1823
1917
2167
1769
2462
1713
1465
547
2949
1881
1819
2049
2043
1468
562
1984
1982
2964
2964
3018
2986
557
3534
557
2918
2985
2985
2964
2440
2440
1767
1722
1910
2387
1959
1912
2631
1903
1717
1717
2150
3231
3230
2734
2560
2560
2444
3089
3389
2217
3231
3231
3089
3154
3154
3326
3389
3326
3231
3231
2560
2560
2802
2736
2736
2736
3089
3089
1029
1029
3326
1029
1029
2819
2759
2826
3272
1740
2072
1748
1749
2015
1826
1747
2015
1829
1029
1029
3048
3048
3048
1029
2819
576
2804
2049
2391
3089
2734
2942
3389
3231
2566
572
2137
2141
2558
2172
1019
1717
1785
1029
2736
3389
1926
2560
2802
2736
1029
1018
1018
2783
2759
2010
1019
3048
3048
1029
2560
1029
3089
1029
2683
2137
1767
1829
1747
1717
1029
2470
1767
3089
2334
2336
2233
3089
3342
3231
3231
3326
2237
2727
2783
2515
1469
1867
1469
1864
2737
2795
1033
1030
1030
2324
3315
3386
2737
2444
3057
1029
2737
2560
2289
2480
1030
3378
2213
3415
1029
3089
2303
1033
2200
2294
2264
3061
2784
2260
2899
2628
2784
2210
2784
3112
3386
3397
2268
3061
2268
3344
3386
3386
3386
1836
1836
3351
2237
3479
3903
2618
2831
3036
3036
2628
2350
2552
2356
2356
2359
3380
2056
1765
1027
2175
2318
2086
2106
2197
2280
2298
3058
3058
3058
3112
3112
2525
2436
2367
3061
3191
3107
2560
2435
2857
2958
4978
4986
4978
4988
4978
3154
3089
2154
1019
1029
3352
3231
2734
3230
2249
3096
2275
3172
3075
2483
1827
1993
1993
2079
3378
1029
3048
2736
2215
3326
2217
3272
2819
2348
1748
2494
1827
2560
2336
2336
2336
2172
2332
2802
2238
1019
2233
2290
2233
3231
3384
3415
2269
4994
578
2807
2612
2826
3576
4070
3576
2994
1033
1897
1897
2727
3384
3406
2470
2011
2458
2063
2336
1021
2336
3230
3415
2041
2662
2515
2303
2303
2373
2102
2102
2102
2333
1032
1033
2286
2094
2094
2286
2151
2101
2102
2102
2343
2343
2343
2483
3315
1980
2169
2233
2385
2736
2574
2804
2624
562
1748
2169
2185
2172
1254
4986
3315
1027
2181
2074
1741
2023
1993
1993
2042
2905
2043
1787
3112
3384
1898
3183
2663
2949
2137
2373
2285
2585
2288
1030
1937
1933
2385
2185
2385
2738
2738
1032
2494
2426
3042
2832
2258
3037
3037
3036
1963
2179
2736
3096
2385
2234
2689
2988
2079
2443
1019
2499
2023
2016
2016
1933
1961
2199
1274
3112
2244
4894
2805
2180
2371
1023
2016
2042
2381
2181
1703
2456
2462
3479
576
2739
1515
1019
2179
2117
2116
2451
2441
2297
2296
2390
2907
2805
3409
2114
1867
2390
2508
1867
2476
2268
3344
3198
3191
1523
2089
1026
2085
2312
1750
2282
2905
2882
3479
2213
2498
3409
2665
2181
2062
1764
2517
2331
1764
2474
2393
1257
2910
2958
2826
2518
2743
561
2833
1955
1750
1962
4973
2645
3397
2268
3094
2264
2525
2268
3397
2268
2268
2219
3320
1949
3504
3559
2343
2314
2591
2989
3447
3574
2449
2691
2679
2523
2909
2524
2555
2557
4974
3270
2564
2821
3332
3575
3575
1026
2102
2151
2101
561
2179
2959
436
2489
1257
2466
2473
4978
2579
2645
2579
4974
4974
2244
3320
2137
2298
1933
2489
2179
2629
4978
4978
4975
3320
3320
3320
3320
2090
2089
2311
2319
2371
1764
2441
4877
2645
2645
3397
2682
3576
2371
2573
2414
2187
2261
2197
2149
2234
2982
2959
1524
2287
2151
2286
2094
2094
2183
2440
2183
2317
2645
2608
2249
3198
3320
3575
2343
2176
2089
2610
2053
2630
2630
2644
2644
2703
3226
4974
2579
2579
4978
4976
2648
2707
2579
2952
2648
2648
2578
2578
3925
2615
2679
3754
3699
3699
571
2174
1984
1022
3320
436
3576
2822
2676
2822
3309
2676
3430
2676
2287
2280
1934
3510
2679
2373
2333
2175
2968
3028
2249
1950
551
2105
2137
2378
2322
2476
2467
3226
3032
2648
3310
3310
3469
4131
4173
2811
2958
3903
2973
2719
3559
2373
2174
2307
2320
2543
3397
4191
3925
3320
2333
2517
2681
2779
3658
3120
3925
2617
2738
3272
2676
2166
1764
2681
2630
3320
3320
2465
3038
2771
3534
3524
3570
3544
3549
2753
3718
2753
3264
3545
3545
4051
4051
3558
3583
3336
2517
2781
2738
3576
570
2132
2516
2451
2451
2748
3534
3534
3570
2766
3259
3544
2753
2753
3570
2766
3412
3289
2844
3437
3143
2030
2629
2781
3875
3875
3576
2119
2093
2786
2851
2801
3505
2824
3776
3776
3852
3757
2268
2333
2742
2797
3319
2797
3521
3318
3318
3408
3567
2810
3756
4148
3317
3071
3010
3700
3318
3486
3751
3669
3367
3254
3717
3751
3944
3944
2083
2160
2099
2123
2152
2575
2986
3333
3333
2517
3407
3430
3133
3265
3265
4051
4125
3793
3557
3532
3497
3285
3289
2844
2730
3576
2110
2110
2138
2763
3181
3080
3080
3049
3078
2927
3310
2648
2958
3567
3101
3006
2648
3078
3466
2887
2710
2928
3021
2888
3474
3740
2934
3181
3366
2962
3553
552
2110
2318
2517
4887
2952
2958
2952
3181
3466
3320
2808
2161
559
2748
557
2764
2748
3333
2975
1711
1269
3147
2681
3370
3161
3781
4173
3012
3887
2931
3179
3104
4140
4131
4140
3782
2928
2927
3310
3120
3181
3344
4137
2945
2676
3751
2200
1936
2648
3226
3147
3147
3101
3466
3198
3778
3704
2852
2964
2985
2057
2968
2648
3310
2452
1741
2919
3055
3226
3226
2268
2268
3344
2809
2838
3944
2762
2985
2764
557
2964
2516
2918
2606
1263
3073
2268
3062
3062
3198
3521
2087
2965
3007
3925
3062
3062
2280
2621
2708
3346
3164
4071
4125
3162
4148
2811
4056
2934
3925
3751
2985
2748
2918
2917
2966
2887
3010
3332
2838
2590
3072
3438
3202
3027
2590
2066
3094
3200
3200
3200
3200
3062
2309
2299
2985
2966
2762
2852
3168
3028
3396
4015
4132
3466
3567
2196
2139
1262
2267
3198
3198
3198
2619
2262
2455
2198
2254
2732
3042
3093
2832
3147
3071
2141
2068
3925
2887
3434
3512
3317
3512
3513
3748
3133
2903
3279
3273
2973
2817
3348
3925
3062
3344
2272
2190
3174
2589
3200
2989
3901
3901
3693
3198
3102
3103
3012
4168
4137
3576
2676
2293
3370
3340
3046
3200
4070
4191
4191
4191
3543
4935
3117
3773
3508
2272
3138
2554
3100
3574
3498
2293
3140
2448
2973
3198
3539
3174
3108
3260
2843
3286
3285
3497
3284
3284
2843
3286
3147
3497
3289
3348
2934
2929
3447
3693
2619
2831
2831
2831
2259
2962
2293
3369
2841
3009
3793
3009
3165
3533
3286
2615
3944
3944
2822
557
3534
3175
3925
3440
3178
3179
2811
3317
3848
3754
3318
3064
3526
3201
3675
3205
3036
3182
2294
2166
2851
3505
3555
1706
3425
3435
2254
2389
2589
3260
2140
3027
2832
3203
3149
3531
3014
3531
3344
3252
3306
3481
3306
3419
3418
3694
3480
3480
3465
3465
4129
4129
4190
4109
4167
4147
3103
2762
3534
3534
3411
3534
3259
3025
2350
2350
2760
2760
2832
3036
3037
2258
3149
3120
3498
3498
3198
3188
3657
3213
3546
4212
3219
3219
4109
3452
4181
3452
3252
2839
2839
2261
3283
3289
3532
3557
3544
3544
3544
3570
3532
3534
3544
3570
3718
3264
3264
3264
3118
3369
3396
2187
2350
2386
2350
2386
3061
3116
3411
3289
3276
3531
3173
3061
3944
3426
2589
3289
3524
3532
3557
3532
3532
3524
3284
3532
2760
3014
2619
2892
4191
4191
4093
4093
3077
3663
2931
2931
2931
3728
4058
4058
3726
4136
4204
4204
4102
3994
3725
3761
4058
3300
3299
3178
4191
2209
3308
3534
2767
3524
2760
2413
2619
2619
3107
4191
3901
2810
3754
3944
2356
3524
2356
2359
2552
3036
3036
3693
3693
3693
3901
3394
3705
3437
3570
3534
3534
3534
3534
2766
3549
3549
3718
3263
3568
3568
3337
2209
3396
3498
2850
2850
3901
2767
2766
3289
3532
2189
2552
2850
2850
2850
3474
3740
3758
3758
3727
3946
4166
4175
4175
4129
3218
3247
2892
2892
3657
3484
3365
3553
3699
1704
3524
3497
3346
3524
2951
2552
3036
3036
2260
3061
3178
2822
3683
3532
2784
2260
2638
2760
3061
2620
2831
2831
3582
3923
3901
3923
3669
3259
3533
3570
2638
3119
3498
2260
2260
2259
3901
3499
3656
3657
4191
4093
3522
2664
2801
3283
3570
3532
2784
2784
2899
2899
3693
3306
3519
3299
3659
2997
3656
3908
3702
3733
3025
3193
3262
3540
3506
3568
3428
3429
3686
2822
2851
3262
3568
3431
3077
3756
3025
3435
3570
3544
2766
3570
3027
3740
3483
3663
3544
3568
3438
3693
3693
3923
3655
3357
4118
4219
4190
3219
3849
4128
4139
4109
4109
3422
3499
4119
4119
4189
3566
3520
3779
4060
4191
4053
2810
2801
4069
3570
2752
3570
3134
3442
3873
2934
3758
4140
3923
3901
3791
4085
4119
3465
3394
3484
3300
3659
3485
3786
2797
3557
3135
3693
3923
3923
3745
3693
3422
2931
3748
3532
3557
3509
3775
3247
4085
3465
3678
3745
3944
3836
3544
2753
2753
3264
2755
3264
2755
3508
3858
3508
4191
4093
4093
4093
3467
3522
3185
3027
3923
4087
3909
3603
3465
2664
3848
3755
3532
3532
3899
3488
4119
4085
3244
3465
2839
4056
3557
3557
3557
3741
3775
3993
4085
3659
3025
3557
3741
4085
3692
3544
2753
2753
3264
3545
3703
3547
3030
3544
3336
2755
3299
3871
3561
3561
3562
2787
3072
3544
3557
3472
3263
3336
3247
3218
3564
3508
3562
2787
3372
2755
3305
3679
3888
3557
3544
3473
4191
4093
4093
3923
3923
3923
3923
3748
3768
3841
2789
3852
2787
2934
3509
3488
4085
3247
3785
3785
3785
3667
3667
3785
3667
3667
3667
3667
3667
3785
3667
3667
3667
3667
3361
3785
3247
3561
3667
3667
3667
3667
3667
3785
3667
3667
3667
3667
3785
3667
3667
3667
3667
3667
3667
3667
3361
3785
3785
3785
3667
3785
3785
3785
3667
3667
3667
3667
3667
3667
3667
3667
3167
2798
3435
3435
3477
4140
3514
4085
4181
4183
4183
3452
3906
3361
3218
3849
3849
3719
3085
3667
3785
3785
4183
3509
3718
3264
3264
3923
4085
3871
3761
3786
3761
3786
3667
3667
3301
3533
3775
3727
2711
3704
3603
3667
3849
3218
3465
2929
2753
3263
2753
2753
3264
3263
3527
3300
3667
3785
3667
3167
4165
4056
3685
3357
3247
3842
3218
3361
3849
4128
3667
3667
3667
3785
3746
3273
3264
3264
1708
3667
3785
4183
3785
4183
3247
3728
4100
4088
4100
4025
3727
3887
3887
2932
3785
3785
3667
3845
3944
3785
3785
3682
3841
2787
4083
3759
3785
3785
3785
3772
3367
2755
1707
3337
2755
3760
2932
3717
3361
3667
3361
3716
3755
3913
4165
4146
3367
553
2932
4053
4129
3785
3667
3836
3264
3264
3452
3667
3667
3785
4053
3792
3849
3533
3759
3192
3264
4093
3785
3118
3682
3838
3759
3922
3452
4109
3452
4058
3728
3726
4136
4136
3104
4135
4117
4166
4125
3862
4125
3218
3667
3667
3667
3667
3667
3667
3667
3667
3667
3667
3667
3667
3667
3785
3785
3785
3785
4139
3667
3667
3785
4139
3667
3667
4133
3164
3759
3264
3264
3264
2754
3555
3192
2824
1708
3508
3452
3452
3118
4059
4093
4093
4129
3361
3667
3946
1706
3555
1706
3564
3858
3785
3747
3911
3787
3858
2789
2789
3857
3305
3716
2841
3435
3435
3893
3555
3858
3868
3785
4183
4183
3104
3667
2787
3654
3505
3858
2798
3468
3555
3555
1706
3468
3468
3548
1706
3785
3785
4167
3452
3433
4129
3304
4133
2755
3367
3785
3858
3852
4093
3194
3667
4139
3922
2787
3654
3505
3923
4212
4093
3773
3793
3654
3545
3505
4167
3726
3726
4088
4059
3913
3304
4122
3667
4140
4025
2711
4089
2798
3785
2754
3785
3667
3667
3785
3555
3555
3555
3555
3555
1706
3468
439
439
455
455
3852
4167
4148
3849
2935
3785
3785
3667
3785
3785
3667
3667
3667
3667
3667
3667
3667
3667
3667
3667
3667
3667
3667
3667
3667
3667
3667
3667
3667
3667
3667
3667
3667
3667
3667
3667
3667
3667
3667
3667
3667
3667
3667
3785
3667
3785
3726
4136
4128
3849
3785
3667
3785
3667
3667
3667
3667
3667
3667
3667
3667
3030
3425
4166
4086
4071
3008
3785
3785
3785
3785
3667
3667
3785
3785
3785
4089
2811
3727
4109
4071
3841
3667
3667
3785
3785
3785
3785
3785
3667
3785
3785
3785
3785
3785
3785
4140
3654
4166
4051
3726
4125
4059
3841
4128
4173
2711
3727
4120
4053
3304
3785
3667
3435
4212
2930
3857
4175
3727
3548
4071
3194
3785
3435
4025
4109
3717
3849
3667
4211
3785
4206
4068
4219
4139
4120
3012
4053
4128
3219
4060
3654
3581
3727
3727
3727
3667
3667
4089
4089
4136
3789
3555
3776
3852
4106
3776
4106
4190
3785
3785
3785
3785
3785
3425
3548
3302
3013
4125
4125
2811
2823
3787
3785
4097
4125
3787
4128
4129
4167
4146
3912
3008
4117
3667
4136
3923
4128
3219
3163
4167
2789
3667
3667
3667
3163
4204
4106
3852
3852
3852
3301
3785
3755
4134
3776
3852
3163
3667
4093
4139
4109
4139
3667
3785
4124
4206
4190
3755
4102
4139
3667
3915
4182
4109
3360
4204
3785
3667
3667
3785
3785
4173
3912
4109
3667
3667
3667
3667
3667
4182
3303
4167
4068
3654
3468
439
3468
1706
3468
3468
439
455
11
11
262
11
3581
4148
3852
4175
3785
3667
3548
3548
3915
3755
3667
3667
3667
4122
4175
3667
3667
3667
3667
3667
3667
3667
3667
3667
3667
3900
3667
3667
3555
3468
3468
3776
2788
3468
3555
3548
3468
439
455
457
455
457
457
3548
3757
3839
3468
3757
3852
455
2788
3667
3667
439
2788
3667
3667
3548
3667
3667
3667
3667
3667
3667
3839
3667
3667
3839
439
3839
3667
3667
3667
3667
439
439
455
3839
455
455
3548
3839
3548
439
496
3548
439
439
3548
3667
455
3839
3667
3667
3667
3667
3667
3667
3667
3667
3667
3667
3667
3667
3667
3667
455
3667
3667
3667
3667
3667
439
3548
439
439
3839
439
455
439
3852
439
457
439
3839
455
457
439
457
6
455
439
455
455
455
455
455
455
496
4
4
255
255
58
58
243
3
3
295
201
201
295
295
295
97
295
295
97
97
295
295
295
295
295
295
455
455
6
6
11
11
387
11
11
455
455
439
6
6
455
455
496
455
389
460
496
455
496
496
455
455
455
455
6
455
455
387
6
455
455
455
455
6
6
4
398
297
3
295
201
201
295
295
295
295
295
295
295
295
295
2
2
206
258
496
496
295
6
496
6
6
441
387
496
380
325
6
281
58
175
9
339
455
6
295
295
295
97
295
97
97
295
97
295
295
295
295
137
97
295
295
295
295
496
295
97
295
295
295
295
496
295
295
295
58
11
11
295
295
295
295
496
496
11
496
295
295
58
295
295
496
297
496
97
295
295
295
295
201
496
295
295
4
6
97
97
97
496
496
295
255
97
11
345
206
496
295
97
97
203
345
295
455
97
11
3
295
295
387
496
295
295
295
295
255
255
11
4
4771
295
295
387
201
203
201
2
295
295
201
267
295
4
11
97
97
97
3
3
295
295
295
97
166
295
295
206
295
295
97
4
281
11
295
295
295
11
166
202
267
202
97
11
11
203
295
295
295
201
201
201
295
295
201
201
203
97
295
11
97
203
203
201
11
255
214
65
65
11
378
97
97
97
97
97
97
295
295
97
295
295
273
202
295
97
295
295
295
295
258
65
387
345
11
202
97
295
201
295
201
203
203
97
55
201
378
201
201
11
97
201
201
97
97
295
65
281
295
201
295
261
381
4
97
97
255
201
201
214
215
203
295
201
202
255
281
276
97
281
201
203
201
97
97
202
202
201
203
97
97
201
4379
4379
4379
4379
4379
4379
4379
4950
4526
4526
4526
4379
4379
4526
4526
4379
4379
4379
4525
4379
4525
4138
4138
4322
4325
4897
4897
4309
4311
3979
3985
4090
4041
4041
4897
4325
3596
3985
3982
3985
3985
4138
4315
4322
4090
4322
4090
4123
4041
4316
4325
4316
3981
4325
4090
4138
4138
3958
4909
3985
3982
4897
3958
3958
3809
3985
3985
4138
4138
3962
3596
3597
3958
4284
4325
4325
4316
4138
4322
3979
3985
4138
4138
4138
3985
4286
4090
3979
3979
3979
4138
4897
3962
3962
3962
4090
4090
4897
1546
1732
1696
1965
1732
4311
2783
1018
1018
3074
3352
3200
4877
3112
3521
3371
3147
3147
2995
2995
3147
3147
2819
2648
2805
577
577
2179
3062
3203
3667
3785
3667
3667
3667
3667
3667
3667
3667
3667
3667
3667
3785
3667
3667
3785
3667
3667
3667
3667
3667
3667
3468
3555
3555
1706
3468
3555
3468
1706
1706
3667
295
297
295
3
295
295
295
295
295
295
295
295
97
4138
3818
3818
3958
4138
3818
3818
4138
2958
2943
4988
4976
2958
4988
4978
2959
2807
2959
2959
2982
3080
2813
2959
4988
2958
3080
577
4988
2958
2982
2914
2982
2982
2959
2982
2982
4379
4525
4379
4379
1642
1642
1642
1465
3264
4379
4525
