4762
4762
307
413
212
177
378
252
300
10
455
506
175
175
165
158
158
215
112
112
175
112
112
112
112
175
175
175
175
175
175
175
175
175
175
175
175
175
175
175
175
175
175
414
414
414
414
175
175
175
119
213
224
180
288
168
168
168
75
76
175
175
175
165
175
112
175
175
175
175
175
175
175
112
215
112
158
158
4762
4762
160
64
260
4763
409
175
4762
4762
4762
414
175
4750
142
53
119
53
41
147
175
175
175
175
175
175
175
175
175
175
175
175
175
175
175
165
175
175
175
175
175
175
175
175
175
4762
4762
64
414
175
165
165
175
175
175
175
175
158
119
37
255
200
256
277
333
126
661
621
286
218
242
175
4763
175
175
158
73
170
175
175
175
165
158
119
175
175
175
175
175
175
175
175
175
243
175
175
175
175
175
175
413
76
32
4762
119
51
175
175
175
175
175
158
41
146
123
217
229
275
45
232
186
509
528
746
512
512
655
655
327
420
9
236
506
37
49
382
327
450
175
175
175
172
158
147
139
175
202
219
140
158
158
165
175
413
312
175
175
168
175
140
223
382
7
317
175
312
312
226
272
124
124
280
226
175
175
175
175
141
168
175
310
282
269
4750
312
248
4753
175
175
175
175
51
175
139
175
175
160
4752
112
175
49
301
178
247
256
124
112
175
175
175
427
175
217
53
53
211
147
42
294
287
346
175
175
213
310
237
175
175
175
175
175
166
108
243
112
121
121
215
121
213
413
4752
413
256
112
325
200
215
175
4752
4752
230
158
215
158
158
323
242
158
84
242
158
112
215
112
175
175
215
298
229
112
112
216
294
324
175
276
383
239
384
919
919
354
911
919
469
1834
1792
2655
2253
365
3484
3876
4253
4313
4357
1326
3053
1329
215
215
103
104
175
320
238
420
198
384
748
794
505
334
380
147
212
84
238
215
112
112
112
175
175
175
175
298
404
124
112
175
175
175
175
112
346
175
175
175
214
229
175
327
243
215
112
175
175
175
333
112
175
175
175
294
112
175
175
112
175
175
112
175
175
112
175
277
125
214
183
525
191
529
343
343
292
382
181
439
279
334
231
292
417
233
321
44
439
711
806
1058
1467
747
4847
866
866
750
4858
1774
1790
1877
2059
1484
2599
1487
2533
2532
1489
3590
3148
482
2660
2382
2040
2040
1796
1799
2218
1995
1864
1903
1903
1895
1588
1608
487
1751
1814
2302
2215
2093
1872
1872
2300
333
382
134
45
186
380
446
134
232
186
509
911
126
794
425
186
443
134
384
794
517
126
439
526
439
523
457
794
761
1461
794
1512
744
4829
792
847
744
745
884
577
578
1018
1018
1339
1117
1435
583
1466
1291
1636
1556
586
992
1006
1006
1015
1043
1103
744
4805
569
4804
568
685
647
4829
4829
738
456
127
792
868
576
579
762
763
762
844
820
949
847
884
1509
905
1146
1115
1114
439
516
531
533
1106
757
520
648
762
188
648
503
648
13
715
904
651
764
523
509
535
469
744
647
648
762
680
647
4829
712
680
792
764
838
838
764
764
1118
1118
920
4829
4829
647
648
4817
898
709
1131
4783
4818
4783
502
764
4829
684
523
518
577
509
737
514
911
911
911
911
911
866
747
747
847
521
813
794
919
509
921
196
911
387
4829
529
764
920
738
738
715
4804
756
756
710
4814
1075
525
784
1302
1302
4855
507
4829
652
794
794
523
921
567
4829
4829
844
712
710
201
808
756
684
870
762
387
756
819
819
1002
987
1090
588
654
201
757
822
1107
768
538
709
756
715
639
837
801
527
861
719
902
4804
676
1115
1017
713
820
911
690
1365
719
641
850
1099
1201
4769
891
884
819
709
528
923
951
641
849
742
783
784
874
1948
1562
886
530
833
878
1561
769
654
660
820
862
885
889
1303
1118
713
4817
4817
4817
1155
1118
1146
1514
626
923
951
1114
802
870
837
768
741
1082
654
911
512
194
4858
911
911
194
750
1011
1466
588
1114
654
689
1724
362
2212
2500
2669
2337
2673
939
2822
2397
2441
2440
2440
2516
2516
2188
2188
2188
4868
629
629
1011
958
1090
1291
1146
1045
1283
1283
1117
1018
629
990
1094
1016
1016
1066
1094
1556
1145
1008
589
1008
998
971
1538
1572
1093
1119
1013
1023
1516
1635
1196
1635
1056
1837
1054
1208
1993
1840
2035
998
960
994
959
990
990
1123
1066
963
1102
964
1108
961
964
1025
1008
1120
1006
593
591
1044
591
965
1267
1437
1597
819
998
1015
962
1120
1374
1466
1146
1466
1157
583
686
512
737
1025
1025
1012
968
1516
1119
967
1084
1023
1153
1028
1023
1028
974
1218
1637
1810
1056
1612
1349
1803
1973
1026
1228
1149
1084
989
1520
1514
1116
1435
1435
862
1008
1013
1160
1349
1789
1789
1789
971
1640
190
192
579
1018
1043
1043
1243
1045
1155
4835
1155
573
1155
573
1061
571
741
783
1013
967
1088
840
1085
1954
987
989
1006
1093
1579
1597
1102
1310
1276
1211
1429
1013
1012
1013
923
962
1015
852
926
862
891
960
984
1580
1007
1103
1025
1610
1597
1418
1418
1291
1570
1462
1115
583
863
1368
834
1090
585
1224
1418
1418
1435
1045
1063
573
1211
1211
1210
920
1013
1211
1429
1279
1397
967
1084
1023
1145
1281
4835
1084
1012
1284
1013
970
1211
1012
965
1610
1310
959
1314
1244
1042
1343
1229
1648
1755
2428
2502
2306
2330
2330
2107
1863
1970
2455
1187
1187
2541
2492
1170
2436
2394
2394
2436
1172
2330
2435
2306
1346
1314
967
1103
1119
1092
973
973
1093
973
1010
1579
1012
1012
1294
817
1210
1012
1318
1400
1206
1721
579
1355
1355
583
1117
1117
1113
1024
1153
1023
1153
1196
1196
1028
1196
1056
1009
1090
1004
1530
1220
593
1145
1284
1284
1284
1161
1231
1270
1239
1599
1804
1287
1024
593
1610
1113
1243
1284
1284
1284
1059
871
1165
1233
1251
1254
1352
1249
1259
1049
1321
1234
1257
1059
1012
1089
1163
1113
1113
1613
1218
1196
1195
1572
1578
1009
1520
968
1149
1265
1729
1768
1142
1429
1002
818
1355
1430
1466
987
967
1059
1636
583
583
1466
1430
1430
994
1084
1084
1288
818
1091
1200
1242
1284
1268
1284
1083
1342
1492
1059
1229
1086
1015
1279
1429
1059
1024
1023
1531
1418
583
1353
1429
1388
1664
1284
833
871
591
1496
1629
1496
1028
1059
911
469
1479
1763
1980
2579
2580
4259
4403
4434
4376
4378
4383
4451
4449
4449
1462
1466
1466
583
1260
1090
1220
1153
1430
1291
1117
1117
1268
1528
1101
966
1614
1050
969
1723
1238
512
4847
866
194
1479
1479
1707
1093
1792
973
1222
1556
1466
1284
1014
469
911
919
469
1324
1512
1512
1464
1370
1805
2409
1059
1029
1144
1383
1768
1153
1023
1023
1023
1789
1630
1466
1409
1038
1370
1301
1396
1003
989
1023
1028
1153
1056
1056
1635
1196
1789
1810
1205
1164
583
1117
1246
1100
1026
1349
1166
1050
1411
1708
1924
1380
2330
1647
1854
1220
1810
1218
1559
1045
1436
1283
583
1570
1570
1240
583
1291
1437
1222
1291
1518
866
1552
1058
1058
866
866
751
1617
1737
1737
1703
1686
1770
1853
1480
354
1536
1610
1610
1220
1056
972
1056
972
1225
1467
192
4847
1550
1855
1818
2089
2389
2408
1670
866
1521
1521
1523
1748
1645
1901
1527
1634
1313
1112
1056
1742
1742
4847
1552
1499
1622
1627
1501
1339
1046
1339
1018
1536
1707
1536
1375
1572
1741
1410
1419
1354
1224
1569
1450
1747
1817
1892
1531
1198
1142
1065
1606
1471
1789
1810
1808
1789
1056
1056
1056
1789
1479
1600
1600
1580
1100
1153
1153
1516
1516
1516
1051
1100
1015
960
1057
1057
806
785
4847
1058
1028
1789
1789
1763
1555
1512
1059
1100
591
1552
1364
1439
910
784
785
4856
784
1049
784
785
1302
873
1596
1500
1598
1538
1153
1315
1411
1471
1577
1495
1538
1545
1409
1584
878
1587
1759
1902
1416
1592
1616
1591
1646
1677
1595
1827
1596
1004
1420
1706
1574
994
1785
1049
806
1230
1471
1568
487
1558
1516
1160
1285
1087
486
1230
1592
1616
1591
1692
1620
1675
1715
1849
1726
1738
1817
1688
1662
1762
1742
1056
1351
1566
1349
1647
1702
1589
1646
1350
1450
1732
1153
1302
1106
1591
1643
1591
1519
1494
1650
1933
1689
2272
3076
2852
1711
483
2550
1905
1949
1649
1064
1384
1512
1585
1899
2078
930
2098
2408
1709
1589
1675
1704
1703
1590
1705
1705
1056
1056
1789
1521
926
1680
1927
1682
1674
1766
1590
1703
1616
1609
1643
1623
1935
2594
1705
1705
1705
1851
1891
1748
1535
1765
1765
1550
1618
1000
1590
1672
1675
1004
1706
1396
1416
1682
1778
484
2294
1555
1554
1582
1674
1766
1766
1727
1719
1811
1719
1309
1465
1732
1375
1227
1684
1626
1624
1635
1451
1825
1440
1838
1781
1918
1574
1668
1685
1770
1739
1705
1640
1816
1587
1745
983
1624
1626
1861
1762
488
1237
1900
1764
1972
1540
1902
1758
1931
1760
1247
1635
1740
1295
1665
1784
1618
1767
1602
1724
362
362
1522
487
1027
1027
1160
1317
1317
1207
1887
1776
986
1663
1481
1922
1622
1553
1937
1325
2261
1888
1412
1413
1847
2265
1806
2107
2107
1940
971
1236
1535
1380
983
1351
1566
1516
977
1794
1749
1237
1167
927
1760
1542
1784
1891
1819
1516
1789
1612
1640
1809
972
1930
2488
363
1830
362
1793
1722
1651
1836
1789
1779
1838
1782
2034
1840
2035
2035
2316
1763
1393
1540
1710
2039
1351
1638
1815
1804
1560
1516
2260
979
1731
1738
1805
1169
1961
1862
1864
1700
1036
1730
1952
1952
1952
2034
1628
2059
1749
1917
1917
1917
1946
1917
1482
1236
1813
1666
1834
1846
2222
1765
1700
1934
1823
1823
1693
1813
1804
1818
1938
1765
1895
1903
1938
1919
1895
1670
1052
1940
2205
930
2212
1915
1852
1482
1777
1708
1055
1612
1053
1739
2305
2242
2205
1913
1921
1168
1929
1932
2080
1931
1931
1408
1939
2091
1937
1795
930
2078
978
1731
1813
1795
1833
1586
1982
1919
1961
2066
1781
1989
1914
1900
1952
1952
1952
1872
2035
1872
1924
1413
1895
1612
1947
2038
1386
1847
1806
2330
2107
1699
484
2089
1904
1905
1966
1482
1874
1901
1850
484
2294
1995
1949
2041
2040
2040
2040
2041
2041
2041
1476
2156
1896
2222
1967
928
1892
1414
1408
2191
2191
4866
2191
2970
2970
3198
2191
2188
2188
2190
4866
2190
2191
2191
2497
2497
2191
2191
2191
2191
2191
2191
2191
2191
2135
2969
2970
3277
2189
2191
2191
2191
2191
2191
2691
2190
2191
2191
2191
2135
1730
2034
1786
2252
1475
1795
1806
1961
2191
2191
2135
2191
2191
1731
1869
1840
1887
1038
2191
2191
2191
2191
2928
2190
2190
2191
1035
1922
2093
2510
2905
2498
2408
1652
2065
2191
3263
2191
2191
2191
2135
2970
2970
2135
2159
1888
1716
931
2266
2135
3001
2135
2135
2191
1953
2061
1895
1414
1873
1938
931
2597
2540
4866
2191
2188
2188
2189
936
2448
1757
1938
1893
2305
3042
3042
2969
2934
4570
4644
4511
4511
4511
2969
2969
3001
2969
2123
2191
3001
2969
2191
4511
4511
2191
2691
3042
2969
4457
4712
3089
4438
4438
4438
3089
4438
3288
2191
4546
4645
4511
4621
4653
4455
4511
4511
4511
2191
2212
2190
936
362
939
2397
2974
2907
4438
2907
2439
2439
4438
3089
3265
2192
4568
1752
2091
2735
2849
3003
3198
2970
2935
4457
2191
3001
2969
4488
4660
4393
4690
4495
4607
4438
4438
4438
4438
4438
4455
2191
1734
1844
2269
2250
2250
2250
2135
3001
2191
2205
2135
2188
4866
2695
2444
2411
1832
1916
1874
3001
4716
1414
1414
2191
2970
4533
2503
2188
2188
2188
2188
1930
2034
1917
1938
1918
2970
2673
3003
2567
2935
3263
2246
2622
2669
4868
4868
2188
2188
2260
2270
2249
470
2252
2638
2969
2222
2597
2058
939
979
1752
2255
2527
4560
3277
2568
4511
1993
1955
2735
3042
3042
2913
3002
3002
3042
3042
3042
3042
2986
3042
2937
2937
3002
3002
3002
2913
4495
4565
1983
2135
2622
2386
1857
2034
2034
1752
1908
1862
2198
4489
2735
2913
2262
1716
4489
2107
2669
4511
4511
2188
1793
1952
1783
1872
1787
2407
2913
2937
2912
2735
1864
1990
2516
1955
3001
2849
2337
2338
2524
3238
2196
3290
3265
2439
3265
2352
4542
2516
3002
2462
2338
2354
1862
2540
4511
1962
1962
1169
1671
4511
1840
1942
2787
2462
1961
2107
2260
2310
2510
1905
2259
2516
1874
1950
2444
2849
1862
1862
1863
1840
1955
2337
1862
2330
2330
2306
4511
4621
2891
2908
4455
4438
490
3002
2937
3083
1475
4511
939
4511
1873
2215
3002
2912
1474
1939
2329
483
483
483
2330
2330
1941
2365
1752
2311
1908
1907
1995
2502
4511
4511
4576
4575
4738
4445
4462
4445
4511
4445
4511
4511
4507
4575
2440
2440
2516
1482
1978
1483
2828
2469
2471
2874
3161
3161
3058
2633
1671
1783
1872
4692
4495
4959
2621
2383
2383
1169
2568
1917
1917
1917
1917
2059
3002
3002
2937
1908
2435
2332
2091
1971
2250
2306
2502
2502
4511
4507
1791
4495
1969
1950
2669
2846
2250
2365
4864
2969
3002
3002
2337
2329
2498
4450
2306
2306
4511
1748
1979
2880
3003
3215
2137
2935
2935
2632
4511
2302
2937
2937
3042
2986
1995
2092
2092
2669
2435
2444
2444
2444
1917
3002
2970
4685
2306
2515
1170
2494
2199
2530
2200
2494
2435
2200
2494
939
2929
2516
2093
1753
2561
2564
2094
3002
1949
2846
4621
1788
2639
2520
2831
2585
2600
1980
2380
472
2969
2568
1917
2912
2912
3083
2595
2595
2623
2670
2444
1483
2413
2517
1653
483
2091
2462
2361
2515
1170
2200
2200
2200
1170
2919
2817
4139
4190
2530
1793
2929
2966
1978
2413
2937
2987
2361
2595
2461
4445
2671
1829
3002
483
2106
1949
2462
3221
2211
2440
2822
1788
2380
2986
2090
483
2435
4457
2221
2314
2314
1175
1176
2384
1176
1177
2751
3145
3160
3173
3021
2650
3719
3150
3000
3150
2662
483
483
2261
2261
2937
2603
1968
2314
2382
1176
1176
1177
1177
3021
1177
1176
1176
1176
2384
2314
2314
1175
2385
1176
1801
1801
1801
1174
1801
2106
2458
2471
2037
2655
2935
2987
2314
1801
3325
1654
3634
3903
3903
4037
3774
4037
3799
3799
3904
3904
3799
3799
4259
4259
4259
2441
2937
4685
3212
2916
2602
2544
1872
1956
1783
1956
1956
2712
3111
2888
1956
2837
2837
2768
3051
2770
1956
1870
1788
2474
2453
2842
1655
3473
2725
3799
2059
2584
2580
2986
2986
2937
2935
2969
2358
1949
2358
1946
2059
2415
2798
3286
3803
2546
3784
4029
2862
1185
2385
2490
2455
2392
2752
1980
2986
2675
1415
980
4999
980
2049
980
2300
2251
5000
2821
2492
2200
2530
5000
1841
2200
2200
4994
2759
2854
3091
2819
3071
2896
3030
3483
3429
3707
980
490
2171
1696
491
491
1489
2935
2917
1798
2329
2462
2530
980
1843
2530
4445
4511
1841
2759
2444
2049
2302
2937
2040
2040
2390
1711
1984
2295
1174
1187
2462
4997
4980
2920
4129
3061
2814
3196
3711
3815
3715
2889
3849
2818
2809
2808
4999
4575
2544
2974
2440
4621
1945
1870
2229
2970
2232
2530
1170
2436
4997
5000
1841
2444
2049
2300
1526
2753
2753
2739
2897
1796
2041
483
2338
2458
4999
2492
3003
2736
2230
1172
2515
4621
4575
4576
2444
2049
2322
2263
2041
2040
2041
2419
4690
2338
3161
4511
4575
4575
2440
4864
2891
2891
2891
1870
3068
2295
2949
2881
4864
2444
4466
2935
1172
2489
2553
4877
3680
3865
1181
3420
2812
3997
2854
1956
1956
2430
1796
2596
2919
3051
1964
1944
3319
2905
3087
3264
2905
2358
1866
4610
2494
4610
2808
2544
2935
3198
2314
2040
2891
2659
3003
1172
2596
2945
2920
3691
2759
2770
2936
2755
2436
4690
2440
2441
2891
4864
4438
2970
2136
2970
2295
3012
2354
3283
2491
2553
2441
2755
2436
2929
4575
2441
2895
2922
2854
2837
2741
2415
2564
1712
3611
3602
3051
2819
2890
2856
2891
2970
4379
2525
4690
4678
4511
2614
3375
2978
2441
2713
2773
3285
4071
3712
2638
471
3263
2550
2978
3071
3057
2891
2253
365
2545
2322
2322
2415
2414
2546
2414
2414
3235
2314
4690
2978
2911
3058
2460
1690
2514
3153
3121
2891
4648
2360
2906
2358
2455
2455
2385
2385
2392
1174
1175
1187
2455
2385
1188
2819
2817
2911
3058
2908
2908
2907
2907
4438
2891
1946
4591
3236
3857
4051
3857
3771
3228
4878
2875
2520
3166
2892
2040
2455
3091
2634
2773
3163
3371
2814
3647
2760
2979
1956
1956
2422
3369
1866
3152
3095
2908
4438
4455
4555
4591
2692
2723
3772
3895
3773
3895
4277
4277
4933
3263
1175
4738
2358
1187
3264
4709
3071
3031
3308
3483
3279
2891
3091
3030
3371
3371
2779
2780
3094
3231
3448
3316
3389
3357
3426
3657
3347
4171
3343
2774
1753
2384
1175
1176
2394
2196
2192
3265
3265
3265
2439
2439
2196
2990
2907
2907
2977
2949
3091
3095
2779
3436
3244
3295
4067
3253
4137
3353
3854
3133
2171
2430
2136
1175
2384
1176
1176
1177
2751
2751
1177
1176
2384
2751
2751
3333
3443
2746
2798
2945
2137
2192
2192
2137
4455
2655
2433
1175
1175
1176
3161
2193
3265
3483
2639
2360
1175
1176
1176
1177
1177
1177
1177
2805
1176
2136
1176
1176
1176
1176
3161
3265
2439
2908
3371
2896
2253
372
4152
4351
3313
3391
3391
3060
3196
3815
3815
3716
3716
4087
4088
4120
3193
3194
3190
3195
4082
3815
4082
4082
4082
3391
3060
3125
2655
2136
3167
2382
2385
3089
3288
3031
2908
4438
2908
1830
2770
2979
2770
1753
3166
2455
3288
4568
3089
2439
2439
2460
4455
2774
2655
2413
1176
2382
2382
2660
1176
2751
3160
2666
2646
3148
3590
2382
2192
3161
2907
4438
3058
1176
2382
2385
1186
3235
3089
2908
2907
4455
3683
3570
4024
3873
4132
4120
3248
4039
3465
3435
3398
3569
2779
2778
3231
3231
2779
2778
2322
1981
491
2659
1176
2541
2853
2434
3288
2439
2439
2439
4438
3372
2776
491
2271
2805
4438
4438
4455
4438
4438
2439
4438
4438
2439
4438
4438
3469
2773
2451
2555
1985
3421
3265
2977
2977
4438
4438
4438
4438
3433
3246
3231
3433
3245
3054
1483
2770
2271
2629
1176
1176
1176
2610
2439
4438
4438
4568
4438
3245
2984
3030
3391
4082
3094
1986
4438
3600
3448
2776
2413
3212
3453
2645
2660
2660
3372
2172
2563
3000
2618
2631
2660
1660
2922
2979
3384
3454
1177
1176
1176
1176
3707
3444
3158
2481
2666
2977
2902
3178
3601
3787
3868
4068
3106
3415
3580
4074
3352
3134
3610
3610
3344
3317
3413
3297
3132
3416
2655
3111
2712
3319
1865
1177
1177
2756
3224
2860
2610
3997
2818
3234
3248
3344
3414
3110
3327
3312
3099
3244
2779
3030
3255
3593
2271
2751
481
2666
2977
3412
2770
3787
3030
2779
2779
2873
2805
1176
1177
3372
3357
3140
3435
3244
3100
2402
2413
3325
2666
3160
3443
3333
3718
3856
2414
3272
3299
3783
3060
3312
3355
2271
2901
3661
3249
3618
3060
3435
3335
2795
2719
2954
3237
1177
3338
3225
3424
3094
3102
3297
2960
2751
2751
2751
1177
2666
4056
3645
3376
3099
2770
2925
3661
4024
3256
2413
2645
2751
3333
3056
2777
2172
3462
3160
2663
3231
3189
3099
1526
1981
1489
3389
3144
3043
3018
2751
3113
1695
3357
2172
2172
3143
2414
3402
3601
3150
3434
1526
3255
2979
3112
3145
2751
3672
373
3417
3469
4044
2740
2720
2898
3055
3474
3475
2581
3477
1177
2851
3338
3701
3591
3592
4001
3639
3639
4162
4252
4347
4896
3943
3943
4332
4328
3943
4926
3425
3621
3486
492
1489
3635
3841
3884
3841
3663
3635
3649
3648
3542
3542
3489
3757
3491
3884
3912
3911
3548
4054
4162
4084
3665
3649
3655
3627
3613
3542
3507
3573
4000
3139
3665
3811
4247
4054
3754
3832
3884
3794
3550
3550
3881
3523
3512
4908
4909
3522
3511
3663
3841
3812
3665
3296
3818
3330
3373
4024
3875
477
3133
3834
3693
3855
4057
2814
3573
3425
3665
3379
3067
474
3811
3637
3702
4163
3699
3333
3447
4026
2598
3457
3436
3674
3195
4082
3674
3256
3664
3613
3630
2564
3373
3645
4035
3509
3345
3841
3665
1489
3490
3363
3333
3333
3443
3333
3226
3436
2532
3814
3586
3648
3152
3453
4132
3714
3258
2753
2753
2721
3425
3506
3613
3543
3542
2481
3314
3334
3423
476
1487
3778
4000
4136
4181
3815
3716
3862
4081
4113
3873
3873
3711
3712
3636
3814
3639
3841
3574
3034
2172
3507
3488
3356
2858
2858
2610
3018
3757
4176
4176
3575
3074
3199
3685
2842
475
3590
2999
3467
1884
1488
3815
4082
3486
3575
2704
4157
2979
3617
3429
3199
3463
2753
3401
3396
3641
3587
4077
2663
3455
4027
3572
4085
4083
3464
2952
2798
3254
3874
3314
3000
3000
3778
3188
3449
3655
3769
3645
3000
3134
3105
3716
3716
3716
4028
4121
3862
4133
4120
4120
3074
3074
2716
3166
3627
3603
3662
3649
3662
3649
3603
3512
3512
4909
3512
3550
4930
4911
3738
3555
4219
4230
3559
3551
3551
4917
3525
3513
4250
4195
3742
3494
4162
3639
4138
3786
3587
4164
3350
4138
3655
3522
3985
3173
3021
3443
3700
2723
3774
3774
3669
3571
3441
2783
2414
3353
4086
3187
3647
1327
2924
3575
4132
2723
4939
3775
3773
3774
3774
3774
4045
3000
2563
3492
3983
4087
2546
3704
3474
3475
3475
3475
3131
2718
3543
3021
4202
3773
3895
2678
3447
2546
2998
2454
4086
3778
3457
3648
2723
4050
3845
3447
4277
4277
4205
3895
2678
4943
3791
3895
4943
3773
4205
3895
3895
3895
4268
4343
4277
3895
4083
4162
3346
4165
3666
3378
3190
2883
3773
3762
2546
2546
2729
4151
4279
3507
3349
3997
4277
4253
4277
3792
3471
3704
3791
3686
3783
3074
2813
3830
3021
4277
3792
4205
4067
3716
4081
3183
2982
2924
3667
4229
3627
3544
3875
3873
3875
2815
3792
4189
2746
3756
3694
3911
3795
3605
3635
3774
474
2678
3774
3894
3774
3774
3894
4943
4943
4943
4421
4572
4710
4657
4501
4281
3774
3774
3673
2830
3962
3396
4024
4020
3929
3499
4293
3546
3548
3548
3528
4931
3915
3914
4914
4898
3529
3956
4911
4914
3952
3918
4306
4347
4898
3911
3978
4893
3980
3929
3936
3937
3943
3943
3524
3918
4341
4325
4325
4325
3526
3739
4914
4914
4917
3523
3881
3529
3794
3754
3755
3774
3860
3055
3489
3965
4241
4239
4294
3967
3918
4926
3929
3926
4324
3965
4931
3494
4202
4156
2722
2577
4065
3547
4154
4306
4334
3504
3504
4106
3929
2815
2816
3260
3136
2577
2581
3627
3520
4239
4241
4224
3977
4240
3502
4288
4022
4022
4239
4306
4022
4293
3874
3998
4228
3719
3719
2582
3260
3336
2954
3848
4239
2611
3875
3715
2582
2953
3383
3909
4283
4018
4239
4132
3047
4121
3838
4241
3845
3141
3054
3799
4252
4350
4156
3353
2581
3581
3511
3522
3586
3603
3999
3250
4126
3192
3644
2815
3141
3457
3458
3589
4277
4208
3873
3873
4132
4247
3762
3644
4036
4121
4037
2727
3799
3193
2706
3799
3799
3799
3381
3761
4224
4292
4022
4022
4268
3873
4173
4029
2562
4163
4037
3703
4022
4050
2889
3193
4158
3135
3785
3545
3603
4129
4148
3743
374
4121
3844
3688
3837
4147
2705
3904
3758
3763
3758
4131
4191
4140
3904
3904
3477
2578
3797
4252
4140
3864
3904
3904
3458
4164
3721
3348
3349
3566
4332
3192
4236
4230
3329
4118
3253
4293
4167
3347
3688
3867
3763
4293
4288
4247
4069
3419
3105
4183
3743
4250
3733
4209
4175
4067
3866
4315
4423
4652
4343
3895
4514
4515
4965
4216
4666
4388
4449
4510
4449
4343
4230
4003
3251
4909
3512
4339
4318
4099
3364
4180
4930
3734
4288
4351
3866
4288
4252
3914
3749
4219
2730
4328
3943
4183
3904
4896
3904
4916
4887
3799
4255
4037
3774
4303
4371
3799
3894
3894
4943
3894
4309
3774
3894
4421
4698
4553
4476
4470
4352
3894
3774
4321
4412
3799
4284
4255
3480
4421
3904
3904
3904
4698
3734
4255
4926
4273
4424
4256
3894
4303
3917
3942
4356
3736
3881
3948
4926
4328
4926
4273
4321
4273
1331
4347
4303
4311
4417
4368
3739
3923
3952
4572
4418
4275
4552
4658
3901
4364
4372
4581
4710
4371
4417
4275
4914
3525
4586
4363
4324
3952
4325
3932
3918
4339
4401
4340
3916
3913
3915
3526
4914
4915
4465
4419
4342
3913
3739
1331
4710
4432
4479
4357
4479
4466
4598
4515
1333
4435
4435
4514
4957
4965
4467
4212
4374
4471
4214
1335
4216
4431
4681
4722
4556
4484
4960
4538
4651
4642
4527
4693
4651
4527
4960
4510
4510
4510
4510
4510
4510
4959
4959
4959
4959
4527
4527
4527
4527
4959
4527
4527
4527
4527
4513
4734
4484
4449
4484
4466
4609
4462
4552
4375
4408
4604
4580
4723
4458
4526
4722
4458
4543
4723
4723
4379
4376
4681
4543
4681
4544
4382
4681
4723
4723
4458
4732
4679
4527
4697
4527
4510
4960
4510
4510
4391
4527
4510
4527
4510
4527
4510
4510
4510
4527
4527
4510
4510
4527
4959
4697
4527
4959
4959
4510
4741
4619
4655
4741
4639
4960
4651
4736
4619
4556
4458
4510
4510
4960
4748
4624
4650
4473
4527
4527
4527
4527
4527
4959
4959
4527
4959
4959
4959
4527
4527
4527
4527
4527
4527
4527
4959
4527
4527
4527
4527
4527
4731
4527
4959
4527
4527
4527
4527
4959
4727
4727
4527
4527
4627
4713
4443
4527
4959
4959
4527
4527
4527
4713
4383
4684
4527
4527
4527
4722
4697
4527
4527
4527
4650
4473
4527
4527
4527
4527
4527
4527
4959
4527
4510
4959
4731
4527
4693
4664
4592
4527
4527
4527
4527
4527
4741
4727
4527
4538
4664
4527
4510
4642
4697
4741
4527
4527
4959
4959
4959
4527
4959
4510
4527
4527
4527
4959
4527
4959
4610
4510
4527
4959
4451
4728
4527
4527
4510
4960
4960
4527
4527
4538
4527
4718
4440
4527
4697
4527
4527
4610
4527
4959
4510
4510
4510
4527
4510
4527
4527
4959
4959
4697
4527
4510
4592
4959
4527
4959
4959
4697
4527
4527
4510
4510
4959
4959
4959
4510
4391
4510
4510
4959
4527
4510
4959
4527
4959
4960
4510
4960
4449
4510
4959
4527
4527
4527
4592
4959
4959
4959
4959
4510
4451
4449
4449
4510
4527
4510
4510
4527
4510
4527
4960
4510
4510
4510
4959
4510
4510
4510
4960
4510
4959
4959
4959
4510
4510
4666
4510
4510
4510
4510
4592
4484
4527
4527
4527
4527
4527
4510
4510
4510
4510
4484
4959
4510
4527
4527
4510
4527
4510
4959
4642
4510
4449
4510
4484
4510
4510
4959
4510
4510
4391
4510
4510
4510
4959
4510
4510
4510
4510
4510
4527
4449
4510
4959
4510
4510
4527
4510
4510
4510
4510
4959
4510
4510
4510
4527
4510
4510
4449
4510
4510
4510
4510
4527
4510
4510
4959
4510
4510
4391
4510
4510
4510
4510
4510
4960
4510
4510
4510
4510
4510
4510
4510
4510
4510
4510
4510
4510
4510
4510
4510
4510
4510
4510
4510
4510
175
175
175
175
175
175
175
175
175
175
175
175
324
175
175
175
175
175
175
175
1117
4808
4804
647
653
4829
4829
4829
1155
709
902
568
4808
1018
1019
653
4829
573
4825
1018
904
629
1118
1401
4783
924
838
1117
4817
1118
1045
1018
745
1045
1131
639
570
911
4858
746
512
866
512
1058
747
806
1230
834
1058
911
911
1307
4692
4692
4697
4392
4511
4450
4690
4585
4585
4705
1783
2436
2436
2491
2035
1872
2035
1170
2491
2034
1872
2530
2035
2035
2035
4864
2596
3935
3665
3649
4012
3794
3881
3965
3965
3978
3917
3936
3832
3795
3956
3512
3605
3522
3522
3663
3794
3663
3663
3794
3694
3523
3554
3529
3881
3971
4332
3929
3909
4899
3564
4325
3989
3929
3936
4252
4239
2172
4372
4943
3774
3774
3774
4310
4943
4343
4943
4943
4208
4277
3895
4310
3895
3895
4527
4510
4527
4959
4527
4527
4510
4527
4527
4527
4959
4527
4527
4527
4527
4527
4959
3581
1431
1118
1118
1429
1278
980
2530
2049
980
2250
2250
2035
2365
2269
2049
2270
2049
2269
2530
2049
2269
980
2250
2269
980
980
2269
2269
2269
2269
2269
2269
2049
2048
2035
2269
2269
2269
2269
2530
2269
2269
1045
806
806
2191
2191
2191
3799
2455
2751
2751
1177
3799
