230
22
21
129
260
211
69
3
315
187
501
520
376
373
374
398
395
281
281
282
54
257
79
275
28
28
75
194
194
276
28
54
218
4791
95
275
226
313
51
16
40
163
234
97
97
97
48
258
4802
55
389
373
366
281
62
17
62
62
17
398
144
4796
230
257
31
31
385
142
385
147
155
30
302
140
302
60
246
82
87
60
30
386
4797
292
230
149
4802
310
4796
4792
94
238
90
34
87
211
230
238
292
292
310
4793
302
241
302
51
16
106
161
121
254
222
420
420
509
415
40
161
40
218
275
53
231
196
16
4790
257
54
196
53
80
155
84
281
276
29
269
32
87
194
63
194
63
87
87
87
300
90
91
51
196
51
246
90
98
129
4807
373
16
16
40
40
412
499
4980
501
503
174
719
719
177
719
515
533
236
187
152
196
48
210
225
225
79
259
275
275
147
4793
346
60
16
22
361
106
48
394
394
50
87
103
91
373
87
361
2
9
315
9
19
140
33
48
152
162
251
111
361
81
21
87
142
158
97
19
211
195
395
21
45
81
94
397
366
60
389
275
60
366
102
234
309
161
44
161
161
122
294
283
17
281
366
31
90
389
51
60
69
16
361
3
272
93
247
300
89
202
210
155
154
194
157
63
286
280
280
279
286
390
194
394
361
34
260
221
236
2
3
254
389
97
272
3
278
4796
374
60
66
109
373
300
122
279
281
398
361
282
397
287
3
4794
109
221
183
424
500
1432
326
1595
2409
2605
2605
2640
2573
2485
3272
3609
2814
2622
2622
389
398
19
24
17
40
221
236
375
375
727
874
874
375
387
69
87
369
40
395
286
281
60
390
69
110
254
63
63
291
280
361
280
281
40
412
63
281
278
261
304
254
17
62
163
3
63
280
281
281
63
194
63
254
375
412
349
529
638
40
410
9
412
40
503
372
236
347
9
421
393
168
426
534
538
1002
4863
1284
812
812
326
1483
1373
2460
2307
1582
2901
3046
3786
3496
3278
2644
2589
2615
1102
2628
2628
2628
2628
2281
2281
2019
2019
2019
2019
1719
1406
1233
1233
1198
1194
1243
1177
1253
1177
1518
1475
1802
1802
2089
3242
3242
3242
371
347
412
167
172
375
501
224
501
381
380
533
533
351
372
418
169
387
497
372
420
387
532
375
652
537
224
403
349
387
518
1443
874
1595
531
794
794
794
794
641
775
775
794
794
676
794
794
794
794
676
698
794
647
4845
864
4844
864
864
1337
1401
1401
1400
1400
1343
1343
1352
1352
1348
1335
1335
1561
1437
1388
1335
1335
1166
578
1417
959
794
794
741
674
776
674
794
700
700
776
700
794
700
700
700
741
741
776
700
700
606
420
647
647
864
647
794
4853
864
864
864
794
794
794
647
794
615
615
755
813
676
647
864
4845
864
864
864
4819
1337
4838
1065
1335
1335
413
518
878
1472
637
1443
794
674
776
794
647
508
794
674
674
352
741
528
674
794
864
864
755
794
698
4845
794
4845
864
679
759
533
874
354
741
700
775
775
674
741
794
794
776
700
776
674
794
647
698
615
4845
115
864
4845
679
698
864
864
1014
755
1364
4858
741
741
741
741
674
674
740
794
698
700
746
700
700
700
700
697
864
741
741
115
321
634
819
548
811
731
727
434
870
726
1284
741
636
1044
871
548
4854
533
1432
700
794
638
638
755
776
776
700
700
700
700
700
700
700
700
700
700
700
529
1284
1284
1284
1355
529
700
864
1337
1337
420
500
679
515
700
700
714
4811
700
700
700
721
4863
714
700
700
695
674
794
636
700
615
860
943
1335
1218
1349
721
1044
1515
1043
700
700
700
700
698
794
794
878
715
700
755
756
1400
714
700
175
1043
1058
4831
1401
1401
700
4821
808
874
1595
1401
695
794
852
852
697
908
794
563
860
700
740
811
813
1314
991
908
638
1044
1604
1867
1551
1490
1043
1043
849
1604
860
1044
1010
4821
1044
1515
1058
1343
1400
1343
700
700
700
700
794
908
1058
1343
1349
1349
1062
1349
1218
908
908
908
834
727
870
726
1432
547
1058
874
1062
1335
1268
1595
879
1581
1581
2127
2127
1886
884
2287
894
2158
2466
2327
2327
2327
2327
2258
2316
2257
2257
2088
2088
2316
700
700
867
1349
1343
1348
1349
1348
1314
700
1335
1208
1167
1203
1486
578
1388
1168
952
946
578
920
1699
1717
1717
1457
1456
923
925
974
1514
1514
1673
1673
1276
1276
1736
999
1752
1933
1933
2262
2304
2304
2304
1872
2304
1208
1430
1430
1335
1335
1486
1486
1509
1335
954
583
1417
1417
921
1167
1168
946
1052
1335
1335
1203
1009
1437
1675
1486
582
967
1167
1388
1561
1335
1349
1218
869
952
967
928
942
929
925
928
977
977
1421
1505
1505
930
930
1276
1736
1736
1438
1276
1001
1634
1427
1232
1219
1245
1163
1078
946
1335
1349
1343
1348
1044
919
951
942
1087
1514
1699
1699
1673
1673
1673
1048
1480
715
1282
1167
819
1337
1363
1167
1417
1486
1343
908
697
697
794
908
908
908
908
794
698
794
794
794
794
908
919
926
1044
1472
833
1865
1062
943
1052
1146
1423
874
4821
852
852
852
952
965
921
1143
1335
879
879
1044
1417
1556
1457
959
959
961
1561
1335
1335
1335
852
1388
355
943
1561
1486
1335
1352
908
794
794
698
794
852
852
864
852
852
928
852
1363
860
1302
1302
967
926
962
1335
908
1038
1038
978
1022
1023
928
951
940
1013
1052
1561
1266
1023
949
1083
1147
1215
1200
1222
1171
1171
1316
1317
1317
2109
1873
2290
2290
2290
2290
2246
2924
3279
3193
2994
2994
2994
2994
3193
2924
2995
1758
1776
1776
1221
1083
1230
925
952
961
1449
879
1388
1437
995
1229
864
860
808
980
1666
1666
1300
1881
998
1363
1268
1279
1302
1302
1343
1343
1352
1514
1449
1648
1424
1631
1052
1052
1545
1561
1166
1432
1179
1072
1086
1221
715
1215
1222
1154
1155
1476
933
1250
1052
1510
974
1022
1022
1022
1082
1072
834
1206
1354
1269
1189
1097
1142
1180
1197
1284
1079
1280
1280
1197
977
943
928
1033
1389
1509
978
939
1215
933
1434
999
581
1159
1062
1335
1267
1335
926
1169
1218
1335
1229
583
1078
1078
1269
1302
1335
1299
1548
978
979
1227
1163
1078
1269
1072
1086
4863
1515
927
1302
1472
637
1448
1167
1302
1207
1432
978
988
1284
1047
1301
999
1202
1302
1354
1432
1422
2460
1579
2814
3929
3826
4310
4390
4636
4670
4255
1335
1344
1095
1052
1335
1207
1348
1302
1173
1245
1147
1431
1048
1480
1597
1062
1512
1299
1432
870
326
326
1432
1483
1697
1677
2409
1509
1348
1072
1226
1300
1432
1520
547
978
1298
2109
1038
1202
1202
1392
926
1505
974
1673
1001
1693
1673
1302
1154
1085
1172
1353
983
988
1044
1476
1335
973
1514
1514
1514
1276
1673
1276
1636
1369
1448
1348
1302
1302
1082
1245
1205
1445
1176
1085
1177
1269
1189
1198
1174
1390
1774
2290
1177
1243
1472
1276
1276
1276
1243
1302
1343
1158
1302
1302
1343
1158
1302
1302
1335
1335
1344
1335
1335
1168
1348
1269
1369
436
1355
547
436
1652
1572
1231
1194
1177
1254
1695
547
1302
1302
1302
1335
1561
1169
1514
1673
1699
1673
1276
1673
1370
812
1355
1284
1439
1544
1544
1830
1869
1880
1379
436
1681
1676
1516
1511
1834
1154
1302
1352
979
1243
1514
1514
1648
436
1355
1395
1357
1471
1439
1302
1302
1302
1343
1343
1343
1343
1343
1343
1343
1651
1446
1561
1424
1177
1243
1512
1512
1410
1381
1583
1583
1476
1173
1052
1417
1545
1447
1673
1276
1276
1480
1717
1276
1276
1276
1276
1717
1717
1483
1520
1457
1049
996
1039
1039
1298
1417
1355
1355
1284
1284
1284
1370
1514
1514
1673
1508
1410
547
942
1471
1648
1039
849
1604
1284
1284
1356
1356
1284
1284
1355
1355
1284
1284
1284
957
1154
1155
1424
1186
1188
1194
1194
1356
1439
1476
1545
1456
950
1176
986
1097
1298
1097
1284
1604
1284
1194
1243
1194
1194
1177
1177
1177
1581
1581
2127
1581
1476
1618
935
1155
1284
1194
583
1675
1356
1355
1355
1355
1243
1177
1436
996
940
1597
1515
833
1284
1243
1355
1194
1194
1194
1194
1194
1177
1254
1194
1558
1558
1568
1381
1254
1435
1544
1381
1276
1717
1673
1276
1717
1717
1717
1480
1087
1275
941
1445
1253
950
1189
1545
1717
1717
1717
1673
1673
1717
1156
1694
987
1597
1472
1177
1177
1177
1695
1177
1476
1316
1436
1358
1544
1359
1826
3939
1827
2138
1691
1884
2164
2407
1101
2245
1435
1420
1483
1194
1880
1946
1946
1929
1830
1194
1177
1194
1231
1194
1194
1194
1254
1194
1673
1673
1673
1422
1677
1171
1879
2118
1472
1430
1563
1233
1194
1194
1194
1177
1177
1177
1177
1177
1177
1498
1624
1903
1194
1177
1194
1177
1673
1699
1581
1583
1369
1155
1198
1099
1099
1099
1099
1195
1284
1417
1558
1231
1194
1194
1194
1194
1194
1177
981
950
1097
1220
1379
1194
1231
1233
1233
1406
1719
1100
1100
1233
1198
1194
1681
1194
1231
1290
1233
1233
1563
1233
1290
1194
1194
1381
1381
1143
1741
1394
1753
1595
1650
1599
1572
1673
1699
1360
1276
1717
1276
935
1933
1694
1232
1319
1198
849
1472
1558
1194
1177
1177
1424
1730
1717
1049
1097
1284
1284
583
1599
1695
1254
1177
1253
1639
1777
986
1429
1683
1733
975
849
1284
1284
1490
1231
1699
1545
1253
1425
1198
1195
1233
1439
1231
1231
1194
1233
1231
1581
1699
950
934
1677
2069
880
2021
1694
1462
1094
1219
1195
1233
1231
1092
1596
1699
1717
1049
1933
1753
1871
1148
1195
1087
1503
1681
1630
1695
1395
1480
2107
1397
2460
2409
1650
1198
1198
1519
1519
1640
1640
2290
2290
2020
2290
1195
1552
1275
1155
1155
1619
1093
1233
1233
1581
1514
1514
1275
1717
1717
998
2069
1254
1475
1476
1273
1581
1254
1447
1232
1195
1195
1514
1581
1381
1172
1427
2125
1275
1488
1487
1699
1693
997
1673
1673
1001
2069
1746
1746
2605
1727
2275
1391
1316
1544
1199
1551
1275
1275
1275
1699
1699
1488
1888
1933
1871
1872
1872
1872
2304
984
1507
1177
985
1219
1199
1416
1499
1048
1724
1000
1805
1155
1660
1172
1233
1888
982
2262
2017
1381
1875
2109
1099
1640
2458
2281
2019
1195
1195
1506
1724
1933
1871
1871
1638
1871
1731
1411
1654
1411
1696
1759
1516
1667
1914
1361
1871
1871
1439
1099
1498
2069
2275
1762
1490
1563
1195
1563
1233
1622
1552
2125
1887
1946
1518
1477
1284
1099
1306
1306
1306
1306
1099
1719
1659
2019
2019
2019
1640
2019
2019
2019
2019
1306
1233
1445
1929
1551
832
1888
1740
1888
1770
1496
1147
1450
1390
1205
1275
1488
1194
1496
2109
1886
2016
997
1724
1684
2107
849
1447
1604
1498
1416
1602
1671
1650
1306
1306
1719
1551
941
1947
1933
1655
1477
1306
1676
1695
985
2019
1640
2458
1640
1233
1977
1544
1306
1912
1638
1872
1872
1872
1738
1738
1640
1640
1563
1518
1490
1869
975
1774
1875
2020
2290
1659
1659
1427
1406
1668
1416
1761
2407
1306
1696
1759
1518
1604
2020
1406
1458
1100
2019
2245
2245
1101
1102
1102
2628
1102
2628
2628
2628
2281
2628
1233
1929
1933
1395
1683
1320
1770
1933
1668
1640
975
2095
2094
2113
2113
2113
2088
2088
2088
2257
2088
2088
2061
2095
2088
2141
2095
2095
2095
2113
2051
1679
2088
2095
2088
2088
2095
2095
2257
2095
2095
1871
1871
1375
1604
1406
1640
1640
1640
2020
1640
1640
2290
2088
2095
2132
2132
2095
1871
2017
1872
2107
1427
2113
2113
2113
2095
2095
1654
1690
1544
1544
2298
2298
1830
1830
1640
976
2113
2088
2088
2132
2096
2095
2125
881
2021
1416
1886
1830
2084
2132
2084
2084
2095
2271
1544
1627
1306
1719
1719
1640
1640
1754
1544
2019
1887
2260
884
2088
2088
2095
2257
884
1679
1679
1395
1659
1640
2290
2132
2653
2653
2353
2353
2353
2353
2195
2088
2132
2084
2095
2095
2113
2132
2353
2653
2353
2045
2316
2095
2353
2653
2584
2240
2240
3499
2353
2256
2256
2256
3499
3499
3499
2353
906
2182
2182
2303
2562
2303
2182
2182
2095
884
2088
2088
2021
1727
1746
2466
2057
2257
2094
2094
2095
3282
3282
2241
3499
1475
1602
1719
2132
2230
3110
3248
2558
2558
2084
2133
2353
2353
2353
2173
2195
2195
2173
2354
2354
2354
2353
2259
2256
2353
983
1873
2304
2304
1758
2353
2084
2095
1929
2084
2045
2094
2366
2258
2327
2021
1947
1729
1544
2353
1640
1640
1640
2353
2084
2045
881
2028
2257
2257
2275
2307
2019
1640
3283
2051
2051
2365
2146
2113
2361
2148
2365
2034
2271
2257
2256
982
2304
2304
2262
2304
2304
1583
2409
2605
1459
2558
2021
2021
1679
1866
1475
1691
2653
2109
1679
1679
2258
2275
1697
1801
3283
2653
3248
3248
3248
3248
2653
2653
2558
2558
2558
2558
3248
3248
3248
3248
3283
3283
2353
2353
2019
2019
2020
2034
2034
2034
2366
1888
1872
1375
2353
1640
2290
1893
2353
3283
3283
1499
1295
2281
2290
1893
2160
906
2040
1746
1777
1775
1654
1359
3248
3248
2653
3248
3248
2019
2052
894
1375
2653
3283
2601
2230
3110
2132
2056
2056
2094
2094
1719
2034
2146
2466
2316
2230
2601
2423
2314
2423
2019
2109
982
1640
1640
1640
2019
2109
1830
2258
2017
2304
1873
1638
2230
1640
2290
2458
894
3283
3248
1604
1761
2019
1661
1718
3283
2019
2258
2230
2458
1830
2436
2290
2316
1872
1690
1869
2290
1641
2290
2290
1776
2303
2259
2258
2327
2256
2558
3283
3248
3248
2458
1830
1893
2182
1678
1516
1802
2319
3248
1544
1760
1773
1296
1296
1773
2290
2290
1776
984
2258
1477
1325
1100
1818
2019
2019
1776
1661
2182
2182
2354
2182
2182
2182
906
2183
2327
2303
2316
2316
1575
1883
1883
1976
3283
1830
2149
2667
887
887
2654
2316
2460
2353
2584
2354
2354
2149
2149
2293
2466
2316
1501
1501
1501
1582
1501
1917
3283
3248
3248
3248
1459
2287
1746
1296
2246
2535
2304
1758
3086
1758
1776
2466
2040
1359
2354
2281
1830
2296
2294
984
2316
2316
2040
2558
2558
3283
3283
2230
1773
2354
2354
1758
1776
1776
2173
2316
2460
3283
3025
895
3248
2558
2558
1826
2304
2304
1309
3248
2558
2558
2558
2558
2488
2296
1641
1746
2316
2258
2316
2307
1802
2558
2230
2237
2458
3165
2938
2938
1758
1758
2938
3165
2938
1758
2304
1746
1678
1654
2089
2089
3414
2537
1802
3283
2245
2182
2316
1667
1579
1579
2136
1808
3114
3039
2787
2307
2460
3248
2281
2605
2460
3248
3248
2230
2295
2423
2327
1667
483
2657
2558
1627
1773
1830
2535
2938
2938
2938
2994
3238
3461
3976
3816
3086
3086
1746
2158
1883
1883
1501
3248
1826
2511
2428
2314
887
1746
2510
2040
3248
1720
1100
2245
2245
1678
2466
1678
2327
2327
2409
1803
1826
1773
2488
2259
2316
2246
2628
2628
2247
2629
2250
2927
2955
3792
3792
2745
2246
1773
2409
3248
2558
1846
2511
2628
2614
2614
4964
2986
2987
2986
2629
2628
2247
2376
2924
2428
2297
2259
2605
2460
2558
2511
1831
3939
3939
3405
1525
1525
1525
3164
3747
3833
3511
3532
3833
3038
2258
3283
1831
2412
3939
1359
1678
3122
3122
3122
3122
3269
2870
4145
3122
3155
3215
3461
3123
3122
1582
2901
1525
2699
3747
1525
3747
3747
2460
1579
2730
2558
2558
3248
3248
2558
1101
1102
1780
482
1667
2319
3081
4234
4208
3666
2876
2876
2376
1826
2460
2558
2412
2628
3122
3086
3242
3122
3122
3299
2994
2994
2994
3086
3122
3122
2937
2937
3242
2938
3122
3122
3122
3264
3460
3460
3300
3506
3654
3463
3463
3795
1728
3037
1914
1682
2558
3025
2376
2091
2938
3086
3086
3086
3122
3122
2258
3122
3248
2488
2628
2628
2628
2628
2628
2407
2076
2025
2535
3279
2937
3238
3238
4014
4145
3185
3394
3395
3395
3814
3814
3815
3993
4014
4117
4124
3584
3086
2182
2466
3122
2301
1682
1516
2089
2515
2240
2240
3086
2938
2994
2938
2937
3215
3122
3122
3122
3122
3198
3663
2230
2628
1773
1780
2601
2294
2994
2994
3110
1827
1773
2938
3215
2303
2616
3122
2515
1903
2628
2628
2628
2628
2628
2070
2995
2601
2298
2616
2327
2259
2930
3283
1327
3238
2040
2259
2558
2376
2423
3514
3845
4258
4202
2993
4116
2991
3979
3335
3122
2142
2628
1102
2628
2423
3299
2327
1945
1582
1830
2627
2841
2667
2667
1101
1297
2562
2994
2616
2562
2562
1834
3248
1827
2327
2258
1827
2628
3025
2472
2942
3582
3816
3215
3122
483
3939
1841
2354
887
2258
2259
2259
2558
3499
3499
3248
1297
895
895
2056
2994
3514
1678
2316
2412
2667
1678
3215
3315
3154
3315
3122
2570
1729
1978
2221
3162
2466
3388
3536
3554
2327
2558
3499
3939
1978
2562
2616
1746
2445
2667
2258
2259
3315
3183
3183
4149
2990
2461
2409
2558
3282
895
2667
3301
2616
2327
2813
2622
2515
1729
2369
2516
2695
3282
2354
2667
1678
2445
2558
3193
2056
2298
1834
2407
1952
1715
2615
2876
2876
2876
2924
2876
2876
2376
2876
2876
2876
895
3554
3794
895
2445
2327
2257
2259
2256
2259
3037
2165
3785
2746
4188
3867
3121
2992
2876
2667
2136
2067
3065
2628
1297
3300
2445
3166
3300
3264
2989
3269
2869
2930
1413
3282
1978
2166
3749
2941
2271
2259
3499
1827
3090
3939
3939
3525
3525
3525
3525
3525
3939
3651
2241
2247
2354
2354
2876
2667
2354
2056
3787
3554
3554
3654
3639
2259
3302
3506
3505
3505
3505
3505
3563
3640
3586
3545
3567
3568
3825
3465
4243
4146
2940
1827
2628
2614
2628
2629
2614
2995
2094
2132
2132
2132
2094
2094
2132
2132
3536
2057
2667
2182
3482
3562
3507
3507
3306
4272
3465
3633
4147
3312
3344
4148
3557
3343
4219
2537
2558
2628
2247
2247
2986
2643
2614
2927
2955
2955
3610
2961
3582
3994
2094
2056
3282
2132
906
1702
2247
2247
2667
2057
3554
2460
1102
2876
2986
2986
3282
2876
2132
2094
2562
2259
3554
2605
2813
2102
3340
3395
3469
3505
3590
3469
3470
3470
3470
3519
3872
3872
3397
4241
4165
3872
3872
3519
3519
3519
3519
3519
3470
3505
3469
3469
2813
2558
2699
2628
2614
2241
2558
2094
2259
906
2640
2870
2869
2067
2876
2132
2095
2095
2094
2094
2259
2941
1976
2614
2614
1102
2614
2643
2643
2745
3070
3499
2942
3499
2271
2257
2445
2986
2434
3193
3499
3499
2132
2256
2271
3654
3795
3463
4218
4218
4259
4259
3398
3399
3933
3775
3588
3655
3654
3563
3562
3562
3563
3505
3562
3562
1914
3270
2760
3193
3599
1849
1104
3499
2094
2094
2256
3654
3459
2142
2721
3499
3499
2256
3499
2094
2353
2353
2085
3795
2445
3402
2629
2993
2615
2626
2289
2256
2256
2445
3522
3522
3522
3505
3522
3562
2813
1682
2869
3414
2124
2986
3927
3499
3499
3499
2445
3654
3506
3507
3469
3505
2124
2353
3600
3640
3562
3198
3097
2250
2643
3654
3426
3496
3002
1109
2643
3522
3922
2369
3090
2250
2986
2485
3555
3585
3394
2643
2643
2626
3117
3555
3990
4241
4226
3989
3568
3310
3851
3344
4186
4147
3600
3640
3640
3661
3587
3341
3668
3772
3669
2461
3183
3939
3239
2643
2643
2927
2496
3070
3795
3463
4218
3875
2445
3314
3585
3545
3341
3306
3470
3507
3470
3507
3632
3470
3305
2987
1109
2573
3640
2930
3556
3505
3505
3505
1767
2986
3175
3555
3606
3346
3607
3470
3616
3617
4889
2685
2685
3658
3097
2640
3482
3616
2869
2841
2841
4242
3622
3267
3641
2067
3414
4180
4124
3777
2310
4126
3623
3306
3567
2537
4124
2992
4085
3463
4218
3314
3770
3505
2870
3939
3463
3463
3569
1414
2986
3576
2987
3645
3081
3090
3576
4139
3590
3505
3345
3158
1579
3939
3576
3576
4226
3047
481
2516
3939
3939
3658
3470
3470
3784
3576
2685
2955
2699
1526
2622
2484
3376
3747
3114
3511
3747
3511
1524
2843
2785
3979
3007
3045
3347
3796
4179
4179
4213
4215
3892
3892
4237
4022
3715
4351
4318
4325
4318
4351
4351
4352
3796
3468
3780
3468
3746
3702
3852
3702
3757
3685
3702
3810
3911
3742
3902
3818
3823
3823
3783
3754
3754
3754
3684
3753
3780
3702
4066
4082
3904
3818
3906
3724
3926
3818
3702
3939
3939
3147
3463
4218
3463
2573
3870
3921
3796
3920
3796
3394
3468
3468
3309
3752
3316
3316
3702
3753
3755
3921
1579
2685
3837
3663
3470
3470
3470
3519
3519
3519
3470
3470
3519
3519
3470
3701
3701
3872
2746
4218
4218
2745
3045
3728
3702
3608
3589
2955
3117
2955
4085
2771
3507
3685
3608
3726
3750
3778
4085
3398
3556
3561
3183
3027
3309
3467
3467
3754
3703
3703
3754
3626
3939
2699
2699
3404
3831
4161
4214
4099
4225
3590
3519
3519
3872
3872
4162
4193
3874
4182
3397
3185
3394
3753
3685
3686
3702
3183
2730
3753
3589
3591
2730
3939
3463
2987
3728
3767
3395
3771
3524
2699
3367
3405
3405
4226
3534
3519
3469
3747
3753
3684
4203
3987
3939
3976
4191
3405
3007
3470
3047
3537
3633
3865
3685
3995
3162
4224
3830
3706
3872
3872
4203
3684
4218
3939
2573
3915
2516
3772
3994
3994
4218
3249
4167
4187
3519
3519
3519
4162
3519
3872
3872
4165
4165
3397
3872
4162
4183
4183
4182
3397
4259
4259
3270
3642
3854
3467
3727
3823
3801
3974
4198
4260
4215
3974
3906
4199
3906
3892
4286
4282
3689
4160
4213
4213
4185
4151
3703
4214
4185
4151
3840
3860
4097
3845
2987
3405
3405
3808
3405
3405
3541
2516
3561
3344
3199
3184
2067
3272
3775
3684
3398
3398
3525
3525
3405
1525
1525
1525
3464
3658
3756
3475
3519
3519
3872
4183
3747
3747
3747
3511
3401
3519
3519
3758
3758
3121
3090
3098
3525
3525
3405
1122
3404
4225
4152
4099
3519
3757
3939
2576
3422
4241
3525
3939
3525
3525
3405
1525
1525
1525
1525
3525
3525
3525
3525
3793
3539
3525
3712
3343
4224
3312
4167
4225
2989
3775
3771
2993
3525
2516
2814
2067
3272
2730
3760
3976
4218
3939
3939
3939
3020
1525
2622
3183
3758
4259
3525
3939
4147
3963
3519
4162
3872
3872
3986
3184
4145
3396
4221
3823
4163
4183
3875
4158
4176
3729
3939
3711
3911
3727
3405
3405
3405
1525
1525
1525
3747
3747
3164
3808
3808
3164
3164
3164
3928
4931
4345
4382
3942
1525
1525
3343
1525
3872
3851
4218
4091
4076
4309
4075
3967
3743
3739
4200
4198
4262
3889
3890
3891
3715
4286
3889
3742
4063
4036
4325
4352
3888
4030
4923
4316
4239
4899
3889
4063
4200
3906
3906
3939
3745
3813
3872
3872
3872
3684
3759
4104
4079
4350
4350
3715
3891
4286
4113
3718
3651
3789
4241
3872
3519
3511
3995
4090
4090
4264
3692
4077
3699
4015
4046
3462
3993
4157
3561
3344
3988
2843
3799
3823
4087
4108
4095
4036
4217
3694
3693
4319
3692
4263
3698
4319
4191
3147
4241
1525
3872
4202
4150
3850
3400
4218
3121
3815
4183
1525
3401
4046
4921
3090
4213
4214
4162
4183
3400
2576
3020
2814
3747
3901
3090
4218
3312
4167
2843
3823
3801
3583
3690
3399
4226
3312
4099
4192
2991
3310
4153
3832
3210
3939
3939
4182
3397
4182
4182
3397
4215
4215
4243
3344
2991
4162
4162
4220
3747
3833
3747
3833
3747
4120
3511
3511
3747
4126
4133
4897
4045
4273
4073
3651
3665
4226
3873
4202
4186
3344
1525
3268
4076
3397
3993
4182
4183
4183
2814
4153
3832
3726
4116
4123
4259
4215
4158
3397
4182
4183
4183
3272
3633
4123
4214
3532
4013
4121
4068
4123
2747
3846
3532
3806
2814
3933
3995
3210
3344
3532
3532
2747
3559
4099
4195
4152
4126
4264
4259
3989
3268
4195
4162
4109
4226
3559
3344
4206
4121
4905
4052
4263
4264
3989
4187
4132
3974
3910
4121
3974
2102
4220
3925
3272
4065
4935
3163
3808
3808
4933
4933
3954
4932
4394
4599
4605
4748
4619
4221
4121
3186
4185
3715
3665
4116
3399
4206
3974
4350
4904
3399
4052
3891
4237
3891
4239
4239
4236
3952
4075
4350
4325
2785
4325
4236
3910
3747
3869
3928
3849
3833
3164
3164
3164
3869
3833
3891
4933
4931
4932
4367
4367
4377
441
3797
3164
3797
2885
4932
3938
3715
3090
4345
3833
4286
4351
4065
2309
3890
4041
4369
3890
4369
4030
3980
3889
4933
3928
4005
4198
4236
4060
4931
4932
4345
2706
4377
4378
3186
4083
3286
4248
4932
4140
3762
3715
3906
4248
4002
3890
4923
4899
4899
4238
3952
4899
4041
4923
3889
4899
4061
4262
4236
4199
4345
3889
4030
4316
4236
4166
4932
4184
4933
3942
4003
4377
3678
3678
4002
4002
4344
4164
4311
4932
4345
4377
4297
4390
2854
4452
4298
4295
4371
4451
4448
4708
4659
4659
4659
4734
4734
4717
4659
4760
4659
4692
4694
4752
4749
4699
4699
4699
4639
4640
4699
4699
4639
4640
4523
4940
4940
4640
1260
4469
4432
4637
4257
4466
1262
4932
4466
4377
4396
4636
4386
4444
4449
4472
4451
4381
4342
4382
4445
4377
4164
4380
4336
4433
4622
4448
4472
4296
4448
4505
4659
4659
4501
4692
4756
4743
4749
4749
4697
4699
4749
4749
4749
4749
4640
4744
4744
4659
4760
4694
4717
4610
4342
4749
4389
4511
4431
4507
4432
4431
4342
4461
4474
4397
4748
4257
4596
4717
4504
4432
4519
4523
4523
4523
4699
4699
4682
4639
4639
4639
4639
4705
4639
4523
4697
4640
4640
4640
4640
4523
4397
4640
4699
4640
4749
4639
4503
4596
4699
4749
4474
4587
1262
4511
4523
4523
4640
4699
4452
1261
4538
4452
4523
4596
4523
4699
4610
4659
4749
4465
4640
4699
4699
4640
4639
4639
4697
4697
4749
4432
4640
4639
4699
4699
4699
4400
4596
4596
4659
4695
4605
4596
4734
4717
4511
4566
4523
4699
4699
4639
4640
4523
4639
4682
4639
4343
4659
4438
4639
4593
4749
4749
4756
4749
4659
4659
4692
4508
4659
4760
4257
4537
4749
4749
4756
4651
4756
4752
4760
4414
4599
4756
4717
4749
4257
4682
4699
4701
4699
4481
4414
4478
4704
4672
4743
4639
4744
4659
4749
4749
4756
4749
4699
4699
4749
4593
4659
4717
4748
4951
4744
4699
4639
4684
4672
4783
4501
4414
4651
4699
4255
4670
4699
4640
4699
4749
4749
4749
4749
4749
4756
4756
4743
4639
4743
4701
4639
4571
4639
4672
4684
4756
4756
4754
4754
4639
4749
4717
4748
4769
4777
4717
4736
4699
4699
4699
4699
4749
4749
4749
4749
4749
4694
4694
4699
4699
4749
4481
4639
4717
4734
4605
4696
4734
4683
4777
4639
4743
4701
4749
4749
4749
4756
4756
4682
4754
4743
4605
4605
4639
4749
4610
4639
4639
4743
4639
4756
4684
4699
4639
4743
4749
4692
4651
4749
4610
4699
4717
4254
4605
4699
4639
4699
4743
4717
4717
4756
4756
4717
4748
4754
4717
4756
4756
4651
4717
4717
4692
4749
4749
4717
4743
4749
4756
4756
4699
4743
4752
4749
4756
4699
4756
4756
4756
4699
4756
4756
4756
366
60
63
4805
63
87
63
62
17
17
195
17
275
275
276
1158
1302
1343
698
698
700
794
700
794
1400
700
700
700
908
700
700
1401
1343
1343
740
1343
1343
700
1352
775
741
698
794
794
794
794
1343
1158
864
4853
1014
1302
864
4854
1401
1401
1343
1302
1343
647
700
698
864
740
676
794
4845
1343
700
700
1401
1343
1343
1302
864
1343
1343
794
794
1343
698
647
4845
4845
1343
1343
700
870
1432
434
870
872
812
1356
812
1284
1355
1284
700
1674
2353
2182
2354
2562
2391
2182
2195
2195
3122
3086
2995
3193
2937
1872
2994
2938
1871
3086
3086
3122
2088
2259
2094
4924
4319
3724
3708
3896
4325
3727
3702
3841
3937
3982
3908
4044
4089
4089
3801
4060
4089
3841
3896
4933
3808
1525
3164
1525
3164
1525
3163
1525
3164
3164
1525
3793
3793
4065
3808
3163
3525
4325
4699
4538
4659
4523
4697
4481
4744
4704
4699
4639
4254
4743
864
1015
1363
1015
1159
1158
1363
1363
2304
1872
3086
1776
3086
2938
3242
2304
1758
2304
3242
2304
3086
1872
3242
3242
3242
3242
3086
1758
2304
1872
3086
3242
3086
3086
3086
2304
2304
2304
3242
3242
3242
3086
2304
1872
3086
3242
2304
3086
1519
2088
2304
2304
2304
