600
537
537
651
211
211
211
456
459
385
207
387
387
529
211
702
725
450
467
736
450
529
600
600
529
600
651
651
656
651
655
651
618
656
651
656
201
201
651
651
618
453
600
651
529
651
197
529
454
517
198
211
530
448
529
600
537
600
651
702
702
449
765
736
736
917
917
917
917
736
736
449
702
702
146
146
537
582
582
600
651
537
651
651
582
4832
611
611
611
529
651
600
651
651
618
702
618
655
651
651
651
453
211
655
702
702
211
651
651
651
651
651
651
618
537
529
600
211
211
702
655
651
651
600
600
529
465
453
418
465
195
10
421
602
215
464
198
461
465
462
600
651
529
529
529
462
655
651
600
600
600
651
651
655
651
702
618
201
651
651
651
651
651
201
651
962
1024
1024
760
651
651
917
537
144
651
537
651
651
651
651
651
618
211
611
529
461
299
461
463
198
528
539
199
539
539
539
539
539
539
536
602
806
541
678
602
391
458
304
215
619
529
537
465
142
142
249
539
651
651
651
651
466
529
211
457
197
651
453
462
529
211
674
211
600
582
600
651
651
674
453
535
462
537
211
618
211
600
537
529
465
304
282
339
280
452
618
651
529
211
655
462
462
618
533
144
760
537
535
674
702
710
618
618
702
651
651
651
618
537
517
702
461
456
142
211
299
348
195
418
674
710
917
710
582
760
211
655
611
211
211
211
655
651
611
211
418
462
211
702
651
651
651
651
651
201
651
651
1024
962
962
962
450
919
651
611
461
448
533
304
304
710
211
419
702
702
533
658
448
407
609
725
536
702
651
144
465
304
211
419
304
146
725
450
736
725
517
702
766
211
528
581
651
201
651
142
336
339
357
389
1477
1296
365
1284
2184
2924
3134
3890
4195
4223
3878
4266
3876
4072
3877
4266
146
609
609
282
651
201
147
339
384
385
336
700
541
716
678
396
700
211
611
611
725
450
450
467
710
211
336
211
450
201
1024
1024
149
725
536
198
464
450
211
198
463
198
760
249
449
725
1024
198
455
450
467
4840
211
211
736
450
736
1024
201
1024
962
962
962
199
385
519
198
200
613
145
198
198
211
528
198
464
521
521
539
539
539
208
391
198
211
528
530
198
10
528
539
459
198
539
200
613
776
807
1277
470
1282
1744
1972
1856
1718
2294
3593
3837
3797
2772
3639
3618
3318
2874
1582
1582
2291
2339
1912
2562
1796
2252
1899
1890
1641
1641
1699
1612
1647
1700
1599
1514
1571
503
503
1494
1318
1707
1926
2336
1998
2372
4861
4983
4976
428
459
199
198
198
198
539
198
528
421
539
528
539
464
539
198
215
215
602
532
208
678
388
387
385
215
385
539
539
539
521
528
215
388
716
215
539
539
215
521
200
216
539
215
387
421
539
539
539
216
387
385
541
817
541
817
1296
215
640
793
4809
4809
4799
4799
4809
793
704
704
575
575
4814
4814
793
4814
838
704
704
575
4814
575
4814
4829
4829
976
976
4794
4801
1033
1048
755
755
1035
1035
1035
1035
1227
1432
1438
1298
913
4948
723
900
1129
1260
1320
640
640
4800
793
793
793
793
793
793
793
689
838
646
646
646
4802
646
648
713
713
713
713
713
713
539
539
539
539
539
539
539
793
793
4814
786
4794
4814
4794
786
4821
4821
4821
627
622
704
688
4796
4814
630
616
739
575
575
686
4829
4829
976
4794
976
1033
1033
971
965
638
528
602
532
603
1482
1003
603
627
4799
706
717
627
627
540
640
793
4809
4799
539
4809
646
678
654
4829
4829
4795
976
575
4814
4814
4829
4794
4829
200
602
817
817
793
713
713
793
713
793
713
713
713
688
712
646
713
759
717
4814
4814
4796
574
4795
539
539
4829
686
574
574
976
4794
4794
976
976
973
669
713
713
793
713
713
713
717
4802
647
691
691
649
649
691
690
539
523
4794
654
713
713
539
200
601
4794
602
660
1294
817
807
540
4795
390
541
817
976
976
532
713
574
660
145
613
976
4802
646
646
4802
690
646
4802
646
691
691
649
649
613
776
696
696
696
390
713
4794
976
1033
660
532
4825
4811
4802
708
4802
613
626
649
691
4802
697
648
4802
690
797
759
712
603
4802
4802
797
739
592
739
613
742
983
727
780
690
649
649
4802
4802
4814
688
660
737
4802
697
1048
1048
646
4802
574
742
670
4810
1032
1032
4802
630
735
603
1295
1048
785
797
645
788
788
647
4821
4794
739
649
759
660
1048
755
684
776
470
696
1691
1892
770
1484
737
1153
773
774
775
768
780
670
4810
145
780
778
783
1048
1048
691
649
691
691
691
734
1048
586
1035
4802
1006
552
4802
691
145
802
802
817
1477
1282
1006
586
4813
637
748
817
1004
1518
1590
1590
985
1590
1398
1835
1835
2004
2169
1851
1925
2039
2527
825
2156
2196
824
1950
2223
691
682
639
755
1035
1035
1035
1048
691
553
909
1480
1176
1298
564
682
909
1217
592
966
966
1505
1130
1360
1056
1133
1497
1555
1385
1842
2179
2130
1067
1068
1068
1184
1441
1441
839
724
915
561
1298
703
909
1409
1129
1233
910
1480
1480
1026
839
1205
839
815
905
1023
1286
1223
4948
568
853
1480
1176
564
964
4951
965
806
852
968
907
1269
862
855
861
1043
1125
1182
935
1183
1846
1689
1854
1752
1268
1658
1180
1304
1260
1320
1035
1035
755
781
569
1269
862
1675
1271
1664
1675
807
1480
4801
973
4801
970
1260
1480
1298
1035
647
647
786
786
647
647
788
647
691
647
689
4802
647
838
4814
780
907
852
726
1003
982
984
1537
639
839
1191
856
1213
817
714
787
789
735
1465
1679
739
1260
720
1003
1213
4821
1440
1586
1503
1260
721
1148
1178
1040
1219
4951
752
562
1480
1003
965
1358
4951
647
647
647
647
647
647
789
970
1007
789
789
798
754
754
754
1056
860
1133
562
644
788
1272
927
1053
1091
1192
1290
1586
789
721
1225
645
1043
892
1139
1180
1143
1331
1665
1215
1338
1338
1506
1895
1728
1728
1888
1845
1865
1073
1073
2954
4996
3123
2447
2783
2855
1085
1086
1850
1728
1331
1137
1103
1108
1260
1287
1287
1176
1223
1200
1140
752
789
789
714
1711
1868
1769
2188
1996
739
1022
993
993
993
1035
1035
990
990
1676
726
1191
1261
1382
1319
1383
1192
1458
955
1200
1103
1168
1143
858
1496
1565
1685
1305
1063
1204
1388
1056
1052
1456
1101
1180
1535
1005
1140
1141
1406
1520
1430
1363
1163
1162
1154
1305
1665
1155
1228
1043
992
911
1009
1194
4951
1525
1304
1107
1183
1129
1141
789
754
1104
1022
1105
857
1178
4951
1525
1212
925
1181
1228
972
592
1110
1359
1478
1180
1408
1237
753
1109
923
1159
727
1129
778
1104
1170
1227
1005
752
1274
1229
927
1062
1153
1153
1005
892
1304
935
1235
754
1587
1477
1765
2182
2917
4230
4130
4317
4348
4347
4400
4304
4344
4344
1105
1105
1234
1112
1173
1219
1035
755
1062
1268
952
892
1702
891
1112
592
1587
807
807
807
1109
1295
563
365
1099
1194
1214
1129
1424
1296
1722
1282
1227
1317
1157
1792
1234
1655
1894
934
1664
1312
1022
754
1656
1064
1697
1338
1203
1005
1142
592
1125
1285
1555
1587
1587
1035
1035
1230
1439
1708
1753
1338
1679
1522
1531
1340
1500
1512
1157
1507
1888
1520
1112
1411
754
4801
1048
4801
993
755
755
4801
1036
1039
1227
1227
1227
1104
1105
1105
1382
1035
1522
1434
1476
1434
1650
1650
1373
1673
1872
754
754
754
1274
1227
1388
1408
1497
873
1218
1585
470
1678
1393
1394
2326
1974
1893
769
1694
1434
1434
1804
1843
1843
1812
2702
506
754
562
755
1259
1345
863
1434
1415
1650
1644
1574
755
755
755
755
755
755
755
755
1765
1282
1227
1637
1679
1559
1735
1218
1434
1804
1436
1404
1627
1335
1226
1129
1146
1417
1676
1271
1504
1676
1765
1765
1130
1560
1535
960
1462
942
1409
1434
470
1502
1418
863
1769
1683
1551
1438
1008
1551
1479
1005
802
1484
775
696
696
470
470
470
1505
1488
1345
1434
1713
1637
952
1231
1488
1517
696
1585
1388
1130
1503
1317
1429
1512
1340
1589
1678
1509
696
1677
1511
1678
1562
1571
1516
1516
1562
604
1607
1518
1522
1381
876
1434
1231
1589
1586
1636
470
470
1585
1502
1532
1644
1089
1536
1560
984
1537
696
1476
1571
1569
1673
1652
1548
1372
1653
1872
1551
1681
1681
1676
1637
1271
1556
1572
1438
1488
1383
1676
1681
1799
1430
470
982
1684
1516
1736
1408
1551
1551
1879
2024
2290
2594
3649
3236
1576
2234
2791
2727
2494
2389
2389
1650
1650
1110
1295
1531
775
1590
985
985
1670
1835
1920
1594
1570
1791
1623
1129
1758
504
1426
1164
984
1590
1571
1659
1659
1652
1684
1575
1879
1577
1849
1563
1518
1403
505
1531
1514
1631
1631
1631
1538
1636
1636
1684
1381
1503
477
1008
1571
1599
1647
1612
1780
2220
1614
1880
1639
1614
1571
1599
1575
1650
1653
1681
1347
1744
1799
1722
1415
1661
1681
1664
1637
1666
2179
1065
1066
1499
1595
1373
1436
1526
1526
1735
1415
1678
1551
1586
1653
1402
1791
1684
1826
1801
1573
1065
1786
1511
1669
1393
1510
1678
1499
727
1651
1683
1573
1531
1571
1374
1568
1146
1382
1426
818
1747
1590
749
1316
1658
1538
1571
1664
1560
1770
1771
1512
1571
1505
1880
1806
1806
1707
1373
1744
1856
1864
1723
1722
1393
1538
1513
1698
1507
1341
1726
502
1726
1670
1372
1878
1813
1158
1538
1636
1701
1008
1740
1653
1657
1870
1784
1586
1553
1766
1561
1575
1703
1697
961
1701
1928
873
1861
1312
1625
1704
2242
2924
1743
1759
1765
1415
1514
1416
937
1880
2224
2181
2180
1068
2131
1315
1972
1646
1316
1561
1720
1922
1505
1841
1785
1646
1268
2292
2165
2334
1827
1157
1341
1514
1513
1698
1975
1833
1641
1641
1514
874
1983
2225
2162
1804
1804
1718
1718
1718
1719
1719
1843
1809
2490
1719
1843
1970
1864
1561
1436
365
1316
1715
1514
1631
1514
1618
1618
1590
1590
1590
1590
985
1590
4844
1825
1827
1415
1561
1596
1631
1631
1631
1631
1631
1631
1648
1640
1631
1631
1699
1631
1631
1631
1699
1699
1558
770
1537
2292
2292
1842
1804
1268
1500
1815
985
1891
1719
1817
1341
985
1835
1624
1972
477
1393
1860
1395
1690
1879
1546
1908
1908
1757
2003
1500
1700
770
1451
2188
1804
1685
1558
1905
1873
1892
1561
1610
1871
2299
1820
770
1879
1879
1590
1881
1971
2282
2282
2133
1512
502
1700
985
1744
1879
769
1745
1507
1507
1342
1845
1341
1631
1700
1647
1749
1767
2192
1619
1402
1718
1804
2314
1692
1507
1611
1780
1648
1648
1900
1900
1648
1642
1909
1902
2228
2338
2389
2782
2291
1903
2523
2782
2338
1643
1643
1643
1374
769
1894
2003
1314
941
1894
1618
1500
1752
824
824
2173
2173
2222
824
2193
824
824
824
824
2193
1955
1955
824
824
824
824
2193
2193
2173
2173
1851
2038
2038
2193
2193
2193
2193
2193
2173
2193
2193
824
1609
2181
1972
2161
1893
1610
1610
1629
1639
1513
1374
2173
2173
2173
2173
824
2224
2334
2181
1646
1066
2193
1851
824
824
824
1924
1804
1686
1395
2881
3578
2414
1397
769
1513
1749
1851
2193
2193
2173
1851
1851
985
985
1824
1725
1416
2057
1835
824
2193
2173
2173
2193
2193
2359
1999
1640
1631
1647
1513
2193
1686
1631
1835
1837
1866
1592
1837
1877
2193
824
824
1867
1853
941
2247
1631
1157
1342
2270
2204
2217
2044
2055
2008
1950
1950
823
2193
2193
2193
769
1955
2217
1950
1950
1945
2037
2193
2270
2215
2849
3097
3059
2526
2526
2526
2526
2526
3027
3027
1950
1968
1961
834
833
2037
2966
833
833
1968
1968
2193
1733
1733
1955
1955
1519
819
2039
2458
2458
2509
2509
2509
2509
2883
2883
2510
2877
1626
1547
2234
2270
2485
2486
2486
2875
2423
2903
2849
2193
2217
2044
2055
2153
2153
2153
2153
3097
1992
1992
2526
2526
823
1687
1300
1793
2279
1793
2043
1793
2279
2173
2193
769
2193
824
1932
2038
2039
1823
2147
3077
1718
2193
1950
502
1698
1698
1687
2173
824
1955
824
824
1284
1719
1631
1750
2427
2222
1851
1591
1851
1920
1851
1851
2057
1877
1851
1852
824
1932
1932
1923
1778
1301
1723
2916
2400
2324
1851
1853
1950
1925
1776
1826
1922
2222
1851
1591
1867
2145
2230
2130
2371
2297
2780
2854
2259
2259
2272
2270
2465
2808
2854
2422
2903
2854
2854
2259
2272
2732
2412
2054
1950
1547
1612
2016
1507
2139
1591
1668
2198
1284
1611
1750
1726
1778
1823
2303
2259
2289
2289
1829
1698
1506
1593
1968
1950
824
1625
2282
4860
1718
2025
2854
2854
2903
2854
2297
1820
1899
2018
2015
2410
2222
2485
2405
2920
2368
2963
2963
2963
2938
2509
2509
1647
2280
1950
2037
2437
2487
3269
2267
1737
2038
1699
501
1641
501
1974
1343
1747
2223
2253
2437
2437
1698
1628
1845
1668
2421
2376
1821
1968
1968
1718
1396
1648
1920
2533
1871
1977
2840
1727
2027
2144
1802
2326
1726
2274
1888
1888
1888
2037
834
833
2526
2509
2143
2754
2525
2776
2776
1727
1300
4993
2145
2037
1843
2302
2272
2422
1821
1781
2234
2234
2234
1896
1896
1728
1855
1688
2191
1576
1620
2220
2330
1576
2026
1895
2035
2033
2033
3204
3109
2033
2033
2033
2033
2153
2153
2153
2033
2033
2033
2033
1945
2033
2160
833
2039
825
2037
1843
1719
1906
2642
3315
2152
2377
2364
3333
3262
2964
2002
2180
2780
2136
2065
2318
2363
3021
1300
2039
1719
1906
1906
1805
1719
1719
2148
2255
2259
2854
2422
2220
2153
819
2234
2287
2042
1793
2279
2279
2042
2043
833
2160
2055
2026
2001
1727
1900
2370
2042
2253
833
2808
2107
2797
2272
2405
2337
2363
2153
1850
1850
2153
2153
2160
2469
2182
2586
2856
2368
2510
2944
2423
2054
2253
2253
2834
2259
2422
2422
2422
2903
1642
1642
1902
2026
500
2252
1729
819
825
2156
1718
1718
2317
2044
2808
2056
1642
1900
2043
2454
2535
2043
2395
2395
2454
2454
2438
2395
2279
3187
369
1718
4855
508
3477
2464
2317
1648
1909
1900
2377
2037
2634
1812
3111
2917
3111
3678
3593
478
2246
2420
2854
1832
1875
1906
1972
2259
2854
2485
2364
3269
825
2381
3264
2474
2533
1781
2234
2405
2305
2515
2454
2447
2455
2448
2503
4084
2992
3902
2394
2394
1705
2939
2156
1811
2642
1718
2854
2614
2287
2920
3366
2153
2153
2924
833
2854
2791
1619
1909
2235
2228
2228
2228
2106
2487
2907
2189
2039
2015
478
1405
2492
1781
1902
1643
833
2056
2298
2794
2650
2842
3316
3316
3266
2948
3430
3430
3430
487
3199
3714
3705
3796
3705
3504
3629
2234
2234
366
1724
2854
2247
2286
2537
3112
3316
2947
2947
3197
488
3199
3705
3300
2842
3019
2758
2830
2650
2393
2252
1862
3269
2377
2161
3187
2423
2486
2304
3307
3636
3011
2601
4109
4109
3824
4154
4234
2027
2156
2422
3007
3307
3011
3446
2033
1887
4867
2619
512
2621
2627
3903
4218
2767
2860
2629
2832
2632
2626
2294
2926
3642
3842
3995
4109
1718
2559
3111
2422
2422
2422
2943
2260
2228
2228
2710
2919
1705
2634
2790
3464
3816
3725
3815
3440
3308
3105
1074
2537
3446
825
2903
2903
2863
1795
4965
4971
4966
4971
2673
2734
2497
2455
2454
2621
2674
2687
4956
2679
2719
2826
3046
2846
2911
2986
3231
3216
3026
1810
2362
2703
3653
2903
2586
2586
2614
1619
2535
2450
2450
2153
2033
2675
2764
4868
2835
2943
2338
2523
2466
2523
2585
1863
2791
2997
2515
1902
2338
2688
2818
3635
4014
3719
3727
3137
2739
3660
4084
4024
2504
2858
2733
2455
2145
2527
2039
833
833
2381
2383
2246
479
2849
2277
2450
2496
2783
2680
2675
825
4979
482
2474
3707
498
2295
2523
2337
2055
2364
2688
2689
2831
3467
2337
2515
2762
2033
2033
2789
2766
2669
2853
497
2402
2523
2295
2668
2393
3021
2920
2033
2144
2037
2144
2633
2781
2368
3096
2160
2144
2037
3467
4871
2682
3250
4121
3887
2662
4136
4125
2738
2825
2629
2037
2323
2340
1910
2523
2782
3269
2747
2681
2360
2420
2836
3322
3322
371
3410
3578
2710
2919
2033
2033
2077
2033
833
2776
2517
2338
2523
2509
2616
3184
3410
3333
3468
2823
2859
2686
1805
3321
2791
2022
2847
2037
2037
2423
3097
2943
2668
2331
2939
3205
2497
4857
825
3322
3417
3213
2847
2628
2993
2628
2691
2807
2890
2927
2795
3502
3688
2939
2692
2696
2458
833
2849
3059
2940
2022
2966
3187
3134
3262
2037
2691
2887
3354
3461
3666
1973
1243
2423
2818
369
2833
3002
3353
376
2475
3482
3235
3476
484
3097
2273
2781
3270
3295
3262
2944
1081
2963
2964
2722
2729
2817
2782
2291
2563
4996
2667
3193
2584
1084
2954
4996
3237
2897
3267
4024
3134
2526
2526
2509
2509
2526
2526
2512
3097
3829
3887
4025
3408
3690
3453
3403
3383
1724
2982
2643
2523
2980
369
2886
3455
2991
2628
2627
3648
2627
2475
2941
2997
1081
3000
2509
2509
2143
2423
3306
3478
3847
3011
3011
3862
3015
2369
2773
3097
2775
2985
3711
2963
2921
2898
3131
2694
2458
2144
3247
3371
3350
3039
3349
3397
3604
4091
3522
4178
4131
4177
3583
2886
2339
1583
2999
2947
1083
2883
2458
2458
2458
2458
2458
2458
2509
2963
2898
2458
2458
3262
2526
3029
3039
3395
3994
4131
4165
3507
3800
3586
3074
2489
507
2510
2724
491
3361
488
3316
2947
2948
2948
2948
3629
3705
3705
3705
3523
3265
3730
2883
2938
2938
2963
2037
2161
3502
2935
3650
2458
2458
2458
3631
2877
3105
491
3382
3440
3237
3193
3333
2458
2509
2037
2509
3066
3353
376
4164
4258
3672
3413
3372
3728
3222
4085
4224
3352
3576
3449
3413
2988
2877
2638
2291
2883
2883
2961
2509
2509
2142
3187
2627
3174
2461
2982
3237
2883
2883
2883
2509
369
3262
3134
2887
481
3112
1903
3316
3316
3316
2948
3429
2948
3240
3318
3488
3502
2883
3246
2526
3002
2461
2999
3193
2543
3059
2883
2509
2526
2509
3303
3481
3335
3739
3148
3905
3338
3734
3041
4091
3697
3684
3328
3036
3030
2184
3706
3321
491
2959
3436
2561
2877
2883
2883
2938
2526
3279
2704
2829
3193
2526
2526
2526
3109
2509
3108
2509
2509
3279
3262
2756
3209
3103
3112
370
3262
2526
2526
369
3347
3070
3371
3280
2491
2828
508
3485
489
3300
3309
2526
2526
2526
2526
3070
3414
3649
2883
3386
3368
2988
482
3457
3015
2948
2919
2893
2509
484
3629
2643
3435
2893
3316
3045
3719
3424
3457
4010
2947
2842
3300
372
3262
2887
3454
3316
2893
3886
4127
3345
3337
3071
3733
3994
4141
3721
4053
4053
3656
4165
3420
3443
3369
3505
3396
3584
3943
3592
4162
3102
3320
2624
3307
3871
3316
3266
2948
2948
2948
2729
3240
3318
3168
3448
3737
3311
3619
3134
3505
3643
3224
3415
3431
3351
3361
3318
3240
3262
3262
3224
371
3371
3649
3300
3883
3345
3584
3586
3554
3590
2362
2829
2948
2948
3705
3705
3639
486
486
3187
3489
2623
3603
2822
371
3886
3940
3619
3247
3433
3283
3746
2975
3197
3163
2998
3396
3466
3520
2655
2735
2555
2555
3429
3638
3637
3602
3584
3424
3636
2948
3883
3638
3370
3622
2948
488
3705
1579
3419
3402
3015
2948
3266
3318
3705
3304
3506
3640
3473
2615
3871
3198
3199
3199
3629
3505
2474
3840
3693
3078
3015
3503
3504
483
3676
3577
2948
2948
3430
3686
3134
3489
4138
3593
2473
4078
4027
1245
4155
3577
3447
3492
3502
3582
3521
3671
3596
3632
3681
4233
3510
3773
3774
4006
3979
4300
4320
3979
4006
3981
3979
4300
3684
3709
3684
3693
3749
4888
3571
4905
3749
3749
3753
3633
3633
3841
3611
3555
4888
4894
4877
3757
3958
3560
3527
4892
3749
3749
3633
4029
3906
3548
3729
3532
3550
3667
3667
3709
3751
3751
3544
3949
3527
4895
3571
3754
3907
3907
3569
3569
3907
3907
3907
3548
4081
4888
3753
3753
2662
4094
3893
3893
3394
3696
3686
3586
3455
3553
3585
3654
3667
3709
3552
3698
3751
3589
3922
3531
3645
3645
3596
3654
3599
3629
3705
3715
3837
3728
3576
3399
3753
3633
3869
3095
3448
3637
3741
3687
2895
3752
3751
3709
3531
3473
3430
3705
3705
3336
2894
2894
3751
3632
3633
2462
3599
2858
3221
4120
3337
2895
482
3672
3684
3698
3646
3633
3634
3547
3745
3649
3705
3704
3688
3623
3535
3596
3781
3782
3671
3372
3378
3609
3899
3739
3461
3611
3555
4893
3752
3706
3549
3550
3645
3634
3340
2644
4024
3198
3920
3621
3556
3329
3869
2596
2998
3594
3618
3629
3718
3652
3496
3549
3720
4090
3699
3702
2625
3794
3618
3582
3594
3721
3697
3547
2974
3705
4169
3587
4893
3992
483
2706
3552
3577
3692
3705
3618
3585
3718
486
3633
3730
3198
3830
3598
3343
3796
3223
3870
3904
3068
3870
3150
4192
3816
3816
1244
4029
3548
3748
4029
4029
3906
3753
4030
3907
3907
3907
3569
3568
4190
4189
4189
3765
4113
3569
3766
3766
3766
4189
4189
4187
4188
3774
4009
3544
3543
4219
4180
4113
3613
3647
4163
3779
3613
4030
4030
2974
2551
3692
3690
3011
2598
3833
3639
3693
3507
3657
2624
4051
3803
3744
3675
2744
4169
3011
4916
4916
3715
4888
3556
3618
3223
3796
4109
4027
3744
3532
3015
3830
4258
3011
3705
3582
4148
3596
3683
3449
3633
3404
3847
4140
3011
3705
3862
3011
4916
3926
3011
3011
3862
4191
4282
3915
3526
3799
3781
2913
4091
3624
2548
4916
3544
3796
3803
3803
4266
3613
3710
2823
3015
4191
3011
3011
3412
3544
3135
3801
3613
487
3011
3011
3074
3683
3377
3320
3426
3041
3042
3748
3548
3548
3548
3900
3900
2741
4011
3011
3844
4214
4214
4886
4134
3749
4916
2601
2601
4109
4268
4109
5000
3926
4118
4196
4200
4346
4307
4313
2601
3836
2598
3678
3741
4883
3963
4281
4322
4895
4895
3562
3759
4877
3566
3987
3769
4877
4877
3568
3568
3568
3568
4190
4190
3769
3762
4237
3774
3762
4877
4877
4877
3988
4877
3988
3959
3959
4336
3539
3981
3981
4327
4336
4336
3959
3769
3762
4885
3762
3763
4238
4238
3772
4283
3767
4190
3766
4190
3568
3569
3757
3907
3907
3949
3916
3508
3826
3674
2975
4879
4879
4008
3945
3969
4315
3956
4299
3982
4336
4330
4300
4237
3774
3541
3957
3952
3992
3862
3743
4193
2657
4143
3949
4228
4228
4334
4334
4326
3964
4034
3945
4015
4016
2742
4089
3743
3726
3891
2644
3613
3729
3729
4878
4226
4881
4157
4074
4879
4015
4881
3978
4004
3512
4226
4006
3518
3949
2742
3716
3898
3836
3826
3901
3746
3647
4093
4084
3601
3665
4109
4071
4288
3998
4004
3963
2554
4120
4219
3826
3041
4228
4258
3891
3746
4121
3136
3866
3657
4230
3548
4030
4030
4030
4030
3557
3043
4174
4177
4026
2991
3892
3903
3880
3341
4178
3713
4118
4103
3819
3147
4188
3510
2741
3867
4112
4179
4109
3824
3824
3824
4068
3746
3824
3073
3729
4001
3512
4288
3963
4118
4129
4212
3816
2931
3656
4109
3719
4287
4173
2915
3151
3780
3342
4141
3548
4030
2625
4217
3543
4129
3942
3607
4140
3780
4141
4185
4112
4154
4113
4082
3729
4122
2820
4071
4154
4155
4230
3880
3775
4159
4179
4144
4130
4130
4219
4147
4163
3782
3783
4162
4030
3773
4176
4142
4026
4144
4167
3644
4293
4132
4180
3880
4093
3784
4318
4334
4322
4334
4177
3868
4165
4030
4187
4233
4187
4082
4216
3339
4086
4165
4223
4118
373
4921
4921
4196
4282
4342
4201
4202
4357
4305
4401
4344
4224
4233
4211
4030
4030
4006
3774
4298
4282
4122
3734
4187
3907
3907
4320
4071
4174
4320
3774
4183
3773
3772
4238
4196
4906
4300
4300
4336
4154
3962
4082
3773
3773
4216
4234
4291
4196
5000
4118
5000
4258
4253
4333
4312
4312
4312
4347
4306
4266
4230
4118
4130
4253
4082
3983
3774
4276
4277
4319
4299
3877
4306
3766
4299
4299
4331
3985
4299
4299
3959
3568
4324
4237
4291
4312
4282
4189
3772
4189
3772
4913
4312
4333
4307
4346
3878
4266
4191
4349
4349
4312
4276
4237
4283
4189
4196
4253
4317
3762
3769
4238
4238
4238
4885
3986
4314
3762
3767
3767
3768
3767
4283
4877
4877
4283
4283
4283
4312
4238
4283
3767
373
4238
4349
4341
4313
4317
4346
4341
4266
4317
4317
373
4324
4201
4348
4349
1247
4348
4312
4341
4346
374
4296
4309
4353
4352
4397
1249
4352
4355
4305
4355
4352
1250
1249
4516
4403
4393
4407
4462
4362
4362
4462
4407
4407
4392
1250
1250
4419
1250
1250
4312
4354
4354
4410
4344
4418
4332
4357
4349
4304
4304
4347
4400
4400
4312
4312
4354
4354
4197
4197
4346
4197
4309
4347
4296
1247
4347
4348
1248
4304
4348
4256
4342
4256
4302
4296
4354
4256
4352
4352
1250
4495
4403
4403
4393
4407
4419
1250
4419
4393
4407
4407
4419
4403
4403
4403
1250
4355
4355
4461
3935
4202
4403
4353
4197
4354
4352
4418
3936
4302
4352
1249
1249
4305
4355
4415
4346
4346
1250
4407
4407
4362
4407
4463
4411
4413
4406
1250
1250
4419
4392
4392
4407
4407
1250
1250
1250
4201
1250
4407
4407
4407
4419
4407
4407
1250
4338
4310
4407
1250
4355
4415
4359
4397
1250
4407
4407
4407
4407
4407
3936
3936
3936
1250
4407
1250
4407
4392
4407
4202
4355
4357
4392
4362
4407
1250
4355
4419
4413
1250
1250
1250
1250
4410
4392
4413
4407
4407
4338
4351
4407
4416
4392
4358
4310
4355
4202
4407
4402
4392
4392
4392
1250
4254
4419
4392
4392
1250
4355
4351
4407
4402
4392
4418
4202
4407
1250
4403
4419
1250
1250
1250
4352
4202
4392
3935
4397
4402
4416
1250
4454
4404
1250
4407
4357
4419
4423
4407
4352
4418
4406
4407
4462
1250
1250
1250
4419
4412
4355
1250
4403
4403
4355
4407
4407
4406
1249
4410
4416
4406
1250
1250
4344
4355
4355
4461
4362
4344
4344
4304
4407
4407
4407
4393
4393
4393
4403
4393
4393
4393
4463
4423
4406
4403
4305
4412
4419
4423
4393
4351
4410
4518
4518
4410
4344
4305
4407
4362
4362
4362
4362
4393
4362
4393
4393
4393
4362
4407
4403
4355
4461
4407
4407
4362
4463
4393
4393
1250
4362
4355
4305
4305
4305
4403
4423
4362
4407
4393
4393
4455
4393
4406
4409
4422
4518
4518
4423
1250
4344
4406
4423
4423
4419
4462
4362
4393
4404
4403
4403
4518
4305
4410
4410
4423
4463
4393
4518
4539
4518
4410
4495
4403
4539
4516
4410
4470
4393
4393
4470
4463
4516
4516
4516
4406
4423
4362
4393
4409
4419
4539
4539
618
1024
609
1024
1024
1024
1024
651
710
917
211
917
917
917
600
655
651
651
651
651
754
755
647
691
691
691
4802
646
1048
1048
713
646
713
647
691
691
1033
1033
1032
4802
691
755
1035
646
1048
713
647
786
647
786
838
755
4801
713
4794
4794
976
691
4794
4801
1048
1048
755
755
688
647
690
789
785
4814
4814
786
691
691
646
1033
1033
755
755
4829
755
793
793
4814
755
691
4829
686
4814
755
755
646
1277
532
470
807
470
1277
1277
1231
1824
1835
2153
2115
1950
2153
2153
2153
2153
2087
2008
1886
2395
2783
2778
2282
2180
2447
2133
2394
2395
4980
4987
2828
2963
3981
4029
3513
4189
3949
3917
3958
3957
3960
3761
4299
3759
4905
3772
3907
3548
4079
3907
4079
3907
4134
3919
4079
3754
3758
3757
3757
4213
3568
3568
4887
4008
4320
3981
4005
4328
4946
3907
3763
4238
4008
3539
3770
3957
3949
4946
4118
5000
4921
2601
3926
3854
3854
4196
2601
3926
3862
3854
3854
4298
4407
4362
4407
4352
4350
1250
4407
1250
1250
4407
4407
1250
1250
4407
4362
3548
3548
974
970
970
4801
970
970
4801
4801
1068
2715
4956
2394
2395
2395
1301
2394
4956
1301
4969
2394
2394
4969
2394
2341
2397
2715
2132
2397
2279
4956
2133
4969
1068
2279
2341
4956
2394
2279
2394
789
1631
1631
1900
3266
2948
3266
