423
135
136
136
454
454
454
454
454
478
136
478
292
445
862
423
423
423
423
423
423
423
423
423
423
423
423
423
423
423
423
423
423
423
423
423
423
423
423
423
423
423
423
423
423
423
423
423
423
423
423
423
423
423
423
136
478
454
411
454
136
478
135
135
135
423
423
423
423
423
423
423
423
423
423
423
423
423
423
423
423
423
136
423
423
423
423
423
423
423
423
423
423
454
423
136
136
136
423
423
423
423
423
423
423
423
423
423
423
423
423
423
423
423
423
423
423
423
423
423
423
423
423
423
423
423
423
423
423
423
423
423
423
423
423
423
423
135
297
303
259
263
277
9
820
888
810
1097
4782
258
479
370
423
423
423
297
136
135
135
423
423
297
423
136
136
423
423
423
423
423
423
423
423
423
423
423
423
423
423
423
423
423
423
423
423
423
136
136
297
135
136
423
423
423
423
423
423
423
423
297
423
136
478
334
343
193
536
204
430
426
495
410
416
437
450
90
332
888
331
257
136
410
91
135
260
257
9
489
467
423
423
423
423
297
423
135
135
395
423
297
354
135
135
423
423
423
136
395
423
423
423
423
423
354
136
493
549
141
423
135
136
296
260
132
337
331
331
303
423
423
423
423
423
423
395
395
478
423
136
423
423
423
454
136
303
423
135
423
423
423
423
423
135
423
423
423
478
136
478
423
411
215
423
337
259
337
423
423
423
423
371
454
136
136
136
478
137
423
136
136
342
395
423
423
423
423
423
423
423
423
423
423
423
423
423
423
478
136
454
454
337
423
262
223
423
423
423
478
454
478
133
293
423
423
423
478
423
291
276
454
9
423
423
423
423
262
478
423
351
262
535
217
423
423
217
313
56
888
325
1374
1374
324
1373
500
1528
1380
2057
2688
3024
3622
381
3510
3450
3519
3859
4244
4280
4177
1344
4124
4040
423
423
423
439
423
423
343
217
9
56
213
9
212
324
1373
963
963
4868
213
4867
454
423
454
454
439
423
423
423
423
423
454
331
136
535
423
423
423
423
423
423
423
423
423
553
493
430
423
470
423
423
214
331
423
423
423
427
423
423
423
423
423
423
573
213
888
419
409
1554
4872
4868
331
262
487
288
817
196
419
268
213
268
549
194
227
473
8
426
417
416
1553
440
1465
1465
1448
1448
1528
1938
2615
3083
2616
3614
2614
3652
3702
3460
3260
3354
3142
2864
1865
1914
1890
1419
1512
1735
1603
1636
1902
3041
3041
3455
3093
3025
2736
2960
2890
888
539
419
480
546
564
485
4867
205
336
4867
199
713
888
416
326
212
1374
4867
56
417
4867
713
444
888
4867
4868
212
332
745
4775
332
888
341
888
496
4866
4867
4868
964
906
4869
1770
918
1109
4805
4805
949
786
994
902
957
917
886
957
865
957
688
957
1111
949
949
949
1114
4822
957
957
4833
886
858
4832
1100
899
899
1100
4850
1499
1485
1064
1485
1062
1062
1064
1086
1303
1293
638
638
1308
1459
1409
1131
1150
1037
1050
1140
1043
1029
1058
1104
957
786
4794
949
4805
786
4805
4805
786
957
1112
1165
949
1113
1113
949
958
944
994
994
786
958
1113
745
579
888
957
911
4832
1100
1100
4969
1431
1313
1338
1338
957
957
957
865
957
910
1089
1089
919
967
865
911
865
4833
685
899
950
999
999
956
956
643
1152
410
332
1374
498
1549
1589
1588
4867
957
786
1113
957
957
957
1374
786
994
994
948
4866
1261
949
810
786
865
919
919
865
858
865
819
4833
4775
414
4867
1375
1377
949
1113
902
994
786
786
994
949
786
957
958
1113
958
909
1113
865
910
865
1089
1089
341
858
865
858
907
919
942
1431
956
961
994
994
994
949
994
958
1112
910
1112
1113
994
944
958
1113
1113
22
858
994
994
281
496
1261
25
950
955
4775
359
4775
450
450
812
1539
994
858
1588
324
1542
1375
91
955
996
82
4868
1089
810
4866
4866
915
1113
958
1113
958
1113
1113
1113
1113
1113
958
1404
1553
1553
1553
1568
1465
1465
1611
810
786
950
950
955
498
812
453
436
934
1113
1113
958
1261
870
1113
1113
944
359
1553
1553
1553
788
944
910
1113
963
958
1236
1242
1300
1371
1016
873
498
1588
4875
1729
1557
958
944
1113
958
910
910
910
1555
1553
811
934
812
1064
1113
22
1557
968
1006
1064
910
1176
1133
963
1886
711
1176
1299
1325
1398
1313
1313
1313
4872
967
1113
414
871
956
969
1320
1553
1553
1553
1559
1559
925
1126
1126
1126
1729
1553
924
1728
1728
925
1557
996
1588
996
1176
1674
1674
4875
1063
1064
1113
958
1113
1134
1134
1134
1299
956
712
1308
712
997
1055
1033
1236
1134
1557
1754
1729
450
499
499
1528
450
964
1047
1038
1035
906
1886
1829
1825
1825
973
973
973
973
1920
1934
2131
2131
2131
2131
2291
2444
2375
2977
2377
2377
3022
2301
2301
2301
2301
2255
2301
1112
1112
1128
1371
1038
1439
1154
1509
1063
1063
1320
1555
1057
1039
1017
1007
1059
1066
1121
1179
1183
1148
1259
1069
1526
1396
1180
1180
1075
1024
1969
2352
531
2543
1173
1092
1533
1393
1049
648
1140
641
1011
1010
1300
1187
1368
1091
1121
1091
1039
1039
1047
1149
1567
645
1044
1011
1179
1623
1051
1674
1230
1184
1185
1014
1228
1033
1153
643
441
446
1271
1225
1071
1412
1772
1077
1310
1257
1333
1266
1297
2103
1943
2006
1853
1365
1803
1196
1196
1333
1044
1161
1361
638
1293
1555
1230
1535
1077
1823
1078
1980
1821
441
1184
4830
1435
1447
1447
1032
1042
1007
1086
1299
1313
1241
1326
4971
1299
1134
1134
1134
1134
912
924
1230
1333
1674
1817
4875
4875
1126
1588
1251
645
1178
1291
1291
1358
1398
1456
1398
1320
1412
1294
1300
1158
1129
1817
1588
1729
1091
1819
1800
1104
1290
1073
1157
1037
1305
1161
712
1248
1553
1553
1148
1059
1132
1305
1307
638
1313
1313
4971
1313
1338
1456
1398
1456
1398
1271
1398
1301
1440
1437
1008
1310
1311
1191
1313
1257
1333
1257
1257
1272
1258
1186
1186
1227
1151
1313
1322
1195
1521
1317
1198
1277
1486
1639
1201
2337
1391
2397
1795
2138
2138
2719
2818
3114
3114
2918
2978
4890
3114
3114
4886
2836
2579
1221
1222
1461
1267
1398
1289
1407
1488
1292
1081
1413
1232
1242
1358
1398
1408
1315
1239
1952
1398
1406
1440
1440
1441
1443
638
638
1310
1407
1804
1298
1694
1699
1520
1336
1082
1815
1413
1267
1223
1553
1364
1283
1332
1776
1849
1331
1226
1604
1381
1564
1719
1082
1257
1557
1277
1263
1321
1279
1334
1281
1288
1286
1486
1553
1553
1197
1283
1323
1312
1083
1083
1372
1180
1105
1161
1237
1317
1716
1716
1040
1243
1406
1525
1463
1509
1310
642
1154
1355
1195
1069
1311
1295
1281
1440
1520
1372
1060
1195
1365
1364
1266
1296
1081
1081
1553
1553
4875
1312
1447
1359
1074
1012
1328
1031
1301
1263
1387
1195
1521
1553
1559
1553
1566
1511
1297
1074
1311
964
1938
2892
1343
4233
4229
4211
4257
4304
4279
4407
4534
4704
4704
4735
1161
1154
1266
1268
1278
1192
638
1815
1196
1401
1534
1946
1917
1371
1717
1372
500
1464
1542
1593
503
1789
1380
1327
1484
1081
1511
1689
1786
1994
1020
1316
1200
1842
1888
1414
1370
1808
1337
1078
1440
1593
1486
1719
1080
1803
1334
1591
1776
1268
1337
1395
1250
1509
1443
1196
1815
1925
1928
1284
1535
1487
1279
1959
1959
2397
1425
1804
1394
1441
1441
1001
1447
1441
1441
1437
1437
1443
1438
1458
1458
1269
1314
639
1314
1807
1250
1081
1428
1489
1524
1515
1667
1755
1453
1723
1732
1455
502
1437
1387
1269
1388
640
1076
1458
1475
1448
1702
1467
1855
1939
1657
1657
1126
1126
1126
1515
1871
2283
1881
2651
3094
2571
3026
3172
1370
1439
1572
1486
1384
1075
1544
1620
1885
1493
1724
1441
638
1443
1441
638
638
638
1382
1001
1382
502
1341
1458
1396
1547
1584
1632
1460
1813
1931
1957
2436
2689
2762
1523
1803
1538
1146
1634
1076
1462
1717
1938
1527
1094
1748
1772
1925
1748
1748
1334
1092
1448
1464
1464
1465
1569
1562
1315
1516
1387
1815
1537
1023
1281
1566
932
1553
1465
1465
1553
1554
1553
1464
1533
1541
1541
1465
1562
1592
1239
1023
1729
1559
1559
1419
1611
1489
1669
1546
1623
1488
1574
1550
1403
1559
1561
1561
1582
1540
925
925
1736
1419
1707
1630
1656
1817
1825
1817
2353
1370
1445
1780
1882
1559
1553
1541
1069
1096
1539
1464
1524
1569
1426
1670
1318
1414
1821
1847
1798
1126
1677
522
1760
1685
1679
1731
1452
1492
1722
1618
1831
1653
1622
1544
1822
1823
1928
1591
1019
1610
1763
1418
1743
1769
1772
1611
1829
1637
1637
1687
1813
1801
1401
1545
1653
1966
2451
2725
3346
3304
1684
2461
1648
3112
2897
1516
1240
2105
1495
973
1920
1820
1920
1934
1934
1612
1696
1710
1709
1076
1781
1817
4875
1590
973
2353
1493
1987
1762
1585
1680
1761
2004
2115
1586
1078
1825
2760
1518
1238
1926
1906
1906
1908
1890
1095
1621
1668
1721
1685
1807
1574
1534
1798
1705
2462
1707
1782
1925
1892
1949
1451
1622
1991
1147
1993
2007
1776
377
1702
1755
1622
1698
1686
1769
1852
1365
2076
1790
925
1126
2104
1617
1454
1681
1613
1094
1543
1638
1490
1490
1653
1740
1714
1840
1871
1723
2085
2882
1672
1726
1925
1943
1560
925
1561
933
1753
1126
1715
1613
523
1927
1490
1833
1829
1734
1240
2526
1830
1830
2511
973
973
1781
1744
1802
1943
521
1704
1969
1239
1836
2007
1970
1858
1784
2293
1782
2413
1761
1872
2355
1342
3015
2365
1926
1927
2263
1995
1424
1995
1995
1820
1798
1025
1882
1700
1866
1825
1936
1928
1867
2526
1993
1902
1811
1850
1714
2003
1843
1691
1936
378
1818
1620
973
973
1823
1834
2002
1830
1826
2661
3622
378
1826
1687
1883
1691
1798
1825
2245
1854
1971
531
4993
2412
1454
1810
1802
1758
2106
2008
1885
1867
524
2260
1869
1843
2059
1853
1839
2400
2073
1742
1802
1842
2009
2422
2710
518
1808
2073
1953
2502
528
4888
1870
504
2934
3083
2517
3094
3094
506
2652
3436
3503
3290
2517
3094
2055
1787
2064
1619
1380
2057
1937
932
1859
1890
1491
973
973
973
973
2104
973
1777
1745
1490
1490
2064
1906
1907
1909
2060
1860
2060
2062
2393
1912
1126
1928
1126
1126
973
973
1923
2292
1992
1979
1927
1126
1798
1930
1687
1687
1423
973
1893
1823
1873
1785
1753
1750
1903
1816
2008
2207
2294
1785
2064
2116
973
2245
1839
1954
2120
1958
2607
933
1959
1960
2421
2404
2404
1126
1469
1642
1923
2401
2730
531
2731
2870
1976
1976
1798
1993
933
1965
2103
1981
1981
2138
1909
2121
1986
2524
1651
1965
2518
2934
1811
2206
1856
1996
2758
2950
1960
1126
1839
1947
2005
2134
973
2291
2332
1846
2118
2349
2301
2349
2349
2349
2131
2301
2301
2301
2301
2301
2349
2349
2382
2301
2301
2301
2301
2301
2349
2301
2349
2291
2291
2291
2349
2349
2349
2349
2301
2301
2301
973
2074
2400
2751
2284
933
2344
1862
2249
2349
2349
2349
2349
2349
2301
2400
2400
1027
1971
1842
2010
2301
2291
2291
2301
2002
2744
2520
1940
1941
2490
2235
2107
1893
1893
1402
1079
2291
2349
2349
2291
2349
973
973
973
2596
1845
1920
1920
1893
2349
2349
2349
2349
2301
2860
2247
1939
1912
2118
2349
2304
1920
973
2291
973
2255
2255
2301
2301
2301
973
973
2291
2291
2444
2084
1912
2066
1856
1857
2349
2041
2041
2041
2331
2382
2382
2349
2131
2349
2349
2349
2349
2382
2041
2382
2382
2255
2349
2382
2349
2272
2038
2109
2267
2267
2267
2373
2373
2373
2386
2402
2267
2382
2382
2255
2255
3231
2111
3230
3231
2382
2382
2255
2349
973
973
2255
973
973
2596
2667
2649
2372
3039
3039
2371
2386
2386
2386
2386
2386
981
2267
2425
2602
1845
2289
1934
2123
2274
2274
2288
2288
2272
2349
2349
2041
2042
2382
2331
2331
2079
2038
2111
2267
2373
2977
2349
2391
1203
2442
2347
2347
2382
2349
1893
2349
2382
2301
2301
2301
2558
3033
2291
985
2407
2809
3083
2349
1796
1796
1796
1796
2349
2382
2444
2301
2255
2382
2301
2301
2301
2301
2301
2281
1580
2118
2289
2291
2291
2291
1920
2005
1920
1920
1920
2291
1920
2131
2301
2301
2301
2301
2301
2301
2301
2301
2301
2301
2570
2570
4981
3241
388
3802
1944
2272
2291
2291
2301
2291
2301
2084
2448
1846
2460
2291
1920
2291
2291
2382
2281
2671
2882
1947
2041
983
983
983
2274
2274
2042
983
2272
2288
2288
2288
983
2274
2274
2274
2274
983
2300
2241
1861
2327
2263
1920
2131
1920
2291
1972
531
2599
526
2300
2067
2363
1203
2300
2300
983
1942
2361
2382
1209
2263
1920
2382
2255
2301
2708
2730
3083
2861
2092
983
2288
2300
2300
2041
2131
1726
2301
2284
2041
1934
2123
2276
2406
2878
2386
2389
2386
2371
2371
1920
1933
2558
2301
1920
2131
1934
1934
2275
2275
2263
1920
2255
2066
2418
1863
1473
2138
1660
2382
2301
2457
2289
1934
2123
2251
1208
2131
1826
2300
926
2410
1962
1727
1482
2609
1750
1920
2934
1934
1209
2235
2528
1747
2781
2600
1903
926
2528
1795
1795
1221
2255
3231
3244
2977
2977
1519
2300
2274
2274
2274
2422
1203
2382
985
2255
2487
3139
2447
2300
983
983
2454
1650
1650
2916
2908
2908
2579
2429
2455
2466
2412
3196
2829
1846
2335
2833
2393
2593
2255
2255
2255
2331
2331
2331
2331
2255
2331
2331
2331
2240
2241
2255
2255
2241
2255
2255
2255
2172
3231
3033
3061
2808
2255
3094
3094
506
3511
3652
1934
2107
2235
2493
3249
2879
1934
2487
2729
2041
2272
2331
1472
1934
2107
2363
2669
3094
3094
2862
2745
2862
2906
2274
2274
2274
983
2524
1934
1934
2382
2707
2294
2677
1392
2675
1203
2808
2255
2255
2331
2527
1934
976
1934
2125
2108
2108
2442
2255
3022
2272
2272
2274
2274
1934
1934
1650
1919
2331
2593
2255
2255
2487
506
3070
2892
1934
2274
2380
2298
2288
2265
1967
1934
2229
2255
3041
3371
983
2288
983
2272
2288
2952
1934
2579
2979
986
2977
3231
2862
3083
2274
2272
983
2038
2637
4890
4890
2591
2642
2589
2593
3035
2497
3083
2600
3240
3746
527
2829
2274
1934
2108
2241
2660
2872
506
506
506
3704
3688
2612
2613
2614
3427
3303
3704
2274
1863
3071
2616
2274
2288
983
2108
2123
2275
2657
3061
3246
2812
3653
2272
2409
2295
2295
1219
2886
4890
2787
2643
2841
2645
2646
2838
2661
2657
506
2632
3358
2274
1941
2123
2123
2389
2241
2290
3007
2255
3210
2135
2604
2123
2667
2658
2597
3061
506
506
3189
2612
2451
2908
2638
3022
2678
517
2700
3339
3176
3468
2696
3469
2776
2908
3241
2288
2288
2725
2678
2699
3268
3339
3201
3175
2767
2702
2702
2770
3048
2123
2541
2660
3024
2660
2265
2274
2409
2775
3352
2746
2716
3891
4214
4213
3892
3061
3156
2274
2636
2726
2724
2634
2711
2241
2742
2987
2987
2741
2961
2734
2734
3445
3399
4087
2961
3398
3363
2926
2849
3398
3639
3092
3424
3482
2614
3699
2748
4028
3358
3513
4000
2288
2288
2288
2274
2664
2908
2813
3446
3482
3027
3181
3727
2683
3293
3295
3055
3046
2702
2451
3156
2265
2527
2678
2784
2790
2795
2839
2740
2910
2787
2838
2799
2738
2784
2786
2850
2839
2839
2739
2984
2803
3154
2801
3125
2804
2807
3601
3407
2649
3211
3497
3702
2814
3488
3797
2272
2276
3038
2665
2786
2787
2331
2240
2868
2986
3153
2791
3172
3438
2274
2864
1684
2896
2885
2818
2123
2786
2643
3099
2959
3012
2844
3694
4068
3995
3409
2925
2802
2932
2793
3231
3058
2799
3231
3231
3478
2810
2632
3171
2989
2109
2038
2880
4890
4890
2784
2986
2977
2960
3652
3652
2952
2834
2276
2108
2108
2786
2600
2274
3304
4890
4890
2931
2172
2172
2331
2738
3513
2772
2700
2935
4886
2235
2740
2331
3231
3231
3231
3244
3092
2298
2916
2850
3080
2977
3231
3231
2772
2691
2108
2918
3073
4114
3076
2958
4175
2924
2925
2996
3034
3093
516
2787
2926
1827
3026
2763
2636
2937
2089
2495
2706
2492
3115
2981
2070
4890
2331
2070
2649
2274
2274
2678
3039
3173
2276
2541
2541
3439
2847
3040
3363
2734
2711
2552
3114
2541
2977
3231
2265
2265
2267
2265
2692
2386
2276
2386
2386
2917
3006
2974
3114
2658
2800
3090
3356
2985
3090
3398
2749
2763
2772
3481
2993
2746
2802
3021
3039
2977
3398
2109
2267
2274
2991
2111
2172
3007
3423
3423
2493
3214
3356
3609
4056
2285
2752
3490
2298
2917
2705
3118
2331
3212
3212
3852
3303
3488
3682
3027
3498
3440
3798
3727
2038
2896
2493
2657
2966
3249
3092
3114
2386
2819
3479
2942
3044
3048
3046
3048
3055
3050
3055
3048
3055
3055
1217
3057
2386
3059
3459
2657
3063
2977
3039
2373
2373
2371
2977
2977
3446
2265
3404
3735
3073
4114
3074
3078
3073
2922
2956
3595
3999
3512
2942
3122
3251
3089
2804
4069
2985
3239
3504
3639
2745
2298
2835
3098
3099
2372
2977
3240
2109
2772
3104
3106
3835
3835
3834
3109
4061
3429
2702
2038
2038
2605
3009
2939
2386
2386
3272
2807
3208
3195
2372
3230
3138
3126
3288
3287
3349
3370
3417
3417
4025
3283
3282
4043
3390
2803
3174
3191
2506
2386
2386
2386
2371
2386
2386
2386
2386
2386
2386
2371
3208
2372
3264
2804
3086
3426
3161
3411
4141
4053
4192
3868
3170
3381
3380
2733
2601
2109
2770
3269
3270
3367
514
2697
3866
2957
2841
2386
2386
2386
2386
3231
2977
3999
3365
4897
2493
2939
3154
2371
2386
3230
3639
2267
3050
3269
3269
3050
3050
3050
3056
2705
2386
3059
2977
3160
381
3331
3213
3316
3486
3216
3983
4065
4071
4091
3740
3345
3224
3595
2893
1647
2918
2386
981
3059
2977
3230
2977
381
2734
2734
3504
1343
3046
3050
2386
2402
2386
2386
2386
3063
3249
3326
3316
2873
3141
3372
3506
2298
2841
2495
2373
2371
2977
3175
1212
3318
2267
2386
2373
2386
2373
3121
3430
3601
3633
4082
3650
3218
3221
3695
3463
3431
3426
3289
2997
3682
2814
3817
2087
3057
2918
3057
2038
2386
2386
2267
2267
2371
3160
3704
3173
2267
2403
2373
2267
2267
2386
2386
2267
2267
2267
2373
2371
2371
381
3423
3425
3614
2957
3647
3459
2386
3374
2373
2373
3063
3120
3287
3302
2805
3024
3356
3239
3239
3291
3203
2770
3202
3269
2402
2402
2403
3264
2805
3827
3447
3121
3650
3287
3702
3364
3360
2386
3498
3261
3614
3359
2495
3011
3456
2940
3368
2767
2767
3202
2937
3192
3425
3316
3662
3202
3373
3264
3449
3519
3425
3378
3651
3982
4043
4131
3134
4105
4059
4150
4148
3277
3378
3327
3162
3391
3130
3391
3418
3695
3415
3627
3399
3104
3182
3178
512
2835
3060
3690
3409
3063
3120
3379
3411
3461
3462
3416
3330
3625
3662
3270
2992
3430
3510
382
3415
3519
3126
2613
3339
3407
3519
3130
3414
3163
3161
3816
3852
3648
3484
3798
3373
381
3444
3502
3718
3192
3519
382
3471
3389
3453
3418
4116
3902
3871
3320
3293
3481
3471
3413
3395
3464
3459
3270
3078
3270
3369
3602
3348
3413
3239
2962
3407
3369
3434
3498
3338
3481
3356
3028
3467
3641
3473
3798
3797
3462
2962
2936
3466
3420
3413
3686
3731
3731
3504
3364
3320
3476
509
3416
3335
3458
3603
3444
383
3512
2749
4028
2718
2915
3270
2992
1647
3634
3521
3738
3723
3800
4135
4123
4067
3812
3777
3529
3986
4051
4051
4051
4051
4051
4940
3529
3495
3432
3487
3543
3643
3638
3571
3552
3683
3638
3569
3654
3654
3654
3610
3523
3673
3619
3553
4914
3573
3887
3811
3692
3681
3638
3638
3638
3805
3654
3805
3805
3963
3610
3540
3656
3522
3169
3623
3541
3673
3680
3825
3681
3692
3568
3661
3646
3720
3646
3646
3629
3659
3628
3720
3629
3784
3784
3658
3542
3673
3638
3638
3597
3346
2937
3407
3408
3722
3451
3869
3604
3623
3869
3169
3495
3414
3285
3638
3463
2614
3638
3572
3572
3738
3739
3429
3982
3810
3345
3223
3011
3654
3705
3813
3318
2806
3633
3226
3452
3541
3541
3541
3286
3399
3819
2682
3477
3523
3541
3168
3654
3747
3648
3352
3476
3642
3521
3215
3496
3496
3384
3656
3654
3610
3540
2712
3860
3475
3716
3673
3487
3606
4126
4085
3674
2845
4068
3633
3215
3694
3572
3800
3638
3798
3611
3999
3540
3572
3395
3514
3292
3518
2766
3619
3732
3606
3605
3181
2746
3796
3715
510
4043
3607
3611
3611
3709
4073
3871
2712
2723
3407
3795
3520
3668
3686
3709
3610
3735
3696
3843
3683
3683
3603
3871
3687
3735
3736
3713
381
3652
3851
3726
3805
4097
3408
3615
4052
4131
4091
3741
4101
3675
3741
4082
4033
4039
4022
4121
3805
3569
3638
3805
3569
3569
3784
3784
3818
3719
3719
3646
3566
4003
3964
4186
3526
3786
3386
4106
3787
4036
3566
3876
4186
3661
3661
4123
4176
4123
3812
3672
3672
3387
4104
3903
3656
3620
4140
3903
3610
4024
3865
4032
3074
3467
3807
4021
3795
3096
3701
3843
3135
3733
2843
4124
3872
3454
3805
3881
3106
3106
3822
3889
3833
3683
3619
3714
3983
3901
4215
3222
2920
3655
3442
3600
4084
3808
3494
3714
4086
4055
3961
3705
3791
3597
3508
3867
3867
3980
3980
3834
3794
3106
3838
3835
3835
3980
3834
3834
3981
3109
3981
4042
4042
3835
3670
3826
4158
4126
3746
3133
3569
3984
4020
3864
4124
3444
4273
3748
3656
3903
3602
3483
3721
3980
3806
3524
4107
2765
3612
3470
3867
3834
4054
3810
3827
3362
3709
3814
4120
3569
3569
3805
3878
3878
4018
2848
3670
3110
3692
3613
3683
3638
3569
3810
3700
3836
3836
3838
4062
3598
4199
4275
4332
4326
4326
3899
3899
4054
3845
3284
4035
3575
3576
3985
4146
3985
3692
3679
3644
3553
4915
4933
3547
4152
4914
3757
3789
3964
4901
3766
3767
3773
4207
3776
3776
4901
4901
4914
3583
4918
4909
3811
4066
4051
3882
4051
4206
3886
3773
3933
4207
3776
4152
4152
4151
3964
3964
4932
3848
4036
3660
3660
3680
3692
4086
3870
3132
3705
3888
3560
3577
3560
3913
4921
3885
3885
3913
4206
3776
3776
3691
3811
3680
3442
4061
3280
4021
2959
3692
3778
3842
3778
3778
4051
4051
3985
3576
3979
3979
3575
2846
3091
3278
3844
3222
4072
3805
3728
3728
3979
3842
3576
3576
3575
3841
4051
4004
3985
3576
3778
3778
3985
4146
3691
3996
3279
2683
3870
3733
3962
3384
3726
4026
3074
3743
3801
3576
3882
3576
3576
2922
4027
3620
3734
3221
3791
3832
2920
2750
3721
4026
4043
2750
3568
3706
3658
3728
3805
4112
3825
4157
3630
3745
3998
4090
3845
4060
3133
3888
383
3109
3109
4037
4064
3633
3785
3785
4100
3844
3741
4065
3836
4948
4948
3708
2716
3217
3903
3576
3985
3985
4936
384
4061
4041
3651
2846
3076
3678
3836
3740
4078
4101
4064
4116
3899
3165
3873
3805
3784
3997
4129
3792
4037
3676
3676
3508
4094
3134
2645
3708
4058
4125
3783
3385
4156
4113
4085
4185
4214
4204
4204
3744
3778
4119
4148
4215
4214
4942
4024
4135
4148
3165
3383
4126
3855
3576
4051
3677
4134
4117
4133
3744
4150
3784
2924
3742
3382
4104
4070
3385
3985
3985
4051
4051
4051
4034
4191
3874
3134
4106
3786
4127
4001
4001
384
3745
3744
3283
4084
4042
385
3840
3980
4947
4317
4260
4333
4336
4737
4735
4737
4737
4737
4183
2923
4116
4177
3784
3385
4051
4206
3778
4038
4098
4070
3386
4106
4106
4051
4042
4092
3567
3777
3528
4066
3527
3527
4317
3529
3913
3529
4127
4939
3529
3526
3526
4176
4942
4160
4182
4948
3598
3838
3840
3840
4276
4583
4633
4352
4597
4285
4174
3892
4257
3840
4182
4229
4204
4199
4276
3661
3529
4206
4945
4276
4062
4905
4905
4040
4238
4003
4206
4206
4207
4207
3775
3885
4003
4946
4257
3775
3776
4163
4216
4217
386
4176
4176
4153
4151
4182
4276
4199
4276
4652
4315
4326
4483
4238
3853
4315
4196
4165
4161
4167
4486
4231
3894
386
4244
4932
385
4571
4257
4320
3773
3583
3774
4919
3774
3776
4211
3773
3581
3585
3589
3580
4933
3957
3957
1346
4353
3584
3584
3589
3589
4286
4276
4258
4313
4280
4270
4259
4413
4270
4318
4315
4320
4320
4228
1346
4276
4337
4310
3895
4583
3895
4162
4495
4350
4406
4333
4388
4279
4333
4583
4583
4683
4450
4760
4760
4713
4772
4770
4760
4772
4772
4772
4770
2504
2504
2145
2145
2505
2145
2505
2505
2505
2505
2145
2505
2505
2505
2146
2145
2145
2145
2145
2145
4486
4583
4732
4760
4737
4735
4737
4582
4404
4582
4239
4583
4760
4474
4583
4583
4583
4615
4727
4773
4388
4583
4615
4583
4615
4583
4279
4639
4409
4534
4388
4279
4434
4615
4727
4727
4727
4760
4773
4772
4770
4770
2504
2504
2504
2220
2220
2145
2505
2145
2145
2145
2145
2145
2145
2145
2145
2145
2145
2299
2504
2945
4760
4752
4490
2145
4615
4708
4490
4752
4772
4682
4338
4773
4773
4760
4760
4760
4772
4760
4773
4411
2145
2505
2146
2505
2505
2505
2505
2145
2145
2145
2145
2145
2145
2145
2145
2505
2145
2145
2145
2299
2145
2146
2145
2145
2145
2299
2145
4350
2145
2299
2505
2505
2145
2145
2145
2145
4737
2505
2145
2145
4770
4534
4704
2145
2145
2145
2505
2145
2505
2146
2505
4341
4582
4773
2145
2505
4772
2145
4417
2505
2146
4772
2505
2299
2299
2145
2299
2505
2145
2299
2145
2145
2145
2145
2145
2505
4772
4737
2145
2145
2145
2145
4760
4760
4760
4737
4713
2145
4760
4760
4760
4760
4713
4490
4772
2145
2299
2145
2145
2145
4760
2145
2299
2145
2299
2145
4737
4770
4417
4579
4772
2145
2145
2145
2145
2504
2145
2299
4760
4770
4579
4588
4772
4772
4737
4735
2145
2504
2504
2504
4772
2145
2505
2299
2145
4772
2505
4706
2145
2145
2145
2145
2505
4450
2299
2299
2299
2145
2145
2145
2145
2145
2145
2145
2504
4772
2505
2505
2299
4770
4760
4760
4737
2145
2145
2145
2505
4704
2145
2504
2145
2504
2505
4735
4735
4704
2145
2145
2145
2145
2505
2505
2145
2145
2145
2145
2145
2145
2145
4704
2145
2145
2145
2504
2145
2145
4737
4737
2504
2504
4706
4737
2505
2505
2145
2145
2505
2505
2145
2145
2505
2145
4735
2504
2504
2505
2145
2505
2145
2145
2504
2504
2504
2504
4737
4735
4760
2145
2145
2145
2145
2145
2145
2145
2504
2145
4737
2145
2145
4760
4760
4760
2145
4737
2145
2145
2145
2145
2145
2145
2220
2145
2145
2220
2504
2504
4737
4760
4760
4760
4760
2145
2145
2145
2145
2145
2145
2145
4760
2145
2504
4737
2145
4760
2220
2504
2504
4760
2504
2504
2145
2145
2504
2145
2220
2504
2504
2145
2145
2145
2220
2505
2145
2504
2220
2504
2504
2145
2505
423
423
423
423
423
423
423
423
423
423
423
423
478
135
423
423
423
423
423
423
1441
1134
1175
1112
1112
1113
919
1062
1062
1113
944
944
1174
1113
1113
955
633
956
1113
1134
1175
1086
1303
1382
958
1382
994
994
1174
4971
1174
1169
1001
1441
4850
1100
4801
4850
1437
4825
1430
1064
1064
1303
1303
1303
1174
944
1172
910
1193
1169
1099
638
1134
949
4836
1447
1436
1302
899
1306
911
1166
949
1441
1113
4833
4833
858
1112
1302
1303
1542
1373
1542
450
499
1448
1465
1464
1539
1465
1464
1465
4869
2104
973
2331
2382
2331
2240
2331
2240
2240
2382
2927
3114
3114
3114
2795
4895
2742
4890
4891
4976
2642
2891
2868
2870
2123
3055
2386
3566
3638
3638
3979
3629
3691
3811
3555
4208
3921
3885
3542
4109
3818
3569
3706
3569
3684
3684
3569
3568
3684
3553
3616
3573
3646
3596
3964
4095
3542
3979
3979
3979
3559
3985
3569
3568
3527
3577
4921
4909
3636
3638
3110
4182
4947
3836
3980
3835
3598
3849
3834
3109
3834
3835
4051
2145
2145
2505
2505
4770
2505
2145
2505
2145
2505
2299
2505
2505
4770
2145
2145
4735
2145
3805
3805
1456
1456
1456
1456
1447
1447
1244
1397
1437
2795
2347
4885
2530
2442
2778
4976
2789
4993
2783
2797
2530
2822
2790
2789
4975
4987
4993
4985
4991
4991
2783
4991
423
423
423
423
