205
315
4807
4807
62
56
88
132
233
271
308
651
668
718
18
19
20
20
239
4819
4819
4819
79
353
90
169
242
4819
238
239
23
239
198
198
119
78
169
225
119
54
32
205
92
214
3
107
334
203
300
67
316
12
336
44
95
91
111
91
121
23
121
28
239
23
116
91
91
91
20
13
31
31
21
64
241
225
198
239
31
21
59
59
59
59
59
56
83
170
350
70
121
240
95
70
95
81
44
77
93
93
19
18
44
95
83
120
126
125
121
70
263
241
83
115
76
81
96
115
170
353
263
299
314
352
103
152
4863
4864
1378
1589
382
771
452
340
90
54
198
92
80
299
172
96
136
136
32
299
92
126
4818
198
4818
23
239
239
28
136
28
239
31
21
239
21
28
28
125
263
139
263
29
170
126
4818
28
198
179
234
163
176
340
377
380
618
481
623
1144
1143
1589
1589
384
766
649
895
458
157
370
1144
66
172
456
701
359
136
119
211
211
238
95
20
234
163
4818
89
314
113
135
91
18
32
315
194
136
66
91
163
228
306
572
477
96
198
299
275
482
656
471
625
194
125
23
111
221
5
91
96
322
21
21
21
172
313
316
245
240
121
28
56
119
125
117
125
233
91
262
455
159
103
103
461
121
121
225
21
101
59
56
88
61
3
180
334
3
180
111
88
256
21
938
214
27
21
21
239
31
21
31
21
4819
21
117
32
21
59
163
335
65
132
448
104
240
455
103
91
64
62
62
6
456
117
20
91
56
4807
452
91
59
214
461
116
121
121
190
149
4819
116
369
366
316
27
460
458
153
1188
1263
1263
1481
3755
3755
3755
4030
4349
4349
4349
4349
4349
4349
3663
4349
293
4429
4289
4264
4264
4265
4389
4429
91
204
4807
139
27
452
104
104
706
706
627
1188
627
1280
706
153
56
88
203
62
62
132
771
4819
4819
4819
4819
4809
59
233
461
560
28
239
771
91
31
373
4863
4819
6
694
717
239
4819
21
4819
4819
152
20
4819
239
367
23
116
4819
239
174
21
21
239
239
471
625
149
4862
1611
3201
627
626
477
572
382
717
561
695
620
479
621
4862
626
572
458
1144
738
1611
1860
1266
1481
1572
2526
2679
389
3867
3738
3024
3757
3189
3572
3107
3083
3083
3083
3083
3083
1716
1716
1588
1310
1106
437
2768
2500
2665
2674
3074
2957
2671
574
4862
694
380
380
765
657
627
153
913
857
1144
1180
765
765
627
684
717
669
631
384
1143
669
1371
1144
1378
1378
1589
911
4864
1264
1323
1264
1323
954
546
715
742
546
970
1127
1127
741
703
898
4861
4861
1049
1049
4835
960
1122
1122
1128
1258
847
812
512
1191
830
1057
4659
4659
4482
4659
4659
546
721
721
884
721
929
721
709
742
929
676
1144
726
757
1133
4854
1133
1108
703
741
705
719
767
807
703
603
703
703
4861
951
831
1122
1140
1142
280
3152
1154
3450
3105
715
929
715
741
705
662
1378
742
709
603
720
741
1127
703
1144
1589
4864
1263
709
721
709
721
715
929
929
929
715
757
4862
1138
4861
767
754
951
709
884
715
929
929
676
929
676
676
884
676
676
767
709
709
738
4862
1589
754
725
4864
766
1264
1264
1382
709
1369
766
1263
1264
554
951
1264
929
929
1589
1589
757
929
929
929
676
884
884
929
929
884
929
721
1611
2405
2014
2014
2014
2014
2014
929
929
4861
1188
627
1143
767
929
676
738
767
721
884
884
929
929
1589
884
721
884
1110
929
3105
884
929
1166
1166
1072
1332
1072
958
958
3219
3601
3522
3201
649
884
929
929
929
676
936
1860
1589
929
767
958
1369
929
1378
3521
829
754
929
929
1166
1166
1264
1154
506
924
1110
1108
1109
1138
970
1166
1072
929
1143
951
958
924
727
2405
2320
2902
2902
3816
3734
2015
2405
3734
3734
2902
925
3105
829
924
3200
3105
3527
3536
506
902
929
929
884
929
929
1166
958
831
929
1166
830
1140
1110
929
3441
3734
1264
1263
1374
1481
515
848
1072
958
957
1263
2683
3450
295
295
4042
4014
4014
4014
3226
4042
4042
3000
295
295
295
295
295
295
295
295
295
3656
3553
3553
295
929
929
1072
1332
983
1163
1122
948
1122
676
1166
831
1455
4482
847
847
512
1057
812
1072
812
1096
1175
1030
1640
1175
894
4692
4773
1365
1052
815
866
818
1246
1246
1346
1246
820
1224
872
4745
4501
4501
4501
3478
3502
1419
4482
4482
4482
841
1300
518
901
853
847
845
1072
1174
4482
4719
4655
1419
1176
1455
1695
1409
1056
1260
1057
1545
518
840
928
812
1365
1098
1191
830
1093
1094
1483
1409
1545
1384
831
1122
831
1357
1611
1094
1094
1094
1036
1445
1096
1093
1093
866
866
1360
1247
1224
820
4561
1341
4561
4742
4742
1836
1828
1354
1116
1115
1538
1384
948
983
1166
3601
1174
1175
1341
891
891
1340
1501
1338
1341
4690
1341
1611
1547
755
755
4659
4482
1411
812
1122
1138
1133
1110
1045
929
929
1127
2405
1418
1093
3527
3450
3450
3883
3105
1072
1332
518
1032
1052
1032
1264
1255
1109
1109
1046
1046
1046
1174
1418
4482
1072
4659
1030
3450
3450
2903
1046
4482
4779
4692
4659
4659
1052
1191
1191
1140
1122
1122
1255
1096
847
1175
518
512
1122
1128
983
1127
1046
1046
1046
1046
1109
1279
888
1046
1046
1046
1059
1275
1096
1115
1052
847
1138
1036
1115
1093
1093
1115
1547
4482
1109
1093
1055
1191
1108
1175
1116
1836
1145
1116
1105
1948
2023
2023
2023
3122
3466
3159
3123
3122
3122
3392
3122
3156
3286
3286
3286
3328
3328
3328
3328
3390
3388
3159
3123
3391
3391
3405
3328
3328
3328
3328
3156
3405
3393
3156
3156
3123
1836
2023
1118
1109
4659
1051
1053
3450
812
1098
1418
2023
1253
1109
1279
1046
1279
1145
821
1639
821
4561
1046
1332
1275
1163
983
1115
1219
1344
1441
1365
518
4659
4779
1412
1447
1260
1115
1352
1351
1418
1118
1116
1611
1116
1090
1225
1042
1713
1150
1116
1094
1260
1412
1033
1093
1036
1353
1079
1418
2903
2023
1179
1071
1716
1685
1822
1824
1090
2023
1860
1145
1948
1095
2020
866
1059
1145
1206
847
1098
1115
893
1116
1116
1149
1148
4659
4482
1279
1279
1332
1332
1275
983
1122
866
1191
1122
1122
1122
1174
1175
1116
1246
2253
1165
1072
1447
1627
512
2023
1836
1116
866
1275
1145
1036
1353
1948
3536
1059
510
1332
818
512
1122
3353
4482
1273
1225
512
1836
1116
2320
1676
1150
1148
820
865
1095
1323
1761
388
3661
4240
4287
4077
4294
4294
4294
4294
4294
4077
293
293
1258
1122
1122
1948
1260
1260
1200
948
983
1354
1633
1836
894
4755
4690
4755
3536
1095
1332
1041
1374
1382
1323
2683
1154
3755
812
812
1062
1822
4482
1572
1572
2683
1572
1384
2023
1685
3156
3405
3122
3123
1418
869
1150
869
1275
1222
1222
818
1501
4561
1275
1482
1826
1815
4479
3122
1685
1151
1139
1332
818
818
1246
818
1246
1104
869
1122
983
983
1353
1231
1711
1711
2023
1945
1029
1734
1824
1824
3204
3204
3222
3156
3156
1151
3450
1260
1338
1277
959
4846
1275
1252
1275
1275
1122
1417
1332
1128
1260
1332
1275
1122
1122
1122
812
4692
1122
1716
1639
1308
1560
1481
1579
1844
2239
1234
1243
2349
1275
1572
1191
1412
1258
818
818
1501
1501
1128
1560
1560
3346
2654
3087
3087
3091
3091
3442
1572
1911
2157
2606
2961
3005
3168
1275
1454
1319
1836
989
1202
1481
1308
1521
2123
3346
1275
1163
882
983
1572
1572
1128
1305
1824
1716
1448
1139
1128
1572
1705
1857
3004
847
1836
4482
4655
1308
1128
1338
1338
818
1246
1246
1346
1346
1338
1246
1575
2388
1441
4692
1351
1445
1711
1231
1824
4482
4482
1860
2014
1481
1218
1338
1246
2011
1579
1572
1098
894
1572
2683
1822
3441
3734
2014
2950
2014
2014
2014
894
3436
1448
1447
1453
1685
3441
2902
1734
1308
1412
944
4692
4692
2023
1685
1824
1685
3436
3087
3346
3436
1734
1716
1101
1101
1734
3450
295
3450
1154
1447
1627
1151
4692
2902
4482
4719
1211
1860
2014
1308
3346
1088
1106
944
1710
4755
4719
3883
3816
989
1888
1720
1211
1414
1916
998
1521
1416
1616
2123
2011
1345
1346
1345
1246
1246
891
1341
1341
1088
4692
3436
1412
1501
1346
1346
1525
1042
1824
2014
3450
1119
1119
1068
2683
3346
1781
2919
2877
3398
3264
1468
2864
2864
3572
3572
3380
1844
821
2683
1690
3883
289
4042
289
4014
3091
4938
3883
4655
1720
1092
4482
1501
1346
1088
1154
2023
288
289
3450
4482
2855
2328
1119
1101
1119
1521
2877
2877
1321
1346
3755
1298
4779
1139
1690
3083
1690
4482
998
1916
1234
1235
4692
1111
3204
3346
1720
2811
2811
3083
1234
1836
1720
1720
1720
1661
1844
1394
1423
4655
1627
1453
1453
3755
1888
1397
1501
818
1345
1450
1482
441
4479
3160
2902
3816
289
2239
1119
1054
4692
4692
1375
3346
3346
4482
1401
1394
1705
1214
1347
2257
2023
4479
3469
1694
3436
3087
3087
3734
2247
4779
1248
1836
3346
1720
4719
1525
1501
4692
821
3755
3846
295
1042
3755
1685
1711
1716
2364
1104
4692
1627
440
4887
1690
4655
821
2526
2157
1690
894
1761
2526
3755
3661
3755
1690
3204
3204
3204
3286
3286
3286
3286
3286
3286
1690
289
4719
1341
1375
1375
1824
1694
3450
891
4561
1341
1246
1341
1224
4745
3755
1083
2050
3204
1244
3087
1694
891
4692
3755
1836
3000
891
4561
4630
4769
4477
4561
4692
4030
4030
4030
4349
3846
4030
2683
1836
2328
289
891
891
4745
1043
441
441
441
3478
3478
3159
2023
3156
3156
1690
2247
2855
2855
1341
4561
1214
2257
2023
2855
4745
3478
4501
441
3087
3286
3156
3156
3083
3083
2967
2967
3083
2742
4561
441
440
2767
440
1761
389
388
3806
3623
2700
3806
1375
1408
2855
3755
1406
3156
3734
3083
2742
2247
289
3000
4042
4042
295
1178
1875
2930
3083
3083
3083
3083
3083
3083
3083
3083
3083
3083
3083
3083
3083
3083
3442
1341
3091
289
295
4745
4745
3159
1294
1836
3204
1711
1341
4769
1857
3286
3286
4014
4014
4014
4630
1761
2698
2526
3087
3087
2757
2855
2811
2844
2855
2526
3204
2742
289
289
821
441
1682
3204
1341
1789
3436
2919
3083
3083
3083
2967
3083
3442
440
2877
4042
440
4888
4888
441
2671
3204
3204
3204
3204
3286
289
1682
1694
3091
1694
3286
3286
3286
3286
3156
3156
3083
3083
2811
2855
2811
2811
2811
3091
3415
388
3755
3286
3286
2742
3083
3083
3083
3083
4014
441
2919
1697
4630
4561
2161
3204
3204
3553
295
3000
3000
3000
3000
3553
3656
3656
295
3553
3656
3553
3553
3656
3656
3553
3656
3553
3000
3000
3000
3553
3656
3553
3656
3656
3553
3656
3656
295
441
388
3851
4146
2855
3083
2745
3286
2967
3553
3656
3656
3656
3656
3656
4630
441
441
441
3156
3466
3553
3656
3000
3656
3656
3159
4876
3545
4229
4938
4938
3091
3204
4742
3000
3553
4630
3000
3656
3656
4042
3846
3755
2855
4014
4014
3000
3000
3000
3000
3553
2930
3083
3083
3204
3204
3204
3000
1876
3083
3656
4042
3000
4014
4014
3553
295
3656
295
3657
295
295
4561
2855
3083
3156
3156
3156
3156
3656
3656
3656
3656
285
3553
3553
3553
3656
4042
3656
3000
3000
3656
285
3758
3758
3553
3553
295
3656
3656
3656
3656
3657
3657
3657
3657
4204
3657
4204
4204
4204
4204
3657
3657
3657
3657
3553
3553
3553
3553
295
3225
3225
295
3553
3553
3553
4030
3657
3553
4030
295
4030
4030
4205
4204
3657
3657
3657
3657
3657
3657
3657
3657
3657
4876
2844
3083
4042
3226
3226
3226
3226
3226
3226
3656
3758
3758
285
3553
3553
3553
3225
3225
3657
3225
3225
3225
4204
3553
3159
3478
3443
3443
3443
3503
3443
3553
3656
4014
3091
3553
295
295
295
295
295
4745
2700
2663
3553
3204
3286
3204
3286
3286
3466
3656
3553
3656
3553
295
3553
4030
441
3083
3083
4063
3286
3000
3000
3000
4938
3000
4014
3657
3657
3226
3226
295
3656
3656
295
4745
3478
3478
3478
3755
3661
4030
3758
3469
3000
3000
3478
295
3478
1756
2844
3758
3000
3156
4014
3000
295
3160
441
2959
2877
4042
4040
4040
4040
3226
3226
3226
3656
4040
3226
286
3226
4040
3226
3226
3226
3226
3226
4040
4042
3656
3553
3553
2855
285
3657
4042
3657
3000
440
441
2498
4042
3286
2967
3122
3159
3553
4042
4042
4040
2877
2855
3553
3286
3286
3469
3478
3000
3553
3553
3478
4030
2671
4888
2679
2930
4040
4040
4040
3758
4040
2745
4042
3405
3657
3755
3758
3553
3226
3226
3226
3657
3657
4030
4030
3657
3657
3657
3657
3657
3657
3553
3656
4042
3226
3226
4349
4042
3286
4014
3553
2967
2855
3091
3405
3122
3159
295
295
4476
3226
3226
2745
3286
3286
3159
295
4040
4229
2811
3083
3478
295
388
3087
295
4042
2967
4229
3286
3286
3156
295
2671
3545
3286
3222
3156
3286
3156
3156
3156
3392
3553
295
3225
3225
3225
3225
2961
3656
3226
3226
2877
3091
3159
3553
295
295
295
3396
3517
4042
4040
3545
2844
3572
2811
2864
2864
2864
2864
3156
3156
3156
3478
3478
3478
295
2676
2919
2877
3380
2844
3159
3123
3392
3553
295
3225
3225
3225
3657
3225
3225
3225
3225
3225
3225
3225
3553
3656
3225
3225
295
295
295
3877
3669
3226
4938
4071
4071
4071
4349
4349
4349
4938
2671
2679
3656
3656
3553
3554
3091
4938
3159
295
295
3867
3759
3226
3226
3226
3226
2811
3553
295
2844
3156
3156
3405
3392
3503
3159
3122
3159
3159
3159
295
295
3661
3656
4229
3226
4938
3159
3159
3478
295
295
3226
3554
3226
3226
3226
2811
3656
3656
3392
3392
3392
3553
3553
3661
3226
3226
3226
3226
3226
3226
3226
2877
3226
3478
3478
3168
3585
4292
3226
3226
4040
4292
3083
3156
3156
4030
295
295
3168
3226
3554
3554
3554
3122
3122
3123
3391
3122
3123
3392
3392
3159
3503
3392
3392
3159
3159
3392
3123
3159
3503
4030
4349
2665
3479
4184
2667
4183
3918
3917
3656
3083
3656
4030
2681
2648
3661
3982
3973
3973
3808
3818
4040
4292
391
3226
3226
3226
4071
4349
4349
295
3670
2964
3398
2811
2864
3226
3405
3405
3391
3391
3120
3159
3159
3159
3471
3565
4255
3528
3478
4030
4030
295
3796
3226
3545
3226
4349
4349
3553
4030
295
3226
2864
3083
3226
4030
4030
295
3661
2679
3226
3398
2864
3391
295
2967
2967
3107
3401
2889
3791
3802
3070
2864
2864
3661
3226
3226
2877
2967
3401
3107
3107
3149
2967
2967
3340
3340
4071
4071
4030
4030
3226
3226
2967
3481
3089
3973
4070
4419
295
3226
3398
3481
3398
4030
3074
3074
2957
2957
2957
2957
2957
3479
3479
3479
3859
3859
4243
2957
2957
3582
3526
3526
3470
3479
3479
3479
2665
3759
3738
3973
3894
4068
3661
4033
3226
3226
3226
3226
3226
3554
3380
3405
391
3585
3005
2702
4183
4223
4223
3073
3834
3108
3108
3340
2967
2967
2967
3625
2679
3226
3625
3226
2955
2957
3543
3543
3526
3478
3159
3443
3478
3543
2957
2957
3478
3526
3478
3543
3543
3526
3749
3595
3126
3338
3685
3741
4323
3741
3905
3640
3961
3975
3226
3226
3340
3572
3478
3478
3478
3478
3225
2957
3543
295
2957
2957
3085
3226
3083
2877
3572
3447
3070
3328
3478
3125
3160
3125
3470
4362
4299
3128
3809
3460
3458
3457
4041
3471
3125
3478
3225
295
4030
295
3661
3877
389
3879
3226
3443
3159
3120
3405
3478
3526
2957
2955
2957
3074
3575
3226
2811
3656
4071
3478
3159
3226
2877
2811
3343
3405
3405
3405
3526
3225
3225
2957
3808
2648
2967
3133
3083
3328
4071
4071
3225
295
295
295
295
2957
3479
3226
3133
3478
3471
295
295
3226
2877
3160
3124
3388
3913
3834
3465
3971
4243
4362
4041
3225
3479
3814
4349
3526
3538
3640
3903
4229
4071
4071
4071
4071
4071
3225
3225
3225
3225
3225
3168
3226
3226
3398
3226
4071
4349
3124
3565
3333
295
3126
3127
3625
3447
3328
3225
4349
3225
3225
295
3225
3225
3226
3657
3226
3447
4349
3657
4030
3391
3392
3159
3126
4071
3657
3225
3126
3127
3127
3127
3479
3479
3959
3006
3133
3486
2779
3894
4030
3338
4030
295
295
2957
3657
3657
3226
3225
3225
3225
4349
4349
4349
4071
295
3127
3127
4362
4201
3661
3982
3226
3226
3466
4349
4071
3749
3225
4264
4264
4264
3818
2702
3005
4182
2887
3872
4160
3226
3447
4071
4030
4349
4349
3538
1467
3405
3226
3657
3225
2500
3380
2925
3328
3340
2967
3340
3340
3340
3340
3328
3328
3328
3328
3595
4021
4148
4030
4349
4349
3225
4204
3657
4204
3225
3225
3226
3499
2746
5005
3907
3254
3403
3328
3125
4030
3661
3903
3226
3328
3577
4030
3337
3338
3809
3582
3127
3859
3479
3479
3808
3447
2925
3388
3595
3749
3657
3657
3225
3226
1467
3089
3089
3089
3089
4071
2967
3572
3225
3225
4071
4071
3657
4071
3164
3671
3685
3685
4071
3225
3749
3746
3789
3870
3847
3695
3848
3800
3848
3800
3778
3952
3673
3856
3819
3337
3264
3083
4408
4071
3657
3657
3657
3657
3657
3657
3657
3657
3657
3657
3164
4205
4349
4349
4349
4071
3225
3747
3710
3847
3842
3948
4281
3855
3995
3995
3842
3479
3818
3917
2655
2967
3149
3041
3401
3401
3791
2884
4223
3465
3412
3657
3657
3657
3226
3225
3749
3264
2967
2967
4071
4205
3657
3657
3657
3661
3572
2967
2967
3041
2967
2967
3108
3226
2967
2967
2967
4071
3657
3671
3225
3337
4264
4264
4389
4264
4389
4349
4349
3127
4211
3460
4127
4236
3820
4276
4185
3810
3460
4211
2967
1468
3894
2967
3657
3657
3657
4205
4204
3225
4030
4030
3859
3890
3661
3226
2967
3657
3657
3657
3657
3657
4349
4349
4349
4349
3225
4349
4264
3975
3107
3401
3572
3802
3657
3413
4071
3741
4204
3225
1467
2925
3328
3657
4204
3657
3657
4204
4204
3225
3823
3743
3130
3161
3742
3672
4263
4297
3949
3800
4902
4902
3685
3746
3970
3661
3961
4279
2967
3390
3328
3328
3572
3657
3657
3657
3657
3657
3225
4204
4204
3809
3818
3918
3108
3657
3657
3657
3657
3657
4204
3225
3657
3657
3225
3225
3657
3657
3657
3823
4349
4349
4349
3785
3388
3401
4071
3657
4349
4349
4204
4204
4349
4349
4349
3753
3823
3789
3789
4264
4389
4265
3479
3479
3814
4184
3107
3107
4268
3657
3657
4204
3657
3711
3747
3711
3657
3163
3857
3337
3625
3089
3380
3741
4182
3802
2655
3401
3127
4053
3982
3089
3107
3041
3107
4071
4349
3882
3961
3401
4349
4349
3663
3663
4349
3672
3896
3896
3673
4048
3800
4905
4282
4272
4272
4028
3857
3857
3753
3819
3752
3799
3841
3882
3882
3709
3695
3859
3127
2655
3612
3412
3572
3572
4021
4314
3743
4030
3819
3819
4211
3695
3848
3870
4185
3881
4044
3814
3041
3189
4071
4349
4349
4349
3857
3539
3672
3810
3264
3107
3671
3787
3841
4902
3697
3787
3848
3882
3661
3574
4270
4071
4030
4349
4349
3127
3310
3465
4071
4349
4349
3663
3842
3752
3787
4044
3890
4191
3249
3041
3486
3189
3752
3710
3695
4044
3917
4041
3041
3108
3041
3163
3130
3819
3787
3480
3625
4071
4219
3870
3918
3401
1468
3879
4071
4071
3746
3970
4182
3801
4183
3465
3041
2925
3787
3787
3994
2702
4223
4223
4183
3089
3802
4185
4044
3859
3401
3024
4349
4389
4349
4349
4349
3750
3973
3973
4070
2655
4148
1468
3780
4902
3689
3715
4147
4206
4366
4365
4921
4131
4178
4178
4260
4260
4178
4178
4178
4178
4178
4260
4178
4906
3689
3689
3718
3689
3550
4901
4928
4928
4140
3701
3720
3720
3720
3720
4901
4085
4150
4130
4918
4081
4104
4131
4167
4166
4901
3720
3720
3720
3720
3720
3720
3720
4909
4909
3719
4086
3718
3689
3720
3720
4167
4156
4156
4167
4915
4915
4899
3700
3700
4100
4101
4140
4444
4444
4444
4081
4099
4091
4091
4099
4091
4099
4895
4099
4928
3661
3720
3882
3089
4071
4071
3130
3161
4349
3688
3698
3728
3995
4020
4019
4906
4905
3920
4905
4901
3800
3959
4901
4901
4086
3718
4020
3412
3802
4028
3698
3810
4185
4053
3720
3720
4185
3918
3161
3904
2790
3488
4901
3701
4901
3719
3879
3848
3574
3163
2885
4901
3694
4098
4279
2746
3458
3742
3672
3688
3127
3719
4164
4164
3719
3928
3720
3930
4909
4279
3481
2790
3488
4085
3717
4020
3716
4911
4065
3460
3460
4217
4316
3128
3128
4897
4087
4150
4897
3719
4240
3721
4901
3848
3709
3089
4218
4150
4927
4085
3809
4183
4223
3481
1468
3959
3189
3856
3024
3959
4905
3719
4905
4029
3768
3898
3500
4284
3481
3188
3024
4164
3800
3720
3720
3663
3855
4924
4150
4168
4185
2884
4242
4223
3800
2746
3401
3488
4147
2884
4223
4895
3456
3494
4071
3855
4233
4224
4224
3810
3463
3460
4225
3904
4223
4223
4242
4303
2667
3840
2793
4070
4895
4895
3720
3720
3720
3720
3720
3720
3720
3720
3720
4099
4099
4091
4099
4099
4101
4444
4095
4918
4407
4136
4135
4137
4093
4109
4109
4442
4111
4407
4407
4091
4091
4110
4247
3682
4178
4364
4151
4206
3941
3724
4098
4909
4064
4117
4914
4098
4098
3700
3537
5005
3041
4068
3481
3894
3056
3976
4357
3128
4192
4429
4429
3694
4909
3720
3742
3089
4068
3959
3716
4167
3810
4291
4009
4044
4029
4303
4909
3403
3089
4286
4389
2790
3731
4206
4019
3886
4223
3720
3089
4349
4349
4389
3089
3089
4068
3089
3089
4294
3663
4423
4167
4062
3842
3997
4192
3898
3949
3720
3781
4062
2887
4287
4429
4266
4429
4282
4909
3724
3161
4071
3663
3089
4349
3089
4389
4303
3834
3456
4210
4028
4028
3810
3477
4029
4044
3461
3720
3720
4895
4895
4315
3161
4302
4219
4169
4349
4246
4130
4104
4928
3720
3701
4068
4392
4392
4294
4294
4423
4077
293
4429
4429
1156
2791
3859
4926
4153
4178
4178
4178
4178
4178
4169
4915
4915
4131
4136
4915
4131
4084
4173
4133
4134
4103
4103
4133
4108
4399
4174
4174
4178
4178
4174
4081
4918
4083
4134
4193
4083
4084
4194
4194
4178
4153
4155
4174
4178
4178
4178
4178
4193
4174
4174
4174
4174
4174
4174
4084
4193
4894
4360
4108
4133
4449
4134
4103
4442
4103
4900
4100
4099
4099
4169
4167
3995
4905
4905
3720
4172
4153
4153
4153
4153
4178
4178
4178
4178
4178
4174
4174
4178
4178
4174
4169
4153
4155
4153
4156
4071
4286
3963
3965
3456
4153
4153
4153
4178
4178
4178
4178
4178
4178
4178
4155
4153
4155
4310
4362
4020
4287
4070
3723
4895
3720
3699
4155
4168
4153
4153
4153
4178
4247
4153
4178
4153
4178
4178
4178
4178
4178
4178
4178
3161
3663
4349
3586
4224
4290
3859
4909
3949
3333
4217
3459
4243
4297
4178
4178
3781
3904
3886
3800
3949
4155
4349
4389
3907
293
2746
3663
3904
3855
4070
4099
4099
4119
4098
4895
4895
4167
4155
3673
3948
4263
4028
4201
4310
4202
4281
4164
4168
3663
4286
3089
3458
3162
4316
4404
4206
4302
4302
4080
4161
4392
3514
4068
3948
4119
4155
4153
4178
4178
4178
4286
4286
4294
4315
4258
3896
3837
4272
4276
4178
4298
4225
4225
1156
3953
3952
3952
4895
4120
4362
3782
4152
4349
3459
3162
4389
3953
4202
4202
4241
4911
4350
4093
4119
4120
3977
4049
3767
4070
4287
4281
4155
4241
4349
4274
1156
4375
4914
4122
4281
4282
4099
4178
4364
4263
4048
4898
3779
4309
3953
4099
3333
4276
4910
3724
4297
4913
4178
4178
4178
4178
4403
4309
3514
4202
4431
4109
4116
4089
4093
4241
3963
3673
3948
4265
4286
4423
4423
4294
4077
4423
4077
293
293
293
293
293
293
293
4423
4375
4287
3948
4099
3700
3941
4178
4178
4178
4423
4241
3822
3935
4117
4099
4091
4089
4101
4178
3663
3822
4093
4178
4178
4178
4178
4194
4193
4084
4287
4178
4260
4174
4443
4178
4178
4919
4136
4194
4415
4442
4419
4294
4433
4294
4392
4423
4455
4455
4455
4433
4294
4389
4294
4419
4294
4294
1156
1156
4455
4091
4294
4178
4178
4294
4294
4294
4178
4178
293
4265
4900
4444
4260
4260
4174
4178
4178
4174
4174
4294
4294
4178
4423
4294
4294
4265
4136
4370
4193
4894
4173
4193
4433
4433
4429
4429
4429
4389
293
4429
4077
4423
4077
4077
4455
4294
4294
4260
4134
4407
4423
1156
4174
4174
4894
4193
4174
4174
4174
4193
4294
4174
4193
4894
4084
4174
4894
4134
4371
4429
4294
4174
4193
4894
4173
4077
4455
4894
4433
293
4429
4429
4429
4429
4429
4429
4429
4429
293
4294
4077
4455
4433
4077
4294
4433
4433
4294
293
4429
293
4455
4433
4455
4455
4455
4077
4455
4455
292
4455
4455
4462
4462
4462
4462
4462
4462
4462
4740
4740
4740
4740
4740
4740
4740
4740
4740
4740
4740
4740
4740
4740
4740
4740
4433
4294
4455
4455
4455
293
4294
4077
4077
293
4077
292
4429
293
4433
4455
4433
4455
4455
4455
4455
4455
4455
4455
4455
4455
4429
4455
4455
4455
4429
4455
4455
4429
4455
4433
4429
4077
4077
4455
293
4294
4077
4433
4455
4455
4455
4433
293
4455
4455
4462
4740
4740
4740
4740
4740
4740
4677
4740
4740
4740
4740
4740
4740
4740
4740
4740
4740
4532
4532
297
293
293
293
4077
4740
4455
292
4455
4455
4455
4433
4462
4455
4294
4077
293
293
293
4455
4455
4455
4462
4455
4462
4433
4462
4429
4429
4740
4740
4740
4740
4740
4740
4665
4740
4740
4665
4740
4740
4740
4740
4677
4740
4740
4740
4740
4740
4740
293
293
293
4740
4740
4740
4740
4740
4740
4740
4740
4740
297
4677
4740
4740
4740
4740
292
293
4429
4740
4740
4740
4740
4740
4077
293
293
292
293
4740
4740
4453
4462
4740
4740
4665
293
4462
4740
4740
4740
4740
4740
4740
4740
4740
4740
4740
4740
4740
4462
4455
4294
4740
4740
4740
292
292
4740
4462
4462
297
292
4462
293
293
4740
4740
4740
4665
4740
4740
4677
4740
293
293
4740
4740
4294
4740
293
4740
4740
4740
4740
4740
4740
4740
4462
293
4740
293
4433
293
4455
4740
4532
4740
4740
4740
4740
4740
4740
4740
4740
4455
4294
4740
4740
4665
4740
4740
4740
4740
4740
4740
4677
4740
4740
4740
4740
4462
4740
4740
4665
4740
4462
4462
4455
4740
4740
4740
4740
4429
4740
4740
4532
4532
293
293
293
4740
4740
4740
4740
4740
4740
4740
4740
4740
4740
4740
4740
4665
4740
4740
297
4665
4740
4740
4532
4665
4740
4740
4462
292
4532
4532
293
292
4740
4740
4740
4740
4740
4740
4740
4740
4532
4740
4740
4740
4740
4740
4740
4740
4740
4532
293
4455
4462
4455
4532
4740
4740
4740
4740
4740
4740
4740
4740
4740
4665
4665
4665
4462
297
4665
293
4740
4740
4740
4665
4740
4740
4740
4740
4740
4532
4740
4740
293
4532
4462
4455
4665
4740
4740
4740
4740
4455
4740
4532
292
297
4740
4740
4740
4740
4532
4462
4532
4740
4740
4462
4740
4532
4740
4740
4665
4740
4532
4740
4740
4740
4665
4532
4740
4740
4665
70
121
21
59
28
239
27
27
28
28
233
28
198
203
4819
198
4819
238
241
1301
929
929
721
929
902
709
884
709
721
929
721
969
884
755
929
929
960
676
1049
721
1108
709
510
755
929
755
1049
959
1127
929
1107
1133
884
721
1049
1163
1046
709
1049
884
884
884
884
1263
1264
1180
1374
1860
1860
1611
2014
1860
2014
289
3553
3553
3553
3225
3225
3656
3553
3553
3478
3070
3405
3405
441
441
3120
3391
3391
2671
3503
2671
2671
3074
2671
295
4071
4174
3720
3720
4178
4083
4101
4169
4172
4155
4155
4155
4174
4178
4260
4897
4173
4099
4099
4895
3701
3699
3701
4099
3700
3701
3701
3701
3701
3701
4130
4140
4081
4130
4103
4103
4449
3701
4155
4178
4260
4178
4153
4178
3701
3699
4260
4194
4178
4153
4178
3700
4153
4156
3720
4294
4294
4068
4392
4294
3089
4419
4178
4740
4740
4740
4740
4462
4740
4665
4740
4740
4740
4740
4740
4740
4740
4665
4895
3720
3720
1046
1046
1046
1279
1046
1046
3478
3502
2955
3503
3443
3443
3478
3443
3478
2671
3478
3502
3502
3478
2955
2671
3478
3478
3478
3443
3478
3478
3478
3502
3478
3478
2955
3657
3657
