337
219
220
221
376
239
494
50
225
495
489
580
251
351
82
208
213
210
4788
4788
4803
86
294
85
86
81
251
124
244
26
274
92
296
4992
4992
147
4992
4992
41
94
426
11
177
186
178
103
178
250
41
351
252
270
563
228
226
50
253
253
253
267
134
57
200
456
456
481
354
354
203
374
353
360
362
362
467
4790
467
208
103
48
341
346
446
386
386
178
105
337
48
346
296
382
339
243
238
276
239
371
183
310
463
33
471
73
471
378
310
310
200
26
463
200
41
91
31
247
80
31
4802
463
350
463
310
105
48
346
346
247
176
176
471
350
350
247
23
219
220
365
558
558
486
459
472
570
935
802
558
368
166
78
135
250
186
181
267
50
378
41
135
91
180
252
31
31
97
4992
362
4992
4803
353
428
4
4788
86
296
4802
374
97
312
220
220
48
220
276
310
247
31
344
296
162
268
269
560
558
501
572
581
573
573
726
892
569
591
1129
582
582
574
559
557
492
580
286
223
505
574
489
41
4802
41
494
211
287
268
246
493
431
399
467
208
82
26
221
221
26
344
50
463
281
50
505
225
561
354
365
365
493
488
486
486
472
561
471
354
353
92
8
430
203
393
339
339
339
220
505
50
203
354
471
197
276
41
269
194
354
341
50
477
344
171
171
319
462
486
486
477
481
481
354
341
427
368
276
54
54
371
371
503
8
560
97
41
270
312
377
362
97
386
309
309
386
4
4
4788
210
210
210
162
319
221
50
253
462
466
492
495
467
41
253
461
465
217
261
208
334
393
166
334
7
166
82
85
85
357
99
4803
334
555
500
481
481
501
503
492
4803
170
502
167
807
964
964
902
1129
964
1138
2315
2934
3098
412
1851
3492
3653
3995
4417
4409
3514
3440
3989
202
202
453
453
354
465
462
167
553
562
849
868
876
167
729
399
376
51
495
467
4788
4788
293
360
4992
96
354
555
226
280
85
374
96
96
362
355
555
4803
148
452
563
377
428
170
4
261
86
4992
87
209
280
85
4992
96
452
503
357
360
96
294
99
360
4788
86
309
292
426
280
487
228
581
1116
840
879
571
228
227
505
564
581
280
167
496
227
581
561
557
563
581
917
1295
811
4883
958
810
1129
1129
1129
1129
2018
512
1909
2569
515
3737
3461
2891
2890
3685
2762
3363
2842
2060
2060
3004
2907
530
531
2939
2068
2633
2674
2054
2386
2034
1595
1644
545
2452
3118
3175
4895
4906
4907
4975
472
505
472
581
573
575
573
472
583
573
582
587
487
814
168
726
229
562
168
814
584
570
581
584
818
803
489
814
713
1053
439
1154
845
732
852
852
773
852
707
707
707
1147
1147
1327
1327
1327
1263
1263
1179
1507
1304
637
638
1042
642
1005
1000
642
773
774
774
827
4868
764
732
732
732
764
580
434
852
707
707
707
852
852
852
1027
1027
1027
852
707
707
639
1329
1329
1179
671
169
849
1118
2347
937
807
771
852
584
771
584
771
802
764
707
852
707
803
726
868
1053
773
773
771
771
771
732
732
768
771
852
707
707
707
707
707
707
1147
1027
732
764
732
771
826
826
797
826
738
798
738
796
707
732
732
803
892
707
582
892
890
439
1129
964
1129
1129
810
958
958
852
1082
1082
902
964
726
707
553
902
710
732
879
707
707
825
825
797
4868
768
797
797
738
798
840
1351
1295
4882
1295
879
732
707
814
814
584
639
773
764
797
1027
768
826
917
507
797
768
826
852
710
768
873
1027
873
1041
1051
1030
1031
490
1082
2429
2242
1140
584
738
797
764
826
826
507
1237
797
1028
1147
4868
1082
1031
639
826
1027
822
1339
1695
1028
1126
826
1278
1278
1375
707
707
1029
768
804
1029
639
1126
1126
840
840
956
975
2635
2389
2429
879
1285
1496
2332
879
1029
1678
1040
895
1385
1779
2331
1147
826
4841
826
826
4841
1147
1147
1329
797
1029
639
638
826
888
827
1140
1140
1497
1031
822
1129
1129
1129
1129
1129
1129
1129
1031
1263
1030
1030
1329
1154
2444
2732
2734
2448
2555
3115
2436
2901
4909
2988
2235
2235
2496
2535
2535
2274
2537
2537
2535
826
4841
1027
1029
1041
1329
1147
1327
1147
1147
1327
1147
4841
1030
1006
1045
1045
1078
1127
1011
1146
1058
1077
1006
1058
1025
1258
1258
1013
1232
1177
1256
1186
1186
1559
1382
1637
1426
1426
1985
1864
2624
2624
1006
1007
1187
1058
1002
1002
1152
1235
1052
1126
1006
1135
1594
1006
1146
1058
1128
642
1145
1037
1039
1037
1146
1146
1549
1507
1126
1058
1045
1078
1190
1680
1263
1329
1263
1329
1279
917
406
850
1013
1013
1177
1169
1186
1232
1062
1277
1063
1063
1256
1271
1014
1014
1559
1545
1545
1637
1084
1084
1486
1782
1284
1275
1064
1277
1042
1329
1483
1147
1327
1263
1497
1058
1062
1169
1084
1383
1545
1382
1025
1024
231
811
707
1147
1038
1050
1304
1147
4841
707
4841
852
4841
852
774
776
840
1140
1062
1232
2348
1385
2358
978
1041
1044
642
1302
1011
643
1278
1375
1375
1375
1375
1062
1177
1062
1027
1078
1005
1680
2160
895
707
999
1024
1011
1001
642
1013
1660
1507
1636
1348
1348
1329
1601
1329
1263
1278
1236
850
1051
1152
1636
1348
1348
1327
1147
699
699
1375
1375
1375
1027
1062
1375
1375
1278
1375
1013
1277
1271
1146
638
707
1277
1177
1064
1062
1058
1375
1177
1127
1660
1375
1049
1330
1192
1307
1197
1509
1331
1841
1203
1203
1205
1405
1404
1404
1214
2912
1215
3040
3031
1222
2706
2960
2959
3031
3031
3031
1223
2648
1224
2653
1265
1380
1177
1310
1302
1256
1233
1233
1233
1233
1046
1011
1059
1059
1238
1375
1375
1177
1409
1388
1560
1828
1375
1580
1580
1263
1327
1327
1232
1232
1256
1256
1063
1256
1559
1559
1256
1545
1528
1145
1310
1143
643
1145
1146
1275
1063
1063
1509
1270
1075
1198
1415
1819
1338
1277
643
1674
1232
1304
1063
1063
1275
1063
1115
1286
1272
1373
1403
1373
1294
1286
1295
1297
1297
1199
1271
1277
1278
1196
1256
1256
1545
1559
1559
1257
1303
637
1012
636
1169
1185
1411
1559
1426
1050
1375
873
1580
1565
1565
1263
873
1232
1059
1660
1263
1263
1263
1601
1565
1049
1064
1271
1349
873
1041
1230
1507
1063
1185
1275
1064
1321
1236
1059
1199
2331
1036
1278
1375
1059
1232
1256
1775
1636
1263
1344
1375
1298
4887
1275
927
1115
1037
1066
1425
1425
1317
1059
964
964
745
1645
2615
3560
1363
4340
4469
4288
4630
4524
4644
4626
4689
4948
1601
1263
1263
636
1336
643
643
1059
1601
1279
1327
1263
1064
1281
1193
1049
1614
1187
1260
1532
1296
1129
810
1129
1129
746
964
1392
1302
2677
1233
1046
1011
1263
1275
999
746
1129
964
1138
1776
711
1154
1179
1200
1419
1407
1059
1014
1178
1308
1426
1256
1357
1256
1256
1559
1486
1263
1201
1739
1583
1336
1832
1580
1041
1357
1256
1169
1559
1559
1559
1559
1559
1545
1243
1230
1279
1263
1064
1182
1084
1084
1200
1187
1438
1883
1883
1922
2428
1450
544
1660
1559
1559
1559
1147
1263
1327
1263
1348
1601
1580
636
1279
1549
1143
1279
1334
1129
406
841
811
810
810
810
1498
1725
1672
1870
1723
1823
2028
1129
902
1138
1660
1697
1660
1545
1545
1545
1545
1636
4883
811
810
4882
1588
1988
2477
2562
2790
2722
1129
745
1548
1728
1975
2500
2966
1423
1563
1194
1310
1559
1559
1559
810
959
1750
1772
1750
923
1327
1147
1327
1327
1138
1392
1138
968
1303
1258
1417
1289
1376
1636
1129
1533
1730
1834
1537
1674
1182
1141
1141
4885
841
1545
1545
1613
1559
1545
1383
1383
1383
1129
589
1138
1011
1063
1169
1169
1186
1084
1084
1133
1133
1045
999
508
508
841
1567
810
811
1559
1559
1383
1359
1512
1154
1063
1133
1037
959
967
1420
2330
956
1567
4882
927
1295
927
927
1295
1764
1510
1498
1472
1736
1169
926
1438
841
1489
1674
1786
1594
1867
2032
926
2070
2458
925
2026
1956
538
1720
1709
1595
2299
2246
1449
1674
1505
1748
1961
1049
1582
1295
841
841
841
1438
1644
1473
1084
1187
1193
978
1670
841
2395
538
1718
1823
1823
1687
1514
1981
1659
1745
1840
1671
1676
1730
1545
1545
1382
1529
1084
1450
1034
1952
1595
1384
1676
1574
1133
4882
2347
1618
1593
1618
1633
1381
1542
1513
1649
1693
1651
3169
1654
2764
2958
3050
2058
1641
1397
1243
1154
1568
2190
2509
2722
2466
2447
2429
2124
1723
1476
1877
538
1784
1723
1545
1637
1545
1398
2160
2190
2190
2532
1992
2040
2027
1687
538
2006
1823
1626
2839
1650
2027
1784
1823
1545
1849
2340
1273
2454
2454
1567
2039
999
538
2039
1705
1310
1748
1422
1584
1952
2042
2528
2054
1611
1638
1866
1992
1991
2040
1647
1753
1734
1753
1791
1409
1574
1848
1192
1514
1475
1726
1382
1562
1736
1390
1018
1603
1970
2329
978
1785
1707
1478
1823
1818
1786
930
1589
1135
1475
1562
1834
1561
1690
1757
2362
1739
1841
1335
1494
2325
2506
2117
2429
1382
1765
1074
2305
2441
1686
1383
1833
2689
411
2247
1561
1780
1084
1284
1186
1409
1729
1708
2131
1883
1187
1428
2171
2046
1772
1548
1829
2431
2115
1393
2387
2481
1885
1209
2521
2520
1209
2358
1193
1737
1854
1921
1007
1025
1025
1084
1068
2677
1830
2031
1759
1849
1493
1266
1898
2689
1566
1186
1571
1613
1010
1486
1545
2677
1850
2696
2726
411
411
1399
1916
1930
1382
1661
1859
2001
2462
1021
2339
2624
2326
1359
1419
1305
2162
1691
1025
1244
1874
1875
1281
1025
2300
2391
2071
1745
1868
2459
2771
2745
2633
1899
1068
1246
2133
2132
4900
2071
1755
2301
1796
2141
2141
2141
2935
1906
1794
1914
1831
2388
2351
1746
2135
2454
1899
2076
2190
2509
2509
1756
2178
1988
2426
2646
2386
2674
2592
2721
2386
2722
1084
2465
2466
2722
2732
1966
1071
1968
1566
1883
1060
1084
1486
1624
2428
2434
2466
1849
1486
1418
1986
2483
1493
2490
1493
1551
2518
2353
409
2480
2722
2190
1661
2391
2002
2480
1919
1494
2551
2688
2771
2722
1873
1940
1247
2316
2463
2463
1020
1021
2339
2339
2194
2485
2386
1084
2635
2790
1487
1868
2194
2428
1404
534
2042
2049
2574
2529
2722
1975
2047
2768
2009
2574
2730
2741
2066
3027
3003
3004
3003
2969
2066
2904
2702
2732
2116
1418
1487
2732
546
2485
1576
3109
3079
2537
3431
3365
3365
2255
3079
2537
2537
2537
2537
2537
3109
2538
2975
2975
3019
3109
3019
3019
3185
3109
3019
2223
3375
3365
3376
3331
2963
2538
2538
3079
3109
3185
2538
2537
3109
3109
3109
2538
1738
2462
2113
2934
2765
2480
1922
2771
3185
2223
3047
2538
3284
2391
1019
1021
1904
1760
3109
3109
3430
2231
2231
2537
2537
3019
1015
1906
2825
2862
3278
3081
2694
2041
2447
2223
3376
3185
3185
3375
3430
3376
3376
2538
2564
410
1991
2448
2448
2276
3047
2276
2538
3019
1492
2172
2386
2484
1758
2632
2448
2931
3051
2537
2275
3041
2274
2539
2734
2696
1782
2633
1923
2459
3113
3323
3323
3176
4655
4657
4626
4626
2537
3365
3176
2276
3047
2466
3185
3176
3093
2537
4626
2539
2538
2222
3093
3323
3077
3416
3416
3431
3431
2237
3418
3431
2225
3079
4649
4549
4626
2978
3080
3023
4946
4626
4626
3109
2715
2537
2247
411
2696
2988
2499
2236
3274
2236
3274
3418
2224
3418
3449
2229
3449
547
2353
2620
3038
2618
3249
3323
3323
3077
2538
2222
3176
4443
4948
4625
4625
4443
4584
3416
3080
2237
2237
2236
2236
2538
1865
2410
2400
2598
2598
2598
2538
3047
2538
2466
2276
2274
2963
2543
2496
2298
2247
1969
2047
3176
4643
2484
2484
2538
3375
4618
2640
2537
2537
2274
2274
411
2475
1913
2426
1876
3376
3340
2436
2555
3376
3376
3001
3116
2555
2535
2539
2274
2274
2300
2624
1864
1800
3090
3098
3046
2003
2735
1845
2696
1864
2352
2353
3184
4618
2440
2901
2274
1019
1758
3113
3323
3113
2620
3049
3049
3113
3323
3323
3323
3323
3323
3113
3249
3049
3049
2620
3049
4637
4514
2162
2276
2435
2639
1967
2462
1021
2393
2574
2580
2135
4513
2620
2620
2072
2259
4638
2493
3153
4626
4643
4893
411
4899
2023
4907
2476
2143
2620
3113
2620
3113
2674
2073
2535
2416
2276
3049
2617
3115
3115
2228
3140
3138
3142
3409
2279
2555
4614
2535
3049
2435
3115
2437
2492
2555
4643
2721
2633
1407
2448
4626
2337
2337
3038
2435
2771
2493
1967
2016
2862
2529
1072
2535
2301
2730
2542
3038
2745
1895
2704
2624
550
2617
1214
1224
2428
1207
2978
2978
2978
2237
3023
3431
1536
3049
3249
3249
2791
4643
2901
2535
2317
549
3049
3249
2578
2740
2894
2517
2764
2764
1224
2703
1879
2523
2511
2526
2608
2731
2633
1206
2535
4628
4628
4628
4663
4441
4441
4948
4948
4626
4651
4626
4628
4628
4909
2640
2535
2141
2565
2567
2548
2953
3032
3007
2553
2553
3160
2733
2448
2022
4906
4670
4443
4657
3188
3095
3095
1407
4909
2141
1910
1913
1913
2566
3049
3049
3249
2740
2649
411
2701
2581
2583
2533
1203
1203
4626
2978
1801
4443
2939
2741
3028
3007
2288
2523
2978
3323
3049
3049
2617
2843
2977
4948
2533
2533
4948
1501
513
3038
3226
3224
2228
3323
3323
2555
4626
2512
3113
3113
3113
3323
2068
2904
2068
3028
2649
2542
2542
2543
1907
3049
3047
4438
2649
2742
2895
2895
2662
2661
2663
2650
2650
2663
2650
2696
2946
2535
2812
2824
3841
3398
2512
3049
2741
3028
2539
2546
3282
2680
2685
2679
3737
2683
2845
2738
3323
2901
1913
2620
2620
3249
3028
3028
3051
2723
2542
2547
3143
2548
2808
2701
2701
2435
2742
2895
2895
2663
2663
2706
2706
3009
3000
3135
3767
2663
2247
2946
3231
2566
2718
3249
2618
2742
3007
2716
4626
2725
2946
3049
2729
1717
3027
3051
3234
2946
2235
4909
2565
2684
3323
3017
2764
2650
3047
3030
3030
2746
2788
2747
2788
3218
3218
3351
3258
3352
3757
2852
3916
2757
3564
3984
5000
3473
2764
2729
2737
2342
3249
2957
2863
2746
2773
2747
3218
3276
3218
3589
3276
2788
2786
3218
2788
2746
3030
2788
2786
2788
1215
3030
1215
1215
1215
1717
3007
2695
3098
3322
3323
3184
1215
3030
2809
3660
3846
4026
4026
4029
4029
4321
4321
4321
4190
4190
4321
4242
2805
2805
2805
2235
3249
4722
2798
1652
2811
2979
552
4986
2023
4977
2815
3062
3576
3845
2866
2945
2878
2929
2882
3037
2865
2813
1911
2826
3426
3832
2829
3837
4027
4321
2641
3092
3818
3323
3323
3323
3323
3323
2064
3027
3006
2614
2831
3248
3638
4000
2851
3920
2851
3150
3401
3276
2786
2788
2788
1215
2700
1361
3323
3012
2797
4904
2663
4904
4984
4904
4990
4904
2991
2985
2960
2706
2661
2876
2887
2706
2706
2659
2944
3060
2883
3072
2880
2879
2884
3422
2886
2885
2661
1696
2844
2935
2888
2888
3103
3323
2618
3030
2894
2435
2663
2661
2658
2661
4626
4626
4973
2874
2542
4971
2258
3323
2907
530
530
1655
2910
2910
2912
3040
3115
2875
2915
3096
3844
4185
4151
3813
3961
3806
4015
3725
2927
3526
2881
2869
2663
4628
4909
3274
2235
2978
1502
551
2937
3047
2949
2663
2895
2959
2991
2876
2867
2542
4990
4976
2889
3143
3350
2698
2948
3030
2969
2517
3052
3007
2663
2960
2618
2957
2043
1223
2959
4529
4628
4628
2542
4968
3066
2192
531
3003
531
1692
4443
3051
3191
4626
4628
4628
4909
2978
2978
2978
2978
2813
3184
2527
3032
2822
2978
2543
2978
3323
2912
1692
4897
3145
4231
4231
3366
3035
4113
2886
3059
2866
2865
3443
2969
3153
3009
2882
2844
1504
3013
3015
2553
3095
3016
2059
2841
4644
2706
4628
2882
2981
3323
2255
3030
3003
2238
2739
2618
2959
3111
2916
3096
2917
2864
2820
2255
3056
2959
4530
2235
2543
2978
2978
2237
3047
3077
3375
2910
2437
2438
3174
2960
2942
2235
3056
2959
2248
4628
2543
3086
3302
3055
2865
2679
3247
3626
3078
3726
3069
3071
3072
3230
3074
2978
3077
2225
2619
4443
4630
4626
2946
3529
2553
2235
3059
3410
3812
2926
4171
2343
3337
3077
2952
2553
2881
3133
2238
3298
1851
2936
3066
3066
3596
2848
2759
3104
2848
3077
1215
4530
2553
2248
3160
3160
2957
1222
3224
2438
2963
4584
3018
3522
2059
2788
2788
2857
2786
1215
1215
2746
3031
3108
2857
3040
3072
3000
3058
3160
2237
2237
2236
2236
3431
2978
2935
3077
3720
3146
3914
3951
3863
3428
3145
2928
3091
3560
3471
2907
1215
3173
3058
3410
3235
3380
3163
4112
3063
3644
2815
2815
2973
3475
3006
3172
3173
3196
2237
2237
3077
3077
3221
2800
2800
4936
4936
4933
4933
4178
4149
3329
2746
4663
2063
3040
3015
4628
3072
3524
3192
3194
3045
2978
3159
3297
3297
3297
3393
3236
3201
3439
3437
3460
3510
3559
3389
4296
4037
3581
3548
3197
2814
2908
530
2747
3031
3414
3414
2279
3408
2279
3409
3274
3435
3193
3274
3274
3348
3007
2883
3235
3392
3319
3202
3203
3239
3499
4270
3243
3748
3508
2844
3412
2228
2788
2788
2786
2786
3276
3351
3351
3351
2747
2908
3351
3250
3482
3598
3864
3638
2916
2228
3449
3449
2228
3023
2343
2984
2788
2788
2786
3233
3332
3449
3194
1362
3050
2788
2786
2786
3276
3276
3276
3276
3123
2857
2228
2786
2786
3218
3123
3191
2279
3274
3196
3422
3059
3298
3572
3300
4373
3549
3319
3455
3537
3813
3877
3877
3880
3880
3881
4210
4219
3885
4255
3944
3880
3880
3880
3880
3236
3877
3236
3549
3198
3322
2230
3578
2773
2786
3449
3449
3524
2237
2237
2237
2726
3062
2817
2816
2813
2343
3108
3449
2225
2224
3409
3409
3160
3080
3197
3322
2718
2747
2773
2773
2062
2747
3353
3220
3355
3187
3489
2763
2773
2229
2553
3431
3186
3160
2747
2773
2857
1217
2225
3418
2237
2236
4584
3422
3381
3873
3993
3935
3385
3495
4306
4152
3533
3604
3392
3392
3392
3439
3394
3392
3392
3102
3610
3275
3177
2786
1221
1218
3120
2225
3418
3418
3418
2237
3468
3453
1503
3585
3276
3431
2236
4584
2236
3431
3409
3431
3431
3274
2236
3409
3529
3410
515
1218
3119
3195
3414
3111
3348
2236
2236
2236
2236
3458
3458
3439
3438
3468
3440
2547
2873
3167
2739
2786
3218
3276
3524
3431
3431
2236
2224
3431
3392
3298
3199
3236
3880
3236
3018
2236
3458
3203
3454
3143
2811
3463
3355
2062
2841
3485
3104
3569
3984
2937
1657
2062
3068
3214
3860
3221
3743
3218
3218
3276
3218
3381
3237
3583
3336
3355
3348
3492
3136
3554
3459
3530
3496
4278
3635
4140
4140
4115
3245
3458
3438
3238
3486
3508
3594
3829
4146
3322
3087
3061
3039
3218
3218
3218
2062
3466
3187
3524
3382
3525
3529
3603
3204
3238
3546
3558
3535
3319
3236
3236
3297
3642
3751
3064
2787
522
3187
3082
3083
3064
3616
3297
3236
3422
2968
3123
3276
3218
3601
3532
3727
3509
3201
3643
3143
3350
3660
526
3258
3598
3607
4020
5000
3266
3490
412
3652
3622
3623
3594
3336
3233
2886
3603
3616
3549
3557
3749
3577
3336
4173
3195
3276
3631
3647
3205
3201
3511
3558
3457
3251
2787
2785
3276
3326
3758
3873
3507
3319
3165
3178
3724
3608
3749
2718
3351
2787
3607
3523
3605
3610
3479
3258
3521
3236
3878
3536
1912
3610
3571
3510
3444
2710
3445
3445
3352
3143
3559
3617
3106
3569
3596
3628
3601
3744
3494
3397
3642
2817
3399
3217
2787
3663
3867
3100
3529
3653
3350
3065
2679
3947
4234
4190
3659
4242
3276
3215
3542
3774
3593
3728
3803
3670
4183
3671
4128
4197
4209
4209
4209
4209
4209
4257
4126
3635
3666
3733
3617
3469
4079
4019
4019
4019
4079
4047
3713
3714
3686
3686
3858
3986
3711
4131
4067
4929
4110
4120
3904
3711
3712
3713
3714
4922
3686
3718
3820
3793
3667
3665
3712
3976
4238
4195
4041
4041
4131
4932
4064
4932
4917
4930
4050
4051
4051
4931
4931
4131
4019
3711
3712
3642
3823
3484
3724
3382
3526
3726
4100
3244
3741
3729
3730
3163
3683
3391
4079
3584
2827
3738
3977
3814
3706
3731
2710
3598
3768
3582
2698
3391
3836
3877
3311
3877
3316
3752
3857
3686
3714
2670
3724
3602
3993
3835
3592
4079
3976
3103
3858
3512
3589
3482
3630
3521
520
3877
2890
3858
3715
4022
3172
3479
3782
3459
3847
2947
2889
3550
3555
3789
4022
3763
3686
3336
1652
3492
1653
3924
3461
3802
3958
3907
4256
3879
3880
4136
4179
4040
4040
3759
3961
4171
3826
3986
4220
4079
3800
3303
3104
3690
3763
3538
2833
2833
3000
3293
3671
3910
3910
3740
3861
3069
3924
3832
3832
3620
3834
3363
3957
2948
3880
3880
3733
3851
4191
4216
3335
3096
2886
3830
3833
2947
2682
3766
3691
3700
3493
3521
3598
3866
3727
4103
4238
517
4009
3861
3838
3382
2810
3834
3570
3802
3811
3948
3715
3561
3602
3956
4037
3498
4179
3880
3880
4221
4181
3883
3810
4219
3783
3886
4116
4156
3155
3694
4048
4080
4046
4914
3693
4049
4050
4050
4051
4050
4062
4392
4089
4352
4092
3902
3901
3901
4356
4070
4356
4315
4050
4071
4345
4942
4129
3671
3670
4274
3716
4228
3669
4244
3896
3715
4914
3720
3428
3757
3598
3645
2800
4934
4938
3846
3830
3833
517
3266
3927
3801
3817
4017
3930
3843
3819
3935
2800
4936
4936
4936
4936
4934
4935
3213
3956
3570
3903
3880
3881
3266
2759
4190
4227
4190
4190
3753
4010
3763
3428
4159
4936
4936
4936
3768
3966
3470
3785
3801
3802
3786
4022
2800
3997
423
3630
4178
4178
4933
4933
3938
4936
4936
4936
4940
4936
4933
4933
4933
4933
3973
4286
3973
4936
4238
3904
3581
4248
3089
4176
3944
3033
4936
4250
2759
3105
3101
3989
3990
3701
3991
3382
4178
3964
4178
4178
3423
2759
4936
2801
3652
2995
3812
3953
3589
4178
4936
4933
3998
4179
4179
3817
2998
3477
3314
4202
3694
3694
4040
4040
3383
3760
4018
4128
3916
4103
4929
4929
4131
4048
4047
4936
3923
4936
4938
4030
4029
4029
4030
4030
4284
4284
4032
4383
4518
4629
4535
4340
4938
4938
4100
2759
4210
3584
3873
4127
4127
4209
4209
4120
4125
4125
4125
4926
4264
4308
4349
4065
4066
4353
4091
4353
4305
4148
4263
4197
4065
4125
4043
4125
4043
4127
4912
4199
4130
4126
4305
4130
4148
3679
4045
4045
4265
3681
4091
4353
4354
4066
4356
4064
4932
4196
4041
4934
3874
4162
3697
4122
4198
4912
4127
4147
4130
4209
4912
4130
4304
4195
4926
4129
4149
3495
3969
4139
2925
4122
4044
4263
4209
4127
4127
4042
4109
4142
3525
4001
4247
1363
3659
3693
4921
4147
4109
4127
4209
4121
4127
4127
4042
4042
4198
4109
4209
4209
3526
2926
3747
2851
3920
3923
3149
2919
3849
4228
4912
2999
4040
4180
4188
2819
3756
4127
4127
4042
4147
4114
3150
4181
4012
4121
4222
4239
3440
4321
4267
4328
3495
3243
3659
4049
4932
4047
4921
4048
2999
3496
4307
3496
4160
4142
3149
3734
3850
3513
4293
3973
3384
4143
3384
4238
3670
4160
4203
4181
4321
4029
4321
4219
4302
4241
4321
4321
4208
4274
4127
4209
4042
4042
3973
3759
3783
3915
3147
3731
4321
4217
4042
3997
4014
4251
4036
4260
4279
4046
4048
3780
3518
3904
3997
3384
423
4084
3210
4165
4233
4242
4274
4274
3901
3794
3518
4225
4190
4190
4242
3988
4212
4263
4218
4269
4242
4242
3208
4316
3930
4246
3991
3388
4209
3530
4202
4312
3587
3312
4175
4209
4262
3504
3736
4277
4274
4209
4209
4105
3998
3587
3498
3901
4310
4071
4393
418
4099
3239
3388
4222
4281
4480
4281
4936
4285
4577
4575
4462
4625
4625
4609
4633
4537
4286
4312
4362
4167
4051
4050
4197
4300
3914
2997
4182
4392
4928
4209
4155
3387
4209
4263
4108
3677
3902
3988
4209
4257
4319
4242
4209
4242
4298
4057
4321
4321
4321
4029
4326
4329
4321
4030
4030
4030
4030
4339
4029
4030
4329
4478
4477
4494
4334
4373
4030
4029
4343
4425
4321
4337
4343
4362
4032
4242
4242
4242
4478
4928
2805
4126
4322
4379
4284
4030
4326
4130
4257
4378
4073
4392
4209
4126
4209
4912
4322
4347
4347
4337
4197
4326
4937
4342
4285
4107
3681
4305
4383
4492
4413
4479
4463
3990
4424
4399
4383
4617
4399
4342
4413
4355
3680
4383
4338
4304
4305
4305
4264
4148
4197
4379
4305
4148
4265
4264
4265
4349
3680
4472
4342
4045
4314
4313
4340
4622
4469
4487
4409
4487
4421
4490
4577
4411
4335
4335
4323
4459
4622
4495
4526
4421
4493
4477
4615
4290
4535
4605
4761
4697
4614
4641
4642
4637
4652
4759
4776
4636
4591
4543
4620
4677
4541
4648
4744
4744
4744
4744
4744
4744
4744
4744
4744
4955
4943
4955
4646
4647
4702
4527
4752
4555
4689
4549
1367
4628
4667
1368
4596
4574
4440
4497
4431
4436
4532
4737
4291
4471
4605
4605
4527
4432
4583
4471
4291
4596
4524
4605
4291
4291
4291
4501
4438
4726
4764
4741
4751
4751
4546
4582
4582
4540
4648
4744
4648
4744
4648
4648
4744
4744
4744
4648
4582
4702
4943
4782
4693
4782
4782
4749
4530
4725
4770
4530
4441
4641
4692
4643
4645
4516
4761
4633
4505
4588
4736
4438
4698
4525
4688
4744
4744
4744
4744
4449
4744
4744
4449
4449
4449
4449
4744
4744
4691
4691
4756
4955
4943
4744
4744
4449
4756
4744
4664
4744
4744
4744
4449
4647
4647
4449
4530
4530
4744
4744
4721
4723
4441
4744
4449
4449
4744
4744
4744
4723
4433
4463
4744
4449
4744
4761
4759
4744
4955
4647
4698
4432
4612
4612
4955
4744
4955
4691
4943
4691
4449
4449
4664
4647
4748
4589
4626
4955
4955
4955
4955
4744
4663
4530
4744
4671
4641
4955
4749
4782
4759
4662
4744
4955
4943
4449
4449
4955
4691
4652
4744
4955
4449
4449
4691
4449
4662
4449
4744
4449
4948
4723
4744
4744
4449
4540
4451
4706
4756
4642
4642
4590
4433
4756
4759
4762
4744
4662
4647
4943
4717
4449
4751
4693
4545
4744
4744
4449
4449
4759
4744
4648
4549
4449
4744
4449
4744
4773
4779
4762
4449
4449
4449
4943
4943
4541
4582
4582
4541
4943
4744
4449
4449
4955
4744
4454
4505
4509
4559
4623
4449
4745
4706
4775
4948
4449
4943
4782
4782
4943
4948
4537
4689
4744
4744
4648
4648
4744
4744
4744
4540
4744
4744
4648
4744
4648
4648
4648
4744
4749
4449
4943
4943
4449
4648
4696
4545
4633
4717
4717
4594
4507
4744
4744
4744
4744
4744
4744
4582
4744
4744
4594
4782
4648
4744
4744
4710
4703
4546
4449
4782
4625
4689
4623
4455
4943
4648
4449
4648
4582
4582
4648
4648
4648
4449
4449
4449
4749
4623
4449
4654
4689
4449
4782
4449
4449
4744
4744
4744
4744
4717
4782
4541
4541
4749
4612
4519
4730
4602
4541
4623
4648
4648
4744
4623
4449
4782
4623
4449
4744
4648
4449
4546
4717
4446
4730
4749
4744
4717
4648
4541
4539
4582
4449
4648
4449
4449
4648
4744
4449
4449
4648
4648
4449
4449
4648
354
34
4788
96
353
96
4803
96
4803
4803
471
354
50
353
471
96
471
41
41
351
1327
774
852
4868
1147
797
732
732
699
768
1147
4868
827
1147
1147
1147
732
699
852
1147
707
4868
1147
1327
738
707
852
1327
4841
1147
1147
1147
852
1147
826
826
774
902
1129
587
1129
810
1129
1090
811
1295
841
231
841
1129
902
2347
4670
4637
4773
4657
4500
4948
4530
4948
4948
4624
2023
2959
2959
2959
1021
1021
2624
2895
2960
2462
1021
2662
4991
2339
4991
2978
2554
4148
3712
3713
4042
4932
4392
4044
4088
4043
4126
4199
4923
4019
4353
4050
4046
4047
4931
3695
3695
3695
3696
4932
4096
4930
4091
4066
4392
4209
4209
4209
4127
4392
4931
4108
4127
4199
4199
4044
4198
3106
4399
4283
4934
4934
4934
4286
4936
4286
4284
4936
3973
4178
4936
4286
4933
4933
4744
4744
4744
4744
4744
4744
4449
4694
4775
4702
4449
4744
4702
4744
4647
4449
4744
4049
1263
707
1375
1375
1375
2661
2661
4984
4967
2598
2598
4975
2282
2285
4984
2624
2285
4969
2661
2285
2285
2661
2598
2285
2661
2661
4969
2285
2285
2285
4969
2282
2285
2624
4985
2285
4969
4969
2285
2661
2285
4969
1147
1295
1295
3079
3109
3079
4321
2788
2787
3250
3276
4321
