310
310
4823
4823
162
226
4820
91
323
4810
248
521
12
205
53
105
105
98
98
98
98
98
53
53
4823
4823
98
98
98
4823
98
98
4823
98
98
53
53
4823
98
4823
4823
53
225
15
158
267
348
84
317
50
89
310
53
53
105
105
98
98
98
98
98
98
98
98
98
105
98
105
105
310
4823
4823
4823
98
4823
4823
4823
98
4823
4823
226
226
132
105
105
160
53
98
4823
98
98
98
105
98
105
53
53
53
105
105
105
53
53
105
98
98
4823
4823
98
98
53
98
98
53
105
105
98
53
4823
4823
225
310
184
221
361
141
511
212
924
689
449
513
199
288
53
4823
98
53
51
310
54
105
4823
4823
4823
225
225
4823
4823
4823
4823
98
98
98
4823
4823
4823
4823
4823
98
98
4823
4823
4823
4823
4823
4823
310
160
4823
4823
4823
4823
4823
105
225
55
233
234
297
457
58
447
514
207
625
663
211
4861
665
213
626
11
287
338
218
50
184
9
520
224
4823
98
98
98
98
105
105
49
4819
4823
109
184
159
107
105
53
4823
310
62
4823
50
105
55
268
61
408
337
98
4823
310
154
222
223
214
519
265
4823
98
98
194
87
98
98
4823
4823
4823
4823
184
332
268
98
98
98
98
132
98
4823
105
4823
319
105
154
338
217
221
363
363
98
98
4823
4823
254
160
278
111
239
277
94
337
298
94
98
278
298
4823
139
108
4823
4823
4823
98
4823
4823
4823
98
98
4823
132
4823
4823
132
196
264
85
91
9
389
98
338
330
98
98
162
4823
6
249
98
105
105
160
162
290
105
226
239
363
98
98
98
327
57
98
98
231
337
268
4823
389
11
664
628
541
541
1628
1796
2788
2771
3111
3285
3110
3110
373
3886
3440
3192
4107
3914
4065
3645
2323
2323
3854
379
4195
105
226
226
4823
4823
136
222
223
515
214
212
671
811
671
397
675
243
4820
314
4820
162
326
145
98
98
98
98
98
4823
298
215
460
4823
4823
513
105
4823
56
513
98
299
418
523
4823
98
226
98
98
460
105
98
4823
401
98
98
98
4823
4823
4823
4823
4823
4823
214
519
200
602
1031
1250
666
397
360
7
524
510
424
520
446
416
388
532
397
359
542
582
662
466
1576
1404
1458
470
1794
2718
3020
3497
475
3751
3732
3878
3326
3523
3523
3276
3274
480
2928
2281
2281
1350
1748
1761
496
2519
3404
3335
4892
2840
2844
2893
455
602
418
451
451
675
202
503
603
514
515
207
4860
675
540
4860
514
523
535
696
671
625
528
532
529
662
531
209
12
540
672
1795
367
1921
529
4840
726
726
4840
4834
787
787
4840
4834
4834
4834
548
983
584
584
584
4852
1389
4853
1289
1439
914
1233
555
1134
1286
1153
1474
1656
1151
1286
4840
4834
787
745
787
726
745
787
726
726
650
529
663
656
4834
4832
4832
4826
4834
4840
4834
650
576
623
4834
655
571
4834
571
550
4852
4852
1244
626
803
722
369
1625
812
650
726
710
4843
4834
4834
531
726
726
4840
4834
4840
787
4834
625
464
803
541
787
745
686
787
650
650
650
726
650
4834
602
787
4834
543
543
584
726
745
650
745
652
651
730
651
651
745
651
651
4840
726
726
662
531
209
571
207
517
803
1302
1301
1504
745
742
671
541
1314
548
543
367
726
726
707
707
572
650
650
650
651
745
745
726
745
745
4856
745
4864
1525
1549
1529
1733
1529
1529
726
726
4834
672
212
659
676
726
650
463
633
726
745
745
726
726
974
745
745
726
653
650
812
726
745
798
754
752
1251
1251
587
586
780
723
1430
1257
212
745
726
650
650
650
727
1523
1031
652
4831
584
989
745
659
1014
623
571
4837
650
733
752
539
1921
584
653
730
688
4826
4838
4832
733
1005
730
208
584
584
645
962
1522
1733
2475
2466
2017
1648
772
1522
1755
768
2466
592
993
737
653
1250
778
1667
1963
584
597
4837
4837
4856
730
730
1126
584
553
4837
754
4846
1389
730
730
774
775
804
1313
1313
1458
593
4845
1125
1126
1043
368
1921
2002
370
2805
2574
4893
2572
2993
3236
3106
3054
3322
2761
2699
2760
2749
2769
2165
2165
2165
2221
2165
824
2586
2165
4837
4837
1251
1125
4968
1041
977
977
4852
651
733
553
1656
1296
1611
1472
1023
1150
914
1251
1399
1364
1294
1134
1611
1296
967
3036
3036
1331
1364
1354
1358
2088
2104
1828
1988
2888
3018
3018
881
4992
4984
2884
2884
4976
3048
1296
1296
1294
1296
758
922
1230
923
562
559
809
752
887
3200
3232
1544
898
1294
1656
1788
1151
1244
1230
1286
1151
1032
564
893
1513
1827
1122
922
1244
887
1793
1611
1460
1151
1400
4852
4968
4852
4861
1422
867
1040
972
1204
1370
1172
1527
1159
937
1355
2088
1782
1886
2895
2938
2035
2937
3066
3064
951
1974
1501
1155
1236
1441
1400
977
1041
733
783
887
1293
1880
3003
950
3036
1956
1828
1964
3165
1843
1504
1612
983
4832
1151
1151
1474
914
4852
787
787
730
4856
745
745
787
692
1372
1293
1625
1771
1735
1953
996
1125
1134
1230
1001
1121
1121
541
798
789
982
1037
1037
1037
887
1372
1296
752
1151
1134
1459
606
774
1037
1296
3165
2843
1153
1151
913
4847
4847
1244
4852
1389
789
1364
1439
1294
1230
556
1389
4853
584
787
4832
755
4832
1037
1037
1049
964
1037
755
755
1126
1041
1304
1236
1513
1439
787
1204
1159
1204
929
1236
887
887
4836
1204
1308
4847
4851
1294
1063
951
1128
1225
1164
1066
1347
2257
2775
1099
3258
3258
3011
3011
1095
3011
1095
3362
1093
3136
3337
3363
3154
3697
3154
3154
3696
3153
3387
3696
3361
3154
3154
3154
3154
3363
3362
3361
3361
3361
3361
3011
1819
1840
1128
1037
1153
1446
1129
1459
914
1121
1204
1347
791
982
1049
1049
1049
1195
2105
1567
2886
2938
1037
1251
1041
1041
1041
1236
1415
1827
1782
1209
1230
1153
2901
1171
1343
1343
1366
1496
1623
1372
1234
1234
708
1176
1066
1531
1785
2294
1206
1162
867
1343
1392
1308
929
1204
1156
929
965
802
1347
1344
1287
2498
1320
1109
1082
1180
1347
1506
1195
1190
1287
1347
937
1251
1231
1714
559
862
1156
1293
1065
1227
1331
1865
1474
1659
1049
985
1251
1244
1213
4968
4968
1356
1440
4968
4854
1389
887
1294
1238
2088
1192
938
1251
1365
2293
556
952
1960
1155
1355
1126
1300
929
1496
1190
782
1126
1049
1213
2088
556
4852
1569
1572
1060
1566
556
2257
1960
1733
1293
1324
1886
1886
1326
1344
1458
1794
2645
2714
3163
3511
4200
4317
4386
3961
4524
4524
4462
4462
4473
1456
1389
4854
1347
1352
1343
1567
4852
1041
1368
1368
951
967
1843
3165
3200
1583
1287
1244
1130
1303
1312
1458
1270
1798
2771
914
914
929
1192
1659
2005
1921
1796
1921
1400
1347
1320
2933
1095
3011
3258
965
1231
1195
1704
1213
4997
4997
1361
2938
3018
1126
1492
2392
1369
4884
2982
2498
1541
1785
1244
1661
950
2104
1361
1828
1610
1231
4967
4968
1041
1501
1499
1974
1992
1347
1320
1239
1192
2495
2880
1090
1091
1093
3362
3362
1287
4867
1343
1828
1988
1041
755
1041
755
1041
4968
1244
1135
1244
1343
1244
1213
4968
1213
1213
1389
1513
3083
4968
1192
1131
1586
1515
1493
1789
1592
1930
1706
1935
1831
1041
1921
1411
1289
1289
1905
1828
1828
2938
1411
1586
1403
1757
2050
2146
2754
2620
2581
2017
2005
470
1434
2908
2278
3521
3250
1041
1400
1129
1884
1373
1211
1568
1624
1632
1452
1860
1041
1041
1041
584
2005
2005
4857
1331
1382
1192
1343
1817
4853
1789
2321
2471
3078
1439
1369
1646
1694
1512
1343
1905
1828
1828
3003
3036
879
3018
1988
2888
1717
470
2887
2901
1623
1370
1951
1499
2495
1296
1572
1630
1550
1493
944
1828
1828
1790
1468
1921
862
1880
1975
1921
1109
775
2018
1553
1552
1553
1733
1529
967
1937
1477
1411
1908
1320
1733
1551
1374
1453
1413
1472
2843
2843
1104
2603
1082
1382
1552
1426
1977
2475
491
2281
1556
1558
1896
1771
1797
1306
2002
1365
4882
1466
2843
1755
1296
3165
1787
1575
1529
1630
1757
1385
1558
1472
1608
967
3165
1584
2017
1464
1595
1943
1787
1409
1765
1878
1878
1746
495
1710
1959
1782
1988
1782
3003
1956
3003
1972
1972
1695
1400
1978
1171
2888
2888
2888
2888
1910
1082
1697
1306
494
1558
1351
2717
1742
1407
2342
2385
3251
3467
3516
1641
3177
3177
3326
2795
1594
881
2090
2281
1952
2576
3160
2576
3002
2583
2993
2134
3200
1948
1692
1646
1957
1988
493
2002
1321
2134
2157
1682
1296
2042
484
1679
1557
494
1879
3090
3001
1658
3018
1797
1436
2901
1859
1086
2881
2387
3200
2426
1709
1709
1737
2901
1565
2880
1860
1942
2664
2971
2780
1759
2514
2150
1942
484
1942
1711
1839
1469
1646
2921
4885
1908
1796
1631
1745
1956
1828
3018
3036
2107
2882
3064
2742
1551
1986
816
1591
1776
2948
3165
3036
1351
1890
1984
3200
1736
1746
1470
2016
1936
2702
1075
2962
1098
2537
2475
1426
2402
1962
2234
2901
1830
2514
1425
1943
3165
2888
2888
2901
2921
2416
1797
2804
1866
2416
2498
1974
1896
1930
881
2843
4882
2399
2956
2281
3200
2293
2578
2587
2281
967
1913
2673
1796
2324
2416
2281
2800
3132
3131
3136
1093
1093
3136
3134
1093
2801
2583
3165
3179
2294
2108
2755
2537
1797
3165
3036
3179
3036
1608
3018
2897
2954
1748
2520
2880
1966
2146
1835
3003
3036
1797
2258
3322
3003
3003
2742
3003
2938
2888
3165
1858
371
3323
3777
2954
371
1794
2514
2426
2268
3003
3003
2886
2400
2829
2925
2884
2891
2936
3064
2738
1102
2962
2442
2426
2526
1638
1972
2895
1831
2702
2738
2935
4976
2936
2884
2967
1633
2933
1101
1095
3137
3137
3135
2872
3278
2801
3018
2400
2826
2848
2486
1959
2589
2866
2955
3266
2867
2711
1909
1991
2543
2091
1991
3125
2092
2808
2928
2234
2157
3322
2804
3234
2331
2233
2539
2166
2798
3137
2798
2779
2779
2779
2779
3222
3313
3313
3313
3222
3222
2779
1427
1983
2583
2576
2331
4992
2897
3066
2577
2258
3008
1974
1608
3003
1410
3052
1093
2803
3002
3002
2742
2037
2118
2673
2402
2147
2384
2042
3325
1641
2525
2401
2800
2928
2583
2576
2897
502
1991
2798
1972
1683
2475
1677
3137
3137
3301
2873
3313
1428
4876
2988
2574
2486
2830
2833
2894
2893
3132
3132
3132
2800
3132
2576
1991
3064
2581
2742
3053
3132
3132
3139
1094
3362
2779
2779
2971
2529
2044
2793
3256
2123
2752
2854
2717
1093
3140
2989
3221
3406
3431
2779
2803
2966
2930
2259
2742
3018
2372
3131
3131
824
2329
2221
2221
820
3054
2081
2165
2165
2221
824
2081
2274
2112
2165
2329
2329
2329
2329
2221
2700
2760
824
2081
824
2165
2222
2081
2329
2329
2804
2832
471
2806
2466
1643
3267
2874
3132
3135
2081
2329
2221
2329
2165
2329
2742
2884
501
2832
2934
3064
824
2329
2221
824
2165
3066
2706
1678
2821
3068
2122
2803
2800
3066
2699
824
2742
2699
2165
2165
3236
370
2788
2864
2572
2993
3019
2221
2769
2165
2081
1633
2779
480
3132
3131
3131
2165
2591
3313
2165
2574
3322
2572
4893
2112
2221
2165
2165
3234
2805
2760
2895
2991
3267
1095
1093
3362
3362
823
2820
3038
2651
3298
3108
2538
2474
2299
3022
2329
3019
2221
823
2067
2241
2927
2563
2586
2586
2165
2286
2240
2650
3317
2226
3181
3181
3233
3062
3062
3062
3062
3062
3062
3062
3062
2423
2274
2474
2670
2563
2748
3085
825
2748
2563
2563
824
3234
3234
2586
3322
1858
3399
3093
3120
3062
3062
2750
2750
3062
2750
2575
2575
3126
3062
2926
2929
480
2647
2757
2757
2648
2421
3261
3303
2112
2112
2241
2861
2538
2630
3037
2502
3390
3318
3181
3180
2952
2423
2112
3105
3010
3010
3010
3010
3010
3010
2112
2081
3002
2803
2274
2221
2221
2221
2760
2805
2896
2867
2848
2311
3131
3132
3131
3136
3136
1096
2329
2311
2165
2586
2165
824
2322
4889
3313
3137
2434
3136
2701
2750
3166
3043
3166
3236
3160
3322
3236
3236
2165
2586
824
2165
2949
4976
2891
2891
2719
1271
2806
2286
3178
3322
3322
2895
2805
2896
2119
2637
2509
2701
1094
3030
3166
2699
2742
2884
2848
3118
3000
2978
3060
3042
3042
2420
2420
2707
3039
2978
2240
2978
3164
2978
3060
3042
2420
3040
2973
2973
2463
2313
2311
2033
2112
3160
3160
3160
2699
501
2832
2519
2735
3136
3135
3011
3010
2311
2977
2647
3042
2990
2929
2111
3132
1093
3011
3010
3322
2563
2586
2936
371
4892
3123
472
2763
3050
3060
2978
2820
3042
3131
2728
1095
3322
2324
2594
3298
3022
3236
3395
3054
3121
3093
3121
2750
2750
2750
2750
3160
3160
2311
2586
2434
3106
3236
3438
2728
3136
4893
2586
3373
2468
2123
3361
3361
2742
2699
2165
4976
3022
3106
3131
1093
1093
3105
3024
3042
2754
3032
3313
2896
2165
2673
2487
2165
3022
2873
2121
3337
1093
3362
2165
2884
2120
3135
3337
3362
1093
3362
1094
1094
1096
2563
2748
825
2767
3120
825
1471
3152
2973
2648
2385
2620
3010
2670
2805
2586
2165
2703
497
2977
3060
2773
3061
3364
3032
3177
1641
3032
1641
3140
3362
3362
2742
2936
2936
2165
2926
2764
3090
2793
3124
3258
3011
3011
2563
826
826
3067
2503
2202
826
826
826
2819
3067
826
826
2670
2670
826
3067
2699
2586
2586
2865
2969
2973
3043
3268
3197
3197
3491
3507
3384
3043
3076
3025
3088
2504
3056
3338
2122
3196
3258
2760
2586
3151
2566
2973
3042
2420
2978
2793
2474
2165
1641
3362
3337
3361
3258
3258
3105
3011
3010
3258
3258
2699
2748
2714
3089
2121
3236
3196
3010
3010
2889
2748
2748
3164
2649
2757
3022
3236
3032
3006
3006
3011
3258
3011
2670
2563
2714
3022
3160
2575
2575
3126
3141
2421
2791
4893
2891
2936
2705
3372
3060
2978
2978
3164
3164
3314
1095
3362
371
2699
2222
3250
2973
2231
2978
2232
3361
3011
3011
3361
3361
3011
3011
3011
3010
3258
3387
3387
3258
3258
3387
3387
3010
3258
3501
3672
2847
3402
3512
3794
3794
3530
3372
3058
3314
2670
2322
3371
3561
2714
3371
3077
3163
2957
3424
3050
2649
1918
3042
2420
3106
3268
3426
3484
2769
3249
2969
2773
3032
1641
3331
3361
3361
3387
3387
3387
3258
3153
3153
3045
3046
4166
3781
3010
3399
3672
2769
3504
3060
2823
3236
3426
3484
3037
3323
2748
3042
1641
2799
3331
2761
1855
2699
3102
2987
2978
3041
3032
3361
2586
2872
2871
3524
2782
4176
3795
3922
3363
3032
3177
2714
3042
3060
2988
3515
3523
4176
3157
2871
3515
2871
3158
3697
3223
3197
3109
3109
3164
2757
3515
1636
3712
3082
3847
3895
2748
3040
2913
3648
2913
2805
2840
2840
3248
2845
2834
2845
2845
2836
2837
3309
3172
3310
2839
2845
2836
3171
3074
3167
2939
3403
3403
3403
2847
473
475
3713
3220
2812
2714
2855
2978
2978
2648
2978
2648
3315
2794
3361
3266
3359
3521
3534
2704
2704
3872
3013
3013
4050
3697
3697
3158
3158
3158
3414
2987
3277
1634
3044
2841
3075
2841
3170
3074
2743
3014
3010
3074
3170
2836
2836
2936
3048
3074
2841
3170
3074
3283
3167
3074
3206
3206
3434
3740
3203
3026
2910
3358
3114
3164
3236
3363
3364
2742
3010
2742
2742
826
2841
3170
2769
2844
2845
497
2648
3279
3090
3129
3535
3363
3154
2742
3074
3014
2743
3330
3932
3016
3853
3702
3100
2747
3047
2945
2744
3003
3048
826
2761
2700
2748
3102
2865
2849
474
3040
3010
3010
3361
3154
3074
3048
3049
3075
2844
3075
3778
2757
3364
2210
3197
3010
3153
2757
3176
3336
3363
3154
3696
3696
3074
3067
3067
2844
2957
3371
3515
3469
2796
3154
3068
3197
3067
2222
825
2222
2767
2835
2846
3141
3194
3003
2744
3019
825
3261
2931
2743
3153
3696
4190
4215
3767
4198
2839
3101
2745
2671
2835
3112
3491
3167
3167
3324
3386
2821
3185
3433
3433
3419
3498
3146
3067
3067
3182
2997
3079
3069
3096
3175
2573
3028
3491
3153
3259
3466
2749
3171
2837
3251
3194
3363
3343
3426
2767
2951
825
825
2768
3365
3198
2421
3194
3395
3121
3394
3696
3387
3153
3072
2809
3320
825
3171
3312
3464
3312
2837
3402
3561
3079
3329
477
3714
3768
3093
3206
372
2700
825
2836
3229
3231
2728
2201
3085
3067
1856
373
3440
3197
825
3073
3427
2940
2941
1271
3371
3228
3092
3153
3426
3197
3283
3085
3111
3285
3111
2849
3550
3521
3116
3872
3924
3793
3092
3129
3197
3308
3672
3484
3167
1637
3154
3054
3121
2768
3404
3407
2784
3697
3697
3697
3697
3697
3697
3697
3697
3697
3697
3154
3283
3143
2745
3308
373
3440
2768
3062
3062
3062
2952
825
3365
3696
3012
3514
3514
3844
4050
3909
3179
3384
1271
3386
3141
3697
3219
3308
3072
3219
3702
3171
2837
3172
3403
3403
2987
3130
3468
3696
3179
3283
2750
2750
2952
3228
2979
2822
3712
3758
3758
3647
3515
3437
2224
3181
3068
3483
3144
3506
3219
2904
3206
3475
3506
825
3098
3418
3238
3208
3435
3486
3476
3510
3496
3212
3212
3244
3241
4121
3517
3072
3299
3482
3051
3419
3144
2575
3144
3144
3144
3144
3144
3144
2750
3144
3206
3120
3484
3491
374
3483
825
3477
3208
3435
3456
4214
4129
4113
3657
3786
3684
2835
3424
3543
3489
2871
2871
3775
3157
2782
4090
3872
3872
3696
3671
2575
3121
2575
2575
3282
3283
3299
3697
2871
3433
3144
2750
2750
3144
2714
3421
3158
2871
3775
3775
2871
4050
2575
3697
2871
3775
3433
3144
3168
2768
3072
3462
3162
379
3854
379
3400
4180
3099
3288
3659
2942
3348
3349
3675
3295
3654
3288
3477
2871
3692
3081
3697
2575
3062
2575
3120
3062
2952
3285
3323
3689
3529
2714
2575
3775
2750
3062
3062
2750
2750
3484
3440
3507
3440
2503
373
3111
2868
3523
3255
3845
2783
3126
3505
3483
3271
3120
3085
2979
3327
4050
3126
2423
2575
2575
3062
3062
2952
3207
2905
4086
2944
4047
3442
4124
3350
3351
3510
3704
3354
3475
3370
3488
3162
3113
3711
3775
3154
3154
3697
3556
3144
2575
3062
2750
2750
3180
3062
3062
3477
3424
3680
3697
3063
3062
2423
3062
3062
3062
3181
2575
2750
3085
2223
2750
3062
2750
3398
373
3440
3440
3547
3154
3523
3433
3062
3491
3491
3062
3062
373
373
3507
3396
3398
3356
3207
3162
379
3854
3403
3403
3481
3512
2871
3775
2945
3062
3062
3062
2423
3289
3418
3289
2423
3396
3417
3098
1635
2822
3760
3441
3116
2783
3220
3255
3073
2838
2712
3498
3157
3775
3775
3027
375
3435
3687
3255
3440
3440
375
375
374
3453
3218
3863
3217
4230
3764
3753
4028
3905
3670
3784
3396
3454
3239
3509
3509
3476
3528
3459
3519
3519
3486
3310
3463
1636
4101
3671
3499
3556
3740
4120
2905
372
3240
3210
3418
3493
3476
3553
3674
3458
3503
3481
3775
3552
375
373
373
373
3455
2939
3527
3297
3652
3157
3203
3533
3493
3354
3528
3495
3496
3486
3162
3760
3911
3429
3462
3285
3502
3463
3436
3767
375
3440
3886
375
3456
3493
3457
3503
3529
3555
3843
3775
3761
3552
3509
3208
3519
3503
3530
2945
3775
3775
3775
3525
3651
3474
3533
3172
1636
3483
3346
3553
3680
2782
3516
2850
3544
3027
3370
3488
2869
3868
3534
3767
4176
3499
3354
3495
3500
3116
3794
3872
2704
3712
3922
3674
3479
3689
4176
3701
3110
3502
3286
373
4107
3561
3752
2716
2856
3220
3759
3569
476
3704
3571
3624
3694
3575
4204
4138
3608
4279
4931
4041
4038
4038
4326
4315
4328
3581
4328
4039
4315
3660
3703
3622
3734
3660
3733
3599
4915
3598
3949
3799
4929
3615
3908
3708
3600
3736
4916
3947
3635
4913
4921
3976
4905
3643
3804
3805
3936
3908
3936
3936
3695
3695
3678
3754
3734
3734
3703
3591
3805
3804
4102
4900
3975
3943
4919
4913
4917
4910
4910
3809
3809
4914
3842
4116
4258
4935
4930
3807
3807
3797
3642
4173
3939
4115
4915
2855
3805
3459
2810
3429
3647
3651
3017
3777
3656
3655
3571
3655
3850
3572
3660
3688
3662
3621
3804
3664
3783
3616
3646
3646
3623
3852
3767
3499
3673
3571
3654
3488
2838
3908
3695
3676
3680
3759
3918
3257
3761
3613
3626
3616
3622
2850
3496
2782
3492
3542
3626
3510
3617
3711
4050
2746
3699
3699
3656
3427
3622
3662
3662
3754
3754
3708
3695
3678
3711
3648
3845
3714
3604
3626
3718
3667
4168
3722
3659
3100
4162
4167
3099
3853
3626
3729
3605
4923
3734
3272
3709
3600
3519
3520
3566
4120
3741
3693
3731
3702
2704
2704
3648
3683
3748
3878
3445
3849
3665
3688
3754
3621
3711
4192
3513
3046
2747
3648
3542
475
3763
3664
3695
3708
4087
3769
3606
3864
4211
3676
3906
3872
2704
3661
3012
3156
3557
3694
3906
3794
3798
3015
3844
3649
3923
4232
3745
3745
3787
4135
3727
3290
4159
3872
3794
3872
4108
3794
4147
4108
3103
3798
3802
3802
3936
3936
3805
3935
3936
3802
3936
3936
4173
4115
4930
3806
4930
3807
3842
4269
3639
4322
4922
4234
4233
4218
3824
4287
4269
4322
4322
4894
3807
4174
3818
4278
3822
4010
4137
3880
3719
3839
3618
3695
3678
3603
3835
4067
3780
4069
4909
3909
3514
3844
3747
2852
3768
3115
4064
3243
3427
3931
3511
3912
3212
3754
3801
3859
3712
2851
3748
3574
4102
3290
3924
3163
3554
3756
4108
3678
3514
3544
3430
4305
2870
3549
3865
3572
3744
3872
3908
3712
4107
3558
3502
3712
3712
3747
3776
3186
3186
3191
4305
3631
3864
3494
3784
3931
3513
3460
3936
4101
3605
4161
3645
4065
3912
4065
3858
3754
3925
3941
3649
4111
3712
3286
3712
3502
4108
3155
4101
3681
3247
3247
3787
3931
3756
3503
4098
3802
3936
3798
3798
4167
4062
4126
3782
3975
373
4905
3947
4921
3949
3803
3948
2851
3846
3891
3891
4946
4158
4385
4390
3963
4195
4114
4090
3513
3774
4034
4226
3581
4054
4286
4037
3975
4919
3946
3992
3823
4921
3977
4010
3984
3812
4021
3635
3637
4894
3812
3821
4014
4362
4333
4010
4369
3634
3635
4018
4921
4013
3983
4907
4339
4370
3988
3996
4279
4326
4332
4332
4315
4328
3980
4361
4014
4014
4369
4011
4363
4381
3986
3814
3814
3820
3812
4894
3812
3811
3824
3639
4022
3809
4930
4115
3975
4905
4064
3883
3621
3908
3609
4043
3977
4034
3827
4007
4904
4904
4006
4332
4330
4904
3990
4364
4369
3975
3609
4931
3977
3975
3647
3420
4112
3756
3015
4901
3978
3827
4007
4276
4297
4325
4055
4928
4057
4040
4932
4197
2940
4166
3657
3272
3562
3679
3798
3908
4070
4197
4043
4034
4932
4932
4934
4197
4901
4262
4001
3582
4210
3581
3999
4926
4281
3582
3017
3192
3886
4161
3745
2839
3513
3678
3737
3047
3101
4162
4091
4223
4054
4210
4198
3682
3743
3353
3460
4931
4107
3502
4215
378
3012
4111
4134
3769
1272
4115
4115
4119
3617
4965
3939
3945
3828
4231
4130
4213
3964
2941
2940
3907
3907
3662
3609
3430
3186
3758
4063
3942
3724
3816
3880
4162
3169
3296
4177
4940
4147
2812
3446
3618
4106
4034
3584
4210
4261
3430
3874
3919
4062
4112
4121
3013
3670
3675
4084
4179
4096
4125
3739
3705
3214
3215
3798
4173
4175
3843
4280
3502
4162
3942
380
4093
3213
4127
4266
3572
3858
3841
4117
4119
3843
4266
4192
3562
3511
4196
4931
3932
3502
4266
2814
3832
3916
3836
4128
3707
4173
4261
4289
3444
4230
3832
4091
3293
3448
4173
3466
4026
3704
3916
4223
3618
4281
4281
3581
3988
3822
4199
3757
4127
4224
4270
4236
3808
3841
3932
3292
3217
4150
4305
3191
4131
4385
3189
4132
3900
1273
377
4390
4451
4473
4473
4468
4450
4046
3841
3511
3461
4930
4930
3834
4332
4315
4332
4131
4237
3934
4224
3834
4930
3642
4174
3807
3581
3875
4273
4218
4227
3990
4288
4279
4339
4339
4907
3511
4319
4038
4904
4236
4319
4328
3992
3813
4339
4322
4236
3895
4939
3899
3891
3891
4132
4263
4384
4384
4404
4317
4180
4200
3895
4200
3189
4146
3739
4308
4258
4939
3990
4364
3956
4317
3895
3997
4319
3855
4305
3808
3842
4904
4327
4904
4011
4904
4350
4004
3956
4200
4904
4132
4244
4308
4305
4922
4016
3986
3814
3814
4339
4245
4298
4065
3963
3962
4180
378
3565
3944
3876
4321
4387
4384
4244
4244
3990
3812
4322
4348
3565
4379
3986
3814
4017
4012
4380
4369
3980
4200
4379
3986
3814
4380
3986
3814
3983
4922
378
4386
4014
4017
3814
3984
4305
4264
3986
4308
4169
4195
3565
3962
4195
3963
3565
4285
4285
377
4386
4348
4356
4298
4321
4404
4404
4524
3961
3963
3962
4390
4395
4406
4406
4247
4248
4387
4248
4376
4335
4508
4640
4410
4556
4478
4512
4559
4600
4505
4777
4422
4720
4699
4788
4750
4682
4708
4760
4750
4571
4544
4779
4608
4655
4605
4404
4524
4249
4567
4665
4462
4525
4525
3961
4473
4387
4385
3962
3963
4524
4567
4567
4384
4406
4404
4404
4249
3960
4300
4352
4248
3962
4395
4248
4406
3962
4471
4249
3962
4406
4249
3962
4406
4406
4249
4391
4524
4406
4524
4248
4508
3960
4567
3962
4566
4511
4416
4675
4783
4659
4653
4720
4750
4605
4544
4750
4744
4750
4699
4653
4779
4582
4653
4653
4484
4791
4513
4399
4398
4451
4451
4653
4248
4376
4352
4567
4353
4567
4410
4613
4524
4451
4451
4390
4451
4478
4463
4665
4769
4402
4569
4567
4478
3962
3962
4655
4759
4655
4744
4682
4787
4571
4582
4620
4571
4750
4779
4779
4779
4583
4571
4750
4571
4582
4779
4605
4398
4387
4346
4544
4750
4544
4592
4750
4544
4750
4608
4583
1276
4427
4664
4655
4708
4655
4467
3962
3962
4655
4579
4699
4544
4708
4451
3962
3962
4394
3962
4544
4544
4402
4459
4605
4744
4571
4393
4460
4753
4544
4727
4760
4760
4779
4540
4582
4750
4655
4582
4750
4460
4632
4524
4571
4571
4544
4335
4377
4592
4556
4700
1276
4303
4666
4304
4389
4750
4571
4571
4571
4540
4749
4571
4582
4393
4346
4760
4750
4525
4571
3962
4753
4653
4653
4635
4653
4555
4777
4600
4473
4582
4399
4567
3962
4568
4623
4729
4764
4484
4675
4750
4555
4623
4653
4687
4640
4525
4490
4571
4497
4682
4697
4697
4788
4623
4623
4609
4957
4779
4776
4659
4761
4788
4750
4571
4750
4747
4630
4733
4571
4653
4653
4653
4462
4720
4957
4670
4729
4400
4473
4462
4957
4750
4720
4720
4720
4720
4720
4720
4807
4720
4720
4807
4620
4620
4490
4452
4571
4503
4503
4639
4639
4659
4653
4778
4480
4791
4637
4462
4442
4687
4740
4720
4807
4807
4807
4750
4720
4419
4806
4740
4740
4699
4764
4762
4798
4957
4791
4400
4570
4512
4677
4763
4720
4720
4720
4720
4699
4720
4720
4659
4659
4961
4499
4620
4411
4401
4499
4461
4720
4538
4961
4639
4740
4720
4490
4740
4786
4763
4653
4653
4479
4785
4733
4733
4620
4720
4720
4720
4720
1277
4959
4639
4474
4474
4423
4807
4807
4763
4791
4768
4705
4807
4807
4666
4720
4764
4763
4763
4620
4720
4763
4740
4807
4740
4423
4763
4720
4764
4423
98
98
4823
226
98
4823
4823
4823
4823
98
433
4823
4823
321
98
98
98
98
98
755
730
4856
787
4837
584
745
745
726
787
726
745
4851
745
983
726
4856
584
726
983
787
4851
787
755
983
726
4832
1041
1041
787
4856
4832
787
4856
787
983
1041
755
687
1041
4856
4856
745
745
1314
367
211
1313
1576
1576
1523
1539
1529
1733
2787
2504
2563
3086
3067
2503
2671
2518
2474
3010
3154
3154
3154
501
2894
3696
3361
3696
2925
3010
2925
3075
3075
3075
2222
3506
4005
3936
3936
4084
4018
3807
3609
3975
4279
4279
4931
4903
4903
4367
3598
3814
4115
4115
3939
3949
3803
3799
3797
3806
3948
3948
3948
3799
4911
4913
3949
4913
4917
3638
3638
4287
3613
3999
4036
4003
4297
4933
4297
3799
3803
4012
4279
3999
3978
4010
4115
3609
3973
4929
3189
3899
2851
3846
3899
3465
3891
4036
4740
4579
4796
4592
4478
4655
4740
4787
4779
4582
4579
4655
4544
4682
4490
3798
3936
3802
1037
1037
1037
1049
755
755
3048
3048
2841
3010
3010
3010
3010
3010
2841
2841
3048
2841
3048
3010
2841
2841
2936
2841
2742
3010
2936
3048
3048
3048
3048
2936
2841
2423
2423
