1
133
163
79
275
321
428
230
547
381
625
118
50
106
88
24
69
282
150
4801
296
4801
354
4798
4796
94
95
129
51
85
105
88
407
97
232
299
299
299
52
280
27
90
95
20
11
20
11
95
236
129
242
441
446
510
174
166
213
230
250
204
90
86
129
107
83
83
83
54
83
296
296
54
82
83
83
83
130
130
20
126
78
126
380
266
291
125
133
39
126
126
209
75
4803
300
3
300
297
7
51
95
63
63
83
83
83
63
63
95
129
50
63
129
103
91
83
129
63
83
63
63
83
83
63
34
126
126
78
95
86
86
83
83
129
51
129
133
163
201
506
506
359
185
361
117
830
424
534
193
357
63
50
95
87
212
204
8
63
106
50
91
66
212
84
236
84
97
231
299
254
63
4805
240
141
142
407
245
63
83
79
163
163
40
159
293
106
236
84
236
407
212
224
414
450
444
194
195
556
557
118
750
424
833
425
425
543
750
116
369
540
455
118
201
258
228
229
625
85
216
236
7
131
321
219
63
452
187
7
130
161
96
85
79
79
51
63
230
63
219
167
525
563
559
83
213
213
515
403
360
360
361
725
83
63
63
88
452
230
83
269
248
248
75
163
403
230
83
83
83
83
293
236
219
63
83
78
42
83
236
114
114
414
298
360
360
83
4802
83
54
78
14
192
293
293
293
431
7
552
431
177
84
221
520
310
193
221
236
291
280
211
67
240
68
16
239
4795
239
212
441
79
42
213
359
83
394
359
83
280
316
42
115
69
384
143
161
275
326
161
321
326
161
145
384
59
154
296
145
508
453
57
4800
444
552
443
63
427
368
531
770
1098
1098
855
884
1098
1077
1836
2087
2472
2489
3199
3543
3543
3885
4383
4364
3187
1772
349
83
145
371
5
82
418
359
369
523
531
770
853
830
518
650
297
275
220
442
83
323
4796
4796
55
246
55
4802
508
573
193
144
318
296
55
82
57
508
53
4797
17
446
193
4805
229
240
323
4801
17
162
4797
361
144
55
296
398
519
56
318
246
354
262
4802
16
142
280
150
27
185
361
510
118
424
838
799
195
195
189
540
10
195
507
518
625
189
195
555
557
527
721
424
1222
996
846
996
833
833
833
329
884
1347
335
1306
2508
2813
2908
2908
3215
2523
471
472
473
2968
3040
3368
2679
2679
2890
2367
2226
2226
1909
2237
1908
1970
1634
1626
1756
1582
1644
2682
2848
2329
2258
2665
502
361
540
534
556
556
738
555
363
625
118
543
770
738
796
117
118
721
118
117
796
750
117
721
750
721
750
625
796
1054
1077
796
653
699
661
769
769
627
729
4840
921
1417
1328
1328
1471
1425
1425
1351
1261
1270
599
1118
1021
986
1075
1085
935
1035
1038
699
785
629
587
587
574
634
661
661
662
721
731
729
591
4847
4847
706
745
706
868
646
1094
644
860
1417
1024
919
919
1270
721
523
770
856
2289
1574
808
4842
729
750
676
781
4842
750
677
918
590
816
424
541
853
1077
633
634
4842
704
4812
642
661
656
4812
769
816
816
816
816
866
594
594
867
585
585
680
4842
873
824
802
4830
753
719
753
781
859
661
611
781
424
4813
543
750
830
796
884
366
425
425
833
996
996
769
814
797
853
1098
750
867
533
1098
855
661
799
816
868
662
662
585
587
609
585
775
753
832
838
1051
1051
1051
1051
799
661
594
796
796
750
867
586
664
585
871
609
616
424
996
754
709
968
729
855
609
934
1100
1100
1089
1086
966
993
424
1574
2305
2305
1079
750
693
4843
585
714
813
838
799
585
834
4827
587
799
867
1024
805
917
796
857
4858
795
852
819
1070
1068
1113
4847
4813
1100
609
424
993
867
852
987
838
1079
1288
2445
2276
896
2305
799
1288
1288
2479
799
993
1574
917
1079
1057
1057
2305
4827
805
4844
873
873
1046
1472
1377
1377
663
993
4838
967
805
837
829
1079
1079
1288
993
425
425
425
855
855
425
425
425
867
920
966
967
919
1087
2028
2243
2900
2540
3007
2913
2089
2538
904
904
904
2383
2383
911
911
2522
2522
2522
907
1050
1049
993
966
1086
919
1472
1186
1186
1186
1351
1328
4826
966
941
998
932
975
1166
940
1166
941
1115
941
941
1273
1195
1010
941
1297
1266
1297
1265
1265
1297
1280
1008
1794
1810
951
1984
2259
2642
1097
999
1005
1072
928
986
601
991
980
885
1097
1132
1126
998
941
941
983
1085
1251
1250
606
1250
1166
1349
1499
1170
923
1072
988
975
983
1056
920
919
1261
919
1261
424
833
424
941
941
1266
1203
1203
941
941
1247
1266
1203
1297
1266
1297
1365
1365
950
1249
1368
1854
1790
1182
1927
1331
1247
1135
1247
1115
1329
1351
1186
1425
1425
798
941
1019
1203
1265
1280
1368
1280
1124
1188
1025
996
4841
4841
924
972
984
1328
828
4957
1046
826
1043
826
1105
1107
838
1079
1266
941
898
1574
2049
2311
1089
966
1085
1239
1477
986
1253
1114
1422
1301
595
941
1266
941
1100
925
935
858
858
1079
4847
1125
1332
939
1074
1038
941
1200
1099
1286
1286
1327
1327
1261
919
1261
1095
1021
1025
1085
601
1292
1292
1292
1425
1328
1108
4952
1301
1301
1114
4833
941
1422
595
1339
1322
941
1266
1266
1167
1099
1113
1247
1247
1247
1266
1072
1185
1266
1063
1292
1177
1127
1174
1439
1163
1234
1263
1544
1140
2128
2126
2635
2565
1884
1884
2512
2815
2754
3071
485
2616
1158
2694
2617
483
485
3011
2599
1808
2628
2635
1162
1230
1266
1076
1365
1364
1242
1364
1167
1243
1171
1169
1247
1266
1224
1282
1422
1266
1269
1561
1677
1617
4847
1090
1090
1351
4832
4832
1232
1297
1265
1265
1203
1297
1297
1297
1365
1323
1243
1251
1251
1593
1199
1251
1167
1247
1247
1247
1137
1137
1207
1229
1480
1829
1178
1266
1251
1488
1232
1118
1247
1247
1247
1247
1079
1229
1559
1554
1705
1551
1225
1275
1051
1326
1412
1546
1266
1266
995
1214
1297
1297
1008
1365
1297
1365
1010
992
1243
1351
1203
1135
1213
1298
950
1509
1422
1100
1129
1262
1093
1261
1091
1232
1266
1486
1261
1261
1261
1327
1093
1116
1247
1232
1353
1129
1089
1229
1276
1247
1133
1247
1135
1412
1358
1247
1381
2305
962
1262
1422
1203
1266
1266
1357
1286
1261
1479
1422
1410
858
1247
1288
1079
989
1248
1364
1365
1232
1266
884
1098
884
888
1733
3160
3009
4371
4508
4232
4235
4514
4757
4770
4775
4770
1261
1261
1261
1351
1275
608
1199
1203
1327
1327
4832
1425
1133
1379
1005
1235
1189
1019
1129
1603
1214
732
833
833
425
1098
1065
652
1364
891
1243
985
1169
1261
1247
997
1098
425
1098
1077
1376
1078
1077
1486
1545
1407
1161
1247
1213
1178
1517
1667
1265
1297
1266
1297
1274
1182
1261
1360
1696
1545
1228
1692
1129
966
1297
1297
1265
1297
1274
1274
1297
1274
1300
1517
1233
1351
1425
1272
1209
1487
1487
1227
1019
1553
1831
1840
1973
1884
1602
1601
1488
1300
1365
1300
1186
1425
1186
1351
1327
1327
1129
1351
1397
1500
1562
1327
1576
833
883
996
682
833
833
833
1343
1466
1466
1467
1432
1585
1483
329
855
821
1200
599
1462
1323
1008
1008
1008
1594
181
996
996
1052
850
1881
1969
2435
2527
896
833
329
742
1453
1668
1859
2501
1382
1357
1378
1039
1323
1300
1300
734
181
1549
1688
1529
1296
4832
1328
1471
1471
1077
652
654
1850
1010
1195
1705
1577
1382
1292
746
882
465
1518
1880
1460
1272
1509
1509
461
807
1274
1323
1854
1274
1323
1368
1368
1280
884
1128
821
1465
1247
1203
1203
1203
1487
1487
1209
1209
988
1125
846
846
846
847
734
996
1297
1274
1368
1436
464
1077
1247
1209
1038
746
1281
1551
2479
1288
847
1051
1288
1222
1288
1051
1051
876
1553
1344
1597
1193
1203
1702
1624
839
1278
1616
1194
1599
1406
492
1288
1526
2132
1451
1577
1706
1580
1682
1579
1602
2028
2028
1576
1488
494
1500
1702
1116
1083
1051
846
839
839
1578
1683
462
1203
1124
1206
2330
1651
807
1659
1580
1432
1585
1585
1615
1606
1886
1468
1482
1518
1444
1430
1346
1300
1008
1236
1265
1265
1601
1650
1664
1638
1190
882
1686
1203
1051
2289
1582
1582
1637
494
1402
1528
1513
2000
2880
2856
3429
2246
1611
2910
1613
2316
463
1352
1517
1078
876
2049
2049
2311
2228
2308
2305
1580
1615
1570
1728
1728
1432
1432
1323
1368
1323
333
2028
2289
2049
1636
1639
1792
1728
1728
1580
1728
1585
1687
1641
2525
1728
1728
1432
1323
900
1853
1603
2022
491
847
1580
1073
1580
1728
1615
607
1083
1692
1552
1662
1791
2012
2237
1428
1304
1405
1581
1792
1872
1490
1533
1482
1453
1289
1366
1383
1747
1134
1606
1481
1533
1280
1435
1192
1211
1676
1775
1987
1702
2049
1605
1585
1665
1585
1283
1192
1526
1563
1132
1570
1498
1675
1356
1582
1878
1838
1745
1380
1797
1856
1451
2001
1619
2322
1280
1585
1139
1776
1662
1581
1007
960
1850
2243
2348
1356
1579
1790
1016
1203
1719
1179
1815
1888
1840
1124
1725
1753
1604
1688
1354
1055
1752
1712
1556
1647
1842
1807
1972
1807
2267
2267
2311
1005
1212
1704
2023
1257
1236
1265
1265
1751
1850
1346
496
1360
900
2051
1855
1636
2028
1678
1265
1280
1854
1117
1182
1249
2087
2489
2489
2557
1713
2088
1475
1698
1639
1280
1779
1780
2234
2260
2259
501
2642
1787
1436
1408
1797
1930
1607
1236
1534
1795
1895
1618
1265
2302
2201
1966
1482
1896
2310
1845
2298
491
1846
1928
1825
2202
1694
2272
1813
1654
1967
1346
1305
2319
1730
2542
1967
1865
1212
1913
2479
1850
1690
1143
2022
1846
1886
2170
2170
2028
1434
1754
1881
491
1923
1970
1916
1907
490
1970
2290
1790
2311
2291
2311
2034
1876
2189
1788
1015
1879
1790
1854
1964
1585
2325
2228
2228
2170
1964
1804
1670
1450
843
1450
2051
1924
2368
1640
889
1906
2311
2049
1710
1801
1827
1906
1666
2132
2555
491
1809
2291
1837
1866
1710
2202
2260
2260
2260
2257
2642
2258
1971
1841
1870
1854
2276
2527
1794
2309
1971
2325
1884
1923
1870
1449
1871
2798
2291
1729
1873
1456
1447
2012
1909
1909
2417
2861
2679
2679
2890
2861
2367
2367
2527
2170
2000
1860
2009
2034
1583
1842
1924
2746
2853
2474
2853
2090
2778
3089
2475
2522
2522
2474
2522
2746
2746
2338
2475
2475
2746
2746
2746
2853
2897
2853
2853
2897
2778
2778
2778
2778
2384
2338
2338
2746
2746
2338
2338
2474
2746
2853
2991
2897
1965
2399
1670
2472
2738
1906
1971
1845
2338
2897
2870
2338
2853
2201
1782
2259
1693
1678
2746
2853
2897
2778
2778
2522
2522
2746
2009
466
2496
2404
2547
2519
2820
1868
2396
2897
2778
2338
2338
2778
2778
2778
2778
2338
2348
1708
2193
2540
2396
2870
2870
2338
2338
2853
1867
2544
1908
2037
2236
1907
2540
2901
2540
2522
2475
2522
2522
2474
2900
2348
2009
1907
1148
2325
3156
2069
3286
2120
4584
4734
4770
4655
2173
3089
2987
2870
2870
2527
2078
2990
2069
2173
2173
2173
2338
3030
2069
3286
2120
2885
2897
2474
2474
2474
2897
2897
2897
2336
2548
4770
4770
911
2474
2522
911
4655
4655
2991
2900
2522
2557
2348
2348
902
903
2474
2474
2474
2474
2897
2897
2897
2897
2897
2897
1485
1640
3089
3046
2280
3089
2987
2987
2120
2338
3030
3286
4660
4472
4699
4699
4653
2824
2897
2474
2474
2474
2474
2474
2078
2362
4988
4882
4988
4988
4976
2337
2870
2338
2735
2870
2173
2474
2521
904
2348
2348
2142
1873
2987
4752
1841
1883
2339
2870
4636
2538
2522
2173
2173
2522
1713
1814
1967
1907
1380
2090
2090
2913
2396
2090
2778
2900
2556
2540
911
907
2173
2173
2179
1784
2318
1760
2472
2472
3286
1830
2558
2142
2348
2318
496
1640
3051
4657
2778
2538
2173
1984
2350
3209
2988
2283
3086
3080
3080
3209
2988
2988
2069
2988
2988
2988
3208
3087
3080
3080
3141
4625
4625
2036
3197
2984
902
1800
1814
2257
1914
2100
2298
1362
4654
3153
3086
2262
2193
2373
2247
2556
4655
4752
2173
1713
2272
500
500
1901
2315
3080
3208
3086
3208
1658
1904
911
2412
2120
3082
2984
2984
2984
2778
2778
902
903
2853
903
2984
4752
907
3082
2984
2984
2556
2247
2540
4770
490
490
1161
2396
4698
1890
1891
2894
2984
1809
2247
2232
1996
2898
2553
2191
911
1731
1909
911
2280
2298
2298
1808
501
2350
2280
2512
1884
1884
2635
907
911
911
2474
2522
2897
1455
3082
3086
3089
2519
4770
2538
907
2192
2465
3087
3086
2407
1612
2755
2829
1611
2755
1884
1884
2181
954
2159
2460
2421
2737
1909
4976
2173
4698
4698
4705
4777
4698
4770
4770
4770
4770
4698
4770
2059
4717
2383
2383
911
1865
2513
2946
3010
2850
2396
2540
2540
2540
2557
2557
2396
500
500
2120
4729
4684
2518
2547
2547
2326
2538
2319
2319
2400
467
2510
3141
3080
3208
1612
2635
2472
2366
2598
4976
2481
2126
4976
4698
911
1752
4653
1917
1909
2396
2540
4876
954
911
3286
3087
3046
2965
1612
2519
4699
2481
2635
4770
1819
1732
2280
2913
2913
2778
2987
3286
2984
4770
2749
2988
2988
2988
2988
2226
2226
2226
2540
2628
911
2383
911
1967
3087
2120
2120
1149
2619
2834
1150
4983
4993
1158
1150
1149
2757
2834
2348
2558
907
1995
498
2684
2683
2099
2281
2417
2540
907
1726
2184
2594
3008
3009
3546
1732
2185
2936
3286
2538
467
3086
3086
3086
2540
2540
2540
2396
911
2666
3280
3010
2544
2366
2366
2984
2566
2619
2619
1158
1150
1158
2620
3271
3683
4105
2535
4974
2348
902
2901
2509
3280
3208
3046
1808
2540
2540
4770
2489
2489
3087
1611
2356
2316
2984
902
2348
904
904
2400
2185
2988
2859
2755
2628
2120
2869
1922
2849
1919
3340
3042
3341
3230
3230
2591
3662
3531
3531
3740
3740
3231
472
3512
3400
2755
1611
2623
1773
3208
3069
1809
2849
3368
3340
3368
3229
3230
3531
3341
3340
3340
3350
3042
1918
1922
1920
3144
3340
2869
2869
2750
2751
2869
2797
2540
2396
2489
2489
3286
3046
2750
2869
2856
3894
4309
4287
4287
1309
4310
4336
4241
4241
4241
4241
4241
4241
4321
4321
4321
2383
3208
2373
1997
4274
3033
2538
2492
502
2203
2847
3023
3467
3536
4247
2827
2663
2661
2717
2830
3143
3023
499
468
2937
2504
4150
3889
3548
4356
1308
2508
2936
3009
2988
2988
2988
2988
3286
2316
2316
1910
2409
1306
2947
2948
3450
3860
3861
3447
3447
3398
3350
3144
3070
482
2849
3033
2420
2988
2859
489
2792
4974
2792
4879
2792
4879
2792
2716
2963
2977
1158
4974
2537
2846
2819
1158
2740
2744
2906
2831
3242
2760
2715
2721
3301
3469
3301
4981
2452
2541
469
2879
2879
3534
2069
2280
2869
2553
2984
4974
4981
4974
4981
4770
4770
2654
2744
2383
4879
2297
2988
2890
2890
2890
2677
3025
3331
2753
3073
2984
4873
1156
3514
4247
3900
4183
2764
3716
3019
2843
2534
4105
2876
2840
2709
2529
4788
2538
903
2383
911
1994
2492
2671
2120
2554
2819
2619
2567
4873
2776
2812
2383
4879
502
2388
2388
2667
2908
2908
1922
2861
2829
2984
2540
2529
2694
3046
2695
2358
2599
2619
2059
4705
4698
911
4879
2731
2695
2367
2861
2367
3069
4729
2984
2540
4770
4717
4698
2383
911
911
911
911
499
2281
2597
2396
2836
911
911
911
3286
2751
2814
3109
3360
3797
3797
3659
2841
4077
3469
2658
2827
2827
2966
2861
2540
2836
2830
2559
2464
3459
2547
2540
2547
2851
1910
3040
4706
2620
4788
2789
902
2987
3089
2869
2861
904
2920
2280
2599
2540
2981
3697
4085
2647
3425
3089
3234
487
4788
904
911
911
911
911
3286
2870
2987
2818
2913
2556
2778
2694
2977
904
3234
2617
2901
4717
911
2651
2652
2878
2664
3618
2855
3528
2756
2912
4150
2708
3027
2660
904
911
2120
2338
2281
4729
2336
4770
2489
2550
2540
904
2904
3393
3932
4077
2842
2472
2728
2987
2835
2540
2840
3242
904
3199
3199
2453
2731
3510
3266
3508
3847
3524
3573
2120
2750
4788
2540
2901
2557
2490
3269
3107
2913
2556
904
2885
3240
2911
1910
1920
1920
3144
3144
2754
2754
2849
485
2571
481
3071
3242
2533
2557
2490
2474
2474
2474
2474
2474
911
2854
2338
3729
3675
3674
3771
3771
3442
3111
3128
1774
3160
3008
2679
2754
2774
2557
3015
2774
2982
3018
3750
3201
3487
3023
2827
3069
1610
1613
2993
3027
2474
2474
2474
2337
2338
3489
4331
4351
4351
4331
4351
4333
4261
4323
3089
2849
4762
3026
3073
2547
4788
3242
2941
3027
3301
903
911
2852
2720
2982
2982
3088
3088
3013
2915
2915
3247
3259
3437
4157
4248
3928
3253
3308
2929
2351
2679
3042
3340
483
2778
2778
903
2778
903
903
903
2778
2533
2474
2474
2490
2540
2852
2774
3088
3715
2723
3050
3484
3099
3849
3100
3627
3484
2541
2909
2870
1920
3042
3349
3350
3341
3230
2591
3230
3368
2679
3230
2591
3504
3551
3740
3501
3271
2778
2778
2778
2778
2474
2472
2814
1920
3349
3349
2547
903
2778
2941
2945
2921
3042
3349
3350
3341
3341
3350
3229
3350
3144
2778
3349
3350
3350
3350
2540
903
903
2474
2982
3237
3199
3199
4093
4224
3774
3922
3922
3922
2764
3716
3940
3939
4078
4078
4121
3965
3251
4122
4164
4078
3940
3940
3405
2983
2983
2773
3689
3343
337
2870
1610
2679
3144
2897
2897
2533
2474
2474
2474
2489
3466
3746
3316
499
3160
2570
2778
2897
2897
2474
2474
2490
2475
2903
2489
3010
3340
2679
2679
3368
3368
2591
3401
3401
3400
473
3678
3368
2778
2540
2474
2475
2557
3368
3368
3220
3358
2897
2853
2474
2474
2474
3301
3471
3728
3728
3769
3965
3677
3793
4129
3433
3522
3088
3088
3088
3088
3088
3088
3088
2731
2794
3314
1609
3350
3117
3360
3136
2897
2897
2853
903
2474
3342
3418
1822
2352
3350
2897
2474
2474
2474
2897
903
2897
2475
2474
2474
2474
3199
3363
3024
3146
2969
3233
903
2490
2490
2474
2474
2474
2474
3402
3402
3088
3155
3155
1772
2666
3023
3281
3033
3349
3368
3350
2533
2474
2474
2474
2897
2474
3155
2489
2720
2773
2983
3088
3240
2474
3406
3278
3721
2667
2857
3895
3230
3230
2968
3321
3510
3574
472
2504
2756
3230
1610
3353
3796
3941
3885
3368
3340
3341
3341
3471
3056
3721
2495
3401
2490
2959
2540
3403
3248
3856
3761
3098
3691
3830
4249
3641
4015
3048
3049
3308
3326
3334
3056
4049
4155
337
4167
3536
3459
3368
3368
3230
3368
3400
3400
2533
3469
3469
2490
3373
3533
3310
3096
2724
2765
3715
2983
2773
2720
3652
3710
3316
3229
3400
3400
2490
2490
2493
3293
2773
2773
2773
3269
3350
3350
3368
3321
3059
3387
3435
3013
3653
2388
2667
3642
3401
2591
3551
3347
3772
3740
3526
3422
3199
3542
3689
3166
3263
3281
2547
2941
3373
3293
3774
3433
3708
3487
3492
4154
3683
3341
3189
3753
3383
3572
3416
3415
3621
3229
3229
3229
3229
3401
3403
3728
3383
3715
3466
3642
3471
3728
3165
3010
3230
3230
3347
2969
3296
3510
4288
2591
3231
2983
2932
3715
2387
2794
2733
3309
2856
3620
2591
2591
3662
2667
3437
3667
3667
3574
2950
3941
2844
3678
2726
2523
3708
3365
2639
2591
2591
2912
3199
3199
2550
3543
2667
2504
3798
3548
4241
4241
3909
3909
3350
3889
3189
3626
4145
3629
3704
4182
3985
4932
4142
4140
3969
3969
3969
3969
3969
3969
3969
3258
3555
3829
3667
2733
4054
4044
4055
4044
4054
4020
4030
3585
3763
3763
3896
4182
4038
4055
4060
4057
4059
4042
4038
4137
4037
4030
3972
3974
3944
3763
3877
3719
3704
3555
4037
4019
3967
4042
4056
4057
4055
4912
4912
4912
3994
4915
3993
3995
3995
4922
4922
4044
4044
4038
4037
3506
3895
3460
3471
3728
2771
2912
3484
3919
3704
3762
3704
2763
3555
3258
4054
3756
1307
3547
3604
3589
3555
3100
3903
3347
2590
3500
2908
3632
3715
4081
4081
3940
4080
3715
4013
3944
3576
3733
3471
3623
2771
3738
3374
4054
4019
3534
3604
3775
3504
3662
3551
3662
3540
3715
2388
3764
3972
3972
3835
4288
3623
2725
2795
470
2667
4050
3464
3732
4013
3877
4896
3438
3889
3422
3949
4095
2667
4125
4125
4125
4178
4149
3940
4045
3939
2771
2771
3778
2932
2842
3589
3603
4182
4054
3877
3931
3524
3877
3877
3417
3009
3009
2533
2591
4182
3862
3862
3693
3766
2632
3843
4150
4131
3678
472
3678
470
3637
3940
3405
3555
3731
3767
4177
3871
4036
3469
4276
3663
3215
4095
3756
3877
3584
3885
3231
3551
472
3919
4137
4139
3911
3747
3850
3732
3471
4274
472
3574
4125
2763
3863
3972
4085
3403
472
4015
3377
3939
3940
3940
2843
3250
4045
3937
3965
3483
3850
3905
3905
3160
4893
4030
4030
4030
4030
4921
3992
3993
3993
3993
3993
4912
3994
3970
4205
4041
4932
3561
4263
3564
3996
4262
4254
3993
3562
4206
4065
4139
4932
4182
3818
4209
3584
4124
4124
3558
3822
4022
2996
3442
3531
3551
3551
4331
1310
4287
4309
4270
2795
4095
3527
3100
3704
3468
4210
2944
3529
3731
3769
4351
4351
4331
4331
1310
1310
1310
3333
3512
3574
4057
4078
4121
3527
3847
4241
4151
4241
4241
4089
3794
3877
3442
4323
4331
4331
4331
2590
3772
471
3868
3704
4125
3600
3944
4274
3543
3886
3551
4341
4341
4351
4333
4331
4331
4331
4331
1310
4331
4351
4351
4333
4333
4333
4358
4333
4351
4057
4932
3484
4125
4210
4090
4081
3004
4331
4182
3847
3450
3187
349
4324
3877
3826
3469
4261
3543
4341
4319
3542
3847
1310
4285
3542
2951
4183
4323
3531
4341
4351
4351
3484
4066
2843
3468
4247
4072
4163
4079
3974
4893
2771
2771
2771
2534
4341
4142
3551
4137
4913
3966
4055
3992
4020
4331
4180
4331
4287
1310
4310
4310
1310
1310
4283
4283
4296
4376
4458
4426
4456
4371
4310
4287
3627
3847
4121
3636
3728
3969
3969
3969
3969
4059
4057
4057
4059
4059
4060
4060
4060
3968
4915
4205
3968
4205
4060
4065
4141
4140
3968
3966
4060
3968
4060
3969
3969
3969
3969
3969
4060
4140
4065
4065
4065
4140
4060
4254
4205
3970
4205
4915
3564
4915
4912
4042
4084
1310
4015
3548
3896
4042
3969
3969
3969
3969
4140
3969
3969
3969
4065
4042
4142
4139
4323
3490
4309
4151
4105
4042
4042
3969
3969
3969
3969
3969
3969
3750
2876
3846
3641
3908
3909
4921
3991
3969
3969
3969
3969
3969
3969
3969
3969
3969
3969
3969
3969
3969
2771
4077
3543
3447
3860
4285
2951
3932
4154
3558
3969
2762
2771
2843
4356
4133
3173
3969
3969
3969
3969
3769
3740
3937
4128
3969
3886
3767
2944
4241
4139
4323
3482
3100
4151
3992
4919
4020
4258
3992
2535
3761
3098
3686
4067
3750
3867
4100
4168
4158
4333
4333
3404
3937
3404
3967
4182
4067
3750
4097
1309
1309
4241
3965
4112
4241
1308
4241
4164
4918
3969
3969
3969
3969
4358
3937
3660
3447
3866
3641
1309
2653
3969
3543
4077
3251
3909
3381
3098
4922
3992
4105
4152
4932
3543
3404
4093
4176
3377
4177
4112
4241
4027
4027
3823
2995
4152
4152
4241
4241
3909
348
4120
3969
4177
4247
4241
4241
4186
4124
2944
4178
4249
3176
3969
3926
3793
3985
4112
4086
4114
3969
3788
3928
4189
3788
4027
3969
3969
3967
4153
2838
3377
4026
3562
3562
3996
4224
4079
4153
4255
3162
4358
1314
4326
4283
4230
4231
4458
4423
4775
4775
4689
4755
4692
4326
3985
348
4153
3993
3993
3969
4358
4152
2838
3985
3567
3567
3969
4224
4255
3969
4141
4140
3967
4932
348
3969
3969
4026
4241
3969
4241
4254
4206
3960
1309
1309
4310
4283
4370
1309
1310
1310
1310
1310
4370
1310
1310
4326
4431
4395
4462
4462
349
4310
1309
4371
4373
1309
4371
4371
4324
4296
4241
4241
4321
4376
3565
4321
3969
1311
4370
4362
1309
4283
3969
3969
4324
4264
4207
3969
3969
3969
3969
1311
4367
1311
4371
4140
1311
1311
4418
4359
4254
4254
4060
4376
4376
3959
4641
1318
349
4446
4418
4328
1317
4370
4329
3959
4205
4064
4378
4380
4065
4060
4065
4140
4140
4140
4373
4060
4140
4060
4060
4060
4064
4060
3958
4418
4140
4060
4254
4371
4458
4369
4456
3959
4365
4386
4641
4456
3958
4453
4454
4230
4388
4458
4514
1312
4386
4395
4500
4641
1318
4602
4633
4672
4672
4656
4478
4485
4473
4719
4934
4623
4480
4644
4582
4669
4673
4697
4610
4610
4610
4610
4610
4610
4610
4610
4610
4610
4529
4529
4664
4610
4610
4610
4395
4768
4586
4700
4700
4621
4770
4699
4429
4641
4425
4399
4780
4502
4395
4627
4672
4633
4701
4502
4502
4395
4235
4502
4701
4633
4621
4395
4633
4502
4505
4502
4471
4671
4574
4934
4944
4610
4610
4610
4732
4732
4595
4610
4610
4610
4610
4610
4610
4610
4610
4610
4610
4610
4610
4529
4522
4566
4935
4708
4685
4784
4646
4653
4624
4699
4483
4670
4472
4423
4672
4672
4755
4755
4695
4661
4671
4660
1319
4610
4610
4610
4610
4610
4610
4610
4610
4529
4529
4529
4529
4610
4610
4610
4610
4566
4529
4529
4610
4610
4610
4529
4610
4646
4610
4610
4610
4610
4610
4610
4664
4784
4661
4610
4610
4672
4781
4699
4610
4610
4610
4610
4610
4610
4236
4757
4696
4610
4610
4610
4672
4934
4610
4610
4610
4624
4236
4566
4648
4529
4610
4610
4610
4664
4664
4610
4610
4633
4610
4623
4403
4770
4529
4529
4529
4523
4610
4624
4784
4610
4477
4403
4523
4685
4721
4934
4776
4610
4529
4529
4529
4610
4523
4664
4712
4610
4529
4529
4529
4610
4610
4776
4610
4610
4529
4770
4781
4610
4610
4610
4610
4610
4523
4523
4607
4475
4640
4706
4523
4934
4571
4610
4637
4610
4935
4766
4649
4610
4554
4610
4610
4610
4664
4529
4934
4610
4610
4769
4529
4648
4529
4610
4660
4571
4571
4529
4610
4529
4529
4935
4610
4610
4610
4610
4935
4610
4610
4610
4529
4610
4714
4755
4669
4749
4754
4529
4610
4597
4597
4770
4529
4935
4935
4935
4529
4770
4700
4700
4610
4610
4610
4610
4610
4610
4610
4610
4610
4610
4610
4610
4610
4610
4610
4610
4782
4529
4529
4935
4610
4610
4775
4610
4755
4710
4754
4751
4751
4610
4610
4610
4610
4610
4610
4732
4610
4610
4751
4935
4610
4610
4610
4610
4409
4649
4610
4721
4685
4700
4782
4751
4529
4610
4529
4610
4610
4610
4610
4610
4610
4529
4610
4610
4782
4719
4529
4663
4738
4610
4721
4610
4529
4610
4610
4610
4610
4754
4708
4610
4610
4689
4648
4709
4755
4692
4610
4755
4610
4610
4610
4720
4610
4708
4709
4529
4610
4610
4610
4649
4754
4755
4582
4709
4610
4754
4610
4610
4697
4732
4664
4610
4529
4529
4610
4610
4610
4610
4610
4610
4610
4610
4610
54
83
28
296
63
55
296
55
254
63
83
54
392
296
83
296
83
221
52
96
1425
1105
785
586
1472
585
580
661
1043
802
4827
586
1164
1328
1328
1472
613
1080
1107
1328
921
587
594
4832
753
594
816
4832
1046
4827
1186
1328
729
1328
4830
4830
627
1098
425
425
833
833
833
1222
996
1222
846
996
1222
425
796
2289
4658
4623
4473
4684
4655
4699
4637
4770
4770
4472
2203
487
2617
2694
2257
2257
2642
2619
2694
2260
2257
4974
502
2642
2642
911
2540
4060
4037
4030
3969
4912
3994
4042
4059
4060
3969
3969
4057
4044
4205
3993
4030
4020
4020
4021
4021
4021
4063
4912
4055
4915
4041
4915
3994
3969
3969
3969
3969
3994
4020
4065
3969
3969
3969
4142
3969
3667
4352
4283
1310
1310
1310
4283
4331
4296
4283
4283
4333
4341
4331
4283
4333
4283
4648
4610
4610
4610
4610
4610
4610
4522
4523
4610
4529
4610
4610
4610
4610
4529
4610
4893
1459
4833
595
1422
1185
2792
4981
4879
2793
4993
4993
502
4882
4979
4879
1784
4879
1894
4974
4989
4879
4989
4993
4882
4981
4981
4879
4979
4979
4882
4882
4882
4879
1894
2642
4882
4882
4879
4979
4981
4979
4879
1186
1222
1222
2746
2746
2746
1308
482
3229
3230
3229
1309
