423
423
136
423
372
136
144
427
135
493
423
423
423
423
423
423
423
423
423
423
423
423
423
423
423
423
423
423
423
423
423
423
423
423
136
136
136
144
427
145
145
423
423
423
372
423
423
423
423
423
423
423
423
423
423
423
423
423
423
423
423
423
423
423
372
372
372
423
423
423
423
423
423
423
423
423
423
423
423
423
423
423
423
423
423
423
423
423
423
423
423
423
423
423
423
423
423
145
351
297
303
478
337
373
535
142
136
351
136
423
423
423
135
145
423
423
423
372
423
423
423
423
423
423
423
423
423
423
423
423
423
423
135
423
372
423
423
423
423
135
145
145
136
136
142
142
427
427
411
143
535
8
213
8
201
570
455
401
260
297
144
145
297
144
136
135
351
136
423
423
372
135
145
423
145
297
145
372
423
136
423
144
423
145
427
144
447
143
423
145
145
145
296
395
370
145
423
423
423
145
144
423
423
423
423
423
145
145
423
423
423
135
423
423
144
423
136
144
145
297
297
297
423
423
423
297
423
372
135
136
136
423
423
423
303
423
423
423
423
423
423
423
423
423
423
423
135
135
136
136
351
423
144
135
423
136
427
372
423
423
136
303
423
354
423
423
423
423
135
423
423
144
144
423
296
135
261
401
213
274
324
324
989
2382
2382
2349
1608
1608
1754
1576
2584
4654
4234
2192
2558
2951
4265
423
423
423
297
423
297
135
423
371
534
455
214
213
331
214
395
296
423
423
136
423
423
423
423
423
354
427
423
423
423
423
423
423
142
423
136
142
133
423
423
423
423
370
423
423
423
427
423
423
423
423
423
423
136
215
423
454
454
487
573
559
227
427
136
143
142
136
142
454
142
135
351
478
142
427
427
136
427
447
354
454
549
193
547
483
331
323
1516
1618
1930
2934
2811
3332
3446
3503
3702
3460
508
3714
3714
3714
3460
3460
3714
3460
3044
3460
3460
3359
3714
3044
1648
1877
1877
1877
1877
1877
1877
1762
1762
1741
1617
1740
1452
1452
1452
1452
1452
1452
1452
1721
1614
1614
1732
525
1831
1957
1518
1519
3172
3172
2928
2829
2829
137
135
136
454
142
427
534
143
143
454
216
136
427
261
262
555
15
261
373
373
535
478
427
225
427
143
142
472
226
214
213
478
472
370
487
535
549
142
535
487
479
213
322
322
493
627
4835
1101
819
4835
1505
999
1506
4849
4799
4799
999
952
1062
1062
1155
1155
1160
1192
1305
1458
1269
1269
1592
1546
1543
1066
1012
1051
1042
1015
1511
1044
629
4835
4850
627
1431
1100
4973
4832
686
913
865
1193
143
471
225
4800
4836
1411
1411
1302
4801
4801
942
950
1431
1233
961
996
4801
1000
952
1064
1063
1063
1033
648
447
214
213
331
252
331
899
899
858
627
942
941
478
627
4835
708
137
899
11
999
952
1064
999
951
950
952
1106
473
546
262
331
4833
1101
624
922
886
865
957
899
955
1064
142
1000
953
1064
1087
956
969
4832
4832
913
858
1234
1234
1134
1182
1166
1112
1107
471
711
957
487
487
431
141
1063
202
533
213
213
56
911
213
214
331
1062
969
213
957
262
555
956
910
910
1235
913
4832
1169
1168
1168
586
817
56
57
11
911
1062
711
746
214
536
969
1107
1189
1193
961
913
1171
1109
460
494
714
57
688
934
1234
213
1193
912
1320
1300
1128
644
873
746
214
206
576
138
1166
1107
1168
4972
1134
1326
487
14
539
214
1112
574
214
487
1234
11
548
712
1235
871
798
331
322
1325
1398
1397
1411
1436
1363
967
1112
537
547
1300
712
1358
583
477
477
367
328
4784
352
918
733
802
578
536
569
208
208
273
328
590
336
968
1133
227
533
540
1155
1155
1174
1174
1313
1313
4971
967
1160
1389
1175
1038
1176
1313
204
559
461
733
1034
213
322
1034
1047
1050
331
292
336
735
578
578
444
180
92
923
550
550
456
989
261
261
478
478
478
1174
1171
1128
1129
1160
1305
1570
1313
1133
555
1259
1187
1098
1011
1248
1396
1319
1186
1148
1225
1446
1943
2006
1024
1311
1395
1240
1969
1969
1923
1923
1025
2007
1869
2447
2447
1274
1772
1383
648
1140
1009
1012
1228
1338
583
1185
1917
1366
1179
1173
1121
1104
1149
1043
1007
1007
1073
1686
1060
553
1184
1294
1179
1291
1010
1269
336
336
1289
1180
1196
1365
1310
1257
1329
1315
1240
1315
1780
1239
1835
1239
1852
1200
1922
1419
1656
1309
1312
1278
1017
1248
1458
1161
1358
580
564
1081
1815
1818
1079
2292
2292
1803
1079
419
1273
1086
1439
1032
1039
1066
1161
1435
1411
1397
1497
4974
1313
1430
1244
218
544
14
587
795
1262
1333
336
336
221
461
745
579
1016
645
1084
1407
1180
1242
1447
1441
1447
1412
1081
1272
1128
1091
9
252
582
1302
1322
1929
1936
1042
1008
1150
1054
1254
1592
1035
1243
1227
469
576
1158
1131
1388
1520
1192
1497
1497
1441
1441
1441
1441
1082
1437
1301
1440
1083
1197
1227
1570
1329
1232
1521
1286
1183
1532
1437
1249
640
1224
1575
1585
1321
1428
1757
1679
1668
1709
1619
2260
1978
1687
1619
1453
1453
2619
2619
2630
2630
3350
3359
3503
3359
3460
3460
3460
509
3503
3290
3290
3026
3503
3503
3420
3420
3503
3503
2630
3071
1687
1687
1978
1586
1685
523
1008
1337
1395
1075
1510
1543
1318
1636
1447
1437
1364
1717
1870
1745
1922
1406
1438
1459
1570
1192
1240
1240
1808
1240
1969
1462
1290
1819
1298
1336
1282
1486
1461
1318
523
1426
1428
1295
1902
2334
1317
1638
1103
1522
1197
1232
1277
1223
1286
1318
12
596
744
1811
1732
1721
1731
1614
1902
1613
1264
1744
1732
1195
1395
1801
1716
1655
1969
1407
1329
524
1370
1724
1769
1717
1901
1463
1359
1525
1128
2085
1570
1254
1418
1232
1283
1198
1278
1978
1048
1882
1546
1286
1512
1287
1331
1440
1564
1521
1723
564
1593
1440
336
1240
1254
461
1440
2085
1571
1629
745
341
495
1332
1239
1769
1025
1655
1780
1405
169
1740
1789
4304
4281
4955
2630
2761
2829
3334
3424
1520
1254
1689
1226
1395
1254
1514
1458
1223
1425
1425
1815
1943
2002
1371
2334
1632
83
324
1622
213
1074
1053
1329
1679
324
322
322
1807
1679
1721
1721
1978
1719
1627
1835
1239
1717
1240
1655
1835
1240
1952
1655
1525
1811
1685
1612
1698
1321
1732
2689
1811
1655
1240
1952
1969
1655
1969
1923
1025
1025
1882
1269
1458
1458
1323
1334
1401
1365
1696
1732
1687
1679
1452
1452
1762
1762
1619
1687
1978
1455
647
1923
1025
525
1308
1314
1439
1458
1048
1592
1268
1427
1255
1094
1094
1368
1458
1687
169
453
1516
1667
1451
1622
1991
1957
1957
1459
1604
1523
1253
1952
1025
1239
1255
323
1783
1682
1495
318
281
341
579
579
1516
1924
1930
1957
1957
1518
2760
1481
1481
1481
1427
1807
1458
1158
336
1240
1655
1655
1667
1451
1451
2334
1314
1458
1514
1161
1562
252
1254
1395
1240
1679
1732
1811
1562
1924
1930
1930
1957
1518
1518
1518
1957
1330
1279
1029
1779
1655
1655
1952
1952
2292
2005
2292
1952
1952
1025
1952
2334
1516
1078
1284
1365
1461
1486
1284
1231
323
323
1238
1952
1923
1516
1667
1602
1029
1240
1486
579
341
281
83
271
1413
83
1562
2425
1969
733
273
1535
1614
1732
1562
1812
1076
1980
1696
1696
1288
1617
171
83
1703
1731
1619
1614
1614
1840
1618
1840
1454
1732
1619
292
590
745
2689
1745
1811
1756
171
1532
1526
83
1619
1831
1619
1775
1365
1077
801
733
1454
1840
1454
1731
1617
1740
1618
1742
1742
1713
1713
1713
1451
1924
1958
1667
1743
1516
1655
1655
1952
2103
2084
1979
1639
1624
1625
1040
1923
1923
2134
1870
1024
1534
292
1958
1958
1631
1516
1618
1618
1451
1755
1452
1682
2893
508
1877
1762
1877
3350
3350
3350
1648
3350
3350
2991
1648
1877
1516
1882
1936
1721
425
714
483
745
579
408
408
92
817
1618
1622
1617
1740
1714
1742
1952
2292
1831
252
1709
221
745
8
221
1741
1617
1452
1452
1722
1715
1713
1618
1840
1742
1667
1452
1774
1492
1714
1840
1923
13
1930
1367
1617
1617
1452
1452
1452
1452
1452
1452
1617
1565
1617
1720
1740
1618
1714
1840
1946
1721
1748
1477
1617
1452
1452
1452
1740
1762
1741
1877
1877
1617
1617
1667
1707
1740
1722
1452
1617
1452
1452
1452
1617
1667
1740
1516
1924
1606
1870
2334
252
1279
1622
1516
1923
1958
1923
1867
2120
1745
521
1883
328
1713
221
1451
1958
1078
2103
2206
1640
918
1533
1743
1991
1958
1455
2206
2602
1709
1732
1550
1641
1783
433
341
1740
2292
1917
1455
1629
1762
1617
1740
1617
1740
1740
1925
336
1946
1777
252
207
139
1924
1696
1284
1617
1617
1740
802
1516
1776
1823
2334
1617
1721
1452
1924
1924
1924
1617
1451
1924
1924
1713
324
1617
1452
1617
1721
1762
1731
1840
1454
1840
1453
1696
1731
807
803
1843
1811
1732
1721
1617
1740
13
2103
1943
1818
2007
213
1831
1518
2206
1762
1958
1419
1617
1762
1755
292
1707
1585
208
220
2010
1077
2292
2010
1928
207
896
2382
2349
589
1958
1831
1617
1617
1722
1617
2005
1758
1777
2448
2447
2447
1630
1696
1732
1696
1668
1452
1755
1722
1722
1617
1722
2007
1957
2206
1696
1419
1452
1869
1757
1931
1696
1454
1619
1452
1452
1762
1762
1762
1721
1877
2619
1877
1844
1741
1741
1741
1452
1452
1776
526
526
2448
1991
1930
1924
1930
2583
2760
2760
1930
2334
1518
1452
1713
213
1831
1619
165
1452
1452
1452
1452
1452
1452
1617
1713
408
419
195
714
275
468
1777
2436
1712
1452
1762
1452
1762
1774
1452
1452
1452
1762
1617
1762
1617
1740
1762
1762
1762
1762
1762
1762
1762
1762
1762
1452
91
1200
91
93
305
208
735
1745
522
2206
1587
1762
1550
918
1639
1958
1957
1454
1452
408
281
180
1574
1613
1924
1712
1761
1452
1452
1617
1477
1477
1722
1622
1452
1452
1452
1452
1452
91
367
1869
1958
1519
1762
1930
1641
1617
1762
1721
1762
1615
1618
1453
1762
1762
91
1755
1452
444
1777
526
2928
2448
2829
1721
1762
1762
1762
1762
1452
6
1957
1518
1713
352
1574
1453
1721
1696
1454
1619
1452
1452
1491
1452
1617
1617
1722
1452
1617
1477
1877
1877
3350
3350
1762
1782
1931
1518
1518
1731
1696
1452
1617
1617
1740
1615
1774
1877
1877
1877
1877
2630
2991
3359
3359
3359
3044
3460
3359
1648
3359
3359
1877
1877
1877
1877
1877
1452
84
1550
1722
1636
1591
735
1722
1617
1762
1762
478
478
478
439
535
573
896
478
478
136
136
136
478
136
478
454
439
439
573
573
735
262
136
136
136
136
136
454
136
2120
324
1519
369
1452
1762
1762
1762
1721
1762
1721
1762
1762
1696
1452
454
136
136
136
478
2425
2448
1924
1848
478
141
141
478
1931
1482
1761
1738
360
4784
4789
1761
150
1584
454
573
1550
454
439
136
454
444
578
678
1617
1617
94
92
150
454
454
454
478
136
478
1930
1682
1762
1762
1617
1762
1762
1762
3041
1452
1762
311
579
825
353
136
478
478
478
139
550
1491
1721
1762
1619
1687
1687
458
294
411
294
294
297
136
135
735
478
92
458
92
351
427
423
423
261
535
411
294
294
144
2364
2364
2364
989
2364
2364
135
297
423
423
478
423
423
423
423
467
136
746
139
989
989
989
989
989
989
989
989
989
989
1924
1617
1617
1452
1762
889
1275
241
889
485
144
427
478
411
411
297
136
297
144
2364
989
493
1901
2448
1811
1811
478
354
92
92
478
478
439
261
456
1869
1957
1518
2760
2760
2206
297
1453
1453
1696
1762
454
136
261
406
478
213
1518
1762
1762
1687
825
140
896
150
1630
550
353
887
923
891
478
478
135
2425
2448
322
2459
324
1740
294
140
1882
1777
1519
1452
1452
493
135
678
139
456
1745
3041
1492
427
471
366
284
889
891
136
427
144
144
144
366
180
284
891
485
889
351
1617
1741
351
891
896
439
2448
324
1617
1721
1453
1721
1687
150
2260
471
578
1452
2008
1762
889
1453
1614
1454
1849
372
261
139
2829
1924
1682
366
366
485
471
411
1741
1892
896
324
294
351
241
923
1090
2415
2415
989
989
1762
180
478
735
923
891
876
1762
1614
92
1481
1741
1453
1453
1741
1762
1687
297
407
2425
1275
891
1721
1762
1454
590
1682
1620
1774
136
478
1957
1782
1762
1762
478
840
1721
1615
1615
2619
1453
1561
1453
2607
261
526
3041
1741
1453
2619
1840
1619
1687
423
423
989
478
1957
1957
411
889
284
284
1453
1614
1978
423
550
261
2762
1482
471
471
144
1774
1876
1877
1877
1877
1877
1619
1687
1902
989
1519
1762
1892
1762
1877
1877
1648
2835
1762
1978
423
423
136
136
423
423
297
297
423
423
423
261
423
989
372
1930
2744
2487
2619
34
4787
4787
434
877
4866
2382
4789
1957
2928
1957
136
297
1495
37
4784
1902
261
1930
1930
889
284
284
366
1876
1455
261
1715
1455
2619
2619
2761
2206
525
2260
423
423
136
1892
1762
1641
1741
891
92
1811
423
294
294
411
891
1275
1275
111
1877
4784
1978
1978
525
297
423
1924
92
889
889
143
471
427
923
2425
423
2760
1518
1481
284
366
366
294
144
1877
2630
92
1455
139
989
1930
1481
889
144
144
1741
1877
2689
1482
2571
3026
2206
2448
526
2206
526
2762
2206
2571
2260
2415
261
2602
3479
3479
2990
3041
889
1877
92
261
1930
2487
502
2413
2632
1840
1930
366
1877
2619
1877
1713
284
284
889
1774
248
876
261
2246
2652
1682
1876
1877
1774
92
1519
2813
2813
2813
2762
526
3026
3026
3026
3701
3469
2683
3441
526
2928
989
2382
2246
284
891
1877
1877
2619
923
937
297
2382
2382
261
1492
1877
1877
1877
1877
1877
2630
1877
923
989
139
324
1742
294
1876
1877
1877
2571
1844
2630
3350
3359
3044
3460
3044
3460
3714
3714
3714
3797
2814
2814
2814
3731
3027
3497
3290
3503
509
3702
1877
1877
2608
324
2760
366
3190
1877
1877
2619
3350
3044
3714
3714
3714
3714
3714
3797
3797
3489
3497
3714
3653
3714
3460
3359
3359
3714
3359
3350
3359
3478
1877
1877
434
4787
139
2415
427
891
1877
2619
2991
1648
2692
4568
2633
4465
4512
2619
241
366
1885
3226
1682
297
3334
3334
3438
3438
3334
3371
3490
3455
3455
3727
3727
3438
3371
3371
3028
3259
3371
3490
3438
3438
1930
3094
2873
2632
324
1872
366
366
143
284
294
1648
3359
3653
3044
508
3702
3714
2761
2487
2413
2571
3026
3027
3027
3798
3797
3714
3797
3714
3714
3797
3797
3460
3460
3714
3044
3460
423
1618
1761
2630
2630
923
3334
3334
3334
3438
3798
3026
3026
2990
2602
2602
2928
3371
3438
3027
3438
3172
2928
3334
3490
3428
514
2695
3200
2680
3293
3791
3631
3334
1957
2760
2760
2760
3332
143
923
1846
3350
3350
526
2206
2602
2829
297
3334
3371
3334
3172
471
1877
1648
3359
3359
3359
2991
3350
1877
3350
508
508
3350
2630
3350
3460
1877
1877
3682
509
510
3469
3441
2921
2921
2920
3075
3076
3076
3505
3199
3202
2766
2766
2766
3077
4099
3792
4119
3075
3484
3484
3360
2829
3438
297
989
989
423
2744
2602
2413
294
588
2207
2619
2990
2813
3026
3503
3026
3334
989
2487
3478
1877
1877
3350
1877
923
2990
3172
3026
3290
1275
2916
1877
3071
3503
2813
2813
2763
423
423
3334
1481
1845
1877
2991
2991
2835
3460
2992
1877
3350
2916
3350
3503
360
423
136
478
3438
485
3350
3503
989
261
1684
2630
2916
3503
509
3714
3798
3851
3714
3261
3441
3076
3466
3727
3438
3172
1648
2991
3653
1120
2695
1957
2760
1481
1620
1583
1595
877
1404
289
1541
3359
3044
3460
3520
297
297
3469
423
889
3359
3350
1683
3070
923
3503
923
3489
3701
3701
3440
3371
3455
2004
3350
3359
3503
876
478
294
143
143
3653
3044
3653
989
2415
3290
3290
3503
3503
3503
3291
1736
2991
3503
989
3475
3455
3707
3455
3455
3371
2934
2809
3350
508
3653
2873
989
3339
989
3371
144
889
508
144
135
2382
2382
1324
1369
434
261
3662
3872
3872
3872
2921
4099
4099
3075
3075
405
324
1507
366
3503
923
4866
3475
135
988
2349
990
3172
2571
2809
3027
2763
3044
136
289
434
2382
876
4866
3438
2873
511
509
896
2809
508
508
3714
3653
3702
3460
3460
3044
3044
3797
509
3359
3714
3714
3044
3044
3044
3359
3460
3460
3714
3201
3467
876
1658
478
989
989
989
989
1481
508
3702
3731
3798
3851
3798
3797
3489
3797
3044
4866
989
592
1930
889
2680
2382
3291
3175
3050
3468
4099
3076
3455
2601
3490
1742
508
3437
2873
3503
3469
3268
989
3438
144
1966
4568
4500
4500
1903
1940
1577
3044
508
136
3460
2992
3460
3714
300
1553
1553
289
1335
989
3268
2767
2695
989
3317
2768
3050
3050
3050
3229
1212
1212
3055
3114
3055
3114
3114
2840
3010
3445
3845
3845
4069
3407
2925
3817
2896
3460
3714
3460
3460
3044
3044
3714
3359
989
989
989
989
989
989
989
3268
876
1090
4866
989
4897
1212
3046
3202
3056
2917
2850
4018
4068
3277
3089
3059
3490
3490
3026
143
3460
3714
2992
3714
3714
3797
3797
3797
3797
3714
3714
3714
3797
3797
3797
2814
3682
509
3797
3701
989
989
2415
989
989
478
1481
2873
3460
3714
1553
1560
3367
989
2680
3479
3714
3460
3714
3460
3797
3714
3797
3714
3460
3714
3714
3460
1335
434
989
989
4897
2382
2349
2172
2584
3872
2766
3468
3229
3202
3229
3229
3050
3199
3270
3505
3270
3792
3074
4119
4185
4097
2646
4175
4114
4119
4119
3792
3792
4114
2766
3078
2766
3051
3202
3051
3199
2768
3051
3460
2415
508
3096
3714
3460
989
989
989
2364
989
2382
2382
3291
3490
1683
2415
989
989
989
989
1090
1090
989
876
3198
990
3714
3714
3460
3714
3714
3653
3714
3714
3714
3460
3714
3714
3714
3714
3797
3797
3797
509
509
3702
3503
3503
3503
3714
3261
1404
1335
3270
2364
2382
3438
3460
508
3702
3714
3702
989
2415
989
2364
3050
2919
3457
3402
4112
3648
3320
2843
3733
3011
3316
3294
2767
1212
3055
1212
2809
3479
1620
3797
3653
3702
3653
471
3714
1541
2364
989
989
2364
3294
3051
2413
3172
3714
3460
989
2364
989
2364
2364
989
989
2349
940
3199
2583
3714
509
3797
3702
3714
2695
931
4866
877
2364
989
1324
1090
3294
2918
3294
3055
1216
1212
2204
2487
3490
3479
2893
3714
3797
3177
989
3270
1369
3055
3079
3051
3050
3050
508
989
3439
2643
2768
2487
1468
3714
3714
3714
3460
3653
3714
3797
3653
2571
3026
3503
2487
508
3714
3714
3714
2957
3707
3291
1736
3190
3714
3714
3714
1560
1576
2840
3817
3872
3797
3190
3797
931
1324
1369
960
960
1335
1369
2958
3320
3819
3996
3678
4138
3218
4065
3294
2957
2918
2957
2957
3114
2802
2931
2801
3398
2733
3902
3871
4087
3363
3291
3817
3796
3731
3714
3797
509
3714
3797
508
3653
3714
3714
3653
2873
2766
3791
3457
3493
2643
2918
2841
3046
3363
3018
1213
3056
2766
2766
2766
3229
3051
3051
1213
4023
4114
4099
2766
3479
3714
3702
3653
1595
931
1324
2133
1658
2985
940
3439
3229
4897
3051
1924
3714
3714
931
924
3647
3214
2802
1212
1212
1212
3445
2487
2004
3797
509
2814
2814
3488
3026
940
2382
2349
3229
1213
3291
2487
3261
1553
1553
929
940
3080
3098
3199
4133
4133
2907
3490
3747
3372
3714
3475
3478
3503
2800
1212
1212
3056
2766
3399
1213
1213
2763
3484
3797
2814
3489
3797
3714
3647
3073
3457
3090
3050
2768
3490
1494
3714
924
3293
2919
3239
1213
2809
3797
3797
2814
2814
3702
3182
3202
3026
3797
508
3503
3051
2768
3199
3202
1879
3290
3872
2893
1736
3797
2814
2814
3497
3497
2849
3627
2813
3290
3181
3712
3073
3497
3290
2349
2766
2766
3332
4133
4114
4114
2766
3468
3797
3797
509
3797
3797
3503
2349
2204
2133
3094
2862
3358
4945
4941
4267
3797
3078
3478
3503
2873
3446
3138
3379
3137
3136
3998
4127
4132
4153
3773
3758
3765
4153
4153
3224
3138
2766
3332
3168
3607
3286
3540
3610
3286
3496
3463
4149
3604
3168
3818
3659
3685
3681
3540
3522
3540
3540
3610
3610
3804
3625
3216
3223
3572
3605
3732
3681
3683
3541
3638
3706
3569
3783
3865
3855
3855
3657
3805
3605
3522
3522
3489
4500
1737
1577
3631
2919
3457
2873
2800
3201
3208
3806
2807
3076
3077
3215
3609
3733
3356
2873
3522
3461
3462
4130
2751
509
3497
2349
2811
3202
3078
2766
4099
3468
3074
3078
3792
3792
2766
3202
4114
4099
4114
4114
3468
3817
3655
3133
4133
3797
3735
4032
3457
3503
3478
2766
3623
3487
3473
3291
3475
960
3503
2814
2814
3478
3229
3170
3623
3285
3261
3701
3647
3648
3478
3071
3872
506
3733
2845
3522
3623
3383
2601
3465
1566
2873
2632
3452
4100
4054
3220
3126
2766
2766
3078
3074
4119
3792
4119
4119
3402
3468
3468
2766
3077
4099
3075
3076
3075
3394
3137
3487
3332
3872
2558
3452
3846
3623
3871
3241
3468
3074
3797
3738
3381
3471
3493
4023
2763
2873
3503
3351
3446
3446
3459
2872
2766
506
3625
3181
3851
3747
3494
2684
3489
3446
2872
2873
3609
3502
3454
1276
3478
3208
3672
2920
4073
4114
3817
3627
3797
3792
2874
3290
4020
3872
4133
3540
2685
3489
4032
2812
3278
3290
4185
3078
3792
4119
4129
4097
2766
3078
4156
2959
2959
3181
3181
4210
3963
3963
3610
3610
3610
3610
3705
3540
3805
3658
3784
3728
4106
4108
3661
4001
4140
4126
4106
4108
4108
4106
4127
4127
4034
3387
3869
4083
4192
3734
4184
4141
4094
4125
3798
3731
2814
3682
507
2874
2873
3488
3642
3745
3817
2920
4022
2907
2907
3845
3703
3735
4520
3715
3351
3026
3167
3631
4114
3792
4185
4185
2745
4114
4114
4099
4114
4114
3734
3489
1577
1583
1749
1576
3682
3723
2632
3868
3281
3078
3362
3731
1739
2212
4568
4498
4541
4500
4498
4498
4500
4500
3663
1611
1580
1749
1583
1728
2550
3732
3608
3154
2920
4022
3747
4133
3655
3798
3869
4039
3095
2907
4219
3614
4092
3792
1583
4541
1566
4568
2133
3118
2133
4039
3726
3682
4500
3060
4054
3792
4099
4039
2765
2735
2923
3705
3610
3963
3792
3792
4119
1814
3680
2289
3571
3607
3540
3723
4498
4498
4498
4541
1583
279
4728
4463
4473
4267
3511
4114
4091
4916
3842
3584
4208
3681
3571
3681
3618
3566
4036
3646
3661
3661
4036
4110
4154
4123
3706
3646
4036
3565
4186
4933
4915
4132
4914
4938
3756
3789
4109
3790
4155
4153
3781
4109
4095
4001
3661
3567
3567
4106
4024
3865
4568
3715
4119
2845
3731
3618
3691
4919
3850
3756
3581
4151
4151
4109
3681
3681
3679
3524
1677
1583
1749
1540
1903
4086
3459
2488
3693
4034
4067
4066
3765
4066
3842
3842
3075
4099
3028
3742
4498
4192
3963
3612
3679
3888
4066
3862
3779
3691
3842
3586
3771
3554
4176
4153
4207
3618
4099
2289
3498
3727
3747
3217
3801
3866
3731
3792
4119
3747
3801
3773
4919
3774
3261
3402
2841
4099
3792
3733
3165
2269
2204
3095
3780
1566
1728
4129
3642
2844
3658
3728
3657
3705
3620
2645
2925
3369
3792
3792
3075
3727
4056
3675
2844
1576
1749
1939
4156
4156
3402
4055
3844
3320
3745
3075
4175
4175
4498
4129
3727
2923
4192
3527
3862
3776
4147
2685
1583
1728
1552
1583
4097
3819
3498
4114
4100
4185
4207
3076
4099
3281
4304
4267
4267
4063
3678
3705
3441
3441
3961
2212
4119
4175
3744
3694
3851
3747
4059
4059
4024
3851
3648
3727
4941
4281
4267
4281
4057
3441
2289
3727
4514
4054
3166
4134
4063
4057
3765
2959
2924
2765
4138
4175
3657
3819
3470
4120
2924
3765
3527
3756
3060
3880
4064
4125
4126
4140
1728
2684
2924
3119
1552
1576
1728
1577
4590
127
1749
3517
1749
4541
1577
1576
279
4687
4729
2635
2871
2988
2457
2791
2742
1540
1583
4150
4234
3894
3855
4125
3527
1728
1576
2584
3851
3388
3282
3385
3586
3765
2847
4125
4067
4123
3786
3781
1728
4258
3769
3758
4140
3765
4125
3786
1552
4498
1940
4500
3517
4176
1583
279
1845
1682
2691
4500
4498
4267
1737
1583
4465
1583
4106
4153
4955
1761
4153
4154
1728
4352
4108
3526
4153
4109
4153
3766
3663
4955
4109
4955
1494
4590
3786
4109
1583
1583
1846
4512
4589
2323
2212
3894
1754
1576
4618
2207
1814
4304
4652
3782
1580
4473
4109
3790
4109
4687
3756
4955
4110
4110
4111
3789
4003
4219
1620
4109
4109
4095
4466
2004
2951
4633
4515
4662
4955
4501
4664
4618
4955
4687
4358
4951
1816
1737
3350
1877
1877
4456
2759
1682
4599
2326
2065
2404
2732
2457
2466
2397
2785
1080
2391
3810
2222
2222
4207
4245
4305
4305
3923
4288
3923
4920
3920
4931
4931
3547
1877
1844
1838
2927
2600
3350
3438
3334
1684
4455
1844
1837
2447
2286
2249
2249
2249
4589
2060
2106
4955
3350
2619
4358
4618
4358
2571
1973
2060
1837
1837
1797
2228
4020
2222
478
135
136
3547
4066
4067
4920
4920
4920
4067
4067
136
142
3380
3276
2592
2440
2395
4617
1962
1838
1837
2231
1973
2326
2759
2405
2065
2282
2397
2228
1973
2336
3503
4067
4921
4921
3920
4305
3923
4305
3923
3920
3920
4305
4123
4123
4931
4096
3886
4931
3547
2060
3920
4920
3886
4920
3886
136
2063
4921
4920
4921
2440
3438
2728
4920
4096
4920
4305
514
2537
3026
2075
3886
4920
2422
3547
3886
2421
2337
4123
4096
3920
4920
423
423
2063
136
2553
2228
2927
4067
3920
4931
2075
2422
2229
2759
2075
2337
1771
2593
4921
4920
3886
135
136
3071
4046
2638
1963
4920
4931
4920
4920
4067
4176
2146
136
2217
2391
2466
2871
2743
1888
1979
3438
2736
135
2945
2222
2222
3961
4920
2736
4110
4920
4981
2927
3923
4305
3923
2421
2553
3137
135
3923
2222
4176
4123
2553
1202
3920
3920
3920
3920
2466
4020
2457
4096
2553
2217
4305
3920
2222
2222
4245
2600
2742
3920
3923
4924
3920
3920
136
4207
4207
4924
3920
2228
4245
478
423
4245
3000
2466
3089
3166
3113
2600
2927
3920
4305
4288
4924
3765
3765
4207
4207
3765
4126
2945
3923
4207
4288
2217
2222
2801
2796
2826
4192
2732
4245
3923
4920
3765
136
4207
4245
3920
2228
2888
4924
2796
2791
4046
423
3765
3920
3946
4924
3137
4067
2146
2798
2867
3302
2869
2222
2826
3923
4207
2553
423
135
2466
423
4067
135
4108
4192
3086
3471
2799
4920
4207
3166
3765
135
136
3782
4207
4207
3782
4288
4207
135
135
4067
4207
135
135
423
423
423
423
423
423
423
423
423
423
423
423
423
423
1313
4974
1241
1134
1064
1160
686
4822
911
951
912
1062
1134
1314
1161
1161
1313
1328
687
1245
1457
1328
1062
1086
1086
1441
639
1244
1338
1176
1430
1192
1102
1099
1154
1509
1308
4850
1457
1134
1106
1153
418
244
331
419
331
331
576
495
136
423
423
136
297
136
3438
3003
3503
3503
3503
2829
2928
3072
3503
2447
2602
2829
3334
372
509
434
4106
3655
3769
3818
3683
3618
4139
3669
4095
3570
3522
3658
3610
3610
3624
3572
3607
3805
3605
3673
4024
3567
4106
3811
3547
3527
4916
3547
4152
3527
3610
4176
3691
3589
3385
3618
3679
1749
1737
4498
4541
3517
4541
1903
4501
3517
1580
3893
4500
3920
2397
4305
1080
4305
143
4920
3920
4288
4123
4305
4305
3920
4096
4245
3705
1439
1441
1441
1441
1437
1441
2447
2602
2829
1902
2928
2447
3334
2829
2829
2447
2829
2447
2928
2829
2829
2448
2829
2829
2447
2448
2448
2447
2829
2447
2447
2447
2829
2829
2829
3714
1441
1762
2991
1877
3350
3460
3653
3460
3229
509
3797
3797
2766
