259
252
19
403
94
284
432
4769
474
343
228
547
37
128
128
128
116
51
29
101
41
101
29
29
101
128
173
128
173
173
133
128
135
100
129
41
135
135
135
133
271
128
173
259
259
259
259
173
135
128
132
221
301
479
257
350
62
62
62
423
128
128
128
128
128
101
195
195
101
41
195
41
100
100
128
29
128
128
259
259
81
308
402
451
454
133
70
259
259
368
37
462
332
402
132
402
284
165
128
41
41
41
195
128
100
41
41
173
128
37
41
128
133
128
128
173
41
100
41
41
128
41
41
259
70
308
363
173
128
128
100
128
173
173
173
252
423
357
446
445
227
265
361
377
148
778
13
226
321
41
308
37
259
66
246
297
41
173
37
128
116
131
173
135
173
100
100
135
41
41
135
109
109
195
135
41
41
195
362
423
19
70
246
137
173
173
173
173
135
116
236
255
59
220
264
481
449
535
229
556
216
794
794
415
378
546
218
452
528
371
547
62
370
484
228
228
135
135
135
61
128
165
224
41
457
351
224
128
128
128
173
403
403
173
41
350
41
237
4769
208
474
485
195
62
62
58
343
227
227
219
464
100
41
41
128
457
62
101
405
440
428
439
423
445
4769
100
101
100
100
157
135
224
41
195
70
426
128
135
343
343
221
205
452
227
29
195
101
195
363
133
352
3
3
3
61
202
485
434
530
173
100
221
402
409
100
135
133
133
133
462
109
109
101
48
55
48
131
221
403
424
62
205
101
258
205
128
135
350
432
343
128
48
128
128
6
151
128
97
151
128
100
100
195
195
41
100
59
226
101
29
352
485
340
41
13
452
420
218
790
790
790
415
790
790
1720
387
3004
2711
3310
2933
3469
3469
4240
1344
2282
3200
4276
128
100
3
402
195
258
452
452
218
420
414
545
720
452
480
284
313
61
452
128
29
29
101
195
195
195
195
59
257
227
29
41
195
195
100
29
530
41
100
195
479
264
109
532
100
48
101
195
100
100
413
100
101
41
41
457
195
41
195
29
101
34
101
195
37
29
100
408
413
479
149
872
827
489
479
479
209
208
481
481
413
413
532
209
481
535
208
479
475
216
1050
1536
1536
942
942
946
946
415
415
1717
1794
1996
1893
2656
2639
1890
1891
2925
2813
3240
3034
2001
1873
1873
2464
2464
2407
1919
2123
1989
1918
1712
1712
1810
1586
1640
1840
1748
1859
2460
2420
1750
1877
2518
4881
376
484
149
449
449
480
535
376
228
531
570
378
266
545
377
228
449
529
377
545
14
377
481
217
14
222
228
545
947
790
545
385
747
716
776
680
747
776
4794
922
4784
1093
1093
615
986
1430
1436
1435
1507
1592
1383
1283
620
1019
626
1092
1090
626
747
601
4811
599
676
714
4837
716
716
714
229
453
776
4794
895
606
792
792
792
896
874
874
680
875
607
1142
1072
1298
1180
449
218
548
418
1108
890
377
600
792
217
600
14
600
778
678
882
680
823
791
556
790
790
747
4837
600
792
712
4837
716
714
712
792
823
680
680
823
682
922
987
930
716
716
4837
600
4828
670
675
739
673
736
673
14
682
716
714
222
223
870
546
778
652
534
415
415
415
415
542
542
214
680
797
825
790
790
556
882
378
415
720
716
489
823
930
711
711
678
676
714
716
675
666
844
827
839
1556
1556
1556
773
716
988
545
534
212
933
4837
714
714
896
740
741
216
214
675
714
897
792
795
714
934
852
1031
1128
1115
950
936
541
869
1263
1105
779
15
740
714
716
670
800
214
706
596
793
610
4837
798
1048
1142
741
874
534
418
1540
792
828
868
1123
661
603
4818
882
874
740
216
874
1142
793
672
827
719
1631
1580
1465
1936
941
768
1144
1552
1731
563
949
890
916
469
990
857
941
610
741
658
4805
4805
889
1142
1072
1072
714
949
1048
1180
670
897
769
774
779
838
936
415
415
415
4852
721
415
415
415
1048
1435
950
1180
1148
722
1638
2177
2412
2509
2078
2878
2512
973
972
2637
2534
2545
2534
2534
2466
2466
2483
2483
2466
769
597
949
936
1034
1298
1142
1354
1323
1323
1436
1093
597
1022
997
991
1044
1036
991
1179
1037
1037
1034
1037
997
1016
1831
1523
1143
1137
1085
1085
1175
1607
1005
1363
1608
1627
1687
1807
1875
1846
2047
997
1013
1106
997
1022
1039
1147
1036
1039
891
997
1132
1379
991
1037
1037
619
995
1135
1071
995
1071
996
1216
1405
1455
914
997
993
1036
619
845
1435
1072
1435
1148
1433
827
542
542
1052
1052
1085
999
1078
1137
1137
1177
1178
1161
1057
1178
1006
1006
1543
1626
1824
1608
1055
1219
1813
1822
1218
1058
1070
1177
1019
1358
1437
1072
615
1430
990
998
1042
1175
1504
1363
1056
1363
1176
1182
542
4853
4849
4784
1091
1090
619
1073
889
4833
889
659
889
659
659
4811
719
779
1042
1137
918
939
855
1112
1017
621
626
1053
1038
1039
1126
4972
984
984
984
1043
1051
1042
949
623
1092
787
1130
865
606
1029
1014
1702
1035
626
1053
1568
1456
1559
1454
1507
1458
1432
1072
1437
1325
1169
542
622
1307
1559
1559
1559
615
985
4833
4833
4834
4834
1319
931
1042
1319
984
1291
1431
1052
1177
1177
1053
1180
604
1177
1177
1107
1042
1043
984
1085
996
1257
751
1077
1395
1408
1285
1265
1272
1188
1819
2336
2438
1387
1801
1987
1987
2237
2400
2390
2389
2389
2415
2465
2455
2344
1871
1871
1871
2385
1801
1941
2126
1184
1328
1085
1136
1137
1005
1739
1503
1053
1004
1383
1179
1177
1051
1220
1325
1319
1085
1288
1380
1372
1009
984
1402
1031
1437
1294
1294
1137
1085
1175
1085
1175
1005
1005
1057
1005
1365
1571
1116
1136
1240
1239
1116
1118
1058
1058
1058
1395
1220
1308
1276
1252
1254
1275
1177
1116
1568
1137
1169
1177
1051
1058
1161
490
1271
1389
1414
1415
1505
1357
1278
1050
1265
1421
1399
1177
1177
851
1210
1214
1214
1003
1739
1503
1503
1739
1377
1571
1358
999
1070
1337
1520
1812
1091
1231
1031
1356
1402
1434
616
1046
1085
1051
1242
1437
1437
1435
1458
1433
1077
1107
1059
1266
850
1000
1251
1377
1177
1068
1178
1070
1421
1481
1161
1277
1263
993
1320
1231
1161
1085
1085
1514
1559
616
1419
1230
1421
690
1107
900
490
1091
1007
1520
1484
1167
1051
382
790
496
1522
1883
1341
3723
1345
4457
4445
4438
4601
4437
4711
4587
4748
1432
1432
1437
1437
1303
622
1243
1161
1458
1502
1294
1294
1068
1606
1016
997
1133
1041
1000
1479
1255
415
946
946
415
496
496
1451
1503
1375
1004
1481
1438
616
1058
1029
790
382
790
790
1501
385
385
617
1268
1778
2418
1051
1337
1168
1404
1519
1175
1057
1085
1085
1365
1080
616
1385
1189
1574
1303
515
1356
621
1057
1006
1175
1083
1365
1056
1006
1365
1824
1368
1251
1358
1436
1172
1124
1078
1388
1412
1041
1613
513
1730
1809
1987
1605
1763
1243
1003
1626
1626
1354
1436
1354
1437
1559
1559
1356
1437
1358
1439
1481
1502
1400
946
946
1536
1536
942
542
946
1567
1618
1734
1447
1617
1617
1897
415
721
496
1257
1592
1243
1608
1824
1364
1824
1559
1536
4853
942
1576
1913
2302
2354
2075
2422
1466
946
1444
1444
1715
1472
1622
2409
1400
1569
1482
1136
1364
1725
1725
542
1678
1827
1618
1827
1741
615
4798
1151
4799
496
1451
945
952
1739
1738
1544
1414
1479
1559
1442
1485
1709
1715
1859
1632
1174
1127
624
1721
1461
1365
1608
1056
1365
1609
1365
1365
1363
496
1444
496
1702
1058
1175
1175
1078
1078
1078
1175
1124
993
1029
1536
1536
1556
1577
942
1536
1006
1365
1365
1642
1558
385
1161
1124
1035
1567
567
1505
1333
1631
1577
1556
1631
1556
1631
1555
1556
1755
1633
1537
1489
1831
1175
901
1667
1556
1721
1516
1524
1531
1572
513
1331
1759
2253
1759
514
1667
1615
1682
1639
1640
1420
1677
1604
1239
1740
1630
1757
1125
1517
491
1612
1461
1556
1585
516
1678
1078
1176
1016
907
1686
1536
1681
1615
1682
1616
1617
1700
1680
1711
1723
1621
1867
1713
1625
1709
1003
1364
1363
1504
1607
1605
1517
1681
1639
1609
1485
1594
1175
1556
919
1737
1737
1701
1763
1328
1646
1683
2012
2341
2890
1654
2406
2462
1707
1873
511
1646
625
1691
385
1577
1610
2295
2095
2391
2405
941
1681
1668
1744
1447
1670
1616
1616
1608
1608
1365
1444
1130
1111
1937
1584
1669
1781
1670
1668
1615
1701
1737
1618
1952
1684
1682
1682
1616
1608
1588
1510
1643
1614
1841
1577
1699
1029
1615
1669
1744
1483
1768
1763
514
1584
1708
1706
1990
1445
1539
1573
1669
1781
1781
1620
1509
1820
1509
1289
1335
1521
881
1396
1680
1714
1820
1363
1539
1831
1394
1783
1401
1752
1581
1468
1734
1621
1449
1616
1598
1134
1462
1765
1026
1761
1624
1715
1634
1448
1749
1912
1751
1190
1528
1947
1578
2421
1947
940
1704
1850
1211
1614
1708
1669
1365
1324
1587
1899
1838
1776
517
1219
1219
1175
1390
1658
1635
1911
1730
1176
1538
1793
1933
1618
1470
1382
1795
2300
1895
1787
1896
1416
1986
1935
1416
1986
2223
1016
1594
1643
1809
1026
1554
1176
1078
1008
1815
1776
1817
1751
955
1463
1515
1708
1588
1066
1504
1704
1704
1002
1082
1824
1899
2667
1835
2969
2527
388
1522
1972
1766
1363
1593
1726
1911
1786
1846
1879
1879
2066
1470
1852
1360
1679
2052
1182
1226
1840
1254
1398
1176
1958
2011
1785
1867
1778
2125
1693
1870
1918
1614
1857
1401
1911
1974
1860
1894
1747
1996
1821
1995
1995
1995
1689
1995
1791
1254
1817
1901
1587
1858
2418
512
512
1711
2088
4864
1733
1840
1749
1971
1903
512
1810
1712
1696
1917
1810
1466
1219
2223
2391
2223
2090
1844
2008
1938
1515
1692
1636
1607
1411
1850
1965
1665
2391
956
1926
1819
1982
2074
1463
1463
1463
1410
2000
2406
1373
1823
2391
2094
1769
1845
1851
1841
1962
1949
2411
1695
1870
2391
1808
1950
1227
1860
1974
1974
1974
1877
1879
1877
1798
1896
1810
1526
1758
2405
1392
1416
1798
1999
1987
512
1706
1971
1706
2324
1465
1791
1881
1997
1951
1991
1956
1989
1923
1923
1923
2464
1923
1923
1923
1923
1465
2295
1904
1900
1832
2090
1960
1896
1527
2822
2821
2483
2481
3102
3102
2210
2663
2483
2483
2480
2483
2822
4867
4867
2663
2663
2663
2822
2822
2822
2476
4867
2822
4867
4869
3102
3103
972
2545
4867
4867
2821
4867
4867
4869
2821
2822
2822
2822
4867
1253
1786
1816
2363
2659
1823
1416
1915
4867
4867
4869
4867
2822
1784
1876
1846
1880
1826
2822
4867
2822
2821
2474
2483
2483
2822
1063
1995
2301
1685
3131
2927
2405
2302
2554
4867
3103
4867
4867
4869
2937
3102
2935
4869
2232
1797
1679
2509
2554
4869
4869
4869
4869
2481
2302
2569
1712
1896
2191
1696
2539
2440
2539
2483
2821
2663
2483
2466
2671
2671
1934
1918
1868
2125
3023
3023
3102
3102
4575
4685
4702
4702
2483
2210
3102
2938
3102
2422
4867
3102
3023
2663
4702
2466
4867
2938
3023
3102
4565
4698
2885
4601
4601
2854
2995
2884
2885
2821
4563
4702
4711
4437
4698
4437
4437
4702
4702
4867
2386
2483
2232
1838
2512
2779
2586
2854
2486
2850
2428
2167
4601
2884
2885
2165
4601
2291
2283
3091
3007
3084
3160
3103
2210
4565
4867
2938
3102
4573
4703
4686
4712
4679
4698
4601
4601
2854
4601
4601
4681
4867
2216
2457
2299
2544
2544
2217
4869
2938
4869
2554
4869
2483
2484
2545
2535
2232
1838
2260
1881
3102
4555
1798
1798
4867
3102
4434
973
2483
2482
2482
2482
2363
1894
1892
1696
1752
3103
2210
2878
2078
2210
2991
2539
2660
2670
2466
2466
2482
2483
1958
1865
2005
1946
1796
2050
3102
2081
2671
2122
2671
2005
1961
2283
2962
4434
2489
973
2483
1876
2107
2150
3023
3023
3091
2960
2960
3023
2210
3023
2210
2210
3023
3023
3023
2962
3091
3091
2568
4605
4646
1854
2938
2835
2512
1727
1786
1786
1961
1706
1870
2336
4483
2150
3091
1855
1991
4416
1979
2708
4702
4702
2483
2527
1750
1750
2332
2353
2341
3091
3023
3091
3023
1918
1869
2466
1750
2938
3007
2878
2878
2368
2151
3175
2987
2898
2850
3184
2366
4555
2466
2962
2367
2965
2964
1799
2497
4702
2003
2003
1387
2078
4671
1866
1865
2992
2945
2003
1979
1844
2461
1685
2324
2290
2466
1882
1956
2534
3007
2254
1870
2237
2047
2073
2564
1979
1987
1987
2126
4437
4437
2534
2854
2854
4601
1450
2962
3091
2961
2659
4702
2512
2466
1912
2606
2962
3091
2102
2000
2462
2462
2462
2462
1987
1987
1010
1959
1961
1952
1990
511
1989
2438
4681
4671
4671
4437
4737
4671
4671
4711
4689
4711
4671
4711
4437
4437
2535
2535
2534
1791
1893
2857
2855
2405
2954
2076
2076
2076
2635
3050
2078
2332
1877
4580
4627
4727
2715
2954
2954
1387
2584
1995
1474
1893
1893
1893
3091
3091
3023
2000
1941
388
2000
2240
2217
2126
2438
2438
4702
4437
2049
4627
2123
1956
2078
3104
2544
1864
2534
2210
2962
2962
2564
2000
2537
4686
2126
2126
4689
1690
2352
2878
2566
2190
2165
2210
3103
2383
4702
2607
3023
3023
3023
2210
1989
1989
1989
2077
2126
2534
2534
2534
1893
2962
3102
4565
2126
1195
2425
2425
2337
2337
2530
1194
2126
2530
1988
2671
2808
2466
2301
4879
521
2920
2444
2960
1956
2077
2163
1690
2887
2622
3015
4015
3238
499
2757
2623
2210
2533
1893
3091
3091
3160
2634
2634
2384
2416
2534
2613
2613
2855
2569
2462
2462
2945
2325
1195
2425
2465
1194
2465
1194
2936
2948
4044
3709
2220
1838
2230
3050
1893
1889
3023
3007
1801
2634
3032
4671
2924
2653
2962
1992
511
1923
2873
2779
2512
2545
972
1474
2602
3023
1648
2462
2392
4565
2388
1922
2342
2390
510
510
2580
2002
2002
2002
2002
2687
3239
2689
2689
3642
3020
3642
2934
2462
2462
1796
2280
3023
1653
1966
2342
2464
2580
2580
2002
2580
3239
2580
510
510
2871
510
2407
1922
2390
510
510
1969
1969
1969
1969
1969
1956
3104
2954
2667
2281
2210
3007
2342
1969
2907
2944
3494
4936
4936
4124
4936
4936
4124
4124
4124
4124
4124
4124
4124
4124
4124
2534
3091
4565
2981
1651
2963
2512
2518
4878
2332
1978
524
2978
3079
4114
2504
525
2784
4989
2836
2734
2826
2351
1689
3083
3083
3484
3177
3675
4124
4124
1893
2678
2759
2210
2210
3023
2210
3102
1923
1923
1873
1689
1893
2192
3033
3159
3834
3834
2772
2689
509
2871
510
2626
2626
2390
2668
1340
2210
2696
2124
2219
4986
2219
1847
4991
4881
2219
4987
2598
2582
2465
2219
4986
4886
2599
2465
4986
4996
2785
2848
2838
3086
2882
2801
3049
2846
3444
2219
1450
1476
2767
2409
2234
1477
2210
2878
2124
2462
2965
2220
2219
4986
2219
4711
4686
4886
4996
2534
4878
2291
2210
1923
2407
2407
2448
2523
2449
1968
2389
2878
2596
2681
3169
4111
3078
2841
3203
3649
2842
2843
4105
3693
2949
3169
2819
2220
4437
2584
2586
2545
4698
1690
2518
2752
3102
1921
2530
2425
2401
2596
4991
4993
2534
4878
4878
2767
3059
3059
2639
2811
1922
1923
2462
2565
2076
2220
2456
3084
2764
2324
2325
2401
4437
4437
4437
2534
4882
519
1953
1923
1923
1919
2451
4677
2965
2076
4671
4437
4437
2535
2534
2534
2534
2534
2518
2961
2449
2954
2595
2534
2534
2546
2210
2335
2452
1197
3101
3682
4033
3043
4031
4141
3619
2795
1975
524
2443
1923
2501
1202
3086
2432
1998
2953
3131
2933
2954
3273
1873
1873
4437
1194
4736
2836
2230
3103
3186
1922
1923
2682
2668
3084
2385
2932
1207
3384
3304
4988
2792
2991
2727
2335
4736
2545
2534
2534
2534
2854
3103
2994
3103
1992
2368
2964
2374
2454
2423
2534
2730
2335
2179
4437
2534
2798
2977
2786
1978
2617
2192
2574
1993
3493
3773
2882
2747
3305
2682
2534
3103
4456
2991
4679
4698
4671
2653
3236
2076
2534
2787
2800
3777
4141
3003
2050
2677
3103
1707
2076
3243
2903
2534
3012
2997
2768
519
519
3033
3033
3033
3033
3033
3103
2342
4736
2076
2179
2600
2635
2831
2417
3172
3047
2534
4565
2669
3061
1873
2390
2390
2871
510
2390
2390
2390
1871
2626
2626
2626
2838
3437
2919
2635
2854
2486
2854
2850
2469
2534
1689
4565
3320
3769
3065
3769
2687
3129
3161
2648
2459
3212
2859
2464
1967
2747
2972
2985
2801
3109
3632
2916
2824
3185
524
524
2451
3035
1873
3303
3074
2854
2854
4698
2994
4565
1649
2729
3491
3641
3641
3641
3641
3641
3640
3277
2342
4737
1873
2389
3131
4671
2838
3444
3010
3049
2585
2534
2985
3181
3048
3218
3196
3111
3112
2805
3455
3361
3333
3119
3781
3379
3365
4046
3332
2918
523
510
510
510
1871
3114
3114
2167
3114
2167
2428
2428
3114
3087
2428
2486
3105
2076
2847
2801
3196
3408
3256
3331
4154
4029
4155
4121
3879
4037
1689
2574
2211
2390
510
510
2871
2580
2002
2002
2002
2580
510
2002
2002
2002
3385
3385
3006
2864
3281
3114
2165
2165
4698
3212
2765
2390
510
510
3131
2586
3114
3305
2619
2669
510
510
510
2580
2580
2580
2830
2871
2871
3281
510
2871
2580
2871
3131
2428
2428
2854
3048
2893
3012
3423
3842
4180
3432
3211
3432
3147
3203
3650
4100
4101
4059
4089
4089
4066
4066
3208
3205
3718
3652
4020
3652
3652
3204
2804
3147
2986
2281
3103
3387
2464
510
2885
2885
3478
2854
2854
2854
2969
2743
3029
2736
4873
3212
2626
3011
4601
2885
2428
2428
3069
4698
2973
2281
2855
2580
2464
2464
2001
2580
2002
2002
2002
1656
3034
3240
1873
2165
2076
2850
2469
2972
2580
2464
2626
2683
2994
2995
2854
2485
4681
3388
3666
3702
4018
3259
3719
3783
3863
3481
3613
3395
3454
3454
3196
2805
3110
3196
3403
1478
2926
2234
2908
510
1872
2942
2818
2885
2167
2428
2428
4601
2807
2803
2409
2877
2871
4601
4698
4681
2850
4601
2428
4601
2469
2428
2428
4601
3429
2973
2656
2691
2970
2649
3114
3180
3105
2854
2854
2854
2428
3257
3258
2805
3257
2806
3841
2613
2734
2603
2668
510
2580
2580
3087
2469
4601
2850
4601
4601
3403
2809
2986
2804
4036
3111
1656
4601
3988
3479
3115
3059
2981
2728
2002
2001
2001
3666
2926
1477
3020
3083
1707
2001
2993
2974
2738
3453
3093
2580
2580
2580
2580
3666
3392
3076
522
2002
3105
2933
3180
3846
3855
3971
4048
3151
3456
3896
3367
4129
3893
3610
3448
3332
3372
3601
3392
3149
3433
3014
3316
2745
2953
2580
2002
2002
2002
3073
1656
3437
2846
3619
3236
3850
3261
3431
3127
3314
3116
3408
3111
3143
3181
3117
3329
2858
2002
1656
2001
3105
3427
2733
3621
3048
3196
3388
3024
2871
2580
2002
3686
3150
3602
3613
3112
3149
2767
3059
2907
2002
2002
3385
3165
3839
3420
2926
3345
390
4165
3147
3268
3333
2751
3345
2846
3332
3629
3432
3613
3267
2858
2751
3344
2948
2580
3061
3386
3430
3112
3377
3313
2832
2830
2002
2830
2830
2002
3846
3702
3450
3116
3029
3092
2917
3702
3268
2855
2002
2002
3385
3073
3269
2926
3640
2002
507
2805
3653
3408
1476
2926
1477
3333
2890
3276
2002
2002
2002
3059
3119
2926
2980
1477
3033
2716
3389
3642
3710
2925
3117
3029
3213
2002
2002
505
3486
3201
3429
3346
3059
501
3489
4071
4071
4122
4122
2722
2830
2982
3341
3471
3788
3155
3369
4126
4192
3741
4201
4251
3512
3512
3512
3505
3512
3512
3512
3472
3585
3496
1477
1477
3872
3968
4045
4045
3872
3557
3696
3573
3554
3644
3804
3500
3755
3954
4897
3955
3995
3977
3751
3753
3872
3538
3573
3876
3530
3644
3671
3552
3648
3631
3851
3756
4211
4006
3754
3503
3556
3904
4931
3904
3534
3904
3905
4914
4913
3874
3949
3948
3555
3755
3851
3313
3491
2716
2846
3390
2845
3688
4037
3852
3805
3154
3989
3632
3552
3472
3872
3376
3302
2621
3756
3646
3598
4121
3276
3165
3385
3362
2639
3266
3204
3951
4013
3718
3860
3148
3538
3554
3529
2574
3702
3869
3871
3803
3601
3555
3830
1477
3790
3377
2002
2002
3385
2002
506
3204
2767
3761
3789
3520
3274
2728
3259
3988
3518
1890
3059
2753
3472
3952
3668
3678
3655
522
1651
3345
3459
3495
1890
4049
4113
4130
4092
3650
4036
3651
4101
3986
3871
3869
3649
4084
3950
3761
4126
3968
3646
3128
2926
3671
3671
3398
4015
4015
3437
2002
3500
3647
3647
3498
3006
3439
3773
3484
3698
3240
3421
3034
2812
2811
4020
3652
3496
3588
3354
4120
3082
2914
2846
3439
506
3059
503
3413
3624
3639
3469
3385
3385
3020
3852
3754
4211
3705
3224
3006
3591
2845
3330
3706
3021
4049
3353
3416
4908
3063
3702
3706
3365
4164
4101
4036
4036
4100
4058
3651
4036
4058
3719
3006
3319
3319
3660
3876
3876
3557
3696
3557
3876
4912
3905
3905
3875
3905
3905
3534
3907
3915
4302
4159
4890
3563
3914
3914
4304
3925
3905
3912
4263
4203
4201
4062
4126
4185
3547
3639
3762
4107
4073
4901
3558
3447
3248
3239
3385
2687
2729
3770
4936
3494
3612
3475
2869
2980
4121
3599
2975
3778
398
3090
3515
3611
2729
3641
3641
3770
3770
3770
3772
4081
2771
2980
3753
4020
4089
2980
3834
4124
2720
2720
4122
3464
2604
3671
508
3628
3770
3641
3770
3385
2771
3338
2495
4113
3647
3631
3573
1650
4035
4196
3385
3641
3641
3641
3641
3694
3770
3770
3641
3770
3641
3641
3641
3641
3641
3641
4283
3641
3641
3502
3741
4037
3368
2840
3406
3951
3190
3641
4126
3033
3033
399
4276
4318
3645
3896
2845
3684
3469
3641
3685
3427
3834
3770
3484
4165
3159
3777
3628
3239
3641
3641
3641
4154
4059
4082
3381
4190
3318
4072
3262
3876
3521
3871
4018
3871
4105
3685
4119
2687
4152
3955
3955
3948
3696
3558
3770
3689
3770
4936
3817
4214
3817
3817
3817
4283
3641
4289
4447
4382
4179
4383
1345
4936
4936
3364
3834
3715
3451
3702
4002
3506
3512
3512
4893
3503
3503
4928
3929
3961
4295
4301
3536
3536
3907
3533
4300
4293
4899
4251
4251
3536
3957
4930
3957
4253
3506
3506
3512
3512
3512
3924
3935
4899
3917
4898
3917
3924
4299
3907
4301
4304
3536
3535
4931
3903
3975
3503
3817
3893
4071
3644
4006
4257
3506
4008
4209
3935
3512
3506
3918
3917
4006
4244
4201
2717
4027
3673
4038
3767
4945
3978
4251
3512
4008
4008
4077
4238
3987
2839
3834
4143
3794
4122
3876
4911
3511
4238
4008
4008
3504
4077
3900
4008
4008
4195
3963
4008
4008
2845
2651
3848
3853
3853
2718
3721
4051
3618
4107
3506
3627
3871
4082
3787
3699
3990
4077
4008
4008
3511
3611
2689
4059
4017
3963
4161
3780
3840
4124
3919
3826
3783
4121
2720
4912
3949
3558
3568
3949
2839
3262
4047
4162
4010
2916
3780
3590
3700
3417
3641
4283
3868
4018
3868
4211
4158
4010
3987
4058
4124
4214
4124
4058
3435
4124
4124
4124
3792
4131
3900
4008
4008
4087
4939
4018
4134
2772
3722
4129
4124
2742
4008
3969
4096
4066
1343
3366
3264
3558
3949
4111
3768
3751
4161
3868
4246
3835
4029
4120
3691
4124
4193
4193
3566
3446
3768
4033
4124
4124
4122
3991
3792
4258
2912
4181
2722
4124
3690
4108
3842
4052
3367
4017
4008
3207
3262
4158
3780
4142
3690
4008
4145
3713
3895
4145
4185
3512
3512
4212
4153
4106
3123
4160
4157
3745
3921
4232
4142
4135
3707
4161
4283
4447
4289
3641
4308
4579
4658
4177
4656
4587
4732
4430
4732
4283
4160
4091
4135
3905
3905
3918
4216
3065
3683
3742
4914
3534
4008
4180
3263
3506
3937
4295
4295
4157
1342
3505
3512
4160
2722
3512
4124
4302
4287
4124
4124
4124
4936
4227
4308
4124
3817
3817
4240
3817
4227
3817
4940
4289
4451
4558
4450
4450
3828
4214
4214
4298
4444
4124
4298
4298
1343
4289
4124
4124
4233
4541
3534
4124
4250
4308
4308
4240
4214
4240
4206
3512
4259
3944
3921
4250
4278
3512
3505
4308
4240
4227
4298
3918
4227
4308
4413
4240
4299
4310
4293
4541
4455
1344
1351
4564
4316
4386
4395
4447
4535
4308
4378
1345
3907
4301
4447
4386
4292
3924
4899
3960
3935
3918
4335
4899
3935
3933
4253
3924
4301
4301
4402
4395
4898
3933
4299
1345
4382
1349
4579
1344
4383
4392
4962
4381
4404
4387
4392
4308
4601
4701
4601
4582
4412
4699
4451
4670
4659
1351
4618
4550
4354
4702
4359
4433
4574
4420
4638
4435
4433
4609
4634
4358
4426
4496
4660
4660
4660
4660
4660
4660
4660
4951
4660
4660
4660
4660
4660
4461
4951
4461
4558
4576
4963
4732
4689
4698
4711
4711
4595
4178
4381
4681
4437
4618
4576
4950
4550
4726
4698
4618
4618
4547
4438
4347
4698
4726
4178
4549
4726
4717
4618
4717
4419
4604
4606
4675
4464
4634
4634
4660
4496
4496
4460
4496
4553
4660
4553
4660
4660
4496
4553
4660
4660
4496
4461
4660
4638
4668
4639
4692
4586
4657
4620
4417
4735
4711
4644
4574
4644
4620
4354
4550
4430
4430
4468
4420
4602
4573
4438
4461
4660
4951
4660
4660
4660
4660
4660
4660
4660
4660
4660
4660
4660
4461
4461
4673
4673
4673
4660
4951
4660
4673
4553
4654
4951
4660
4660
4660
4660
4461
4660
4657
4420
4660
4660
4593
4655
4711
4660
4660
4660
4951
4951
4660
4655
4437
4620
4951
4660
4660
4354
4649
4496
4630
4951
4436
4655
4668
4630
4660
4951
4660
4461
4660
4660
4660
4660
4731
4461
4435
4722
4711
4660
4630
4630
4630
4951
4436
4420
4953
4528
4571
4673
4651
4420
4638
4735
4496
4673
4660
4660
4660
4630
4660
4420
4553
4660
4660
4660
4660
4660
4737
4660
4553
4660
4732
4737
4660
4496
4660
4553
4496
4461
4673
4609
4372
4741
4728
4673
4756
4520
4951
4728
4461
4673
4749
4660
4496
4668
4496
4660
4660
4660
4660
4756
4553
4660
4689
4660
4660
4660
4660
4573
4675
4594
4660
4660
4660
4673
4749
4496
4496
4496
4496
4749
4496
4660
4660
4660
4660
4361
4430
4358
4708
4710
4660
4461
4461
4360
4689
4660
4639
4639
4639
4749
4748
4732
4732
4660
4660
4660
4496
4953
4553
4553
4460
4553
4553
4660
4660
4660
4660
4660
4553
4651
4660
4660
4749
4660
4660
4656
4496
4430
4749
4749
4708
4708
4553
4660
4660
4660
4951
4660
4553
4553
4496
4708
4639
4660
4951
4553
4496
4428
4660
4660
4612
4586
4732
4421
4708
4660
4660
4660
4660
4553
4553
4496
4660
4660
4660
4660
4660
4743
4422
4660
4947
4732
4660
4692
4660
4660
4951
4660
4660
4660
4426
4639
4496
4496
4421
4462
4422
4358
4708
4496
4430
4660
4660
4660
4422
4660
4692
4422
4660
4553
4496
4660
4426
4426
4426
4358
4422
4660
4749
4660
4496
4496
4496
4660
4660
4660
4660
4660
4553
4660
4660
4660
4660
4660
4660
4496
195
100
129
41
41
195
41
195
41
41
101
195
339
41
100
41
100
128
135
128
1294
659
601
4837
610
716
716
716
889
740
4784
717
750
4798
1073
610
716
602
602
4798
922
597
988
986
673
987
680
615
889
610
1297
1093
776
1073
670
796
601
790
415
794
946
542
946
214
4853
1556
1536
542
1536
415
415
919
4602
4584
4605
4727
4563
4686
4736
4689
4686
4644
1750
2335
2344
2344
1877
1877
1879
2425
2456
1786
1877
2337
2330
1879
1879
2534
2932
4206
3851
3538
4077
4895
3534
4921
4921
3926
4206
3506
3955
3948
4300
3905
3557
3558
3902
3872
3902
3948
3872
3902
4009
4931
3533
4931
3921
4008
3506
3506
3900
3905
3949
3917
3900
3506
3506
3978
3510
2926
4377
3641
3770
3770
3817
4283
3770
4283
3770
3770
3641
3641
3641
3641
3641
3641
4951
4660
4951
4660
4660
4553
4660
4675
4947
4496
4660
4951
4496
4951
4630
4660
4660
3521
1436
931
984
1393
1452
2219
2219
2279
4994
2337
2337
4881
2299
2279
1847
2048
2279
2048
2219
2279
2063
4979
2217
2063
2219
2219
4881
2279
2279
2063
2063
2299
2279
2048
4881
2279
2063
4881
2279
2219
2279
4881
985
1556
491
2821
2822
2821
4124
2626
2002
2002
2002
4124
