131
197
248
41
266
111
171
428
413
480
510
708
64
300
86
100
156
2
67
282
311
396
376
376
376
205
254
52
254
204
15
123
227
4791
4791
135
4791
4791
4791
226
284
52
254
92
216
196
304
204
300
107
195
489
173
513
481
199
287
287
199
200
52
93
128
50
344
347
4786
366
310
391
311
391
193
160
145
57
109
36
196
131
248
271
268
261
76
304
131
125
271
76
226
345
360
296
191
210
111
214
254
237
366
366
366
314
314
366
237
254
128
205
366
128
226
34
300
300
237
300
311
366
128
366
237
125
271
271
271
254
93
50
294
128
4787
254
237
163
242
201
492
403
419
181
625
630
406
522
625
503
352
237
15
64
205
195
200
412
366
300
64
34
131
202
300
300
300
4791
193
135
299
299
25
345
25
25
227
299
311
193
41
307
248
197
195
210
237
300
300
300
227
156
111
172
513
174
493
595
624
477
521
708
754
718
714
714
630
630
116
116
512
424
708
201
120
498
596
510
204
204
4790
223
100
214
223
300
412
172
223
109
36
124
204
41
166
254
300
287
366
223
428
511
413
517
366
201
201
412
119
419
354
359
411
366
366
366
123
489
199
347
266
263
263
360
242
403
168
193
4786
193
294
210
300
184
366
366
248
381
255
300
115
222
173
400
400
354
347
4786
4786
366
307
76
503
210
210
111
214
409
481
488
485
300
37
489
41
495
37
193
76
226
74
345
345
345
280
155
2
155
127
489
166
381
201
400
310
423
400
239
226
42
379
480
66
232
70
277
266
352
133
214
407
36
4792
4792
391
4786
311
4792
504
427
347
57
491
481
423
393
514
425
116
626
1031
525
525
356
1031
525
1722
2449
2947
2949
3236
3359
3890
336
4286
4286
340
3162
4267
94
160
266
268
193
424
400
116
626
626
723
627
717
500
509
214
312
215
490
225
67
149
376
391
135
396
4786
504
413
354
4792
391
135
135
160
347
513
135
33
25
513
503
284
514
2
68
396
135
4793
4791
322
4792
4791
135
135
481
4782
391
193
376
193
391
282
25
298
4783
284
625
487
174
625
405
1057
776
595
595
506
512
175
624
322
500
510
506
624
519
477
518
624
405
782
994
994
994
714
952
714
850
356
1744
1261
2537
437
2678
3722
439
3512
1849
3336
3821
3509
2691
1589
1983
1989
2761
2459
1836
2333
2405
2091
1878
2087
462
464
1540
1533
1629
1928
2387
2366
2293
1842
1842
1810
625
512
625
624
521
626
431
625
477
521
117
718
487
357
718
708
624
625
630
357
710
630
624
725
185
642
510
357
1041
1436
356
1295
648
675
683
683
745
683
831
879
880
979
979
881
1203
1203
951
1053
1061
1565
893
924
938
934
1048
896
916
570
648
554
553
805
599
612
727
612
675
728
624
179
683
831
831
557
838
838
838
848
848
885
4833
812
883
843
623
1052
921
185
626
723
1199
1617
1573
718
682
683
754
750
642
682
743
728
852
683
826
754
117
525
525
709
709
682
750
613
720
612
611
824
683
826
842
842
772
772
841
949
852
703
679
720
750
4964
1032
781
1092
781
813
781
706
772
612
635
642
754
879
117
754
747
356
356
1031
356
356
714
994
994
683
1022
829
1031
1031
708
852
626
356
627
612
522
772
852
785
728
679
4831
755
679
1072
813
1005
1057
821
1252
1193
1252
406
652
841
357
356
642
622
599
612
604
848
755
1072
405
994
755
610
1246
721
629
781
770
1026
895
1058
571
920
885
522
1238
1024
1595
1018
725
755
716
728
767
768
1057
790
604
854
841
805
828
855
843
755
848
356
1243
1770
854
1213
1213
1145
1318
1418
556
812
1026
755
787
878
622
877
769
1057
1018
847
1889
2219
2092
1865
820
775
775
1405
776
895
1573
854
1043
774
1614
1865
841
755
4963
4967
4964
1361
949
1218
1218
604
895
623
921
926
1075
4966
820
1018
830
885
356
714
850
525
1031
356
712
850
943
1370
920
921
885
1436
859
2194
2242
2647
2713
2163
3086
2147
2889
2891
2837
2828
2837
2922
2922
2373
2409
2409
2373
4963
4963
885
895
935
1052
949
979
1218
1218
951
979
4832
921
953
930
930
889
894
1094
954
1020
1027
953
1019
1730
1438
1129
958
1093
1165
905
905
905
905
1782
1464
910
1839
1806
2046
2273
2273
1036
1091
1535
1036
1027
934
939
932
934
769
1036
1097
1571
953
1020
1020
891
1048
1049
995
937
995
954
901
1298
934
770
1036
930
933
891
1519
951
1082
951
566
1053
405
714
787
1093
1093
1085
1236
1472
1093
959
1087
1183
1164
958
1488
904
904
1314
1331
1422
1463
1561
1888
1789
971
1473
1299
1086
1087
1027
1082
1280
1220
1203
1203
1595
1019
1165
1472
986
1560
907
1782
1730
957
783
714
880
880
886
916
893
979
4960
831
1361
4855
999
4848
4847
786
820
1018
1085
1093
1616
774
1866
2093
1156
1027
1048
1177
1130
934
1214
1367
1373
1373
1373
1165
1085
959
895
933
896
1805
1763
983
831
897
1286
1030
932
570
1020
1159
938
1227
1061
1061
1052
1053
1052
951
1146
947
809
568
939
1227
1227
1227
1203
1219
4855
4855
1373
1373
1146
831
959
1372
1373
1369
1370
958
1087
1087
1128
938
4852
1087
1084
1244
1037
1165
1373
1085
945
1565
1428
1091
1392
1452
1250
1102
1125
1797
2050
2463
2487
2475
2336
1352
1755
1753
1835
2620
2595
2595
2750
1121
2396
2451
2712
2640
2640
2364
1109
2336
2452
1099
1392
1085
1210
1080
1217
1153
902
1177
1200
892
1161
1084
1037
1135
1146
1372
1085
1209
1141
1525
1738
1373
1371
1371
951
1203
1203
960
1085
905
905
1485
1177
1481
905
1177
905
1201
571
1245
1375
1157
1453
1079
1180
1183
1180
1419
1098
1124
1134
1186
1576
1205
1085
1453
1159
960
893
1084
1133
1180
1133
1184
1166
1247
1187
1506
1225
1191
1192
782
1195
1195
1103
1084
1084
1328
1167
1080
1080
1481
1421
1151
1177
1153
924
1050
1280
1498
1283
1233
1312
964
927
1372
1026
1175
1390
1390
951
1058
1085
1183
1565
1053
951
1053
1053
1437
1091
1178
1087
1325
1291
1174
1134
1056
1084
1099
1244
1088
1239
1297
1183
1125
1615
919
1369
1372
1183
1085
1085
1417
1227
951
1289
1372
1289
1521
1244
821
1018
995
1254
1313
904
1222
1183
1031
1031
655
1303
2682
3012
3706
4358
3938
1266
4603
4510
4753
4762
4632
4632
1053
1053
951
1053
1321
568
1453
1164
1227
1061
1203
561
1162
1897
1730
1071
1680
955
567
1356
1173
850
952
714
850
1031
1031
1295
1177
2208
1200
1297
1161
951
1180
919
525
356
1031
527
1725
1295
1436
1229
1613
1704
2384
1133
961
1232
1209
1671
905
905
1085
905
905
908
951
1994
1995
1726
1321
1326
1175
1027
905
904
1498
905
905
905
1481
905
1315
1378
1126
1053
561
1163
1474
1485
1344
1104
1221
1347
1647
1830
2049
1905
1575
1532
1157
1481
1481
1421
979
951
1218
951
1227
1227
1175
1053
1061
1298
1297
1061
1440
952
714
994
994
714
714
952
434
1578
1579
1382
1696
1668
1854
850
525
527
1523
1593
1157
1462
1610
1462
1610
1523
714
714
714
1251
817
1912
2357
2472
2486
2347
714
4866
1389
1408
1740
1445
2617
1354
1056
1249
1210
1481
1421
1481
714
1530
1527
1551
1493
816
1219
979
881
950
527
1302
1302
1520
1153
1438
1189
1353
1356
1227
850
1407
1482
1444
1904
1503
1341
1044
927
1491
1251
1466
1462
1800
905
1463
1466
1566
1782
1031
325
325
1030
1488
1164
1164
1472
1344
1485
1485
1485
944
1090
994
1193
1193
1489
714
714
905
905
1466
1442
1397
527
1183
1485
995
850
857
1190
1756
821
1489
1193
821
1193
821
821
821
1489
1347
1423
1427
1438
1164
847
1512
1251
1509
1000
1030
898
1703
1736
847
1490
1600
1490
1517
1513
1649
1623
1624
1540
859
2074
1440
1000
1441
1047
1490
1091
931
1252
1193
1193
1251
1531
1533
1398
1344
1730
957
2073
1514
994
1716
1649
1621
1622
1668
1731
1425
1777
1572
1668
1769
1486
1380
1672
1422
1462
1560
986
986
1420
931
1541
1516
1680
1407
1467
1485
1193
1863
1544
1383
1623
1420
1577
1493
1675
1400
2711
2641
3028
2401
1917
2395
2634
2581
1379
946
1292
1295
822
2142
2242
2347
2347
2572
1865
1649
1731
1591
1687
1687
1639
1639
1463
1463
907
1407
859
2142
2099
1660
1547
1915
1687
1382
1649
1641
1383
1426
2295
1942
1621
1621
1383
907
2322
1970
1634
1832
1919
1489
1649
919
1649
1661
1668
1000
1047
1326
1377
1741
1652
1964
458
1397
1468
1726
1619
1915
1915
1486
1681
1668
1681
946
1207
1170
1520
973
1425
1443
1483
1782
1455
1487
1416
1806
1170
2217
1490
2093
1381
1668
1689
1622
1757
1497
1686
1708
1097
1579
1482
1552
1260
1644
466
1844
1780
2050
1705
1887
1404
1402
823
1024
1782
1622
1712
1713
1651
1661
1557
931
1723
1790
2576
1442
1574
1562
1562
1472
1592
1140
1569
1852
1306
1730
1228
2237
1739
1551
1435
1725
1745
2030
1296
1350
1950
1976
1905
1976
1752
1905
2094
1730
1467
1634
1106
897
1766
1767
1344
911
2145
1294
1693
1994
2322
823
1900
463
2074
2064
1344
1764
1764
957
991
1460
1790
2577
2519
2567
1795
2636
1747
1510
1548
1560
1524
1682
1941
1843
2272
2272
1946
1826
1435
2287
1705
1860
1914
1766
1525
1611
1171
1705
1730
2224
1997
1841
1668
1814
1307
2088
2039
1833
1858
1143
1673
1735
1735
1965
1941
1672
2590
435
2197
2197
2057
1633
1847
1845
1646
1856
1907
1723
1625
2384
1776
1858
1580
2099
2099
2233
467
466
1707
1919
1859
1874
1876
1963
2038
1961
2347
1562
2288
2461
2288
2235
912
1893
1846
1784
1351
1888
1561
1908
1546
1831
2347
2461
2235
1317
1704
1744
2362
2031
2350
1402
1787
2158
2238
326
1899
2347
2094
1758
1927
1699
1929
1769
1956
1601
1934
2344
2347
1327
1511
1758
1868
1945
1945
1945
2272
1946
1947
1932
1950
1953
1804
2359
864
1839
2104
1976
1960
1905
1636
1964
2357
1977
2447
2461
1846
1743
469
1870
2275
2268
2302
453
1980
1988
1989
1988
1980
453
451
2486
2233
1399
2181
1820
2235
1821
1958
1930
2868
2869
2409
2376
2893
3191
2832
2868
2409
2409
2409
2409
2409
2869
2869
2868
2868
2868
2869
2409
2869
2869
2869
2869
2869
3273
3191
3318
3198
2890
2869
2886
2867
2869
2869
2869
2409
2869
2869
2867
2869
1496
1843
1744
2230
2547
1951
2049
1958
2869
2869
2927
2869
2869
1807
2027
2272
1759
2076
2868
2869
2869
3199
3298
2409
2409
2409
967
2294
1701
2460
3047
2425
2324
2075
2572
2869
3191
2869
2886
2869
2179
3270
3280
2869
2146
327
1817
2528
2528
2927
3045
2927
2927
2869
1401
2860
2086
1959
2274
1872
2347
3055
2713
2409
2868
2409
2409
2139
2337
2870
1996
1886
1857
1307
2794
2794
2509
2509
4400
4949
4494
4494
2928
2689
2509
2410
2923
2461
2886
2649
2794
2928
2373
2373
2869
2806
2794
2509
2410
3283
3199
3199
3274
3274
3199
3199
3199
2867
2928
4768
4494
2373
3157
2816
2373
2815
4718
2867
2235
2409
2851
1792
2870
2992
3234
3274
3274
3274
2178
3199
3199
3199
3199
3242
3199
1772
2265
2748
2687
2895
2892
2175
2923
3045
2886
2806
2509
4599
4762
4622
4622
4715
3283
3199
3274
3274
3274
3274
3274
2886
1894
2225
2365
2226
2226
4992
2410
2175
2927
2323
2869
2928
2376
2890
2828
2146
2692
2236
1743
2649
4752
1959
1959
2867
2893
4401
2801
2409
2928
2815
2928
2449
1843
1847
1635
2217
3191
2832
2872
2647
3191
3151
2428
2482
2713
2922
2373
2928
2928
2224
1809
1997
2029
2589
2947
2509
1685
2586
1992
2587
1997
1700
2265
2686
2867
2149
868
2928
2027
2274
2550
2794
2550
2496
2257
2257
2550
2794
2794
2125
2923
2794
2689
2550
2685
2257
2685
2495
4715
4401
1998
2927
2713
2148
1683
1843
1843
1771
1966
1751
2398
4401
2550
2496
2063
2267
2927
2269
2713
4494
4768
2928
2636
2339
2339
1842
436
2434
2496
2550
2710
2550
1879
1107
2373
2339
2410
2760
2526
2163
2872
2155
3319
2153
3281
2178
3296
2713
4768
2373
2760
2163
2804
2312
1754
2713
4762
2034
1881
1108
2647
2373
2028
2209
2252
2163
1999
1752
1825
1913
2964
2471
2224
2373
2590
2319
2837
2687
2278
1751
1110
2273
2274
2445
1753
1110
1905
2452
2373
2373
2922
3274
3157
3199
1904
2259
2710
2166
2462
4762
2147
2373
1822
2058
2685
2710
2438
1916
2450
2450
1917
1917
1109
1110
913
2047
1869
2101
2231
2581
1882
2184
2373
4494
4753
4235
4427
4753
4753
4753
4762
4753
2373
4753
2373
4494
2902
2801
2373
1845
2442
2793
3488
2751
2878
2878
2958
2958
2520
2313
2647
2339
1842
2410
4599
4664
2060
2751
2546
1108
868
2197
1971
2442
2197
437
2685
2257
2689
1916
2336
2939
2158
2363
2184
2184
2487
2487
4494
2373
2228
4715
2382
2358
2342
2825
2226
2225
2373
2125
2259
2618
2526
2450
2425
4744
2184
2184
4759
2057
2682
2380
2872
2155
3242
2923
2175
2713
4494
2058
2689
2689
2794
2923
2334
2406
2334
2342
2475
2837
2837
2837
1847
2259
2410
4400
2452
1122
2501
2501
2183
2183
2454
2474
2452
2407
2474
2587
3055
2373
2293
2657
3310
2388
2058
2484
1979
2325
2373
1971
2532
2940
2683
3706
2535
2682
2941
2533
2794
868
437
2496
2710
2689
2769
2769
2877
2573
2837
1848
2569
439
3037
2238
2238
2163
2364
1122
2396
2510
2510
2510
1121
2943
2945
4026
2881
2454
2637
3089
3082
2677
438
2689
2687
2397
2769
2897
4753
2519
2921
2686
1917
1967
2582
2810
3158
2788
2828
2889
1971
2538
2794
2903
2450
2371
2410
2332
1937
2620
449
2763
2763
2597
448
3193
3237
3390
3530
3116
2701
2700
3627
3840
2610
2612
2450
1917
2589
2638
2689
1628
1935
2620
2822
1986
1984
3076
448
3116
2629
2763
2763
2597
449
2540
2540
449
2821
2763
1937
1937
1937
1937
1937
1979
2807
2546
2577
330
2923
2484
1937
1937
2641
3432
2643
3927
3927
3928
3928
3928
4127
4127
3528
4167
4127
4290
4290
4290
4290
2837
2550
2927
3330
3498
3265
2788
2292
1948
2293
476
4887
2662
3024
4199
1949
475
2725
4881
2785
2830
4887
473
2421
3525
3014
2679
3652
4077
4127
4127
3109
2683
3745
2923
2923
2689
2923
2509
1988
2582
1982
1633
2537
2492
2968
3714
4069
2697
3897
2701
3153
2628
2821
449
449
2620
3037
2541
2923
2864
1936
4984
2453
4984
4994
4973
1810
4971
4970
2559
2555
2510
2453
4970
476
2516
2510
2514
4881
2800
2856
2736
2857
2733
3056
2920
3316
3424
2518
1385
1446
2792
1974
2432
3336
2923
2795
1936
2450
2810
2453
4984
2453
2518
4753
4759
4988
2753
2837
4988
2400
2689
2498
2459
450
2401
2402
2402
2640
2595
2163
2517
2901
2671
4102
4109
3826
3291
3696
3696
4038
4039
3664
2849
3016
2770
2454
4753
868
2177
2828
2373
1931
2292
3109
2175
2332
2454
2501
2396
2517
4886
4977
2837
4885
4885
2791
2995
3329
3722
3722
1836
1980
2552
2482
2807
2454
1112
2164
2571
2403
2364
2396
2373
4494
4235
2837
4990
1415
1581
451
1988
451
2811
4622
2804
2958
4494
4603
4494
2902
2373
2373
2922
2373
473
2484
1627
2546
2720
2373
2837
2922
2923
2640
2619
2813
1115
4175
3001
2840
3737
2773
3295
2670
474
4887
2525
2459
2855
2834
2737
1954
1772
3349
3135
3414
2635
3135
2634
2691
4743
1121
4753
2770
2148
3036
2483
1937
2498
2890
2925
2895
2451
2887
2901
2671
2879
4983
2725
2483
2861
2451
4661
2828
2837
2922
2373
2376
2175
3242
2924
2402
3151
3128
3196
1112
2555
2837
2861
2451
3137
4603
2837
2732
2910
2727
4887
3526
2157
2853
2957
2917
3715
2856
2919
2967
2889
2373
2175
3284
2942
4622
3157
4494
2921
3217
2944
2837
2669
3019
3882
4192
2774
2229
3205
2924
2580
2944
2857
2919
2890
2949
3236
2819
2859
2694
2759
3110
3714
2914
3507
2175
1937
4661
2944
3049
2567
2520
2873
2712
3151
3128
2890
3283
2583
3269
1590
2620
449
2821
2821
2620
2620
2620
2595
2620
2633
2633
2736
2945
2918
2429
3274
3274
3274
3274
3199
2922
2588
3284
3268
3813
3814
3002
3006
2976
3239
2771
2638
340
2534
1989
2620
2734
2918
2850
3107
3017
3022
4192
3023
2522
2830
2654
2915
3029
2634
3016
2734
2177
3274
3274
3284
3273
3278
3858
3038
3863
3864
3863
3863
4935
4022
3270
2620
4427
1982
2595
3355
4661
2736
3087
2735
3087
3318
2373
2906
3020
3020
3020
3421
3421
3169
3061
3060
3098
3380
3625
4113
3070
4166
3834
3064
2733
2246
2761
1990
2763
2712
3319
3319
3296
3296
3296
2178
2178
2130
2784
2178
2177
2427
2825
2856
3056
3058
3171
3422
3062
3365
3069
3759
3873
3926
3503
1632
2387
3242
449
449
2821
2596
2629
3193
1985
3193
1984
2761
1985
3237
3118
3490
4064
471
1116
3279
3319
3319
3319
3274
3306
2839
449
449
2821
2958
2129
2179
2983
1262
1968
449
2821
2821
2629
3076
2629
3076
3132
2821
3279
2821
2596
2597
3132
2958
2128
2178
3274
3017
2670
3162
3441
3521
4216
3701
3493
3493
3493
3669
3687
2937
4161
3905
3765
3690
4159
4126
3762
3838
4076
3323
3687
3323
3323
3185
3421
3290
3275
3306
3270
3075
2761
2821
3199
2179
3050
3274
3274
3274
2959
2661
2662
2830
2657
340
2620
2179
3199
3199
3199
2178
2428
3157
2934
330
2678
2822
2822
2822
2972
1984
3141
3390
446
444
3226
3646
1983
2179
2958
3199
3157
2567
2874
2874
3043
2974
3284
3199
3274
3274
3274
3093
3395
3915
4061
3645
3250
3398
3179
3877
3403
3464
3138
3138
3218
3059
3420
3218
3138
2505
1414
2488
2650
2821
1113
2973
2957
3199
3199
3199
3199
3274
3088
3074
2616
472
3132
3199
3274
3274
3274
3199
2178
3199
3199
2178
3274
3199
3511
2882
2678
2824
3030
2784
3296
3054
2427
3274
3274
3274
3274
2740
3246
3059
3259
3138
3307
2792
2830
472
2925
2821
448
2597
3050
3199
3199
3199
3199
3199
3138
3201
3057
3421
3323
3187
2865
3274
3246
3063
3411
2422
3330
3478
1985
2972
2691
2742
2694
3122
3840
3014
1586
2972
2767
2909
3344
3345
3350
448
3015
2597
2597
2742
3429
3165
472
3046
2426
3359
2426
3247
3326
3327
3364
3072
3068
3369
4188
4123
3901
3246
3259
3064
3465
3377
3429
3410
3842
3161
2909
3024
3278
2972
448
3193
2972
3393
2865
3050
3665
3468
2986
3452
3328
3383
3445
3429
3167
3185
3187
3421
3057
3637
3688
2657
2621
443
2866
2427
3449
2830
3374
3421
3421
3421
1582
3132
2597
448
3487
3066
3453
3378
3169
3513
2791
2422
3339
3238
3388
3500
3490
3840
2609
2695
3413
331
4142
3188
3167
3409
472
2862
3316
3452
3375
3291
3378
3658
3035
2522
3726
3016
2629
2971
442
3383
3187
3625
3406
2876
2621
2621
2631
3076
446
3248
3396
3099
3187
2661
3339
3394
3607
3167
2422
1985
3193
3490
2970
3444
2694
3889
3388
3626
3420
3752
3171
2530
1414
3336
3409
2641
3123
3237
3237
3516
2422
3625
2951
2952
3439
2968
3605
3606
3627
2741
2196
3635
3309
3386
3141
2621
3680
332
4090
3511
3890
2422
2913
3526
3841
4130
4098
4098
3528
2628
2680
3335
3709
3647
3629
3740
4107
3684
3538
4103
3798
4925
3946
4930
4053
4057
4921
4930
3504
3668
3617
2952
3336
3698
3836
3836
3836
3698
3697
3585
3564
3703
3582
3660
3902
3852
3573
3953
4000
3871
3588
4084
3852
3710
3565
3639
3575
3623
3650
3724
3535
3612
3534
3710
3537
3540
3588
3880
3918
3566
3923
3923
4914
4915
4914
4910
4907
4907
3700
4901
3566
3836
3711
3710
3514
3478
3413
3665
3708
3397
3716
3628
3106
3104
3610
3760
2936
3535
3481
3731
3067
2535
4077
3731
3536
3104
3824
2997
3490
3436
3073
3722
3257
3172
3906
3764
3323
3763
3721
3682
3623
3845
3292
3395
3396
3708
3609
3503
3711
3731
1413
3682
3705
3118
3118
3436
3118
3463
3185
1849
3660
3673
3674
2560
3508
3473
3362
3533
3482
3308
3527
3504
3369
3622
3650
3580
2522
3498
3448
3604
3715
3329
4041
4041
4187
4042
3696
4108
2937
4161
3917
3916
3396
2775
3022
3713
3854
4107
3698
3686
2908
2951
3724
3553
3455
3706
3706
3295
3237
3712
4150
4150
3686
3642
3678
3715
2679
3819
3646
3821
3502
440
3743
4076
2783
3617
3616
3908
4157
3651
3124
3316
3729
442
3308
3717
3067
3553
3672
3653
3517
3490
2610
3428
3801
3540
3716
3344
3497
3723
3665
3498
3822
3439
4041
3825
3843
3639
3387
3607
3840
4166
3101
4161
4076
2783
4161
4118
4108
3692
3767
4063
3642
2523
3753
3702
3575
3649
3697
3585
3697
3638
4926
4902
4902
4908
4910
3558
3591
3570
3970
3952
4121
3538
4907
4918
3922
4918
3952
4910
3796
3797
4208
4103
3806
4107
4204
4132
3672
3807
4187
3808
3564
3710
3603
3530
2623
3490
3500
3858
3894
3894
3727
3729
3506
3620
2696
3103
3740
3385
4109
3827
3457
3612
3645
3858
3863
3864
3879
3894
4937
3894
3400
3840
3122
4143
4076
3769
2696
3896
4130
4098
3528
3528
3633
3025
3650
3461
3042
3879
3864
3879
3436
3840
3337
3941
3740
4150
3257
3564
3331
4082
4217
3436
3863
3891
3863
3863
3879
3864
3879
3864
3865
3864
3863
3863
4939
3932
4939
4939
4935
3864
3540
3538
3475
4145
2665
3829
3689
3293
3864
3802
2696
3507
3827
4151
4151
3746
3887
3665
4935
336
3891
3891
334
3896
3879
2679
4142
3772
3826
4137
3116
3863
3863
3863
3365
4160
4161
3384
4183
3515
4146
4141
3576
3776
3916
4061
3397
2781
3038
4103
3748
3801
3567
3741
3566
3648
3698
3879
3819
3879
3930
3930
3930
3930
3930
3930
4298
4298
4291
4292
4380
4458
4365
4358
4937
3928
3100
3896
4068
3067
3708
4037
4036
3948
4056
3871
4000
4000
4000
4027
4933
3951
3953
3589
3921
3970
3569
3970
3984
4932
4180
3798
3590
3572
4896
3572
4018
4037
4007
4008
4921
4930
4019
4934
4932
3968
4897
4897
3571
3954
3970
3955
3970
3568
3922
4914
3600
3837
3880
4937
3872
3841
3623
3588
4006
4007
3944
4007
4934
4930
4036
4931
3968
3588
3919
3800
3042
3492
3894
3942
3664
3999
3587
4028
3946
4053
4035
4037
4052
2562
3468
4025
4097
3706
4098
3638
4087
3586
4052
3944
4050
4093
3944
4053
4034
4034
4037
4028
4079
4135
3397
2782
334
2700
2697
3927
4025
2847
3515
4071
4007
2561
2781
4038
2644
2664
3744
3944
4049
4034
4047
3943
2701
4160
3909
4093
4148
3725
3307
4127
4103
3869
3398
3873
4098
3778
4901
3697
4087
4926
2782
4174
4105
3252
2848
2562
3844
3618
3368
4113
4935
4939
3608
3692
3249
3540
3802
2781
3875
4117
3928
3928
4127
4119
4070
4127
4127
4127
3839
3804
4049
3945
4034
4034
3932
4061
3892
3004
2844
3824
3928
4183
4079
4082
4062
3770
4177
4201
4105
3585
4926
3755
4165
4143
3893
3249
4267
4111
4153
4157
4070
3528
4204
4204
3704
4081
2842
3001
4167
4167
3528
4043
3762
4093
4172
4219
3528
3528
4086
3803
3828
4163
4188
3641
4050
3363
3910
4185
4110
4195
4044
3945
4247
4182
4112
3176
4204
3948
4053
4260
4106
2843
3101
4212
3539
3793
3592
4245
3178
4104
4190
4148
4939
4355
4936
3864
4335
4337
4439
4505
4406
4632
4739
4412
4763
4939
3684
4261
4203
4908
4910
4006
4246
2842
4210
4186
4907
3592
4035
4216
3254
4053
4093
4120
4120
4121
339
4925
4921
4265
3528
4053
3528
4318
3794
4127
3928
3928
3928
4271
4314
4127
3930
3930
3930
3930
4314
3930
3930
4936
4280
4392
4387
4374
4216
3930
3928
4287
4347
3928
4287
4184
4177
4936
4167
3528
4290
4292
4910
4184
4052
4271
4285
4284
3930
4271
3977
4921
4938
4892
4915
4057
4052
4925
4052
4285
4284
4285
4287
3542
4271
4271
4292
4336
4897
3954
3982
4292
4323
4324
4454
4458
4267
1265
4291
4315
4380
4272
4376
4358
3970
3952
4341
4324
3542
3571
4897
4897
4934
4006
4285
3984
4934
3951
4933
3571
3955
3952
4388
3934
3798
3951
3954
4358
4373
4388
4296
4324
4311
4459
4433
1267
1265
4384
4434
4335
4432
4457
4230
4283
4463
4392
4383
4365
4458
4365
4466
4956
4521
4765
4741
4658
4492
4665
4523
4667
4658
4549
4720
4644
4945
4413
4413
4413
4643
4643
4643
4643
4643
4643
4643
4643
4643
4955
4643
4643
4608
4529
4392
4609
4683
4696
4765
4459
4753
4632
4325
4566
4431
4494
4494
4471
4394
4394
4445
4576
4566
4392
4471
4392
4234
4380
4612
4436
4568
4460
4436
4471
4396
4392
4762
4614
4667
4584
4419
4958
4958
4578
4413
4413
4413
4413
4413
4413
4413
4413
4413
4413
4413
4413
4413
4413
4529
4565
4560
4533
4560
4525
4476
4687
4437
4623
4517
4759
4764
4492
4768
4437
4521
4956
4709
4954
4774
4951
4655
4647
4671
4537
4643
4643
4643
4643
4643
4643
4643
4643
4643
4643
4643
4643
4643
4643
4643
4577
4643
4955
4643
4643
4643
4643
4413
4640
4413
4643
4643
4643
4643
4643
4643
4687
4405
4643
4643
4575
4640
4753
4643
4643
4643
4643
4643
4643
4429
4615
4428
4643
4643
4643
4956
4633
4413
4643
4643
4404
4671
4577
4577
4643
4643
4643
4643
4643
4643
4643
4643
4640
4608
4638
4765
4762
4643
4643
4643
4643
4643
4404
4476
4589
4736
4631
4643
4476
4476
4634
4687
4413
4643
4955
4643
4643
4608
4643
4476
4413
4643
4643
4643
4643
4643
4687
4643
4413
4643
4696
4717
4413
4413
4578
4413
4413
4688
4561
4751
4648
4653
4743
4643
4633
4539
4643
4717
4688
4415
4565
4565
4413
4533
4413
4643
4643
4578
4643
4634
4413
4413
4768
4643
4643
4643
4643
4647
4533
4536
4578
4643
4643
4415
4552
4413
4413
4413
4413
4561
4413
4643
4643
4643
4643
4683
4954
4766
4766
4635
4643
4529
4529
4569
4696
4955
4560
4560
4560
4565
4696
4766
4739
4413
4413
4643
4413
4413
4413
4413
4413
4413
4413
4413
4643
4413
4643
4643
4413
4476
4643
4565
4552
4578
4413
4406
4413
4763
4948
4945
4683
4683
4413
4643
4643
4413
4643
4413
4413
4413
4413
4683
4560
4413
4643
4413
4545
4537
4578
4643
4951
4476
4696
4711
4683
4565
4413
4643
4413
4413
4413
4413
4413
4413
4643
4578
4643
4476
4711
4955
4548
4632
4643
4560
4578
4578
4643
4643
4643
4643
4945
4560
4413
4413
4711
4662
4673
4701
4766
4413
4411
4413
4643
4643
4411
4413
4525
4411
4955
4413
4413
4413
4945
4945
4945
4564
4673
4413
4562
4413
4413
4413
4413
4565
4413
4565
4565
4413
4413
4413
4413
4413
4413
4413
4413
4413
366
193
283
311
311
135
311
391
299
311
347
4786
423
311
366
311
294
37
226
124
951
997
4829
727
949
679
652
652
4826
755
880
599
997
950
1220
949
703
4855
555
1219
853
4831
841
881
781
852
621
1203
4964
841
979
950
746
979
1092
1092
996
1031
356
718
952
714
714
994
714
1193
1193
783
994
356
356
1863
4400
4402
4402
4951
2373
4759
4622
4762
4762
4693
2339
2451
2451
1112
2272
2272
1946
2396
2396
1843
2272
2183
1947
1946
1946
2373
2855
4934
3710
3585
4037
3923
3591
3587
3999
4018
3977
4007
3918
3566
3970
4906
3648
3697
3681
3698
3557
3557
3698
3600
3567
4914
3568
3921
3591
4053
4053
4133
3944
4911
3700
4897
3944
4007
4007
3586
4047
2952
4291
3864
4937
3894
3930
4939
3864
4939
4298
3864
3932
3863
3864
4939
4939
3864
4643
4413
4643
4643
4643
4413
4578
4422
4419
4413
4643
4643
4413
4643
4643
4643
4643
3574
561
841
840
1372
1003
4984
2518
4994
4994
4992
4992
1810
2365
4974
915
1809
4974
914
2453
4974
4968
4996
4992
1811
4984
2518
914
4974
4974
2365
1811
2365
915
914
4882
1811
2365
914
4974
2518
1811
914
1219
1193
1193
2869
2869
2869
4127
449
2621
2621
3193
4127
