243
304
78
271
75
279
495
442
117
746
74
405
74
4777
4777
398
224
36
36
138
224
141
380
140
141
392
404
406
285
268
286
134
101
73
141
404
405
384
406
405
406
406
285
404
285
144
51
185
626
441
442
273
42
276
240
141
74
4781
380
4781
380
380
380
380
4779
135
61
4786
4786
4786
197
214
198
102
61
4786
145
83
4779
146
243
293
383
307
72
386
268
406
406
406
288
293
293
406
285
403
73
200
200
307
376
288
213
4
357
357
140
131
140
138
135
135
235
235
356
135
380
157
380
141
138
4781
140
141
4781
74
140
141
4781
380
141
380
380
74
289
74
4781
380
157
4781
156
29
140
135
135
68
406
386
73
140
4781
380
74
74
405
135
135
135
156
140
288
329
489
486
507
507
526
842
2098
2051
544
524
489
138
4777
243
405
4
213
51
185
140
404
285
404
288
491
69
213
36
385
139
139
139
398
70
286
403
101
36
134
72
237
4789
134
134
148
213
269
208
213
404
255
286
286
134
51
384
185
360
693
514
525
544
752
4861
533
533
533
2313
2424
413
815
117
117
541
506
240
391
541
538
117
174
405
4777
4777
285
33
380
384
384
315
716
86
502
527
114
380
285
74
203
382
285
317
380
380
330
389
509
540
235
135
157
288
240
120
435
538
538
538
435
135
101
214
406
716
492
235
135
135
185
353
386
397
386
406
541
380
523
135
135
135
380
149
135
149
135
4786
4
4777
360
693
135
269
276
380
184
489
540
489
524
538
507
135
4783
145
149
4786
4786
61
135
83
386
72
160
69
357
354
370
543
184
272
627
385
317
491
626
524
509
140
286
73
139
70
4789
397
397
26
286
322
317
73
506
406
502
353
272
541
83
145
500
538
145
398
78
627
538
327
146
4779
380
271
507
4779
291
354
538
285
4786
197
139
625
623
4786
61
4786
537
420
523
24
138
538
117
815
414
816
877
1080
2505
335
348
349
4122
4122
3893
3893
3893
4226
4269
2713
4104
3896
4937
4931
145
383
353
353
24
716
541
538
751
766
766
835
875
854
854
364
751
828
272
383
304
370
4786
224
224
214
214
386
501
274
507
134
197
24
507
4786
441
544
224
752
752
237
39
4786
403
28
33
766
138
28
24
44
28
29
36
237
237
4789
4789
237
4789
526
766
752
2097
2032
2098
441
441
441
544
2097
533
766
766
746
542
526
533
533
752
2135
2313
2144
1922
1649
1945
2679
3198
2593
2859
3666
3782
454
3756
3562
3375
3374
3271
3271
3520
3174
3269
2687
2687
2017
2654
1917
1911
1980
1956
1671
1920
1756
1683
1546
1546
1377
1549
1571
1664
1856
480
481
2434
2584
4875
483
363
117
533
542
513
533
547
533
533
766
533
117
825
413
117
766
835
766
533
533
533
2051
681
806
766
533
363
2109
533
2108
2109
2071
766
828
875
757
1080
873
835
875
1080
1550
559
600
552
667
628
676
676
628
628
559
559
640
633
630
633
562
633
642
559
568
559
633
632
632
633
632
575
634
576
655
576
655
878
3978
3978
3983
3610
3610
3950
3615
1134
1176
1067
1042
994
1119
993
1096
1337
993
628
671
628
628
628
628
561
628
628
558
4819
562
669
709
562
732
610
769
4803
744
682
730
819
642
829
827
830
598
640
632
634
632
635
634
634
634
634
4828
4828
711
640
711
711
633
645
795
657
640
647
652
632
632
632
573
576
4823
749
4823
655
878
832
971
939
825
806
914
905
2129
2291
766
628
642
711
670
628
640
828
642
558
667
667
2109
676
730
681
682
632
4847
635
634
764
643
764
643
4847
632
635
830
815
816
1059
1080
744
792
676
682
667
676
676
682
628
712
711
670
769
769
642
711
795
795
635
634
795
764
635
635
685
633
4823
577
576
786
832
832
682
676
682
4803
4803
744
642
768
711
733
779
779
819
740
740
779
819
830
635
4836
819
744
744
2071
2146
2135
655
830
842
818
828
2256
2195
615
635
364
828
414
816
825
656
815
816
806
795
2098
795
634
634
769
642
768
769
819
819
771
808
803
4827
740
820
2474
2144
2264
819
707
786
655
655
828
842
2313
2313
656
779
769
619
635
621
737
829
819
2474
819
615
819
795
711
711
914
819
768
972
944
1487
968
832
914
2289
2287
2255
740
4805
769
779
733
645
795
2313
4828
722
2098
832
2146
732
645
2287
723
832
655
733
853
886
854
1550
832
645
1069
4828
4843
4828
4828
634
576
4823
646
944
4805
2032
886
832
890
795
2287
2320
1637
2635
4888
2319
2319
2265
2259
811
2291
886
853
2289
2289
2431
832
832
734
734
895
4804
733
860
944
832
658
3994
903
927
934
824
860
4836
4888
944
2254
877
813
929
944
968
666
1550
1812
2282
2639
2639
1830
2968
2968
2646
2997
2997
3072
2969
3054
3054
2648
1831
3486
3485
3444
2183
2183
2183
777
771
944
944
592
3994
3950
1090
658
732
853
1074
946
945
938
993
1094
943
1005
1057
1200
1057
1129
1174
1197
1007
1291
1631
1811
1188
1608
1772
1876
1974
4880
1027
1076
1208
1074
939
968
993
993
993
795
1027
1714
1610
1057
973
976
945
1119
1250
979
1119
979
1000
1175
1220
971
1111
973
1096
1022
666
969
997
2313
1058
1184
1224
1500
1827
1058
1221
1205
1216
1248
1327
1366
1188
1855
1188
2235
1982
1016
1271
1211
1077
942
1090
3983
4349
2289
1129
1501
1943
954
1011
1292
1828
2195
4843
655
4929
4929
4929
1077
945
1022
3950
4836
4828
4828
634
4828
634
4836
4836
635
1046
633
633
642
4836
1046
2287
2255
1221
2291
2234
2289
2431
2338
4888
944
1119
1119
1005
1001
757
4828
1037
990
1225
1345
1130
1077
980
1550
905
2255
973
1607
948
1077
992
1295
591
589
969
969
944
1022
963
2129
989
591
3950
3950
4836
4828
4836
4836
4836
634
4828
4828
4828
4828
1225
4929
4929
4843
1253
3977
3977
973
1020
1264
1176
4828
4828
1498
1018
1498
1247
1225
1002
4929
1119
1094
3610
1372
1129
1288
1426
1137
1217
1142
1143
1144
1357
1343
2508
2508
2417
2417
1150
1384
1795
2337
2133
1382
1933
2241
2949
3192
3288
3289
4877
3050
3046
3046
1871
2415
1152
1796
2415
1169
1170
1179
4843
1121
1257
2234
940
1175
2255
1270
4828
4843
4929
4083
1275
1608
1187
1555
1760
4925
1253
3949
4017
3950
3950
3950
3950
1008
1349
1197
1119
1284
1775
1450
1474
665
1139
1013
1373
1319
1209
1270
1245
1233
1448
1386
1126
1141
1272
1173
1450
940
1372
1766
1017
1373
2287
1209
1251
1377
1325
1336
1239
1377
1237
1142
2403
1137
1227
1238
1239
1264
927
1257
1257
949
1766
1261
1210
1236
1366
992
4929
3977
983
1387
1424
969
1263
1176
1134
591
1232
1247
1140
1137
1265
981
589
1080
1176
1171
1752
1211
1253
1325
1013
1374
2287
1140
2291
1387
1263
2234
1089
1261
4034
1228
1326
1450
1234
2319
2403
1129
1236
1185
1327
4929
1293
1212
1647
2679
3073
2743
3874
4934
4271
4272
4483
4433
4433
4433
4514
1425
1232
1137
1485
1359
591
3950
3950
1426
1288
952
1491
1645
2289
1359
1200
1172
1061
1233
1552
1761
335
590
1134
1374
1131
1649
1812
1552
589
1355
1358
1796
1384
1384
2488
1944
1327
1407
1216
1314
1811
3977
1213
1321
1355
1743
2021
1374
1229
1606
1229
1485
1347
1292
1275
1510
1425
3950
1139
1818
2095
2057
1143
1208
477
1377
1336
1668
1668
1230
1230
1539
1382
1806
1382
1798
1229
477
1334
1185
3950
3976
4929
4929
4017
3976
3977
3977
3614
3614
1424
1334
1219
1099
1134
1425
1177
3703
1239
1187
1981
1061
1526
1593
1576
1737
1649
4017
4017
3950
589
1334
1474
1292
1631
589
1981
1981
2237
2411
2091
2476
4888
4888
4888
1649
1706
1817
1889
2856
1446
2931
1385
4017
1177
3950
1170
1549
1009
1650
1461
1580
1682
1353
3950
4017
3610
3950
3950
3610
3950
3981
3610
1812
591
1197
1707
1377
1603
1316
1282
1440
1998
2609
1420
1818
2077
1558
1404
1563
1010
1011
1388
1249
1603
1552
1066
1818
1825
1825
1932
1825
1013
1131
1569
1923
1349
1187
1953
1455
1496
1499
1535
1013
911
2265
2377
2377
1935
1923
1533
1326
1174
1012
2368
1377
1546
1201
1095
1529
1375
1452
1668
1277
1637
2429
2381
1546
1532
1546
1640
1475
1548
2234
2282
2234
2282
1359
1535
1478
1463
1647
2377
1323
1726
1569
1981
1548
1489
1827
1962
1645
2338
4888
1657
1657
1546
1591
1711
1412
1457
1821
1847
1461
1646
2076
1363
1365
955
1874
1453
1177
1085
1535
1365
1788
1326
1336
1563
2431
1575
1614
1761
2095
1462
1461
2088
2767
2718
3693
3753
2830
1626
3036
2751
1629
1462
1488
1407
1761
1532
2338
1830
2646
4888
2646
2606
1546
1563
1526
1418
1751
1010
1647
1829
2431
1830
2431
1830
1830
1830
2282
1004
1859
1417
1640
1640
1591
1620
2887
2807
1348
1829
1886
1604
476
1668
1668
1668
1719
476
1323
1674
1708
1590
1478
1664
1514
1962
1682
1674
1756
1859
1969
2749
1683
1231
1683
1641
1674
1674
1756
1617
1480
1597
1879
1186
1953
1728
1812
1012
1480
1631
1490
1494
1717
2077
958
2270
2319
2431
1830
1700
1847
1607
1243
1358
1542
1546
1610
1738
1930
2076
1779
1739
2118
1742
2095
1925
2381
1946
4888
1418
1085
1779
1668
476
1668
1683
1617
2234
1249
1085
1762
1829
1831
2578
1664
1015
2073
476
1683
1611
1198
1705
1728
1514
476
1726
1788
449
2236
1724
2001
2001
2324
2680
2277
2801
1333
476
1668
1668
1668
1230
1789
1380
1381
2133
1382
1789
1382
1382
3054
4888
1607
1728
1603
1358
1342
1683
1830
1830
1363
1365
1186
1829
334
1856
1386
1714
1441
2438
2073
1668
1866
954
1736
1743
1830
2578
955
1925
1348
1703
1834
1831
3486
3214
1834
3444
1728
1231
1859
913
955
1555
1835
1773
1773
2343
1862
2341
1805
1357
1146
1633
1801
1660
1491
1463
478
1977
1961
1756
1771
2019
1890
1804
1806
1849
1795
1795
476
476
476
1668
1719
1789
1892
1954
2066
2116
1916
2316
1671
1897
1683
1770
1360
1740
1360
1215
2580
450
2704
2885
2495
2494
3062
2754
1494
1360
2438
1719
1668
1997
2505
2021
1865
2327
1633
1633
476
1676
476
476
1854
2338
1830
1830
3054
2628
1830
1830
1728
1960
2438
476
1719
476
1719
476
1668
1633
1633
1691
1676
1719
1672
1719
1378
1753
1753
1669
1672
1378
2635
2635
2635
1830
1830
1715
1841
957
1784
1927
1718
1668
1230
4888
4888
1937
1929
1690
2133
2133
1986
1594
2646
1811
956
1554
2275
2518
2395
2485
2235
1950
1852
2324
1668
1230
1719
1230
1719
4888
1715
1214
1856
2279
1668
1668
1676
1963
2475
1619
1790
1954
1954
2025
1790
956
2516
1230
334
1857
1857
1973
2343
1741
1539
1690
1539
1641
1893
1961
2606
1960
1380
1681
1681
1381
1798
1719
1719
1756
1654
2411
1993
1687
2452
1230
2482
2603
1420
2614
2133
1382
1382
1920
2114
1980
2005
2005
2005
2645
2010
3339
464
2007
2015
2834
2834
1917
2351
1719
2374
1214
2345
2279
1925
2578
1941
1230
1230
1874
2648
2648
2648
2988
2988
3054
2183
2183
2183
2648
2183
2183
3149
3149
2183
2183
2183
2648
2648
2648
2648
2648
2648
2648
2648
2183
2183
2648
2853
2183
2648
2183
1973
2355
2277
3017
2088
1638
1378
1790
1789
1690
1789
1379
1684
2648
2648
2648
2988
2648
2648
1878
1890
1890
1864
2328
2183
2648
2648
2183
2648
2402
1906
2719
3387
3394
2701
2646
1378
1860
2648
2648
2183
1925
2648
2648
2648
2853
2968
2968
2578
2355
1900
2646
2648
2648
2648
2648
2648
2183
2648
449
2771
1719
1688
1789
1378
2648
1739
1719
2183
2968
2628
2629
2183
3149
2648
2648
2648
3054
2578
2578
1662
1865
2133
2133
1799
2365
2365
2366
3149
3149
3149
3149
3149
2988
2969
3148
2853
2853
2988
2853
3149
3148
3149
2183
1831
2183
2183
3292
2366
3149
3879
3879
3879
3879
3879
3879
3879
3879
3879
3879
3149
3149
2183
3860
350
3860
3860
348
3149
2183
2968
2968
2183
2628
1831
3486
3016
4143
3879
3879
3879
4038
3879
3879
4038
3879
2435
2104
1688
2988
3034
3034
339
3292
3292
3292
3149
3149
3149
3149
3149
3149
3860
3149
3879
350
350
3879
2988
1148
2272
960
960
2272
2272
960
2272
3149
2183
2646
2646
2648
2183
2648
2648
2648
3485
2578
1861
2651
3149
3149
1690
1380
1380
1978
3149
2853
2988
2648
2183
2183
2183
2703
1973
1977
1378
2969
1681
2988
2648
3054
3054
2606
2430
2648
2648
2646
3034
3054
2646
2648
2183
2183
3149
2058
2058
4880
2481
3249
2276
3741
3741
3149
3149
2578
2578
2578
2183
2703
1891
1951
3051
2002
3054
2607
2648
1831
2183
1890
1740
2547
2365
2365
3051
3051
3051
3051
3034
2365
2366
3292
3292
3292
3292
3292
3051
3051
3051
3051
3051
3051
3149
3149
472
1978
3034
3072
2648
1716
1773
1814
1653
1669
1379
1152
2606
1148
2272
3149
2365
3051
2345
2682
1910
1379
1379
1986
2549
1382
1958
3149
2183
1831
1857
2118
2539
2089
3051
2365
2365
2365
3149
1837
1912
3054
1152
3054
2060
2801
3148
2969
339
4038
4038
4038
4143
4143
3879
1671
3034
2648
1831
2969
3034
3405
3458
1978
2382
2646
479
1910
1954
1954
2018
1954
2607
1384
3149
2648
1876
1876
3034
3034
3458
1954
1986
2270
2365
2394
3310
2644
2648
1890
2704
2936
2646
3034
1979
1986
2116
3193
1798
1986
2240
2521
2343
2448
2091
1798
2240
2337
1798
1384
3860
3860
349
350
2589
3149
3034
3034
3034
1954
2874
2221
2550
1831
3444
2284
2448
2983
2365
2708
1994
1995
2193
2644
1799
1798
1796
2292
959
3008
2131
2911
472
1628
1790
1670
1898
2417
1384
3860
3860
350
3879
3860
3860
2183
3860
3860
3444
348
1885
2611
453
3034
2927
3002
3405
4038
4038
3458
2423
2742
3149
3149
3149
3490
3490
1150
3245
2563
2735
2736
2598
3018
3051
3051
3051
3051
2062
3034
1844
336
2974
2337
2240
1870
2513
2508
1384
2508
2417
1150
1831
348
1621
3149
1914
2932
3034
3150
2272
2272
2508
348
348
349
3485
3292
2366
3034
3034
3034
1687
3107
3149
1384
1150
3149
2610
3008
3034
3458
4038
4038
4038
3292
3292
2629
1844
1844
1446
2365
3292
3292
3292
3292
1980
1917
1991
2637
1150
1150
3486
3486
348
2598
3051
3292
2366
3149
1956
2415
2416
1150
2560
2507
1164
2417
1150
2536
2272
2577
2534
1161
2536
2223
2577
2534
2536
1150
3486
4038
2597
3354
3474
3336
2448
3034
1919
2608
348
2703
3073
3569
2743
3539
3665
3386
1299
2595
2365
3292
2026
1831
2593
3051
3034
3034
3405
4038
3486
2857
3547
3292
2957
2439
3150
1384
1153
1164
1165
2616
2971
4877
2952
2953
2846
4211
4974
3485
4143
2922
3262
3051
3034
2316
2637
3405
3149
3214
3016
348
3034
2872
2453
2005
3444
3016
3486
3486
3017
3017
3386
3355
1994
2453
2413
348
348
2065
2017
2685
3269
3392
3503
3558
3558
3526
3696
3526
3777
3849
3849
4077
2673
3534
3534
3275
2396
3404
2276
3073
2000
3051
3088
2063
2316
464
3174
3174
3532
3504
3503
3542
3542
3526
2690
2690
2688
2693
466
2686
2889
2113
3403
3671
348
3214
3073
3292
2366
2379
3097
2709
3852
3853
3955
3955
4150
4934
3860
3034
3370
3540
3693
3540
2410
2721
482
2723
3248
3692
3763
2728
2726
2849
2916
2621
3087
2585
2859
3713
3853
2739
3926
3018
2743
3539
3292
3292
3292
3292
3051
2333
2006
3077
460
1995
2610
3009
1447
2756
3023
4076
2758
3850
2761
3513
3207
3201
2694
466
3355
3198
3292
3292
2932
1967
4970
2724
484
4970
2779
2836
1158
2618
4974
2725
2850
1160
2617
2779
2790
2794
3281
3013
2929
2793
3092
3437
3359
2724
1887
455
3555
3740
3292
3034
1995
2677
4977
4997
2625
2724
2820
349
484
3292
469
2007
2010
2014
2012
462
3025
3089
2949
3046
2453
1158
3337
3707
2623
2918
3858
3083
3083
2840
4074
3863
2846
3708
3091
2836
1160
3486
2724
349
3015
3353
3464
2599
2366
2334
2573
1164
3043
3050
2781
2817
3486
3857
3758
2334
2834
2015
2809
3405
1161
4877
3458
2878
1996
2772
2950
3043
3860
3860
3860
2722
1446
2592
3130
2654
2012
464
2834
3088
2007
3149
3041
3695
3860
349
349
349
482
3458
3089
3011
3486
349
349
3292
3458
1160
3070
3848
4098
2759
3428
4169
4219
3765
3053
3486
3165
2015
2012
2007
2009
4038
2929
2916
2858
3030
3387
3551
3893
4038
3650
3387
3038
3149
3860
3860
350
3860
349
3458
339
2834
4038
3365
2017
2698
4038
3311
3774
2954
2956
2733
3458
3551
2658
3149
3486
349
349
3016
3879
3879
3458
4038
1628
4038
4038
4038
1159
2849
3650
2750
3016
2977
2790
2978
3247
2980
3489
3075
2755
3089
3280
2987
4038
3078
3340
3486
3860
3860
2366
3879
3036
3149
350
3695
3893
3893
4038
349
3003
3004
2918
4117
3017
3073
3386
4038
3312
4038
2621
350
348
3896
3896
4104
3030
3597
3021
3873
3484
2366
2889
3149
4038
4038
4038
4038
2658
4038
4038
3486
2983
458
3037
462
3192
3168
3207
3250
3203
3203
3250
3192
3042
3207
3207
3281
3460
2622
4038
3893
4143
4143
4143
4143
4143
2803
3879
3070
3065
3067
3068
3067
3849
2761
3250
4038
3539
4104
3569
3077
3199
2793
3016
3129
3197
2840
4212
3085
3706
3354
482
2894
3434
3375
2848
2793
4143
2585
3879
1622
3745
3851
3895
4933
4935
3101
4038
3149
350
460
3651
4039
4038
4038
3113
3366
3052
3366
3860
2921
3233
3211
3487
3307
3117
3348
3417
3156
3488
3423
3862
3862
4113
4221
4201
3407
3396
3191
3199
2688
2685
2688
3271
3551
4038
4038
4143
4038
4038
4143
4038
4038
3194
3016
4038
4038
350
3190
2796
3362
3156
3409
3125
3124
3410
3932
3675
3757
2794
3035
3035
4038
2688
2694
3358
3511
3558
3558
3558
3558
2688
3174
3558
3172
3699
3777
3777
3777
3925
3070
3311
4038
4038
4038
4038
4038
350
2802
3135
2693
4038
3013
4143
350
3539
3268
3879
3203
3392
3513
3511
3357
3502
2693
3203
3513
4038
3113
3486
2990
349
4104
3896
3896
3384
3217
3218
3487
2842
3735
2844
4116
3731
4086
3802
3805
4131
3872
4078
3800
2844
3221
3082
3369
3741
3879
2986
3199
3268
3502
3879
3879
3016
3016
350
3214
3893
2727
3086
1300
4038
2693
3879
3879
3879
4143
4143
3893
3893
3893
3893
3447
3523
2687
3520
2688
3174
3429
2688
3520
3558
3558
3696
3274
3275
3275
3545
3879
3311
4038
3879
4143
3893
3174
3271
3203
3513
3879
3879
3879
3879
3879
2990
3437
3746
3439
3686
4091
3931
3939
3939
3862
3907
3121
3112
2796
3306
3463
2796
2802
3309
3380
3392
2762
2762
3502
3879
3879
3879
4143
3879
350
3447
2592
3166
3357
3879
3879
3879
3879
3879
3879
4143
3879
3110
3893
3893
3893
3320
3271
2762
3503
3879
350
4038
3879
3879
4143
3893
3348
3305
3306
4104
4937
3499
481
3427
3392
3511
3388
3879
3879
3879
3879
4038
3369
3487
3082
3730
3510
3521
3514
3418
3537
3551
3888
3172
3432
3432
3432
3282
3597
3379
3075
3888
3431
3431
3434
3473
3763
3551
3101
3172
3558
2690
3511
4037
3052
3118
3791
3558
3275
4039
3893
3893
3893
3491
3701
4146
4201
4221
4113
3124
4184
4184
3158
4221
3416
3347
3459
3443
3120
3472
3556
3556
3938
1300
3385
3783
3852
2913
3558
3558
3172
3436
3375
3113
3053
3746
2622
3893
3893
3529
3494
3119
3424
3447
3232
3221
3730
3451
3223
3427
3357
3454
4038
3893
3893
3421
3893
3368
3487
3568
3502
3511
3893
3522
3121
3496
3424
3364
3422
1300
3184
3542
3542
3526
3526
3673
3698
3673
3378
2674
3554
349
3896
3896
3896
2979
3550
1623
3893
3893
3300
3367
3335
3488
3397
3706
4183
3513
3357
2838
3454
3516
3419
3448
3423
2755
3765
2691
3512
3357
3491
3652
3367
3445
3232
3888
3511
3438
3445
3019
3542
3696
3526
3526
3794
3535
3019
3921
3558
3545
3673
3730
3518
2805
3538
3166
3888
3921
3543
3543
3562
3274
3274
3420
3508
3554
3789
3751
3888
3436
2675
3677
3451
3764
3512
3542
3436
3896
3896
4122
4122
4122
4122
3893
3568
3569
3569
4150
4150
3888
3053
3893
3575
3419
3469
3162
3576
3659
3414
4170
3841
4265
4257
4347
4257
3979
4256
4924
4256
4257
4257
3548
3162
3162
3538
3668
3760
3716
3715
3715
3729
3660
4901
4908
3781
4164
3704
3716
3785
3785
4119
3663
3663
3663
3497
3576
3576
3661
3729
3837
4127
3749
3749
3742
4192
3839
3918
3596
3716
3684
3888
3101
3101
2920
2845
3723
3496
3675
3163
3163
3904
3858
3548
3122
3771
3124
2596
3567
3715
3658
3796
3904
3893
3699
3526
3699
4122
3157
3231
2844
4041
3800
4041
3715
3663
4181
2761
3296
3786
2847
3687
3005
3624
3771
3907
3423
2846
3542
3696
3526
3526
3777
3274
3768
3221
3729
3161
4021
3311
3863
3765
3685
3946
3420
3665
3446
3471
4168
3411
3663
3715
3663
3304
3065
3767
3526
3673
3754
3622
3658
3779
4129
4148
3507
3083
4130
4130
4149
4052
3944
3906
4117
2843
3657
3884
3623
3680
4104
3656
3729
3792
3874
3888
4053
3543
3578
3712
3712
3679
2738
3534
3755
3379
3574
3854
2843
3926
3663
3715
3663
2583
2914
3861
3863
4162
2710
456
3006
3385
4120
3656
3663
3428
3777
3777
4128
3737
3578
3669
3500
3928
3771
2761
3794
2710
3699
4122
3161
3925
3908
3501
3512
3438
4128
3410
3933
2844
3006
4116
3943
4102
2840
3945
4145
3802
3806
3806
3886
3907
3621
3716
3839
3817
4304
3842
4167
4188
4218
4214
4174
4217
4196
3582
3582
4115
3905
4157
4156
4119
4129
4157
4156
4021
2913
3068
3794
3777
3948
3948
3528
2710
2710
3926
3770
3554
3904
3932
3873
3937
4150
4150
3744
3663
3663
3968
3851
3954
2710
2675
3855
4115
456
3731
3803
3925
3955
3955
3223
3223
2583
3752
3101
4122
3482
3851
3910
3857
4129
4103
3856
3006
3663
3852
4122
3851
3180
3851
3851
3954
3895
4933
4933
4936
4226
3851
3837
3885
4112
4128
4080
3744
3875
2913
3673
2710
4115
3965
4150
4934
4931
4190
4184
3439
3888
4122
3852
4122
4201
3896
3784
3886
3893
3849
3851
4114
3731
3732
4116
3426
3876
3683
3227
3621
2845
3945
4052
4211
3101
4164
3948
3750
3736
3839
3727
3954
3955
3955
3955
3955
4934
4936
4269
4269
4433
4271
4150
4112
4237
3123
3920
3835
4139
4897
4256
4256
3608
3868
3608
4927
4913
4014
3819
4016
4895
4916
4357
4008
3824
3824
4015
4016
3610
3976
3976
4257
3981
4924
4352
3987
3987
3824
3823
4337
3638
4311
4240
4199
4199
4127
3748
3670
3732
4086
4168
4168
3835
3630
3613
3993
3993
3993
4257
4257
3824
3781
3631
3101
3101
4163
3408
4079
2917
3836
3836
3833
4256
4924
4924
4193
3630
3630
4211
2846
3786
3415
4118
4150
4119
3967
3630
4256
3834
3835
4928
4924
3593
4049
3833
3833
3593
3630
4074
4122
4163
2673
3732
2758
3937
3874
4190
2623
4052
4084
2919
4087
4136
4256
4309
3101
4146
4117
4181
3939
4073
4226
3807
4934
3836
4932
4052
3932
2711
4168
3967
2917
3580
4201
3301
4201
3856
3007
4237
4135
3159
4158
3938
4122
4933
3944
3733
4124
3842
4170
4211
4117
4165
4086
3955
3955
4150
4134
3955
4197
4113
3834
3835
4256
4193
4254
4935
4932
4194
2919
3886
2758
4211
3955
4019
3591
4165
2915
3804
4213
4113
4114
4162
4237
4175
3298
4170
3943
4932
3160
4158
2913
4114
4150
3413
3413
4021
3066
3805
4197
4150
4150
4150
3872
4265
2914
4125
4150
4150
3066
3414
4937
4184
3797
4157
3919
3727
3802
4246
4195
3762
3225
3160
3593
4194
4183
4158
4088
4194
4256
4006
4006
4256
4256
4219
4219
3410
4167
4189
3838
4188
3843
4162
4132
4246
3301
4932
4226
4269
4934
4934
4226
4936
4269
4272
4509
4509
4592
4392
4937
4169
4150
3939
4256
4257
4226
4226
4201
4197
4157
4256
4310
3225
4204
4924
3832
3824
3824
4170
4347
4924
4257
3842
4347
4936
4126
4202
4150
4269
4269
3955
4934
4936
4150
4226
4226
4269
4483
4269
4483
4320
4272
4226
2713
2713
4936
4934
4150
4269
4934
4257
4257
4269
4934
4257
3979
4226
4205
4257
4257
3987
4350
3987
4271
3832
4008
4271
4269
4934
4214
3823
3822
4012
4269
4269
4483
2713
4271
4271
4226
4056
4226
4269
4509
4931
4271
4272
4269
4304
4269
2713
3822
4923
4923
4337
4337
4319
4351
4351
4337
4915
4916
4916
3633
3819
4269
4923
4337
4923
3821
4923
4269
4226
4269
4271
2713
4272
4271
4271
4056
4271
4272
4269
4271
4269
4483
4269
4483
4483
4269
4271
4271
4271
4269
4483
4483
4483
4395
4483
4576
4739
4739
4395
4616
4506
4739
4739
4739
4739
4739
4739
4739
4233
4739
4233
4233
4233
4233
4233
4233
4739
4233
4233
4739
4483
4483
4483
4483
4509
4509
4509
4433
4433
4509
4483
4271
4483
4483
4291
4483
4509
4483
4483
4395
4483
4433
4483
4509
4483
4483
1303
4433
4483
4271
4483
4433
4433
4483
4483
4483
4483
4483
4483
4576
4395
4739
4739
4739
4729
4739
4739
4739
4233
4233
4233
4233
4739
4739
4739
4739
4739
4554
4616
4509
4509
4739
4483
4509
4509
4483
4483
4509
4509
4395
4395
4469
4688
4395
4394
4395
4395
4433
4433
4233
4233
4233
4233
4233
4729
4729
4233
4233
4233
4739
4739
4739
4739
4739
4739
4233
4739
4233
4483
4233
4233
4233
4739
4233
4739
4509
4233
4233
4233
4616
4433
4433
4233
4233
4233
4233
4433
4433
4433
4509
4233
4233
4616
4233
4233
4509
4395
4433
4233
4233
4739
4739
4739
4729
4509
4739
4233
4483
4433
4739
4233
4739
4395
4592
4233
4576
4739
4392
4616
4394
4509
4233
4739
4739
4652
4395
4739
4433
4739
4509
4739
4233
4739
4509
4509
4233
4739
4739
4739
4739
4739
4433
4483
4395
4739
4233
4509
4739
4729
4729
4554
4739
4233
4739
4739
4739
4576
4509
4729
4729
4233
4739
4739
4739
4739
4739
4729
4554
4739
4739
4394
4233
4233
4739
4576
4713
4392
4739
4739
4739
4433
4554
4506
4739
4506
4739
4509
4514
4506
4233
4739
4739
4729
4739
4739
4739
4739
4729
4729
4652
4729
4739
4433
4729
4729
4729
4729
4392
4739
4394
4729
4729
4509
4616
4233
4729
4729
4729
4729
4729
4739
4729
4729
4739
4739
4506
4506
4233
4729
4742
4739
4739
4233
4616
4394
4392
4395
4392
4506
4729
4739
4739
4739
4739
4729
4729
4729
4729
4729
4616
4729
4739
4392
4729
4729
4729
4233
4729
4739
4729
4729
4739
4739
4739
4393
4576
4392
4729
4729
4585
4729
4729
4394
4592
4729
4739
4729
4729
4585
4729
4393
4729
4729
4729
4729
4729
4729
4729
4729
4729
4729
4729
4729
4729
4742
135
149
83
135
214
353
354
25
24
87
81
149
29
197
81
28
214
385
317
4777
317
3976
4929
4836
860
732
732
1046
768
642
881
3981
819
819
819
1046
4805
878
655
878
655
3610
1046
4836
3610
4836
3610
682
744
634
4836
4828
635
635
3978
3977
3977
786
634
786
655
733
4807
576
878
878
881
3950
3610
795
4805
4827
576
795
632
1046
634
3610
1046
709
878
4929
3976
3950
3978
635
3610
562
562
4851
3977
779
632
632
633
3976
3978
829
1569
2144
2033
2263
2144
779
1830
2968
2587
3149
3149
350
3149
3149
2293
3239
3050
3050
2293
1773
3050
3041
1973
2224
1876
2343
2343
3034
349
4038
4222
4193
4107
3868
4913
4916
4353
4082
3822
3621
4192
3642
3630
4924
3980
4256
3716
3824
3977
3991
3609
3609
4933
3955
3955
4933
4936
3955
4933
4934
4933
4257
4742
4420
4233
4739
4233
4739
4739
4739
4739
4233
4233
4233
4729
4929
4925
4929
4843
4034
4929
4929
4929
4969
960
960
4971
4991
960
4971
4974
1974
4974
2409
2409
4886
485
4974
960
960
485
4875
960
4991
960
4887
1976
1976
1976
2409
4879
406
317
406
290
476
476
476
1668
2669
73
317
