418
418
254
254
254
418
187
254
254
254
254
540
403
280
418
418
187
187
254
187
254
254
396
396
418
418
418
254
254
254
254
254
254
418
418
418
418
396
418
396
396
418
418
187
187
187
187
418
418
396
418
396
396
418
418
187
187
187
187
254
254
254
254
254
187
187
187
187
418
396
418
254
418
418
418
396
418
254
254
254
254
418
187
187
418
418
418
418
418
418
418
418
418
418
418
418
418
418
418
418
418
418
418
418
418
418
396
254
418
418
418
418
418
418
418
418
418
418
418
396
418
418
418
412
284
54
235
265
266
417
248
267
208
131
418
396
418
418
418
418
418
418
418
418
418
418
418
396
254
254
254
254
254
254
254
418
254
254
254
254
254
254
254
254
254
396
254
396
418
418
396
418
254
254
418
418
418
131
131
8
228
286
426
280
403
4
167
446
321
86
337
360
576
254
254
308
396
396
254
540
580
418
418
418
418
254
418
418
418
418
418
418
366
418
418
418
418
396
418
396
418
396
187
418
396
396
254
286
418
418
396
131
367
216
360
235
418
254
254
418
131
396
418
418
418
254
418
254
418
418
418
418
418
418
254
187
418
254
418
396
254
187
131
254
418
366
429
429
187
254
418
254
131
418
187
187
187
187
187
286
187
187
418
418
187
254
8
187
254
418
254
254
254
254
254
254
187
254
187
418
418
418
418
131
418
254
254
367
187
254
393
187
418
254
254
286
254
187
187
187
187
254
284
187
254
187
429
187
254
254
187
187
187
187
131
286
254
254
468
576
336
202
370
371
587
1792
3099
3309
3229
3537
3433
3538
3901
377
3394
378
3925
4232
4369
1344
3891
3891
3892
384
380
187
418
254
254
254
339
468
429
360
556
265
4846
202
320
575
336
187
187
418
254
254
418
8
187
187
187
187
254
254
187
429
54
254
254
267
187
254
187
267
187
187
228
48
254
187
254
187
254
53
187
254
254
286
254
187
187
254
254
254
254
254
254
216
174
213
176
4758
828
876
336
286
286
125
460
235
401
187
286
254
56
53
136
576
247
68
447
4850
4850
1381
1948
2627
3112
3335
3348
3687
3735
3757
3733
3535
3096
3096
3314
3097
3353
3384
2700
2699
1625
2463
1991
3018
3485
3739
3680
3476
2771
2771
3285
254
176
225
228
460
336
286
345
328
463
360
403
323
345
796
86
561
48
264
174
4846
4
248
279
4763
169
264
318
758
265
798
1382
798
1382
4763
1296
1232
1232
1283
1441
1322
1322
980
952
1441
955
1039
630
1300
630
1139
1218
1119
1002
1285
1058
1390
1392
1216
998
1623
1623
1966
1826
1840
1623
860
1433
1322
1396
1433
1232
1396
1396
1232
1232
1232
48
319
1322
1441
1142
1441
1441
1296
1296
1322
1232
1404
1179
1296
980
954
954
1039
1033
1043
1119
1737
337
201
884
1673
1111
956
1283
1232
1283
860
1296
1085
295
1232
1232
1308
1441
1296
1322
954
298
437
86
371
1396
1396
1322
1396
1232
1232
1232
1232
1232
1296
176
1441
699
861
1017
1033
1396
1396
1232
1232
1232
1232
1232
1315
1315
1396
1315
1315
1404
1396
1232
169
279
4759
1039
337
86
86
202
1370
1370
1396
482
201
370
370
1368
1031
798
1232
1232
437
437
1404
1232
1232
1232
1232
1396
1396
1232
1232
1297
1395
1433
447
1550
1550
1535
1550
1633
1633
1232
1232
1039
4846
265
37
1356
1232
1232
167
1356
1162
1162
1396
1232
1232
437
1395
1162
1295
1232
1232
892
1232
1232
1465
1628
1243
1766
1243
1246
1136
910
1074
916
1331
388
1395
1232
1232
1232
1232
1232
1552
443
1232
1404
1018
828
1232
164
1325
1179
631
1232
1232
1367
1246
805
1772
1018
1232
1232
1465
1465
1439
1441
1179
1380
1232
274
1018
1018
1232
4758
912
1594
2008
2417
2169
1659
71
912
913
914
2417
1179
1284
1136
1232
1333
924
1660
1930
630
630
1232
1232
1297
1232
1232
1246
1020
991
1232
1243
993
1037
1232
1232
1732
922
202
370
950
1384
1069
1136
1380
1243
1036
586
1772
2360
2660
3059
2639
2639
2909
2638
2392
2937
2937
2937
2686
2207
2884
3025
972
3007
3007
2885
2687
973
973
2587
2885
1232
1232
1518
1596
1168
1310
1218
1218
628
1232
1465
1043
1826
1826
1059
1059
1357
1623
1291
1025
1291
1390
1828
1595
1063
1828
2831
2830
2833
1227
1226
1656
1932
1932
2304
1009
2830
2830
2830
2830
2506
2767
2767
2935
2778
3109
3256
1828
3079
3079
3079
1083
1216
1366
1262
1357
1428
1041
1243
1828
3174
3244
3228
1828
1828
1826
1828
1405
1380
1595
1623
1357
1366
1238
1405
1291
1227
1226
1238
1028
2112
1828
1394
1059
1357
1291
991
1218
1131
202
446
1278
2112
2112
1936
2037
1258
1065
1603
1847
1932
1009
1842
2092
2830
2830
2830
2830
2961
2916
2249
2096
1761
1251
1184
1824
1291
1218
629
1179
866
1828
3079
3046
2830
2830
2830
2830
2830
2831
2831
2831
1370
2112
1441
1324
1966
1957
1812
1291
1218
1441
1444
1232
1322
1232
1232
1322
912
2112
2112
1634
1687
1771
2145
1241
1380
1809
1334
1278
1226
1226
370
1465
1465
1465
1439
1441
1441
2112
2112
1828
1243
1624
1024
705
1328
1547
1439
3079
3244
3365
1522
1840
1008
1239
1216
1568
1568
1119
1465
1390
1336
1828
1334
1406
1119
1217
629
1322
1439
1439
1441
1465
1465
1510
1751
1439
1505
1505
1628
1567
1278
1184
1226
1058
1441
1936
1603
1936
1858
1462
2112
3079
1367
1936
1336
1216
1322
3079
1487
2347
1280
1269
1256
4868
2460
1208
2915
2944
2881
2881
2820
2820
3201
3201
3201
3201
3336
2945
2948
2948
2948
2948
3649
3649
3649
2881
2938
2938
3469
3649
3649
3649
3649
2948
3201
3201
3201
3201
3201
2820
2347
1425
1280
1465
1522
1309
1369
1673
1390
1656
1936
1995
1261
1465
1510
1505
1510
1270
1876
1805
2361
2830
1441
1766
1567
627
1378
1603
1784
1784
1842
1656
1854
1686
3365
1464
1506
1727
1761
2268
2041
2041
1318
1276
4758
1191
1459
1805
2104
2613
1259
1276
1603
1727
1726
1390
1858
1936
1761
1858
1936
921
1995
1509
1515
1802
2808
1995
2808
1459
1995
830
1255
1995
1738
1995
1710
1719
1559
1228
1428
1656
1761
2112
1221
1259
1591
1874
1966
1957
1385
1261
1766
1569
1767
1244
1542
1008
1285
1219
1119
1377
2112
3079
1211
2304
4868
1214
1025
1524
1876
1428
1425
2347
1251
1784
1628
1270
1936
1761
1459
1675
1628
1385
1767
1932
1428
1119
912
3228
1261
1509
1428
2530
2347
1556
2112
1316
1874
2830
1784
1738
371
488
2921
2787
3737
385
4233
4376
4444
4583
4473
4595
4583
4599
4606
1239
1119
1119
1995
1737
1727
1721
1218
1286
1730
1191
2347
3046
2831
2831
2831
1733
1515
1569
1721
1371
1371
370
2078
1893
3041
1390
1226
1858
1800
3024
1504
893
1792
1374
1336
1995
2808
3159
3201
2820
2820
2041
1559
1559
1874
1519
1932
1932
1009
2830
3105
1519
1806
2668
2096
2910
2944
2808
1403
2104
1569
1932
2304
1009
1009
2830
1874
1874
1219
1485
1244
1761
2268
2462
2832
1995
2668
1625
1625
3187
3187
3070
3070
3336
3201
3201
1637
1907
1506
1009
1861
1378
626
1378
1460
1519
1519
1219
1737
1219
1506
1737
1219
1767
1219
1767
1568
1226
1291
1485
1802
1889
1558
1448
1381
1478
1453
1679
1635
2007
3322
1461
587
1506
1463
1489
1009
1009
1861
2830
1506
1476
1372
1491
1683
2364
2420
2412
2505
2169
1789
1785
2132
2838
3051
3758
2800
1567
1291
1656
1194
1257
1784
1476
1541
1853
2123
1910
1378
627
1148
1139
1341
1848
1375
1227
2808
1802
1629
2104
1002
1877
2561
2261
3052
1059
2347
1394
3244
1630
1506
1009
2830
2830
2830
2830
1009
2830
2830
2830
1806
2589
3105
2833
2041
2041
1064
1064
3187
3079
2834
1554
1575
1381
1784
1009
1009
2006
1512
1657
1656
3046
1720
1722
2808
1757
914
1608
1578
1556
1556
1633
3079
1756
1524
1506
2427
2738
1594
1952
1488
1639
1777
1059
2833
2833
2928
3074
3187
2808
1578
1951
1819
1950
1488
2699
523
523
2734
1769
2528
2205
1822
1524
1875
1403
1656
1579
3079
3244
1582
1554
1633
1566
1520
1965
1815
1059
3046
3023
3244
1905
2253
1601
1716
2700
1582
1455
1679
2001
2219
2218
2007
1788
1888
1842
1009
1842
2830
2830
2830
2830
2830
1257
1291
1949
1407
2830
2830
2830
2830
1979
2808
1520
2205
1483
1815
2305
2562
1640
1614
3057
2936
2913
3631
3675
3441
3426
3427
3501
3488
1759
2361
1890
2699
964
2684
2639
2419
2909
2511
2929
2201
3174
3272
1942
1827
2830
2830
1965
1376
2668
1771
2145
1771
3079
3370
3272
1815
523
1815
2306
3337
3113
1455
2830
2274
2838
3365
2305
2734
2700
2700
3174
514
1704
1611
1514
3365
2305
3187
1491
3272
3272
3271
2725
1689
2648
2700
3272
3272
2972
1813
1892
1967
1394
527
2427
2427
1792
1452
1745
2830
2830
2830
2830
1780
2767
2868
3036
1968
1474
2145
1678
524
2833
2831
2833
2463
1837
1682
2834
1612
2218
2440
2690
525
2955
2928
2821
2826
2832
1471
1951
1470
1659
2457
3244
1483
2249
1977
1986
2831
2830
2830
3244
2361
2343
2528
2797
2427
2343
2808
2462
2700
1852
1874
2833
2314
526
3350
2734
3244
1876
2890
2641
2700
2831
2275
2890
2298
2623
2719
2699
2806
2945
2945
2945
3336
3336
2945
3336
2945
2700
2684
2831
2830
2463
2139
3187
2832
1770
2830
2830
2830
2830
3046
3105
2768
3208
1483
2799
3217
2007
1642
2776
2830
2830
2079
2602
2960
2830
2830
2830
2830
2830
2830
2831
1832
3032
1833
3538
2743
3254
1342
2650
2972
2146
2830
2830
2767
2610
3016
2935
2935
3109
3012
2916
2896
3115
2821
2700
2467
3066
1649
2830
3036
2572
2955
2896
3272
2767
3015
2778
3016
1642
3313
3115
3201
3287
3288
3314
3314
3097
2700
3105
526
526
3350
2450
2515
2664
2964
2963
3215
3500
2963
2450
2690
2676
2718
2690
3044
1755
2734
2700
2692
2146
2937
2639
2960
2528
2855
3185
2465
3218
3287
3218
3312
2700
2700
3385
2805
2805
3097
3288
3097
2805
3354
2400
2830
2511
2419
2528
2767
2767
2775
2798
2602
3217
2832
2831
2830
2261
1201
3336
2909
2909
2909
2830
1879
2519
2629
2105
2133
1647
2972
4999
3426
3066
2785
2806
2700
2511
2684
2854
3016
2799
3188
2830
2620
1471
2863
3354
3288
3314
3314
3354
2505
526
2936
2639
2613
2611
2611
2611
2611
2945
3078
2945
2806
3077
2511
2690
2961
2541
2830
3313
2945
2945
2945
3201
3201
3385
3385
2727
2003
3272
2703
2703
2108
2991
2518
2786
3336
3336
2725
3386
2804
3097
3218
2742
3016
1649
2868
2830
3105
3018
3078
2945
973
2885
2687
2687
2282
2937
973
973
973
2687
973
3007
2587
973
973
973
973
973
973
2687
4877
2382
973
3007
973
3007
3007
973
2885
3007
2797
3016
2921
2297
2420
3370
3314
2945
2945
2945
973
2687
2687
2687
3007
2687
2830
3016
3016
3016
3336
2916
973
2687
2687
973
973
2961
3323
2721
2760
2107
2423
2500
3221
2961
2382
973
2961
2207
3007
3007
2639
2660
3099
3425
2909
2742
3290
3225
3007
3007
973
2352
3354
3353
2945
3078
2945
3007
3065
2805
3007
2639
2937
2909
2669
973
2687
2885
3007
2937
2686
2883
3036
3271
3288
3201
3336
3201
3201
2242
2166
2231
2161
2161
2161
3253
3140
2168
2912
3007
3290
3290
3007
2264
2229
2229
2437
2899
973
3007
3249
2160
2231
3027
2180
3028
3028
3028
3245
3281
3245
2566
3245
3245
3245
3245
3245
2437
3140
2437
2437
3173
3355
3341
2437
2437
2437
973
2670
2937
973
2608
1832
3059
2380
3205
3281
2566
2566
2566
2566
2566
2566
2566
3061
3245
3526
3425
3353
2349
2550
2224
2789
2811
2568
3027
973
2264
2231
2264
3253
3253
3253
3253
3130
3090
2237
3289
3372
3316
2264
2881
3108
3108
3108
2770
2770
2770
2587
3007
2742
2500
2587
2687
2207
2687
2884
2686
3012
3052
3457
3253
2945
2945
2945
2945
2945
2916
2687
2587
3007
2587
2885
973
374
3016
3097
3288
2332
2945
4877
3204
2937
2929
4877
2639
2639
2937
2669
2669
2687
973
973
973
2774
3109
3109
3014
2786
3100
3415
2229
2820
2661
2608
3015
2686
3109
3065
3425
2252
2937
3201
2638
2937
2207
3036
2935
3457
3114
2321
2745
2576
2411
2368
2317
2329
2159
2614
2326
2159
2326
2590
2325
2316
2630
2317
2635
2368
2349
2242
2264
2932
3066
2264
2392
2377
2937
2207
526
3016
3485
2375
2945
2945
2820
2775
2587
2165
2349
2368
3315
499
2264
2945
2945
2820
3108
2937
2587
973
3012
2607
3476
2611
2497
2465
2315
2316
2323
2168
2576
2945
2937
3201
2937
1343
2229
2161
2223
2943
2564
2565
2565
3004
3004
2566
2566
2566
2566
2392
2392
2932
973
2278
2378
2378
2984
2979
2945
2669
2899
3314
3066
2541
3201
3201
2775
2207
3007
3109
2222
2563
2945
2945
3336
2881
2797
2315
2644
4999
3097
3012
973
3050
2644
2885
2405
3314
2965
2948
3336
3201
973
3285
1643
2945
2948
3201
3336
3201
3336
3201
2820
2899
2437
2185
2211
3170
2185
3322
2231
2331
2790
3057
2813
2775
2437
2686
2899
2885
3660
3739
2157
2323
3001
3426
4999
4999
3426
3426
3426
3426
3336
3201
3201
3015
3109
3108
3007
3526
3067
3504
2703
3337
2881
2820
2820
2899
2437
3119
3173
2188
3090
3173
3173
3173
3119
3119
2437
3173
2437
2437
3173
3173
2884
2899
973
3184
2901
2331
2512
3211
3133
3133
3446
3471
3064
2512
2611
2780
2161
2908
3253
2696
2541
2929
2881
2686
2899
1886
3089
2331
2675
2443
2325
4999
3140
2885
3426
3201
3201
3201
2829
2770
2829
3201
2829
2829
2829
2207
3011
2624
2908
2813
2378
2929
2829
3108
3108
2899
3011
2228
2179
2320
2441
2843
4999
3253
3253
2820
2829
2820
3119
2437
2622
2223
2564
3056
2567
3043
2791
2227
3113
2378
3014
3014
2800
3200
2575
2323
2577
2614
2577
3097
3201
3201
3059
2207
2438
2800
2318
2593
2227
3090
3201
3201
2820
2938
2938
2820
2820
2820
2829
2770
2820
2938
2829
2829
2820
2820
2829
2829
3104
2670
3680
4137
4179
4249
4249
2947
3781
2696
3097
2437
3048
3017
2781
2622
3541
2783
3541
2780
3017
2316
2892
2840
2366
2759
2563
3211
3223
3334
972
2841
495
2983
4999
3426
2943
3201
3469
2938
2938
2938
2770
2770
2770
3154
2877
3723
2879
2770
3032
2670
972
3530
2316
2667
2843
2984
2984
3253
2673
2899
2316
3441
2804
2843
3022
2661
3025
3100
3375
2323
2922
3426
2938
2899
2948
3091
3091
3096
4121
4091
3906
2948
3426
3426
2623
2790
2323
1646
3091
3096
4121
3091
3091
3314
3091
2948
2948
3009
3211
375
1833
2227
2224
3625
3516
3546
3643
3874
4229
3011
2443
3121
3516
3121
2685
3695
3110
2771
4117
3695
2771
4117
4117
4117
4201
4187
3913
4162
4117
4117
4152
3417
3835
2877
4201
4201
4201
3680
2839
3523
3730
3448
3829
2622
3541
2326
2326
2789
2811
2789
3027
3096
3469
3215
2612
3200
3200
2947
3092
3092
3478
3478
3887
3887
3887
3625
3625
3625
3361
3375
2227
2763
2843
3256
3256
3256
3416
3417
3467
2770
2770
3467
3416
4117
4117
3467
3467
3467
3256
3416
3417
3688
3037
3380
3728
2874
3447
3633
3633
3051
3310
3373
3500
2227
2943
2948
4999
3467
2770
3467
3467
3173
3256
3912
972
2771
4117
3485
2789
3097
3337
3427
3279
2948
3517
3467
3013
2953
3013
3046
3840
2657
4215
4116
4155
2878
2952
2877
3267
3835
3467
3173
2884
3163
3011
3100
1886
2498
2643
2443
2770
2770
2938
3469
3467
3467
3912
2771
2771
3256
3757
2746
4999
3253
3211
2770
2770
2224
2864
4999
3469
3649
3649
3649
3417
3173
2239
2771
2780
3541
3091
3376
2804
3649
2969
3211
3119
2438
3083
3227
3117
4117
4117
3043
498
3467
3267
3025
3283
2228
3376
3014
2962
3649
4037
3478
3682
2988
4162
4050
2877
3119
4117
3853
3446
3835
3038
3215
2498
3311
3008
3133
3133
2970
3122
3328
2239
2239
2238
2239
2800
3000
2984
3351
2564
2969
3446
2962
4082
3840
2208
3912
4152
2942
498
2948
3328
3446
2982
2982
2995
3083
3317
2998
2999
2568
498
2984
2565
3064
2938
2938
2938
4078
3311
3029
3173
3380
2872
3913
4152
4117
4201
2783
3200
3280
3279
3665
3021
3003
3728
2673
3170
3283
4117
3055
2999
2979
2237
2241
3173
3033
3538
377
3133
3083
3836
3836
2656
3040
2623
3101
2568
2567
2938
3446
3133
3688
2188
3229
3891
3415
2498
3758
3758
3463
3094
4076
2802
2442
498
3133
3003
3082
377
3038
3209
3649
2564
2565
2211
3739
2703
3279
2948
2948
3625
2948
2948
2948
2948
2948
3419
2948
3649
3688
3243
3081
3003
377
377
3332
3281
2566
3281
3281
2185
2998
3681
4037
4037
4163
3751
3887
3649
3037
3064
3258
3540
2226
2948
3233
3104
4078
3728
4116
4152
4152
4187
4201
4201
3101
3676
3731
3649
3037
3688
2566
2566
3085
3043
3351
3418
3368
3855
3507
3770
3091
3535
3328
2180
2107
3133
2566
3133
3233
3633
3512
3706
3446
3283
3904
2875
4012
3654
3670
3413
3414
3303
4120
4216
4159
4114
3411
3409
3146
4078
3549
3091
2992
3008
2566
2566
2566
2566
3128
3128
2566
2566
2566
3128
3512
3164
3334
3446
377
3446
2241
2873
3236
3475
3410
3152
4129
3181
3705
3571
3452
4117
3540
3200
3361
3625
3091
3887
3096
3096
4091
3092
3092
3681
3742
2566
2565
3128
3186
3328
3688
3549
3625
3091
2969
2380
2566
2566
2566
2622
3501
3625
3887
3887
3091
3887
3887
2567
3887
3887
3887
3133
2566
3243
3317
3904
3049
3100
3892
3891
4168
4168
3232
3884
4115
4115
4128
3841
4102
4131
3237
3778
4115
2873
3091
3676
3686
3625
3128
2566
2566
3205
3281
3372
3049
1833
3913
4201
2787
3186
3887
2566
2566
2566
2566
2566
377
377
377
3446
2181
376
3229
3500
3096
3096
3761
3870
3216
2832
3394
3235
3281
3355
3209
3374
3419
3216
3316
2566
2566
3281
3281
3281
3235
3346
2836
3663
3674
3364
3397
4147
4205
4203
4169
3690
3706
2875
3775
3100
3463
4179
3887
3649
3649
3419
3724
2566
2566
2566
2566
2566
2181
3281
3281
2873
492
4036
3887
2566
3245
3316
3245
3245
3245
3028
2566
2566
2188
3289
2566
2566
2566
3447
3538
377
377
3468
3649
3096
3133
3245
3446
377
3281
3281
377
377
377
3656
3655
3911
3242
3891
3892
3892
4201
4201
4099
4179
3091
3091
2877
3245
3245
3245
3245
4077
3711
3707
3245
3143
3438
3904
2809
3367
3761
3346
3463
3870
3696
3096
2872
2950
3541
3367
4121
3887
3887
3387
3394
3659
3310
3096
3394
3394
3394
3394
377
3144
3473
3522
3652
3399
4119
3402
3815
3862
3634
3754
3437
3483
3475
3412
3412
3303
3524
4095
4195
4112
3414
3913
2950
3516
2989
4082
3503
3761
3633
3429
3235
3433
3499
3445
3039
3484
3303
3439
4130
3729
4081
4179
3887
3745
3394
3538
3538
377
3475
2877
3407
4084
3665
3091
3633
3749
3484
3690
3454
3759
3414
3914
3100
3761
3906
2966
3049
3231
3231
3913
3310
3682
3394
3394
377
3394
3410
3484
3303
3915
4201
4255
4037
3887
3860
3734
3435
3236
4195
4081
3200
2877
3887
3887
3887
3359
3451
3176
3639
4201
1644
3387
3294
3240
2947
4121
3664
2626
3367
3387
3039
4094
3850
3462
2947
3682
3887
3196
3759
3748
3773
3463
4249
4249
2947
3546
3906
4136
4202
4187
4121
3550
3537
4168
3466
3538
3901
2626
2783
3732
385
3696
3547
3746
3848
3640
3638
3701
3678
3902
4126
4074
4096
4918
4143
4087
4880
4880
4089
4880
4880
4087
4153
4880
4153
4157
3854
3854
3582
3691
3572
3929
4889
3575
4902
4900
3617
3794
3823
4105
4894
3606
3592
3589
4886
3960
4885
4019
3590
3586
4914
3794
3793
4244
3793
3613
4217
3823
3822
3821
3599
3693
3582
3718
4895
3786
3591
4058
4922
4882
4010
3589
3956
3588
3975
3969
4352
3927
3999
3999
3999
3976
4353
4001
4001
4310
3968
4005
4005
4904
3611
3783
4895
4081
3382
2966
2966
3294
3430
3538
3689
3569
4013
3569
3647
3701
4055
3894
4118
3402
4914
4203
2903
4900
3623
3669
3646
3862
3742
3870
3454
3638
3775
3775
2950
4106
3823
3237
4098
3430
3490
3503
3860
3929
4899
4007
4055
3653
4120
4083
3345
3860
3667
4120
4270
4249
3419
3081
3505
3364
3638
3836
3600
4183
3403
3821
4209
4915
3823
4107
4249
2782
3095
3699
3606
3669
3637
3713
3554
3570
3040
3040
4050
3920
3884
4215
4899
3725
3592
4890
4057
3544
4056
4056
4195
4112
3532
3081
3574
3585
3712
3884
3782
2947
3744
3736
3699
3462
3482
3860
493
3894
4176
3820
4086
4037
4086
2879
2655
3744
3848
494
4183
4119
4243
4897
378
3635
4010
3592
4058
4136
4076
3092
4249
4183
3419
3825
3736
3726
4076
4249
4252
3742
3751
3628
3551
3754
4115
3922
4166
4123
3922
4166
3297
3092
4249
4249
4249
4249
3478
3478
4173
4252
3613
3613
3613
3613
3792
3793
3613
3613
3794
4008
4310
3966
3968
4904
4353
3969
4350
4358
4887
4312
4246
4917
4271
4333
4342
4316
3997
3974
4312
4338
4001
4354
3996
4059
4039
4061
3811
3880
3714
4241
4251
4175
3822
3861
4093
4241
4293
4293
4310
3681
3751
3824
2762
2762
3699
3890
3634
3833
2950
2950
381
384
3150
3821
3794
3685
2762
3869
3643
3726
3591
4156
2710
3737
4136
4177
4249
3598
3751
3383
3770
4097
4091
496
3902
3678
3727
3092
3823
3546
3539
3903
4168
3368
3127
2762
3924
3856
3898
379
4280
3591
3609
3410
3182
4215
4086
4208
4008
3896
3881
3094
4182
381
384
4325
4209
4209
4251
3630
3628
378
3495
3901
3123
4168
3478
3478
2871
3505
3182
3182
4166
2950
4086
3915
4240
3613
3613
3616
3616
3921
3430
2656
3294
4031
3901
3950
3589
4885
3926
4006
3612
3931
3875
3126
4222
4222
4231
4357
4421
4324
3943
385
4091
2772
4194
4018
4045
4045
4045
4045
4087
4031
4921
4921
3987
3559
4921
4913
4912
4294
4345
4021
3990
4344
4338
4306
3972
3951
3952
4087
4061
3952
3976
4887
4022
4919
4264
3988
4042
3985
4913
4087
4089
4060
4089
4087
4087
4153
4880
3953
4912
3953
3952
3952
4060
4912
4912
4066
3562
4265
4306
4343
4339
4343
4343
4342
4347
4347
4352
4353
3966
4029
3590
3705
3402
3894
3823
4031
4047
4016
4018
4065
4087
4089
4153
4089
4087
3952
4153
4087
4087
3952
4031
4016
4017
4909
4029
3627
3856
3396
4178
3840
4058
4018
4141
4087
4088
4088
4046
4045
4018
4088
4018
4018
4047
2656
2656
3705
3544
2753
4175
3802
3793
4302
4048
4048
4018
4018
4046
4046
4048
4018
4088
4046
4045
4045
4045
4141
4088
4045
4045
3430
378
3901
3825
4128
2657
4171
3822
4205
2879
4050
4155
4185
4147
4018
4045
2988
3674
3727
4216
4208
4048
3925
3231
4163
384
3202
4097
3491
3635
4188
3966
3966
3797
3802
3802
4005
3591
4918
3177
4113
4075
3635
4215
2656
4158
3404
4207
4058
378
3856
3507
3723
3920
3920
4110
3881
4050
2656
4156
4092
4928
4178
3844
4214
4218
4088
4018
4045
4045
4045
3770
3770
3856
4073
3396
3153
3478
3702
3776
4045
4125
4166
2876
385
4193
3772
3772
3795
3802
3840
4037
3811
3538
4155
2876
384
3703
4216
3834
4037
3678
4191
3805
3804
3797
4037
4037
4163
3937
4188
3404
4141
4162
3231
4162
385
4127
4251
4206
4150
3815
4310
4045
4184
4075
3399
3714
4171
4186
3883
4310
3840
3779
3404
4206
4147
3804
4045
4045
4045
4088
4259
3780
4171
3833
3799
4261
4316
4334
3805
4162
3841
3652
4214
4097
3878
4101
4357
3898
3878
4327
4382
4382
4442
4435
1350
4641
4693
4693
379
3800
381
4250
4310
3967
4219
4087
4153
4087
3857
2988
4035
3799
4219
4353
3968
3968
3999
4045
4101
3238
4333
4045
4087
4061
4061
3985
3986
4213
385
4880
4880
4153
3809
4880
4087
3987
4247
4042
3996
4319
4229
4924
4231
4222
4033
4327
4281
4321
4384
4509
4509
384
4372
4248
4372
4222
4372
385
3941
3999
4372
4153
4143
4376
4376
4924
4089
4880
384
4301
4349
4350
4153
4153
4153
4089
4153
4153
3952
4372
4372
4089
4327
4335
4376
3857
4303
3561
4254
4266
4023
3986
4231
3941
4369
3943
3942
4287
4325
4365
4327
4363
1348
4283
4330
4335
4328
4153
4345
3992
4315
4364
3951
3951
4269
4298
4142
4043
3952
3953
4233
3951
4298
4269
4912
3564
3568
4025
3992
380
4509
3951
4298
4269
4294
4301
4231
4910
3941
4371
4365
4365
4532
3943
3943
3943
4381
3943
1348
4509
4363
4314
4420
4286
4509
4509
4473
4480
4324
3942
4421
4357
4475
4433
4433
4383
4435
4435
4285
4423
4430
4472
4619
4495
4572
4617
4654
4697
4653
4677
4701
4699
4739
4701
4699
4699
4687
4739
4699
4699
4699
4687
4687
4678
4678
4475
4509
4475
4561
4566
4236
4235
4597
4583
4524
4434
4357
3942
4324
4473
4661
4586
4433
4426
4431
4431
4475
4476
4481
4447
4383
4532
4283
4433
4383
4381
4433
4475
4532
4426
4475
4532
4435
4435
4431
4488
4570
4283
4473
4431
4560
4476
4473
4488
4561
4481
4745
4677
4702
4701
4701
4699
4699
4684
4687
4739
4701
4739
4687
4699
4687
4699
4699
4739
4660
4454
4450
4378
4442
4421
4435
4699
4436
4435
4443
4586
4445
4586
4481
4566
4570
4435
4442
4421
4442
4445
4481
4566
4682
4445
4596
4541
4445
4533
4532
4678
4701
4739
4739
4699
4701
4699
4699
4699
4699
4699
4687
4687
4687
4684
4699
4699
4699
4699
4687
4678
4442
4435
4435
4684
4699
4699
4687
4687
4699
4699
4684
4684
4429
4678
4687
4678
4739
4739
4554
4533
4532
4678
4687
4739
4699
4739
4480
4422
4480
4449
4421
4687
4699
4449
4572
4678
4739
4699
4429
4557
4687
4699
4739
4739
4739
4687
4699
4699
4699
4687
4699
4739
4557
4566
4595
4699
4699
4699
4423
4429
4687
4495
4619
4429
4482
4720
4413
4421
4699
4699
4699
4699
4684
4684
4699
4699
4413
4413
4739
4739
4235
4699
4421
4687
4687
4699
4702
4687
4699
4677
4495
1350
4699
4585
4541
4422
4472
4699
4719
4701
4738
4678
4699
4699
4699
4699
4739
4561
4235
4699
4699
4680
4701
4687
4687
4701
4699
4699
4626
4699
4687
4739
4701
4676
4701
4739
4699
4739
4657
4566
4692
4699
4739
4739
4687
4583
4701
4699
4680
4719
4448
4543
4599
4699
4699
4701
4699
4701
4701
4699
4699
4701
4701
4701
4701
4680
4699
4699
4482
4680
4699
4699
4680
4680
4701
4687
4746
4691
4734
4734
4606
4554
4701
4701
4701
4701
4739
4701
4699
4699
4454
4701
4701
4701
4699
4701
4677
4677
4699
4750
4448
4565
4617
4694
4719
4699
4701
4701
4739
4699
4739
4699
4701
4701
4680
4680
4680
4620
4477
4680
4585
4699
4699
4680
4680
4701
4699
4680
4701
4729
4719
4699
4739
4724
4729
4708
4682
4680
4699
4701
4699
4701
4694
4680
4680
4386
4478
4701
4701
4701
4701
4734
4714
4734
4701
4701
4720
4699
4701
4701
4680
4680
4701
4719
4701
4701
4701
4701
4680
4701
4701
4701
418
187
254
254
254
254
254
254
254
254
286
254
254
254
254
418
254
254
418
1460
1232
1232
1322
1232
630
1396
1232
1396
1433
1232
1396
1322
1396
1180
1232
1232
1139
1232
1300
1396
1322
1322
1460
631
1232
626
1310
627
1322
1232
1439
1444
1232
1322
630
627
1460
1322
1310
1395
1297
1232
1396
370
370
323
1371
1554
1467
4849
1554
1633
1556
2909
3253
2437
3253
2239
2188
3119
3253
3253
3014
3649
3649
3649
3016
3016
2938
3469
3469
3285
2770
2611
3476
3256
3476
3011
3446
3952
3613
4008
4045
4022
4353
4031
4031
4918
4060
4143
4912
4087
4153
4898
3989
3966
3966
4005
4902
4903
4900
4907
3588
3928
3612
3928
3612
4903
3959
3927
3976
3957
4347
4347
4362
4898
4141
4046
4880
4046
4018
4088
4007
4004
4142
4060
4141
4141
4089
4904
4017
4015
4895
3898
4263
3875
3126
4227
3127
3126
4087
4701
4687
4701
4678
4557
4678
4701
4701
4687
4699
4699
4739
4699
4699
4680
3795
3613
3613
1439
1441
1439
1510
1441
1505
3256
3467
3256
2770
2770
2770
3014
2770
2770
3256
3467
3256
3256
2770
3256
3256
3014
3467
3014
2770
3014
3467
3467
3256
3467
3014
3256
3245
3245
