423
423
423
423
423
423
454
439
439
478
262
11
423
423
423
423
423
423
423
423
423
423
423
423
423
423
423
423
423
423
423
423
423
423
423
423
423
423
423
135
144
143
423
423
423
423
297
423
423
423
423
423
423
423
454
454
423
454
423
423
423
423
423
423
423
423
423
423
423
423
423
423
423
423
423
135
423
423
423
423
423
423
423
423
423
423
423
423
423
423
423
423
423
423
423
423
423
423
423
423
423
423
423
423
423
297
135
145
133
259
132
258
9
331
59
480
294
133
145
423
423
423
423
297
135
423
423
423
297
423
423
423
423
423
423
423
423
423
423
423
423
423
423
423
423
423
423
423
423
423
297
423
423
423
423
423
423
423
297
297
145
145
366
447
536
573
673
221
56
854
5
56
221
562
371
354
136
297
135
135
478
478
423
423
423
423
423
423
423
297
135
423
136
145
297
423
423
423
423
423
423
423
423
136
136
487
487
142
423
423
372
423
136
351
370
223
427
423
423
423
423
145
423
423
423
423
423
423
135
423
423
423
423
423
423
423
423
423
423
423
423
350
454
314
314
259
259
423
136
423
423
423
423
423
423
423
136
135
427
142
454
423
423
423
136
133
297
423
423
423
423
423
423
423
423
423
423
423
423
423
145
423
423
478
370
454
454
293
423
423
142
454
423
423
423
297
423
303
423
423
259
423
423
423
136
423
423
136
439
142
259
354
224
556
213
324
324
1515
1342
378
1830
1767
975
2490
389
4204
3189
2707
3023
423
423
423
423
423
146
370
370
224
373
322
274
331
337
402
423
423
423
294
423
423
423
423
423
423
259
293
423
423
146
423
427
423
423
294
464
423
423
423
423
295
250
423
423
142
454
423
423
423
423
423
423
423
257
337
144
258
273
273
294
447
487
447
294
536
276
225
261
143
142
268
573
141
268
426
341
326
452
169
169
453
1515
1924
2246
1688
2760
2811
3653
510
3355
2759
2000
2618
2618
1865
2417
2417
1209
2251
1793
2118
1860
2064
1956
1906
1890
1890
1612
1612
1602
1630
1513
1405
1265
1735
1902
2425
527
2906
528
531
4989
4983
239
401
366
473
536
337
262
315
262
480
226
589
806
258
223
11
562
214
193
217
331
9
596
481
417
227
287
465
236
9
331
324
213
501
227
4822
4822
1114
784
662
4796
662
858
4822
682
4822
1116
957
4822
682
913
858
774
4833
4968
1100
1431
4973
4850
4850
1505
1485
1485
1485
1441
1441
1437
1463
1460
1520
1628
1775
1053
1157
641
1290
1011
1567
1008
4822
784
784
1119
662
824
1116
917
917
917
946
1114
890
890
894
4802
659
917
885
902
544
331
4828
774
4968
858
1089
1100
4973
919
934
886
858
911
858
858
858
919
874
961
858
4833
4833
4833
4833
1431
1431
1431
4850
1430
956
1305
1388
373
331
324
499
811
4868
1119
695
917
4822
4828
256
911
784
866
233
784
331
662
858
4968
4970
698
858
1169
4833
858
4833
1100
899
272
214
374
324
659
917
659
662
866
659
858
886
917
917
917
695
886
858
4969
858
858
363
858
858
919
4969
4973
4973
1102
874
956
874
659
866
659
4802
695
695
4841
957
786
994
880
944
994
830
994
1241
919
758
4802
307
445
445
1100
218
5
331
324
324
324
324
326
4802
332
811
324
817
4850
746
324
917
858
273
273
698
917
917
917
902
890
902
994
902
902
994
885
994
994
90
168
451
452
171
3
890
1431
4792
1431
402
213
919
854
885
902
305
870
791
4840
793
4
425
445
4840
902
858
695
886
274
902
858
873
1047
1085
643
712
3
811
1554
416
830
791
885
885
958
858
858
425
272
917
698
870
1485
6
917
341
416
1055
956
956
4850
957
698
967
324
501
1064
919
922
1156
870
1236
870
858
899
873
944
886
5
874
1062
969
1156
273
437
1561
1559
1553
1553
90
416
440
1541
873
325
956
915
4871
4872
969
1064
1062
1485
786
994
957
957
957
1089
1038
1086
1361
1153
1033
643
1160
908
908
908
1553
324
324
324
324
324
1055
322
1035
1151
1033
1475
964
906
1674
4875
4875
1557
1729
1965
1965
1798
2301
2301
2301
2301
2301
2301
2382
2382
2382
2382
2382
2382
994
957
1038
1155
1303
1463
1459
1459
1485
957
1035
1139
1145
1013
1229
1007
1510
1775
1190
1051
1017
1173
1415
1093
1847
1800
1631
1122
1248
1248
1547
1547
1917
1626
1946
1929
1821
1936
2103
2412
1727
2412
2570
4992
1203
4992
1203
1030
1069
1231
1051
640
1060
1012
1572
1181
1137
1511
1018
1145
1057
1058
1052
1011
1178
1050
641
1013
1021
1564
1019
1012
1091
1121
1058
1131
1105
1458
1389
1389
82
1190
1098
1190
1183
1446
1179
1185
1073
1073
1023
1686
1686
1526
1526
1946
1936
1821
1413
1929
1929
1815
1365
1081
1081
1333
1311
1289
1011
1460
1459
1439
1439
416
1072
1230
1272
1532
1532
1415
1415
1415
1917
1917
1322
1533
82
82
1145
627
1431
1242
1058
1145
1105
1303
908
1236
1236
858
1156
1089
1089
1089
865
949
886
957
917
911
908
1259
1225
811
498
4872
1557
1050
1085
1084
1488
1623
4867
967
934
1233
1320
1259
1185
1057
1058
1010
4869
964
359
1030
1701
1096
1158
1044
1270
1444
1388
1254
642
870
1020
273
1140
1571
1484
1388
1441
1089
1089
865
1236
1089
1176
1233
1233
1233
871
1190
871
871
873
873
1300
1121
1073
1227
1570
1156
1186
1319
1311
1310
1310
1259
1068
1230
1242
1104
1444
1308
1310
1294
1237
1364
1266
1285
1263
1286
1277
1260
1260
1260
1747
2423
2423
1842
1857
1981
1984
2579
2637
2836
4889
2591
2675
2591
2638
2637
2675
1857
2390
2390
1372
1237
1372
1225
1072
1291
1527
1373
1564
1807
1271
1331
967
967
967
1716
1076
1024
1655
1923
1928
871
1034
1371
1406
1243
1358
1447
1441
1547
1527
1834
1834
1624
1178
646
1694
1763
1290
324
1311
1273
1383
1267
90
1266
1198
1769
1854
1870
1337
1372
1178
1763
1073
1310
1333
1310
1333
1186
1555
1283
1724
1264
1591
1418
1428
1263
1339
170
1296
1689
1593
1360
1073
1047
1248
1071
1488
1530
1083
1185
1311
1074
1462
1936
1058
871
1034
1035
1251
1427
1225
640
1389
1269
1237
1511
1180
1180
1264
1300
1388
1238
1542
1083
1295
1329
1074
1180
1332
1186
1273
425
812
1047
1300
498
1374
1458
1537
873
1315
324
1333
1197
433
1231
1075
1822
1407
1300
1332
324
1516
1871
2609
3241
4213
4240
4957
4489
4489
4737
4737
1460
1427
1278
1178
1103
1315
1439
1243
1333
1082
1521
1322
1069
1720
1069
1050
2007
1408
324
324
324
169
324
1515
1743
1387
2105
1250
1438
1333
1360
1780
324
1515
324
1262
1321
1747
1184
1075
1407
1462
1225
1543
1248
1946
1626
1077
1626
873
1239
1232
1521
1329
1758
1197
359
2401
648
1327
1547
1547
1917
1526
1946
1946
1337
1395
1525
1463
1440
1440
1083
1257
1257
1531
1287
1199
1513
1513
1591
522
1419
1419
1419
1842
1638
1632
812
1526
1834
1526
1717
1301
1457
1242
1406
1301
1301
1242
1406
1440
1570
1520
1525
1269
1254
1147
1438
1513
1808
1562
169
1450
1562
1617
1696
1637
1637
1757
1757
1744
1475
1406
1301
1406
1669
1444
1445
1626
1946
1626
1917
1946
1626
1562
169
4778
433
1641
1490
1490
1753
1559
1553
1554
1544
1714
1687
1831
1954
526
1717
1359
1437
1295
1801
1183
1547
1756
1667
4778
1617
1667
1640
1703
1301
1243
1358
1358
1243
1447
1447
1447
1435
1435
1813
964
1572
1624
1638
1513
1769
1769
1516
1454
1681
1848
1776
1333
1290
1040
1699
1667
1834
1834
1526
1415
1834
1834
1946
1946
1847
1847
1917
1515
1813
1096
1095
1273
1412
1257
1428
1030
169
452
4778
4778
4778
169
1183
1547
1946
1622
1713
1475
1230
1667
1834
1257
446
1553
433
433
171
452
433
433
452
4778
433
433
4778
1290
1239
1854
1625
1521
440
523
523
452
1634
1776
1699
1631
1784
1278
1312
1428
1394
1418
4784
1495
4776
1426
1513
523
523
523
1735
523
499
499
1674
1588
1882
1025
1025
1836
433
1426
1092
1368
452
171
452
4778
1264
1735
1451
1383
1274
1701
1554
1554
172
1513
452
1603
1637
1603
523
523
523
1757
1603
1680
1709
1453
524
1744
1713
1755
1618
1946
1847
1847
1847
1917
1917
1917
1415
1533
1536
1547
1535
1265
1733
1418
1763
1917
1917
1917
1917
1917
1917
1952
1725
1286
1092
499
523
1735
1735
1883
1735
1777
1195
1451
1755
1712
1761
1966
2115
1644
2295
1986
2327
1914
2394
2393
2136
1713
1078
1515
1602
1554
1557
1557
1557
933
523
523
1637
1698
1637
1637
523
1757
1757
1917
1626
1626
1516
964
1323
1557
1557
4872
1092
1707
1629
1636
523
1636
1735
523
1757
523
1757
1883
1762
2059
1845
1603
1735
1757
1757
1917
1626
1588
1687
1240
1836
1585
1760
1760
1760
1760
1587
4778
1030
1685
1680
1603
1603
1603
1603
1603
1735
1969
1070
1487
1274
1554
1637
1586
1629
1629
1890
1890
1692
1909
1585
1585
523
1477
1630
1586
1629
1629
1612
1773
1612
1586
1637
1603
1731
1723
1058
2006
1743
2332
1528
502
1613
1614
1917
1626
1740
1847
1093
1847
1922
2412
1852
1719
1843
522
440
4872
1679
1603
1757
1883
1800
1095
1605
1779
522
4777
4777
1366
1698
1681
523
1735
2085
2401
1973
1284
1195
1195
1639
1081
440
4784
4776
1553
1637
1415
1812
1849
1195
522
1587
1587
1641
1586
1586
1637
1629
1586
1674
1415
1607
1867
906
1588
1674
4875
1854
502
1279
1081
1587
1585
1602
1272
1617
1415
1625
1806
1922
2332
2333
1584
521
1258
1740
1924
1991
1681
1452
1720
1871
1515
1872
1380
1781
522
1587
1656
1656
1959
1959
1959
1959
1832
1959
1587
1557
1536
1953
1953
1284
1279
1585
1629
1674
1533
1533
1532
1917
1917
1823
1786
1757
2085
1777
1281
499
1744
1641
1081
1587
521
1415
499
524
1521
1365
4875
1536
1772
1413
1415
1626
1772
1847
1626
1626
1886
2353
1825
1830
1674
2526
1744
1195
1783
1668
1600
1533
1534
1534
1534
1626
1534
2245
1922
2400
2570
2570
2570
4992
2363
1943
1883
1281
1081
1707
1668
2059
1565
1928
1928
1883
2401
1284
1719
1707
1853
2005
2412
1839
524
1700
1802
1760
1927
1981
1796
2064
521
521
1078
1980
1839
2400
2333
1971
2400
1742
1991
1957
1930
1831
1518
2436
1455
1482
1831
1026
2073
1495
1760
1762
1387
1786
1200
1559
521
521
1778
1612
1833
1557
4875
1557
1557
1883
1745
4776
1760
1791
1858
1790
1858
1760
1890
1859
1859
2064
1968
1927
1948
2064
1956
1859
1859
1629
1535
1557
1553
1674
2292
2103
2292
1943
1619
1082
1719
1419
1081
1536
1534
1744
1619
1842
1557
1729
1534
1980
1200
1782
4783
1641
1494
1492
1707
1986
1710
1781
1759
1759
1890
1557
1536
2134
1922
1958
2304
1790
1848
1744
1574
1926
1927
1974
1926
1612
1994
1620
1790
2103
1971
1028
1838
1028
1700
1421
1926
1421
1778
1954
1559
1559
1413
1790
1700
1959
1856
1858
1858
1365
1773
1710
1773
1909
1914
1790
1831
1957
1810
1494
1841
1773
1890
1960
1960
2066
2062
2062
2361
1962
2361
1962
2417
2361
2361
2118
1793
1707
1553
2412
1452
1639
1925
1943
2412
1851
1959
1081
2382
2349
2349
2349
2349
2382
2382
2382
2382
2382
2382
2382
2382
2382
2382
2382
2382
2349
2349
2349
2291
2382
2382
2382
2382
2382
2382
2382
2382
2382
2400
2333
1785
1561
1773
1927
1974
1981
1959
1421
1927
1959
2382
2382
2349
2349
2382
1839
1839
1028
1871
1803
2349
2349
2349
2382
2382
1957
2882
1620
1469
1889
1657
925
925
1420
1748
2349
2382
2382
2349
2349
2382
4875
4875
4875
1711
1729
932
2349
2349
2382
2382
2382
2382
1641
1966
1791
1890
1890
1832
1959
528
1761
2064
1729
1798
1729
2382
2382
2382
2382
1798
2291
2291
1682
1691
1927
2423
2349
2041
2382
2382
2382
2382
2382
2382
2382
2349
2382
2382
2382
2349
2349
2382
2382
2382
2382
2382
2382
2382
2041
2382
2034
2331
2382
2382
2382
2382
2382
2382
2382
2382
2382
2382
2382
2382
2382
2382
2382
2382
2382
2382
4875
2382
2382
4875
1804
2291
2301
2349
2382
2382
2382
2382
2042
2042
2042
2382
2448
520
1890
2349
983
983
2041
2041
2099
2382
2382
2382
2382
2382
2382
2382
2382
2382
2382
2382
2382
2382
2382
2382
2382
1758
2423
1203
2423
1203
2382
2382
2382
1559
2382
2382
2349
2349
2301
2301
4875
2084
3041
1620
2382
1959
1959
1959
2382
2382
2382
4875
2382
2382
2382
1789
1957
1968
1927
983
2349
2291
2291
932
2349
1126
1126
1920
1126
2382
2382
2382
2005
2363
2363
2363
2423
4992
1681
2751
2526
1890
2099
1820
1820
2291
1079
2425
1986
2382
1802
2291
2291
2301
1817
1781
2906
2349
2041
2041
2041
2272
983
2041
2041
2041
2041
2041
2041
2272
2272
983
983
983
983
2382
2382
1948
1692
1959
1126
1965
1126
2349
1853
1028
1938
2382
1974
1856
1201
2382
2041
2041
2008
1949
2118
1959
1850
1798
2382
2382
2353
1972
2333
2413
1816
2041
2041
2041
2041
2041
2064
1965
1965
1993
2041
2349
1473
1920
984
2349
2349
2349
2349
2349
1692
1965
1126
2349
2382
1965
1965
1920
1920
1920
2064
1937
1979
1974
1974
1974
2064
1842
932
2301
2412
2363
2363
1970
1473
1959
1423
1981
1965
2041
2041
1494
1915
2064
2010
2334
2041
2064
2382
1965
1981
1582
1423
1423
2382
4983
2599
1559
2138
1857
1857
1842
2423
2382
2382
2382
2301
2382
2331
983
2041
2272
1976
925
2010
2382
2291
1687
3025
2829
2041
1642
1705
2379
2379
2379
2379
1857
1857
2390
2076
2382
2447
2106
1909
2411
2064
2118
2423
2005
2382
2382
2382
2382
2382
2382
2382
2382
2301
2382
2382
2382
1831
2629
2629
2760
983
933
933
1893
1920
2291
1920
2382
2413
2382
2382
2382
2382
1750
933
933
2291
2382
1518
1518
2607
2760
1688
1688
2041
2272
983
2041
1891
1965
2104
1705
1857
1205
1203
1203
4992
2390
2423
2301
2382
1816
2382
2118
1903
933
1965
1747
2382
2382
2382
2099
2099
983
983
1965
2116
2382
2382
2390
2390
2423
2382
2382
2246
983
983
2289
2042
2041
2041
1492
2363
2363
1811
2041
2041
2041
2099
2099
1990
1965
1857
2353
2382
2301
2382
1688
527
2099
1919
2382
1995
1204
2595
2595
1204
4992
2530
1204
1204
1203
1203
2244
2291
1957
2728
2906
3371
3438
3025
983
1860
2382
2382
1455
2744
2862
2611
3094
3094
2632
2609
2413
2583
2272
2118
1830
1872
2272
2041
1919
1965
1920
2301
1978
2629
3503
2099
1469
2379
1737
1205
2555
2530
2595
2594
2787
2841
3649
2646
4979
4992
2291
2291
2607
2629
2607
2041
1947
1796
1965
1920
973
2353
1825
2382
2272
1996
1912
2060
1912
2291
2349
2291
2301
2301
2365
2334
1885
1914
2066
2382
2382
2138
1209
2418
1209
2418
2952
2894
2679
3419
3419
3197
2138
2379
2057
2041
2272
2207
1424
1209
1863
1865
2952
2952
3336
2952
2418
2067
2419
2429
2637
1965
1893
2382
1830
1872
2041
1424
1737
2086
3173
3698
507
507
507
507
2488
2488
3482
3614
3614
3704
2301
983
1469
1814
2935
2092
2291
529
2729
2870
2870
2987
3239
2923
2736
2960
2784
3320
2927
2729
2487
3071
2874
2692
2488
2633
2488
2488
2355
3083
2609
2041
2041
2041
2272
2099
2062
1962
2379
525
1455
2928
3479
3746
3480
3053
2703
2677
1208
2092
504
2041
1814
2263
4993
4997
5000
2779
4985
2785
2880
2594
4977
4979
4976
2825
4892
2789
4986
2821
4994
2790
2856
2888
3154
3118
2802
3208
2806
3857
3857
3278
1482
2813
2571
3026
2041
1919
2455
1914
1392
4979
4984
4984
4976
2869
2382
2891
2041
2066
2361
2417
2538
2404
2063
2393
2335
2524
1221
2638
4982
2850
2910
3320
3801
3609
3356
3089
3138
3453
3453
3215
3880
3649
3736
2925
3099
4992
2382
2349
2779
2382
1481
2436
2730
2487
2034
2382
4980
4978
2675
2591
2838
2794
4976
2891
4976
2870
3290
509
1473
2251
1914
2379
1920
1965
2594
2594
2300
2343
1914
2675
2867
2382
2382
2781
2487
1846
1793
2538
2538
2538
1793
2294
2675
1920
1657
2382
2301
2382
2906
983
2335
2793
2382
2382
2099
2429
1965
2978
3791
2920
3076
3182
4129
2924
3690
2888
2730
2829
2417
1863
2361
1893
2932
2301
1482
2487
1855
927
1660
1662
926
1962
2393
2382
2594
2382
2382
2382
526
2041
1643
2301
2382
2004
2263
2300
1920
2643
3439
2646
2784
2791
1481
2086
2452
2382
1920
2382
2382
2382
2099
2331
2331
2041
2393
2291
2291
2349
2590
2642
2291
2382
1580
1657
2291
2799
2738
3398
2986
2792
506
526
2327
2908
2885
2349
2740
3154
3430
2382
2034
2331
2115
1706
2382
2382
1825
2291
1893
2382
2382
2986
3214
2985
2844
3215
2057
2751
2331
2041
2349
1920
2802
2382
2382
2057
2596
2487
3041
2602
3864
2601
2041
2382
1893
2291
1920
2331
2638
2349
1965
2928
1914
1706
2833
2393
2677
2836
2677
2637
1210
2677
2428
2836
1210
1210
2349
3601
3408
2291
973
2382
2382
2382
2382
2382
2813
2604
3073
3295
2920
3419
2766
3079
2836
1920
2611
2057
3094
2417
2393
2801
973
2739
2801
2984
3733
2961
3171
2600
2760
2041
2327
518
2841
3154
2349
2382
2331
1967
2247
3173
3173
3346
3346
3346
3346
3346
2915
2775
2041
1209
2382
2382
2836
927
2382
2349
3407
3601
3601
2806
3459
2382
3125
3208
2807
2807
3195
3208
2807
3369
3361
3329
3415
3816
3695
3221
4117
3806
2996
2343
2417
1863
2538
1863
1863
2675
2349
2349
2349
2349
2349
2349
2349
2349
3059
2349
1920
2382
3021
2807
2804
2804
3121
4138
3221
3396
3283
4131
3282
3381
3874
4134
4157
3334
2331
1209
1209
1864
2952
2000
1865
2894
2894
2679
3428
2601
3439
3648
2349
2349
2042
2042
2382
2751
2677
1864
927
2349
3601
2355
1962
2677
2776
2776
2042
2677
2349
2349
2382
2382
3208
378
378
3024
2926
3316
2804
3208
3138
3086
3160
3160
3160
3224
3674
2845
4064
4102
4068
2845
3486
3224
3224
3160
3224
3160
2997
3208
3086
3021
2057
2241
2896
2417
1865
2241
2382
2349
2382
2382
973
3639
3240
3241
2776
2241
2382
2382
2349
2382
2382
3154
3332
1863
1865
1863
1865
2894
2000
2897
1652
2331
3098
2241
2382
2382
973
2710
2462
2964
2241
2382
2042
2382
2382
2806
3278
3279
3633
3633
4037
4037
4065
3744
3870
3502
3392
3431
2806
2807
3430
3369
2807
2807
3430
3430
2990
3490
1939
2964
4886
2454
2758
2382
2382
2349
2382
3601
3021
3139
1471
2382
2382
2382
2382
2349
2382
2382
2382
3278
974
2800
2710
2957
2537
1660
1920
2382
2382
973
3477
3477
3477
3195
3477
3430
2057
2571
3424
3093
2461
2678
3518
2382
2382
2382
1896
3430
3208
2804
2804
2807
2135
2382
3470
3476
3369
3446
2409
2952
2000
3601
2984
3258
2652
2453
2000
2806
3445
2990
2711
2952
2678
927
3278
3277
3356
2000
2000
2102
976
3278
4027
4063
3744
4070
3816
3846
4035
4149
3804
3283
3470
3476
3277
3389
3349
3328
3288
3473
3416
2671
3445
2115
2643
2952
2000
2952
1652
2758
3278
3857
3878
3736
2291
3642
3277
3389
3287
3276
2997
3208
2997
3208
3289
3160
3090
2771
2687
1659
3476
2600
4033
3208
3208
3208
2664
2710
2490
3857
3412
3461
3129
2997
3010
3371
2950
2950
1999
3480
2636
2596
2804
3363
3093
927
976
3745
3650
3125
3413
3241
3240
3902
2925
2925
2665
3650
3471
3195
3391
2602
3518
2768
3279
3279
3633
3642
3461
3208
3639
2634
3857
3279
3349
3071
2952
2894
3336
3642
2763
2711
2680
3881
3089
3208
3451
3488
3358
2086
2864
3142
3742
2873
2990
3727
2634
2674
3255
2997
3126
3240
517
2950
2894
2896
3460
2708
1900
2812
2745
2862
2745
2488
3482
2616
2616
4074
3736
3043
2991
3380
3170
3738
3167
3387
4127
3786
4123
3526
3776
3776
4207
4207
4147
4207
4147
4147
4207
3869
3623
3169
3394
3259
3571
3660
3541
3638
3607
3619
3681
4076
4901
3560
3685
3638
3638
3654
3540
3624
3624
3169
3168
3604
3619
3785
3862
3693
3618
3661
3818
3805
3681
3541
2634
2962
2420
3279
3279
3857
1900
4020
3868
3869
3164
3900
3316
3472
3623
3463
3451
2874
2633
3673
3606
3723
3136
3083
1999
3651
3503
2997
3160
3160
3160
3224
3224
3160
3160
3160
3224
3160
3541
3523
3674
1213
3633
4037
2897
2835
3800
3673
3435
3287
2950
2107
2894
4027
3003
2804
3624
3464
3705
2644
3819
4027
4082
4033
3137
3356
3253
3463
3414
3496
3522
3572
3572
3624
3240
2772
2893
2893
3520
3524
3900
3388
3739
3135
3138
3160
3453
3224
3694
2845
3694
4090
4026
4026
3609
3609
3606
3608
4086
3571
2985
3196
3607
3161
3416
2892
2725
3857
2768
4086
3167
3316
3126
3490
2935
3190
3507
3634
4070
3420
3160
2804
3253
3605
3623
4039
3902
2772
3409
3878
3365
3003
3160
508
2734
3435
3462
3732
3735
3365
4184
3671
4915
3486
3486
3746
3432
3633
2692
1921
3357
3181
3473
3648
2959
3633
2942
3283
3630
3224
3138
3224
2845
3138
3453
3674
3676
3676
4064
3453
2845
4056
4068
4026
4064
4037
4102
2601
3817
3199
3393
3684
3638
3658
3855
4036
4142
4108
4024
3661
4001
4076
3786
3526
4176
4176
4139
3387
3387
4059
3384
3624
3998
4059
3384
3903
3728
2922
2766
2768
2935
3465
507
3447
3226
3506
3180
4052
4131
3488
3627
2284
3023
3415
3432
4082
4082
3346
2935
3465
3796
3716
3796
3742
3319
3620
2686
3160
3224
3486
4056
2488
2488
2745
3358
3224
3224
3224
3540
3540
2766
2775
4081
3346
3173
3447
2686
3481
3844
4150
3799
3138
3654
3173
976
3063
4063
3346
1645
3173
3346
1647
3465
3796
3796
3796
3346
3346
3621
3621
3474
3980
3346
3680
3874
3874
3874
3283
4150
3733
3816
3426
3735
3465
3746
3082
2688
389
3196
3656
3649
3633
2962
3173
2674
976
3796
2708
3011
3656
4037
3173
2915
4117
3982
3224
3674
3224
3224
3543
3399
4087
3674
4101
3638
3878
4068
4018
3880
4018
3691
2723
3617
4076
3570
3226
3737
3698
3824
507
507
2488
2488
3715
507
507
3715
3615
3697
4520
4528
4752
4227
4229
507
507
4134
507
3694
3717
3633
3576
3558
4206
3775
3751
4931
4933
4095
3788
3964
4151
4153
3526
4153
3526
4151
3848
4932
3885
4919
4207
3585
3584
3765
4110
4110
3758
4151
3592
4036
3661
3661
2915
3636
3961
3674
2845
3694
3432
3963
3979
4919
3921
4208
3765
4067
4153
4921
3691
2723
4034
4065
3674
3224
3358
4112
4066
3776
3776
3776
4207
4206
4004
3960
4018
3091
2645
4052
3382
3707
3427
3612
3638
3575
3576
3576
4919
3576
3988
4194
3968
4147
3528
3775
3939
3736
2088
4063
3716
3486
3746
3871
3384
3703
3878
2766
2844
4068
2633
3486
3911
3986
2941
3785
3799
2845
3675
3983
3115
2186
3023
3614
4066
2941
3633
4184
4131
2616
3638
3658
2959
4067
4091
3744
4131
3388
3678
2843
3686
3284
3626
3448
2723
3335
4026
4026
4026
4026
4026
4127
3387
4070
4148
4069
3675
3675
4101
2488
2488
2488
3614
3614
3872
2488
3614
3614
3222
3559
3776
3986
3986
4195
3292
3640
3744
4026
2921
4131
4149
2488
3362
3934
4037
3996
3676
3675
3676
3595
3846
4029
3805
2924
3402
4102
3387
2846
4026
4026
3676
3676
3331
3417
4156
4126
3303
4024
4104
4024
3791
4133
4133
3704
2612
2752
3870
4097
3425
4192
3614
3303
2920
4093
4150
3133
4105
3222
3776
4102
3983
3845
3165
3675
3986
3744
4093
4075
3983
3903
4207
3929
3528
3776
3814
3630
3734
4024
4001
3856
3865
3863
3743
3695
3448
3712
4529
3696
3667
3615
3689
4499
4946
4354
4682
4737
4614
4760
4737
4101
3856
387
4104
4153
3729
4098
4091
3741
4106
4208
3975
4091
3929
4067
4153
3526
4109
4109
4142
3500
3775
4208
4208
2612
4207
4142
4001
2488
3715
4555
4373
2614
2614
507
2614
3715
3614
3526
4499
4464
4449
4734
4356
4380
3614
3614
3730
3614
3513
4649
3719
3776
3448
4957
2488
3527
4207
3712
4273
3765
3765
4209
3765
4208
3773
4240
4151
4499
4465
4600
3788
4142
3790
4463
4649
4601
4215
4345
4740
387
3883
4539
4600
4653
4602
3901
3765
3661
4513
4328
3765
3765
3584
3758
4109
3109
3582
3765
4151
4151
3758
3584
4095
4142
3782
4601
4155
3584
3790
4142
4257
4636
4163
4500
4210
4211
4345
4328
1346
4328
4328
4701
4259
4630
4601
4354
4380
4604
4380
1346
4706
4604
4766
4713
4713
4766
4760
2504
2145
2145
4713
4713
2299
2299
2299
2145
2145
2145
2504
2220
2145
2505
2505
2505
2505
2145
2505
2145
2145
2145
2145
2145
2145
4489
4766
4766
4760
4760
4489
4737
4467
4646
4380
4604
4752
4760
4766
4450
4770
4713
4489
4760
4335
4766
4380
4957
4545
4681
4737
4752
4604
4750
4766
4766
4750
2145
2145
2145
2145
2145
2145
2145
2145
2220
2145
2145
2220
2220
2220
2145
2145
2145
2145
2299
2145
2504
4614
4614
2220
4380
4713
4752
4489
2504
4760
4751
4737
4750
4760
2504
2504
4713
2299
4773
4750
4740
2145
2220
2220
2220
2505
2505
2505
2505
2505
2505
2505
2505
2145
2145
2145
2505
2505
2145
2145
4614
2145
2145
2145
2220
2145
4713
4770
2220
2220
4750
4770
4737
4713
2145
2220
2145
2145
4706
4647
4750
4706
2220
4713
2220
2145
4614
2299
2220
4737
2505
2505
2505
2145
2145
2145
2220
2220
2220
2945
2145
2505
2505
2505
2505
4770
4713
4713
2145
4737
4614
4713
2299
2299
4614
4770
2220
2145
2505
2505
2145
2145
2505
2505
2145
4614
2145
4737
2505
2299
2220
2145
2145
2145
2145
2145
2504
4737
2145
2299
4760
4682
2220
2145
2145
2505
2504
2220
2299
2145
4737
2145
2299
2220
4760
2505
2505
2505
2505
2145
2145
2145
2220
2145
2145
2145
2145
2145
2220
2220
2145
2145
2505
2145
2220
2299
2504
2504
2504
2505
2145
2505
2505
2145
2145
2145
2145
2145
2505
2505
4737
4737
2145
2145
2145
2220
2145
2145
2145
2145
2145
2505
2505
2505
2505
2505
2505
4713
2505
2145
2145
2145
2505
2505
2505
2505
2220
2504
2504
2505
2504
2504
4760
2505
2145
2145
2145
2145
2145
2145
2145
2220
2145
2145
2145
2145
2220
2145
2505
2299
2299
4614
4760
4713
2505
2504
2505
2505
2505
2145
2220
2145
2145
2145
2505
2505
2505
4614
4614
2505
2145
4614
2505
2505
2505
2505
2145
2145
2505
2505
2505
2220
2504
2505
2220
4614
2145
2504
4614
4760
2505
2505
2145
2505
2504
2504
2145
2145
2145
4614
2505
2504
2220
2505
2505
2145
2504
2504
2220
2220
2504
2505
2220
2145
2145
2145
2505
2504
2145
2505
2145
2505
2505
2505
2145
2145
2145
2505
423
423
423
423
423
423
423
439
454
423
423
423
423
423
423
1358
1358
1242
908
957
885
957
917
917
1485
894
894
890
908
944
4840
4850
1485
1243
957
1303
1302
890
1443
946
4802
910
886
1089
858
911
1485
1242
1102
1431
1102
1406
1431
956
1064
1064
1358
1358
1447
828
994
994
934
886
682
4822
858
1441
957
946
4850
956
1358
1301
1100
961
1447
917
1119
1457
786
4833
4833
4833
1447
1485
902
324
324
82
324
169
452
452
452
168
171
170
890
1674
2382
2382
2382
2382
2382
2382
2382
2382
529
4979
2675
2675
2851
1028
2675
2594
2333
4979
4979
531
2382
2382
2349
4147
3971
3865
3545
4918
4208
3570
3542
3569
3818
3661
3567
4206
4905
4904
3569
4110
4921
3706
3585
4372
3716
507
3824
507
3824
3796
3666
3796
2994
4520
3796
2748
1646
3730
3716
3697
3621
4147
2145
4750
2145
2145
2145
2145
2145
2145
2145
2145
4737
2505
934
1326
871
1242
961
1242
961
1242
4992
4992
4984
2423
4992
4979
4983
1203
4992
1203
4999
1203
4995
4999
4997
4999
5000
4997
4992
4992
4992
4992
4992
4983
4992
4992
4992
1203
1203
4992
4992
4997
4984
4992
4992
4999
4995
4992
1203
4992
1656
2382
4992
1203
1203
