175
175
175
175
175
158
158
243
302
153
81
83
175
175
175
175
175
175
175
175
175
175
175
175
175
175
175
175
175
175
175
175
175
175
175
175
175
175
175
175
175
175
175
175
175
175
175
175
175
175
175
175
175
175
175
158
158
73
25
4757
4757
414
414
175
175
175
175
175
175
175
175
175
175
175
175
175
175
175
175
175
175
175
175
175
175
175
175
175
175
175
175
175
175
175
175
175
158
158
175
175
175
175
175
175
175
175
175
175
175
175
175
175
175
175
175
175
175
175
175
175
175
175
175
175
175
175
175
175
175
175
175
175
175
175
175
175
175
175
175
175
175
175
175
175
175
175
175
158
304
83
81
1
1
203
279
242
1
177
1
83
175
175
175
175
175
175
158
304
175
175
175
175
175
175
175
175
175
175
175
175
175
175
175
175
175
175
175
175
175
175
175
175
175
175
175
175
175
175
175
158
175
175
175
175
175
175
165
175
158
228
77
177
41
41
177
83
84
86
296
504
737
326
404
4
4753
306
304
4762
235
285
81
81
175
175
175
175
175
175
175
158
164
175
164
136
284
175
175
175
175
175
175
175
175
175
175
175
164
285
304
208
175
175
4762
175
304
81
78
74
150
175
175
175
175
175
154
30
175
175
175
175
157
434
175
175
175
175
175
175
175
175
175
175
175
175
235
235
175
73
434
434
177
81
37
175
175
175
175
175
175
175
175
158
158
158
36
96
175
175
4762
228
235
83
303
175
175
175
175
175
175
175
175
175
175
175
175
175
175
175
175
158
73
303
81
81
35
148
81
175
175
158
155
434
175
175
175
175
175
175
175
175
158
136
41
175
4758
175
175
175
175
175
119
175
175
302
36
175
81
81
300
382
911
911
911
911
911
196
911
1536
1876
2261
2252
2655
2655
2383
1475
2692
4464
1331
3478
3166
4058
4374
175
158
175
175
235
310
4753
223
384
794
794
168
158
175
158
98
175
175
175
175
175
175
175
96
159
175
175
175
175
175
175
36
175
175
73
14
175
81
175
175
175
175
175
175
37
175
175
175
36
175
175
175
175
175
175
175
175
434
49
1
146
407
390
168
177
148
177
177
2
4758
81
136
177
168
434
41
139
343
1521
1569
1569
1521
1521
911
911
511
911
911
196
196
196
1821
1917
1946
1526
2533
3008
3000
2663
4879
4879
2944
2944
4977
2552
2541
2436
2436
1174
1174
1174
1174
1174
1801
1174
2314
2232
1173
1801
1173
1173
1173
1172
1957
1957
4880
1862
1952
1873
1873
2302
2798
2561
2271
1753
1753
1870
1870
169
81
83
177
177
252
177
113
83
83
4752
317
453
230
203
393
83
84
203
383
272
84
169
84
203
219
277
272
794
1707
384
1707
3976
4020
4241
4241
4239
4241
3929
4020
4241
4931
4252
3546
4020
3548
3987
4931
3548
683
4819
639
744
640
849
820
949
949
1089
1337
593
1495
1109
1093
965
1001
1043
960
1059
1545
3987
4020
4241
4239
4020
4926
4252
4252
4252
4252
4252
4306
4306
4926
4241
4241
4926
139
3986
3527
815
4837
640
639
3811
3814
4239
3986
3546
3546
3755
3813
1104
3546
4252
668
3986
683
629
4829
744
849
849
990
963
4
318
794
1324
1372
49
4054
3987
3986
3986
3987
203
3929
3796
3929
4306
229
3986
334
4241
4252
815
815
837
4020
3755
683
4252
42
4753
794
794
911
794
4241
4241
4306
3929
4241
3796
3796
3546
3986
4241
3986
3546
3546
3546
3796
4054
815
3546
815
4821
639
837
849
3987
4241
4241
4926
4241
4252
3796
4252
4252
3926
3949
4306
4306
639
4241
4926
224
178
639
141
279
196
450
196
196
509
511
655
511
746
737
512
1569
327
4241
794
272
911
911
1479
794
640
3
196
516
390
4241
380
279
842
4154
4252
4241
3926
4252
3932
4247
3949
3949
737
1521
1569
1521
279
4241
4829
849
327
8
346
3814
4241
4241
4306
3796
3926
4252
4926
512
3918
4306
4084
3796
794
4306
3917
3813
1006
1142
963
989
919
469
1449
1457
3926
3949
4252
4241
4252
3796
911
794
4252
815
882
4252
3960
1457
1104
882
849
3796
4070
326
1707
794
3960
3813
3813
3813
4070
4070
4829
3813
919
3796
294
849
588
3813
451
750
1500
1627
1558
1442
1521
1558
1558
1006
919
1090
3813
1448
919
468
820
820
4252
4247
4247
4247
4070
819
820
819
1005
3494
990
963
4084
4247
911
1552
446
655
196
196
911
911
911
911
911
911
196
450
990
1006
1006
963
1707
1937
1834
1365
1365
880
1199
1374
1664
1891
2411
2375
2411
2363
2247
2247
2056
2010
944
2225
4247
4195
1006
1001
588
990
588
1091
921
3813
750
1012
1050
1640
960
1119
1103
1030
1148
590
1148
1406
1037
1398
1029
1152
1226
1039
1038
2081
1992
1867
1915
2269
2250
2049
1956
1956
1956
1150
1560
1246
590
591
1016
965
1016
750
1284
1910
1612
1084
1100
1013
1015
1371
1043
961
960
1084
1809
1120
1457
1284
1100
959
970
963
587
587
451
454
1151
1149
1346
1295
1149
1346
1226
1346
1391
1286
1383
1928
1844
2875
1858
2768
4976
2409
1648
1313
1270
1270
960
587
588
923
919
1148
1404
1039
2819
2819
2081
2081
2081
2081
1819
3091
737
746
1245
4046
4070
3763
971
994
1013
820
4084
3814
3811
3960
4070
4046
4247
4247
4247
4247
4247
4247
1457
1268
1268
1372
1364
1373
1441
1103
961
1031
1265
1024
3813
3813
3813
3814
4070
1404
1404
1090
960
1142
1512
1512
4070
1557
1035
1108
1640
1030
1120
1377
1495
990
4000
1008
1245
1512
585
1120
1355
4046
4247
3762
4084
3814
3814
4070
3814
1245
3813
3813
1006
3813
1268
1226
1009
4070
1346
1270
1346
1041
1270
1245
1227
3814
1371
1120
4070
1346
1239
1859
1258
1231
1356
1343
1839
2494
2201
4977
2607
2763
2763
2821
2821
2834
2607
2607
2554
4977
4977
2608
2608
2762
2988
2881
2881
2609
2764
2764
2764
2838
2609
2761
2701
2763
2881
2762
2834
1164
1321
1272
1226
3814
1296
1280
1029
1092
1162
1321
4000
4070
4070
1238
1779
1857
2502
1915
2260
3640
1006
3637
1104
949
1355
1226
1296
1037
975
961
1109
1767
1371
911
1313
1648
1162
1162
1343
133
1200
1226
1857
1869
1955
1200
1163
1273
1273
1109
1267
1041
1348
1529
1270
1162
1569
1233
1839
1839
2330
1862
1527
1231
1598
1234
1163
1838
1730
1380
1226
1051
1296
1263
1538
963
1039
1390
1340
1383
1566
1730
3637
963
587
1225
1226
963
1220
1346
1148
1270
1270
1839
1006
1273
1272
1603
1494
1859
1942
1270
4000
1839
1162
1270
194
1270
1513
1513
1039
1495
1521
4000
1868
1860
1529
1343
1521
1640
1383
1042
3640
1731
911
911
196
1747
1917
2479
3055
1331
4309
4965
4652
4216
4965
4216
4216
4216
4619
1016
990
1163
1108
1868
587
1241
1529
2198
2409
1039
3661
1037
1227
1103
1869
1271
911
911
911
911
911
911
911
911
911
1763
1747
1537
1263
1196
1348
1566
911
911
1707
1481
1763
1267
1806
1862
1172
2554
4978
2762
1313
1340
1869
1384
1346
1039
1819
1844
3961
1838
1321
2530
4980
4977
1254
1839
1955
1839
1346
1162
1822
1856
1037
1271
1092
1090
1122
1225
1348
1648
2409
1392
2330
1039
1952
1839
1415
1415
1415
1798
2221
2232
2232
1801
1801
1174
1174
1174
1173
1174
1174
4977
4977
2554
1839
1782
1900
1869
1039
1340
923
588
923
3763
4164
3640
990
1007
593
1112
963
963
1851
1220
2107
1356
196
797
196
512
1569
512
196
512
911
196
196
196
1620
1686
1677
1237
1752
196
3637
3637
1536
911
1221
1371
2107
1819
1822
2081
1006
512
1569
1521
512
1555
1850
1994
1989
1745
1577
1480
196
655
1861
1846
1964
2414
2302
990
1789
923
1351
1404
1039
196
512
1726
1715
1590
1684
1993
3637
1124
1355
1104
923
844
911
911
1763
1553
1324
1280
1404
2034
1371
1952
196
655
1620
1739
1892
1944
1614
2409
1545
1612
1569
1727
1039
1819
2198
1819
1819
1991
1038
2081
196
1553
1763
975
1824
1348
1755
1348
1848
1026
512
1521
1569
1569
1737
512
512
512
1819
1208
1620
1675
1763
1348
1685
1032
1348
1569
1443
1569
1521
1521
1569
1039
1555
1371
1103
2270
2034
1757
1442
1544
2034
1569
2034
1386
1921
1847
1862
1414
1800
1806
1862
1727
1933
1717
2034
2050
1952
1900
1873
1815
1300
1673
1365
1271
995
979
1858
196
1558
1542
1386
1521
1569
1569
1555
1900
1804
1673
1764
1756
1542
918
1887
1873
1815
2034
1952
1900
1873
1237
1646
1591
1590
1846
1692
1703
489
1039
2068
1037
2081
2081
2819
2819
2875
1900
1808
1862
995
1038
1037
1037
2249
1840
1348
1673
1323
1873
1873
1873
1481
1755
1691
1703
1983
2039
2420
3338
2106
1866
1177
1186
1186
2835
1186
1675
1663
1722
1863
1558
918
1441
1760
1900
1900
488
1815
1900
1900
1237
1038
1037
1811
1324
1560
1365
1365
1542
1682
2232
1854
487
1873
1815
1237
1766
483
2039
1873
2081
1888
1767
1952
2232
1172
1173
2221
1173
1801
1801
1173
1174
1174
1172
4880
1611
1677
1052
1815
1815
487
1752
1900
1862
2232
1801
1039
1673
1900
1815
1957
1957
1957
1174
1173
2221
2221
2221
2232
2232
1174
2314
1175
1957
1871
1237
2232
2228
1677
1417
1871
1173
1969
1957
1172
4880
1854
1815
1740
1751
1789
1398
2048
1840
1774
1822
1643
1775
2081
1740
1037
2365
2250
2502
1860
2881
2821
2232
1688
1364
1643
1237
1035
1037
1386
1800
1453
1849
1542
489
1892
1752
1955
2215
2201
2945
2808
1622
1965
1965
1955
2081
1808
1842
2232
1173
2221
2221
2221
2300
1952
1952
3661
1365
1921
978
1937
1888
1834
1537
1971
4991
2409
1971
2221
1173
2301
1162
2081
1757
1035
2269
1872
1783
1415
2409
1172
1957
1611
1454
489
1849
1957
3031
1748
1787
1980
1873
1172
1970
1173
2221
2221
2436
2514
4977
4977
4977
4977
2554
2554
2436
4977
1172
469
3483
1952
1952
1172
1862
1801
2821
1871
1365
2819
2819
3031
2610
1867
470
1628
2302
2232
1813
1850
2409
2221
1172
3308
4991
1822
2819
2808
2890
2081
2808
2259
2081
1325
2252
2332
2655
2036
1752
2530
1172
1677
1590
2819
3051
3051
3051
2502
2035
1872
1872
1872
1870
1956
2759
4975
1814
1172
2556
2514
1173
1173
1677
484
3308
1858
1844
1955
2436
4999
1417
1844
1844
2269
2269
2035
2514
2394
2554
2608
2221
1801
1801
2221
1174
1173
4977
2944
2554
4977
4977
4977
2553
1174
1172
2808
1915
2035
1872
2093
1872
1955
489
1946
1964
491
2322
2035
1952
1873
1174
1174
1801
1943
1752
4977
2554
2554
2554
2314
2221
1172
1970
1173
1618
1888
1376
1888
2094
2094
1710
2221
1174
2221
1174
1801
1174
1173
1801
1801
1174
1174
2221
1173
1172
1173
1172
2436
1173
1173
1173
2436
2436
2436
2436
1173
1173
1172
2436
1172
1173
1172
1441
2809
466
1365
1858
2249
1858
2249
1846
2808
1801
2232
2232
1801
2808
3071
1892
1172
4977
4977
918
3051
2259
2809
1929
1994
2310
1983
1682
1950
2106
1682
1836
1801
2314
1172
1174
1441
1857
2502
1752
2314
1174
1173
1814
1499
1499
1174
1172
2436
2514
2514
2553
2436
2436
2514
1173
1952
2039
1173
1844
1955
1872
1872
1870
1873
1172
1187
1801
1173
1817
2807
1641
1844
2514
2514
2556
4977
2607
2552
1174
1172
2232
1174
2232
2232
2039
2092
1799
1176
1173
490
1752
1965
2232
1969
2232
2232
2314
1187
1174
1187
1186
2835
4879
4879
4879
2853
2835
4977
1969
1174
1577
2249
1853
2554
2554
1844
1844
2302
1174
2808
2004
2209
658
1312
2099
2099
2007
2099
2009
2202
2099
2007
2099
2007
2007
2224
1678
1366
2072
2072
2072
2072
2008
2004
2007
2768
1872
1922
2321
1651
2092
1173
2436
1187
2514
1174
2232
1174
1174
2008
2008
2053
2030
2768
2269
2035
1872
4977
4977
1649
2072
2008
1812
2099
2056
490
2430
1689
2080
2089
1744
2039
1641
2008
2009
2808
1913
2072
2768
1888
1950
1365
2053
2053
2053
2072
2053
2009
2007
2173
1174
2436
1173
1173
1173
1172
2436
2008
2094
1365
1376
1375
2099
2009
2099
2056
1376
1834
1766
1172
1172
2552
2608
2554
2033
2108
2126
2126
2185
2292
2369
2216
813
2130
2095
660
2095
2372
2131
2009
2124
2146
2095
2009
2108
2111
2113
2280
2538
2548
2538
2538
2538
2539
2281
2538
2369
2369
2369
2307
2362
2114
2293
2369
2369
2307
2009
1376
2007
1792
362
2375
2114
4861
2282
2180
2180
2281
2276
2351
2506
2538
2430
2294
1173
1173
881
879
1761
2119
2174
2174
2174
2279
2009
2120
2126
2185
2369
2369
2369
2369
2186
2403
2548
2114
2549
2548
2197
2945
2881
2767
2767
2759
2759
2757
2759
2759
2217
2009
1744
2009
2202
2209
2268
2159
1834
2768
2094
2369
4977
2436
4977
4977
4977
2202
2053
2369
944
944
2226
2004
1325
2094
1172
1172
2436
910
2514
1374
1374
361
2767
926
1376
1664
1376
1564
2208
944
2124
944
1844
2250
2049
2269
2049
2837
1917
2590
2520
1799
2232
2945
1834
2268
1794
1844
2094
1904
862
2554
2369
1834
1772
2049
1979
1983
2223
2118
2223
1199
1107
1561
2130
2108
2174
2223
2174
2174
881
1247
1561
881
881
2185
2369
1904
1174
1174
1174
2184
4977
887
660
1088
1844
2531
1872
470
1969
757
4977
2554
2945
2881
4976
2821
2369
757
1199
2091
2436
2514
4977
4977
2945
2945
2763
1664
2369
2124
2531
1888
2093
1748
2430
881
1199
2174
2020
2223
1187
2436
2514
4977
2554
2607
2821
2307
1689
2185
874
1889
1966
2499
2499
2347
2245
934
2297
1174
1174
1174
1561
887
2369
2225
1199
1561
874
1947
2436
4977
4977
2607
1376
2302
4977
4977
2436
2294
2514
1855
2607
2369
2268
2124
2250
2262
1561
1947
4977
2514
4977
1664
2250
1085
1652
1799
2436
2768
2226
1788
1174
1174
1946
4977
2607
4977
2554
2552
2554
2554
2554
2607
2762
2945
2035
2215
1689
4977
2607
2607
2554
2554
2608
2847
2607
2307
2356
4861
2293
1944
1107
2234
1573
2556
1473
2881
2763
2881
2767
2881
2369
2307
2430
2430
2020
2174
2041
2390
2358
2359
1949
2834
2607
2834
2821
2759
2767
2059
484
4977
2314
1176
1176
1187
1187
2763
2307
2293
2293
2549
2362
2369
2293
2369
2369
2293
2307
2293
2307
2307
2350
2146
2247
2171
2533
2607
1855
1931
1932
1475
1476
2082
1948
2127
2108
2185
2185
2186
2080
2080
1931
2821
2363
2171
2171
2060
1561
1561
1247
2041
1894
4975
2261
1473
2945
2607
2834
2945
2607
2762
2945
4976
2767
2757
2759
2757
2759
4976
2821
2763
4976
2307
2059
2185
4977
1652
2554
1561
1586
2759
4976
2767
2146
2127
2127
2307
2109
910
910
1561
1850
1855
2369
4976
4976
4976
4976
2293
1964
1917
1889
2347
2351
2308
2231
2308
2041
2049
2759
2759
2837
2759
2293
2564
2174
2174
2279
2174
2835
1586
1792
2363
2247
2146
1199
2279
2108
2279
4977
2821
2767
4976
2767
2764
4976
2767
2757
2759
2759
2764
4976
2759
2759
2759
2757
4976
1930
362
2247
2271
2718
3418
493
2060
1187
1760
2247
2127
2322
1484
1885
1886
2828
3067
1946
1483
881
2279
4977
1901
881
1247
1199
2118
1947
1476
2411
2322
2533
2262
2040
2310
2821
2763
2763
2807
4976
2764
2764
2837
2764
2837
2768
2819
3373
2818
1930
2159
2247
491
881
1561
4977
2988
1948
1476
1794
2369
362
1793
2127
2255
2666
2385
2835
1186
1947
2212
362
2411
1964
1946
2174
1949
2835
2807
2127
2127
2608
2608
2883
2944
3857
3857
4073
3677
3719
2607
2358
2660
1875
881
1199
2255
2552
4977
2554
2944
2944
3857
2944
2944
1181
2608
2881
2358
1759
2252
2252
2174
2174
2944
1181
2802
3456
475
2727
2608
2554
945
2185
2431
2961
2173
1753
2271
2271
2481
1753
2271
2924
2954
2981
2271
2271
2979
2895
2896
2718
2481
1946
2753
3672
2782
2059
2480
2119
2119
2119
2174
1573
1939
4879
2382
362
1946
2564
493
3304
3260
4146
2847
2701
3287
2883
2303
1978
2174
2262
2552
2608
2770
2770
2770
2770
2770
2895
2760
2770
2770
2770
2770
2979
2271
2770
2770
2760
2770
2770
2770
2770
3034
3163
2922
1803
1350
3439
1956
2414
2532
2172
2174
874
2988
1176
2770
2770
2770
2369
2293
1870
2770
2127
2795
2430
2234
2835
2944
2944
2944
2944
1905
1986
2881
2881
2770
2770
2760
3091
4071
3712
3189
2777
2777
3131
3255
4132
2610
3570
3091
2895
2770
2369
2350
2375
2363
2362
2146
491
1946
1526
1894
2554
2838
2761
2770
2770
2770
942
1753
1489
2279
2944
2382
1953
1931
2770
2837
2481
1711
2660
2761
2761
2362
2293
1753
2415
2617
2552
2944
2944
2944
1712
2881
2881
1931
2293
2127
2356
2271
2264
2360
2964
2376
2356
1975
1984
2820
2609
2707
3680
3706
2888
4035
3245
2293
2561
2944
2944
4879
2837
2964
2415
2798
2418
1474
1931
2089
2853
2113
2293
2114
2114
2114
2127
2236
1711
1948
2234
2552
2881
1476
2896
2990
2817
2770
491
2263
2881
2114
2247
2356
2279
2279
2111
2066
2863
936
2245
2347
2764
2764
2411
2105
2609
2212
3034
3111
3059
2712
2271
2517
2798
2798
3056
3459
2212
2773
1803
2376
2271
2279
2505
2666
2113
2114
2293
1930
2470
1932
3034
3034
3711
3815
471
2545
2308
2231
2761
1947
2773
2114
2728
1326
2579
2798
2414
3286
3286
2279
2608
1932
1832
1792
1792
2295
2609
2245
1932
2798
1183
3333
4879
2847
3043
2847
2847
2701
2701
3043
2089
2881
2881
2701
2098
2780
3707
1794
2383
4861
2114
2538
2180
2114
2548
2308
2609
2887
2811
4140
4073
4146
2847
1476
2892
2639
2231
2944
2774
1930
1930
3125
3099
3644
2979
2717
3063
1483
1661
4879
2964
1967
2411
2114
2279
2279
2736
1655
3633
3325
2510
2297
3021
2549
2701
1932
2499
1982
1809
1056
3125
2097
2773
1803
1613
1613
1780
1197
3591
3592
3592
3486
3136
3347
4047
3837
3125
3015
2944
2609
2486
2499
2499
2527
2297
2499
2297
2236
2297
2298
2297
1921
2411
2411
1792
1932
1932
2773
1613
1538
1243
3591
3252
4057
3348
4124
3348
3582
3125
2798
2561
2883
3050
2700
3236
3857
3784
493
3237
2499
2486
2351
2499
2114
2520
3321
2883
1932
2298
2236
2499
2414
2666
3287
3050
3287
4146
3287
3287
3287
1475
2499
2114
4861
2728
3166
2730
4270
3034
3257
2777
2777
3297
3297
3317
3317
3317
3598
4039
4076
4033
3416
3449
3317
3317
3317
3317
3389
1803
1826
2280
3226
2847
2309
2416
2236
2114
2356
1613
2332
2332
2332
3063
2979
2883
3287
2281
2276
2527
1921
1792
1792
2776
2798
2944
4114
3047
3856
2371
2847
1982
2538
2549
2718
2663
3699
2465
2538
2508
2538
2180
2548
1613
1789
3787
3191
4167
3106
4172
3486
3573
3138
1538
1613
1613
1613
2414
492
3084
3699
3616
2609
2548
2534
2465
2180
2549
2548
2777
2413
2105
2465
2538
2538
2538
2548
2325
2548
2538
2538
2281
2281
1930
2383
1526
3706
4879
2508
1475
1475
2538
2538
2538
1792
1579
1538
1539
1613
2730
1526
3074
1935
3050
3857
2538
2538
1789
2538
1613
1851
1851
1851
1613
3030
1538
3785
1197
2717
2899
4879
2538
3286
1696
3113
3047
3187
3063
2629
3857
3050
1474
2408
965
2414
2906
1475
1475
1932
1982
1538
3785
3252
4192
3486
4164
3835
4165
1579
1197
1197
3592
3415
4047
3591
3591
2655
2579
3059
3423
2700
3857
3700
2746
3148
1612
3787
1789
1793
3785
3253
3592
3592
1539
3297
1613
3591
1350
2776
4148
1932
2408
2383
3591
3426
1851
2753
3050
1932
1538
3254
3348
3592
3398
2584
3057
3784
3437
2252
2685
3297
1981
3051
1932
1475
3458
3426
3592
2720
2717
3063
3057
3857
3590
3572
1538
3359
493
3569
4191
3046
1635
1635
3134
1538
2717
3857
1767
3139
2798
4051
1579
3286
3076
1612
1789
1538
3014
3424
2511
1653
4051
3138
3139
2563
493
2890
3803
1489
2717
4051
2746
4004
1328
3087
3621
2570
3301
2582
2861
3610
3463
3855
3641
3636
3637
3811
3841
4084
3794
3743
3794
682
3794
3912
4837
4837
4837
4837
3794
3554
3641
3488
2965
2893
3665
3655
3655
3655
3613
3490
3665
3794
3794
3663
3627
3655
3655
3655
3648
3587
3613
3587
3543
3636
3636
3649
3841
683
4829
815
683
4817
4162
3794
3665
3811
3811
3763
3664
3655
3144
2418
1474
3610
3714
3007
3297
3702
3702
3588
3636
3575
3575
3573
3586
3451
3613
3489
3636
3588
2476
3150
4057
3575
1538
1613
3317
3317
3355
3317
973
3355
3414
2952
3655
3655
3655
3361
1612
1196
3717
2995
3530
3627
3655
3308
1056
3590
3317
3489
3655
3211
2990
3569
1741
3408
3578
2753
3575
3641
3587
3655
3648
3653
3655
3489
1659
3369
3708
2533
3637
3637
3814
3636
3297
3297
3298
3593
4087
3717
3312
3711
3297
3489
3811
3664
3489
2858
3489
3613
3834
473
3246
3811
3814
3637
3489
3589
3451
1488
3856
3252
3008
3297
1487
3587
493
3409
3303
3167
3433
4027
3489
2214
3573
3592
3587
3648
2612
3258
3841
3762
3884
710
4817
492
3427
2741
3543
3787
3704
3702
3313
3413
2920
4191
2090
4124
3136
3297
3297
3317
3298
3449
3317
3598
3598
4167
3298
3190
4098
4098
3867
3418
3302
3271
3627
3655
3514
3960
4230
4219
3811
4230
4230
3734
3762
4162
3663
710
710
4084
3794
3794
4247
4829
3884
3665
3811
3763
3763
3587
3613
3763
3763
3587
3763
3763
4030
4191
3410
3696
3441
3437
3778
3636
3318
3478
2639
3138
3543
973
3199
3602
2897
3811
3841
3143
3317
3317
3838
3260
474
3424
3424
3211
3587
4235
2694
4111
3410
3000
3811
3637
3640
3637
3317
3641
3655
1655
2063
4299
1655
2916
2962
2842
3692
3632
4277
4280
4361
3841
712
3348
4047
3624
3318
3209
3487
3655
3665
2562
3478
4432
2858
3587
3763
3247
2694
2905
3633
1267
4227
3571
373
3419
3655
3427
2916
3348
3444
3449
3317
3255
3222
3303
4076
3655
3714
3600
4132
3325
639
3784
3522
3522
3581
3685
3634
3774
4943
4421
4477
4568
4729
4375
4571
1333
4259
3437
3416
3588
4837
668
4837
668
3794
3511
3734
4250
4250
3736
3513
3881
3794
3734
3734
3734
3881
3881
3881
3881
3513
3734
3734
3881
3734
3734
4930
4930
4230
3811
3144
476
3335
3802
3802
3507
4829
683
710
4829
3879
3881
3794
3794
712
815
815
4821
3212
2925
3785
3253
3449
4139
4821
4817
639
639
4817
4837
4837
4837
4821
631
4837
710
3875
3717
4176
3473
3587
3655
710
4821
668
668
635
715
631
4837
4817
710
710
4819
3646
2755
3663
3802
3865
3449
3343
2813
3543
4138
3661
4140
3195
2953
3785
4837
4821
2692
3105
3190
3413
4172
4837
4409
4279
4363
710
2692
4409
4076
4074
3578
3763
3655
3627
3756
4817
639
4817
3105
3105
3637
3815
3643
3573
4165
3253
3420
4277
4277
1654
4132
4173
3841
3960
3811
3716
3598
3594
3838
4039
4182
3903
3419
3209
3763
668
4837
4837
668
3212
4280
3785
4279
3348
4176
3686
3799
4409
3644
3598
4254
4176
4192
3253
2817
4129
3665
4167
4134
4098
4270
4164
3779
3781
3064
3763
3763
3763
3763
4038
3687
2725
2725
3362
715
2611
4299
3903
4030
3763
3835
4165
4164
3763
4837
4033
4104
3135
4070
4176
4837
4104
4124
3763
4076
4837
4837
4837
668
3794
3794
3666
3779
3763
3762
3762
3762
4280
4076
3365
4361
4280
4478
4382
4379
3895
4280
4477
4437
4378
4963
4467
4714
4618
4619
4474
4619
4741
4731
4268
3622
4254
3811
629
3794
4280
4419
3106
3763
3763
4837
4837
4076
631
3527
4247
4837
3884
3794
3794
3734
4464
4829
4837
3758
4837
3794
3794
4247
3774
4310
3885
4310
3794
4422
4508
4475
4723
4418
4371
4436
2727
4255
4280
4255
4463
3762
3794
3794
4943
4943
3554
4436
4436
4230
3879
4917
3881
3554
4219
4321
4255
3794
4422
4421
4470
3734
4250
3734
4930
4372
4372
4418
1331
4405
4464
4432
4259
4478
4568
4382
4618
4382
4382
4379
4654
4714
4695
4435
4303
4436
3559
4478
4273
3734
3881
4930
3794
3881
3881
3734
3734
4303
4930
3513
4250
3734
4436
3513
3513
4930
3736
4568
4464
4379
4957
4568
4957
4432
4374
4479
4479
1331
4465
4427
4273
4273
4472
4437
4212
4379
4382
4382
4475
4458
4212
4379
4360
4581
4214
4652
4530
4403
4552
4472
4586
4379
4695
1333
4654
4654
4714
4382
4377
4729
4695
4723
4722
4722
4679
4679
4624
4637
4679
4693
4527
4527
4527
4527
4527
4527
4960
4510
4960
4960
4510
4510
4510
4639
4688
4736
4696
4212
4681
4681
4458
4722
4681
4681
4216
4216
4681
4965
4684
4515
4382
4377
4714
4382
4458
4629
4214
4681
4681
4681
4681
4379
4458
4475
4458
4379
4458
4723
4695
4458
4712
4458
4654
4405
4458
4654
4654
4501
4382
4695
4723
4515
4515
4654
4965
4468
4729
4618
4681
4963
4965
4654
4681
4458
4458
4695
4458
4658
4681
4723
4556
4556
4556
4624
4649
4649
4527
4527
4527
4651
4651
4561
4960
4642
4510
4718
4960
4642
4718
4527
4651
4664
4664
4642
4745
4650
4731
4618
4618
4527
4431
4654
4618
4734
4379
4458
4683
4681
4556
4695
4679
4710
4618
4619
4474
4734
4458
4591
4439
4556
4556
4712
4722
4693
4712
4648
4556
4556
4712
4381
4602
4598
4688
4736
4484
4960
4527
4960
4510
4510
4510
4960
4527
4739
4732
4664
4739
4510
4510
4449
4960
4960
4510
4960
4732
4729
4965
4660
4960
4960
4484
4510
4510
4732
4713
4655
4960
4960
4484
4484
4712
4404
4684
4681
4484
4688
4960
4660
4960
4960
4375
4404
4598
4439
4598
4739
4660
4729
4960
4527
4484
4731
4624
4960
4598
4510
4960
4449
4660
4510
4510
4510
4736
4561
4664
4960
4722
4681
4510
4484
4510
4729
4960
4588
4510
4655
4650
4377
4618
4960
4474
4510
4510
4510
4732
4598
4510
4619
4619
4960
4960
4681
4681
4624
4960
4664
4651
4651
4697
4651
4664
4649
4588
4619
4619
4510
4619
4681
4960
4619
4722
4642
4527
4527
4725
4960
4684
4510
4732
4664
4708
4681
4681
4510
4960
4655
4725
4642
4510
4510
4718
4527
4697
4648
4960
4960
4960
4718
4604
4627
4693
4741
4510
4527
4651
4693
4216
4510
4642
4748
4527
4619
4619
4619
4681
4619
4619
4960
4527
4527
4527
4527
4527
4527
4527
4527
4527
4527
4527
4959
4959
4527
4589
4619
4510
4642
4959
4959
4527
4650
4748
4642
4681
4731
4527
4527
4527
4527
4527
4527
4527
4527
4527
4527
4718
4642
4642
4527
4527
4527
4527
4527
4527
4748
4731
4619
4731
4722
4527
4527
4527
4642
4527
4527
4510
4959
4642
4650
4510
4959
4731
4510
4510
4510
4510
4510
4527
4527
4527
4748
4527
4731
4527
4693
4588
4722
4527
4527
4959
4672
4510
4685
4741
4959
4527
4959
4527
4685
4693
4527
4527
4527
4697
4527
4527
4959
4527
4959
4527
4959
4697
4959
4527
4959
4527
4527
4527
4527
175
175
112
175
175
175
175
175
175
175
175
175
175
175
175
175
175
3763
4247
4084
4247
4247
4247
3796
683
882
882
4306
4252
4926
4162
3926
849
849
1011
3743
882
1011
3926
4926
4084
3762
3694
882
4926
4829
639
639
4252
640
640
949
923
3762
3926
4247
3796
3548
3841
1089
4247
4241
3835
923
882
639
882
4054
4931
882
4252
4799
4931
4247
949
4252
911
911
911
911
911
453
511
911
911
1521
512
1521
1569
746
1521
1569
196
911
918
2369
2369
2186
2293
2369
2292
2369
2369
2369
2369
1753
2761
2857
2807
1872
1872
1872
2857
1870
2764
1870
1753
1870
1753
2247
2247
2481
1932
2297
3879
668
3794
3881
3881
3758
4930
3664
3794
3762
629
4837
3522
3734
4837
3794
4343
2678
4939
4421
2723
2962
4837
4527
4449
4960
4960
4626
4960
4484
4664
4664
4702
4725
4745
4736
4732
4527
4960
4484
4960
4960
4960
4510
3627
3637
4070
3637
3637
3637
2837
2770
2759
2764
2759
2770
2837
2837
2759
2837
2837
2770
1956
2770
2770
2770
2770
2759
2770
1870
2770
2837
2837
2759
2837
2770
2837
2837
2770
2770
2770
2770
1957
2881
2762
2763
4880
4880
1957
1957
1957
1957
4977
1172
1172
2607
4977
4977
2552
4977
4977
4977
2762
