284
212
44
44
395
395
395
316
418
280
403
317
414
506
186
176
222
122
219
6
368
367
368
368
176
274
146
43
138
146
274
84
274
84
84
84
81
81
274
84
297
81
81
302
274
84
84
43
146
146
169
274
302
274
43
326
214
436
332
436
280
10
214
214
214
122
176
274
274
219
368
367
367
367
81
81
4790
367
314
368
368
209
284
209
176
86
169
84
284
176
86
43
86
277
383
44
395
279
274
138
84
84
81
302
81
369
274
274
302
274
169
146
176
146
274
2
276
84
274
302
274
84
302
274
302
209
209
43
302
274
146
176
369
302
302
84
212
214
241
232
134
134
287
440
435
499
585
585
414
400
327
124
146
274
176
44
44
214
177
302
369
214
274
210
279
274
302
274
84
84
84
84
302
274
84
84
83
274
83
84
274
274
302
84
302
274
288
288
214
212
44
274
302
84
302
274
83
84
81
214
384
303
250
237
484
439
490
201
488
518
13
186
727
723
723
129
499
341
236
180
46
186
186
303
237
180
397
512
518
274
274
302
274
249
305
214
303
237
83
241
237
177
177
122
122
48
44
220
274
84
302
219
302
237
335
490
436
447
4
214
44
263
237
180
267
236
236
232
302
84
302
274
274
274
237
124
214
368
326
277
382
277
383
44
232
368
178
368
84
383
306
274
335
302
84
84
280
280
195
274
332
124
384
233
134
125
367
369
302
169
124
281
281
395
280
250
437
274
280
326
371
237
302
84
84
84
84
84
169
274
275
274
367
274
176
383
250
44
228
437
124
369
199
323
368
302
306
336
406
10
335
180
6
6
386
406
387
371
371
336
440
314
314
81
81
199
484
369
335
317
436
287
84
84
287
236
497
499
434
378
378
378
588
800
515
1596
1826
348
3185
2611
351
3475
3387
3413
357
4260
4062
362
3293
3826
3826
386
384
306
306
367
302
397
287
440
435
503
440
489
643
378
588
588
585
435
499
316
49
316
316
336
368
386
367
368
81
316
440
280
437
368
81
81
367
368
367
274
367
367
201
488
408
84
501
368
81
234
236
369
367
81
280
368
367
367
84
81
84
490
503
499
506
502
730
981
770
236
484
183
131
512
14
506
487
503
487
182
439
201
490
494
518
185
727
714
714
769
769
452
453
343
455
1878
457
457
3112
3617
3643
461
3424
3457
3279
3050
2627
2300
1845
1495
1331
1284
1314
1503
1605
475
1747
1747
2672
2291
4873
870
2214
2214
499
184
446
488
512
500
439
605
439
446
499
494
13
191
129
723
503
378
605
583
185
499
13
518
381
499
770
381
502
583
129
583
499
186
499
649
727
499
378
800
1001
378
1001
583
636
560
560
560
560
633
560
560
560
591
560
560
560
636
560
636
560
560
560
636
591
560
560
550
550
550
550
522
550
550
550
574
527
527
574
527
527
602
602
577
619
619
619
619
619
4832
751
1022
883
710
767
767
543
543
543
767
560
560
560
560
560
560
560
560
560
560
633
636
560
633
633
633
634
634
634
633
633
634
633
583
495
499
560
636
522
519
550
636
574
607
525
525
560
560
560
560
560
560
560
589
550
600
591
636
591
550
550
550
550
526
574
526
574
598
621
186
491
378
766
1001
1505
587
378
560
560
633
560
560
560
378
560
633
560
560
727
770
633
585
633
591
550
550
560
550
560
550
550
186
727
378
737
800
633
633
560
560
560
560
633
633
633
560
633
633
634
560
633
560
560
591
589
589
186
550
589
550
550
550
550
550
574
574
633
633
633
633
633
633
633
633
633
633
634
634
634
633
633
727
550
633
633
505
649
727
727
550
550
129
727
499
434
649
649
711
633
589
587
379
378
800
186
550
600
643
378
589
585
770
770
550
633
634
633
633
633
633
633
633
633
634
769
1003
730
730
730
730
730
676
585
633
526
526
526
588
981
643
723
550
633
633
633
727
589
633
633
634
714
1003
714
730
633
634
560
560
588
634
589
597
597
990
572
569
766
587
771
1271
1219
634
634
633
633
633
560
560
730
1003
770
589
981
602
633
727
1219
598
574
574
560
589
589
588
1001
574
560
560
597
4819
690
690
607
981
589
633
714
589
574
598
589
946
1003
1003
789
1159
759
1657
1581
772
1271
1003
713
713
713
759
981
600
587
600
589
1343
1343
771
602
574
633
633
633
633
633
633
560
574
574
681
598
725
598
620
633
633
981
713
1271
649
588
800
344
649
800
572
635
654
800
1001
802
802
1837
1837
1598
1598
1598
1588
1582
1960
1960
1960
1960
1960
2009
2025
2905
2983
2983
2488
1957
1983
1983
2053
2187
1983
633
633
725
567
635
527
681
565
574
577
597
946
883
883
883
543
795
881
880
881
910
709
880
910
1018
881
840
911
965
856
1103
1743
2212
2223
880
878
910
910
767
767
767
837
785
767
597
899
1436
883
880
883
883
883
572
767
543
767
543
785
881
1012
767
1219
910
900
881
883
878
620
681
621
727
714
909
900
881
889
889
840
840
889
847
922
856
1040
959
1010
1317
1154
959
924
923
922
543
599
681
619
619
730
910
889
850
850
965
850
850
714
900
525
527
525
525
883
543
883
619
560
607
636
623
636
636
633
636
633
636
636
946
910
847
587
1508
1343
979
1527
587
725
767
767
881
881
525
525
525
525
597
889
880
611
543
685
1505
978
1271
883
910
1481
767
543
900
837
796
750
732
599
881
714
730
767
837
750
750
619
619
623
690
636
636
525
525
525
525
525
889
525
525
618
566
543
847
922
1022
690
906
923
906
923
889
910
840
847
878
750
4819
910
1044
1044
917
1235
1212
938
1328
1699
1755
1654
1676
1312
1675
1786
1828
1093
2705
1085
3011
2548
2590
2705
2705
2625
2284
2220
1312
1047
1154
1059
525
840
1052
881
1012
889
889
1047
597
525
525
1038
1103
1176
1127
525
618
618
566
528
565
619
565
847
1052
1343
1191
786
786
830
798
923
959
959
1059
940
1003
924
1059
1115
1117
1511
1038
798
709
1197
1426
1051
923
959
1271
1212
1183
1140
1160
1143
1056
1056
1059
938
1003
1003
917
1183
1059
1183
922
922
1038
1052
1022
732
940
917
1038
1038
786
525
618
567
745
4832
847
726
4820
732
940
910
922
922
1056
566
1263
1038
837
940
1154
922
922
1038
959
889
1003
1003
771
1140
525
618
922
1022
4820
1260
525
1148
800
1180
924
1003
789
1003
713
883
986
922
922
800
1419
1242
3020
3846
4209
4308
4308
358
4353
4357
4357
4553
4553
4551
732
4820
922
1031
1149
4841
565
959
923
1154
909
909
909
567
1060
1235
800
711
800
1115
1579
1596
1693
909
1198
959
883
1235
738
1469
1022
773
1211
1771
1755
889
1215
986
922
856
566
1115
1047
923
1452
1051
1143
1218
1117
1031
922
985
1436
4832
619
923
959
959
850
1143
889
1218
1160
1597
1309
1676
1160
1343
1100
528
528
527
566
528
528
566
566
4832
1027
960
531
531
4832
4832
4832
1426
786
959
1218
4855
4855
454
1410
1646
1534
1591
1668
1375
345
528
515
531
1262
830
856
531
1276
453
673
1513
1499
764
758
1528
980
1527
1527
1370
1876
1640
1398
1711
1937
2378
2528
476
1144
528
1199
1136
543
965
1387
1389
1390
678
1176
528
619
619
528
565
619
619
619
577
619
345
1287
531
882
910
1160
1161
4841
1396
1577
1537
1869
1538
476
1197
959
786
1354
1457
965
965
1145
1289
882
1481
959
889
959
959
959
1143
1260
453
711
676
761
673
1369
1235
1530
801
959
543
1052
1056
713
772
730
1003
1003
1003
730
1003
711
910
1226
761
761
1368
4833
1176
1052
772
1159
1159
1291
676
1457
1222
1015
1011
1021
1211
1099
1099
789
1233
755
790
1226
790
1471
755
1164
1687
1502
1164
1508
802
1508
1507
1167
1197
1184
1145
1159
1159
1226
910
1436
711
711
4854
1169
1342
1342
1154
889
909
909
979
1527
754
1284
1164
1374
1668
1668
1412
1607
1566
1647
1537
1487
1371
1410
965
901
850
1272
1436
1003
1197
1218
1427
1117
959
676
802
1605
1605
1660
1468
1272
1328
1519
1487
1680
1392
2016
2657
2721
2279
2279
2410
2815
2561
1530
1103
1469
4859
1600
1588
979
1588
1773
1582
1687
1534
1621
1374
844
455
1508
979
979
1600
1507
4858
1788
1412
1687
1374
1666
1567
1880
1532
901
802
1613
1428
985
1483
1292
1292
1495
1495
1260
1520
1621
1412
1374
1436
1099
889
1527
1618
2061
1687
1464
959
1607
1618
1530
1577
1640
786
1447
1367
1117
1279
673
1646
1566
1632
1052
1322
1702
1108
1736
1062
1159
1527
979
1539
1668
1591
1374
882
882
1272
1496
1458
1413
1372
1638
1668
1463
1591
1625
1812
938
1699
959
1010
789
1159
1471
1472
1513
772
1577
1668
1342
1309
1479
1788
802
1436
1103
1612
802
1506
803
1598
1598
1397
1503
1231
959
1422
1788
1103
1322
1116
1367
1510
1164
1260
1278
1540
1816
1411
1710
1878
1716
2304
1718
1483
1492
1795
1795
1795
1795
1795
979
1527
1184
1308
1099
1618
1507
965
850
1103
1612
1241
1595
1893
1057
1638
1397
1451
1495
911
1754
1451
1389
1600
1598
901
909
1010
802
1695
2121
2551
1694
2120
1623
1407
1495
1527
802
928
1702
1692
2212
2212
1594
1668
1606
1633
1452
1832
1825
1390
1010
1591
1684
1643
1451
1682
1462
1811
1118
1118
1647
1633
1771
1493
1803
2006
1853
986
1578
1709
1653
1948
1776
1146
1886
1818
2352
1938
1937
1937
1937
1819
2458
2604
2754
1938
1937
1510
346
1292
1533
1596
1754
936
1657
1292
1495
1607
979
1600
979
1598
1600
1600
1652
1425
1551
1498
1292
1292
1735
1735
1337
1493
1337
1870
1337
1735
1657
959
980
1588
1600
1600
1460
1320
1714
1451
1597
1657
979
1540
1749
1660
1064
1588
1588
901
456
1770
1513
763
762
1686
1607
1932
1898
1770
1292
1617
1588
1542
1891
1660
1563
1639
1896
1681
1633
1493
1802
1293
1870
1588
1679
1498
1126
1696
1799
1797
2338
2338
1492
1493
1588
1447
1657
980
1010
1674
1674
1675
1735
1629
1788
2280
2585
980
1877
1938
1827
1893
1064
1991
1848
467
1698
1588
866
1879
1452
1010
1737
1837
1578
1881
1493
2053
1983
1973
1973
2298
1960
2053
2053
2053
2053
1983
2053
2219
2262
2053
2053
2053
1983
1983
2053
1973
1973
1960
1960
1973
2053
2219
2053
2228
1983
1983
2053
1600
1692
1860
1939
1989
1657
1885
1493
1493
2219
1996
1996
1996
1973
1983
1118
867
1860
1776
1771
860
1973
1973
1960
1983
1010
1938
1815
1678
757
1587
2168
1947
980
980
1751
1317
1960
1996
1973
1960
2053
1600
1837
1837
803
1790
1658
1588
980
2228
2075
2075
2228
1983
1863
1897
764
1337
1493
2053
1644
1588
1598
1859
1598
2219
2053
1983
1983
1983
1598
1859
1859
2010
2009
1320
1337
1493
1064
1311
2298
2298
2228
2305
2147
2081
2081
2298
1960
2228
2228
1960
2228
2083
2228
2262
2081
2187
1960
2262
2228
2305
2305
2246
2908
3043
3043
3217
2132
2132
2846
3022
3022
2081
2081
2106
2074
3200
2938
2154
4865
2259
2260
2187
2053
1859
1598
2053
1837
1859
803
1695
2025
3181
3259
2127
2132
3128
3189
2846
2884
2884
2140
2702
1733
2269
1898
1960
2270
2137
2277
2295
2295
2296
2248
2083
2083
2228
2083
2147
2306
2306
2379
2520
2906
3043
3217
2104
2083
1648
935
2234
2344
2007
2262
2075
980
2219
2053
1983
1973
1973
1957
2025
1859
1986
1462
2378
1818
2228
1492
1493
1795
1795
2298
2262
1973
2053
2170
2187
1956
2053
2053
2053
1983
1860
1829
1493
1960
1960
1960
1960
1833
1452
1598
1658
1658
1960
1658
1582
1973
1983
2053
2170
823
2053
2053
1983
2170
1983
1952
1952
2223
2216
349
3157
1885
2305
1859
1859
1973
2009
1983
1462
1672
1881
1567
1960
1658
1973
1973
2187
1744
347
2267
1750
2298
2298
2298
2298
2277
2277
2228
2298
2305
2245
2245
2245
2298
2277
2277
2277
2137
2276
1960
2147
1493
1933
1795
1833
1960
1833
1973
1797
1860
1892
1839
2298
1803
1920
935
2298
2298
2298
2039
1802
2262
1803
1795
1658
2187
2187
1956
2029
1799
2352
1715
1497
2298
2391
2298
2298
2228
1960
1699
1983
1280
2083
2270
2355
2196
2462
3125
3178
3088
3128
3128
3259
1658
1833
1984
2288
1960
1960
2326
811
2355
2339
1795
1658
824
1870
2006
1802
980
1675
1833
2187
2321
1952
1960
2270
2137
1795
1785
1960
803
2298
1394
2261
1338
1648
1376
2352
1829
1833
1938
1960
1828
2169
1065
1950
2212
1909
1656
1904
1065
1065
1065
1312
2320
4865
2155
2096
3261
1429
2137
2137
2277
2277
1803
935
2081
2233
2084
1937
2236
1908
2276
2298
2298
2261
2227
2412
1608
2409
2409
1065
1065
1065
1792
933
2480
2014
1840
2261
1942
1806
1676
2074
4868
4868
2899
2152
2899
4861
4868
4861
2899
2148
2148
2148
2496
2073
2148
2073
4867
4864
2878
2880
2208
816
2208
2189
2293
1817
1817
3277
2692
1584
1585
2032
809
2057
2323
1582
1822
1799
2298
2146
2147
1857
4860
1585
2002
2173
2293
2293
458
2800
2293
2003
2276
2277
2277
2298
2394
1960
2326
2081
1768
1949
2063
1654
2220
1654
2208
2385
2189
2146
2332
2326
1582
1582
811
1585
2355
2002
2084
2422
2305
2305
2137
2137
2137
2270
1884
1889
2306
2220
2260
2073
1937
1819
1822
1242
2137
2196
2492
2638
2295
2296
1391
2326
2234
2260
1747
2178
2298
2277
2298
2245
2296
1901
1582
1065
2345
2208
3183
2111
2293
457
2137
2305
2298
2146
2220
1066
1066
2185
1066
1066
2185
2221
2057
457
1912
2844
2710
1706
1673
2277
2326
810
2148
1764
2799
2459
1817
1819
2567
1243
2566
2832
3680
2480
2621
2954
2277
2006
2574
457
2277
2277
2298
810
2355
2323
2265
2983
2111
459
2437
2245
2383
1949
1949
2220
2284
1066
1066
2859
3687
4047
2951
2274
2224
2265
2800
2691
2448
2137
1855
2076
2355
2265
2148
2259
2601
2113
2192
2393
469
2076
2233
1977
2059
3095
1817
2691
2620
2722
2353
2409
2220
2428
2359
2758
2720
3115
3382
3015
3707
2633
2230
2409
1717
2295
2295
2606
1076
2628
3116
3148
3423
3149
2716
2634
2634
2991
2823
2076
2264
2290
2653
2345
2296
2196
2383
2876
3049
3887
3807
3732
4067
4209
4153
2983
2983
2137
2383
2877
3828
2383
2357
2148
4878
872
871
4986
4997
2920
2684
2746
2923
3867
4984
2807
2730
3018
2790
2827
2766
2765
4881
2570
3477
2659
2658
2568
2448
3324
3571
2391
2296
2295
2277
1568
2409
1400
2706
2621
2967
2708
3672
3731
3626
3244
1089
1089
2634
2347
2983
2296
1393
2469
2404
2514
2404
2854
2849
3209
2274
2274
2848
2739
2778
2274
2780
2384
2384
2792
2779
3058
2999
3094
3058
3394
2749
3442
3226
2025
2652
3332
2583
3410
3203
2813
2248
2196
2470
2400
2274
2274
4861
2148
2514
2848
2983
2338
2269
2134
2295
2330
2511
2237
2821
2705
2355
2780
3209
2597
2598
4080
2786
3172
4131
4089
4037
3627
2782
2782
2274
2880
3135
2514
2943
2879
3277
2436
2459
483
2571
2248
2069
2159
2625
2625
2854
2514
2905
2514
3691
3691
2364
2773
2339
2264
2264
2274
2292
2460
3363
2625
2284
2596
3129
3129
2152
2514
3139
2666
2656
2584
2625
2032
2780
2899
3213
2961
3213
3269
4974
2572
2237
2780
2782
2905
3213
2156
2724
1906
2264
2859
4063
4181
4114
3997
4042
4095
3667
3038
813
2553
2772
2274
3038
2525
2752
1402
2453
3151
2231
2900
2206
2207
2838
1945
2452
2590
2481
2560
2233
2295
2295
1076
3041
3314
2196
2319
809
2599
2598
3095
2730
2746
2016
2446
2625
2264
3253
3200
2296
2639
2639
2296
2584
2139
2339
2139
2972
2957
2121
2411
2705
2312
3024
2745
3155
2916
2745
2739
2565
2516
2606
3131
3641
2693
3024
3094
3181
3005
4996
2296
2699
2295
2909
2091
2878
2551
2944
2552
809
2868
2960
3101
3722
2218
2637
2389
2295
2957
809
2790
2421
3184
3184
3202
3034
3318
3510
3461
2968
3806
2968
2971
2520
2821
809
2311
2057
2552
2741
2590
2462
2323
2770
2704
2775
2705
1089
2823
2705
1089
2806
2823
2806
2806
2705
3037
2972
3000
3000
2303
2602
3253
3259
3259
3259
2132
2128
3217
2799
2296
2759
4053
4063
4181
4061
3014
4143
4128
2263
3188
3402
3447
1576
2790
2975
3058
3153
2787
2685
2894
2687
2766
2800
2295
2897
3209
2790
2315
3305
2668
2639
2724
3083
4946
3889
3889
4946
4227
4038
3337
2634
2090
2573
2032
2578
2578
3128
3128
3000
2749
3394
2751
3089
2093
3094
3211
3292
3289
3372
3068
3401
3359
4210
4210
3343
3230
3312
2998
2720
3141
2439
2140
2884
3128
3128
3128
3128
3128
3128
3128
3128
3125
3394
3138
2552
3394
3094
3224
3291
3437
3231
4077
4101
3838
3110
3342
3341
2729
3257
2519
2758
3023
2715
3328
2629
2643
3860
3411
3124
2140
2884
2140
2972
3252
2907
3239
3214
2777
809
2231
2999
2315
3128
2093
2830
2756
1090
3023
3245
1080
1090
1080
1080
809
3128
3442
2128
3153
351
3184
4130
2747
3065
3237
4096
4097
3167
4170
3603
3309
2748
2798
2886
3481
3011
3022
2509
3368
3259
2093
3261
3371
2920
2920
2676
1243
1091
2995
2509
2509
2884
3128
3128
2552
2552
2552
3039
460
2647
3206
3599
2381
2891
809
2132
2132
2939
3145
1088
3017
2908
2846
2132
2132
3208
2749
3442
3226
3724
4097
3629
4228
3607
3841
3070
3399
3292
3224
2751
3510
462
3381
2017
3123
3011
3243
2852
3128
2884
3010
3010
2132
3060
2564
3440
2908
2508
3208
2142
2955
3128
3128
3010
3043
3043
3208
2132
2132
351
3201
3096
3617
3123
3364
3000
3128
2552
3208
2132
2552
3317
3311
3273
2749
351
2744
2894
3029
3298
2989
2988
3146
3023
2846
2846
2846
2325
3211
3309
3114
3435
3629
3289
2583
3576
3321
2132
3318
3677
3617
2973
2900
3313
2922
2837
3337
3023
2716
3146
2947
4885
2552
3027
2688
3146
2900
3096
3096
3387
3096
3620
3629
3168
4162
4163
4123
4082
4148
4182
3075
3620
3620
3311
3068
3103
3068
3351
3419
3841
3352
3026
2921
2876
3713
3118
3051
3035
3482
3226
4037
2552
3317
3229
3341
3341
3067
3067
3352
3102
2925
3626
3175
3442
1767
3201
3103
3387
3061
3324
3148
3482
3283
3354
3355
3104
3291
3573
3406
3688
2632
2970
2900
351
3472
3379
3296
2867
2900
3096
3390
3339
2748
3443
3846
2678
3604
2789
3245
1570
3437
3426
3401
3357
3000
2715
3014
3626
3878
4065
3390
3426
2683
2872
3442
3442
3417
3318
2643
3080
3130
3461
2631
3642
3307
3452
462
3377
3082
2874
3117
2986
3426
3401
3460
3460
3029
3854
3627
3620
2813
3427
3574
3423
3788
3579
353
2565
2565
2569
4209
3045
3706
3175
2694
3708
3399
3109
3583
3487
3772
3491
4129
3992
4058
3986
3494
4149
4149
4027
4149
4149
3950
3494
3399
3458
3485
3027
3817
3811
3645
3511
3594
3811
3639
3538
3797
3681
3681
3632
3596
3596
3884
3524
4915
4919
3551
3529
3644
3811
3811
3639
3538
3538
3538
3636
3683
3970
3505
4084
3485
3580
3458
3632
3506
3844
3546
3668
3668
4018
3757
4223
4908
4224
3765
3966
3782
4212
4930
4142
3774
3733
4016
3595
3596
3540
3540
4109
2665
3412
3226
3226
2931
3837
3865
3716
3458
4079
3630
3458
3399
3591
3540
3355
2926
3632
3586
3509
4066
3791
3330
3340
3342
3307
3238
3313
3539
3683
3701
3783
3436
4065
3176
3354
3632
3542
3632
3235
3030
2788
3119
3878
3508
3632
3601
3538
3608
2892
3049
3863
3620
3356
3173
3459
3399
4082
3633
3616
3589
3505
3813
4945
3619
2931
3543
3485
4013
4157
3790
3450
3718
4120
3724
3374
3164
3506
3585
3540
3452
3633
361
3505
3586
3401
2697
3576
3369
3433
3670
3649
3584
3601
2558
3801
2693
3478
463
4113
3649
3235
3234
3187
3686
2679
3048
3048
3226
3829
3471
3680
3664
3439
3589
4169
3786
3865
3656
3645
3676
3409
3796
3862
3578
3800
351
3708
3702
3869
3538
4081
3436
3802
4076
3105
3723
3723
4118
4041
3723
3721
3167
2555
3729
360
3776
3776
3639
3538
3639
3639
3638
4016
3733
3873
3781
4223
4183
4280
3759
4184
4129
3490
3773
4221
4220
3759
3757
4279
3756
4070
4140
3756
3756
3491
3804
3489
3820
3347
4134
3900
3634
3648
4134
4122
3970
4139
3774
2860
2857
3015
4945
3807
3801
3675
2633
3865
3349
3671
4095
3826
3421
3573
3538
3228
4946
3888
2660
4100
3341
3594
3488
461
4096
2568
3732
3701
3868
3634
356
3696
4059
3888
3816
3679
3819
4066
3348
3683
3013
3994
3857
3831
4946
4087
4087
3831
4942
3888
2660
4946
4946
4087
4196
4196
4086
4109
4086
4064
4192
4946
3803
3644
4076
4157
3711
3073
3538
4218
3077
3122
3159
3472
3826
360
3633
4122
4065
3854
355
4087
3799
3803
3342
3728
4084
4054
3831
4196
3342
3342
3171
3362
3186
3170
4166
3538
3538
3538
3227
3578
3876
3876
3658
4109
3884
3514
3656
3811
3811
3342
2695
4015
2660
2660
3890
4197
4198
4319
4362
4352
4352
3849
3847
3342
3654
3074
4082
3547
4027
4933
4025
4149
3529
3529
4915
4916
3526
3918
3526
4245
4184
3919
4184
3759
4919
3762
3762
4234
4333
4161
3767
4279
4184
3918
3933
3931
3910
3912
4085
3998
3999
3998
4895
4244
3754
3952
4333
3767
3911
4245
3762
3758
4185
3758
3556
4224
3569
3735
3699
3570
3584
3723
4056
3683
4074
3907
3988
3907
4932
3910
3913
3913
4932
4232
3767
3767
3698
3909
3844
356
4038
3167
3479
4127
3529
3547
3548
4021
4021
4020
4027
3901
4027
3547
3547
3547
4111
4094
3610
3349
3378
4014
3776
3636
3636
4938
3548
4010
4010
3547
3967
4027
4927
4008
3901
4026
4021
4025
4002
3698
4131
4054
2714
3866
3654
2697
4084
3701
3227
4061
4119
3839
3974
3975
3901
3974
4128
4054
3820
3665
3869
2857
3825
4099
1244
3855
3653
4113
3661
3776
3733
4016
4139
3776
4127
3804
3230
3869
4112
3348
4048
3631
4136
3074
3546
3387
4109
4227
3721
4091
3724
3772
4164
4112
3717
3723
4118
4015
3732
2660
3323
4015
3701
3900
3974
4103
4008
4025
4064
4064
4227
3995
3653
3730
3650
4015
4116
4051
4118
4091
3794
3794
4136
3232
3538
3972
4012
4150
3685
3721
4120
4090
3857
4124
3074
2862
3899
4157
4134
3774
3346
4188
4165
3107
2861
4147
4209
3794
3169
4026
4144
3075
4147
1245
3480
4172
3648
3075
4136
4182
4157
3852
3974
4020
3167
4173
4173
3686
4180
3791
4017
4095
4180
3075
4167
4166
3346
4022
4933
4149
4058
4020
4093
4078
4078
4101
4155
3756
4154
4220
4220
4064
4189
4166
4210
4039
4192
4306
3834
4940
4098
4344
4277
4417
4200
4551
4551
4408
4757
4716
4227
4049
3795
3795
3781
4172
4058
4233
4026
3815
3793
3870
3773
3779
3779
4149
4059
4173
4142
4026
3767
3770
4179
3911
3815
3494
3936
4895
3490
3999
3494
4129
4179
3756
3480
4264
4309
3480
4197
2660
4207
4194
3892
4195
4310
4195
4359
4288
4153
4153
4121
4207
4207
4237
4209
4198
4310
4223
4271
4932
4262
4310
3890
4895
4895
3161
3161
4268
4233
4932
3926
4931
4233
3913
4280
4153
365
3769
3767
4264
4319
4319
3848
3755
3755
4179
3754
3892
4198
3892
3892
4345
359
4352
4353
4306
3848
4349
3926
4319
4344
4348
3893
3891
4319
3795
4277
4184
4306
3892
3897
4350
4236
4901
4236
4234
4246
3768
3897
4343
3918
4336
4245
3933
3919
3918
3957
365
4359
4343
4343
3930
3930
3847
4310
4265
4277
4062
4307
4348
3896
3849
4307
3847
4350
4350
4352
4308
4310
4348
4199
358
4195
4359
4199
4359
4312
4200
4417
4417
4367
365
4195
4415
4372
4498
4429
4408
4382
4383
4499
4384
4626
4499
4455
4388
4389
4728
4950
4513
4505
4513
4951
4531
4531
4531
4958
4531
4562
4528
4606
4606
4582
4562
4958
4562
4414
4370
4422
4429
4407
4551
4443
4502
4353
4416
3896
4415
4373
4353
4415
4415
4415
4377
4377
4428
4367
4195
4415
4195
4313
4415
4353
4312
4444
4202
4417
4367
4357
4377
4415
4377
4377
4429
4501
4383
4713
4644
4668
4762
4702
4950
4950
4505
4508
4562
4505
4508
4562
4508
4950
4508
4508
4530
4629
4628
4472
4474
4767
4448
4479
4950
4377
4377
4479
4433
4494
4448
4444
4498
4498
4454
4473
4485
4385
4427
4383
4367
4562
4531
4562
4505
4951
4951
4951
4562
4513
4513
4513
4606
4606
4958
4958
4951
4562
4562
4582
4582
4606
4606
4958
4562
4562
4599
4562
4441
4531
4531
4562
4531
4562
4562
4958
4651
4453
4562
4505
4562
4383
4202
4553
4562
4562
4562
4538
4562
4951
4562
4951
4444
4416
4383
4562
4531
4485
4562
4369
4528
4606
4383
4531
4582
4606
4562
4528
4531
4606
4582
4651
4510
4606
4562
4958
4531
4564
4453
4606
4606
4606
4606
4429
4450
4450
4448
4485
4606
4488
4587
4655
4767
4455
4479
4564
4562
4582
4513
4606
4606
4485
4606
4528
4606
4560
4651
4205
4385
4369
4553
4564
4562
4508
4394
4698
4701
4617
4536
4767
4499
4553
4551
4385
4385
4423
4551
4535
4458
4743
4728
4386
4508
4508
4560
4511
4626
4951
4551
4651
4958
4958
4513
4505
4543
4639
4626
4626
4511
4535
4651
4573
4508
4396
4950
4706
4626
4531
4951
4582
4615
4587
4751
4718
4513
4511
4645
4951
4551
4606
4690
4390
4746
4951
4551
4551
4551
4508
4508
4508
4541
4540
4505
4508
4950
4640
4636
4962
4513
4594
4553
4513
4469
4390
4698
4720
4645
4749
4766
4785
4785
4551
4716
4505
4951
4505
4508
4541
4951
4950
4513
4538
4958
4551
4745
4728
4505
4505
4951
4531
4661
4610
4783
4472
4705
4408
4551
4767
4542
4777
4513
4513
4636
4950
4550
4950
4955
4716
4511
4594
4767
4692
4655
4513
4716
4513
4962
4682
4726
4505
4508
4513
4958
4950
4728
4785
4743
4408
4655
4691
4497
4718
4508
4513
4508
4636
4513
4530
4513
4497
4706
4773
4497
4698
4749
4950
4950
4785
4766
4624
4766
4550
4950
4766
4950
4954
4743
4743
4395
4394
4550
4782
4505
4541
4743
4707
4698
4698
4706
4540
367
306
302
81
274
81
4790
384
367
81
4790
367
10
44
274
302
302
84
274
302
528
633
560
633
633
633
550
527
577
633
633
634
636
633
633
526
574
574
633
633
636
619
619
619
634
619
633
633
636
636
636
636
577
528
574
550
526
574
566
594
594
574
574
619
619
619
636
634
636
560
636
636
607
619
633
633
574
566
528
528
550
577
636
636
560
528
633
550
550
550
633
528
527
800
800
800
723
711
453
730
711
730
714
711
730
378
1560
1588
2306
2081
2450
2148
2481
2148
2306
2147
1780
2589
2625
2590
2160
1797
1911
2625
1860
2212
1066
2214
2214
2350
2137
2806
2884
3757
3538
3538
3547
4223
3698
3912
4244
4236
4326
3913
3662
3755
4017
3776
3972
3811
3695
3695
3537
4018
3695
4912
4909
3554
4224
3554
3759
3759
3541
3879
4085
3975
3974
4149
3811
3605
3767
3879
3910
3910
3882
3811
3833
4291
3889
2660
4940
3889
4197
3889
3831
3833
4946
4946
3974
4508
4550
4951
4951
4385
4951
4511
4531
4613
4951
4536
4531
4538
4495
4958
4562
4551
4513
3776
3538
525
525
525
525
525
566
525
525
566
1655
2013
2159
2185
2234
2404
2289
1655
2223
1655
2404
2344
2159
2406
2274
2335
1862
2223
2404
2234
2335
1655
2335
274
274
84
83
