63
52
106
103
304
25
151
238
352
5
166
270
106
106
63
63
106
63
129
83
83
83
83
83
83
83
350
63
63
63
63
63
63
63
63
63
129
63
83
63
63
63
83
83
350
95
350
254
63
63
63
106
63
63
63
88
4795
294
45
288
257
291
291
129
63
129
129
129
83
129
63
83
83
83
83
83
83
129
129
129
129
106
95
62
83
54
63
63
299
254
63
63
63
63
88
83
151
69
63
63
129
63
129
129
83
63
63
63
129
129
51
63
63
129
90
129
129
129
63
106
129
129
63
63
129
63
83
129
129
63
63
106
52
52
54
63
63
129
63
106
63
129
129
63
63
63
106
212
5
111
319
208
191
325
360
326
208
45
208
319
129
350
63
63
350
103
263
266
63
129
63
63
63
63
106
106
63
63
129
63
63
83
83
83
83
83
63
83
83
83
4802
83
83
83
83
398
61
164
124
22
63
83
63
129
63
83
22
106
263
4795
165
45
46
382
382
272
47
441
649
542
731
557
726
170
316
165
5
101
266
5
276
166
164
63
129
63
51
63
106
212
3
63
156
159
238
63
106
129
106
299
14
88
129
129
129
63
265
5
266
4803
83
83
101
14
5
276
213
206
268
63
83
83
63
106
268
266
83
83
261
83
101
165
63
83
83
129
63
217
63
83
83
63
106
61
76
67
129
242
5
269
45
276
250
83
63
129
83
83
63
198
88
130
69
4795
237
237
129
63
101
3
67
111
4795
83
63
63
83
63
83
63
83
83
83
83
83
83
83
83
83
131
294
240
41
276
266
4
276
129
63
263
257
269
83
83
83
83
83
83
83
129
65
46
250
83
166
129
129
83
83
129
242
129
83
76
237
63
276
166
530
229
367
569
569
569
569
569
1098
1098
1733
2623
2472
1770
3199
2520
2850
4269
4320
4380
348
3187
348
4454
83
151
83
83
266
165
316
167
367
367
367
230
69
83
65
68
83
129
83
83
83
83
83
237
76
129
83
83
83
129
83
294
63
129
190
208
83
319
83
83
83
83
83
83
250
83
83
83
3
129
4802
83
129
83
83
83
83
372
243
208
219
771
650
230
6
380
382
382
223
320
319
300
45
230
373
382
224
327
571
739
739
571
739
739
739
568
739
569
568
568
1128
1729
2319
2542
2387
3215
3534
472
3662
3442
2609
3518
3729
2691
3479
479
3072
484
3074
484
2750
2750
2571
2750
2750
1918
1918
2869
2869
2869
2869
2869
2869
3445
3497
2598
2512
1796
1838
1754
2855
3528
2684
2352
2848
3281
498
499
243
276
319
235
47
121
382
206
44
275
42
459
777
353
227
316
275
44
295
523
389
44
219
271
295
187
185
353
1098
1098
533
652
3969
3969
3969
3969
3969
3969
3969
3969
3969
3969
4059
4059
3969
4059
3969
3969
3969
818
4839
640
834
815
915
887
917
1339
1339
602
1199
1541
1371
1297
1063
1250
989
1111
1330
1599
3969
3969
3969
3969
3969
3969
3969
3969
3969
3969
3969
3969
3969
3969
3969
3969
3969
253
3969
4059
714
4823
794
786
4044
4020
3969
3969
4138
3969
4138
4019
604
3969
3969
784
3969
818
759
574
834
1084
914
928
1040
428
368
651
1078
1054
122
3969
3969
3969
3969
3969
325
3969
4042
3969
3969
453
3969
360
3969
3969
714
715
885
3969
4138
718
3967
7
316
367
1098
1098
1098
3969
3969
3969
3969
3969
3969
3969
3969
3969
3969
3969
4042
4059
3969
718
3969
718
4059
818
4820
640
914
923
3969
3969
3969
3969
3969
3969
4138
4141
4141
3969
4065
3969
3969
787
3969
3969
444
414
818
176
738
533
523
533
542
542
568
542
739
739
739
739
739
523
3969
651
353
1098
1098
1098
367
640
426
533
523
738
3969
738
507
914
3969
3969
3969
3969
3969
4060
3967
4065
4141
771
571
330
333
738
3969
640
831
523
726
177
4044
3969
3969
3969
4138
3969
4141
3969
739
4060
3969
4138
4138
651
3969
3969
3603
608
1352
977
977
822
856
851
571
3969
4065
3969
3969
3969
4138
364
673
3969
787
794
3969
4044
741
604
794
923
3969
4038
557
654
853
4137
4137
4038
4038
4208
4208
574
1115
1098
4142
189
794
981
4137
327
365
1342
1568
1777
1777
571
1341
766
1115
654
1197
4182
4851
1077
856
815
917
4141
3967
4254
3967
4137
887
917
604
604
4142
977
980
4138
3967
650
1340
542
542
568
568
568
569
569
569
569
569
568
523
977
608
608
928
652
1556
1836
1633
1620
1862
2305
1574
858
2035
2197
2197
902
2197
2007
2007
2231
2003
2050
2006
3967
4254
1085
1038
982
602
602
602
871
3603
365
1266
1019
1192
1132
1365
1251
1135
1272
1039
1272
1761
2142
1719
1213
1207
1207
1696
1987
2347
1787
2302
951
4979
4986
2747
2826
2847
3023
1272
1761
1272
1039
1039
1171
1064
1171
365
1209
2009
1758
1247
1209
1266
936
970
1509
1509
960
1247
1182
1171
822
1247
1209
1071
941
1040
928
1040
327
731
1133
1133
1755
1755
1133
1162
1162
1755
1755
2122
1787
1787
2714
3128
2123
2709
2980
2299
1407
1227
1293
1174
936
928
982
917
822
1272
1139
1755
3242
3242
2161
2760
2123
2161
3242
2831
731
739
1162
4913
4208
3561
1204
1111
1297
963
4044
4020
4044
4044
4044
4044
4041
4060
4060
4254
4060
3967
684
1162
1162
1087
653
858
1575
1251
1082
1213
1232
1232
3603
4182
4019
4054
4182
1139
1379
1115
1071
1509
1078
1078
4208
1797
2009
1564
1599
1232
1218
992
1652
928
3603
1349
1272
1078
1170
989
1339
4044
4060
4041
4043
4054
4054
4208
4054
1379
4019
4019
608
3877
1162
1207
1477
4054
1755
1174
1631
1402
1293
1272
1761
4019
1564
1218
4044
1631
1234
2299
1233
1293
1211
1326
1874
2757
2620
3204
3659
2981
3270
3271
2980
2974
3005
3659
3241
3282
3282
3480
3659
3620
3620
2995
2994
4152
2999
2999
2999
2999
2994
3838
3838
3271
3270
3271
2974
1234
1403
1302
1207
4020
1133
1269
1213
1365
1755
1403
1115
4182
4208
1302
1779
2181
4985
2232
1799
4182
1251
1115
1198
917
1129
1207
1926
1679
1248
970
1762
1762
970
569
1227
1227
1755
1755
1326
731
1381
1207
2181
1890
2025
1229
1210
970
970
1718
1195
1402
1803
1544
1544
1755
4851
1412
1740
1874
1884
2298
1404
1293
1338
1427
1137
1815
1480
1874
1174
1487
1133
1927
1192
1199
1755
1381
1210
1210
1018
1480
982
608
928
1462
1207
986
1462
1755
1272
1174
1137
1874
608
1511
1302
1083
1544
1403
1736
1137
3603
1874
1755
1544
739
1137
653
1078
1696
1489
741
3862
1815
1891
1544
1403
330
1508
1181
1137
4182
1811
569
569
568
1436
467
2504
4151
4446
4230
4501
1314
1317
1317
4423
4423
4423
4679
960
928
1137
1564
1981
1040
1088
1544
1407
1736
1926
2533
2831
1761
1039
1890
1180
569
739
739
739
569
739
739
569
1098
572
1474
889
1269
1297
1803
1487
569
568
572
1901
572
1195
1874
1883
2816
2690
2974
2981
1381
1210
1966
1725
1139
1696
2122
2363
3555
1676
1353
2487
2979
2693
1874
1874
1838
1891
1755
1755
1696
2122
1987
1561
1365
1115
1198
1088
1803
1407
2299
3128
2565
1926
1796
1874
489
489
489
2869
489
1918
489
2750
2869
2752
2750
2815
2816
2752
3074
3359
3282
3192
1603
1744
1838
1837
1696
1987
982
982
917
4039
982
928
1115
1039
1251
607
928
608
1323
1462
1807
1302
568
739
739
746
746
739
739
739
739
568
568
568
1533
1432
1626
495
1898
568
982
928
1098
1098
1616
1083
1807
1696
1380
1787
1251
739
739
739
739
1342
1447
2314
1866
1885
1777
1340
568
542
1453
1483
2502
2950
2949
982
1387
1091
1869
1139
1678
568
739
1430
1639
1728
1584
1891
982
982
1339
1198
917
871
1098
1098
685
572
1078
1269
1379
1569
1564
1889
568
542
1533
1585
1483
1485
1655
1903
1599
1013
746
1342
1696
2122
2759
2122
2122
1987
1987
2347
568
1128
572
1248
1980
1803
2993
1803
1746
1016
739
329
746
746
1466
739
739
739
1696
1779
1482
1570
572
1803
464
1136
1803
4850
4853
746
331
330
330
1926
1343
1564
607
1894
2260
2142
1340
1761
1629
1344
1814
1980
1980
1874
2247
1844
2498
1971
2298
1490
1548
1513
1569
1884
494
1829
1692
1829
1797
1430
1747
1180
1336
2181
955
739
1343
1855
1980
331
741
746
1342
1704
1704
1430
1803
1926
1015
1574
1704
1754
1692
1569
3445
495
1878
1878
1433
1682
1728
1454
1585
1467
1666
2122
2142
1987
2831
3242
3242
3242
3128
1838
1182
2298
1565
2161
1987
1787
955
501
1803
1570
857
1754
1878
2192
1355
1915
1605
1728
2365
1607
3429
3540
2737
2968
3230
3229
3439
3113
3367
1615
1561
888
2598
765
1621
1742
1862
1704
1704
1582
1601
1704
1704
1878
1987
1987
1498
1055
1761
1055
1681
1761
1663
3676
1601
1683
1829
1829
1878
1793
2829
2036
1878
2347
1558
1762
1888
1918
2751
2869
1918
2869
2869
2869
2869
2750
2869
2869
2869
1855
1638
1924
495
495
1756
1878
2025
2298
2869
2869
1926
1466
1601
1601
3496
3445
3445
2869
2869
2869
2869
2869
1918
2869
2571
1918
476
3445
3445
1434
2498
2512
1601
1649
3445
2869
1918
3496
2869
3497
1601
495
1585
1690
1013
2189
1894
2257
1347
1140
1585
1665
2161
1585
1679
4876
4988
4976
1891
2993
2963
489
1635
1281
1682
1878
2142
1787
2189
2498
1688
1447
1015
1666
1583
1878
2236
2352
2899
2981
2939
1839
1548
1757
3445
2161
1964
1157
489
2869
2869
2869
489
3445
3445
3445
2533
1555
1964
1779
1555
1708
1850
1630
2598
2993
2993
489
2869
2869
2598
1755
2161
2142
2142
1894
2256
2329
489
2360
2869
3445
1924
1675
1666
1886
3445
2533
1864
2011
1732
2192
2869
2869
2869
2869
2869
3072
3145
3359
3359
2691
3359
3149
3241
2568
3359
2869
1575
2941
2202
2272
2834
489
2815
4869
3505
4858
3242
3242
3242
3233
2302
1711
1604
2682
489
1913
2262
2805
2869
2751
3242
4869
1380
3242
2759
2774
2759
3128
2123
2347
890
2472
2141
2924
2255
496
2757
489
1649
1580
3242
2759
3233
2760
2423
2258
2782
2782
2782
2782
2827
2812
4960
1484
487
2612
2613
2869
2869
1664
1791
3242
2362
4986
1838
3137
2805
1663
2463
4991
4980
503
2642
3072
2568
3192
3659
2869
2750
2869
2869
2752
3011
3148
3420
3149
3359
3149
3145
3145
3074
2869
3128
951
2258
500
2329
2256
2350
1674
2409
2409
2559
3135
2258
2272
2159
2869
2869
2869
1645
496
3282
3149
3006
2974
1918
2869
2869
2869
2869
1580
1849
1633
1558
2236
497
1639
2869
2750
2869
2750
2869
2752
2869
2869
2869
2750
2750
2869
2869
2815
2869
2751
3074
3074
2751
2751
487
2568
487
3072
2752
2752
2751
3074
2751
2751
2816
1575
3128
1742
1747
2363
2181
955
955
1666
2939
2869
2869
2554
2869
3128
3233
1483
2816
3149
3204
1621
3128
2123
2993
1670
1866
1866
1930
1663
2226
2355
1663
1886
2869
1918
2869
2750
1575
2181
4976
2297
1918
2750
2869
2340
1446
1532
2750
487
2614
3145
2614
3145
3074
3074
3072
2869
1694
1607
2751
4991
2465
500
2782
2492
2192
487
484
2869
2752
1660
2993
1531
4966
2613
2614
3221
3359
2690
3480
2750
487
1918
1918
1918
1918
2262
1918
2890
3368
3074
1455
1485
1866
1918
1918
1918
1918
1918
3076
2752
484
3488
3113
3121
3121
2609
3539
3111
3366
1918
2750
1058
955
1859
3192
2974
4966
2437
1458
2752
2993
2003
1954
2187
1574
2163
2003
2231
2163
2040
2040
2003
2166
2163
2166
2166
2162
2187
2164
2101
2163
2163
2163
2166
2163
2166
2714
2258
1604
2185
1446
2022
3011
3074
484
3145
2750
1918
2750
2869
2166
2166
2166
1937
2714
4878
502
2782
2691
3282
1528
2163
2162
2164
2163
2003
1455
2966
2000
1999
1700
1885
1607
1857
2166
2101
2993
2162
1937
2711
1557
2022
893
2166
1937
2048
1937
2048
2101
2166
1608
2869
2614
2869
2869
2869
2869
2614
2166
2099
1620
1632
2028
2040
2040
2040
2231
1633
1850
1792
2816
487
3148
3480
3470
2195
2244
2263
2561
2440
2043
2055
2144
2187
2313
2048
2187
2048
2211
2353
2194
2050
1989
2048
2313
2245
2264
2469
2106
2674
2674
3156
3089
3051
2457
2457
2828
2061
2109
2109
1944
2172
2042
1944
2109
2109
1944
2040
1620
1954
891
2243
2901
2089
2089
2089
3051
3051
2457
2956
2956
2867
2938
2909
2446
2752
2752
2305
2479
2103
2497
2218
2219
2218
2466
2204
2313
2206
2440
2112
2112
2055
2055
2341
2734
2734
2016
2416
2674
2204
3005
2993
2963
2711
2647
2744
2810
2748
2748
2194
2101
1833
2204
2050
1954
2197
2348
891
2810
2749
2056
3282
3074
3430
3282
3147
2194
2166
2144
2163
1952
2007
2003
1752
497
487
487
2568
2305
3145
2187
2268
2229
2895
2229
1620
858
1742
1833
1954
2003
2050
2149
4979
2793
4879
4989
2747
2847
1967
2936
336
1918
1918
3005
1850
1954
2086
4986
2682
1970
2102
3480
2041
1850
2035
2643
1732
1930
2477
2477
2342
2441
2444
2103
2222
2511
2511
2477
2514
2514
2444
2444
2444
2444
2102
2042
2112
1663
2750
1921
2752
2266
2691
1742
898
1742
4990
4974
500
1760
2890
2288
3145
2974
2981
3270
2980
2963
2056
2223
2102
2193
2614
2614
2691
3145
3005
2981
2981
1632
2144
1952
4972
1557
1995
1925
2909
2444
2441
2514
2223
2477
484
3074
3222
3192
2690
2690
2895
2050
2314
2205
2479
2418
2228
2803
2556
2556
2540
2556
2089
2750
2750
2752
1833
2330
2061
2007
2305
2322
2418
2296
484
2691
3149
3005
1620
2949
3359
3145
2614
2237
2611
1882
3659
2061
2197
1952
4989
2314
2479
2418
3430
3145
3149
1621
2812
2102
1448
2890
3072
2810
2007
2143
2752
3074
2386
3149
3480
3151
3480
3480
3241
3241
3241
2690
3620
3271
2826
2848
2314
3282
3659
3005
3470
3192
3659
3659
3659
1944
1944
2384
1944
1457
2444
2441
2103
3222
842
3270
3270
3271
2896
3271
2109
1977
2966
2909
2102
2514
2890
475
3230
2968
3230
2974
3005
3005
1154
2748
2810
2508
1872
3359
2678
3340
3481
484
2602
2981
1944
1944
1944
2468
1944
2109
2109
2109
2109
1944
1944
1944
1944
1977
2197
1989
2150
2410
2388
2690
1848
2053
2014
894
894
2230
2291
1989
2413
2216
2042
2043
1699
1900
2053
2895
1955
2410
2410
3105
2444
2444
2441
2679
2479
2727
1712
1698
3005
3005
2981
3005
3005
3620
3005
2895
2801
2810
2748
2748
2647
2980
3271
2981
2980
1977
1731
2440
3359
1867
3420
2322
2133
2810
3271
2810
1989
2150
1989
1977
2466
2275
2275
2275
2262
2051
2186
2980
2980
2895
2895
2109
2502
2400
2470
2455
2442
2595
2414
2543
2679
2747
2747
2748
2647
2748
1944
3528
2514
2514
2543
2514
3366
1862
2087
2007
2150
1975
2444
2466
2413
2217
3145
2980
2963
2980
2993
2999
2993
2711
2999
2999
2647
2999
2980
2748
2748
2999
2748
2980
1713
2034
2007
2495
3734
3766
3127
2683
479
1622
2007
1989
1457
3010
2504
2937
2908
3726
2411
2783
2441
2466
3419
2501
2441
2103
2441
2413
2285
2228
2197
1822
2388
1608
3368
1448
2981
2981
3270
2993
3883
2999
2999
2649
2999
2999
2999
3242
3469
2876
1713
2034
2150
2879
2441
2470
3282
3005
2290
2228
2034
2109
2243
2539
1951
2365
3400
3350
3399
3341
2285
2301
2243
2197
2559
468
2514
3368
3113
2993
1989
1935
3659
3480
2996
3001
3674
3674
3674
3847
3527
3659
2968
2968
2453
2441
2441
2460
3420
3282
3420
3729
3518
3674
3001
3001
3004
3003
3004
3230
2013
2472
1769
2543
2218
3729
3004
3621
2912
4150
4336
3480
2690
2007
2216
2525
3844
2695
3281
2495
3281
2495
3281
3438
3492
3871
4082
3281
3281
3492
3021
2775
3492
3513
2410
2388
3738
3637
2671
1307
2441
2514
2441
2514
2103
2359
3121
3230
2301
2542
3528
3722
4923
3867
4152
3872
3872
2995
2996
1641
2510
2218
1608
3420
3480
3316
3316
3316
3466
3143
3392
2650
4170
3022
3425
3316
3487
3492
3425
3022
3201
3143
3425
3143
3143
2930
2775
2652
1794
1373
3028
2493
3265
2523
2732
2218
2479
3659
3368
3022
3022
3425
2109
2109
3316
3365
1989
3487
2683
2497
2607
3518
3517
3518
3518
3240
3240
3620
2995
3425
3457
4167
2831
4077
3018
3774
3163
3335
3710
3170
3623
2533
3728
2831
3020
3425
2109
2035
2558
2197
2172
1989
2559
468
469
2103
3420
2999
3883
3022
3425
3316
902
3316
2523
2596
3420
3230
2320
2014
3022
2999
3513
3025
2968
3838
3838
1944
1944
3316
2947
2503
3479
3420
3729
3517
3136
3883
3838
2014
1944
2384
2384
2495
2343
3240
2904
2007
2384
3429
2756
2998
3395
4177
3797
4036
4247
2771
3402
1944
2683
3839
3518
3518
3315
3354
3135
3501
2324
1999
2014
2447
3671
2440
1944
2112
2042
2112
1989
2497
2597
2228
2497
3420
3883
894
3233
3683
3129
3487
2879
2695
3883
2042
2384
2384
2466
2106
2264
2454
3227
2900
2540
2796
2999
2999
902
1996
2994
2034
3392
3021
3870
3467
3438
2908
3528
3501
2969
3540
2900
2930
1182
902
3487
2106
2938
2968
2524
1944
1944
2539
3014
2171
3392
2931
3018
4149
1774
2453
2595
2414
3835
2296
2722
2186
337
1772
2943
3501
3508
4923
3508
2467
3004
2014
2190
2188
2084
3331
2837
2540
2014
3501
2591
3662
2609
3872
2995
2995
3872
3872
3872
2995
1999
2995
3872
4152
2900
3028
3301
2188
3407
2089
2384
2089
2089
2778
2458
2543
2997
4085
4177
4177
4152
4152
3872
894
3008
2184
2344
3518
2775
2034
2539
3158
2765
2534
3871
3127
3529
2560
2969
3442
3354
1993
2089
2384
2675
2106
3269
3889
3889
3892
3915
2104
3531
2213
3838
2165
2913
894
1182
1369
2914
2901
2877
1014
1008
1008
1196
1169
3067
3629
3629
3599
3641
4099
3381
3377
3158
3189
3518
2837
2803
2803
2913
2913
2556
2803
2913
2089
2089
2089
2803
1182
2901
2901
2084
2013
2013
2877
1767
1370
1169
3101
4202
3555
3706
3732
3704
4075
2722
3501
3733
2996
2996
4162
3675
3674
3447
2954
3683
2803
2956
2803
2104
2273
2935
3472
2996
2165
2089
2089
2913
3265
3401
2995
2995
2995
4152
3872
2995
2995
2296
2913
2056
2384
2728
3187
3453
4372
3392
3364
3335
3335
3093
3326
3326
3352
3352
4130
3793
4153
4248
3174
4130
3308
3352
3326
1765
1767
1182
1993
2458
3540
3872
2867
2867
2089
2384
2384
1370
1770
2539
2141
3529
2494
2996
2995
3038
2867
2913
1182
2084
2539
2930
2948
3518
3447
3740
3740
2343
3872
2171
2458
2778
3734
3400
4152
2868
3232
2956
2090
2089
2734
1009
1013
3248
3660
3788
3377
4153
3555
3758
3555
1194
1008
1387
1370
3344
3524
3189
4085
2837
4152
2734
2867
2867
3051
2213
2089
3068
3280
2315
2867
4994
2090
2090
2674
3038
2734
2089
3051
3051
3051
2539
2925
469
4085
3675
2956
2296
894
2090
2089
2089
3198
1465
1194
939
1369
2944
2523
3127
3069
2995
3674
3232
3207
1013
3232
1369
1767
1767
1182
1369
2914
1194
4109
1169
3734
2639
2579
2090
3508
469
3400
3771
4074
3529
2920
3674
2996
2499
894
1169
3524
3136
2520
2461
895
2471
1465
4109
3099
4099
3758
3877
3862
3704
1465
1169
1477
3553
3691
4126
3387
3433
2625
3160
3748
3949
3674
3674
3771
3551
473
1869
3248
1013
2539
3377
4048
3629
3629
1196
1300
1370
3473
1240
2931
4152
1623
2985
2959
3553
3378
1767
2667
2996
895
1194
3829
4126
3600
3553
2945
3683
3846
4923
2472
4093
3093
2879
3777
2171
2395
4126
4109
3629
3798
3794
4072
3242
3674
472
3919
1194
3553
2954
3047
4162
3872
1387
1182
4015
1194
3127
3674
1762
3629
3722
3674
1465
3722
3037
1869
1387
1194
3525
3334
1610
2856
3674
3555
3600
3526
3766
2774
3527
2794
3794
3447
3347
3199
3542
3542
3758
2908
3911
3548
2669
3402
3845
3629
3717
3575
3896
4037
4044
4057
4021
4040
4913
656
4057
4060
4814
4823
4823
4839
4913
4915
3693
3575
3158
3667
4020
3973
4911
4911
4896
4037
4054
4912
4915
4054
4921
3974
3974
3973
4896
4896
4896
4896
3575
3575
3717
4030
4044
656
610
714
718
715
4208
4912
4020
4054
4020
4023
4030
3973
3916
3622
2499
3293
3623
3407
3093
3693
3582
3877
3717
3693
3693
3758
4921
3702
4921
4013
3877
3877
2503
3512
3555
3693
1194
1387
3308
3308
4130
3352
1010
3352
3533
3871
4911
4911
4896
4248
1758
1365
3490
2795
4921
4893
4896
3027
1387
3878
3352
4013
3974
3127
3683
3402
1193
4203
3682
2388
3693
3693
4896
3973
4896
4896
4911
3575
3621
3737
3540
3215
3589
3589
3603
3877
3055
3326
3327
4121
4121
3249
3164
3018
3055
4037
4037
4030
3575
3009
4896
3585
3919
3868
2726
4054
4037
4037
3575
4219
3702
470
3512
4221
3215
3055
470
4896
3766
3905
3767
3736
2726
472
3896
470
3555
3629
4896
4896
2841
2795
4054
4063
4044
715
4810
3667
3174
2184
3575
3248
3527
3717
3774
4145
4036
4152
3915
3732
3641
3017
3326
3326
3327
4130
3247
4122
4122
3788
3327
4120
4122
3251
3788
3766
3905
3798
4893
4893
3992
4054
4244
4244
4054
3985
4932
3567
4932
4040
4055
4823
4820
4057
4055
4055
4040
786
4138
4054
4037
3560
3985
4896
4896
3985
3985
4896
4023
3561
4152
4162
3949
3911
2733
3573
4125
3717
2763
2944
3009
3555
3575
1010
3889
3843
3637
4037
4044
3667
4130
4130
4130
3850
3868
4034
4034
3127
4896
4152
3915
4269
3843
2733
4037
3877
3862
4037
3326
3575
3990
3876
2520
4372
3888
4226
4276
2632
3953
4925
4351
4335
3956
4054
656
3706
4126
3706
3963
4072
3693
3974
4020
2951
348
4372
3009
4896
3584
2726
3914
340
3889
1010
3543
3952
3542
2838
3990
3176
4927
4189
3247
3792
3247
3708
3747
3767
4153
3975
3623
2726
3404
3892
786
3866
4912
4020
4893
4071
4150
4331
4331
4318
4463
4627
4771
4629
4570
4465
4321
3450
3174
3877
656
618
712
784
4912
4912
3565
3565
3567
3994
3994
4915
4055
3994
4208
3565
4915
4041
3994
3994
3994
3994
3994
3994
3996
3994
3994
3994
4932
4020
3035
3843
3792
4163
4163
3594
656
753
786
4839
4915
4915
4913
3966
656
715
715
715
4032
3894
3254
4202
3792
4105
715
4830
786
786
759
656
4814
4823
4830
786
4823
4820
2534
3482
4125
4050
4896
3976
4823
4820
784
784
718
656
757
4823
715
4820
4823
801
3623
341
4044
4130
3866
4165
4130
3963
3664
4209
2941
4152
4121
4133
3377
4823
715
4269
3377
4121
3484
3928
656
3956
4093
4372
818
4246
4335
3793
3732
3594
4263
3998
4893
4138
786
714
715
3377
3928
3589
4045
3750
3555
4249
4126
2841
4335
4311
4289
3769
4047
4044
4054
4037
4066
3788
4122
3793
3793
4079
2634
2838
4112
4305
4823
656
610
4823
4246
4335
3098
3917
3555
3718
2633
3909
4335
4046
4122
4371
4125
3849
3101
2533
2841
4054
3793
3965
3713
4372
4125
4178
4247
3767
4294
3985
3985
4027
4177
2838
4332
4332
4255
786
2762
349
4290
4177
3985
3877
4125
4124
4307
4823
3793
3377
4178
3603
3877
723
3377
4249
3985
3098
4814
4823
4823
784
4912
4044
4193
3641
3985
4244
4932
4932
3956
3793
2653
4320
3956
4448
4620
4620
4351
4292
4448
4509
4514
4506
4651
1319
4238
4679
1319
4679
4624
4633
4335
4161
3909
3560
786
3966
4292
4320
3377
3560
3561
612
4815
3098
780
3967
3967
4823
4055
4912
4912
3565
4379
574
4839
3561
4839
4021
4912
3967
4287
4296
2634
4283
3966
4318
4438
4569
4502
4376
4230
4372
4310
4371
4326
4321
4430
4208
4913
4912
4283
1310
4915
4450
4280
4244
3968
4254
3994
4254
4932
4362
4361
4912
4320
4296
4280
3567
3565
3994
3994
4418
4357
4430
4380
4641
4320
4454
4371
4463
4569
4514
4395
4514
4514
4395
4633
4395
4395
4454
4359
4280
4263
4569
4364
3994
3994
3994
4912
4915
3994
3994
3994
1311
3994
3993
3565
3567
4454
3994
3994
3994
3994
4516
4320
4395
4440
4612
4497
4232
4233
4231
4456
4380
3958
4365
4364
3959
4577
4441
4501
4399
4395
4620
4569
4395
4378
4627
4446
4231
4431
1314
4569
4508
4429
4629
4376
4395
4395
4465
4395
4395
4679
4395
4514
4768
4672
4502
4672
4702
4671
4394
4671
4729
4540
4554
4554
4944
4519
4663
4545
4545
4610
4610
4595
4613
4749
4755
4755
4495
4656
4495
4376
4501
4502
4505
4391
4672
4630
4630
4646
4646
4630
1318
1318
4456
4552
4651
4679
4395
4768
4641
4500
4502
4464
4633
4464
4395
4395
4569
4513
4395
4432
4502
4672
4395
4768
4395
4768
4641
4513
4395
4422
4322
4514
4395
4502
4456
4426
4395
4458
4606
4395
4238
4502
4494
1317
4395
4505
4513
4391
4666
4395
4629
4505
4391
4672
4672
4672
4671
4540
4938
4554
4944
4571
4944
4477
4477
4411
4597
4597
4597
4536
4597
4547
4519
4477
4403
4485
4684
4659
4661
4679
1319
4238
4571
4456
4395
4238
4768
4395
4391
4672
4633
4672
4420
4394
1315
4395
4696
1319
4768
4768
4399
4399
4672
4672
4768
4672
4554
4768
4671
4666
4672
4768
4627
4672
4641
4656
4656
4656
4535
4581
4595
4610
4610
4610
4610
4581
4715
4758
4403
4709
4755
4669
4749
4582
4576
4754
4477
4719
4771
1318
4755
4576
4536
4586
4755
4669
4758
4762
4768
4618
4609
4586
4656
4653
4629
1318
4432
4656
4656
4586
4755
4613
4613
4621
4716
4559
4399
4641
4714
4656
4768
4411
4475
4613
4762
4940
4411
4559
4755
4613
4613
4755
4782
4710
4754
4587
4477
4485
4411
4672
4630
4673
4613
4755
4777
4535
4938
4755
4778
4729
4761
1319
4714
4238
4673
4697
4754
4758
4559
4754
4679
4679
4535
4535
4630
4630
4671
4536
4478
4477
4480
4480
4473
4473
4938
4938
4679
1319
4754
4679
4630
4547
1319
4391
4708
4522
4554
4482
4536
4696
4710
4471
4547
4400
4630
4630
4610
4595
4723
4670
4782
4782
4529
4471
4519
4522
4657
4547
4535
4582
4582
4723
4671
4623
4624
4610
4574
4473
4574
4646
4697
4405
4471
4581
4646
4646
4423
4630
4646
4646
4582
4409
4571
4545
4523
4610
4582
4523
4663
4523
4523
4529
4529
4610
4535
4723
4646
4754
4782
4529
4529
4554
4624
4471
4708
4630
4633
4581
4581
4610
4610
4563
4523
4523
4571
4563
4563
4663
4663
4719
4409
4413
4610
4413
4519
4574
4471
4647
4646
4778
4391
4610
4648
4944
4597
4522
4523
4529
4529
4708
4624
4529
4529
4762
4610
4529
4664
4529
4610
4610
4610
4571
4471
4413
4778
4409
4623
4623
4624
4610
4610
4529
4623
4754
4623
4624
4529
4571
4935
4554
4623
4623
4523
4664
4610
4934
4523
4610
4708
4610
4935
4571
4708
4522
4596
4523
4529
4522
4523
4566
4935
83
83
255
83
83
83
83
83
83
83
83
83
25
83
63
63
63
4039
3967
4138
3967
3967
3967
4042
718
917
917
3969
3969
3969
4041
4065
914
794
646
4041
827
963
3969
3969
3966
4915
3966
917
3969
574
786
640
3967
865
794
790
917
4040
4141
3967
4138
3966
4043
1339
3967
3969
982
917
794
818
790
3969
3969
794
3969
784
3969
3967
790
3969
569
569
568
569
569
649
568
739
739
331
739
571
746
739
330
330
568
569
1621
2112
2144
2043
2109
2055
2186
2109
2055
2055
2112
2848
3838
2999
3838
500
2492
2782
2999
2782
2999
2782
498
498
498
2150
2150
3438
2013
2803
4915
656
4912
4915
4915
4039
3993
4030
4020
4208
4839
4823
4020
3994
4823
4913
4326
4312
4351
4326
4274
4273
4823
4610
4613
4535
4613
4488
4581
4614
4473
4473
4671
4473
4660
4402
4495
4610
4613
4613
4535
4582
4582
4755
4893
794
4019
4037
981
4037
2654
3143
2748
2999
2748
4170
2647
2647
2748
2644
2748
3022
2827
2664
3022
3143
3022
2748
3143
498
4170
2648
2648
2748
2664
2493
2664
2647
3023
3143
2664
2664
3497
3271
3271
2981
3497
3497
3445
3496
3445
3497
3359
2869
487
2690
2691
3147
3148
3359
3359
3282
3620
