316
51
51
137
60
95
265
210
210
213
264
355
25
174
171
290
85
96
260
312
398
19
331
290
161
161
182
181
125
1
161
19
331
331
331
290
426
443
95
98
318
256
59
60
212
156
51
429
434
4775
313
171
94
260
59
96
59
59
96
85
312
171
332
332
161
290
290
45
422
161
1
290
316
313
18
270
331
316
95
96
422
443
171
423
316
434
441
417
171
4775
171
316
317
51
51
95
316
316
316
423
174
171
316
332
18
95
227
281
351
291
195
465
428
525
537
462
414
351
318
331
331
398
18
95
227
332
331
19
95
398
190
1
136
260
1
290
93
51
155
181
181
181
232
60
51
51
96
190
190
317
95
95
331
317
190
182
125
171
272
272
318
53
454
139
139
209
464
215
658
601
659
601
207
356
336
226
318
162
272
238
247
140
229
331
331
290
161
171
171
270
238
51
318
318
272
171
171
51
155
190
161
171
95
256
225
251
251
225
422
171
51
155
238
226
149
304
256
95
51
51
45
318
156
313
95
422
85
51
238
316
171
290
94
270
422
290
96
93
190
156
313
226
246
351
351
291
419
312
96
96
96
290
316
313
316
184
98
227
256
225
225
161
161
270
98
195
226
1
161
125
85
181
125
260
127
85
85
171
125
171
318
51
138
140
149
246
225
195
313
60
225
225
307
171
290
270
51
419
171
138
149
85
60
290
318
85
422
98
210
225
304
291
282
396
518
747
1241
1477
1723
1743
1625
1840
2172
2377
3489
4230
2917
2161
3353
171
85
422
51
96
53
282
149
248
391
392
606
606
336
459
98
155
59
447
307
85
260
96
290
59
304
419
60
59
465
127
256
127
260
447
454
60
260
85
260
148
348
60
60
256
225
180
260
260
260
60
127
60
348
336
299
456
760
760
414
251
251
251
447
464
142
283
247
225
225
465
251
247
447
529
618
919
918
918
4833
1241
1564
1553
1718
2359
2634
2361
3718
3639
3690
488
3200
2984
492
2540
2667
2954
1084
1074
2672
1795
2562
2299
1927
1794
1871
1628
1500
1513
1531
1340
1542
1627
1813
1784
2191
2336
508
2460
2245
4958
2721
4973
456
396
454
454
139
336
247
445
247
462
140
215
386
456
142
264
396
459
139
142
446
142
209
249
655
460
445
517
535
458
525
532
392
363
214
793
793
646
713
713
646
713
706
793
793
793
646
4802
793
793
838
712
793
4814
786
4829
4794
786
976
4811
4811
1048
1048
1048
1035
4951
1035
1227
1359
562
1223
904
1213
1026
888
1129
966
1441
1409
646
646
713
713
713
793
646
4802
4802
646
691
4802
4802
648
648
648
648
713
690
649
539
143
793
793
849
688
647
4795
786
574
799
712
706
689
732
688
684
684
739
739
688
575
786
4814
786
4805
4794
4795
976
1033
757
915
562
284
525
532
1003
670
678
713
713
4802
793
793
582
646
713
713
651
648
582
713
4814
786
786
4795
688
838
4814
684
4814
4794
574
656
356
392
700
648
648
648
646
713
648
717
4802
713
690
648
713
646
688
838
685
574
529
4814
688
630
838
972
4794
4794
4795
4810
669
648
648
648
648
713
713
759
4802
690
691
649
649
649
648
690
4821
574
648
648
651
655
200
573
539
206
144
606
804
4832
204
202
648
536
670
700
539
976
385
700
648
797
725
760
4795
648
648
4802
649
648
649
691
690
690
691
690
691
649
656
962
963
1277
1365
760
648
4805
976
4810
392
386
630
601
690
690
655
735
649
691
649
656
919
655
649
649
684
713
4802
602
649
630
906
1186
1260
724
639
656
670
780
772
648
649
4817
690
691
759
745
450
659
4817
626
751
1048
655
4802
618
680
592
632
551
4810
690
751
763
532
1294
584
684
745
798
735
645
797
688
4796
758
649
759
618
739
552
639
797
467
736
1469
774
728
802
467
692
1161
1488
758
697
682
751
776
726
639
1006
595
1048
691
649
690
4802
690
734
1000
1006
965
4948
840
724
724
709
647
690
1153
606
804
804
804
1241
839
392
723
815
839
1294
817
1426
1004
1568
1568
1216
1537
985
985
1590
1824
1824
1853
2038
2014
1824
824
824
1609
824
824
824
690
690
1000
637
586
1227
1227
1227
586
690
814
1441
1586
887
1213
966
1099
1526
907
566
1632
1525
1701
1563
1664
1676
1504
1270
1012
1310
1311
1473
1450
1450
873
873
1758
1183
1894
2130
2130
2230
2131
2396
2396
2131
2396
892
1008
1679
566
1438
564
1407
1361
905
1465
892
1560
1441
1632
1586
1526
887
898
1320
888
887
856
1287
1637
1407
892
1738
1586
1099
1407
1188
1042
1020
4832
907
1738
895
923
1459
858
1053
925
866
934
934
1172
1758
1758
1555
1312
1312
1708
873
873
1861
1752
1786
1658
1439
1304
1170
1480
561
1225
1054
1219
800
1525
1200
955
1740
1782
1701
1701
1701
1701
1563
862
1782
659
202
1586
572
976
1058
1654
1586
564
1054
709
645
714
745
734
797
745
734
4802
691
4802
4802
646
646
734
1200
921
670
605
781
781
1320
859
1409
856
990
700
763
752
714
789
1200
954
1632
1409
566
670
603
729
892
1505
1637
1409
1480
856
1207
562
1194
1298
752
1099
201
1025
1213
1176
1176
4951
734
745
4802
647
709
714
789
714
714
789
861
753
751
906
1167
1104
1738
925
1287
1298
797
1052
926
1237
1091
1237
1053
1200
882
972
898
1207
965
1117
1525
1168
1211
1181
1275
1063
1154
1137
1408
1408
1065
1923
1818
2379
1793
2043
1729
2502
2682
2879
2734
2734
2733
2762
2762
2734
2682
2682
2454
2379
2379
1331
1143
1330
921
1270
1177
863
603
904
1009
1102
1275
764
718
751
1305
1306
1742
1868
1880
940
754
1191
1112
1104
1105
754
1035
4951
1311
863
1664
1664
1504
898
1409
1130
1223
1636
540
1303
943
1457
1331
201
1304
1108
1713
1983
1986
1234
1330
1145
1223
1043
927
945
927
1051
1101
1153
1140
1496
1656
1406
1363
1226
1063
1162
962
1107
1108
1665
1155
1170
1186
1270
1123
990
1286
927
1272
1181
1234
1235
936
1440
992
840
814
1204
1189
1043
1438
1332
1264
1168
892
1170
933
1155
992
562
1587
807
927
1304
1697
1181
1170
1155
945
1214
919
726
1186
1022
671
670
1359
1586
1167
1717
540
927
1143
4840
1536
933
936
933
1022
1141
1239
1645
1718
2475
2917
4155
4269
4317
4352
1249
4461
4454
1298
1227
1163
1145
1145
1769
4951
1105
1051
1658
1268
1536
1008
1675
1008
814
1970
1305
804
804
1239
810
1239
1453
1683
1482
365
1286
1227
1149
1155
1109
363
1475
1241
1202
1203
2253
1052
1235
933
1182
1118
1173
1270
1450
1624
1757
873
592
1783
1103
1268
1697
1987
1143
979
1881
1260
1125
1311
1311
1448
1555
1448
1563
1655
1711
1189
1227
1105
1104
1180
1439
1335
1566
1160
1103
1274
1274
1406
1512
1507
1507
1715
1793
1522
1565
605
1410
1555
1555
1656
1104
971
1022
1218
1104
1036
1022
1104
1227
1057
1194
1227
1357
1432
1361
1227
1431
1110
1495
1433
1400
1434
1373
1659
1571
1542
1542
1542
1617
1400
1104
1104
1104
1146
1207
1438
1444
1448
1444
1450
1555
873
1495
1276
1365
1389
1533
1418
1678
1691
1484
952
802
1434
1651
1377
1404
1926
2835
1713
1227
4951
1304
1736
1310
1756
1497
1552
1414
1720
1476
1585
1371
1104
1105
1104
1039
1039
755
755
755
755
755
1706
817
1361
1676
1522
1542
1799
1770
1663
1849
1817
1817
1667
1051
1409
1560
1130
1476
1448
1555
1428
1701
1676
1497
1555
1563
1563
1563
1563
1453
1434
1676
1675
1479
1335
943
1212
892
1433
1365
1391
1391
1391
1433
1310
1311
1448
1660
1663
1241
882
1585
1497
943
1161
773
4836
4837
1390
1365
963
4840
1365
1365
667
1390
1413
1409
1666
1983
1664
1180
1161
1494
1520
1365
1371
1799
1130
1009
1637
1159
1259
1226
1212
1363
1366
1392
711
1520
1542
1345
1542
1542
1736
1542
1003
1003
1568
1004
1878
876
1841
1790
4836
1494
1505
1637
1365
1365
1433
1365
1274
1736
1644
1458
1734
1675
983
952
1390
1155
1365
1517
503
1345
1542
1542
1542
1542
1542
1569
1599
1659
1684
1542
1548
1551
1791
1664
1563
1563
1664
1563
1563
1701
1701
1739
1556
1740
1460
1813
1526
1363
1654
1563
1563
1563
1450
1701
1701
1841
1869
1154
1008
605
1542
1784
1542
1784
1542
1714
1138
1644
1650
1574
1879
2003
1999
2668
1619
2228
2782
1903
2524
494
495
1548
1894
1454
1340
952
982
1216
771
1815
1542
1542
1542
1571
503
503
1542
1542
1542
1701
1450
1701
1552
1482
1154
778
1216
778
1008
1610
1596
1569
1542
1569
1542
1542
1542
1542
1542
1542
1546
1780
2234
1516
1542
1542
1542
1701
1450
1003
1377
1110
1790
1500
1698
1698
1726
1698
1500
1389
892
1514
1571
1562
1569
1569
1345
1569
1542
1880
1702
1430
1535
1005
1571
1538
1561
1561
1819
1629
2041
2278
1561
1538
1542
1651
1494
1571
1514
1561
1561
1610
1610
1514
503
1345
1376
1684
1586
1798
1645
2190
1294
1296
1674
1545
1450
1701
1598
1563
1563
1664
2288
2334
1666
1268
941
1340
1489
605
1614
1542
1542
1542
1676
1675
1271
1676
1430
1443
1366
1505
1569
1684
1542
1784
1826
1802
1887
1338
1697
1987
1688
1779
1489
1501
1366
802
503
1701
1130
1142
1697
1512
1500
1500
1533
1538
1538
503
1596
1538
604
1701
1560
1798
1482
1004
1518
1608
1789
544
1158
1658
1512
1500
1538
955
1671
1701
1676
1676
2190
2181
2283
1512
1513
862
1661
1435
1402
1872
1372
1675
1719
1282
1806
1743
477
1340
1512
1507
1698
1729
1728
1850
1850
1976
2042
1512
1216
1556
2198
1984
1065
1158
1500
1538
604
1782
1556
1740
1701
1701
1924
1426
1542
1826
1771
1316
1003
1542
1502
1786
1512
1513
1556
1003
1684
1752
1752
1568
1556
938
1928
1701
1446
1848
873
873
873
1426
1519
1747
1747
1607
1703
1870
1697
1574
1631
727
1556
1556
1768
1556
1701
956
2179
2224
2335
2131
2131
2132
2131
2230
941
1784
1316
1786
1640
1700
1767
1782
940
1854
1784
1801
1338
1268
1596
2292
2147
2407
2407
1617
1792
1778
1726
1896
1072
2393
2299
1513
1513
874
1312
2190
2180
4962
2301
2180
1653
1402
1403
1843
1626
1626
1404
2314
3248
1404
877
2198
1502
1698
1546
1482
1657
1314
774
1698
1698
1628
1500
1546
771
1568
984
604
1685
1686
1443
1698
1726
1726
1845
1726
1698
1871
1727
1727
2299
2151
2274
2229
1927
1927
1727
1727
1561
1336
727
1484
1568
1788
1842
1788
1924
1550
1268
1749
1507
1779
1739
1558
1542
1872
2042
783
1694
1755
1757
1314
1804
1392
1418
1418
1547
1699
1900
1647
1706
1726
1726
1628
728
1740
2188
2334
1682
2199
1888
1617
1617
1506
2151
1896
2237
2151
1561
749
1415
1845
1924
1971
4959
4964
4964
1343
1888
1888
1896
1797
1745
1669
775
1689
1342
1737
1895
1850
1726
1871
1987
1820
1612
1890
1796
2524
1888
1872
1403
1814
1677
2042
1797
1828
2562
2562
2758
2773
2538
2575
2575
2592
3017
2954
2581
2850
2298
2672
1561
1484
2334
1618
1687
1844
1996
2334
1612
1728
1786
1609
1609
1609
1867
1867
824
824
824
824
824
824
824
824
824
1609
1609
824
1609
1867
1609
1609
824
824
824
824
824
824
824
1609
824
2181
4959
2182
1524
1797
1730
1731
1731
1895
1896
1896
1729
824
1609
1609
1867
1609
2335
2407
4959
1806
1752
1609
1609
1609
824
1609
1403
2255
1766
1393
1893
769
775
775
1888
1861
1609
824
824
1867
1609
824
984
1608
1608
1641
1595
1694
1867
1609
1867
1867
824
1609
1417
1827
1726
1871
1629
1976
1728
2372
1575
2151
984
1590
1537
824
824
1609
1609
1670
1609
1824
1922
1871
1896
1793
1851
2193
2193
2200
1950
1950
1950
1950
824
1867
824
824
824
1867
824
2193
2193
824
1932
824
824
824
2193
2200
2200
2054
1955
1955
824
824
824
2193
824
1955
824
1950
1950
1950
1932
1950
1932
1950
1950
824
984
824
824
1590
1518
1824
1853
824
824
824
824
2193
824
2193
2193
2193
2722
1648
1828
1851
1851
2193
2193
2193
2193
824
824
2193
2193
1950
1950
1950
1950
1950
1950
1950
1950
1955
824
824
824
2165
1301
1068
1301
4953
824
1867
824
1484
1867
824
1609
1609
1824
1853
1608
2188
2790
1415
1950
1728
1728
1729
1950
824
824
1608
824
1824
824
1816
2419
2151
1730
1851
1867
1609
1609
770
1867
1670
985
985
985
1609
824
824
2147
1067
1067
2230
1067
2131
1817
1723
1743
1899
2200
1609
1608
1824
2040
2322
2016
2193
1778
1609
1609
1824
818
1744
2755
2193
2193
2193
2193
2193
2193
2193
2193
2217
2193
2193
2193
2193
2193
2193
2193
2193
2193
1950
1950
2151
1875
1895
985
985
985
1609
1776
4959
1722
2193
1730
1850
1688
1950
2193
2193
1908
2026
1795
1850
1855
985
1932
1932
818
2619
879
1812
1879
2193
2193
2193
2193
2193
2299
985
985
1972
2193
1851
1851
1851
2173
824
824
824
824
824
1871
985
1537
1609
824
1851
1866
1592
1867
1592
2299
1923
2147
2274
2274
2274
2299
2253
1815
1824
2407
2396
2230
4864
1851
1729
1897
1072
985
2193
2193
1693
2252
2299
1776
2227
2193
2286
824
1851
1344
768
2305
1897
824
4982
2460
1669
1087
1087
2043
1793
2379
1932
824
824
824
824
2193
2193
2193
2193
2237
768
2186
1950
1824
1377
508
2429
2193
1766
500
2523
2523
2338
2523
1087
2043
2395
2186
2014
2028
2192
497
1919
2299
2229
2279
1668
1932
1932
1950
1932
1950
1932
1932
1932
1853
1932
824
824
1404
2754
2653
1810
2270
1815
1815
1866
1867
1867
1851
824
1906
1950
1950
1950
1950
1892
1892
769
1824
824
1626
2754
2754
2634
2419
2469
2193
2193
2193
2193
2029
985
1824
1902
2456
1079
2396
2395
4953
2455
1301
1824
2223
1766
1950
2304
1510
770
1835
1818
824
824
1932
2193
2200
2270
1851
1851
1910
1950
1950
2395
2379
1301
1950
824
2148
1851
1851
1851
2193
2193
2193
1922
1067
1067
1907
2193
2217
2193
2193
2217
2672
770
2454
1824
824
2038
824
1809
2323
2200
1851
1950
2305
2674
2687
2762
2748
4953
2680
2687
2689
2395
1068
1824
1823
2359
2619
2807
2463
3078
1998
2270
2758
1950
824
1437
2294
479
2669
479
2476
482
2475
1807
1906
2193
1795
1625
1856
2193
2193
1851
1398
1592
2038
1437
3077
3640
2193
1827
2338
1690
2687
1079
2689
2762
2762
2846
2962
3365
4084
2685
2679
1824
1867
2754
2754
2419
2193
1394
2393
1866
1867
1823
1747
1747
1932
2193
2327
496
495
2402
1853
2038
1824
2038
2038
2015
2722
1576
1910
2709
824
824
2496
1082
2957
1082
1082
3237
2568
3894
3914
4066
3628
2515
2523
1284
2193
2217
2337
2393
3051
2950
3105
3083
3083
2977
3083
2957
2816
1082
1081
2879
1398
1837
2223
1747
1718
2193
2515
1393
2614
3649
3795
3594
3594
3922
3922
3594
3594
3495
3495
3642
3495
824
2193
1858
2326
3467
1901
1824
2828
2996
2889
2889
2631
3903
2625
2995
2627
2888
3288
3176
2827
2382
2489
3688
3284
3594
3837
3594
3594
478
2420
2475
2193
2193
2193
2193
2200
2773
2575
2523
1437
2314
2722
2656
2658
4048
2822
3239
2818
4857
2025
2148
2193
1857
1085
2860
2764
2718
2860
2860
2695
2681
2762
2762
2685
2860
2889
2629
2629
2860
2680
2860
2628
2686
2911
2696
3025
2988
3032
3275
3638
3638
3302
1405
484
3235
2706
2193
1851
2779
2339
2687
2685
2763
2679
2860
2889
824
2686
2193
2709
2581
2582
2730
2583
2584
2792
2331
2522
1079
2682
2680
2826
2630
3363
3902
2913
3727
3329
3137
3137
3137
3461
3911
3364
3448
3579
2693
2679
1950
1853
2860
1932
2704
2314
2633
2381
2200
2054
2685
2689
2734
2762
2629
2691
2686
2686
2686
2686
484
3693
1851
1074
2523
2782
1851
1835
2762
2733
2173
1620
2523
2734
2826
1932
1950
2686
1811
2234
1074
2730
2730
2730
2593
2791
2734
1851
1835
1950
2038
824
3176
2193
2494
2747
1932
824
2200
2779
1398
2811
4136
2820
4121
2858
2506
2992
3479
2826
2633
2429
2584
2667
2581
1592
2695
2038
2927
2383
1692
2363
2017
1852
1397
494
2725
1950
2762
1950
1950
1950
2891
2193
2024
824
824
2289
1085
1851
1839
2980
3427
4045
2886
2889
2702
2290
2727
1950
1867
824
824
1932
2200
2193
2193
2193
494
1867
1867
824
2733
2681
1824
824
1874
1835
1853
2628
2861
3174
2993
2828
2635
2891
2710
2817
3502
1591
3046
3131
3294
824
2200
1955
1999
2291
1950
1950
1747
1823
1866
824
824
2993
3354
3901
3588
3588
1284
1723
2193
2193
1851
1592
2986
1950
824
1759
1925
2163
2928
2655
3821
3720
2193
1950
1866
1823
1867
2193
2734
824
1835
507
2339
3112
3266
2726
2942
2879
2818
2682
3265
2818
2878
2734
2818
2857
1591
3279
3394
1867
1823
824
824
824
824
824
3482
1583
3730
3730
2821
2661
2974
3468
2879
1867
2182
366
2642
2584
494
3066
1853
2911
2989
2886
3892
2861
3175
3283
2634
2193
2710
2949
3023
2696
824
824
2193
2492
2533
2595
2595
3842
3842
3794
3842
3842
3577
3478
2193
4857
1950
1950
2734
1397
1950
824
3246
3275
3279
3276
2697
1932
3247
3032
3036
3036
3069
3398
3037
3070
3348
3466
3624
3041
4093
3042
4086
3337
2988
1577
2730
2667
2730
1075
3113
2734
824
824
824
824
824
824
824
824
3227
824
1592
1932
3160
3036
3398
3398
3069
4170
4224
4174
3734
4177
4077
3715
3898
3339
4193
3078
1955
1084
1082
1082
3083
3324
3081
2570
3487
3894
3914
2933
3427
4055
824
824
2193
824
1932
1724
2942
1082
1920
824
3279
2246
2575
3265
3239
3239
2193
3265
824
824
1950
824
3231
1759
1759
3134
3186
3672
3160
3032
3304
3413
3413
3413
3455
3138
2740
2740
3819
4129
3738
2740
2739
2739
2739
3455
3139
3455
3455
3398
3413
3304
2161
2193
3435
2563
3113
2193
2193
824
824
824
1921
3701
3425
1724
3239
824
824
824
824
824
824
2696
2768
3017
3113
3017
3105
3193
3308
3440
3197
2193
2921
2193
824
824
1921
3208
2919
2857
1955
1955
824
824
824
3275
3345
3637
3219
3806
3739
4103
3148
3150
3870
4093
3340
4091
3275
3036
3228
3346
3036
3398
3228
3229
3464
3614
1396
2857
2503
2729
3310
1955
824
824
824
3275
3160
2829
2318
1955
824
824
1955
824
1955
824
824
3481
1921
2912
2958
3635
3164
1593
1591
824
824
1921
3346
3345
3346
3036
3345
3229
2161
3235
3416
3249
2561
3209
3311
1955
824
824
1591
3294
3032
3455
3455
3036
2853
1955
3386
3038
3346
484
2376
2541
3164
3276
2887
2554
2635
2728
3207
3345
3719
4912
2881
3115
3239
2377
3302
3328
3672
3192
3309
2030
821
3302
4011
4173
4179
3222
4093
4092
4165
4026
4142
3339
3386
3303
3070
3369
3395
3350
3576
3377
3223
366
3320
2290
2746
3324
3193
3237
489
3331
3302
3638
3806
3731
1853
3419
3348
3039
3350
3434
3414
3398
3455
3398
3434
3372
3319
2979
2728
2030
3303
3176
3221
3277
3277
3398
2781
3114
3417
3638
3225
3225
3708
3414
2624
2463
2568
3308
3626
3408
2001
1925
3160
2624
3330
1594
821
3338
3038
3247
3943
2558
2462
4052
3447
3024
3318
3415
3431
3398
3433
2891
3216
3871
3637
3637
3220
3419
3397
3398
2994
2881
3638
3637
3473
2490
3237
3894
2977
3045
2933
2836
3914
4076
3304
3398
3506
3476
2531
2614
2662
3894
4179
3797
4912
2553
3356
3307
3914
3414
3449
3827
3239
3308
3487
3390
3618
1759
2172
3603
3494
2476
3494
3594
2477
2475
2643
2644
3335
2948
3318
3505
3506
3585
3655
3536
4100
3865
4137
4183
3775
4226
3965
3512
3512
4226
3965
3965
3965
3554
3589
3597
3589
3314
3546
3907
3841
3613
3671
3623
3621
4190
3767
3967
4886
3729
3729
3779
3780
3879
3674
3589
3684
3521
3645
3681
4883
4890
4893
4233
4030
4113
4873
3841
2836
3478
2837
3637
3637
3637
820
3505
3586
3521
3587
3585
3727
3840
3697
3340
3590
3797
3837
3645
3671
3597
4123
2475
3626
3619
483
3455
3413
3455
3455
2739
2739
3455
3455
3413
3139
3413
3613
3534
3665
3599
3219
3220
3471
2998
3535
3645
3340
3399
3486
2377
3486
3743
3429
3455
3828
3869
3779
2962
2825
4011
3743
3221
3584
3354
2635
4092
4091
4141
3879
3534
3828
3780
3827
2594
3236
3390
3687
3595
3838
3839
3838
4123
3413
3413
3421
3138
3665
3658
2915
2742
3741
3739
3588
3727
3671
3668
3632
3645
3901
2559
3709
3399
3351
2471
3446
3637
2548
3667
3596
3137
3449
3095
1578
2894
3688
3688
4179
3504
3413
3455
3593
3551
3552
4050
4144
2594
3579
3806
3649
3629
3455
3652
3320
4162
3352
3675
2744
2638
3344
3537
3987
2739
3665
3891
3552
3806
2594
2088
3796
3820
3826
3702
4084
3806
3459
3734
4132
3138
3139
3138
3658
3421
3461
2740
3735
3738
4067
2739
3658
3658
3660
3737
4103
3739
4107
3744
3746
2661
4091
3729
3729
4113
3778
4283
4188
3509
4163
4233
4171
4233
4137
3774
4099
3763
3543
3681
3777
3656
3342
3828
3683
3867
3342
3782
3778
4014
4136
2974
3649
3723
3689
3723
3686
3629
3835
4077
4177
486
4051
2558
3353
3869
3552
3743
3148
2615
3649
3723
2596
3889
2596
4087
3834
3536
487
3138
2739
2739
2741
3642
3642
3494
2473
3068
2739
2739
3780
3780
4136
2836
4070
3842
2615
3686
487
3686
4123
4123
3655
3139
3613
3402
3270
369
4129
3842
3636
3842
2615
3794
3794
3794
2596
2596
3842
3008
3008
3008
3846
3830
3842
3573
3898
3733
3733
3339
4123
2913
3869
3449
3702
3794
2657
3353
1973
4072
2471
3880
4024
3220
3321
2595
3307
3262
2596
369
3801
4053
3742
3842
3577
3339
3349
3138
3142
3373
3141
3461
4059
4125
3609
3150
3784
3741
3740
3731
2742
3617
4895
3636
3759
4190
4029
3704
3688
3795
3889
3594
3594
2639
3594
2639
3922
3922
3922
2598
4012
3924
4243
1248
4307
4211
3889
3922
4212
3688
3665
3644
3219
4016
4881
4008
4041
3761
3761
3986
4283
3772
3772
4237
3774
4183
4183
4183
3774
4283
3986
3954
4323
4006
4330
3983
3979
3773
3773
4237
4237
3762
4283
4233
4233
3577
3989
3596
3141
2740
2740
3552
4053
3952
4008
4325
4006
4006
3775
4183
3968
3967
3457
3544
3149
2740
3138
2477
2744
3913
3511
4074
4069
4322
4069
3945
3970
3448
4102
3911
4077
4026
3699
3111
3880
3613
3949
4015
4015
4326
3945
4900
4034
4222
4226
4910
4022
4175
3616
3410
4173
3889
3665
2658
4218
3342
4060
4139
2975
3588
3740
3594
2739
3970
4114
3711
3681
3655
3658
3695
4112
3886
369
3353
3495
3775
371
4139
3733
4186
2477
3784
4113
4084
3992
4179
4179
4177
3726
3666
3868
4092
4174
4167
3886
3015
3577
4067
4067
3735
3737
4067
3776
3777
3222
3074
2738
3658
3658
3147
3594
3594
3642
3642
3495
4071
3495
3495
3495
4060
4879
3511
4022
3971
4288
3893
3011
4173
3741
2660
4177
4123
3594
4125
3514
4103
4102
3735
3660
3738
3747
4178
3042
4113
2824
4135
4103
3873
3900
3899
3899
3735
3738
3134
3041
2625
3839
2472
3778
3656
3778
4136
3700
4172
3495
3677
2917
3870
4084
3262
4026
3495
2473
4151
3781
3507
4131
3342
4060
4226
4107
3904
4051
4165
3607
3946
3150
3509
4131
4156
3782
3964
4231
4910
4074
4068
4086
4142
4219
4171
4210
4147
3262
3147
4093
3262
3011
4291
2596
2596
3889
3013
4921
4261
4262
3934
4305
4409
4455
4203
4129
4219
3876
3656
4183
3011
2824
3150
3942
4219
3980
3517
4156
4231
3775
3774
3717
3773
3763
4188
4118
4069
4006
4006
3678
3512
4188
3764
3642
2639
4249
2601
3594
3594
3922
3594
4058
3642
3864
4921
4294
4312
4312
4312
1247
2639
3496
3833
3495
4027
4295
4187
3775
3883
4289
3594
3775
3965
3011
4140
3774
4006
4006
4006
4006
3983
4153
4237
4921
4259
4289
3772
4188
4237
4294
4276
4276
3499
4332
4359
3876
3830
4921
4275
4311
4261
3497
4074
4233
4294
4317
4006
3774
4299
4299
4099
4223
4237
3979
3774
3774
4237
4299
3767
4188
4189
4347
3983
3983
4237
4188
4270
4311
3878
4921
4266
4341
1247
4317
4313
4317
4317
4312
4341
4276
4311
1248
1247
4354
4397
4317
4357
4347
4256
4296
4302
4419
4404
4403
4457
4468
4362
4425
4425
4468
4468
4366
4424
4614
4555
4758
4730
4742
4742
4618
4575
4625
4607
4601
4583
4433
4433
4433
4582
4354
4355
4404
4516
4516
4410
4518
4311
4418
1247
4352
4404
4302
4256
1250
4392
4356
4400
4296
4317
4256
1247
4291
4307
4262
4518
4410
4352
4256
4355
1250
1250
4468
4366
4552
4424
4753
4752
4751
4583
4758
4623
4583
4622
4624
4750
4582
4542
4542
4366
4468
4366
4549
4420
4254
4758
4400
4356
1250
4352
4455
4404
4197
4353
4407
4302
4455
4403
4406
4468
4256
4403
4344
4623
4433
4433
4742
4770
4521
4940
4938
4506
4559
4530
4506
4433
4623
4582
4934
4575
4582
4623
4254
4582
4623
4665
4623
4583
4255
4406
4759
4433
4407
4407
4518
4356
4623
4433
4582
4624
3935
4344
4407
4344
4433
4408
4433
4625
4360
4468
4433
4305
4575
4440
4653
4582
4638
4673
4623
4634
4623
4404
4582
4559
4747
4742
4444
4255
4422
4422
4457
4516
4409
4463
4425
4468
4405
4407
4433
4730
4439
4938
4583
4623
4938
4482
4638
4254
4468
3935
4618
4425
4375
4583
4727
4634
4468
4460
4424
3934
4366
4468
4516
4415
4634
4634
4733
4614
4451
4555
4459
4552
4461
4751
4468
4758
4403
4619
4742
4742
4661
4542
4458
4460
4674
4752
4752
4673
4363
4366
4374
4758
4751
4634
4435
4432
4432
4425
4424
4455
4456
4526
4465
4742
4510
4365
4364
4733
4365
4366
4606
4757
4495
4461
4625
4665
4625
4758
4758
4758
4758
4583
4758
4722
4563
4938
4563
4538
4506
4463
4938
4364
4371
4733
4755
4584
4536
4673
4750
4614
4549
4614
4451
4614
4539
4438
4730
4622
4730
4758
4730
4730
4375
4758
4614
4614
4730
4730
4758
4542
4559
4425
4425
4422
4539
4425
4427
4451
4497
4538
4722
4758
4758
4758
4597
4581
4520
4565
4581
4361
4522
4584
4758
4420
4559
4938
4935
4595
4727
4370
4742
4579
4581
4622
4614
4614
4750
4417
4742
4614
4409
4361
4742
4673
4601
4618
4424
4455
4646
4727
4541
4456
4620
4527
4750
4646
4614
4614
4549
4614
4758
4758
4614
4938
4758
4675
4755
4730
4581
4714
4758
4451
4730
4597
4604
4597
4581
4749
4597
4598
93
96
60
190
60
155
60
59
380
96
422
96
290
290
45
1022
1022
993
690
691
4802
4802
4802
4802
1048
648
690
648
745
649
691
977
1048
1039
4802
586
755
648
4951
691
648
647
712
647
785
646
1048
1022
4794
976
976
1104
976
4811
584
4810
1022
1022
1035
708
691
691
4805
759
793
793
4814
1035
690
691
4810
971
993
1104
4794
993
755
646
713
755
691
575
4814
4814
1035
1048
690
804
747
676
804
810
963
1365
1277
4834
1390
962
648
1568
1950
1950
1950
1950
1950
1950
1950
1950
2619
2685
2734
2734
2719
4978
2734
2762
4959
2685
2674
2721
824
2223
824
4226
3513
4147
4898
3956
4006
4029
3633
4030
4187
4283
4187
4157
4008
3953
4113
3762
4008
4082
4299
4248
3889
3889
3922
3922
3889
3794
2596
2596
4012
2597
2596
3008
3842
3833
3889
3794
3008
4334
4742
4455
4366
4707
4634
4542
4553
4465
4624
4673
4495
4538
4805
972
754
754
973
1022
973
973
4957
4953
2679
1301
2679
2689
4961
2396
4953
2395
4975
2396
2679
4982
4961
4975
2718
2764
2679
4953
4957
4953
2679
4961
2679
4953
2679
2396
2396
4957
4953
2789
2764
2679
4953
4975
2679
4953
2396
2679
1698
824
2397
2397
2396
