4504
4624
4957
4701
4957
4442
4303
4394
4478
4459
4747
4777
4523
463
463
4629
4629
4670
4481
4514
4514
355
4482
4482
4418
4624
4502
4573
4624
4435
4421
4485
4502
4624
4419
4482
357
357
4626
69
4652
355
4624
4586
4436
4624
4624
4799
4421
4652
69
4624
4502
4799
4673
4629
4603
4460
4460
4460
4460
4458
4651
4417
4675
4417
4624
4624
4502
4502
4418
4482
438
438
171
171
171
437
4513
4951
4482
4482
4624
4624
4652
4638
4419
4626
4957
4502
4624
4652
4959
4624
4652
4624
4643
4624
4624
4652
357
4652
4483
4638
4442
4512
4481
4415
4415
4415
4415
4624
4959
4436
112
409
4482
69
4573
4799
4959
4652
4436
4652
425
4951
4624
4624
127
4573
112
280
73
112
260
4673
4502
4670
4624
4573
4502
4652
4652
4624
4482
415
112
4573
4624
4504
4704
4799
4731
4556
454
452
211
209
4460
4601
4601
4624
4624
4502
4624
4624
4415
4603
350
112
4624
4675
4624
4624
4651
4629
4435
4624
4624
280
4624
69
4652
75
350
357
415
350
357
357
4482
4482
425
4418
415
357
77
127
77
415
4957
4673
4624
4629
4673
4651
4435
4624
112
75
4629
4481
4603
4559
4731
4601
4460
4460
4460
4460
4460
4383
4460
4312
4312
662
974
1422
974
1404
1404
1421
1404
210
211
663
532
532
4799
4762
4673
4359
4417
4799
4601
4460
4460
4502
4502
4624
4624
75
4652
4777
4484
4460
4603
4601
4673
280
4777
4731
4601
4652
4418
4652
4624
4484
4624
238
4652
284
4673
404
4721
4777
4559
4459
425
4624
4675
4505
4721
4601
454
461
4601
31
415
4624
4652
4601
4777
425
4729
4701
4638
4485
4652
4652
4670
4483
4512
4502
4504
4799
4586
425
425
22
409
4481
4467
350
4460
4814
4577
4624
4777
425
4482
4603
4673
4559
4523
4601
4673
4721
425
425
4652
4624
4502
425
4652
357
4460
4467
4467
4344
4523
4415
4460
4312
4460
4652
4523
4478
4957
4762
4652
127
112
425
75
4624
4419
4418
4652
4626
4418
4482
4485
4482
4638
4419
4670
4418
4951
4514
4638
4482
4512
4502
4626
4673
4481
4601
4629
4472
4484
4504
434
4780
4459
4951
4480
4523
4467
4458
4777
4651
4481
4514
4514
4482
4523
4957
4603
4601
4411
4312
4799
4514
4514
434
4514
4460
4951
4459
4460
4459
4704
73
4799
4674
532
663
804
210
1301
1301
1458
2005
369
1306
1306
2804
2787
2583
3068
2954
749
1921
1798
2002
812
4512
4394
4481
4481
4721
37
69
4460
4460
513
513
513
210
210
210
532
663
4302
4312
4303
4467
4344
4408
438
4514
4951
4418
4951
4418
4478
4556
4601
120
280
73
4460
438
4481
14
4482
425
4460
4460
4460
82
280
4597
4514
4514
4514
402
425
4419
4418
454
171
22
415
4409
438
4951
425
4482
4419
280
4419
4418
4419
357
4460
513
4514
4460
532
760
760
4460
461
4383
4460
4460
4312
4312
4312
461
4523
4460
4460
4459
532
4460
4460
4460
532
662
1549
1423
1549
1423
1528
1697
1423
1670
1450
1421
1450
1530
1511
1790
2036
1435
1435
2731
2969
2910
3549
3273
2989
480
2779
3132
2808
2441
485
2295
1377
1786
1705
1764
1464
1759
1747
2016
2294
1882
2108
1882
1685
2007
2009
4886
2371
4415
659
4523
4312
4312
4460
4312
211
4460
441
4523
4312
454
662
663
974
4858
211
513
659
4312
4523
4312
4312
659
209
210
452
4312
760
659
532
4312
441
463
657
513
210
1301
210
1467
663
4828
4828
645
4828
645
645
645
645
645
570
583
583
4828
583
726
645
4828
570
570
570
570
583
4828
583
4840
583
655
655
583
655
655
571
571
571
4834
4834
4834
4834
584
4968
4857
4966
699
593
721
1043
1135
1135
4828
570
570
4828
4828
645
645
4828
4828
4828
645
726
726
726
726
726
726
726
645
645
645
645
645
645
645
4312
4312
4383
662
645
4828
4828
4840
726
726
4840
4840
726
4840
726
570
570
4828
4828
4828
726
4828
583
4828
570
570
570
570
583
570
583
583
583
583
583
544
655
673
659
663
211
210
210
1301
4866
210
4866
4828
4828
645
570
4828
4828
211
4828
645
4828
659
662
645
452
645
583
570
583
583
655
570
4828
4828
583
583
583
1507
1507
1528
1423
663
1301
804
645
645
645
645
645
645
4828
645
4828
645
4828
645
645
645
645
4828
4828
4828
583
583
583
583
4828
583
583
583
583
655
583
655
645
645
645
645
645
645
645
726
645
651
651
645
645
645
645
645
659
583
4840
645
645
645
463
464
583
659
974
1423
210
211
1421
1421
1421
1450
1450
645
210
210
210
1301
4840
644
211
4858
4828
4828
208
209
4840
645
645
645
645
645
645
645
645
726
645
645
651
1524
1528
1528
1423
1670
1575
1450
211
645
583
583
583
583
924
211
1301
583
645
645
645
463
4828
645
645
645
464
1549
1507
1423
1423
1423
645
645
645
645
645
645
210
645
645
726
685
590
638
210
689
989
989
663
645
645
645
645
645
645
962
692
974
1423
4828
4828
645
544
1524
645
645
924
210
583
583
571
645
4828
211
804
544
645
645
726
726
726
726
726
726
655
464
575
651
1423
708
974
4828
571
655
645
1528
1528
1528
1528
1507
1507
1423
1423
1507
1937
1552
767
1524
1524
1549
1754
1754
1552
443
707
707
583
765
1257
1031
766
544
571
651
726
726
726
726
726
4828
548
4834
547
698
583
645
645
726
962
1524
1421
1301
1301
1403
547
596
590
596
1405
805
1313
723
802
775
1755
768
2018
2378
2635
2646
2431
1668
2062
2062
2334
2296
2334
2382
2407
2334
726
726
750
4850
596
655
571
548
4834
726
571
856
1230
763
763
721
807
590
833
563
586
833
906
1171
556
893
894
560
1307
1231
1784
1889
2293
1395
1170
1286
673
699
744
762
4857
645
1395
1411
1136
1352
895
810
856
810
546
1229
1352
642
721
833
839
1036
673
833
856
1395
763
842
585
543
1423
1423
1423
1404
891
563
958
978
1646
890
908
908
903
980
1513
1544
1122
1604
1841
1061
1008
963
902
593
596
4832
571
464
1549
895
1020
1258
1171
1439
1392
1404
1423
1423
1450
1299
655
4834
4834
4834
1214
810
596
571
726
726
726
726
726
726
726
726
726
726
726
726
726
726
765
908
905
925
805
465
1522
924
750
744
1229
793
807
726
726
726
726
565
568
668
1043
737
210
628
4864
726
1395
1455
744
1214
707
4966
1229
585
596
726
4857
1528
1528
1042
467
976
976
571
726
726
726
726
726
726
686
726
726
726
905
726
726
726
787
787
787
919
919
1389
726
847
979
1061
900
917
907
1395
726
4967
4967
726
902
1222
1204
1052
1053
956
1501
1499
1974
1887
2536
2536
1871
2537
2259
2380
1074
1077
1320
1103
2603
3052
3053
1100
2962
2776
2738
2981
2981
3052
2738
2775
1076
1076
2380
1053
1156
1177
1225
1135
562
4866
961
908
1174
1175
726
726
726
1053
1000
1189
1115
1122
794
4838
4834
4834
4834
4834
849
1023
707
1135
1135
1245
4967
1213
1007
1311
978
1174
1159
1507
1054
1175
1189
1287
1559
1044
1229
4967
1135
1457
918
918
1223
765
1366
1205
1316
1545
1647
1111
955
1051
1366
1507
1423
926
1473
1161
1235
903
932
1233
596
954
854
911
864
1215
745
787
755
4832
1037
1065
584
976
1291
917
901
1062
787
4968
865
1389
1054
1177
927
726
1187
847
954
1507
1423
772
4866
755
959
976
1414
745
1128
1301
1500
1569
1528
1549
1549
1528
1058
852
787
1162
1627
1975
1270
2005
1921
367
212
286
408
338
61
408
584
1473
1229
848
976
4834
4832
1527
966
1170
1412
1392
4850
1067
1196
1403
1403
1560
1467
1644
1403
1921
4857
548
1111
1227
1403
1493
1405
953
1840
2515
2536
1345
1120
4838
914
4832
628
4834
1367
1992
1369
1819
1502
1239
586
1047
1196
983
4832
888
898
1744
1713
1876
1548
1547
1751
2051
1348
2051
2257
1068
490
1229
980
4834
4834
4834
4834
4834
4834
4834
4834
4832
983
1041
4968
755
548
587
1135
548
1192
1624
1560
1512
1710
1930
1885
1720
1881
787
787
4834
4968
4967
4967
1030
1586
1586
1515
1630
1742
1425
2146
1426
2092
768
1537
1644
1596
1745
1993
1410
2038
1255
4834
1389
4834
1135
893
1407
1676
1930
1595
4834
4834
4834
4834
4834
4834
4834
571
655
1530
1405
1573
1135
1170
1763
1191
4852
1644
1590
1736
1873
1228
1015
1135
1389
1595
1439
559
1512
1627
1411
1691
1475
1659
1656
1665
1215
1560
1450
1515
1450
1540
1453
1022
1594
1594
1403
1441
1512
567
1537
1754
1575
1670
1576
1576
1450
1575
1540
1423
1540
1450
1450
1170
1540
1540
1540
1515
1644
4967
1239
1258
1549
1549
1549
1549
1507
1423
1741
1450
1450
1624
4966
922
1411
1778
1292
1751
1423
1423
1423
1540
1630
1697
1976
1423
1423
1697
1507
1697
1424
1423
1697
690
1741
1787
1779
1763
805
1573
749
541
1181
4967
1252
4853
1549
1507
1549
1423
1423
1540
1395
1411
1450
1450
1450
1586
1453
1554
1594
1475
1151
1392
766
1537
1540
1540
1407
1376
1699
1408
1861
1929
1408
1693
1452
1594
1590
1254
1460
1472
1644
4853
1540
1135
1743
1644
960
1477
1710
1188
1693
1135
1493
1686
1710
1632
2384
3041
1636
3846
3748
3683
2764
2786
2914
2991
2044
1710
912
1455
1705
1755
767
1755
1754
767
2018
1427
488
1765
1708
1706
1232
1644
1313
1524
1526
1537
1895
1701
2093
1765
1706
2055
2540
2342
1703
1573
1923
1135
1883
1705
1994
1994
1891
2013
1696
1136
1980
1861
1765
1411
1182
1292
1522
1687
2167
2545
1799
1594
1375
1877
2030
1877
1592
1590
1745
1135
1468
1066
1628
1423
1474
1591
561
556
1363
1535
950
1988
1906
1549
1553
1553
1754
1861
1408
1658
1288
1289
1595
1631
1754
1591
1745
1657
1711
1679
1465
1685
1882
1498
2035
1571
1544
1697
1507
1507
1507
1834
1697
2279
1426
1890
1507
1549
1688
4853
1674
1371
1818
1741
1939
1573
1411
1411
1313
1313
1179
771
1313
1675
1793
1832
1895
1591
1392
1300
1298
1595
1786
1879
1590
1775
1596
1595
1579
1959
2005
470
1921
2005
1892
1892
1892
1874
1318
1321
1321
2413
1927
1320
1522
1411
1384
1501
1294
1930
1472
1171
1309
1628
1468
1626
1776
1411
1594
1860
1994
1378
1452
368
1736
1608
766
1399
561
1399
1795
2019
1682
1306
1795
2019
1511
1632
1878
1472
1362
1164
1531
1531
1622
1784
1770
1906
1593
951
1835
1696
2093
2362
2333
1171
1252
1577
1840
1701
1645
1617
1510
1451
2297
2514
1892
1832
1874
2168
2491
2478
1377
1202
1344
1438
1685
1402
1959
1791
1911
1791
1434
1434
2321
1436
1434
1180
1975
1994
1994
1879
1628
1921
2515
2515
1874
1994
1377
2138
1522
767
1733
767
775
1307
1613
1385
1454
1994
1874
1874
2039
1891
1377
2095
1996
1891
1899
1897
2099
1152
767
766
1208
1129
1833
1295
1875
1755
1611
1712
1833
1929
1551
775
1542
1369
1790
1834
2125
1860
2031
1834
2332
2362
2524
2734
1472
1979
1892
1874
2167
1754
767
1362
1737
1626
1874
1944
1746
1978
1978
1874
2168
2109
1628
2050
1892
1202
1466
1492
1253
1920
1910
1920
2107
1071
1071
2295
1737
1756
1399
2050
1927
1927
2613
1075
1891
1891
2138
2467
2033
2766
1469
1965
495
1426
2257
2041
2000
2928
2971
480
2792
481
1874
1755
1363
2543
2330
1849
1122
1300
1071
1926
1964
2592
2592
2403
2507
2507
2633
2407
2407
2407
2407
2407
2195
2407
2407
2403
2403
2347
2347
2347
2506
2431
2522
2661
2772
2521
2521
2521
2403
2521
1344
1789
2090
2475
768
2377
1926
1071
2660
2403
2347
2347
2403
1344
1567
1531
2297
1608
2521
2403
2592
2506
2407
2592
1712
1695
2146
2754
2121
2123
2620
1427
768
2092
1633
1961
2403
2347
2663
1543
2383
2359
2359
775
1494
802
1981
1755
775
2347
2347
2347
2347
2661
2005
1678
2003
1903
1926
2403
1373
775
1962
2303
1970
2407
2592
2407
1952
1970
2418
2543
1803
2257
2379
2379
3060
3261
2649
2232
2252
2180
2247
2189
2509
2238
2241
2927
768
2196
2649
2195
2417
2189
2417
2245
2334
2344
2650
3303
3393
2161
2271
2113
2132
2132
2337
2114
2368
2112
2287
2246
2247
2247
2188
2084
2064
2068
2188
2256
2247
2245
1648
2048
2417
1795
994
1668
822
822
2301
2301
2301
2337
2299
2301
2301
2326
2439
823
1911
2362
2599
3000
2434
2757
2757
3069
2423
2423
2240
2861
2649
3089
4870
2452
2985
2563
2219
2141
2103
2862
2464
1958
1988
1886
1886
1871
2536
2663
2861
768
2403
2417
2592
2592
2360
2360
2062
1584
1827
1959
3038
3298
1071
2377
1320
2959
2723
2178
2360
2417
2360
1921
1253
1965
2172
1958
2820
2507
2456
2507
768
768
2507
2359
2018
2438
2596
1654
2378
1428
2407
2417
2407
1729
1130
1746
1921
1798
2595
2035
2456
1950
1261
1649
1921
2476
1638
2239
2237
2179
2418
2360
2417
1510
1695
1882
2990
2978
2421
3040
3040
3040
2757
2978
3277
2421
3225
2421
2421
3069
3069
3040
3040
2420
3088
4870
2234
3117
1953
2596
2506
1704
1298
1531
1761
2595
2377
2330
2397
1871
1871
2617
1734
3042
2476
1982
3184
1321
2464
1871
1927
1146
2417
2247
2417
2407
1645
1466
1816
1685
1990
2050
3069
2421
2420
2648
2479
2537
2408
1270
3277
3050
3022
3022
2802
2915
819
2308
2308
2308
822
822
2618
2665
2246
2334
782
2419
2709
2623
818
2709
2537
4873
950
2247
2489
2479
2466
2514
2380
1649
2334
1567
1610
2434
2756
2726
1318
2653
2417
1718
3338
2487
2524
1970
2247
1791
2147
482
1469
2756
2449
1320
2613
2334
2107
493
1351
2647
1104
1321
1322
1076
2176
2245
2267
2103
2296
2300
2103
2232
3040
3040
3069
2575
2475
2277
2397
1957
1956
1649
1668
2267
2321
1936
1830
2648
2648
2599
2525
2785
2785
2525
2734
1321
2613
1076
1782
1865
880
1914
2333
2764
2542
2333
2537
2259
1828
2245
2190
2159
2538
2381
2206
2244
2267
2069
2062
2334
2236
2176
1434
2577
2644
2711
1318
1427
1427
2582
2570
2268
2157
2306
2665
2802
2018
2296
1165
3277
3264
2211
2466
1427
2466
2581
2536
815
2296
2577
2577
1435
2577
1919
1685
2973
3069
3069
3092
3277
2756
1865
2599
2775
2775
2259
2260
2536
2259
2380
2536
2536
2412
2267
2236
1633
2504
2754
1427
1428
2576
1871
2536
1886
2236
2296
2334
2229
2757
2757
3022
2802
2033
3035
1427
2380
2380
2244
2267
1470
1913
3022
3022
2433
2221
2750
3062
3233
2635
881
2245
1748
3069
2421
2421
3126
1428
2775
4867
2296
2296
1919
1925
3304
3277
3316
2380
2694
2683
2776
4884
2627
2627
2259
2259
2684
2683
2259
2693
2684
2684
2259
1933
2216
2216
2306
1791
1685
1817
1882
2108
2848
2539
1166
3040
2756
1427
2236
2321
2577
1794
1794
1794
2718
1914
2118
2401
3141
2478
1683
2037
3040
3069
3040
3009
2569
2569
2092
1410
1684
1917
3377
2147
2733
2734
2726
2623
2776
2776
2776
2683
2693
2684
2684
2684
3258
3387
3046
4166
4175
2629
1931
2155
2306
2577
2644
1917
3069
3141
3251
2709
818
2303
2157
1933
1931
2267
2342
2914
2046
1649
1774
815
815
2062
1270
2578
3141
3175
2147
2774
2683
2267
1104
2932
2798
3313
3314
3314
3545
3795
3872
3924
3388
2733
2447
1270
3141
3141
2791
2755
2800
3313
3314
3314
3301
3313
3313
3137
3137
3008
3131
3131
1091
3052
3052
2801
2576
2581
1924
1306
2425
2604
2932
3051
3846
3077
2090
2090
1313
1313
367
2334
3069
2823
3566
3848
2773
2913
815
1910
2007
2008
4885
2106
2884
3048
3049
3016
2882
4992
2938
2938
2742
3259
2967
1910
2565
1916
2957
3749
3082
2645
1270
2090
3141
3141
3063
3063
3069
2664
2044
2737
2471
1915
2372
2519
2704
3844
3373
3136
3132
3131
3132
2800
3776
1914
2423
2879
2880
2915
2317
883
2454
1871
2536
2889
2889
2742
3014
3064
3065
2684
2684
2629
2684
2629
1871
2369
2455
4985
2536
3064
3066
3105
3066
2536
2318
1871
1871
2889
2895
2896
2895
2744
3107
3045
3003
3143
2906
3470
3740
369
2278
2038
3266
2422
3022
2979
3052
2914
2776
2629
2684
2536
2741
2336
2369
4982
2949
2296
4977
2010
3069
2792
2798
2765
2914
3535
2738
3052
2259
3064
3258
3258
3259
2940
3477
3206
3413
4062
2746
4062
3330
3014
2742
2629
2188
2062
822
2455
2296
2908
2722
2644
1915
1912
2424
2254
2629
4884
1097
2738
3066
3066
2319
4981
2334
4888
3249
3547
2808
2914
2915
2623
2582
3064
4884
2982
3022
2434
3516
2033
2962
2738
3066
2267
2159
884
884
2036
2791
2798
2881
3329
2709
2123
2070
831
2186
2103
2296
2006
3040
2931
2726
3105
2296
2296
2127
3300
2603
3090
3011
1095
3757
3756
3387
3843
3073
3100
2745
3003
1931
2565
2881
2928
818
3014
3045
2505
2565
2879
2809
2122
2571
2123
3498
2557
2776
2395
2315
2394
3063
2575
3008
2300
3299
2880
2802
2576
2268
2569
3671
3466
822
4982
2892
1917
3360
3566
2980
2981
2709
2296
2296
2127
2131
2223
2222
3062
2914
2665
2394
2364
2962
2962
3178
3003
2121
2581
2190
2296
2938
3167
2896
2936
2886
471
1991
2914
3569
3665
2155
3389
3567
2301
2084
3180
2586
2757
3056
2289
1306
2134
816
2157
2803
2936
3023
3283
3418
1798
2090
3233
3061
2307
2569
3330
2289
2002
1921
1749
3078
3079
3534
3146
2701
1091
2569
2394
2216
2306
816
2268
2268
3299
1099
2622
2307
2520
3273
2784
2971
3132
3132
1091
3132
3132
2933
2800
1091
3052
3053
3140
3690
2745
2217
2216
816
3179
2300
2300
2299
2131
2113
2908
3180
3361
4050
3756
4108
3013
3155
3697
2933
2268
2427
1921
1915
2750
3273
3107
816
816
2947
3418
2896
2897
2956
1909
2879
3080
2045
3505
3200
2301
2131
2951
3300
2879
3465
2754
3885
3419
2768
3131
3146
2971
2122
2803
822
3522
3567
3650
2939
2394
2296
3204
3422
3441
3536
3473
3210
3509
3486
3459
3517
3863
3492
2486
3683
3137
1102
822
822
822
2326
2326
822
822
822
822
2326
3143
822
822
2157
2576
3143
2947
3397
3416
3443
3509
3493
1244
1134
3508
2947
2233
3467
3137
3131
3131
3301
3314
3222
2796
2796
3845
4090
3372
3696
2434
2337
823
2337
2308
1798
3652
3131
3131
2123
2301
2657
3032
3131
3267
3313
3301
3301
2873
3136
3131
3131
2873
3301
2326
822
2301
3142
369
1921
2002
2888
3206
3475
3208
4238
3772
3209
3207
3168
3299
3569
3783
1099
3330
2299
2301
2128
2101
1306
3048
501
3648
824
2337
2299
2299
2337
2301
2301
2268
2576
2268
816
2903
2730
480
480
3325
3845
2783
2222
3505
2803
2128
2131
2134
2951
3136
3337
2081
2945
2337
2299
2132
2060
3532
3345
4134
4133
3347
3442
3479
3458
3211
3493
1244
3531
3142
2278
3768
2810
3363
3362
1093
3273
2301
2301
2337
2337
2113
2103
2400
2152
3131
2113
2219
2368
822
2161
2067
2337
2299
2337
816
816
2268
2903
3313
3154
2328
2326
2569
2114
2114
2268
2157
3525
3397
2002
1471
2986
2591
3713
3267
3278
3301
2873
2114
2114
2368
3434
3203
3557
2059
3691
3492
2865
3885
3221
3325
2906
3550
2866
3177
2569
3072
2888
3185
3222
3313
3196
2576
3071
2702
3273
2569
2576
2569
2569
4893
3650
3699
3442
4124
4121
3493
4850
983
1251
3528
3525
3416
3517
3474
3416
3396
3455
3435
2964
3074
2811
3696
3221
3325
3421
3421
3740
3471
4086
3759
2157
813
3539
3084
3474
3397
3207
3396
2486
3515
3568
2803
2157
816
2268
3474
2583
3492
1794
3135
2993
3345
3456
3508
3509
3240
1917
3776
2795
3545
3550
3068
2002
2002
2842
2893
3701
2803
2157
3473
3492
3206
3396
500
3075
4266
3301
3314
477
3552
3863
3474
3397
2945
3373
2871
3313
3526
3682
3473
3344
2119
3221
3345
3539
496
3545
4049
3492
3250
3885
3545
3545
3526
3456
3114
2005
3848
2121
3157
3911
3151
3509
3113
497
2811
3793
816
3397
2841
3545
3545
3314
475
2002
1797
3044
2751
2673
2717
2005
2090
1921
3465
3740
3911
2911
1244
1213
732
645
650
727
727
645
651
651
727
727
727
727
727
1041
591
755
3206
4828
645
726
645
4828
4828
726
710
726
645
645
651
651
726
645
645
4828
4828
726
726
726
686
686
794
686
4834
591
573
591
4828
645
645
645
645
726
726
726
726
726
726
726
787
787
726
726
645
645
4828
3885
3748
3068
3470
2906
2906
1829
2904
747
1251
717
3283
1041
1244
1213
3211
3456
3386
4828
4828
731
633
752
3767
3552
3684
3397
3356
4828
4840
3239
2706
3782
3682
3500
3751
645
645
1213
726
2705
2993
3526
3761
4828
645
726
2926
3767
3047
3526
3691
3762
3504
1041
1213
3518
1041
986
4832
726
726
726
686
2847
3752
4090
3547
650
732
727
680
754
3654
3297
4139
3206
645
726
645
4828
3504
1921
668
575
3435
470
2090
3471
3471
645
645
578
3455
3697
3500
3561
3733
3504
2589
1041
572
2999
3689
2836
3950
4063
3156
2911
3207
3509
3509
618
686
4834
3909
3752
1134
645
645
3357
3530
1037
4095
2812
2002
2910
3239
726
4101
3466
3782
3684
3528
3207
3488
3357
3290
4047
3348
3112
3794
726
726
726
726
4828
726
726
726
4840
726
726
726
726
787
726
726
726
726
651
651
726
726
726
726
726
726
651
651
727
645
727
727
726
787
4834
787
4832
647
686
787
794
745
3843
3844
4192
3861
2712
2712
474
591
1134
3167
3477
1921
4892
3486
4855
3526
3563
3563
3443
645
645
3357
3793
2673
2090
3209
3173
686
3781
2121
1427
3861
2911
727
732
3412
726
2745
1855
370
3442
3860
3860
1539
1539
1733
1427
2019
645
645
3684
3477
2844
1213
726
3012
727
3906
1921
1798
1459
470
4838
3047
3420
3096
3861
2804
3863
1797
3098
787
3681
3699
3863
3654
3931
3248
3553
4098
726
726
726
726
2944
2944
2946
3223
645
3322
651
651
726
726
2715
2090
2090
1313
1422
466
659
659
659
360
250
505
696
2719
2987
3211
4133
645
645
645
727
645
645
645
651
726
651
726
726
726
726
726
645
651
651
645
651
726
651
726
651
645
651
727
651
645
651
726
726
645
645
645
645
726
651
726
726
726
726
726
726
726
645
3681
3357
1041
787
645
645
645
645
645
651
651
727
727
645
645
651
645
645
2121
645
3859
2005
4198
645
645
727
727
727
645
645
645
645
4162
4062
1251
1921
2090
686
726
726
726
645
645
645
645
727
645
645
645
645
645
645
727
645
645
645
4063
4047
2704
3207
3171
1038
3435
4175
2944
3297
3312
3458
645
645
645
645
2121
3443
3357
3458
4190
2954
3311
369
2090
2122
2803
3863
2090
4834
787
726
726
726
4166
727
3863
3349
3700
3288
3169
4968
3560
3486
3096
2879
3940
3724
3290
727
727
3297
3357
3965
2090
2090
1313
3403
1628
1313
3737
787
645
645
645
645
645
2620
4135
4112
3443
4162
754
3295
645
3788
3711
541
754
3211
3486
787
4175
4190
4215
4178
4125
4125
1797
4854
3211
4126
1628
4832
726
787
787
4091
3700
3310
1628
1921
1921
587
727
3843
2002
541
2090
367
651
794
785
4845
4855
726
4237
4255
3350
3099
786
1004
787
2940
3016
1244
3479
726
645
645
645
727
4121
3513
3509
651
651
726
2620
4238
3863
3460
3109
4860
459
1733
1539
581
675
391
250
337
408
4414
61
4255
726
4209
726
726
727
1536
4192
4273
3737
726
726
726
727
3043
4098
726
727
727
651
651
651
727
727
651
651
727
726
651
726
726
1313
663
663
418
1313
4861
1422
1313
645
659
360
360
360
406
406
406
7
406
7
286
2002
665
803
1921
1524
466
1921
541
406
726
651
212
1313
4861
651
760
921
726
726
727
645
2002
651
726
212
645
625
449
690
645
645
726
726
58
507
406
202
696
286
2019
369
726
1524
224
447
250
360
204
204
726
726
429
509
726
726
645
645
651
645
645
726
726
726
726
726
726
1718
726
645
645
645
582
360
360
394
212
921
366
391
393
696
223
406
249
509
447
360
365
360
60
329
406
406
391
458
388
360
11
7
7
406
7
399
399
408
4597
4597
4514
4569
4482
4482
4569
4514
4482
4482
4414
5
409
409
127
89
171
313
47
304
171
409
409
435
435
435
60
7
399
408
4597
61
338
61
61
250
223
61
7
336
336
360
7
399
7
399
60
337
337
399
401
399
406
287
453
360
399
7
399
399
153
61
286
458
61
447
249
458
11
338
337
60
360
329
7
401
399
399
399
329
399
399
4514
4514
4482
4482
4482
425
347
409
409
78
314
171
47
409
409
19
434
4482
4482
4577
4569
4483
337
329
7
329
425
7
7
7
7
401
338
329
4951
60
60
388
399
401
360
4414
336
4514
4481
4481
406
4514
61
431
435
119
47
33
314
50
171
78
229
78
32
313
409
409
409
434
409
41
171
409
425
359
61
41
41
435
435
409
171
399
399
406
47
78
47
78
360
4514
338
33
409
47
47
88
249
399
249
409
401
401
4514
171
47
399
337
4514
408
171
88
438
425
78
399
22
404
409
4482
408
171
171
171
399
7
399
401
399
4414
61
4514
4514
4577
4415
7
329
4481
408
78
171
4514
409
127
425
329
4569
32
4482
336
4569
409
409
355
336
4577
4414
4482
4627
329
4482
4415
61
61
409
338
4482
4482
4482
4569
4415
19
314
61
4577
4481
78
171
338
32
31
313
171
4514
4482
4482
4577
4629
4577
4577
434
425
440
4514
50
171
33
78
171
4625
4597
4413
171
329
4482
85
314
4482
4577
4415
60
61
60
61
171
314
314
314
326
409
22
314
91
40
32
19
19
4414
91
4577
4482
4482
351
78
4627
4627
4482
4514
61
408
314
47
313
127
14
171
32
353
4577
4483
171
313
40
6
4482
14
4522
4569
4597
4577
271
4577
89
409
347
229
229
239
19
239
415
4414
4514
69
408
4482
31
325
4482
171
304
19
4482
4577
6
4414
4625
4627
336
108
313
314
384
4483
4577
4625
4413
4514
425
425
4414
4482
4414
314
113
4414
19
4482
4482
119
4577
313
229
78
78
32
32
22
425
404
4481
387
171
260
357
415
434
171
4675
171
409
73
4651
425
4670
4624
4626
4502
4959
4652
4834
4834
726
726
726
726
645
583
544
571
645
645
645
726
570
645
544
583
544
726
726
726
4834
4834
571
655
645
645
726
726
726
726
726
571
4834
645
583
583
583
787
4834
4834
4834
571
4834
4834
4834
4828
726
645
4840
645
726
726
4840
4834
726
726
4834
4834
4834
4834
583
4834
571
645
645
726
4834
651
583
583
726
571
655
645
1301
1528
1301
1528
210
1421
1450
1421
1560
1450
1576
1670
1670
1450
1576
1423
1573
775
2270
2247
2189
2381
2415
2336
2408
2108
2981
2981
2738
1492
1492
1907
2962
2962
1889
2259
2259
2371
1907
1867
2009
2583
645
4828
726
645
726
645
645
726
645
651
645
726
726
726
726
726
726
726
726
726
651
651
726
726
726
4828
645
651
645
645
726
726
651
645
645
651
645
645
3114
663
2090
1539
1539
2090
663
2090
3885
1539
2090
727
399
33
313
88
33
434
409
4482
313
4482
171
171
171
41
313
726
787
726
686
726
787
787
4834
4834
2318
2369
2259
2259
2629
2629
881
2318
2049
2371
2317
2293
883
883
2318
2318
1871
2455
2454
1871
2318
2369
882
2105
1871
2455
1888
1888
2317
2454
