350
4791
350
251
351
351
63
57
63
63
345
258
258
258
312
207
197
196
135
85
196
366
366
458
458
280
331
333
333
4782
336
403
338
404
357
335
336
459
337
350
323
474
470
562
351
228
251
251
251
209
209
350
312
78
366
355
331
459
86
86
453
86
86
331
326
85
312
167
199
280
312
337
85
293
60
60
418
427
418
337
458
369
425
249
19
355
454
337
337
95
364
350
78
355
78
455
458
138
458
350
331
446
337
97
446
458
458
312
342
426
371
371
152
152
548
760
567
541
157
437
371
371
337
459
342
342
342
458
337
78
337
418
8
337
25
459
23
23
331
358
348
372
23
252
328
326
336
369
373
4791
251
313
8
337
78
367
372
327
350
342
314
215
437
437
470
470
468
470
474
545
216
258
259
244
298
152
244
352
12
553
220
781
225
243
243
361
371
352
352
350
314
240
63
259
168
251
458
357
336
433
209
4791
323
451
78
426
371
426
97
97
313
251
207
4782
336
81
434
426
323
323
351
346
291
327
350
167
371
426
240
243
152
371
306
455
424
331
433
434
426
451
4791
166
252
4791
350
331
313
331
424
321
331
455
455
264
313
323
209
433
434
240
371
437
371
361
85
187
191
96
4791
427
427
9
346
547
346
470
331
346
468
209
371
152
331
23
364
364
176
176
176
135
5
196
95
60
213
251
351
361
433
209
371
433
251
62
346
263
197
85
135
9
251
371
361
5
243
18
91
135
135
547
328
331
547
63
295
371
326
361
243
267
554
886
1457
2037
1803
896
3166
2619
3465
3465
3465
3532
395
3879
4248
4142
3133
3350
3350
3654
3654
86
264
62
152
443
63
361
243
243
243
546
776
815
761
152
407
251
251
9
263
135
197
86
453
5
346
251
152
237
326
541
5
166
18
279
352
479
563
476
153
175
135
90
135
152
85
309
215
296
331
135
85
175
17
2
17
351
548
563
541
461
1195
814
479
479
216
547
351
558
566
628
563
471
352
244
244
548
63
479
63
346
63
628
541
351
351
351
548
479
410
564
656
985
1543
1589
775
1866
1333
2383
2688
2754
2751
3853
3706
3104
3197
3197
2961
2961
3452
2801
2943
2828
2943
2943
1728
2638
1644
2890
2587
2233
1681
1475
1607
1607
1677
1731
1907
2057
2461
2544
1901
950
951
565
351
541
461
463
259
153
628
153
469
153
153
469
469
564
244
268
244
244
244
566
156
346
463
259
243
226
222
461
657
657
258
258
243
243
244
244
153
559
461
761
461
244
243
244
259
732
782
447
244
352
243
156
564
218
566
672
258
749
560
845
657
775
244
4825
4027
4027
4027
4027
4027
4027
4027
4027
4825
4825
4825
4825
4825
4825
4027
4825
4825
4825
4825
4825
4825
4825
4825
4825
4825
4825
4825
779
779
595
4822
4822
4815
4815
4815
4815
595
919
1078
1084
1243
4822
867
1243
981
981
1243
4825
4027
4027
4027
4027
4027
4027
4825
4027
4027
4027
4027
4027
4027
4027
4027
4027
4027
4027
4027
4027
4027
4027
4027
447
447
268
447
244
557
4825
4825
4825
4825
4825
4825
4825
4825
4825
779
4825
4825
4825
4825
4825
4825
779
593
593
4825
4825
4825
4825
4825
4825
4825
4825
4825
779
779
4822
4822
557
557
472
776
1046
1268
1046
4027
4027
4027
4027
4825
4825
414
4825
4027
4027
4027
672
4027
4027
760
4027
4825
4825
593
4825
4825
4825
4825
352
557
1024
343
885
4027
4027
4027
4027
4027
4027
4027
4027
4027
4825
4825
4027
4027
4027
4027
4825
4825
4825
4825
4825
4825
268
684
4825
4825
4825
4825
4825
779
779
4027
4027
4027
4027
4027
4027
4027
4027
4027
4027
4027
4027
4027
4027
4027
4027
782
542
343
4027
4027
480
557
551
4825
232
464
561
4871
1530
745
4825
807
886
556
593
593
4871
4027
4825
464
464
4825
4027
4027
4027
4027
4027
4027
4027
4027
4027
4027
4027
4027
1024
1584
1584
846
4027
593
4825
4825
814
380
779
593
4027
4027
4027
779
4027
4027
4027
4027
1584
4027
4027
4027
4825
4825
961
4027
4027
779
779
841
595
4822
4822
984
1268
877
791
4027
4027
4027
4027
4027
4825
984
840
220
814
4027
985
814
4822
4027
4027
1262
593
779
779
4027
779
779
876
1046
779
779
779
779
779
779
779
4825
4825
779
961
4825
985
779
841
4822
779
791
791
1584
851
1655
851
851
1584
1584
851
851
841
807
779
814
1212
877
779
4822
4822
4822
4027
4027
4027
4027
779
4822
4822
4822
4822
4822
4822
779
779
4027
1584
4822
489
1587
4822
841
4822
4822
1587
1457
1850
2013
1655
2125
2125
2125
2125
1542
859
2247
2247
827
554
827
827
379
749
554
4027
4027
841
595
4822
4822
595
595
4822
4027
4822
1076
957
1076
981
1243
1113
841
958
972
841
975
958
1074
1297
1297
972
1206
1206
1206
1414
974
937
1198
1757
1817
1748
1925
1925
971
1549
971
4822
4822
1243
919
1243
919
779
971
957
957
958
958
957
981
1243
841
919
867
867
1243
981
958
1084
1243
779
975
957
981
981
961
595
4822
220
1024
972
972
967
1031
1074
1081
980
980
929
1163
1366
1414
609
1182
974
2017
1226
1228
1160
1055
1032
981
1113
595
4815
4804
1541
928
1031
1074
1500
603
603
1500
743
1066
779
779
595
595
981
981
1084
4822
779
4825
4825
779
779
779
4825
4027
4027
4027
4027
4825
1584
972
980
1268
1212
877
1542
841
841
867
959
1113
961
779
779
779
779
779
972
979
608
981
981
1268
1268
877
779
971
1441
1267
981
919
972
919
4822
919
4822
779
958
1084
957
1268
4822
919
4815
595
779
4825
779
4825
779
779
779
779
779
979
779
779
595
595
595
595
595
981
980
929
1084
779
779
980
1057
1032
1032
1066
608
971
779
867
919
967
1032
1202
1201
1228
1326
1313
1165
1165
1356
1356
1442
2052
2052
2052
2052
2052
529
529
529
2221
1943
2834
1130
2834
2682
1130
1130
2834
2834
1943
2052
1654
2052
1252
1165
1118
1252
981
605
958
1084
1113
1031
1157
779
779
779
779
980
1517
1345
1279
1345
779
595
595
595
595
595
595
1081
1081
927
1212
919
981
1078
919
919
1075
973
609
1031
1165
1118
1326
1121
1224
1558
1634
1184
1157
919
919
1113
925
967
1057
1032
609
851
1165
1676
1702
1475
1356
1165
1220
1165
1584
937
1213
1213
1356
980
957
927
927
1113
1057
1222
1055
1517
1366
981
1224
595
595
595
595
841
929
4815
595
4822
1213
1032
1056
1162
1702
841
919
1345
1243
1118
1222
1057
929
595
1252
609
1356
877
595
595
980
1212
609
981
595
1417
919
1219
1584
1584
1163
1517
1163
595
1081
485
1750
1333
2163
3485
3305
401
4272
4324
4350
4350
4558
4683
4683
4683
919
4815
4815
1163
595
1224
595
4815
609
1160
1226
1074
1074
1441
1702
1399
1184
1448
1448
1120
775
775
1850
1078
595
1432
957
1587
1750
1084
1160
1563
1172
1172
926
1366
1517
974
929
1335
1414
595
1224
1219
1356
1219
1225
1356
1676
1635
595
1366
1327
1327
1366
937
1084
595
595
595
1075
1160
609
1356
1356
1676
1432
1681
2394
1563
1563
1563
529
529
1676
1665
919
1366
1598
595
595
595
595
595
595
595
595
595
595
595
595
595
919
1084
595
1432
1170
1451
1527
1496
1535
1638
1476
1638
1638
1638
1431
1610
1609
1907
595
595
595
919
919
1257
1206
1414
595
1451
1548
1569
1452
1454
2642
2642
1655
1542
775
1866
494
2083
2083
2127
2190
2758
3051
1592
595
1084
4815
1356
1676
927
1528
1783
1773
1474
1827
1827
1567
1567
1224
595
595
595
595
595
595
4822
595
775
1457
1078
1549
1677
1592
1224
1668
1825
2083
1953
1461
2558
919
1160
981
1078
1567
927
603
603
927
1376
775
1113
1441
973
609
609
609
609
957
1546
846
1584
1548
1206
927
1652
1460
1496
1528
1432
1074
1668
609
1584
851
1584
1584
1584
1584
1074
1584
1528
1460
1279
1253
851
1584
1606
1567
1567
1078
1204
1113
1356
1475
1475
1568
1568
1584
1568
1606
1606
1606
1661
1606
1457
1457
1457
919
1351
1279
1460
1584
957
1204
846
1584
1548
1567
1706
1713
1236
1074
1441
877
1584
1706
1606
1607
1766
1661
1752
1431
1638
1474
1476
1474
1476
1638
1474
1981
1474
1474
1638
1651
1744
1753
1638
1638
1827
1651
1825
2083
494
1253
1500
603
603
1665
1267
1584
1706
1500
1279
1165
957
1713
1661
1706
1706
775
609
1772
1713
1870
2196
3399
3447
2861
3034
2832
3008
3008
3030
2890
1535
1517
1078
1475
851
1542
1655
2125
2629
1607
1766
1608
1475
1661
1078
603
494
1457
1188
1212
1655
1607
1567
2040
1981
1661
1607
1661
1661
1772
2099
2832
2862
1766
1745
1457
2104
1078
1607
1681
1914
1681
1681
957
1608
957
1608
1607
1078
1267
1592
1681
1569
1766
1475
2233
2890
2890
1681
494
1681
1475
1611
1681
1681
1773
1825
1638
1497
1953
1953
1825
1497
937
1558
1558
1457
609
1610
1638
1497
1651
1744
1534
1253
1279
1477
1199
1582
1475
1584
877
1651
1474
1638
1753
1253
1441
1599
1568
1783
851
1651
1744
1497
1744
2083
1612
494
1707
531
1901
1225
1898
974
1568
2642
2106
851
1773
1755
1267
1219
1681
1475
1475
1639
1475
603
1204
1170
1457
1850
2013
494
1563
609
1475
1074
1638
946
1279
1199
1853
1475
1204
1866
494
1830
1731
1475
1476
1476
1441
2162
2037
1333
2037
1750
1975
1681
1623
1623
1623
529
529
529
529
529
529
877
1638
1549
1592
1688
1565
1563
1638
1500
1074
1236
937
1850
1750
2057
1356
1457
494
1182
1681
1500
1612
1360
1542
603
974
603
974
1414
1977
2454
2389
3166
1850
1976
1558
1785
1681
1474
1474
603
1801
1749
1926
1926
1926
1758
1461
1356
1565
1360
1981
1981
1640
1474
1559
1776
1358
1228
1639
1582
1582
1760
1785
1565
1565
1452
1681
2394
1623
1379
1378
1790
1681
974
1199
1948
1853
1688
494
2162
1284
2162
1830
1830
2460
2531
3428
495
1830
1493
1777
1681
1498
1850
1565
1655
1681
1681
1827
2040
1655
1542
1542
849
1869
1833
1785
2394
2394
2394
2394
2394
1914
2394
2394
1623
2298
2587
2394
1681
1655
1655
1655
849
1173
1198
2017
494
494
1830
1182
1182
2394
609
603
2083
1830
494
494
1565
1827
2125
974
609
1750
2642
1785
2106
1870
2040
2832
1981
1866
2394
2394
1914
1655
1581
2083
1767
1582
609
2127
2642
2508
2394
1790
1379
2233
1749
1453
2394
1621
1948
1948
2179
532
1563
1563
1914
1655
1360
1655
974
1623
1623
1623
529
529
2394
2394
2587
2040
1682
1682
1682
2021
2083
495
2057
1333
529
2402
2890
2960
2960
2960
3030
3030
1645
2943
2943
2943
2769
2960
2960
2589
2394
1757
2099
1565
1360
1597
2099
1623
1623
889
780
738
221
221
221
1554
657
568
746
889
379
667
379
889
780
827
889
657
738
221
859
221
859
780
657
780
780
780
780
974
1629
1333
2434
2642
2040
1623
1623
1379
2394
529
657
889
876
220
889
1559
1926
1926
1866
1444
657
4871
738
221
738
738
657
780
1830
2078
1453
3092
3286
3054
2508
2125
1623
1182
221
222
4871
739
738
780
849
1850
1640
1655
2125
220
221
889
222
738
2545
2394
2587
1623
1623
889
1918
2125
1655
848
2013
379
379
746
780
554
2013
1597
2365
2196
1790
1565
1442
985
672
729
156
672
541
548
379
857
1542
985
221
2508
555
567
221
561
554
222
480
567
672
729
732
840
2811
2811
2444
2444
2811
2811
2811
461
661
546
685
755
223
755
685
414
414
657
848
379
889
897
2370
2247
2247
2444
2811
2811
2811
2831
2831
2811
1960
1640
2587
1542
2494
2302
2759
2759
4860
840
840
732
379
567
156
379
541
153
732
840
2811
223
2248
223
379
1172
1758
2513
2052
2052
1758
2052
2513
222
221
222
2125
221
738
889
2247
2247
1051
2017
2162
2039
548
1623
529
529
1898
220
881
379
554
554
379
379
379
1976
495
1790
857
1554
806
806
1554
2508
859
2125
1655
1542
2125
2195
746
379
379
554
1917
1817
1758
1758
1333
1333
2641
2434
567
1172
2013
4873
1051
2017
2053
1640
844
1542
2508
1597
859
859
1551
1952
1640
985
223
985
985
985
985
2302
480
729
732
222
840
840
840
985
985
2301
2302
1195
772
379
1790
667
2125
2125
2125
859
1582
1948
1805
156
924
1442
1172
461
772
1024
985
2904
1790
529
1654
529
2013
561
554
1582
2180
1948
2162
2514
480
840
985
844
222
2298
1442
2125
379
1325
156
565
2302
2302
2676
2759
2755
2462
2395
2755
2831
2444
2125
2125
554
554
1542
2125
2744
2302
461
2125
561
1379
1790
2508
2052
2508
827
554
1757
1542
2494
2125
1623
529
2125
1195
2545
3003
1682
1582
827
495
2642
2125
495
1542
1379
1654
529
1654
1172
2179
1950
1454
1379
1654
1654
529
1654
2052
379
755
379
2444
755
1964
877
877
985
219
2514
2680
1172
901
2247
554
2393
2358
985
4860
1454
2832
3065
2832
1654
1654
1654
2052
1758
901
1980
1640
3065
1682
3035
2298
2052
2052
546
685
684
685
564
447
268
472
231
409
546
685
2247
379
2460
2753
3196
2748
877
2508
3055
3466
2763
2763
2941
2460
2162
732
563
2627
2680
2628
2052
2247
495
2528
2528
2528
2528
495
2688
2688
1195
985
985
223
2125
2494
548
1976
1654
2432
2052
2513
2513
2432
2052
1758
561
379
2545
732
2193
2125
3055
2052
1917
379
781
672
729
2301
2302
2301
2494
2302
3008
563
2432
2052
2052
471
546
1831
1333
2302
2302
2415
2831
4860
840
2196
2494
1758
1758
561
1464
219
840
840
840
840
1644
2638
2052
827
379
2688
2301
672
672
732
2890
2432
2682
2052
2513
2432
2682
2513
2432
2052
2454
2793
2162
2077
2865
3269
1778
2544
1640
2515
414
2190
2460
2884
3183
2401
2829
1285
3584
2661
2586
2749
985
1723
2528
2162
985
4860
2941
2617
3531
2104
1955
2754
729
2832
3003
2432
2432
2652
2650
2650
2567
3277
2968
3041
2654
2696
2696
2696
2429
2516
2753
2810
2688
219
1723
2941
2805
2516
471
2231
3166
546
2301
3065
1682
2960
2941
2247
2370
2247
2434
2383
219
3399
2638
2365
1995
2802
2802
2943
2943
2943
3291
3291
3363
3452
3363
501
3670
3670
3749
3579
3575
3779
500
3870
3541
1995
3055
2434
2434
4860
3076
730
1996
2943
3112
3112
3452
3452
3363
3150
3670
3149
1646
1647
2802
1647
2743
1943
1943
2617
2629
1976
1831
840
2302
1995
3053
3649
3883
4020
3527
4059
4059
2247
840
3399
3456
3399
409
1901
951
540
951
4978
4982
2870
4175
951
4964
2916
3277
4966
540
3196
3398
3016
3851
3878
4020
1284
1831
3522
840
840
840
840
985
2890
3030
3035
3008
2809
1284
3051
3290
3842
3948
3575
3575
3490
503
3488
2955
2121
2115
3205
685
1831
732
3399
1995
2697
2696
4976
4961
4961
4961
4961
2916
4955
2650
2652
2696
2696
4964
2652
4963
2696
4963
2916
2967
3539
2967
2967
3574
3741
2977
3165
4976
2357
2999
3514
2766
3751
2302
3205
1995
3008
2696
2696
2696
2652
2696
685
685
2655
4964
379
951
840
4860
2576
2576
2943
2576
2589
2943
3009
3065
3008
3144
1943
2960
4955
2721
3389
3783
4196
2969
3781
3781
3730
3122
4017
4004
4017
3040
3199
4976
564
2247
2247
379
379
1954
2894
2905
2748
2415
1996
2652
1130
4963
951
951
950
3753
732
2589
2589
3008
732
3055
2650
781
2415
3076
3008
1130
685
551
4961
4961
2661
1285
3430
1728
2590
2943
2590
2638
2904
1642
1130
3214
4963
827
223
379
379
4896
2759
3065
2668
379
379
379
732
1943
3065
1130
3838
3039
3900
3389
3837
4042
4078
2783
3031
3196
536
2590
1645
2828
2617
3031
3071
2810
2558
3650
3459
3466
3214
3056
3035
628
2682
564
557
379
2415
840
1996
2960
379
3205
1723
2834
3466
3389
4004
4121
2916
4964
3456
2834
628
2247
379
379
2248
840
840
840
3035
2477
2559
2301
1130
2651
379
3459
2834
901
3199
2965
3097
2916
4966
2884
533
3134
3034
3487
3852
2395
2967
3574
755
4966
840
840
3144
628
2941
2764
3509
3464
3467
3466
2916
3895
3845
3121
2969
389
2829
840
1130
3140
3701
656
2458
3411
1884
2883
3774
3290
3612
3525
3135
840
3065
3140
3066
3467
3467
2747
1943
2301
2759
2478
2502
3144
3236
3030
2834
2115
2834
2120
2834
2120
2120
2115
3459
2834
2955
3046
2415
3165
4120
900
2763
3465
2247
2248
2811
2444
2444
3413
840
3296
3273
3039
3900
3354
2822
2840
2121
2478
2385
2641
2884
2590
3030
3523
3070
2793
3611
3781
3121
4982
4982
2873
2863
2852
3034
3035
3037
3574
2247
2248
840
840
3568
3882
3582
3582
3582
3532
2802
840
840
2834
3466
2831
2755
3694
3741
3546
4120
2395
2967
3611
3725
3875
4055
3739
3229
3378
3378
3918
4119
3787
3232
3782
3031
3587
2943
3112
2943
2943
2943
3112
1154
2831
2759
2831
2831
2831
2755
2759
2831
2831
2444
2444
2239
3467
3465
3466
379
3574
3725
3875
3739
3787
4153
4168
3262
3570
4168
3739
2750
3015
840
1647
3198
3211
501
3363
3452
3452
2801
3363
3363
501
3670
500
500
3557
3022
3388
2831
2415
2759
2831
379
2967
3587
1647
3459
3072
2444
2831
2967
1832
2801
3057
3085
3198
3149
3198
3198
2831
2891
2891
2831
223
3574
3142
3350
3350
3350
3879
3895
3781
3781
3781
3191
3191
2973
4054
3798
4041
3798
2974
2974
3191
3191
3191
3781
3587
3034
3881
2943
3112
2120
2831
2444
2444
2248
223
3142
3166
3193
4978
1832
3057
3151
2811
2811
2831
2831
3467
3467
3467
2248
3464
3031
3398
3112
3112
2943
3112
3112
3452
2801
3452
3452
3452
3363
3696
3492
3492
3696
3104
2831
3387
3523
3165
2444
223
2619
3112
3034
2891
3186
3151
2811
2831
2811
223
3741
2977
2977
4124
4087
4055
4119
3266
3378
3518
3546
3725
3611
499
3045
3053
3158
1154
840
3144
840
2831
2831
2444
2967
3669
2634
3198
223
2811
840
2831
223
223
223
2811
2811
3509
2764
3465
3781
2895
3077
3144
3452
3701
2831
3467
2811
2811
2811
3465
3741
3725
3875
1888
3350
3654
3451
536
3205
1647
3150
3150
4120
2811
2811
3725
3191
3725
3587
3073
4041
4041
3781
3456
3568
3291
3492
2961
2961
3103
3031
3856
3841
3447
3452
3492
2961
2966
3682
2384
3650
3291
3452
3363
3085
3291
3150
3466
3467
3895
3007
3715
3492
3467
3467
3467
3467
3467
3532
4035
4041
4157
4157
4118
3894
3705
4158
4147
4168
3919
3875
3919
3739
3739
3920
3775
4119
3229
2965
3923
3649
3364
3452
3363
3363
3452
3363
3567
3463
3284
2783
2977
3042
3465
3166
2764
4055
3142
3739
3378
3199
2974
3725
3746
2974
3568
3453
3387
3467
3465
3509
3465
3857
3073
3464
3725
3725
3124
3198
501
3532
4035
3378
3262
3378
2974
3486
2702
501
3696
3696
3696
3696
3760
500
500
3612
3856
3142
3116
3781
3229
4972
3466
2977
3467
3465
3782
3857
3739
4079
3133
2873
3455
3837
3198
3363
3363
3716
3739
3590
3378
2974
3587
3150
3490
3150
4035
4035
4041
3739
3191
2878
3363
2977
4035
3100
3363
501
3760
3749
3749
4041
3774
3363
501
501
3541
4035
3725
3753
3751
3776
3568
3491
3579
3579
3330
3696
4055
3584
3518
3841
2873
3907
3589
500
3870
3718
2974
3447
3363
3696
501
3491
1643
3117
3510
3509
3465
3861
3861
3536
3846
3305
502
2783
3841
2881
3262
3661
3659
3592
3815
4250
4172
3815
3816
4224
4224
4818
4224
4224
4224
4224
4224
3960
3960
3897
3777
499
3625
4947
4947
3625
3625
3615
3615
3615
3709
3831
4947
4915
4909
4915
4214
3817
4915
3625
3683
3683
3699
3615
3615
3986
3986
3777
3897
3683
3831
3811
3811
3811
3811
4915
4947
4068
4068
4287
4069
4287
4068
4069
4068
4068
4022
4022
4022
4947
3831
3683
3152
3907
3907
3532
2977
2977
3509
4168
3763
3780
3763
3780
3780
3897
3518
3894
3683
3585
2751
3831
3777
3780
4147
3467
500
3760
3509
3739
3661
2974
3191
2974
3486
3683
3615
2974
3458
2975
4091
2881
3739
3831
3831
3897
2913
3206
3696
3532
3696
3696
3760
3760
3696
3929
3747
3831
3777
3615
535
3040
3783
4035
4087
2853
3780
3585
3518
3705
3986
3683
3709
3986
3981
3851
3760
3840
3831
3777
3950
4147
4147
3780
3781
3122
2969
4114
4124
3121
3777
3777
4198
3625
3751
3123
3777
3831
4119
3561
2783
3453
3666
3777
3950
3134
2838
3487
3869
2854
3690
3232
2882
2752
3709
4900
3803
3455
2877
4120
3042
3851
3747
3762
3982
3266
3709
3865
3414
3696
3760
3760
3760
4168
4915
3811
3585
3682
3450
3986
3042
3749
3909
3841
3777
3895
3775
3162
3355
3929
4168
4153
4168
3191
3191
3122
4124
3122
4047
4125
3573
3803
2824
3304
3625
4022
3625
3625
3625
3615
4022
4022
4068
4068
4068
4287
4287
4250
4250
4250
4044
4250
4287
4250
4250
4068
4172
3816
3811
3811
3815
3815
4044
4066
3865
4172
4147
4066
4066
4068
4068
3364
4039
3354
2825
3886
3917
2854
3748
3870
3475
3762
3845
392
393
3362
4119
4121
4087
3885
4920
4152
4915
3811
3690
2974
4054
3572
3903
2974
3269
2823
3532
3879
500
3207
3748
4198
3780
3950
2824
3615
3561
394
394
3649
3907
3582
3582
3903
3527
3582
3911
3908
3908
4920
3811
3811
4168
4147
3845
3230
3949
3699
500
3811
3779
3575
3132
393
393
4142
3986
4066
3042
3907
394
3561
3509
3612
2854
394
3102
3986
3532
4124
3787
4168
3122
4054
3923
2871
3949
3859
3699
3625
3699
4077
4091
4078
4124
3811
3749
4915
4909
4909
4947
4022
3883
399
3527
4108
3911
4176
4311
4554
4324
4284
401
3779
2871
4066
3929
4213
624
621
621
621
3817
4911
3978
4223
3974
3977
3977
3977
4287
4287
4287
4287
4287
4287
3960
3816
3958
3978
4287
3977
3958
3958
4224
4224
4224
4224
4224
4224
3960
3960
3960
3960
3958
3959
3809
3977
4287
4287
4287
4287
4287
4069
4068
4915
4198
4054
3894
3705
3817
3817
3817
612
3817
3960
3960
4224
4224
4224
3816
3958
3817
3817
3811
3867
3532
4036
4087
2973
3177
3817
3817
4224
4224
4224
4224
4224
612
3825
4078
2784
2824
4147
3527
3894
3615
3699
3817
4213
4840
4840
3817
3817
621
790
693
3825
4224
624
624
3042
2968
4124
3575
3575
3122
3860
4042
3577
3986
3817
3042
4124
3122
4048
3949
613
3817
3929
4041
2969
3266
3615
394
4087
2898
393
3811
3879
4091
4168
3847
4022
4068
4068
4068
4022
2968
3811
4152
4119
4152
4147
2969
4167
3553
3894
3893
394
3582
3582
4091
4091
4250
3811
4118
3475
2969
4054
3799
3527
3577
3538
3859
3615
715
4224
613
4840
4818
3879
3908
4091
4041
394
4168
2969
399
3305
693
4125
3900
3305
3894
4080
3233
3699
4022
3041
4135
4125
3811
4047
3510
4158
3266
4136
4147
4044
4044
4044
4068
3914
4136
4098
3527
4142
3304
3984
3041
3914
4168
3527
3894
4133
4044
4147
3894
4066
4068
4224
3799
4152
4250
3896
3984
4068
693
4157
4044
4147
4160
4044
621
621
4224
4224
4224
4167
4167
3263
4100
4067
4067
4067
4068
4129
3798
3232
4044
3911
3306
4063
3527
4113
3306
4248
4311
4563
4587
4534
4728
4586
3911
4175
393
3580
4068
4224
4224
4224
3908
3879
4160
4099
3859
4068
621
621
3859
4068
4224
3816
3816
3809
3815
4224
4224
4224
3960
4059
4224
4172
3809
3879
3527
3880
3880
4059
3880
3527
3879
4286
4311
4179
4554
4179
4179
4276
4554
4499
4276
4324
3913
4126
4126
4315
4113
401
4286
4178
4068
4224
4224
4284
4184
4224
4224
3960
3306
4287
4287
3958
3960
3960
3960
3960
3960
4287
4284
3958
4126
4313
4126
3809
3809
3809
3306
4311
4286
4179
4311
4324
4644
3879
3913
3902
4063
4286
4179
4604
4108
4284
4324
4287
4287
4311
4126
3958
3977
3958
3960
3960
3958
3960
4287
3977
3977
4287
4287
4287
4313
4248
3959
3977
4286
3959
4236
4248
4248
4313
4187
4284
4284
4313
4324
4179
4324
4311
4311
4588
4308
4588
4392
4392
4554
4284
4350
4324
4445
4554
4554
4445
4445
4445
4604
4445
4474
4499
4717
4728
4490
4474
4481
4274
4312
4481
4481
4481
4481
4481
59
59
244
474
434
468
58
545
4481
4445
343
343
4350
4349
4350
4350
4350
4535
4683
4586
4683
4683
4683
4358
4554
4350
4649
4276
4350
4535
4586
4350
4445
4554
4554
4445
4554
4554
3943
4554
4357
4499
4604
4445
4445
4604
4445
4350
4554
4445
4445
4554
4554
4554
4554
4350
4554
4554
4350
4554
4588
4313
4445
4554
4649
4350
4554
4536
4554
4554
4604
3943
4445
4554
4554
4445
4445
4554
4445
3943
4554
4554
4481
4481
4481
4498
4493
59
440
343
545
211
211
300
300
59
440
4445
4481
4481
4274
4481
4650
4563
4563
3943
4445
4445
4445
4445
4562
4562
4582
4350
4554
4644
4500
4312
4474
4683
4481
4445
4274
4554
4445
4497
4375
343
243
244
243
59
544
4481
547
468
4445
4445
4445
4481
468
557
343
4563
4500
300
58
545
300
4445
4930
300
343
4445
4481
4357
4649
4445
243
58
226
4534
4376
4526
4376
4445
4445
4481
226
468
4563
343
4683
300
468
4481
4481
4481
343
226
4500
4683
545
468
4481
4445
4481
243
4582
4481
4481
4481
4357
4312
343
4481
544
4445
4481
4481
4481
4649
4481
298
4558
4481
4357
226
303
4481
4481
4481
4356
4374
4562
4481
4481
4558
4357
4481
4481
4498
4481
4274
4604
4481
4481
4445
4728
4586
547
215
474
244
4481
4445
4481
4481
4481
4357
545
4498
4274
243
298
4481
4356
4490
4650
544
4481
4481
4586
4274
4288
4481
244
4683
4193
4586
58
244
59
58
215
545
545
547
215
215
215
215
547
4481
4481
4481
4481
4498
215
4359
4356
4481
4481
4481
4587
4481
434
434
434
437
474
437
58
434
434
298
545
545
4274
4481
434
434
434
4481
4481
4481
4481
4445
4481
4193
4481
215
59
547
59
59
4498
547
215
215
4498
4481
4481
468
4481
4728
4274
544
4481
437
474
437
434
4481
437
4649
4728
4481
4728
4728
437
547
215
4481
4498
4481
4481
4650
215
59
215
4498
4481
4481
4481
4481
434
437
4481
437
4481
4481
434
437
4481
434
474
59
4481
547
215
4498
4481
83
251
326
115
420
459
453
62
459
190
323
459
433
331
595
595
4027
4027
4027
4027
4027
4825
4822
4822
4027
4027
4027
4825
4027
4027
4825
779
595
4027
595
4027
4822
779
4027
779
4825
4825
4825
4822
595
595
4825
4825
4825
4825
4027
779
779
779
779
595
595
4825
4027
779
4825
4825
4825
4815
4027
4027
779
595
595
595
4825
595
4027
4027
4825
595
4804
4027
4825
4825
4027
595
595
4027
223
1530
1546
1527
846
4855
1655
566
661
558
656
268
268
548
2180
2654
1130
2834
1926
1948
1130
2834
2179
2696
2654
2543
2180
2494
2121
2759
4287
3625
3625
4287
4068
4911
3817
3817
3960
3960
4947
3809
4022
4022
4022
4022
4022
4069
4022
4022
4947
4909
4909
4287
4287
4287
3831
4224
4224
619
4224
3625
4287
3816
3817
4294
4069
3817
3817
4059
3527
3582
3527
3527
3582
3527
3527
4224
244
226
474
298
4445
4481
4445
434
244
545
4587
3625
3625
779
779
779
779
595
779
595
595
2513
2696
4961
2696
2654
2696
2696
1758
2696
2696
2696
1925
2379
2513
2179
2696
2696
2696
2696
2696
1925
2696
2696
2696
2696
2379
2379
2379
2513
1925
2696
1925
2696
2696
2379
1925
2696
2379
2696
1925
