1
190
95
93
60
98
227
238
456
456
86
31
86
290
33
440
417
432
189
44
113
255
40
221
416
33
166
416
22
4775
189
173
40
124
161
40
308
40
88
1
59
265
353
98
98
155
98
51
114
113
110
4791
4781
4782
4778
434
437
437
343
35
166
38
170
152
221
161
312
312
17
41
161
221
173
171
312
312
125
181
60
40
4790
412
412
301
219
50
153
255
86
110
32
219
88
26
48
255
166
174
301
301
161
113
113
114
31
14
4790
40
327
182
59
213
213
280
214
207
534
581
464
240
239
279
166
40
113
125
182
60
14
340
221
60
161
255
33
327
175
33
33
166
4775
22
346
429
346
166
313
313
25
398
334
305
22
437
422
182
182
125
60
40
334
166
181
309
59
257
239
353
246
246
246
433
225
433
242
193
299
139
454
600
1389
918
919
445
445
149
226
156
454
155
227
291
149
194
196
40
40
327
91
33
138
45
60
60
327
212
156
138
113
91
40
190
138
327
4775
218
337
227
238
256
4790
60
156
227
282
279
279
214
421
239
301
35
40
60
98
219
422
422
316
290
290
51
156
166
176
402
31
260
308
138
45
239
227
354
437
238
290
213
282
279
170
437
17
443
190
127
181
138
59
265
220
98
353
33
320
59
279
140
166
327
171
316
313
312
313
313
20
290
290
290
309
265
270
155
336
4782
98
282
38
96
98
193
309
308
33
91
166
247
149
60
280
282
33
432
403
265
353
411
59
257
98
408
398
149
141
149
515
4832
1400
1400
1400
1564
1401
1777
478
2559
2917
3353
3491
2836
2836
3007
3636
4252
3926
3495
2644
4027
4921
4781
4781
93
280
437
353
238
149
141
283
284
143
384
387
804
804
663
747
356
208
96
138
96
96
210
38
33
417
417
437
96
396
98
4775
342
23
4781
312
265
247
174
174
353
210
9
9
251
20
432
290
441
174
417
264
417
441
256
4791
22
189
313
313
20
20
281
421
313
210
240
9
9
463
251
251
201
804
210
355
225
225
256
256
353
9
9
9
9
251
463
463
463
318
384
210
194
256
193
225
251
9
193
256
256
445
9
251
9
9
251
454
760
1442
1533
1585
1476
1681
1997
2384
1810
3281
3653
486
3314
3459
3206
2542
2542
3208
3165
3208
1082
2665
2666
1082
1082
1082
1076
2864
1074
2709
2277
1875
1507
1158
1522
1318
2191
2722
3176
3176
2245
878
4958
4967
214
464
139
284
193
251
196
251
251
225
251
251
225
225
356
256
256
299
216
601
299
209
209
452
515
962
514
386
804
676
456
516
251
463
463
251
514
215
676
601
514
240
209
209
454
214
9
251
242
209
209
463
197
464
242
463
242
251
240
9
464
251
464
600
524
663
1454
1400
1454
9
576
4799
713
4809
732
717
4799
685
688
712
627
685
4796
741
574
572
616
584
682
594
4818
4949
965
1189
1357
562
1023
886
1320
758
1186
987
900
1586
722
717
717
4799
4809
640
837
4814
785
793
646
646
713
713
689
463
454
216
641
4829
4825
573
4805
975
627
622
627
4796
685
684
630
587
751
627
627
607
593
587
591
719
463
600
392
747
1424
817
1424
576
708
641
713
4800
679
546
684
4809
641
713
251
242
209
9
463
576
713
747
614
630
643
614
614
4796
607
600
1367
747
1453
1453
4802
713
793
4809
688
759
646
708
641
4796
627
4796
607
545
242
251
685
643
625
574
589
751
713
717
793
717
717
785
734
647
691
646
690
691
691
600
515
713
454
251
464
651
4840
4825
201
520
918
1365
1365
1371
713
582
518
810
918
1400
1453
651
626
587
1433
747
643
4796
206
658
643
690
712
689
4802
689
689
4814
647
647
711
1442
1442
1502
1585
713
643
548
676
4832
918
574
732
712
689
454
751
689
793
651
1529
689
4802
4795
785
745
4802
574
754
753
718
992
779
739
747
671
696
472
691
4802
4802
691
647
745
797
4838
524
690
917
757
709
735
807
739
669
688
4802
752
918
1454
363
797
714
754
975
973
970
799
806
764
691
666
739
594
594
798
711
1529
1418
1418
1827
1858
1690
1490
4838
1491
1418
1393
1393
1277
751
672
589
1379
748
817
1229
594
757
691
786
647
972
763
682
639
590
837
739
590
686
788
4821
1392
1486
963
1414
1495
1495
1564
1564
1365
1241
764
779
779
1242
1864
1723
2015
1657
1694
769
1396
1835
985
1590
1608
1747
2189
2223
1992
2144
2160
833
833
833
2160
2160
2144
644
4821
764
753
889
746
615
592
1227
4813
647
906
1001
1001
909
1010
884
854
1023
1002
853
758
718
568
1632
1505
1563
1009
856
1270
1270
1756
1675
1664
1563
1563
1563
1497
1183
876
2190
2283
2335
2407
4959
2407
569
892
1702
1465
1217
777
758
777
814
723
714
1217
892
1654
967
1001
1233
909
1010
859
718
1205
566
859
987
910
968
1286
888
752
1217
1233
900
854
564
1000
592
1167
4840
1290
1464
1525
1008
1675
1675
907
1525
1734
1782
1782
1555
1497
864
936
1563
1754
1758
1844
942
960
960
1269
567
564
592
592
703
4840
696
1738
1008
1675
1271
1563
1563
1271
1389
569
977
4811
1480
1409
888
592
788
4801
4805
787
789
970
786
786
849
696
1487
1269
541
1722
748
605
767
718
906
1186
1186
1056
856
1280
993
754
970
973
753
1525
907
1632
1001
897
899
621
1296
1527
4810
892
892
1637
889
567
722
817
1319
721
1112
1113
1227
1188
592
754
887
907
359
1047
720
1189
592
592
4821
976
4795
4811
1033
789
973
1525
973
1048
1036
859
1525
1756
1148
1113
972
1269
1535
1269
1535
1217
892
1525
1453
1204
1188
970
891
1180
1658
1180
1330
1137
1089
1697
1688
2230
2230
1818
1301
1818
1301
1793
2042
2456
2779
2734
2734
2811
2733
2733
2734
2734
1079
2279
1301
1301
1089
1062
4805
986
1056
1177
1287
1287
888
1099
1536
1008
1060
754
4801
973
1143
1712
1330
1868
1854
973
1022
1035
949
4951
961
1271
1271
1756
1676
1504
1504
863
1009
986
718
1129
1146
1319
1319
1710
960
1008
1536
1139
1442
1335
1331
1665
1735
1181
1275
1041
1319
1738
1148
1269
1269
1008
4991
1490
1103
1159
1158
1338
1317
1206
1090
1442
1237
1331
1162
1270
1782
1756
1409
863
1563
1563
1127
1127
905
592
1536
943
1234
936
899
1129
993
753
1104
1035
1219
1738
1782
1357
839
1313
1112
1137
1675
1787
928
971
1041
1107
1047
1269
1439
1734
1473
1160
1207
1675
1442
1442
1782
1482
1105
1675
1675
1563
1357
592
693
1586
718
1665
1357
1137
1630
1487
1418
871
1182
1182
1411
1035
1063
1564
1645
1811
479
3593
2601
4260
4247
4275
4353
1248
4197
4338
4338
4203
3935
4518
1227
1112
1042
1448
1187
1782
1162
1188
965
913
955
1335
1008
1675
1505
1676
1505
1022
1141
1041
1371
1371
1495
1371
1495
1564
1806
477
2669
1056
1438
1114
1586
1203
1453
477
1706
1223
1099
1137
1314
1818
2230
1008
1235
934
1655
1104
1701
1664
1664
1271
1271
1563
1664
873
1295
792
1408
1268
1688
1215
1522
1656
1104
1563
1563
1563
1701
1563
1664
1563
1563
1497
936
1655
1227
1225
960
1740
1675
1701
1573
1259
1158
1646
1506
1300
1778
1818
1431
749
1212
1497
1497
4951
971
586
1227
1227
1227
1218
1227
1227
1223
4951
862
1228
1476
1650
1564
1673
1599
1562
1825
1552
1475
1112
1388
1061
1664
1563
1664
1664
1551
1644
1766
1908
2289
1901
1859
1669
1663
1402
1377
1404
1907
2891
2722
4951
1438
1089
1383
1782
1563
1455
1373
1611
1548
1575
965
965
638
1006
1706
1765
1382
990
1675
1406
1141
1681
1652
1437
506
2105
1194
1337
1521
1654
1650
1664
1664
1563
1676
1664
1664
1141
1645
904
1523
960
1008
1675
1675
1675
1675
1675
1740
1441
892
1586
1551
1575
1563
1563
1563
1587
1436
1475
1740
1675
1675
1504
1740
1469
1677
1415
1585
1417
1675
1415
1415
1651
1713
1009
1675
1677
1505
1415
1372
1438
1286
1523
1065
1299
1259
1766
1879
1415
1827
1483
1639
1520
1639
1722
1725
2015
1725
1141
1383
1108
1286
1678
892
1702
1585
1551
1415
1522
1661
1675
1675
1505
671
1003
1520
1512
1531
1707
1640
1611
505
1926
1546
1673
1676
1504
1676
1563
1701
1701
1223
1130
1383
1676
1676
1496
1675
1505
1340
1559
1345
1627
1719
1720
1546
1781
2234
1577
3318
2522
2413
1583
493
1791
1503
1712
1658
1677
604
1003
1510
1857
502
1659
1517
1664
1664
1736
1972
1089
1229
1657
502
1551
1750
1640
1345
1611
2106
1619
1664
1725
506
1907
1656
1865
1551
1540
1560
1531
1438
1286
1804
1675
767
1797
498
1540
1626
1740
1699
1797
1540
1673
1872
1306
1403
1713
1856
1675
1673
1664
1872
1682
1783
1109
1987
2147
1393
749
1570
504
1637
1637
1656
1922
1416
1702
1817
1626
1638
1986
1801
1089
1315
956
1766
1827
1827
1879
1490
1563
1736
1157
502
1675
1725
904
1868
1723
1724
366
1743
1972
1556
1675
1675
1711
1637
1770
1970
1646
1271
1717
2469
2754
1611
1905
1808
2294
2420
2420
1715
1895
2042
2253
2253
1793
2042
2042
727
1563
1565
1687
1314
749
1676
1271
1271
1742
2400
1718
1826
1697
504
1576
1928
1563
2182
1786
1701
365
1563
1757
873
873
1637
2558
2184
3102
3353
2559
2981
1667
1698
696
1769
1769
1770
1790
878
2283
4962
2283
4959
2292
1843
1066
1708
1641
1648
1699
1894
1318
1714
1689
1563
1788
2224
1869
1869
1746
1923
1923
1976
1896
2393
2562
1742
1970
1771
1803
1803
1713
1790
1878
2754
2419
2360
2653
3248
2790
2754
1799
1922
1870
2182
1142
2186
1507
1611
1484
1657
1657
365
1878
1686
1922
1342
2151
1927
2151
1927
2286
1797
1701
1873
365
365
1880
1842
1626
1891
1749
1690
1484
1404
1404
2253
1780
1691
873
2419
1812
1879
2003
2003
1754
1641
1902
1648
2148
1715
1484
1841
1666
1685
1845
1437
1394
1393
2151
2237
1691
1821
1342
1714
1803
2283
4962
4962
4959
4962
1785
1792
1871
1745
1858
1859
2246
1792
1792
2253
2253
1865
1832
500
2340
2949
1404
2754
1745
2227
1778
499
2758
2575
3017
2950
2958
2538
2029
1928
2754
1697
941
1798
1869
2220
1976
2160
2144
2144
2144
2196
2196
1608
2160
833
833
2144
2144
2160
2160
2160
833
2144
2144
2037
2144
2196
2196
2145
2039
2160
833
833
2037
2144
833
2144
2144
1854
1790
1790
1805
2475
1395
2026
1896
1728
1976
1871
2144
2144
2144
2144
2144
1924
1790
1983
2198
877
1790
1923
1668
833
2144
2144
2160
833
1894
2754
2460
2289
2290
2326
1859
1576
1857
2144
2196
2144
2156
2196
2196
2144
1924
2015
2420
1909
1510
1510
2037
1958
1958
2037
2160
2669
2289
1828
1343
2144
1686
1694
1590
1519
2160
2160
2144
833
1703
1925
819
2220
2027
1923
2253
1958
1932
1950
1950
1968
1945
2035
2160
1609
985
1958
1860
2144
1510
2160
2160
1932
2160
2160
2160
1958
1932
1950
1968
1950
2066
2066
2054
2066
2200
2200
2200
2200
2066
2160
2035
2035
2035
2114
2114
2114
2035
2035
2160
1657
2160
1284
366
2184
824
2167
2200
2200
2200
2200
2200
2200
2217
2200
2464
2228
824
985
1835
2284
2270
2217
2200
1950
2160
2160
1968
1968
2035
2077
2077
2058
2066
2115
2054
2054
1958
1987
2130
1067
1067
2131
2396
1067
2396
2160
833
1510
1510
2196
2144
2144
2144
2156
2144
1743
1973
2188
2634
2037
2160
1895
2042
2160
2196
2156
2156
2160
2160
833
833
2160
2559
2198
2336
1794
1668
1747
2196
1747
1857
2039
769
1590
985
1822
1510
2144
2160
2160
2160
2160
2160
2160
2179
2335
2190
1437
2475
2643
2531
1950
1608
1751
1842
1705
2188
2322
2235
1958
1608
2035
2145
825
2144
2160
1983
1800
2460
824
1950
824
2193
2193
1851
1851
1932
1932
1950
2193
1955
1950
2193
2193
2193
1851
1851
824
984
2035
2035
496
2042
769
1608
985
2039
2288
2198
1803
2283
2028
499
2042
2186
2230
2230
2230
1704
1609
824
1580
1795
1895
2186
2230
985
2160
2160
833
2558
2372
4864
1887
878
4864
2530
2234
824
2193
824
824
2237
1608
1818
1590
2160
1802
1932
1945
770
1893
2412
2217
2217
2297
2270
2217
2200
985
769
2156
2160
1590
1590
769
769
1974
2370
2363
1818
1893
2336
1795
1818
1301
819
1788
2335
1800
1537
769
1893
1974
1895
1793
985
2160
824
1576
2247
2524
2039
2181
2384
2247
2754
770
1729
2025
1850
1793
4962
2283
1998
985
1895
1301
1793
2253
1301
1968
2055
2055
2114
2105
1950
985
2217
2270
1850
2230
2130
2146
2160
2302
3047
3249
824
2193
2585
2523
2782
2782
2782
1793
1301
2130
2130
833
2220
2494
2794
1862
1301
1301
2160
2077
2114
2115
2077
2077
2077
2077
2077
2035
2035
2077
2144
1958
2160
2653
2971
3400
1793
2326
2326
2326
2533
2881
2001
2370
822
2701
1971
2530
1968
2058
1950
1999
1999
2533
2326
825
2653
3077
2634
2255
985
1851
2193
824
2466
769
1301
2669
2338
2379
2396
1067
2687
1067
1067
2160
2160
1968
2672
769
2326
1396
1396
1067
2131
2160
2160
1950
985
2284
1838
985
769
2523
1395
2077
1301
1301
2035
2701
2476
1835
1838
2284
2217
2217
2200
2337
1893
2407
2407
2835
2323
2193
2193
1950
1950
769
1974
2183
2144
2037
1952
2634
985
1950
769
1950
2395
2687
1301
4953
2687
2687
2687
1067
1760
2368
2634
2755
3385
3484
3330
1998
1398
2672
2326
1932
1405
2834
481
3315
2635
482
2474
2642
2511
2385
2193
2393
2360
985
2193
769
1396
2376
2318
2377
1958
2037
3463
1950
1620
2228
1893
2687
2687
2687
2762
2747
3060
2742
2824
2680
2680
825
2172
2174
3077
1810
2193
2025
1893
2363
2363
2035
2558
2964
1968
1838
2291
2850
1893
2173
2031
2031
3077
2511
2193
1620
2782
2035
2305
1085
4857
1082
2942
3178
1075
1082
1082
3238
3208
3208
3083
3239
3894
3914
2661
3914
3239
3239
2661
3941
3941
3941
3914
3834
3486
2782
1396
2471
2193
2193
2809
2393
2855
1082
1076
3238
3238
2959
3209
3238
3209
3209
3126
3208
1078
1078
2942
2942
2761
1082
2942
2959
2779
2682
2318
2533
2558
2183
2183
2200
1835
2496
2668
2668
3687
3688
3922
2598
1087
2037
1950
2247
2941
1577
2077
4980
4973
2627
2686
2860
2860
2628
2628
2628
2886
2887
4051
2860
2628
2628
2888
2826
3046
2696
2628
2628
2627
2889
2755
3281
2490
3582
2781
3688
2642
3315
2217
2200
2217
2193
2727
3049
3048
2090
2834
507
2463
2462
3827
4090
4090
3746
4122
2857
3265
2879
2879
2878
2791
2037
2200
2200
2496
1893
2629
2680
2629
2685
2629
2680
2629
2695
2747
2680
2747
2747
2691
2747
2695
2680
2629
3132
3029
3030
2696
2988
3069
3328
3336
3302
2680
2917
3456
3482
2927
2927
3465
1955
1893
2779
2339
2318
2680
2680
2680
2077
2629
2690
2888
1932
2860
2719
2429
2592
2583
2985
2957
2985
2328
3316
1079
2682
2630
2694
2989
4084
3588
2739
3372
3449
3483
3449
3378
3658
3737
3696
3389
2986
3065
2680
2077
1956
1932
2037
2701
2633
2361
1950
2115
2680
2762
2762
2846
2629
2629
2679
2764
3464
3796
2139
2585
1903
1396
1396
2733
2630
2284
2817
2687
2687
1968
2114
2114
2629
2719
2860
481
2817
2583
2816
2730
2874
2687
1974
2533
2077
2114
2114
1950
2889
2996
2217
2775
2630
2692
1966
1966
2779
2522
2811
3599
4059
4090
2980
4014
3666
3738
3481
2058
2686
2889
3283
3017
2414
2376
3065
1932
2971
2891
2290
2290
3356
2533
2290
494
2058
2114
2058
2058
2114
2217
2217
2581
2137
2561
822
2376
2630
3060
4084
2988
2888
2705
1577
1079
2058
1991
1950
2114
2200
2200
2200
2200
3049
2412
822
2412
2297
2733
2681
1990
2290
1079
2238
2031
3046
3186
2911
2695
2691
2628
2491
3078
1582
2893
3618
2168
2989
3037
1990
2114
2054
2066
1577
3112
2115
2114
3353
2377
3578
2881
2533
3046
3263
3329
3461
2741
3378
2471
2477
2635
2217
2811
2881
2697
2114
2917
2644
2471
2361
2655
2656
2891
2656
3744
3744
2656
3095
2200
2270
2115
2533
2364
2881
2881
2200
2681
2257
2412
2829
2054
3317
3316
3113
2682
2734
2734
2857
2734
2682
2879
2734
2734
2734
2857
3131
3298
2271
2001
3007
2054
2200
2200
2054
1950
2200
2811
3599
3468
3468
3730
3730
2821
2822
2822
2822
2822
3468
2857
2734
2404
2926
3677
3188
1084
2734
3398
3269
2988
3398
3434
2991
2741
2886
2623
2861
2995
3264
2728
3191
2897
3277
2217
2054
2200
2200
2668
2668
3649
2594
2616
2217
2942
490
2115
3113
2734
2671
2115
2257
3131
3345
3346
3070
2270
2114
3371
3434
3434
3328
3399
3466
3395
3040
3224
3708
3041
4093
4142
4142
3349
3160
2795
2666
1076
1082
2731
1082
2731
2665
1082
2734
2217
2217
2217
2257
2217
2217
2200
2217
2217
3228
2107
2881
2881
2054
3371
3415
3466
3433
3733
4132
3072
3074
3715
3940
3160
2627
2829
2200
2942
2878
2942
2818
3209
3209
3209
3209
3238
3208
3238
3208
3208
3209
3126
3126
3894
3914
3914
3891
2462
2980
3060
2200
2257
2217
2114
2065
2891
2893
2942
2818
3007
2217
2217
3030
2631
3114
2818
1078
2818
3265
3265
2217
2879
2818
2203
2217
3294
2200
3434
3247
2982
2917
4078
3015
3455
3414
3449
3414
3576
3483
3576
3377
3728
3728
4060
3352
3624
4167
3223
3728
3728
3728
3728
3377
3399
3576
3576
3414
1244
2200
3318
2958
1076
2734
2200
2200
2217
2200
2115
3353
369
2886
2993
2627
2781
2879
2217
2200
2200
2200
2200
2881
3007
2115
2837
3160
3631
1077
3238
1082
2958
3208
3238
3238
3238
3165
3208
3208
3325
3083
3326
3193
3459
2200
2694
2881
2200
2200
3132
2959
1076
3300
2857
2922
2066
2217
2200
2066
3045
3336
3743
4107
3149
4085
3076
3042
3352
3869
3943
3643
3039
3328
3415
3415
3328
2655
3477
2929
3456
3312
2781
2503
2857
2200
2054
2200
2200
2200
2054
3303
3371
2490
3416
2818
2066
2066
2066
2060
2054
2200
2115
2054
2200
2200
3386
3417
2840
3455
3238
2811
2959
3208
2697
2066
2881
2200
2060
2200
2836
3419
3466
3369
3348
3415
2644
3235
2628
3379
3238
3238
3265
3208
3275
2066
2066
2200
2066
3348
3414
3449
3576
3328
2729
2200
3814
3349
3455
2668
2492
3209
3208
2541
3237
3232
3247
3477
3875
3834
3406
2781
3105
3083
3208
3045
3319
3186
2290
3208
3208
3238
1078
3238
2290
3328
3263
3413
3484
3209
3083
3207
2881
2836
3356
2881
3419
3619
3349
3708
4142
3041
4092
4178
4131
4186
3443
3431
3040
3224
3396
3040
3433
3624
3433
3319
3672
1577
2859
3238
3208
3208
3208
3197
3308
3275
3638
3220
3696
3302
3269
3349
3224
3434
3224
3455
3399
3576
3434
3433
3676
3247
3239
3239
2614
2836
3578
3369
2861
3349
3434
3576
3103
3238
3007
3221
3224
3396
3224
3676
3040
3648
3083
3209
3126
3487
3126
3914
3914
3914
4047
2931
3941
3875
3720
2290
3353
3011
3449
3186
2993
2948
2881
2836
2836
3349
3505
3943
3676
3173
2623
3801
3387
3265
3389
2948
3349
3466
3224
3040
3387
3239
3239
3239
2568
4011
3743
3076
3397
3415
3424
3208
3007
4011
3676
3804
3126
3126
3914
3914
3083
3239
3239
3602
2892
2290
3487
3486
3914
3576
3399
2930
3673
3673
3673
2553
3330
2746
3239
3083
3239
3239
3126
3486
2568
3943
3943
3673
2930
3409
3820
2892
3804
2668
3894
2659
3419
3464
3676
3355
3239
3208
3126
3629
3353
3333
3711
3943
482
2474
3594
3995
2668
3696
3914
487
3643
3840
3554
3721
4166
4053
4148
3785
3765
4189
4899
3988
4272
4221
4221
4190
4190
3520
3520
3372
2933
3475
3646
3647
3647
3647
3647
3646
3552
3698
3674
3646
3532
3548
3633
3623
3667
3646
3647
3710
3698
3674
3721
3522
3522
4091
3840
3840
3710
3646
3595
3623
3645
3841
3613
3729
3613
3613
3613
3613
3613
3613
3710
3710
3646
2890
3646
3096
2795
2290
3637
3637
4107
3629
3940
3584
3840
3554
3840
3590
3943
3520
3646
3943
483
3674
3698
3522
4131
3007
3894
3914
3914
3397
3396
3399
3377
3728
3377
3377
3399
3399
3674
3698
3522
3351
2822
4120
4107
3626
3629
3646
3647
3674
4912
3698
3040
3387
3126
3325
3119
2661
3914
3894
3221
3480
3399
3698
3708
3721
3060
3387
3337
4087
3619
3715
3304
3340
3943
4091
3698
3698
3522
3522
2735
3390
3126
3914
3318
3618
3698
3521
3341
4141
3483
3483
3826
3378
3609
3146
4129
3068
3068
2740
3551
3674
3552
3522
3329
2930
3522
3522
3624
3837
2668
3696
2822
3674
3698
3721
3614
3827
2822
2998
3618
3618
3834
3914
3796
3728
3576
3604
3522
3174
3719
2624
2853
4102
3239
3239
3199
3377
3340
3708
3522
3522
4084
3914
4087
3584
3550
3595
3351
3685
3827
3522
3220
3239
3914
3835
3522
3137
3624
3674
3702
3739
3007
3715
4142
3728
3483
4060
3826
3826
3223
4173
3378
3826
4060
4179
4176
3827
3699
3320
3699
3495
3710
3710
3710
3710
3646
3710
3710
3613
3613
3613
3613
3613
4030
4113
3783
3780
3710
3613
3613
3783
4113
3613
4113
3784
4148
3535
3671
3880
3644
3721
3522
3341
4141
3522
3880
3710
2811
3468
3468
3468
3239
3914
4047
4047
3688
3502
3199
3941
3941
3941
3073
3720
3727
2644
3824
3040
4091
3337
2853
3686
3390
2659
2659
3596
3728
3728
3223
3891
3745
3837
3351
3174
3701
3468
2668
3007
4047
3686
3709
3480
3880
4091
3483
3721
3468
2668
3457
4010
2668
3502
3686
3649
2595
2595
3402
3307
3636
3535
3709
4177
3139
3666
4162
3676
3468
3649
3745
4090
3941
4078
4109
3926
3797
4092
3588
3007
3007
3649
3711
3941
3715
3827
3827
2739
3522
3914
2661
4169
2668
4177
3728
3826
3672
2913
3624
4167
3708
3710
3899
4156
3735
3737
2836
3645
3941
3645
3729
3647
3647
3535
3686
3686
2596
3688
3794
2595
3009
4198
4339
4346
4290
4105
3715
3941
3727
3837
3148
4895
4228
3987
3998
3984
3531
3633
3633
3548
3548
4030
4030
4030
3729
3784
4030
4030
4030
4187
3765
4082
4030
3729
4030
4030
3907
3919
4213
4899
3568
4190
4082
3907
4187
4187
4082
4187
4030
4030
4030
4113
4030
3613
3729
3613
3613
3613
3611
4087
3994
4060
4091
3721
3621
4888
4892
4894
3569
3766
3568
3766
4187
3750
4133
3751
2290
3007
3148
4085
3826
3702
3575
4893
4213
4272
3763
3991
3538
3572
3660
2742
4120
3554
3223
3594
4091
3710
3698
3529
3918
3992
3560
3621
3560
3539
4335
4892
4893
3770
3774
3899
2915
4192
4122
4090
3687
3903
3827
3319
4141
4093
2992
3145
4192
3609
3607
2913
3352
3560
3730
4173
3708
3609
3826
3869
3698
3636
3893
3903
3707
3321
4103
3349
4177
4091
3613
3710
3721
3710
2505
3535
3041
3041
4093
3607
3740
3903
4162
4162
3708
3007
2614
2614
2594
3147
3147
3150
3828
4053
3879
4174
3223
4060
4060
4179
3689
3889
3901
3688
3352
3721
3527
3560
4009
4228
4157
3775
3007
3402
3349
3607
3903
3699
3658
3688
3496
3730
4212
3320
3352
4162
3041
4093
3710
3710
3868
2975
3150
3870
4112
3903
3354
4162
4162
3903
3689
3721
3880
3710
3710
4141
4159
4131
3901
3922
4092
3536
3588
3011
3889
4162
3880
4141
4178
4174
3352
3710
2737
3041
3041
3352
4141
4141
3710
3902
4142
4174
3042
3341
3984
3763
4899
4272
3784
3868
4059
3880
3880
4053
3779
3613
4053
3636
3042
3352
4142
3457
3446
3862
3636
3842
3842
3577
3859
4275
4275
4339
4347
4397
4416
4528
1250
4418
3352
3880
2601
3710
3613
4221
3766
3321
3902
3042
3880
3710
3613
3613
3763
3770
4194
3710
3772
3569
3784
3784
3013
3769
3766
4190
4053
4190
3710
3784
3636
2596
2596
3008
2596
3794
3723
3795
3636
3014
4312
4350
4312
4312
4921
3015
4049
4049
3939
3457
3009
2598
2598
4198
3613
4187
2596
4250
4012
3766
3766
3011
3862
3613
3766
3766
4187
4190
3569
3613
4012
2600
3014
3833
3833
3015
3784
4113
4030
4198
3859
4312
4105
3936
3015
3926
3766
4198
4276
1248
4312
4252
3888
2601
3013
4030
3882
2599
4082
4082
4187
4082
3013
4082
3569
4030
4030
4030
4030
4030
4030
4030
3853
4276
4187
4187
4030
2601
4311
4118
4279
4279
4290
4290
4342
4290
4342
4290
4290
4290
4339
4276
4261
4312
4262
4276
4275
4271
4254
4276
4312
4291
4332
4339
4291
4350
4347
4348
4256
4350
4350
4256
4360
4362
4362
4407
4355
4352
1250
1250
4407
4455
4594
4460
4364
4364
4733
4733
4751
4752
4371
4372
4364
4466
4587
4592
4592
4587
4312
4312
4257
4405
4463
4420
4203
4420
4359
3935
4276
4291
4400
4296
4254
4420
4415
4312
4257
4312
4256
4256
4256
4350
4350
4257
4347
4347
4257
4307
4257
4257
4262
4347
4353
1248
4347
4348
4347
3936
4302
4351
1248
4356
4257
4257
4257
4338
4346
4255
4407
1250
4407
4672
4731
4460
4553
4364
4587
4592
4586
4364
4371
4371
4364
4553
4364
4364
4364
4552
4459
4459
4403
4404
1249
4418
4400
4400
4460
4255
4348
4343
4350
4405
4353
4254
4408
4362
4412
4347
4348
4332
4350
4257
4255
4406
4406
4352
4362
4350
4462
4359
4587
4592
4426
4428
4372
4755
4634
4394
4634
4701
4755
4587
4459
4459
4586
4466
4364
4364
4364
4586
4587
4459
4348
4347
4586
4371
4371
4587
4364
4586
4587
4459
4348
4350
4592
4592
4426
4592
4256
4352
4344
4354
4426
4592
4592
4592
4371
4428
4332
4400
4256
4304
4592
4256
4352
4592
4371
4752
4418
4256
4587
4400
4372
4752
4459
4459
4466
4394
4552
4459
4552
4587
4371
4407
4463
4415
4372
4752
4752
4352
4355
4587
4362
4359
4352
4352
4517
4400
4586
4394
4394
4372
4352
4350
4634
4394
4400
4400
4371
4394
4415
1250
4400
4459
4459
4549
4459
4406
4407
4455
4418
4420
1250
4352
4420
4418
4423
4457
4672
1250
4404
4752
4304
4466
1250
4371
4364
4203
4420
4529
4752
4372
4352
4403
4455
4460
4543
4363
4457
4468
4460
4614
4614
4404
4752
4372
4371
4407
4406
4406
4752
4459
4468
4362
4752
4403
4457
4404
4428
4461
4461
4588
4588
4364
4733
4731
4731
4731
4731
4364
4731
4741
4207
4206
4634
4372
4466
4305
4634
4457
4647
4396
4397
4463
4419
4589
4589
4589
4423
4755
4636
4715
4715
4731
4715
4364
4460
4305
4517
4755
4731
4731
4714
4364
4424
4404
4517
1250
4406
1249
4424
4457
4755
4375
4634
4553
4553
4553
4731
4206
4731
4588
4701
4701
1250
4404
4460
4542
4731
1250
4634
4701
4701
4460
4372
4636
4633
4733
4517
4460
4550
4528
4470
4516
4455
4419
4636
4207
4207
4393
4460
4543
4419
4495
4516
4206
4205
4594
4516
4578
4731
4517
4578
4731
4715
4550
4207
4672
4594
4594
4731
4735
4206
4206
4206
441
316
25
22
22
312
343
22
343
93
40
41
308
40
964
787
647
785
630
757
713
713
793
4796
691
616
709
4821
4818
646
646
4795
4814
965
712
616
647
975
1353
1006
691
4795
797
688
638
706
551
4949
607
641
786
647
643
1006
1495
1495
1495
1433
1418
1414
1371
1502
1502
1418
749
1944
2035
2160
2077
2058
2035
2035
2035
2687
2734
2762
2762
2283
4962
2762
2687
1803
4959
2680
4973
4973
4964
4959
4978
2160
1968
2881
3569
3646
3646
3613
3613
3531
4133
3907
3569
4187
3647
4113
3647
3710
3710
3647
3613
3613
3647
3613
3647
3532
3729
3729
3613
3647
3990
4895
3566
4896
3647
4030
3784
4080
3569
3751
4888
3720
3009
3794
3794
3723
3723
2616
2595
3842
4221
4407
4428
4755
4752
4426
4459
4587
4468
4587
4552
4371
4371
4364
4364
4470
3710
3710
3710
4811
1033
973
754
4810
1054
971
2407
2680
2680
2131
4953
4953
4953
4953
2685
2679
4978
2685
2680
2679
2680
2679
2674
2685
2396
2685
2719
4978
4978
4953
4953
4953
2685
2396
2131
4978
4978
4975
4975
2131
2679
4953
2200
3208
3914
3914
3209
3914
3914
