228
175
175
188
13
512
184
748
441
752
527
544
2097
2109
220
519
173
531
357
324
378
408
10
192
220
220
298
436
378
8
9
50
46
4784
4784
378
220
220
8
220
408
260
220
228
120
442
540
443
627
716
716
389
415
219
110
220
8
437
408
378
378
408
4784
212
4784
4784
9
408
408
433
408
436
228
195
431
408
8
8
8
260
378
433
517
517
517
505
425
192
186
50
212
212
220
220
225
52
220
220
219
219
419
437
255
220
225
50
50
212
127
228
260
491
260
219
228
219
225
186
186
217
440
541
538
538
117
766
2326
2254
815
815
533
117
538
220
419
8
228
262
391
186
260
220
8
174
519
186
8
280
8
8
357
9
9
4784
4784
9
48
311
9
10
46
48
48
46
296
50
315
178
120
120
418
262
186
49
357
9
437
165
523
540
540
533
533
533
533
533
2227
2153
2071
2071
2146
2143
2143
2143
2146
2081
2108
2109
2101
526
544
489
2107
120
411
544
544
2097
2227
186
8
49
8
378
416
220
499
495
490
50
509
493
422
8
436
437
306
627
509
50
49
8
50
440
527
752
752
441
220
716
624
506
524
507
766
506
127
49
50
150
378
490
423
527
165
520
491
10
391
486
49
408
378
311
521
12
13
3
717
519
519
441
408
420
150
527
544
315
538
538
436
212
212
378
315
498
510
189
13
627
495
442
441
748
408
8
442
195
117
9
50
8
378
4784
433
324
10
10
195
517
717
533
177
496
524
526
527
752
507
510
661
512
441
195
491
531
10
436
150
743
542
117
511
507
431
10
221
4784
531
443
533
378
378
540
441
752
150
4784
526
2109
2070
914
914
757
757
2291
2291
2282
2703
348
348
3486
3016
4144
4122
4236
3957
349
3352
4122
4236
408
517
12
543
13
4784
46
752
2177
2101
2101
2070
914
2289
2177
116
512
517
693
759
544
531
491
408
378
4784
311
627
538
441
433
48
4784
9
491
511
540
433
9
533
746
117
4784
2038
491
433
431
117
766
4784
4784
10
441
10
324
408
408
433
324
9
752
766
533
815
2255
2287
2287
2287
2254
766
4861
182
533
2154
2154
751
2177
766
441
533
815
2330
2227
2177
825
2135
2254
2033
2033
2257
2033
2033
2256
2256
2256
2256
666
843
2251
2277
2593
2859
2737
3853
3853
3854
3702
3562
3432
2686
466
2834
471
1690
1452
1277
1377
1377
1575
1575
1420
2931
2583
3354
2721
484
2789
4974
2314
2177
2097
2154
533
2227
2098
533
2146
116
2227
2109
2071
2146
2154
2070
2326
2117
2227
2154
2314
2098
2143
815
2070
2146
2109
2326
2135
2314
2254
2070
2070
2291
2431
364
2431
2153
712
570
705
642
770
704
628
642
712
713
756
683
715
713
573
4856
571
652
720
795
683
4847
767
715
685
785
645
760
760
761
814
891
891
891
891
903
903
997
997
1090
1311
1176
1220
976
986
594
1040
1096
1130
947
1610
712
712
712
640
4856
640
640
713
720
712
562
563
630
561
562
4851
680
619
730
705
731
669
770
744
2135
2326
713
713
714
684
4823
852
760
576
657
657
713
756
764
764
795
1093
790
886
756
756
795
715
756
767
4847
685
791
761
791
761
814
941
1065
980
2101
2048
2431
2431
2182
2431
2070
704
824
642
712
711
756
712
628
705
704
2314
2314
712
628
770
767
715
685
790
646
756
795
795
715
685
685
2146
2108
914
2291
2291
670
731
563
710
669
569
628
563
704
711
824
705
770
708
642
711
795
756
756
756
790
767
756
790
790
646
791
646
836
836
669
669
710
730
561
676
770
733
895
895
885
4857
614
4835
778
4805
792
767
790
669
669
676
2146
2146
2326
760
2109
2071
2146
2289
2070
2256
2143
2143
2256
2254
2256
2257
2070
790
2289
2130
914
914
2291
2071
836
886
2098
2070
731
874
2254
645
646
646
933
4849
834
829
4850
4850
4851
680
1054
735
885
2143
2254
2287
913
2033
2144
2254
730
791
791
761
2033
2070
2146
790
708
708
823
709
2032
853
680
834
614
2143
2287
776
745
829
1181
855
633
735
680
972
1180
1190
812
1133
1063
901
2289
3054
2968
913
2319
2071
621
4805
4827
885
845
1047
2287
2146
2287
895
2255
891
814
834
733
2255
2360
901
814
814
895
853
990
2289
2431
2431
814
1069
1113
1112
4828
4828
4807
785
2287
1266
735
2287
2032
811
814
966
990
2287
2287
4888
2646
2629
2579
2968
2287
2287
2319
2646
2646
2287
1256
2431
941
810
2360
2182
2628
2431
891
814
4857
4819
4819
1048
1045
1181
891
891
966
966
2287
2289
593
1048
847
1048
2287
2287
4888
2968
2143
2256
2256
2256
914
914
914
757
666
944
1256
1065
1087
2431
2234
1830
1831
2578
2628
2579
2579
2579
2579
2579
1831
1831
3486
3486
3486
3486
3486
3486
3485
3486
1831
2183
3245
4812
895
1052
927
812
593
891
903
997
1098
891
902
1180
813
1075
1524
943
1077
1120
1000
1006
1136
1224
597
1135
1768
1388
1349
1273
1263
1216
1236
1554
1716
2292
2550
1075
1567
1810
1003
597
1040
1250
938
937
993
1108
1127
1607
1714
1322
1136
1035
1074
946
1200
1558
1133
1119
1096
1184
1295
1174
1087
1345
1178
1567
936
976
1120
813
592
967
2254
2254
2143
2143
1245
1136
1283
1962
1492
1020
1319
1205
1140
1327
1811
2057
1186
1015
1818
1486
1341
1018
1131
1000
592
903
903
2287
1222
1962
1824
1011
1248
954
1365
2256
2254
1223
657
859
724
582
973
1323
937
997
1045
1107
634
634
1108
1107
1107
851
851
4838
4819
632
631
632
851
2287
2287
1221
2431
2578
2431
2628
2579
2578
812
1487
1273
1007
979
1274
1274
4844
4808
579
1501
1566
1190
965
1200
2182
2578
1005
4808
947
1490
1197
1503
1487
942
1021
1269
1311
984
1114
1001
2287
982
937
968
939
928
997
1107
851
4836
636
4836
4808
4843
4843
4808
4808
4845
4845
1191
1471
1294
996
1245
1264
1121
967
1037
1205
1498
1018
1225
1707
4808
1126
2289
994
4828
1768
1171
1426
1137
1211
1217
1288
1288
2077
1743
1344
2327
2415
2415
2406
1795
1865
2684
3039
3312
2916
2916
3011
3011
3011
3312
3137
2656
2405
2415
1271
1426
1270
579
1293
1121
1094
1197
1517
4888
1210
4844
1114
4808
1179
1141
1330
1212
1608
1188
4844
1190
1253
1258
1023
997
1260
1245
1291
1257
1644
1673
948
1404
1667
914
1341
1373
1012
1500
1171
2287
1246
1142
1237
1326
1453
1137
1179
1678
1450
1263
1205
1372
1616
1018
1500
2360
1209
1232
1277
1374
1375
1375
1234
1179
1170
1211
1142
1234
1234
1263
1264
1137
1263
940
1089
1170
1246
1137
1268
1802
4845
996
1190
1315
1387
1258
1263
591
934
1091
1341
1374
1247
1247
1211
1232
1315
589
1172
590
1372
1139
1247
1211
1294
2291
1371
1944
1143
3054
1232
2182
1361
1264
1287
1498
1568
1203
1212
2234
1018
1209
4888
1566
1140
1140
996
1227
2291
666
664
2060
1300
347
349
2714
4271
4272
4433
1303
4433
4509
4509
1311
588
1173
1203
1232
1089
1092
1013
1139
1016
1962
954
1388
1277
1261
1204
1169
2256
2256
2256
2256
2256
2256
1227
1550
1762
2703
2703
590
1089
1170
1323
914
666
2234
2234
2234
2234
1175
1375
1357
1146
1343
1140
1141
1400
1185
1399
1261
1486
1170
1016
1743
1375
2968
1376
1389
1553
1264
1141
1141
1090
1258
1017
1013
1013
1827
1351
1354
1962
1325
1355
1848
1848
1895
1988
1239
1325
1485
1327
929
929
4859
996
996
1023
4859
1317
1260
1387
1424
1311
1387
1399
1424
588
1174
1537
1766
1261
2256
2256
876
2033
2033
2256
2256
2257
2256
873
835
1504
1562
1526
1697
1576
1735
1893
2256
888
996
1261
2291
1334
1340
1042
1327
1219
2257
2256
2033
2257
2144
2373
1965
2702
2637
2629
2579
2256
757
666
1527
1997
1444
2857
3552
3555
3597
3030
1043
1066
1258
1171
974
1291
2256
876
1438
1562
1569
1569
1237
1043
1258
997
997
889
997
891
891
666
664
2234
1287
1220
1374
1239
1238
1251
1269
757
666
1479
1701
1483
1666
2804
1177
1017
1568
1599
876
1485
1292
1314
1238
666
1761
1349
1350
1934
1012
1827
1934
1012
1744
1323
2256
2033
2033
2144
2144
2256
2256
1172
1331
1331
1199
2234
1373
877
835
1934
2587
2629
2319
2144
2144
913
2319
2319
2319
876
665
1535
1233
1009
2968
1601
2144
913
1569
988
1251
1197
1145
1815
1013
4888
2368
2635
2635
1336
1514
476
1030
876
2578
2578
2578
1535
1330
1233
757
2587
1600
1493
2033
2144
2033
2144
2033
1377
1406
877
1827
1758
1645
3054
1336
2257
1539
1683
1577
1526
1611
1513
1565
1821
1408
1438
1455
1199
1314
1010
955
1325
948
2373
1604
1346
1286
1251
1827
2033
2578
1377
1546
1643
1097
1229
1013
1922
1921
1948
2708
3745
2709
2894
2547
2893
2751
2750
1506
1726
1510
1452
2968
3027
2579
2579
2579
1231
1800
867
1719
1559
1248
1079
2578
2578
2578
2578
1491
1851
1611
1668
1683
1506
2088
2719
1417
1532
1725
2589
2590
1726
1228
1540
1765
1806
1380
2144
1611
1714
475
1536
1243
1359
1805
2144
1684
1671
1629
4865
1426
1514
1413
1681
1756
1455
1565
1410
1529
548
1353
2282
1858
1526
1489
1565
1293
1353
1608
1858
1718
1718
2579
1489
1576
1576
1683
1363
1349
1815
2264
3034
1410
1480
1590
1297
1643
477
1603
2343
2022
1961
1932
4888
2635
2606
2635
1533
1529
1643
1850
1358
1452
1432
2578
1243
1407
1831
1831
1831
1331
2703
1549
1825
1358
1378
1275
1362
1463
1214
1825
1652
1599
1339
1440
2377
1492
1339
2679
336
3350
2703
1355
1765
2133
1865
1799
1805
2352
3027
1032
1359
1389
1357
1493
1010
1351
1346
1186
1831
2282
1386
2000
1982
1711
909
2057
1358
1541
2703
1850
1962
1292
1811
1631
1366
3444
3486
3214
1831
348
1737
1571
1540
1873
1388
1330
1772
2075
960
1846
1927
1575
1742
1822
1690
1460
1456
1011
1213
1575
1606
1921
1932
957
1860
2019
1772
1528
2021
1357
1358
1940
2133
2379
2949
1690
1186
1555
1528
1970
1772
1494
1556
2651
1882
2540
2495
2471
2494
2611
2611
2803
3882
456
2086
1326
1834
1540
2629
1821
2703
1614
2279
3034
1342
1681
1617
2578
2628
2628
2578
1680
1386
910
1806
1806
1765
1381
1867
1382
1986
2018
1978
2629
1014
2579
2578
1770
1926
2235
1998
2095
1848
1874
1631
1879
1597
1847
2579
2579
1811
1742
334
2520
1965
1638
1907
1660
2547
1749
1813
1765
2579
1407
1771
1440
1960
1806
1737
1997
2635
2606
1382
2404
1864
2579
1704
2485
2628
1214
1974
1976
960
2409
1849
1805
2579
1613
2646
2629
1874
1805
1865
2352
1796
2077
2095
2104
1626
2532
1811
2344
2076
2423
335
1895
2451
3199
1920
2579
1875
2411
2279
1188
1831
1771
1866
1849
2073
2648
1831
2648
2648
2648
2628
2648
2648
2648
2648
1831
2183
3149
3149
2648
2648
2648
2648
2648
2648
2648
2648
2648
1831
1831
2648
2183
2648
2648
2648
2648
2648
1717
1772
1834
3350
2637
2024
2240
1849
1798
2648
2648
2648
2648
2648
956
1875
1862
1875
2021
1961
2648
2648
1831
2648
2648
1925
1440
2434
2091
3671
3402
3395
3456
2579
1940
2283
2648
2648
2648
2648
2648
2648
2578
1831
1620
2579
2579
2648
2648
2648
2648
2648
1831
2001
2974
2114
1865
2648
1360
3027
3027
2628
2628
2183
2648
2183
1831
1831
2578
1831
1831
1434
1986
1895
2648
2853
3149
3149
3149
3149
3149
3149
3149
2648
2579
3149
2648
2648
2629
3149
3149
3149
3149
3486
3486
3149
3149
3149
3149
3458
4038
4038
4038
4038
4038
4038
4038
4038
4038
3149
3149
3486
3486
3486
4039
3016
3486
3486
3486
3486
3149
2648
2628
2183
3149
1831
1831
3444
3486
4038
4038
4038
4038
4038
4038
4038
3458
3458
4038
1977
1949
1993
2365
2579
3034
2579
2579
3292
3292
3149
3149
3149
3149
3486
3149
3149
3149
4038
4039
4038
4038
3149
2217
1147
2455
2560
2534
3149
2648
2183
2579
2648
3149
1831
1831
1831
3486
1831
1958
2805
2584
3149
3149
1865
2002
2002
3149
2648
1831
2578
3245
1831
2703
2651
2476
2648
2242
2648
1831
2628
2578
2579
2648
2579
2579
3027
2579
3245
1831
1831
1831
1958
2550
2550
3017
348
349
2104
3149
2578
1831
1831
3245
2019
2087
2345
3149
3054
2628
1831
1831
3245
1875
1857
2410
2365
2365
2365
2365
2365
2365
3034
2365
2365
2365
2365
2365
2365
2365
2365
2365
2365
2365
2365
3051
2365
2365
1619
3149
3149
2568
2002
2579
1831
2579
1831
1772
2703
1814
1951
2133
1743
2454
1831
2365
2365
2428
2334
3149
1865
2408
1831
2235
3486
3486
2270
4887
449
1739
2365
2365
2365
2365
2365
3149
2579
2327
3486
336
3149
3054
2579
3458
3458
3458
3458
4038
4038
4038
4038
2579
2579
3149
3486
2579
2579
2579
2579
3458
3458
2453
3149
1831
1967
1967
2253
1146
3149
1861
2386
2579
2579
2579
3458
3149
2579
2322
2365
2477
2294
3149
3245
2292
3008
3026
2236
2579
1871
3671
1968
2707
3486
3486
1877
482
2637
2405
1794
2405
1796
2506
3486
3486
3486
3486
3486
2590
1887
2579
3034
3051
2365
3034
2404
2328
3149
3486
3486
2590
481
3397
2755
2365
2365
2090
2830
2450
2450
3025
2241
2405
2405
2522
2341
3486
2983
2345
2451
1996
1343
2677
3486
3486
3016
3879
3486
3486
3486
3486
3486
3486
3486
3486
3486
1885
2472
2611
3666
3567
2637
3461
3461
3458
3458
3458
3458
3563
3563
4038
2579
2481
2742
3149
3149
3149
3149
3149
3403
3461
3461
1384
3486
2602
2858
2736
2741
2858
3051
2365
3051
3051
2365
2643
2579
2405
2703
2830
2772
2506
2677
2560
3486
3486
3149
2654
2404
3461
3461
3458
2488
2522
3486
2366
2366
3034
3034
3034
2579
2579
3089
3149
2579
2506
3486
3486
2590
2590
2276
2579
2579
3458
3458
3458
3458
3034
3149
2579
2218
3030
3166
2365
2365
2365
2365
3292
2365
2579
2579
3485
3486
3486
3486
2651
2552
3051
3149
2365
3292
2677
1165
1165
4881
1165
3011
3486
3486
4038
2742
3087
3761
3886
2984
2585
3149
3034
2579
3461
3486
2803
2803
2803
2590
2611
2611
4104
4104
3498
4104
1300
3570
4150
2740
3498
3198
2743
2365
3292
3486
2741
3249
2365
3051
2365
3461
3458
3458
3461
3486
2803
3537
3713
3193
1626
3490
1156
3137
3011
2620
3091
4053
2845
4074
3486
3486
3486
2611
3547
2365
2365
2654
3458
3458
4038
3486
3486
3486
2717
1624
2645
3486
3486
3486
3486
2611
3350
3386
2717
2830
1155
2365
2658
3168
3203
3513
3543
3069
3849
3558
2911
3461
3350
2365
2365
2948
2654
466
3203
2762
2761
3203
3207
3250
3250
3046
3458
3458
348
3486
3017
3292
2772
3551
3650
3101
4933
4934
4934
4934
4056
4056
4178
3570
4151
4151
4180
1301
2713
3486
3149
3387
3888
3310
3486
2724
2820
2866
2817
2956
2727
3500
2728
4219
2820
2956
2978
2780
2849
3366
3692
3550
2733
3489
2599
3075
4934
4934
3852
4056
4056
4056
4056
4056
3018
1300
347
2365
2365
2365
2365
2365
3292
462
3486
455
3386
3020
3925
3925
3068
2913
2952
3070
3289
3289
3250
2858
3292
3394
467
2781
2781
2781
2905
2849
2794
2620
3011
2836
2905
2788
2820
2836
2620
2972
2849
2849
2928
3369
3194
2794
3211
3449
3305
3282
3305
3486
3870
3769
3857
3740
456
2365
2579
2808
1624
1165
3011
2905
2817
2780
3486
2776
1447
3034
2751
3287
3235
2808
1157
2836
2620
3281
3366
2846
4117
3083
2840
4052
3053
3439
3359
3281
1160
3486
3486
2781
3486
2803
3353
2611
3523
3009
2591
3034
2889
3137
3312
2849
2781
3486
2781
3758
3755
3458
1624
3458
3458
2836
3011
3034
3458
3025
3137
3011
3486
3486
3486
3016
2781
3386
4104
2925
1662
3365
1159
3458
3458
3486
3486
3486
3486
484
2729
3458
2547
2620
3078
3486
3486
3486
3097
3088
2837
2848
3428
3848
2837
3863
2846
3746
2799
3486
3165
3336
3458
3281
3078
3857
3464
3538
3695
3405
4038
4038
3405
3402
460
3016
3011
3486
3016
3486
3486
3458
2579
3486
2771
3458
3137
3458
3013
2953
2846
2897
3692
3458
2933
2894
3041
3879
3486
3486
3486
4039
3458
4038
3458
2887
3458
3458
4038
4038
4038
2916
2921
3458
3312
3458
3486
2792
3377
3937
3384
2956
3570
4150
3569
3925
2894
3721
3852
3563
2793
3116
3486
2817
3458
4038
3089
4039
3016
3486
3486
4038
3458
3486
3473
2918
3007
348
3741
1300
3458
1624
3458
3458
3110
3486
349
3486
349
3597
3756
3554
2675
3528
3574
2673
3458
2894
3458
3458
3486
3563
3563
2820
3036
3458
4038
3190
3021
3375
3280
3312
3106
3049
3106
3312
3070
3289
3041
3312
3312
3312
3311
4038
3110
3437
3486
3486
3016
4038
4038
4038
4038
455
3458
2848
3184
3847
3501
3068
3064
3311
3289
4038
3486
3741
349
4104
3458
3340
3486
3004
3369
3083
3783
2727
3876
2727
3550
3234
1623
3375
3340
2990
4143
3458
4038
3387
3101
4122
4932
3896
4937
4937
4937
4932
4122
4144
3046
3924
4039
3011
3458
3405
4038
4038
3458
3110
2796
3306
3110
3486
3081
3218
3730
3678
3451
3509
3792
3744
4120
4158
4113
4221
3127
3546
3217
3706
3135
2688
3651
3458
3458
4038
4038
4038
4038
3563
4038
3211
3486
4038
3486
3487
3223
3509
3424
4221
3410
3415
3576
3796
3517
3496
2733
3023
2718
3250
3070
2761
2761
2761
2760
3707
2838
3458
3458
3458
3458
4143
3741
3434
3070
3405
3563
4038
3882
3876
3049
3070
3070
3311
3311
3458
3289
3070
4038
4038
2796
3016
3486
349
3016
4122
3858
3082
4078
4153
4040
4163
3804
4078
2844
349
3458
2739
3289
4038
4038
2990
4039
3449
3486
4135
4081
347
3311
3070
4038
4038
4038
4038
4038
3016
4038
3016
349
3870
3520
3275
3702
3311
4038
3305
4038
4039
3764
3311
2952
4038
4038
4038
4038
4039
3306
3111
3491
4091
3406
3710
4201
3227
3301
4120
3548
3518
3231
3232
3574
3870
456
3370
2952
2916
3311
3375
4038
4038
4038
4038
4038
3463
2592
3806
3289
4038
4038
4038
4038
4038
4038
4039
4038
4038
3486
4038
2737
2837
3774
3113
4038
4038
4038
4038
3016
3362
3362
3871
3117
3016
3769
3763
3876
3540
3250
3203
3437
4038
4038
4038
3232
2843
3510
3348
3418
3421
3782
3650
3520
4038
3554
3699
2592
3235
4038
3536
4237
3763
4039
3893
3207
2762
4038
4038
3556
3882
2761
4038
4038
4038
4143
4038
3362
3368
3443
3409
4221
3124
3159
4203
4055
4148
3158
3118
3349
3448
3488
3121
3420
3556
4088
4088
348
3937
3426
3101
3774
3013
3375
2990
3282
2799
3573
3418
3495
3424
3487
3792
3218
3799
3451
3228
3070
3280
4038
4038
3893
3423
4038
3221
2740
3311
3203
3305
3121
3446
3907
3938
2918
4079
2761
3699
3673
4038
3016
3679
3854
3236
4038
4038
3128
3156
3121
3123
349
4134
4237
2954
3366
3562
3505
3494
3229
3862
3908
3053
3065
3428
3311
3521
3522
3120
3221
4079
2761
3348
3119
3228
2758
2761
3111
3910
4039
3557
3418
3222
454
3379
3908
3022
2621
3065
3065
3419
3770
4120
3379
2676
4118
3893
3274
3893
3882
4134
4169
2761
3754
3016
4122
3548
4150
3570
3570
3570
4178
3570
4180
4180
4238
3551
2798
3711
3711
3497
3656
3657
3750
3580
3836
3583
4256
4256
4193
4207
4207
3973
4206
4071
4193
4071
4071
3662
3577
3497
456
3664
4911
4912
3632
4906
3598
4950
3604
4082
3742
3737
3646
3780
3987
4353
3981
3630
3781
3951
3739
4904
3940
3810
4159
4218
3845
3844
4191
3661
3660
3729
3625
3690
4164
4035
3630
3631
4912
4311
4311
3822
4923
4014
3823
3829
3829
4303
4294
3640
4240
4240
3646
347
3717
3184
3720
4038
3491
3438
3016
3469
3162
3548
3161
3712
3858
4119
3123
3662
3739
3123
4150
4933
4150
3739
3668
3729
3161
3707
3436
3469
3665
3800
4041
2918
3705
4137
3844
3225
2797
3468
3297
3754
3906
3739
4917
3729
4150
4169
4038
3348
3454
3626
3578
4059
3845
3460
3765
3535
3535
2986
3770
4150
3663
3497
4119
4191
3604
3742
4082
4082
3762
3921
3767
2738
3687
3704
3657
3727
4129
3729
3732
4130
4084
3968
2840
3725
3579
4906
3534
3672
349
3668
3938
3498
3498
4180
4039
3438
3749
3725
3726
3623
4077
3851
2710
3955
4934
3545
3867
3723
4056
4021
3623
2915
4175
4162
4175
3765
2846
4933
3711
2843
3926
4168
4197
3929
3742
4144
2987
3748
3868
4100
4019
2760
4021
4037
3098
2738
3669
3528
3845
2953
3428
4144
3796
3410
4116
4165
4125
3732
4102
3406
3068
3067
3859
4160
4903
3642
4909
4904
3601
4109
3641
3818
4895
4895
4294
3822
4008
4008
4007
4257
3824
3824
4217
4337
3824
3824
4008
3824
3827
4257
4256
3833
3835
4164
4127
4170
4202
4188
3844
4170
4170
3842
3839
4214
4214
2953
3752
3794
4933
4937
4934
4934
4934
4935
3851
3575
3161
4103
456
4117
349
3352
4175
3623
2622
4932
4932
4935
4937
4937
4934
4934
4934
4934
3128
3748
4018
3835
3803
4056
4178
4178
3570
3872
4098
3919
2846
4122
4933
4937
4937
3526
3851
3955
3670
3726
4190
4059
3101
4144
4932
3407
4122
4122
4937
4935
4933
4937
4934
4937
4934
4934
4933
4937
4937
4933
4932
4936
3898
4122
3781
3868
3688
3933
2918
4113
4181
4160
4937
4933
3688
3850
3352
3352
3900
3859
4189
4167
4189
3652
4144
4122
3367
3883
4934
4122
4117
3893
4122
4932
4128
3420
4116
4237
2623
4136
4132
4092
3644
3644
3816
4124
3766
4074
3522
4122
3609
3612
4353
4906
4906
4164
4934
4934
4934
4934
4056
4178
4178
4056
4056
4056
3956
4056
4056
4934
4934
4936
4226
4269
4269
4269
4269
3957
4934
4056
3933
4934
4934
3570
4157
3522
4928
4139
4063
4141
4063
3631
3612
3976
3991
3979
4318
4344
4257
4359
4008
4008
4008
4005
4307
4309
4259
4256
4295
4356
4009
4257
4900
4900
4006
4028
4260
4000
4254
4251
4310
4308
3593
3593
4031
4031
4031
4307
4307
4307
4359
4008
4338
3824
4337
3637
4303
3630
4934
3750
4165
4213
4171
3613
4928
4035
4898
3593
4262
4262
4027
3591
4193
4295
4256
3630
3613
4928
4144
3630
3299
3731
3570
3630
4139
3834
4139
4049
4071
4193
4071
4063
4141
4928
4024
3439
2845
3515
3798
4180
4238
4180
4108
4108
4218
4928
4928
4069
4139
4141
4035
4065
3971
4141
4141
4139
4139
4139
4141
3629
4073
4144
3516
4934
3731
2918
4219
4167
3413
4928
3920
3515
3732
4056
4019
4065
4139
4035
3468
3300
3872
4252
3834
4144
2913
3570
4178
4144
3296
3904
3498
4184
3819
4895
4240
4253
4108
4218
4108
3835
3408
3301
4201
4115
4130
4211
3159
3160
4158
4111
4122
4122
3786
2847
4124
3298
3832
3837
3945
3007
3804
3931
4056
4056
4178
4178
4185
4185
4178
1301
4175
4178
4178
4178
4195
4222
4139
4141
4141
4141
4141
4122
3297
3407
3733
3580
4211
4056
4219
349
3428
3945
4102
3957
4157
4129
3410
4108
3819
2846
3847
3836
3407
3733
3944
4122
3414
3410
4162
3905
3570
3826
4202
4214
4172
3847
3501
4129
4162
4151
4268
3352
4184
4256
3863
4122
1301
4151
4179
4196
3842
3905
4157
3414
4198
4218
4049
4085
4246
4114
4153
3905
4132
3415
3820
2846
3932
4184
3939
4146
4188
4063
4071
4049
4049
4256
4163
3501
3160
4215
3824
4126
3824
3824
4122
4146
4112
4246
4932
4226
4226
4269
4936
4936
4936
4937
4934
4226
4226
3958
4269
4269
4395
4395
4392
4392
2623
3931
4187
3352
4895
4214
4139
4193
4193
4236
3501
4146
4187
4303
4303
4200
4122
4132
4071
4193
4256
4256
4256
4265
4236
4071
3591
4206
4126
4238
4071
3829
4256
4265
2713
2713
4271
4269
4269
4185
4178
2713
4178
4185
2713
3956
4934
3956
4185
4185
2713
4226
4269
4269
4269
4269
4322
4314
4272
2713
2713
4271
4226
4226
4271
4155
4269
3823
2713
4295
4295
4272
4272
4271
4931
4251
4251
4122
4337
4193
4259
4259
4259
3591
3593
3987
4271
4272
4256
4226
4271
4272
3898
4256
4256
4033
4256
4318
4269
4272
4269
4269
3957
4272
4122
3957
4259
4269
4269
4269
4236
4271
3957
4236
4007
4033
4226
3957
4031
4256
3989
4031
3586
3586
3586
3586
4313
3988
4307
4344
4359
4359
4344
4271
4269
4307
4313
4033
4313
4226
4269
4226
4226
3957
3957
4271
4226
4226
4269
4272
2714
4269
4272
4269
4269
4272
4272
4340
4464
4291
4226
4269
4269
4269
4320
3959
4485
4485
4421
4515
4420
4576
4420
4394
4554
4574
4739
4739
4949
4949
4233
4233
4233
4233
4233
4233
4233
4233
4233
4233
4233
4233
4233
4233
4233
4565
4233
4233
4354
4297
4469
4469
4509
4509
4515
4433
4483
4272
4269
4269
4464
4433
4269
4320
4275
4469
4485
4485
4272
4269
4320
4320
4483
4509
4272
4433
4269
4269
4509
1303
4483
4483
4483
4469
4483
4483
4574
4739
4739
4949
4949
4233
4233
4233
4233
4233
4565
4233
4233
4233
4233
4233
4233
4233
4233
4233
4739
4739
4554
4632
4395
3959
4233
4469
4485
4433
4464
4469
4420
1303
4320
4395
4485
4515
4585
4485
4574
4483
4432
4269
4233
4233
4233
4233
4233
4233
4233
4729
4233
4233
4233
4233
4233
4233
4233
4739
4233
4739
4233
4233
4233
4233
4233
4233
4233
3959
4233
4233
4233
4233
4233
4233
4233
4739
4395
4485
4233
4565
4233
4395
4574
4509
4233
4233
4565
4233
4233
4233
4233
4269
4509
4269
4233
4233
4395
4616
4233
4233
4233
4233
4574
4233
4233
4233
4233
4233
4739
4739
4739
4729
4233
4233
4233
4574
4483
4433
4233
4739
4233
4233
4485
4616
4616
4432
4739
4616
4616
4650
3959
4565
4739
4554
4652
4233
4233
4616
4739
4739
4739
4729
4739
4395
4574
4233
4739
4433
4395
4233
4233
4233
4427
4233
4739
4576
4576
4395
4483
4739
4739
4433
4395
4739
4739
4729
4949
4574
4739
4509
4739
4739
4233
4233
4433
4233
4729
4233
4233
4601
4739
4739
4652
4652
4739
4739
4739
4949
4949
4739
4233
4233
4574
4515
4523
4392
4592
4729
4739
4233
4729
4739
4739
4554
4554
4233
4509
4509
4233
4233
4565
4233
4427
4233
4233
4233
4233
4742
4729
4233
4729
4233
4509
4739
4729
4739
4739
4742
4576
4592
4506
4729
4729
4509
4616
4233
4233
4742
4233
4233
4233
4233
4233
4233
4506
4729
4233
4688
4427
4949
4233
4601
4395
4392
4650
4392
4739
4233
4729
4233
4233
4233
4233
4742
4729
4739
4729
4394
4395
4729
4739
4592
4739
4729
4729
4233
4233
4427
4739
4729
4949
4592
4616
4592
4585
4592
4392
4233
4233
4523
4729
4729
4616
4394
4729
4949
4742
4729
4729
4585
4506
4949
4632
4233
4739
4742
4688
4742
4742
4742
4742
4949
4742
4233
4739
4742
127
9
13
9
4784
150
150
46
212
46
441
48
48
549
378
49
436
408
888
929
1045
1045
855
4819
834
834
642
891
891
680
708
680
1045
4835
4860
836
761
834
997
4817
658
658
636
928
619
669
4836
636
635
632
658
890
4859
855
760
760
791
855
787
724
760
761
4853
889
795
728
735
786
1047
574
574
577
4819
733
561
859
859
4813
859
645
658
712
720
1107
997
885
715
767
1052
929
4851
2256
914
914
2256
2146
2146
2256
2256
2256
2033
2257
2256
2287
2287
2254
2257
2319
2256
2578
3149
3486
3149
3149
3149
3486
3149
3149
1160
3011
3312
3312
1845
3011
3011
960
4881
4986
4997
4972
3486
3049
4038
4038
4193
3812
4141
4008
3822
4896
3980
4256
3586
4262
3609
3989
4303
4903
3819
4908
3642
3636
4927
3637
4927
4914
4912
4351
4319
4319
4011
4026
4026
4918
4046
4210
4337
3953
4344
4256
4897
4028
3633
4924
3980
1301
4056
4934
4934
4934
3956
4934
4934
4056
4937
4937
4937
4934
4936
4936
4226
4056
4932
4932
4936
4934
4937
4934
4937
4937
4937
4071
4071
4233
4233
4729
4233
4233
4420
4739
4739
4739
4233
4427
4233
4565
4233
4233
4233
4729
3816
3811
657
4843
4808
1471
1471
579
4845
858
2905
1165
2616
2627
2616
2781
2534
4989
2972
4965
2972
2615
2972
1160
2573
2534
2627
2972
2223
2511
2510
2972
2509
4233
4233
