24
167
2
285
3
144
399
9
346
235
379
501
117
61
343
71
406
287
287
17
116
94
220
38
70
70
309
270
309
409
70
116
113
210
42
211
38
104
120
215
408
340
240
241
241
241
53
95
91
4745
134
343
86
287
391
290
388
388
288
328
58
21
88
100
80
232
38
152
25
80
418
273
73
93
73
178
141
278
169
45
216
38
282
116
88
105
108
108
61
4745
4760
116
111
3
3
271
116
100
116
116
282
231
73
100
73
45
52
219
242
331
331
412
447
125
452
434
344
122
180
141
38
56
55
204
179
141
141
94
204
55
24
335
27
287
19
273
287
3
170
271
267
267
376
3
170
3
171
111
27
167
204
120
141
278
285
285
309
93
215
215
180
180
444
444
442
379
187
517
683
649
513
196
517
455
315
246
311
204
53
253
276
236
220
141
148
211
70
231
342
172
179
3
311
269
121
61
61
167
170
111
227
61
169
46
311
424
424
340
134
93
2
170
269
122
243
279
311
278
3
3
152
311
254
134
271
232
406
2
229
278
29
273
86
45
134
150
45
86
111
51
97
222
401
222
222
242
133
320
87
86
86
224
111
56
1
138
274
215
340
293
294
70
335
178
269
242
221
335
227
309
70
265
18
320
266
225
18
251
309
343
311
2
240
202
243
272
340
331
134
241
297
340
68
343
372
172
3
242
342
53
123
225
288
372
269
225
97
46
9
340
123
202
315
201
387
1481
1482
1365
1329
2306
2231
2547
3044
3389
1332
4031
2979
2042
2978
273
225
134
3
171
182
202
243
319
349
796
531
655
319
447
291
170
290
312
406
18
287
45
273
399
133
331
322
322
182
320
311
266
168
341
444
390
287
406
168
331
331
288
322
340
9
289
320
287
168
390
374
390
331
319
47
412
666
529
344
48
450
48
312
187
280
392
276
48
340
183
442
318
183
503
190
4841
1451
1451
1563
1575
1557
1880
1882
2384
2481
2483
3297
3241
3441
3246
483
2628
2628
2757
1872
1872
2386
2388
2362
2362
2362
2363
1918
1918
1916
1916
1782
1782
488
489
1809
1809
2097
1755
2327
2263
2393
2273
1968
1971
1971
4873
299
201
444
444
185
319
236
132
432
184
206
208
649
412
124
206
12
349
186
125
447
124
237
334
203
502
419
451
456
447
441
354
387
1327
502
4814
552
815
4826
595
603
601
768
4814
4814
4814
815
815
4794
4814
4794
630
618
618
624
642
1067
624
4823
4834
4786
4808
1506
4807
1287
1287
1431
1430
1295
1246
1708
1765
1438
1584
1466
1227
1121
1372
588
4814
553
602
593
602
4814
601
815
815
4826
604
815
701
610
610
737
4819
4826
701
802
209
125
560
618
624
711
630
1067
1065
632
823
629
768
4792
768
768
631
632
823
647
768
621
1065
622
1065
1067
4821
1066
1422
1421
1286
1285
1229
349
441
922
856
908
921
553
628
4826
552
560
419
4792
4826
4826
613
695
126
553
804
624
4968
4806
768
1075
622
632
622
1067
792
740
448
796
925
4819
658
4819
601
594
4819
768
4809
628
815
658
625
4809
711
624
798
632
445
632
632
632
624
4974
1065
4974
843
1422
872
4819
543
721
721
596
628
4809
4813
4813
851
732
816
851
700
724
1145
632
543
719
446
203
526
4820
13
513
441
796
917
750
1450
1533
719
516
440
1481
14
4823
381
1481
658
632
527
520
716
658
696
815
611
608
802
4802
802
699
4798
814
955
773
525
1533
1443
1451
1598
457
658
4974
1422
1422
387
649
632
649
701
699
203
870
800
4802
612
682
192
203
4782
802
870
628
4809
749
802
798
994
1017
996
1132
1131
457
440
865
784
700
799
699
4798
725
629
630
846
4840
697
824
870
1508
203
658
762
784
1131
906
906
4834
815
823
928
749
1365
1051
870
852
853
887
819
870
804
792
929
851
4809
190
926
1025
1154
852
739
846
1474
1592
1565
883
739
846
1553
1640
1017
127
1286
823
437
894
1131
962
1072
962
725
773
4813
697
836
858
1132
1341
1272
1123
583
1132
1123
858
813
836
786
796
1522
1481
1481
1482
1131
387
999
579
1521
1328
1378
358
1728
1684
1684
1094
1921
2370
2340
939
2236
2077
2088
2087
2014
2125
2188
2135
2135
2265
2265
2220
724
4813
648
1026
962
1430
1515
1515
1134
4813
999
1277
1314
580
1438
1008
1639
1003
974
1101
1007
990
1793
1619
1619
1811
1608
1019
1100
1001
1035
1035
1618
1618
1618
1060
1061
1932
1830
2375
1862
2431
1847
2509
2202
2509
2509
1548
991
1020
1101
1229
580
1516
1228
1466
990
1548
1372
1277
972
1314
1228
1516
1119
999
997
1121
1016
1709
1532
1516
586
972
1314
1228
1516
1464
578
1521
195
974
972
1014
1055
1107
975
1005
1153
1153
1814
1814
1353
1061
1061
1618
1058
1060
1305
1060
1060
1547
1860
1348
1439
1313
1284
982
1121
1465
1515
1431
1431
530
968
978
1159
1321
1321
1793
1793
1793
1618
1618
992
1793
513
750
1277
4820
1422
1388
1314
1314
580
1287
836
819
1102
630
852
852
818
818
835
4792
4809
835
4826
835
858
968
975
746
654
891
847
999
996
588
1016
1772
383
822
927
866
866
1005
1001
972
588
1101
854
1317
837
1372
1116
1532
588
1069
1016
1529
1229
1602
1465
887
1639
525
971
1438
1584
1584
1431
890
818
835
819
630
853
1103
866
866
1280
1014
1280
823
822
1356
1294
974
1153
1709
1465
852
976
1036
1267
982
1247
1005
968
1018
1149
585
1529
1342
982
1019
1170
1589
1399
1420
1296
1273
1197
1717
1717
1851
2235
1176
2438
2438
2479
1181
2498
2558
2917
2562
2615
4863
4977
4863
2562
2558
2560
2204
2438
2438
1401
1349
1385
975
978
1118
1541
1560
1765
1765
1001
1275
927
822
823
1420
1932
1938
1951
2250
1922
927
1012
1344
1281
1282
1386
1282
1287
1321
1541
1807
1807
1117
1013
588
1666
1708
1678
925
1267
1204
1159
1269
191
1323
1556
1735
1864
2097
1467
1783
1119
1678
1153
1162
1162
1247
1248
976
913
1261
1843
1727
1699
1418
1411
1213
1213
193
1420
1667
1212
1316
1099
977
978
1745
1586
1228
1223
978
1311
984
1679
1842
1110
1097
583
999
1343
1464
1032
1229
1312
1295
1170
969
1200
1224
1585
821
1229
1276
922
1156
1291
1349
983
1200
1577
1162
1159
192
757
994
1310
908
854
1295
1314
929
1874
468
1156
1323
1027
979
1679
980
1635
1310
1734
1482
1777
1990
2592
2732
2588
2726
4347
4421
4392
4393
4682
1295
1464
1260
971
1226
1951
1431
1282
1162
1439
1045
1166
1166
1597
1597
999
2003
985
1522
1450
1522
1522
1522
1557
1752
1377
1798
1228
1468
1162
1240
1773
1482
1726
1482
1267
1256
2335
976
1635
1635
1535
1001
1353
1032
1618
1057
1057
1057
1154
1214
1494
1045
1827
1044
1301
1054
1967
1576
981
1321
1035
1618
1061
1618
1618
1387
1832
1464
1430
1430
1281
1038
1250
1250
1235
1261
1494
1809
1397
1652
1595
1840
1824
1949
1177
1809
1241
758
1061
1618
1352
1893
1386
1428
1310
1398
1281
1388
1294
1433
1430
1576
1246
1534
1576
1576
1698
1468
1644
1043
1634
1598
1575
1634
1730
1947
1779
1779
1242
1858
1899
1651
1433
1281
1294
1641
1529
1229
1035
1618
1035
1618
1618
1057
1575
1598
1598
1443
1690
1475
1475
1762
877
1320
828
1558
1483
1956
1485
1975
2307
1785
1398
1431
1291
1909
1321
1035
1744
1558
1676
1904
1453
1500
1665
1281
1282
1386
1386
1282
1282
1282
1282
1283
1428
1777
1514
1228
1117
1809
1809
1876
1865
1633
1630
1935
1935
1785
1157
588
1531
1666
1716
1618
1618
1352
1793
1807
1352
1618
1618
1618
1618
1618
1557
1777
1811
1607
1033
1252
1204
1355
1372
1598
1598
1443
1443
1443
1575
1321
1035
1618
1724
1731
1482
1018
1500
1352
1204
4849
1573
1469
1443
1598
1451
1443
1443
1598
1562
1443
1443
1676
588
1735
2003
1619
1349
1704
1754
1396
1598
1559
1876
1698
1608
1002
1260
1380
1518
1256
1418
1499
1792
1712
1396
1809
1839
1396
1809
1809
1396
856
1112
1684
932
1879
986
1926
1878
1469
489
1116
1003
1598
1598
1575
1598
1809
1809
1740
1033
1160
1597
825
1205
1443
1809
1598
1839
1779
1839
1396
1396
1396
1754
1779
1689
1721
1947
1766
1899
1722
1788
1750
1352
1618
1618
1618
1685
1685
1793
1793
992
1351
1321
1056
1909
1003
1652
1678
1618
1685
1618
1618
1793
1618
1925
1952
1262
1116
654
1809
1755
1242
1858
1809
1879
1717
1764
1454
1788
1944
2110
2700
3242
2426
2256
1994
2299
2503
2503
2316
1626
1041
469
488
1205
1096
1096
1669
1959
489
1809
1779
1779
1779
1779
1754
1754
1396
1793
1618
1057
1633
931
1173
1091
1096
653
1020
1841
1677
1839
1396
490
1809
1242
1242
1242
1242
1242
1947
2044
2264
1839
1242
1396
1242
1793
1057
932
1458
1043
1878
1688
1903
1903
1903
1903
1782
1676
1372
1721
1689
1839
1839
1839
1839
1839
1242
1815
1002
1674
1160
828
1779
1707
1677
1677
1916
1916
1919
2364
1677
1688
489
1723
489
1596
1677
1677
1677
1841
1841
1707
1839
1839
1821
1457
588
1215
1524
2262
1365
1539
1456
1455
1618
1057
1732
1618
1685
1352
1926
2375
1861
1405
1984
1594
1712
1091
1689
1754
1858
1242
1811
1597
1685
1607
1594
1675
1499
1548
1650
1695
1754
1242
2178
1967
1968
1409
1827
1757
1758
1561
1712
1499
1499
1590
1779
1035
1666
1755
1827
1688
1782
1782
1690
1779
1694
1779
1677
1779
1309
1793
1706
2001
931
1728
1601
1924
987
1365
1799
1233
1623
1677
1614
1107
1627
1793
1619
1607
2367
2262
1845
1674
1782
1108
1723
1880
1953
1956
1904
992
1990
1539
2092
359
1940
1688
1623
1852
1903
1981
2223
2365
1416
1415
2365
1623
826
1351
1864
2305
1820
1799
1688
1677
1309
992
1035
1321
1793
1793
1978
358
1754
2178
1786
1380
1112
1839
1655
1348
485
1720
1035
1728
1849
1045
1827
1683
1351
1034
1546
1057
1057
1617
1618
1618
1060
358
933
1775
2231
1601
1826
1975
1827
1770
1677
915
1035
1035
1351
1351
1057
1351
2217
2367
2368
1847
1847
2252
2509
2413
1931
1242
1381
1348
1841
1996
1853
992
1922
1408
1910
1967
1409
1045
1841
1927
2074
2324
2324
1849
1866
1382
1702
1182
2398
2428
2363
1782
485
1637
1922
2367
1863
988
1845
2381
1525
1933
1892
2065
1485
2469
1485
1527
1528
1485
2262
2040
1690
1903
1947
1817
1894
1850
1760
1720
1720
1720
1782
1686
916
1683
1094
1309
1910
2097
1632
1702
1915
1915
1915
1915
1903
1703
1920
1920
1918
1801
2309
2309
1870
1918
1920
1920
1677
1252
884
884
1647
2217
2053
2321
1931
1630
1589
1547
1913
1561
1321
1056
1899
1484
1382
1620
1901
1057
1060
1939
1791
1792
1655
1792
1853
1841
484
1686
1752
1913
1913
1916
884
1056
2064
2367
1934
2272
1972
1695
1899
1867
1801
1182
1803
1801
1841
1817
1770
1913
1931
1877
988
1846
1846
1415
1972
1972
1980
1720
1954
1761
877
1234
1972
1415
1981
1177
1920
1703
1929
1916
1996
1714
1919
2299
1972
1928
1892
1954
1822
2365
1916
1916
2364
2363
2362
2362
2362
2663
2663
1872
2663
1872
1872
2362
2396
2504
1841
884
2375
1904
1983
1780
1042
2324
1996
1981
1545
2114
2181
2181
2181
2339
2265
2265
2265
2114
2265
2490
2338
2114
2265
2114
2114
2281
2181
2181
2181
2266
2265
2281
2490
2265
2490
2281
2114
2181
2281
1863
988
1329
1911
1916
2223
2223
2224
1993
1980
2223
1181
2265
2181
2181
2331
2181
2262
1847
1847
1990
1759
2181
2181
2181
2281
2114
1928
2392
1656
1965
2377
2394
1959
1976
1972
1407
2181
2265
2281
2181
2234
2281
1683
1924
1771
1714
1748
1896
2331
2181
2331
2331
2490
2181
1825
1965
1915
1920
1916
1980
1802
1968
1854
1870
1094
935
1479
2490
2265
2181
2114
1936
2107
2258
2004
1920
1801
2438
2314
2736
2287
2512
2512
2572
2572
2190
2129
2331
2284
2490
2281
2181
2539
2257
2736
2338
2333
2188
2281
2115
2736
2512
2543
2739
2554
2554
2257
2338
2257
2257
2257
2554
2257
2333
2117
2379
2128
2534
2221
2117
2190
2490
1682
2265
2265
1907
1771
2002
2241
2181
2265
2275
2275
2287
2544
2544
2790
2287
2066
2180
1919
2314
2183
2832
2738
2790
2755
2539
2490
2541
2512
2512
2117
2117
2117
2117
2534
2554
2554
2572
2333
2257
2115
2058
1176
2202
2202
4993
2115
2331
2490
1901
2331
2333
2181
2181
2126
2026
1924
2074
2801
1475
2338
1981
1981
1981
2338
2331
2333
1684
2189
2113
2265
1778
2384
1801
2224
2515
2407
2266
2266
1977
2181
1671
1936
2369
2072
2114
2135
2265
2074
2431
2431
2431
2202
2509
1935
2253
359
1916
2543
1906
1924
2107
2074
2178
2180
2627
2057
2266
2238
2125
1774
1794
1756
2328
2736
2736
2488
2802
2802
2736
2736
2544
2736
2738
2738
2738
2802
2832
2489
2489
2409
2572
2572
1801
1919
1981
2072
2370
2072
2181
1862
2252
1329
2511
2224
1416
2235
2333
2290
2409
2179
484
2396
1981
2310
1936
2333
2200
1836
1969
1845
1989
1944
2738
2738
2288
2660
2736
1870
2340
2340
1940
2736
2486
2371
2385
2832
2181
2181
2181
2281
2281
1919
2072
1923
2234
2220
2514
2370
2245
938
2245
1918
2000
1984
1803
1803
1803
2396
1382
1896
2207
2324
2509
2413
1877
2492
1181
1416
2398
2340
2600
2488
1943
2094
1918
1738
2307
2409
2363
2208
2527
1181
1762
1178
1178
2208
989
1756
1958
1178
2479
2479
1177
2438
2200
2190
2124
2090
2257
2543
2832
2489
2738
1803
1959
1737
2117
2107
1526
2273
2066
2738
1965
484
2299
2299
2299
2299
2479
2479
2203
1737
2208
2263
1985
2359
2503
2396
2396
2438
1738
2221
2221
2471
2379
2379
2379
2200
2221
2088
2200
2159
2188
1485
2417
2417
2524
2515
1959
1477
2459
2242
2244
2355
2188
1882
2512
2554
2137
2117
1477
1477
1477
2236
2206
2469
2469
2417
2524
2469
2453
2409
2802
2832
2738
2094
2370
933
484
2497
2205
2311
2203
4993
2203
1176
2077
2206
1656
2137
2396
2233
2043
1478
2413
2019
2019
2206
2543
2755
2515
2515
2492
2359
2116
2137
2203
2203
1176
2379
2159
1882
2515
2528
2527
2544
2790
2755
1691
2202
2431
2307
2738
2738
2738
2755
2755
2362
1478
2204
2002
2208
2032
2019
2384
2571
2543
2183
2554
2398
4990
4977
4863
4990
4993
4989
4990
4990
2203
2202
2002
2302
1892
2325
496
494
2538
2273
2832
2362
2190
2033
1526
1881
472
2598
2731
2830
473
2644
2384
2232
2738
2362
1816
1883
2802
2802
2516
2072
2245
2087
1458
2417
2826
2755
1965
2299
1476
2499
4977
4989
4979
4863
2874
2811
2888
3654
4994
4984
2164
2244
2417
2417
2469
2738
1999
2504
2072
2303
2099
2002
2165
2206
2802
1994
2364
2316
2364
2239
2234
2258
2087
2087
1796
2307
2110
2299
2362
2019
2019
2493
1183
1183
1183
1183
482
482
2665
3415
3415
3209
1194
2299
1796
2738
2738
2424
2429
1183
2757
2833
482
2650
3317
2650
1183
2386
1183
2389
2917
2072
2209
2019
1816
2326
2790
1180
1476
3284
3541
3674
2457
2590
475
2590
2955
2590
2897
3253
2955
3253
2032
2832
1965
2093
1659
1657
2239
2325
2325
2702
2702
2703
3282
2710
2870
2797
2774
2716
2870
2325
1884
2455
3567
3137
2457
2457
2457
2457
1883
2470
2592
2738
2738
2738
2802
2755
2316
2663
2299
1819
1527
2552
2570
3690
3736
3165
2945
2917
2389
1657
1881
2544
2067
2388
4978
4978
4873
2839
4980
2763
2770
4863
2821
4984
498
2702
4992
2761
4991
4987
2839
2837
498
2775
3008
2777
2948
3190
3421
3853
3890
3853
493
2218
1528
2218
2544
2528
2498
2299
2205
4984
4984
4984
498
2702
2208
499
2738
2362
1872
1872
1872
1872
1872
2503
2436
1986
2559
2917
4987
2836
2809
3399
4093
3551
3175
3359
3094
2814
2814
3054
3981
3406
3634
3406
2895
4984
2379
2236
2839
2128
1528
1697
2325
2484
2543
2739
4987
4989
4871
4863
4975
2824
499
499
499
499
2788
3281
2492
2504
2299
2299
2355
1478
4863
2846
2183
2662
2299
4977
2773
2128
2191
499
2232
2315
2504
2386
1183
1872
2504
2873
2560
2355
2043
2379
2032
2134
2870
2832
2308
2771
2128
2019
2755
2647
2085
2881
3398
3773
3040
3145
2886
4050
3634
2715
2870
2571
1872
1872
1872
2209
2763
2087
493
2597
2067
2900
3083
2478
2069
2663
2503
2534
4863
2373
2534
2534
2801
2738
2635
2032
2090
1692
2388
2516
2209
2617
2811
3775
2798
2702
1486
2879
2611
2137
2242
2032
2188
2128
2755
2739
2755
2737
2503
2353
940
2181
2846
2846
2107
2208
2383
2394
2239
2798
2713
2713
2798
2702
2721
2801
2436
2804
3388
2234
2778
3025
3374
2090
2543
2739
2700
1715
2534
2373
2082
2107
2459
2208
2208
2798
3052
3379
2813
3054
2337
2253
2755
2802
2369
2240
2961
2191
2032
2337
360
2484
2801
2801
2569
3254
2738
2137
2085
2258
2242
2755
2562
2181
2458
2552
483
1715
1663
2503
2917
2917
2917
2558
2945
2917
2647
2917
2917
4868
2266
3374
3227
2266
2101
2135
2265
2338
2189
2134
2218
1715
3269
3243
2884
3736
3433
3245
2917
2242
471
2677
2731
1872
2503
3008
2164
2775
3093
2775
3813
2703
3059
2567
2524
2802
2436
483
3063
3064
2265
2333
2755
3242
2925
1659
2725
2959
3541
2959
2959
2959
3608
3346
2790
1183
2471
2137
2917
2069
2471
2181
3351
3421
3421
3226
3025
2128
3093
3169
3169
3169
3225
3089
3294
3294
3334
3361
3315
3629
3342
4153
4172
3230
2948
1692
1872
2757
1872
2757
2757
4871
2275
2542
2181
2181
2181
2281
2181
2181
3350
2181
2209
2379
2779
3090
3192
2780
3279
4154
4026
3101
4079
3327
4151
3819
4171
4143
3326
2552
2739
2386
1183
1183
2650
482
482
482
3109
2665
3415
3254
2919
3593
2275
2181
2544
2737
2116
2253
1183
1183
2476
2181
3374
2470
2663
2945
3015
3018
2737
2945
2181
2181
2534
2134
3214
2494
1797
2255
2943
3359
2962
3120
3357
3357
3095
3095
3095
3370
3683
3841
4097
4161
4017
3841
3658
3176
3658
3095
3095
3095
3192
2780
2962
3124
2337
2543
1660
1872
2833
2287
2287
2181
2220
2190
2547
3056
3217
2526
3015
2287
2257
2275
2281
2275
2220
3064
1888
2757
2833
2757
482
482
482
481
2740
2755
2810
2287
2265
2265
2099
2833
2437
1190
2554
2554
2542
2257
2265
3226
3853
3982
4016
4016
4059
4060
4066
4147
3669
3341
3338
3394
3226
3090
3214
2781
3090
3089
3214
3214
1528
3283
2610
4868
3268
2843
2860
2554
2275
2275
2136
3421
2779
2419
2068
2572
2257
2257
2554
2601
2572
2257
2257
3853
2520
3053
2757
3431
482
2477
2520
2338
2189
2242
3586
3410
3226
3225
3226
2781
2042
1528
2720
2419
2880
3079
3461
2572
2572
2257
2520
3421
3120
3192
3192
3169
2862
2572
3576
3425
2781
3034
3068
482
482
3226
2949
3780
2891
2793
482
3410
3344
2744
3298
482
3165
3313
3576
3276
3052
482
2860
2460
3266
3853
4023
4145
4208
3845
3341
3234
3946
3333
4112
4079
3576
3586
3277
3335
3417
3306
3403
3125
3418
2677
3345
2700
2885
482
482
482
2740
2740
3853
3890
4033
3544
2164
3831
3276
3335
3336
3306
3238
3192
3238
2780
3236
3095
2943
2752
2793
2460
3594
2567
4142
3089
3089
3089
2662
2833
3390
3853
3127
3134
3099
3238
2951
494
482
482
2665
3736
3309
2494
2779
2713
495
2900
2972
4170
3295
3093
3338
2526
3108
3194
3406
3270
2926
3097
3417
2780
3315
2538
3353
3162
3982
4016
3620
3595
3434
3089
3217
2698
3853
3982
3098
1887
482
3109
3317
3425
3136
3633
3317
3229
3053
3089
3339
1489
2743
2879
2671
2668
4208
3297
1528
2990
3460
3608
3415
3238
3413
3158
2752
482
3109
3293
3657
1797
3275
2625
2721
2830
2897
2457
2858
2858
2593
3630
3890
3400
2805
3402
3566
3549
3983
4048
3728
4061
4061
4160
4213
4213
4312
4316
4316
4316
3930
3929
3930
3546
3547
3547
3546
3626
3636
4917
3561
3605
3616
3467
3765
4911
3499
4884
3523
3603
3603
3602
3648
3552
3582
3464
3484
3547
3589
3614
3961
3503
3809
4205
3701
4080
3764
3561
2681
3346
3542
4016
4016
4016
3121
3391
3133
3546
3812
3132
3359
3450
3450
3377
3339
3435
474
3515
3550
3745
4034
2470
2665
4007
3281
3095
3095
3095
3095
3176
3658
3095
3095
3095
3176
3095
3663
3752
3683
3036
3228
3228
2740
3462
3589
3612
3100
3361
481
3389
482
3982
3364
3192
3752
3368
4080
2811
3593
3982
3982
4142
3885
3052
2721
3436
3394
3660
3552
3752
3752
3648
3158
3284
3424
3388
3596
3467
3131
4100
3332
4034
3357
3095
2814
3658
2815
3841
4049
4063
3619
3850
3551
3579
3550
4048
3637
3636
2950
2526
3616
3361
3386
2644
2699
4033
3363
3784
3563
2814
3413
3254
3424
3061
2841
3665
3845
3657
3095
3192
3267
3516
3464
3650
3445
1659
3353
3577
3541
3400
3095
3435
3194
3404
3429
3562
3678
3186
3645
4062
3708
3658
3683
3380
3484
4033
1659
3121
3208
3136
3125
3592
2920
4016
3209
4144
4046
3176
3176
3176
3841
3094
3658
3841
4109
4108
3850
3658
4009
4009
4017
4057
4097
4059
4060
3380
3380
3040
3394
3604
3603
4119
3725
4258
4165
3724
4135
3710
4166
3710
4061
4160
3708
3708
4061
3614
4048
4099
4036
3648
4114
4137
4036
3330
3726
3347
3038
3407
3541
3541
475
3609
2958
3211
3736
4151
3682
2218
3570
2677
2978
3405
3548
3228
4066
3541
3541
3541
3610
3659
3610
3179
3736
3944
3441
3095
3292
3658
3618
2897
3303
2897
2858
3292
3176
3176
3648
3648
4201
3633
3072
2959
3541
3186
3565
3578
3746
3130
3983
3176
3513
2699
3367
3545
3178
2959
3608
3541
3541
3609
3609
3609
3641
3641
3541
2959
2959
3743
3742
3072
2959
3722
3231
3645
4171
4079
3332
3813
3405
3568
3145
2959
3419
2979
2042
1332
2644
3601
2817
3228
3608
3673
3608
3545
3641
3184
3379
4012
3228
2959
3673
4143
4024
3176
3686
3183
3176
3054
3307
4093
3683
4145
3606
4015
4017
3544
4005
3851
3522
3608
3856
4883
3581
3609
476
3610
3659
2457
2590
2955
2457
2590
475
475
2590
3782
3659
3642
4934
4414
4341
4031
475
475
4143
2841
3841
3946
4016
4128
3921
3472
4261
3500
3500
3905
3712
4165
4903
4288
4284
4213
4213
4160
4286
3939
3705
3919
4914
4315
3915
4319
4286
3707
3718
4322
4306
4882
3712
4258
3710
3673
3899
4048
3683
3841
2815
3464
4012
4886
3472
3910
4329
4285
4212
4213
4886
4884
3071
3469
4161
3683
3176
2858
2920
3471
3719
4213
3959
4315
4261
4197
3922
3544
4091
3981
4151
4148
3439
2980
3785
3606
3720
4027
4197
4914
3979
3975
3479
3475
4279
4211
4198
3474
3577
3585
4161
3610
3658
3690
3397
3601
3418
4087
2654
3621
4017
2457
3292
4907
4159
3791
3614
4122
4009
3686
4019
3321
3545
2979
2897
3720
3836
3620
3105
3327
2858
3606
4119
3593
3720
4147
4147
3128
3983
2977
3748
3101
3102
3844
3321
3071
3673
4109
3850
4109
4109
3850
3468
3728
3845
3333
3835
4009
4009
4097
2457
3371
2955
2955
2955
3607
2955
3303
3303
4025
4128
3472
4218
4197
4218
3076
3640
4145
3619
3689
3682
3130
2457
3842
3476
4059
2816
4109
3686
3686
2733
3328
3342
4080
4104
2886
4059
3728
3619
4109
3850
4108
4017
1332
3404
4191
4100
2593
3330
4138
3330
3398
4123
3653
3253
2593
2732
3767
2921
3449
3333
3253
2593
4075
4138
3332
4051
4052
3815
4279
4059
3574
3813
4052
4009
4946
4145
4138
4051
3181
3330
3911
4270
4211
4279
3232
4153
3103
4138
4203
3729
3725
3448
4097
3814
3321
3558
4934
3641
3659
3659
4179
2684
4008
4294
4512
4636
4710
4718
4662
4145
4138
2979
3330
4213
3737
4150
4147
3945
4135
4309
3911
3181
4217
4212
4160
4212
3718
3718
3716
4943
4261
3910
4310
2583
4315
3709
4193
2955
2590
3643
3557
3371
2590
2590
3371
2590
2955
4212
2683
4934
4522
4412
4412
1337
2955
3451
3781
2955
2583
3878
3701
4213
4173
4262
3371
4212
3929
3558
3864
4286
4285
4327
4286
4317
3932
2589
4306
2683
3741
3878
3714
3716
4322
4934
3878
4289
2953
4350
4414
1331
4930
4179
4934
4522
2723
3583
4213
4258
4934
4250
4286
4286
4288
4320
4224
4930
3909
4327
4306
4306
3909
4288
4903
3716
3938
4412
3909
3909
4322
3716
2729
3878
3864
4179
4231
3873
4350
4259
4259
4250
2726
4412
4336
3878
4353
4412
1337
4413
4349
4259
4590
4348
4412
4577
4572
4462
4361
4368
4588
4467
4696
4450
4659
4632
4632
4708
4652
4737
4737
4477
4477
4483
4483
4649
4377
4483
4483
4649
4679
4536
4578
4578
4578
4421
4422
4459
4464
4715
4457
4393
4522
4546
4350
4421
4587
4577
4422
4407
4463
4572
4389
4577
4347
4422
4347
4294
4294
4399
4603
4545
4425
4422
4422
4468
4462
4467
4630
4593
4652
4717
4649
4477
4649
4518
4482
4482
4483
4948
4477
4536
4485
4435
4631
4660
4674
4727
1340
4598
4477
4416
4572
4426
4424
4467
4363
4399
4399
4506
4397
4718
4585
4566
4659
4551
4510
4546
4948
4948
4948
4483
4483
4950
4950
4649
4649
4649
4950
4649
4948
4382
4479
4479
4479
4479
4382
4397
4679
4482
4482
4948
4679
4572
4505
4483
4518
4466
4557
4393
4591
4948
4482
4479
4483
4590
4576
4364
4396
4948
4451
4948
4483
1340
4467
4948
4576
4479
4483
4483
4479
4649
4649
4518
4550
4948
4367
4479
4649
4483
4483
4483
4553
4451
4451
4588
4464
4658
4566
4450
4450
4591
4608
4499
4649
4649
4649
4679
4578
4649
4950
4649
4397
4596
4636
4649
4558
4483
4679
4716
4679
4726
4652
4733
4512
4631
4673
4464
4651
4688
4679
4656
4741
4725
4740
4660
4593
4393
4716
4558
4518
4362
4950
4483
4483
4950
4743
4447
4954
4477
4679
4649
4649
4485
4708
4477
4477
4716
4694
4483
4483
4483
4558
4726
4728
4718
4950
4485
4483
4649
4703
4701
4698
4631
4631
4594
4483
4682
4682
4483
4482
4483
4477
4477
4477
4649
4649
4477
4964
4964
4649
4964
4964
4649
4625
4649
4539
4649
4716
4716
4964
4964
4649
4477
4726
4718
4594
4741
4594
4714
4483
4483
4477
4649
4477
4477
4477
4483
4477
4674
4674
4477
4477
4477
4447
4649
4450
4450
4710
4623
4450
4720
4741
4950
4964
4964
4477
4477
4477
4716
4716
4950
4964
4964
4625
4658
4649
4477
4190
4649
4649
4649
4649
4716
4703
4477
4950
4649
4483
4733
4594
4477
4190
4483
4726
4190
4658
4483
4649
4649
4964
4369
4727
4716
4716
4674
4658
4964
4727
4477
4716
4594
4594
4727
4594
4477
4477
4594
4649
4477
4716
4716
4649
4649
4741
4477
4698
4477
4666
4716
4716
4477
4716
4716
4716
86
86
288
285
288
170
313
388
391
288
78
288
149
148
70
1281
1386
1388
836
4813
815
815
815
815
1134
610
610
610
858
4770
4782
4796
1508
1282
697
1429
1287
701
1287
4835
721
836
629
818
804
815
1507
1310
4974
1068
1068
1294
4821
905
4786
4788
1386
1386
1282
768
775
725
4821
629
4814
4814
798
1287
4813
4835
4834
1425
1388
1386
1067
1388
1428
4826
553
1428
725
621
618
863
1282
1504
774
1450
1481
196
1450
1522
1451
1598
1598
1533
1598
1533
608
1647
2572
2190
2117
2534
2534
2117
2117
2117
1971
4994
4871
4871
2796
2252
4871
4863
988
4996
4994
1971
2265
2206
2281
4914
3474
4891
3898
3903
4309
4897
3495
4894
3532
4258
4205
4279
3472
4907
4080
4882
3472
3701
3901
3643
3659
3659
475
475
3659
3609
3641
3641
3659
3782
3659
3640
3640
3781
3659
3641
2959
4914
4483
4467
4631
4482
4679
4613
4447
4688
4483
4649
4682
4964
4974
4970
1149
1280
1154
1310
1460
1218
4993
4993
4984
1176
4997
4994
4873
2202
4993
2311
2536
4993
4984
2536
4982
2536
4873
4978
4997
4993
4993
4993
4997
4982
4997
4993
4997
2202
2202
4993
4993
4873
4978
4997
4993
2536
4984
4997
2509
4997
485
2265
4993
2311
2202
