254
254
254
254
254
418
418
187
187
286
254
286
254
254
254
254
254
254
254
418
418
396
418
396
418
396
254
254
254
254
254
254
254
254
418
254
254
254
418
418
418
418
396
418
254
254
254
187
418
187
254
254
254
254
254
418
418
418
187
254
254
254
254
254
254
254
254
254
396
396
418
396
396
418
418
396
396
396
396
254
254
254
254
418
418
187
187
418
254
418
187
187
418
418
396
418
418
418
254
254
254
254
254
254
254
254
254
254
254
254
254
254
254
254
254
254
254
254
254
254
254
254
254
254
254
254
418
396
254
254
254
254
254
254
187
254
254
254
254
254
254
254
254
254
254
254
418
418
254
286
286
418
418
367
207
284
418
286
418
286
254
254
254
254
254
254
418
254
254
254
254
254
254
254
254
254
254
254
254
254
254
254
396
396
418
418
418
418
418
418
418
418
418
418
418
418
418
254
254
418
254
254
254
254
418
418
254
418
418
418
286
286
418
286
187
187
286
187
56
337
265
460
286
286
254
254
254
254
254
254
254
254
254
254
254
254
254
254
396
418
418
254
418
418
418
254
254
396
254
418
254
396
254
254
254
254
418
254
254
187
254
418
254
254
254
254
254
418
286
254
396
418
187
254
286
254
418
418
418
418
254
254
254
418
418
396
418
418
254
396
254
254
254
418
286
286
396
418
286
286
286
286
286
396
418
396
396
396
418
254
418
418
418
418
418
418
254
254
418
418
254
286
418
418
187
187
418
187
418
418
418
418
418
396
396
418
396
418
418
418
418
418
254
254
254
187
254
396
254
418
254
286
418
254
396
396
396
396
396
396
418
286
286
418
254
396
396
396
396
396
418
396
418
187
418
418
254
254
136
254
801
801
801
801
801
801
801
369
2629
3099
3309
3229
376
2505
2400
2106
4314
4371
3852
382
4288
4439
418
418
418
396
254
254
254
254
801
801
801
254
418
418
396
187
396
396
396
396
396
396
418
418
187
396
418
418
396
396
418
418
418
396
418
418
418
286
396
396
396
418
418
396
418
418
396
396
418
396
418
396
396
396
418
396
418
286
418
418
131
174
714
254
187
187
286
187
418
254
286
187
187
254
286
286
418
267
320
320
320
320
320
320
320
265
265
265
265
265
801
1480
1885
2838
1482
3215
3758
2802
3096
3887
3887
3887
2948
3201
3336
3313
1206
1206
1206
1206
3074
3074
3075
3074
3074
3074
2808
3074
3074
3074
3074
3074
3074
3074
3074
2915
1200
1980
2139
2305
3185
3526
3680
3350
2611
2611
2935
2935
418
254
286
187
187
254
187
418
286
286
286
286
258
254
253
286
286
187
396
582
254
286
418
286
366
366
8
254
801
565
553
1382
4045
4045
4045
4045
4045
4045
4045
4088
4088
4016
4088
4031
4088
4016
4045
4088
4088
4031
670
909
903
1127
1283
1127
1296
1404
1296
1033
1380
1219
1623
1282
1054
998
1014
1366
1317
1783
4045
4045
4088
4045
4045
4045
4088
4088
4088
4088
4088
4088
4044
4045
4045
4045
4045
418
4088
4016
1181
895
1127
859
3609
3727
4088
4088
4063
4088
3756
3862
1179
4088
4088
4016
4088
4031
859
890
903
1222
1283
1136
1029
286
468
369
1382
805
254
4088
4088
4088
4088
4088
367
4045
4088
4045
4045
8
4088
468
4088
4088
896
1181
859
4088
4922
4063
4878
286
286
801
801
801
801
4088
4045
4045
4045
4088
4088
4088
4088
4088
4088
4088
4088
4088
4088
4922
4088
4063
4088
4029
1181
859
1222
1222
4045
4045
4088
4045
4088
4088
3811
4044
4044
4044
4044
4088
4044
4074
4088
4045
242
187
853
286
532
135
576
135
337
337
265
337
265
265
265
320
320
576
4045
397
254
801
703
703
801
859
286
135
135
582
4088
174
429
3880
4088
4088
4088
4044
4088
4298
4258
4044
4044
265
320
1372
1371
532
4088
890
891
576
136
286
3880
4045
4088
4088
4063
4044
4044
4088
320
4044
4088
4074
3756
369
4088
4088
3702
1380
1014
1069
1069
798
800
1370
798
4044
4044
4088
4088
4088
3756
265
702
4088
4074
860
4088
3880
950
1179
860
1326
4088
3862
576
737
397
4074
3880
3862
3862
3714
3714
890
3702
370
4088
286
1283
632
3880
235
320
1467
1715
1535
1598
320
1633
1466
3702
1120
1179
3702
1370
370
800
1127
980
4044
4258
4295
4259
3812
860
980
1404
1129
4088
1136
633
4074
4110
265
1467
337
337
265
337
265
265
397
397
397
265
265
576
1069
1380
1380
633
1382
2122
1376
1814
831
1659
929
1111
1328
2303
2447
971
2514
2514
2586
2492
2491
2403
978
2492
4259
4295
1083
998
632
1179
1367
1179
980
3702
320
1263
1171
1238
1366
1282
1380
1172
1412
1014
1412
3250
3023
1390
1305
1361
1185
1858
3046
2830
1784
1784
1842
4875
4976
2774
2767
3109
3109
1516
1774
1516
1133
1133
1041
1050
1041
320
1264
3024
1966
1265
1545
1263
1040
1334
1183
1366
1366
1265
1940
1027
798
1311
1545
1288
1055
1042
1069
1030
235
324
1266
1172
1603
3135
1266
1185
1312
1603
1603
2041
1408
1710
2830
3103
2830
2830
2776
2776
2776
1462
1462
1184
1176
1030
632
1115
798
1412
1065
1858
3138
3138
3046
3138
2830
3046
3250
3138
265
265
1266
4884
4164
3861
1077
1302
1056
1115
3880
3727
3609
3880
3880
4074
4916
4920
3984
4916
4920
4031
370
1266
1266
1120
957
586
4847
1380
1183
1068
1175
1247
3702
3702
3862
3727
3862
1266
1413
3705
1288
1183
737
737
3714
1516
3079
1366
1702
1172
1027
1036
1219
1069
3702
1054
1412
737
1044
1027
1367
3880
4885
4917
4031
3727
3727
4164
3727
1266
3862
3862
1380
3702
1266
1312
1238
3727
1603
1184
1603
1603
1184
1412
1413
3862
1334
1027
3880
1603
1259
1845
1211
1252
1259
1259
1845
2651
2944
3201
3201
2938
2962
2962
2820
2938
2938
3201
3201
3201
3201
3201
3469
2938
3469
3649
3768
2949
3467
2770
2770
2770
2949
2949
2949
2962
2938
2938
2820
1259
1845
1214
1312
3714
1067
1290
1314
1405
1603
1276
3702
3702
4164
1187
1228
1842
4982
1842
1009
3863
1380
3705
3637
3637
1367
1185
1266
2831
1337
1183
1078
1522
1015
801
1462
1761
1603
3135
1259
265
1269
1312
2092
2342
2427
1211
1187
1016
1016
1623
1238
1184
2880
1749
1462
1603
1372
1270
4868
1995
2460
1973
1995
1251
1270
1280
1252
1874
1631
1425
1603
1530
1266
1185
1238
1128
1858
1211
1187
1278
1529
1559
3862
1380
1069
1179
1185
633
635
1603
1516
1184
1184
1845
1380
1016
1214
1506
1462
1845
1845
1184
3702
2545
1603
1462
320
1184
737
737
1858
1742
1371
3648
1874
2506
1462
1259
1371
1824
1369
1187
3648
1874
801
801
801
1512
2641
492
3737
4380
3941
4473
4575
4561
4661
4661
4565
4565
4722
1366
1136
1187
1507
4868
633
1367
1761
1845
2776
3250
3250
3079
1774
1380
4868
1187
265
265
265
265
265
265
265
265
801
371
1935
1342
1290
1357
3135
1530
801
801
370
1879
371
1238
2460
2668
2896
3201
2820
2938
1269
1187
4868
1369
1603
1936
2041
2830
3705
1728
1845
2818
2938
3201
1995
4868
2139
4868
1603
1603
2041
2041
2830
1339
1357
1179
1179
1367
2776
2776
2776
3103
2915
1065
1980
4868
2738
2738
2738
3074
2808
2808
2808
3074
3074
3074
3074
3074
1206
1206
1206
3336
3201
3201
4868
4868
2139
4868
1858
2041
3862
3861
3862
3861
3862
3702
3705
1083
1380
1024
1069
634
1357
1243
2460
1214
265
265
265
446
446
265
265
265
265
265
337
337
1680
1704
1582
1257
1991
337
3862
3702
703
801
1380
1334
2460
2041
1823
2830
1380
446
320
320
320
1602
1955
1956
2035
1575
1565
1372
337
337
1813
1514
2007
3485
3185
3862
1825
3637
1824
1362
1065
265
446
1614
2001
1998
2032
2342
3862
1116
1367
1367
1404
980
801
565
371
370
1382
1290
1413
4868
1334
1780
337
337
1680
1612
524
2855
1623
2776
1783
1966
446
1615
1858
2041
3046
2041
2041
3046
3046
3046
337
565
371
1337
3174
3135
3103
2776
2776
1545
265
320
320
446
1839
265
265
164
2041
1591
1685
1613
371
2880
1734
1278
3103
1372
1633
1372
1371
1371
1372
3250
1715
1334
1024
530
2362
2102
4850
1516
1980
446
1980
1063
1063
2545
2668
2757
2747
2460
1200
1804
1953
1899
4868
1013
2362
2139
2305
2305
1516
1453
1893
1339
1854
2092
2093
265
1633
3169
1828
1371
320
1372
1452
1856
1856
1453
3103
3250
3169
800
1980
2305
1856
4868
2362
2362
2305
1747
1582
1776
516
1942
1709
1704
1746
1936
1710
3046
3138
3138
3138
3138
3103
2427
1840
1200
1854
3138
3046
2831
2093
528
3486
1764
805
2305
2305
2139
1878
2776
1764
1714
2002
2692
3504
3196
3155
2700
3314
3314
2945
3625
2945
1709
1316
587
2915
1633
4847
831
1752
2362
2362
1636
1601
2362
2362
1257
2830
2830
1743
1772
1774
1772
1814
3136
504
3210
1601
1601
2305
2305
1747
513
3002
2002
2305
3046
1893
1522
1748
2808
3074
3074
3074
3074
3074
3074
3074
3074
3074
3074
3074
3282
1601
1929
1403
1747
523
2305
2427
2747
2808
3074
1065
1734
2362
2808
3074
3074
3074
3074
3074
3074
3074
3074
2808
3074
3074
3070
3078
3074
3074
1965
2747
2915
1488
1802
3074
3074
3187
3070
3074
3074
1601
1856
1698
1689
1624
1390
4874
2362
1790
3135
1611
1635
3046
1669
2831
1983
4986
4993
2506
2776
2776
2808
1618
957
1611
1991
3079
3023
2034
2747
2123
2219
3169
1746
524
2305
2613
3350
2938
2776
2832
2335
1989
1989
2362
3046
1940
2776
2808
3074
3074
3074
3074
1981
2362
1981
3428
1772
1940
1228
2122
2373
1376
1890
2928
2776
2776
3074
3074
3074
2915
3135
3046
3079
3079
530
527
526
2738
2776
3074
3074
1929
1745
1455
2413
2900
3250
1688
2521
2921
2463
3074
3074
3074
3074
3074
1206
3336
3201
3201
3201
3201
3201
3201
3115
3336
3074
371
3136
1748
2427
2896
2738
3074
2776
3074
1893
3138
3138
3250
3135
1784
1792
1888
3065
2808
1991
2453
2776
3074
3074
3250
2776
3135
3138
2830
3079
3046
2832
2830
2830
2719
3041
3309
3266
2719
2463
2910
3074
2370
1986
3138
3046
3046
3046
4982
2767
2935
2935
2935
2767
2778
2774
2775
1483
2896
3201
3201
3074
3074
1912
2793
3250
2830
4986
2139
3115
2776
504
4985
4986
529
2817
4874
3336
3115
3201
3201
3074
3074
3074
3074
3074
1206
3201
3201
3201
3201
3201
3201
3044
1206
3074
3103
1842
4864
2610
526
527
2427
1454
2261
2261
2572
2799
4864
2314
2463
3074
3074
3074
2690
2463
3201
3201
2938
2938
3074
3074
3074
3074
3074
512
1893
1673
1376
2613
2613
2010
3074
3074
3074
3074
3074
3074
3074
3074
3074
3074
3074
3074
3074
1207
3074
1207
1206
1206
3074
3074
1206
1206
4866
1206
3074
3074
1207
1206
3074
3074
2896
4847
3103
831
1893
2313
2092
2092
2830
1455
2832
3074
3074
2808
3074
2776
3103
524
2896
3201
3201
831
3046
2830
2776
489
2468
2464
2337
504
504
2699
2469
2413
3074
3074
3074
3074
4847
1842
4974
525
3074
3074
3074
1483
1910
1491
3074
2896
3115
3115
3115
3044
1206
1206
3115
3074
2314
2454
3074
2830
2450
3016
3016
3016
2139
1206
1206
3074
3074
1892
2776
1520
2830
3115
3115
3336
3336
3201
3201
3074
2896
3074
3074
2808
2808
2526
2735
3210
3078
1206
2007
525
1989
2808
2808
2808
2808
3074
3075
1206
1206
2945
3625
3625
3625
3625
3625
2948
3336
2808
3074
1537
1983
1514
3201
2938
2830
2830
3065
3074
2832
2258
970
1587
706
2403
2403
2491
2403
2359
978
2403
2258
2403
2258
2258
970
970
2303
2290
2290
2403
2290
2258
2403
2258
2830
2767
2621
3050
1641
3187
1206
1206
3159
3115
3074
2808
3074
3074
2258
2258
2258
2258
2830
2768
2767
2767
3201
3201
1566
2290
970
2303
2403
2492
2007
3323
2464
2008
1951
1578
2454
1565
2258
2290
2832
970
2258
2830
2343
2699
831
2066
2066
2066
2258
2066
2290
2258
2456
3074
1206
3074
3074
3074
3074
3115
2258
2613
1328
1328
958
978
2359
2403
2491
1673
1822
2337
2896
2896
3201
3201
3201
2066
2059
2272
2204
977
2302
2256
2175
706
2270
2066
706
2066
2273
2059
2359
2426
975
2066
2148
2058
2204
2055
2147
2054
2170
2229
2229
2229
2229
2229
2229
2292
2389
2389
2175
2448
2264
2434
2389
2389
2175
978
1673
970
373
2585
2395
2101
2101
2129
2252
2252
2252
2168
2251
2168
2229
3323
2959
3074
3074
1561
921
1475
2062
2060
2075
2074
2074
2359
2059
2204
2164
2256
2173
2256
2256
977
2055
2264
2273
2055
2170
2273
2938
2776
2775
2775
3108
3108
2829
3108
3108
2292
2148
1565
2359
978
970
2311
2447
2274
2830
2955
2292
3201
1206
3336
3201
3201
2292
2066
2292
2403
2403
2492
2403
2296
3065
1206
2896
1206
1758
3044
706
706
1328
2832
1587
1328
1111
1111
1627
2311
2403
975
2403
2828
2828
2853
2828
2774
3109
2888
3375
2921
2808
2808
3469
1768
2311
1830
4986
3065
2028
1074
3201
2292
1822
2447
2767
3050
1708
2043
2091
2098
1758
1758
1758
2052
2058
2074
2091
2126
2075
1758
1758
1758
1758
1319
977
2256
504
3074
1201
3074
2273
3201
1675
1634
1112
2830
2825
3016
2562
2735
706
3201
2938
2938
2938
2881
2881
2292
928
929
2740
3062
3115
3201
3201
2938
2938
2820
1328
2389
975
2961
2373
3016
2440
3323
1561
1758
2126
2065
2043
3115
1206
3115
3201
3201
3201
2962
2175
1647
2204
921
1938
2289
2285
2285
2282
2308
2280
2269
3074
3074
3074
916
1606
2292
2492
1758
916
1659
914
1206
3201
3201
2938
831
3185
3201
3336
3115
504
3115
1754
3201
2292
2514
975
2817
2646
921
1938
3336
3115
3201
1111
2828
1112
2035
2736
1206
2830
2492
2620
3074
1206
2007
3201
3201
3201
3201
3201
3201
3201
3201
3201
2938
2938
2767
3350
2464
3201
3201
2938
3201
3201
3201
3201
3201
2175
2175
2290
2256
2799
1758
2118
1758
3336
1819
2938
2962
2962
2881
2938
2389
2426
3323
3323
2098
2126
2736
2806
3218
2734
2699
2938
3201
2938
2832
3015
2775
2889
1653
3201
3070
3078
3078
1206
3159
2820
2175
2389
2256
2172
2448
2389
2434
2389
2389
2389
2175
2389
2175
2175
2447
974
974
1482
3215
3201
1578
2008
2008
2109
2146
2145
2110
974
2091
2204
977
2358
1909
1950
2008
2881
2514
1482
1482
3323
1758
1758
1758
3187
1549
2775
3099
1837
3469
3201
2938
2938
2938
2938
2938
2829
2775
2829
3108
2829
3108
2881
2962
2820
2829
2426
2518
2164
3336
1958
3201
916
1968
3036
2881
2829
975
974
974
2426
2099
1548
1548
916
2645
1950
2302
2829
2829
2881
2829
2434
2572
2889
1961
2288
2251
2061
2087
2074
2699
2774
2774
3108
3108
3108
2389
3526
2126
2126
2074
2075
3336
913
2718
2514
2586
2426
1758
2074
2058
2204
3201
2881
2775
2881
2775
2770
2829
2775
2829
3108
3108
2770
2829
3108
3108
3108
2829
2829
1835
2528
2586
2611
4117
4179
4137
3323
3313
1578
2586
974
2799
2839
3335
2642
3468
3523
2620
3184
1561
2074
3336
2690
1561
1758
1758
2091
914
2141
2514
3322
3215
1648
3187
2464
2881
2820
2962
2881
2829
2770
3467
3014
2770
3014
3108
3138
3723
3081
3208
2150
974
1482
1758
1549
3201
3469
2033
2146
2202
2389
1831
2660
974
2862
2805
2945
2945
2945
914
2447
1831
2514
2572
2838
2126
2699
3336
2881
974
974
3469
3201
3419
3751
3824
3824
3478
4249
3092
3469
2734
3218
3335
1758
1758
2862
3201
3201
3201
3419
3751
3824
3751
3887
3419
3469
3649
3218
2008
3041
3208
2074
2075
3201
3649
3114
3676
3699
4925
3201
3201
2586
2204
1647
3020
2863
2611
2611
2611
3350
2611
2611
3912
3912
3836
2611
2611
3256
3389
2831
3476
3457
1482
3215
497
3765
2497
3540
2126
2126
2062
2075
1758
2971
3625
3218
2206
2838
3526
3739
4098
4255
2949
2949
2949
3768
3419
2846
2889
2074
1647
3201
3201
3256
3256
3285
3467
3467
3267
3013
3467
3012
3467
3256
3256
3476
3467
3467
3013
3013
3467
3467
3013
3365
2831
3037
1829
1522
2835
2935
2612
3051
3052
2075
1659
3469
3288
3014
3467
3467
2389
2448
2935
3256
974
3256
3323
2062
3625
3625
2948
2948
3887
3156
3386
2938
3768
3467
3467
3013
2831
2656
4115
3039
3106
3106
3707
3911
3491
3080
3661
3023
3389
3467
2389
2447
2395
2514
2619
975
3322
2838
2840
1475
3201
2770
2770
3013
3013
3256
2514
3285
3051
2074
3201
3222
2364
2008
3467
3014
3457
1650
2805
3768
2770
2448
2434
2611
3485
3456
3201
3201
3887
2948
3392
3649
3768
2008
2256
975
978
2611
2176
2727
2833
2514
2175
3441
3370
3467
2871
4171
4178
2989
3743
3430
3321
2389
3457
2948
3625
3625
3467
2833
2799
3739
2364
2008
2008
2105
3625
2164
2256
2173
2358
2173
974
2062
1650
1945
2062
3201
2938
2141
2833
3080
2879
3256
3322
3315
3649
977
2491
2292
2074
2115
2204
2300
3314
2281
969
2282
3467
2770
2514
1642
2949
2150
3267
3835
3380
3417
3476
3348
3526
3739
3190
2714
2150
3365
1394
2491
3256
2048
2170
2805
2172
2173
2448
2528
2146
1755
3233
3233
3039
4128
1343
2780
2074
2060
2953
914
3244
2264
2297
382
3783
3485
3739
4098
4036
2055
3649
2008
2660
2528
2145
3426
3202
2372
2008
3660
3091
4121
3887
3768
3768
3768
3768
2949
2949
3768
1951
3768
2949
2949
2150
2835
3431
2145
2909
976
2101
2069
2138
2264
2069
2074
3743
2988
4162
4171
4178
4037
3768
2141
2780
2622
2062
2948
2831
2528
2528
3141
3777
4049
3912
4201
4117
2798
4999
3091
2833
3244
2255
2256
2074
2147
3057
3631
3631
3760
2644
2045
3866
2172
2949
2008
2044
914
1840
1686
3228
2340
3365
1671
1006
1006
1285
1003
3409
3493
3493
3524
3771
3152
4159
4199
3141
3427
3887
3202
2242
2242
2251
2168
2284
2045
2269
2269
2269
2065
2045
1394
2395
2258
2079
914
914
3244
1827
1393
1138
3482
4139
3754
4216
4158
4216
4170
3244
3660
3680
3751
3751
3751
3751
3824
3478
3739
3742
2279
2242
2242
2046
2291
2623
3459
3751
2008
2340
2116
2251
3485
3097
3768
3751
3768
2949
3768
3768
3768
2080
2045
2264
2359
1343
382
3837
4331
3037
3706
3106
3106
3306
3306
3144
3306
3656
4186
4240
4147
3239
3239
3774
3408
3144
3144
3144
3144
1394
3141
2254
3374
3768
2131
2168
2129
2050
2359
1006
2744
3032
2743
3912
3416
3768
3751
2252
2168
2168
1957
2146
1831
3365
3739
3887
4100
4100
3825
2068
3768
2080
2069
2049
4117
3096
3202
2252
2229
2168
2069
2131
2170
1463
1825
3674
3684
4198
4223
4223
3524
3639
3551
1285
1006
1393
1393
3485
2800
498
2989
3681
3202
2055
2252
2130
2252
2264
2069
3141
1886
1684
2252
2170
2229
2229
2170
2252
2264
2252
2229
2252
2252
2639
2909
2840
2989
3824
2168
2109
2109
2229
2069
2069
2079
1216
1285
1285
1524
4182
3051
4137
1649
3751
3751
2229
2229
1624
2229
1393
3306
3306
3306
1006
2834
1523
4208
3302
4117
1646
3824
2229
4036
2840
3479
3824
3038
4117
2927
3824
3751
1471
2419
3434
2800
3496
2109
2400
1755
2080
1285
4208
4256
4214
3304
4193
3883
3833
1216
1003
1003
3493
3435
4159
3434
3434
3415
2623
4078
3675
3824
3824
4121
4121
3518
3379
3363
1840
2503
4199
4256
3493
3493
1285
3144
1777
3434
3438
3474
4163
1471
2109
2909
3434
3302
1840
1886
3751
1755
1523
3749
4225
3454
3493
3375
3138
4177
4098
3309
3868
3655
3052
4082
1755
2400
3400
3302
3493
2781
4117
4152
3046
3824
3906
3652
1238
3493
3739
3136
4014
3751
1824
3379
3399
1393
4201
3824
1522
3524
3739
3478
1216
3739
2983
1812
1522
1238
3781
3176
498
3001
3478
3551
3454
3782
4053
3169
4249
3052
4117
3478
4121
3347
3868
3034
3639
2901
494
3732
3280
3395
3460
3453
3569
3604
3637
3726
4074
3558
3610
4917
3610
853
4916
4919
4887
683
4885
4885
4884
4887
3638
3668
3141
3200
3592
3789
4176
3694
3720
3712
3592
3755
4884
3755
4879
3598
3917
3679
3693
3894
3854
3601
4013
3604
3552
3641
3880
4110
4916
1181
1181
1181
4916
3955
3621
3755
3714
4302
3666
3789
2942
2428
1471
3406
3662
3034
3306
3571
3305
3705
3552
3689
3689
3639
4879
3733
3624
3701
3705
3702
3268
4083
4216
3569
1005
3144
3144
3408
3774
3144
3483
3437
3144
4152
3789
4176
3694
3915
1966
1357
3923
3832
4923
4879
3658
3250
1686
3827
3144
3645
3917
4137
2879
3282
1239
3240
3401
3215
3689
3638
3818
3789
3693
3693
4140
3839
3376
3481
3734
3373
3637
3637
3862
3862
3655
3306
3242
4172
4125
4034
3242
3039
3306
3712
3726
3666
3601
3541
3646
3720
3411
2626
3295
3726
3726
3637
3602
3915
3733
496
3094
4112
3373
3306
2841
3854
4099
4255
4201
3481
3451
2710
3637
3310
3639
3524
3854
3582
2988
3831
3609
3714
3950
1181
3610
2800
3439
3101
4013
3505
3092
3571
2874
3409
3742
4163
2412
4158
4114
3655
3306
3306
3655
4012
3911
4131
4131
4186
3655
4172
4154
4165
4186
4179
4255
2783
4923
3786
3612
3889
3806
4881
3755
3556
4126
4349
4126
4271
3955
4916
1181
4074
4884
3955
4916
853
3950
3755
3726
3861
3703
3854
3854
3703
3703
3894
4220
3556
4171
4163
3549
3550
3850
2947
3634
3552
2873
4054
3722
3642
3601
1357
3536
3665
3765
3726
4074
2801
4130
4130
4136
4098
493
4224
3473
4099
3894
4037
2760
3383
3664
3946
3726
3862
3648
3637
3306
3638
4209
3246
3009
4311
3549
2782
3730
3665
3698
3698
3877
3897
4931
3880
3558
4216
4159
4216
3904
4187
3640
3598
3621
4177
4104
4375
3948
3895
4192
3674
2667
2969
3448
3240
3450
3686
3471
4086
4209
3849
3448
4225
3306
3911
3656
3911
4078
4201
4147
4953
3674
3451
3297
2942
859
4177
3957
3610
4923
3746
3021
3844
4935
4336
4564
4544
4618
4724
4421
4367
4279
4249
4202
3705
895
4031
683
4821
3956
4889
4916
4917
3970
3961
3979
4884
4884
3978
3978
4916
4884
3981
3978
4887
4347
4349
3978
3960
4349
4349
4349
3977
3806
3755
3448
3736
3911
3776
4130
4169
895
853
853
4916
4885
4886
4884
3589
4260
1181
1181
1181
3121
3760
4208
4139
3236
4082
1181
3610
890
853
4884
683
683
895
1181
675
751
1181
4050
3684
4150
2783
3894
4953
853
1181
4821
4821
1096
4917
675
4817
1181
1181
853
4817
3491
2423
3610
4130
4178
4012
4131
3884
3601
4192
3428
4163
4166
2872
3301
895
1181
3383
3301
3778
3145
4223
895
379
4300
4371
853
3367
4931
4240
4119
4118
3808
4175
4895
4074
4884
896
1181
4250
4113
3862
2876
4155
3401
3404
3150
4037
3527
3527
3867
4034
4165
3591
3880
3726
3709
4186
3776
4136
3237
4186
3947
2772
3913
3815
853
751
683
751
2749
3897
4205
3868
3401
4118
3643
4134
379
4049
3779
1346
4150
3151
4256
2878
3743
3726
4198
3710
4165
4311
3883
3180
4185
2772
4190
3861
3556
3861
4185
2772
3934
4085
3239
4884
4082
4311
4085
4171
3861
3883
3404
3883
4302
895
4240
4223
3179
3862
3648
4026
4223
4158
3703
3301
4919
4817
4817
853
4916
3610
2951
3754
3861
4126
4126
4126
4931
4224
2950
4314
4931
4564
4544
4544
3924
4931
4564
4507
4547
4424
4450
4692
4665
4663
4728
4663
4752
4729
3626
4215
4189
3714
4884
4885
4336
4322
3301
3861
3861
4919
4919
4224
4885
4031
4916
4916
3950
3959
3960
3978
4322
3961
4886
3714
683
3610
3956
4916
3932
3939
3843
4230
3950
4336
4445
4557
4496
4481
3941
4286
4925
4279
3940
4279
4322
4126
4884
4884
4229
4933
4885
4375
4357
3806
4885
3981
4349
4887
4881
4229
4372
4884
4322
3940
4284
4319
3995
4349
4349
4321
4320
4481
4323
4606
4357
4375
2756
4564
4544
4617
4691
4617
4620
4596
4712
4681
4711
4439
3939
4357
3969
4947
4380
3978
3961
3977
4916
4916
4887
4349
4349
4372
4347
3587
3978
4349
4423
3979
3977
3962
3961
4564
4322
4711
4564
4558
4413
4442
4378
4376
4444
4337
4488
4233
4233
4380
4542
4482
4560
4676
4636
4617
4557
4711
4509
4596
4233
4509
4575
4476
4557
4378
1350
4391
4476
4711
4711
4367
4708
4714
4681
4617
4590
4454
4703
4619
4741
4741
4669
4684
4699
4680
4626
4678
4678
4678
4678
4687
4699
4699
4699
4680
4680
4680
4701
4701
4701
4680
4680
4680
4481
4475
4619
4619
4749
4652
4749
4749
4661
4732
4749
4581
4239
4570
4617
4635
4696
4617
4711
4599
4496
4619
4575
4725
4575
4596
4711
4557
4703
4711
4725
4657
4495
4711
4660
4711
4607
4606
4708
4708
4708
4381
4617
4711
4657
4570
4568
4708
4586
4424
4714
4730
4619
4424
4661
4714
4619
4711
4705
4711
4711
4656
4725
4705
4745
4952
4952
4699
4626
4684
4678
4678
4684
4687
4699
4699
4680
4739
4701
4699
4699
4739
4699
4940
4699
4699
4699
4701
4699
4701
4602
4730
4665
4684
4480
4607
4730
4675
4711
4652
4690
4725
4952
4495
4494
4518
4714
4694
4730
4660
4711
4676
4699
4684
4745
4590
4741
4678
4617
4699
4711
4952
4676
4399
4690
4639
4680
4680
4680
4699
4699
4680
4699
4701
4701
4680
4699
4680
4680
4701
4701
4701
4701
4680
4699
4680
4701
4699
4701
4720
4541
4701
4699
4680
4680
4701
4701
4680
4743
4454
4680
4680
4680
4680
4699
4724
4239
4749
4680
4680
4680
4680
4680
4680
4721
4721
4239
4698
1351
4701
4680
4454
4699
4699
4680
4744
4699
4699
4710
4701
4680
4680
4701
4701
4701
4701
4699
4699
4699
4680
4741
4575
4701
4680
4701
4746
4680
4715
4701
4752
4701
4484
4665
4699
4724
4701
4701
4701
4701
4239
4701
4663
4602
4699
4699
4575
4575
4698
4680
4699
4684
4687
4678
4687
4699
4684
4678
4663
4706
4701
4602
4749
4699
4663
4652
4701
4678
4678
4699
4699
4237
4701
4701
4699
4678
4732
4749
4701
4680
4701
4699
4701
4701
4701
4701
4684
4678
4680
4699
4699
4699
4699
4680
4678
4678
4686
4701
4678
4687
4678
4602
4701
4739
4701
4699
4602
4602
4722
4732
4602
4602
4699
4699
4687
4684
4687
4687
4687
4678
4687
4678
4739
4678
4739
4739
4699
4701
4732
4701
4701
4701
4739
4678
4677
4701
4701
4749
4749
4699
4699
4699
4699
4678
4678
4687
4687
4678
4678
4739
4739
4701
4699
4684
4687
4684
4678
4678
4701
4602
4602
4751
4704
4699
4678
4687
4739
4678
4678
4701
4739
4701
4739
4701
4701
4453
4701
4701
4701
4701
4699
4699
4699
4687
4701
4684
4752
4699
4678
4678
4652
4739
4739
4739
4678
4701
4678
4686
4701
4678
4678
4678
4678
4678
4739
4739
4687
4678
4678
4687
4701
4687
4739
4678
4701
4678
4739
4678
4739
4678
4678
4678
4678
418
396
418
418
418
418
418
396
418
418
418
396
418
254
254
254
254
3861
4110
4074
4295
4259
4031
4088
4063
860
980
4044
4088
4045
4916
4044
1222
1231
1404
4260
1296
997
4044
4045
3950
4916
4031
860
4045
890
859
859
4878
1127
1127
1296
1404
3812
4044
4916
4074
4031
3950
1367
4295
4045
3862
3861
860
3950
1283
4088
4016
860
4088
4016
4088
4258
1296
4088
265
801
265
265
265
258
265
265
265
320
265
320
320
265
1371
320
265
397
4847
2256
2389
2358
2256
2389
2302
2389
2256
2256
2173
2611
2949
2770
2770
3016
3016
2935
2770
2935
3467
2935
3016
3016
3016
974
974
3476
914
2045
4885
4878
3959
4886
4886
4905
3977
3621
3610
3959
4884
895
3610
3979
683
4884
3939
3828
3924
3940
2762
3730
895
4687
4680
4680
4680
4698
4699
4680
4687
4699
4699
4687
4739
4680
4680
4684
4680
4680
4699
4699
4699
4701
4879
3862
3727
3862
3862
3862
2774
3467
3108
3014
3108
3467
3108
3014
3108
3109
3015
3014
2778
3109
3467
3256
3467
3108
3467
2935
3014
3012
3109
3108
3109
2935
3109
3108
3109
3467
3014
3012
2896
2938
2938
2820
3074
3074
3074
3074
3074
3074
3201
3074
1206
3201
3201
3201
3201
3336
3201
3201
2938
