337
48
238
367
446
476
399
281
242
571
178
178
178
445
427
4788
452
452
428
336
188
208
178
208
314
296
426
314
4788
4788
426
4788
208
189
106
309
101
309
337
48
393
461
493
398
54
276
398
181
336
26
26
41
4803
96
4992
293
294
294
357
4992
4992
4992
4803
296
217
47
382
382
217
261
180
208
4788
292
382
3
346
340
312
426
41
362
362
41
41
351
81
92
178
11
188
41
337
81
39
92
4992
86
41
41
337
336
188
189
336
41
362
309
41
48
393
320
320
171
465
574
553
489
505
465
50
223
41
208
336
346
48
392
351
82
47
397
219
208
296
426
86
296
296
426
4788
86
208
85
85
148
4788
4788
293
314
85
87
148
294
4
181
48
346
243
426
87
208
311
309
392
253
464
461
493
493
493
493
493
226
226
560
497
560
561
818
4881
808
405
234
280
166
237
256
227
257
268
320
558
228
581
208
309
94
296
296
255
337
311
347
426
286
430
255
41
296
309
162
365
426
426
41
87
399
269
8
41
252
286
268
320
171
172
224
170
50
4994
4992
309
365
7
41
55
4
261
4
4
252
163
314
89
4992
104
339
309
392
337
50
399
4803
294
269
445
223
462
171
4992
294
261
335
162
340
340
453
343
51
51
376
51
296
376
393
171
320
30
41
428
261
4788
382
382
4788
4788
4789
5
445
338
461
54
276
348
96
399
320
4992
243
476
563
309
427
218
218
314
488
320
397
462
320
364
452
293
461
50
452
343
253
7
314
314
459
462
166
577
815
745
408
408
1548
1548
1548
512
1361
2344
3155
3334
3484
3013
3013
3479
4284
4030
3156
3818
4117
3972
345
364
443
495
294
461
269
166
462
462
486
472
462
579
592
590
964
822
502
502
446
376
446
453
492
4992
296
452
452
294
453
495
315
314
85
294
345
382
461
488
452
428
492
492
492
226
561
4788
452
4789
4788
4788
452
505
452
293
51
296
293
428
4788
4788
4788
4788
319
170
292
492
465
492
226
561
226
561
892
587
492
224
494
494
494
8
493
225
492
225
226
226
561
561
561
319
462
492
563
494
563
493
493
225
560
8
8
564
225
561
225
225
561
560
566
4881
1473
1473
1533
1627
1794
1913
1911
2935
3461
3624
3641
2763
2747
2773
2786
3114
2786
3128
1222
3114
3108
3031
3040
3031
3108
2959
2912
3030
2939
2633
2320
1373
1505
1767
2352
2672
3168
2813
4906
2337
2624
2524
505
561
558
459
560
226
497
493
561
493
226
561
493
503
502
560
560
560
489
582
560
505
225
571
565
808
505
553
438
553
564
497
503
561
561
226
496
574
553
582
505
225
225
225
561
505
225
561
561
225
561
561
497
557
226
561
226
226
225
225
561
226
226
818
575
438
1548
588
594
226
764
732
768
732
764
768
732
732
797
797
732
797
4868
734
827
852
852
707
707
707
707
1375
1147
1565
1580
1697
1236
1152
1041
1029
644
1030
1039
1397
1051
764
764
732
732
732
826
4868
826
732
772
768
695
768
797
561
227
489
797
774
852
852
827
852
732
771
732
732
827
825
825
852
825
732
732
771
852
852
1027
1027
561
581
575
438
1392
1154
1138
764
764
764
764
732
764
732
825
732
764
768
561
226
225
225
561
764
768
438
764
771
771
764
771
852
771
671
811
438
745
1548
768
764
797
732
825
764
797
764
764
771
732
771
771
852
226
561
764
852
852
827
852
825
768
768
732
764
768
826
826
826
798
797
798
4858
4858
581
743
768
227
561
561
806
850
852
806
585
406
959
959
1473
768
743
575
591
591
745
1548
708
771
852
959
438
771
771
584
582
852
738
797
797
769
797
733
827
826
798
1090
509
509
509
1473
607
852
852
849
815
436
827
797
797
797
227
827
697
797
671
4885
826
738
852
826
826
765
827
852
1008
1126
873
1040
640
440
712
878
1237
4858
772
769
676
826
826
826
4885
849
798
887
707
826
826
1118
1040
707
797
797
826
815
1138
964
826
826
4841
852
852
4841
827
876
1126
798
810
1028
707
707
826
1090
4885
923
924
1989
1493
2117
1742
841
923
923
924
2008
877
1126
902
963
713
1118
1234
1773
707
707
798
4841
826
4841
1040
707
1027
1027
826
1027
1027
827
826
4841
923
1577
406
959
959
1398
1479
1533
406
588
1126
1029
1029
1645
2430
1801
2577
2351
1932
2675
2609
2623
2189
2182
2190
2509
2696
3042
3409
2535
2274
4893
2613
2724
2273
4893
2535
4841
4841
1126
1008
1126
1029
1027
1329
1375
707
798
1126
1038
1038
1078
1039
1044
1190
1236
1190
1128
644
1126
1005
999
1833
1614
1748
1127
1058
1528
1012
1383
1384
1384
1614
1384
1826
1546
1966
1864
1864
2523
1740
2523
1740
1033
1023
1833
1007
1036
1029
1029
1029
1030
1030
826
1036
1034
1791
1000
1005
1037
1078
1039
1003
873
1041
1052
1003
1030
1190
1304
1143
1002
1126
1045
1037
1039
1235
637
1027
1027
1027
231
1005
1045
1049
1024
1818
1614
1007
1049
1193
1383
1383
1629
1736
1303
1629
1614
1571
1774
1433
1284
1025
1025
1187
642
637
1027
1027
639
850
878
1135
1818
1614
1614
1384
1384
1614
4881
1000
852
852
1037
1310
1052
1027
826
699
827
826
827
4841
4841
4841
827
4882
923
1193
713
1776
1773
1121
1817
1126
1126
644
644
1012
1304
593
1375
699
852
852
888
1049
1049
1036
1001
642
1176
1053
711
1351
707
1033
1594
1582
1126
642
1041
1154
1260
1041
1580
873
1565
1565
1027
1278
1563
1006
964
1179
1027
1580
1027
1027
4841
774
852
852
699
827
852
1193
852
1424
1375
1077
1049
1193
1304
873
852
1193
1025
1193
1193
1036
1594
1049
745
1580
1565
4841
1135
1185
1192
1064
1374
1330
1265
1538
1841
2326
2135
2003
2135
2003
2281
2073
2073
2450
2706
2915
2985
2822
2991
2915
2915
2915
2706
2281
2135
2135
1265
1332
852
1041
1146
1528
1575
1011
1394
1046
1193
1024
1075
1375
699
852
1323
1729
1243
1828
1544
707
1278
1375
1147
1263
1010
1383
1614
1010
1786
1786
1786
1736
1786
644
873
643
1660
1580
1580
1186
1025
1685
1193
1075
4885
1268
1296
1390
1639
1411
1324
1278
1580
1786
1236
1193
1193
1024
1295
1742
1196
1286
1336
1194
1435
1238
1416
509
1271
1228
1197
1193
1025
1010
1176
1528
1384
1384
1528
1528
1507
1027
1024
1275
1411
1546
1037
1310
1375
1278
1278
1375
1263
1007
1025
1580
1027
1263
1580
1509
1024
1186
1275
707
1278
1338
1179
1193
1184
1025
1382
1286
1507
1818
509
842
1529
1598
1375
1383
1383
1614
1580
1027
927
1397
873
1428
1636
1330
923
841
1572
1559
1511
1545
1545
1375
1427
1548
1676
1906
1909
3065
4027
4029
4030
4347
4377
4377
4481
4622
4617
4617
4629
4522
1263
1027
1565
1629
1580
1383
1358
1565
1147
1329
1186
1182
1024
1818
1833
1747
1833
1278
1272
1278
1498
1498
1498
1498
1498
1548
1796
1993
2341
1012
1507
1263
1397
1435
1548
511
511
1775
1236
1509
1759
2003
2135
1818
1559
1559
1066
1375
1383
1384
1736
1614
1383
1614
1384
1637
1776
1147
1380
1281
1876
1509
1376
1574
1278
1614
1384
1384
1383
1614
1384
1614
1384
1736
1629
1409
1263
1263
1025
1025
1383
1614
1380
1199
1336
1867
1201
1201
1418
2135
1287
1677
1297
1736
1826
1263
707
707
1263
1375
1375
1278
1375
1375
1635
1263
1193
1321
1512
1573
1533
1621
1706
1643
1756
1676
1359
1580
1660
1192
1384
1384
1384
1826
1671
1641
1750
2116
2016
2049
2490
1961
1638
1753
1625
1536
2768
2846
2513
1263
1507
1265
1260
1383
1384
1786
1672
1795
1659
1513
1147
1147
639
707
1499
1399
1507
1575
1833
1423
1516
1627
1734
2028
2452
547
1660
1084
1674
1791
1647
1384
1384
1614
1384
1384
1384
1415
1638
1549
1748
1025
1024
1818
1818
1383
1383
1818
1025
1141
1556
1397
1671
1515
1614
1614
1384
1308
1840
511
1025
1818
1818
1786
1025
923
929
1572
1489
1572
1818
1558
1750
1726
1245
1748
1818
924
1833
1542
1648
1766
1582
1582
1194
1200
1199
1763
1916
1763
1835
1336
2320
1510
1373
1920
1393
2577
1393
1272
1660
1428
1143
1587
1606
1833
1512
1671
1542
1633
1726
1614
1818
1833
1642
1681
1423
1438
1595
1780
1721
1721
1690
546
1795
1745
1384
1786
1747
1614
1614
1383
1775
1635
1660
1384
1747
1472
1818
1833
1510
1450
1450
1273
2046
1785
1622
2526
2072
2739
3169
1655
2843
3050
2907
1621
1674
1309
1281
930
1932
1964
2357
2483
1438
1621
1709
1384
1384
1639
2161
1416
1936
1825
2320
1515
2646
1617
1644
1514
2353
2363
1384
1393
2452
2768
1516
1212
1712
1510
1034
1595
1674
1582
1755
1614
1857
2455
2633
2532
1535
1382
2042
2532
1617
1478
1919
1426
1975
1602
1986
1818
1707
1384
1840
1834
1018
1560
1760
1782
1589
1695
1477
1767
1747
1747
1639
1491
1725
1833
1746
1754
1832
1902
1020
1265
1760
1382
1989
1989
2049
1835
1961
1614
1819
1583
2530
1614
410
1046
1247
2431
2736
2934
2677
1799
1383
1818
1614
1354
1747
1018
1738
1200
1614
1410
1910
2340
1721
1794
1910
2668
513
513
1866
1868
1418
1418
2073
2073
2073
2073
1932
1614
1639
1073
1759
1852
1614
1614
1614
1068
1801
1797
2178
1074
1756
1491
1061
1614
1800
1266
1383
2315
1614
1086
1384
1086
1747
2934
3098
3514
3299
2342
2767
1603
2305
1857
1985
1661
1859
1878
1019
1864
2576
1864
2523
1970
1968
1841
1084
2042
1991
2040
1487
1874
1881
1305
1614
2300
1967
2391
1878
1739
1418
2003
1922
2520
2704
2863
1487
1859
2001
2071
1880
1246
2071
1737
2546
2546
2565
2614
1503
3011
2500
1873
1491
546
2525
1905
2029
2052
1992
972
1825
1964
2577
1787
2362
1838
1922
2484
2482
2194
2484
2771
535
1614
1494
2315
2577
1828
2074
2340
1061
1335
2117
972
2007
2340
1418
2162
972
1614
1501
1794
1940
1988
2041
1571
2042
2608
1991
2418
1921
1932
1966
2000
1757
1811
2048
1988
2008
2484
2493
972
1981
1921
2131
1880
2337
2576
2576
2523
2576
1875
1419
1894
1831
1588
1493
1908
1201
1418
1418
2073
2481
2633
2054
2741
2063
2500
1502
1831
2393
1418
2054
2939
2746
2746
2788
1215
3030
2632
1061
2340
1538
1433
1017
1965
2162
1921
2273
2241
2241
987
986
2109
980
2273
2413
2413
2541
2241
2273
2560
2413
4894
2541
2241
4894
2335
2334
2334
2359
2544
2273
2272
4894
2385
4894
4894
2241
2460
1061
1738
2071
2301
2859
2477
2054
1448
1209
1868
2013
2241
2335
2460
2214
2241
1487
1878
2391
1019
1019
2071
2029
1781
2273
2335
2335
2273
4894
1487
2546
2812
2016
3017
2593
2490
1649
2506
2335
2314
2335
2360
2334
984
2460
1434
2115
2557
2574
2550
2550
2385
2214
2214
2385
2272
2341
2016
533
1921
2214
2020
1932
2075
2246
2273
2273
2541
2724
2351
1849
2732
2162
2484
1418
2003
2289
2384
2645
2645
2645
2559
2559
2610
2208
2182
2308
1493
2312
2506
2272
4890
2558
2560
4893
4893
2385
2384
2202
2645
2221
3107
3107
3076
3076
3093
3093
2266
2622
3076
2560
2559
3041
3041
3185
3185
2275
2975
2610
4893
2351
2273
2677
2577
411
3272
3376
3093
3093
3093
2266
3048
3048
3048
2622
2672
2574
2290
2354
2464
2606
2572
2630
2796
2644
2272
2272
4890
4890
2559
2275
2275
2268
2938
3107
3076
3076
2093
1760
2326
2469
2469
2507
2507
2135
2487
2272
2272
2506
2146
2360
2241
2335
2241
2510
2239
2677
411
1782
2546
2385
2560
1868
2073
2560
2312
2216
984
4893
4893
2724
2724
4893
2342
1019
2511
2771
1970
2109
2185
2474
2506
2109
2357
1932
2182
2190
2550
4894
4893
4893
4893
2610
4893
4893
1901
1740
1879
1537
2683
2832
2684
2558
2100
2689
1487
2792
2074
2317
2259
2212
2209
2559
2544
2544
2239
4893
2391
2133
2023
2270
2501
2346
2376
2365
2691
2691
2212
2271
2202
2604
2604
2202
2603
2627
2365
2381
2381
2198
2402
2559
2559
2939
2073
2635
2474
2189
2314
1967
1019
2071
1019
2672
2054
2073
2003
2326
1741
1741
2792
2198
2371
1654
2493
1868
2326
1741
2245
2610
4893
4893
2115
2462
2462
1021
2337
2462
2565
2009
2220
2604
2213
2201
2493
980
2135
2182
4893
1861
2558
4890
2442
2635
2990
3025
3025
3038
3049
2620
3048
2189
2675
983
4893
2324
2358
2635
2635
2791
2447
2694
2326
2675
2511
2745
2003
2135
2792
1072
1879
2361
976
2635
2635
2447
1868
2073
2389
2610
2207
1649
2143
3027
2544
1864
2141
2515
2546
2594
1209
2472
2397
1202
2523
1864
4895
2389
1923
2281
2073
1202
2135
2537
2222
2276
3185
2768
2645
2470
2572
2368
1202
2326
2326
2247
3041
1758
2814
3443
2432
2220
1717
2043
2043
2473
2519
1202
2281
1865
1741
4893
2259
2701
531
2518
2135
2135
3041
2275
2222
2268
2275
2275
2975
2975
2275
2975
2975
2275
2535
2543
2274
2614
2697
3143
1202
2578
2483
2483
3017
3056
3278
2694
2434
1696
2462
2565
2645
2275
2645
2862
2477
2593
2578
983
1502
2697
1911
4895
2470
2691
2686
2201
2066
2623
2281
2341
2608
2450
2487
2487
2487
2135
2135
4893
2274
2559
2581
2595
2483
2483
2145
2135
2469
2274
4893
2202
2383
2807
2502
2464
2635
1717
2578
2275
2135
2135
3041
1696
2936
2262
2893
2956
3026
2630
2796
2526
2595
1740
1740
1504
2489
2220
2603
2644
2644
4908
2551
3090
2535
2536
2537
1911
2422
2202
2623
2645
2281
2399
2135
2507
2487
2507
2487
2135
1850
3111
1911
4907
3064
3335
3586
2825
2382
2863
2483
3022
2966
1696
2826
2937
2937
516
3426
2641
2717
2569
2629
2581
2566
2514
2627
2465
2145
2145
2791
4910
2543
2539
1912
2644
2590
2740
2702
2450
2706
2507
2991
2882
3072
3808
3767
2507
2507
983
2793
3007
2614
1502
2376
2808
2595
2694
2552
2975
3098
2986
3019
2368
2958
3030
2595
3052
3001
2931
2844
2717
2604
1693
2043
3041
1224
1223
2959
3031
2959
3108
3108
3031
1222
2913
3128
3128
3128
4896
3127
3863
4901
4896
4896
3267
4901
3148
2851
2851
3413
3598
528
2043
2561
2680
2834
2631
2527
2581
2912
3031
3114
3114
3114
3114
3128
3129
4896
4896
4896
3128
1222
1222
1222
1222
2959
1222
3031
3114
2959
2960
2145
2144
2344
2344
3090
2796
2549
1224
2808
3399
3798
3830
3923
4025
2450
2274
2221
2172
3029
2590
2975
2624
4989
2945
4971
2524
2877
2945
2878
3060
3086
3302
2998
4971
2945
2878
3086
3059
2883
2884
2878
2945
2945
2865
4907
2935
3143
3324
2968
3832
2831
3471
2631
2643
2834
2604
1655
3004
2773
1850
2626
3118
2670
3586
3166
3166
3149
3166
2709
3094
3054
2915
2915
2960
2192
2540
2796
2643
2742
2722
2944
2991
2874
2507
2991
2991
2991
2883
2869
2991
2991
3008
2944
2869
2883
2991
2929
3059
2883
3297
2884
2883
3202
3237
3459
3494
2507
2344
3102
3397
3102
3066
3103
2644
2702
2742
2731
2791
2507
2991
2991
2275
2991
2874
3055
3022
4973
2877
2512
1215
2912
1215
3031
1215
2764
1656
2706
2960
2882
2880
3133
3767
3811
3307
3775
3749
3642
3752
3316
4082
4154
3494
3295
3159
2883
2991
2975
3376
2963
2274
2556
552
2547
2796
2938
2991
2991
2870
3008
2929
2944
2282
2524
3275
2891
2893
1717
2529
2561
2144
2991
3008
2370
1692
2706
2706
2275
2275
2275
2991
2874
2864
2826
2984
2912
2912
2912
2910
2706
2694
3017
2275
2275
3079
3284
4986
4982
2621
2952
2882
2883
3019
3019
2742
2910
2822
3172
4276
2930
2928
3844
4171
3880
3494
2275
4971
4974
2669
1215
2791
2145
2883
3022
2935
3247
2811
3012
3039
3017
2798
530
2268
2275
2275
2275
2275
2836
2265
3030
3176
2770
2434
2145
2882
3133
2926
3410
3060
2888
1693
2706
2275
3431
3109
3109
2796
2687
2621
2795
530
2555
2555
2555
3038
2875
2822
3404
2862
1219
3001
2248
2883
3349
3161
3059
3060
2945
2548
3412
2044
3120
3324
2618
3235
3438
2223
3079
2796
2622
2739
2044
2268
3185
2793
3347
3579
3056
3017
3197
3321
3321
3878
3807
3750
3091
3092
3002
2860
2822
3056
3295
2222
3337
3155
2832
3010
3248
3596
3247
3596
3861
3887
3596
3638
2796
2503
2268
3017
3491
3016
3016
2860
2822
2983
2617
3443
3107
527
3119
2788
2915
2915
2915
2915
2915
1219
2960
2915
2915
2985
2985
3380
3422
2435
4910
3013
3176
3093
3093
3076
3109
2796
3009
3561
3366
3366
3561
3035
2929
2916
2916
2916
2916
2916
2916
2915
3028
2685
2833
2718
3031
2915
3201
3136
3410
3201
3594
2923
3808
3161
3062
3036
2815
515
3067
2773
3072
3393
2620
3176
2699
2699
2808
3444
2810
3823
3178
3026
2959
2841
3107
2788
2915
3012
2268
3049
3422
3458
3506
3203
3049
3185
3395
3558
3594
3594
3538
3510
3532
3533
3533
3595
3981
4168
3240
4253
3593
3198
1692
3114
3040
3031
3108
3031
3108
3114
3031
2985
2620
2620
2620
3025
3025
2620
3048
2620
3049
3392
2620
3013
3056
3076
3395
3594
3511
3546
3748
4253
4175
3876
3664
3748
3199
2945
3443
2622
3031
2960
1222
3054
4896
3129
3129
3129
3129
3128
1221
3128
3128
4896
3124
3128
3127
4896
4896
3887
4010
2882
3590
3048
2983
3048
2268
2222
2846
3120
1222
4897
3039
2620
3049
3396
2820
2786
4897
1220
4897
4897
3054
3026
3054
4897
3048
2620
3438
3048
3558
3198
3155
3337
4189
4149
3622
3623
3749
3623
3623
3642
3642
3642
3948
3948
3756
4153
4261
4146
4011
3829
3829
3642
3642
3642
3643
3642
3623
3623
3560
2267
3068
3114
3114
2915
3048
3048
3048
3093
2222
2793
2793
3086
3061
3036
1693
3054
3048
2266
3048
3048
3048
3013
3013
3107
3347
3199
2890
3040
3114
3031
3114
3114
2913
2913
1221
3128
3128
3128
2856
3128
3276
3218
3521
2621
2880
3056
3093
3093
3059
3114
3114
3018
3094
2880
2622
3048
3093
3076
3548
3495
3783
4219
4251
3496
3581
4279
4261
3766
3584
3391
3510
3594
3594
3510
3594
2846
2847
3596
3066
3610
2957
2916
2916
2622
3107
2267
3048
3048
3076
3505
3395
2718
3336
3054
3076
3093
3076
3046
3107
3093
3076
3076
3093
3093
3616
3491
3016
3622
2913
2822
3114
3128
3295
2622
3056
3093
3046
3093
3013
3582
3511
3205
3486
3538
421
3275
2878
2816
2913
1221
4897
3129
3494
3046
3093
2266
3093
3486
3623
3749
3642
3594
2911
2622
3213
3508
3605
2808
2472
3129
3128
2747
3218
3392
3198
3596
3105
3920
2782
3029
2786
2786
3128
3548
3214
3197
2808
3128
3128
2913
4897
1221
2798
3486
3410
3622
2817
3129
3123
2747
3013
3013
3013
3039
3603
3592
3508
3664
4253
3981
3500
3500
4260
3211
3507
3205
3533
3533
3664
3559
3511
3821
3511
3349
3534
3029
3172
2913
3128
3128
3128
3187
3355
3458
3554
3385
4114
3459
3370
3508
3593
3594
3533
3605
3643
3643
3594
3511
3982
3321
1220
1218
3012
3484
3579
3204
2820
3508
3623
3642
3169
1221
3013
3530
3557
3556
3609
3538
3533
3586
3128
3128
4896
3127
4896
3916
4896
4896
2851
3861
2759
4000
3861
2798
3155
3441
3749
3349
3063
3631
3013
3013
3628
3508
3593
3609
3511
3165
3062
3817
3295
3094
3422
3631
3593
3538
3533
3533
3295
3094
4897
3094
3218
3495
3783
3581
3593
3594
3336
3128
3039
3495
3511
3843
3152
3152
4896
4896
4896
4901
4901
3592
3638
2798
3127
3445
3916
3642
3538
2848
2847
3610
3104
3956
3586
2881
4896
3128
4896
4896
4896
3445
3276
3609
3557
2847
2847
3104
3266
2671
3843
2808
3127
3920
3582
3275
3511
3302
3094
3128
3152
3542
3299
3334
3995
3609
2548
516
2801
4162
2172
3494
3598
520
3556
3665
3684
3703
3991
3896
3858
3712
3901
4071
4392
4356
4928
4393
4928
4393
4393
3786
3765
3622
3104
3106
3708
3698
3698
3719
3719
3754
3934
3793
3754
3708
3714
4922
3715
3697
3692
3708
3688
3754
3689
3754
3934
3862
3862
3786
3786
3786
3754
3708
3977
4021
3857
3816
4920
4918
4918
3892
4920
4920
4918
4918
4013
4013
3708
3411
3708
2916
3457
3012
3782
3782
4219
3542
3748
3784
3665
3665
3786
3391
3391
3786
3708
3584
2698
3754
3934
3786
4247
3462
3127
3413
4896
3593
3727
3643
3643
3642
3643
3642
3643
3643
3754
3934
3682
3982
2916
3783
4219
3352
520
3708
3708
3708
3104
3689
3533
3295
3152
2856
3127
3951
4896
3127
3495
3773
3643
3690
3206
3934
3279
3134
3530
3530
3592
3244
3454
3390
3584
4039
3689
3793
3934
3786
2823
3457
4896
4896
3591
3774
3839
3684
4213
4084
3539
3642
3753
3753
3943
4210
3884
3317
3836
3961
3690
3839
3793
3682
3583
2848
4039
3682
3559
3550
3399
3758
3267
3839
3839
3789
2670
3166
2916
3578
3591
2948
3768
3864
520
3642
3642
3786
4039
3516
3515
3576
3029
4112
4896
4896
3640
3642
3207
3595
3934
3793
3597
4896
3496
3244
3816
3858
3829
3861
4010
4039
3935
4901
3413
3920
3682
3306
3511
3791
3597
3935
3462
3874
3499
3949
3539
3756
3753
3315
4011
4232
3753
3315
3756
4134
4202
3843
3166
3335
3843
3156
3699
4013
3688
3699
3754
4013
4013
3890
4920
4920
4920
4918
3900
3897
3897
3913
4164
3716
3900
3897
4911
4920
3897
3715
4022
3858
3820
3912
3789
3764
3862
4213
3788
3862
3792
4119
3009
2916
2916
2916
4896
4896
2709
2851
3798
1653
3640
2759
2759
2759
4270
3861
3762
2833
4189
3766
4039
3530
2829
3795
3215
2851
2851
3814
3829
3948
4011
3886
3887
3738
3982
3516
3335
3366
2811
3606
2851
3795
3776
2763
3701
4174
3539
3934
3009
3399
3723
4200
3540
2829
3830
1652
3823
3823
3823
3618
4097
3697
3763
3979
3320
4171
3850
3982
3009
2829
4010
3166
3148
3657
4189
4029
3924
4039
4171
3462
3221
1652
3999
3148
3244
3166
3166
3455
3862
4896
4896
4134
3540
3211
3948
3539
3303
3812
3870
4146
3766
3699
4181
4212
4179
3880
3628
3857
3148
4022
3715
3816
3719
3697
3798
3830
2828
2828
3846
3994
4178
4281
4288
4371
4343
4029
3875
3149
2920
3785
4219
4923
3677
4065
4121
4352
3857
4022
3715
4922
3694
4921
3893
4913
3900
3900
4077
4077
4077
3894
3901
3898
4078
3715
4077
4077
3694
4048
4050
4392
4051
4392
4076
4052
3899
3899
3898
3898
4077
4077
4913
4911
4078
3892
3892
3892
3892
4920
3857
4134
3874
4152
3889
3852
4021
4914
4095
4931
4054
4919
4366
4364
3901
3713
4046
4046
2798
3462
3386
3581
3948
2927
3712
3976
3901
4058
4352
4128
4923
4019
4082
3808
3386
3665
4011
3837
3788
3791
3852
4079
4087
4196
4041
4079
4120
4265
3678
4096
3696
4315
3678
4179
3808
4099
2709
2930
3798
3477
3166
3214
3788
3513
2924
4210
4099
3316
3311
3980
4011
4041
3561
3313
3593
3309
3948
3513
3852
3479
3441
4102
2682
3479
3884
3508
3504
3765
4920
3778
3778
3791
3767
3858
4194
4194
4168
4006
3808
3477
3850
4214
3595
3462
3178
3178
3823
4240
4210
3312
3686
3896
3911
3241
4152
3756
3756
4134
2801
3985
4138
3832
3982
3704
4086
4120
4128
3677
4121
4128
3463
3823
3593
3311
2900
3843
3879
2828
3946
3561
3998
3477
4146
3500
3389
3513
3791
4013
3089
2916
4255
3315
4237
3477
3087
3850
4214
2929
2801
3704
3912
3913
3778
3788
2918
4174
4138
2801
3500
3671
3163
3972
2801
4214
3912
3789
3736
3736
3870
4013
4112
3240
4194
4146
3736
4213
4119
3767
3240
4175
4296
3912
4352
4352
4917
4928
4274
4185
2918
3792
3908
4275
3897
3716
4229
3479
4296
4146
3499
3952
3618
3973
4097
2800
3179
3994
3973
4323
4323
4287
4335
1367
4471
4634
4496
4522
4146
3991
4027
3717
4920
4928
4919
3618
4141
4296
4140
4013
4920
4918
4352
4107
4296
3717
4359
4049
3715
4911
4293
4070
3901
4393
3896
4393
4249
4274
3479
3985
3985
3179
3846
3938
3865
3846
4097
4293
4367
4332
4330
4367
4284
4200
3923
3923
4938
3952
3996
4026
4188
4281
4920
4364
3846
4339
3985
4365
4072
3972
4283
3716
4382
4382
4363
4365
4366
3892
3985
4029
4178
3846
3938
4178
4911
4911
4911
4281
4933
4367
4343
4371
4200
4325
4382
4281
4322
4418
4342
4030
4936
4207
4283
4078
4178
4938
3898
4076
3899
4077
4178
4077
4076
4077
4076
4078
3893
4077
4077
4911
4933
4368
3899
3898
4077
4026
4032
3973
4031
4031
4343
4347
4035
4347
4035
4343
4347
4343
4425
4339
4343
4367
4425
4368
4425
4478
4481
4383
4330
4357
4372
4425
4347
4334
4334
4421
4331
4334
4459
4533
4291
4701
4437
4567
4527
4524
4584
4631
4658
4770
4530
4635
4444
4683
4738
4680
4506
4708
4611
4678
4588
4588
4642
4642
4687
4642
4330
4342
4330
4724
4737
4664
4617
4291
4372
4577
4323
4347
4479
4342
4478
4605
4517
4330
4334
4330
4494
4477
4477
4334
4334
4334
4330
4416
4332
4035
4330
4334
4487
4416
4377
4467
4346
4335
4335
4487
4477
4622
4418
4477
4334
4334
4533
4517
4035
4567
4580
4498
4658
4530
4625
4589
4503
4731
4642
4762
4642
4731
4680
4732
4731
4635
4641
4641
4641
4671
4676
4514
4499
4944
4529
1367
4468
4468
4624
4606
4335
4421
4494
4431
4608
4478
4701
4567
4601
4458
4415
4484
4494
4533
4580
4534
4761
4495
4567
4534
4701
4372
4642
4687
4687
4694
4686
4508
4954
4453
4954
4558
4943
4642
4676
4513
4642
4588
4550
4554
4642
4642
4676
4676
4421
4331
4642
4611
4611
4642
4731
4642
4642
4513
4458
4494
4687
4762
4687
4687
4533
4528
4489
4458
4687
4762
4733
4733
4733
4735
4485
4479
4533
4485
4762
4494
4529
4762
4731
4554
4470
4580
4642
1368
4953
4708
4676
4514
4513
4548
4642
4676
4513
4642
4732
4580
4697
4517
4560
4746
4679
4495
4473
4642
4697
4372
4520
4520
4529
4479
4642
4550
4550
4448
4495
4528
4660
4457
1368
1368
4732
4550
4517
4528
1368
4692
4748
4530
4514
4697
4580
4752
1368
4517
4528
4520
4517
1367
4291
4650
4530
4584
4584
4590
4536
4513
4584
4732
4680
4695
4725
4612
4508
4709
4495
4515
4439
4513
4649
4512
4650
4515
4635
4750
4750
4529
4680
4508
4732
4532
4697
4752
4954
4637
4637
4697
4640
4650
4946
4946
4694
4645
4645
4680
4680
4683
4683
4749
4749
4519
4749
4683
4623
4623
4609
4609
4619
4954
4588
4645
4954
4651
4948
4512
4523
4752
4752
4433
4628
4766
4664
4717
4623
4623
4623
4749
4623
4712
4589
4522
4497
4718
4623
4623
4782
4738
4442
4946
4630
4524
4761
4630
4443
4650
4508
4564
4640
4683
4657
4444
4656
4625
4609
4683
4455
4565
4524
4630
4513
4656
4683
4461
4619
4548
4507
4649
4640
4717
4506
4683
4497
4666
4530
4432
4432
4754
4752
4595
4640
4623
4609
4752
4549
4626
4595
4754
4723
4625
4625
4530
4754
4754
4623
4630
4723
4623
4623
4530
4571
4441
4530
4696
4623
4537
4609
4625
4625
293
210
293
148
148
3
357
86
357
367
309
426
309
101
1375
4841
826
826
771
707
797
696
797
732
798
852
826
4841
707
768
772
852
827
1147
797
852
826
852
1147
707
798
852
826
825
639
797
707
1147
771
764
4841
798
771
707
510
959
510
959
842
1389
1473
1490
509
1572
1829
2559
2610
2560
2275
2275
2559
2559
2559
2507
2915
2870
2870
2337
2576
2991
2870
1019
2508
2991
2625
2524
2524
2523
2524
4893
2537
3056
4366
3708
3719
4920
4920
3713
3693
3694
4397
3894
3799
3898
3719
3890
3699
3688
4927
4927
3688
4927
3698
3714
3715
4023
4918
4927
4932
4063
4091
4090
3688
4078
4351
4064
4051
3693
4914
2848
3179
3846
3846
3865
3938
3540
3823
2800
4928
4580
4779
4943
4680
4687
4676
4642
4515
4642
4671
4707
4778
4731
4729
4525
3699
3699
3699
852
852
852
852
852
1375
707
2523
2991
2991
2469
2507
2507
2507
2507
2507
2282
2524
2507
2991
2507
2507
2507
2507
2507
2507
2507
2874
2508
2524
2507
2507
2507
2507
2487
2507
2508
2508
2282
2507
2508
2507
2507
3048
3128
3127
3863
3129
4896
4896
