51
203
240
203
45
44
43
490
541
117
117
117
213
288
288
16
241
3
66
288
243
90
269
151
244
241
16
16
209
104
100
16
269
210
213
213
16
210
213
51
549
441
627
420
323
162
276
191
213
90
23
85
85
91
265
299
258
209
91
209
91
56
90
384
51
51
100
190
269
213
269
125
353
304
304
304
357
90
16
55
90
56
90
210
90
213
243
210
23
287
213
288
56
210
209
16
71
209
90
213
51
210
144
144
288
287
243
56
90
51
495
716
382
524
544
2052
2046
2109
752
752
752
439
213
210
213
51
329
85
16
16
431
357
209
68
241
68
16
209
16
92
71
34
53
88
104
209
125
125
100
104
209
209
209
123
109
255
213
210
71
308
209
1
329
213
329
625
502
441
441
441
442
490
540
540
746
2326
818
414
815
117
538
486
506
388
825
416
421
506
486
678
217
16
308
16
315
213
185
329
716
176
716
315
90
242
144
210
240
213
16
495
71
388
490
717
420
46
217
716
435
486
524
544
523
209
104
69
151
119
422
625
160
40
100
296
435
388
84
209
71
304
269
360
209
209
90
165
91
185
389
421
627
411
489
74
86
210
209
125
527
185
354
5
370
370
501
627
627
189
747
269
491
627
43
514
16
104
104
92
125
125
244
100
244
269
489
185
673
42
274
421
118
500
524
56
151
42
388
291
66
91
491
673
489
213
549
208
537
118
209
258
66
627
209
86
279
420
524
92
486
118
486
538
766
806
1080
335
3017
3350
348
349
349
3352
4122
4122
4144
4144
3957
2714
3570
3741
4180
4180
4272
56
250
304
258
299
34
506
541
526
766
526
828
364
2070
524
766
272
51
273
240
240
274
216
241
209
17
258
272
627
276
17
108
17
84
314
627
241
441
441
441
540
541
91
258
202
489
3
265
420
66
752
258
202
100
100
490
526
441
752
752
4861
2032
2096
526
442
717
442
752
390
752
441
533
540
540
506
526
752
442
490
752
752
515
490
542
752
4861
4861
533
2313
1569
1061
2001
2539
2858
452
2868
3882
3870
3278
3375
3199
3199
3199
3266
3131
467
2017
2334
2559
469
469
469
1919
1919
1919
1969
1969
1969
1898
1837
1378
475
1739
1779
2423
1484
1447
3751
3086
2902
4875
2820
485
2227
486
538
544
741
741
741
540
533
443
766
540
540
544
540
752
678
538
538
815
117
752
788
526
117
117
542
540
533
533
540
526
364
2097
752
752
540
544
4861
2109
4861
542
533
533
2227
2032
116
854
666
806
664
686
647
756
559
570
647
647
718
685
4847
4847
4847
573
573
718
4847
4798
4847
575
785
785
785
791
760
878
880
859
880
890
997
1258
1313
1313
1425
1219
1122
1175
988
994
1201
1250
1022
992
1041
756
686
647
652
718
652
647
718
630
569
640
561
669
605
671
628
559
640
720
628
704
628
533
533
2101
4847
575
785
852
684
786
634
852
576
4798
715
715
756
756
756
790
836
715
685
785
575
785
760
891
891
971
989
533
117
842
2070
2431
2431
842
647
647
713
756
756
715
647
764
647
647
570
2107
570
647
560
685
575
791
685
767
575
685
2195
806
666
639
569
639
559
647
559
647
570
712
756
713
711
711
628
712
642
756
756
790
645
645
2227
645
645
685
760
791
814
814
559
559
639
559
639
628
713
704
642
642
4802
744
676
557
615
615
676
413
685
671
628
830
827
2109
760
815
2098
816
835
817
598
790
2098
842
1059
722
814
765
2070
790
2071
790
791
790
710
710
705
669
669
600
667
553
605
701
615
616
2403
2144
2071
628
760
761
2098
828
413
836
669
628
671
2135
840
676
554
600
2403
558
558
795
824
795
558
628
972
811
811
1133
984
966
2082
3054
2388
2255
615
557
667
706
795
2387
2313
669
790
891
2313
669
705
2048
934
891
562
619
1093
875
2291
658
845
1047
847
4836
4828
634
785
857
886
744
2313
901
891
902
860
2196
2373
2377
2381
2646
2587
2474
2388
910
1638
886
2130
897
809
2289
2130
2360
890
730
616
801
801
775
4804
941
903
1260
592
891
971
804
804
733
4888
983
875
876
665
934
934
944
971
364
2234
2703
2578
2578
2579
2629
2608
3150
3034
2976
3444
3860
2960
2960
2183
3149
3093
614
784
801
944
968
592
1098
1134
1099
997
777
939
976
942
991
940
938
1094
1066
949
1005
980
1001
1057
1524
1031
1645
1197
1349
1349
1009
1363
1388
954
1011
1014
955
1703
1841
1861
2075
4883
1088
1802
1035
1057
985
994
1176
1122
1067
1176
853
973
1497
974
950
1088
935
942
938
1250
1250
937
1042
590
1174
1243
1726
939
1005
1196
1083
987
1244
969
1089
1287
2257
1005
1295
1135
1222
1003
1121
1128
1272
1293
1291
1346
1292
1011
1011
2057
1934
1874
2057
2095
1850
1013
1486
1018
1247
1019
1241
1311
1091
997
2313
2287
1002
1345
1962
1935
1826
1824
1351
1828
1602
1601
2195
991
655
837
879
580
1503
936
949
1091
4804
4836
635
894
1045
4836
1046
4804
4851
564
1055
571
4838
632
2287
1136
1007
2130
2130
3054
3054
2968
1087
1040
1173
1295
1493
666
990
4828
4828
4828
1006
1127
965
872
992
2431
2234
2287
1083
1802
1324
1714
1241
1337
1197
1176
589
589
989
1069
1067
2474
597
1095
1340
589
1313
1046
4804
4837
1046
636
4828
4828
4828
1240
4828
1037
1037
1266
1391
1294
1294
1295
1273
1174
1269
4836
1224
1128
1205
1245
1205
1019
1129
1075
1037
1020
1174
1258
1245
1076
1171
1017
1211
1140
1172
1375
1354
1354
2021
2327
1148
2336
1154
2404
1155
3046
3289
3289
3011
2912
3312
3106
1157
2507
2506
2560
1271
1170
1141
4843
1257
1362
1350
1496
1243
1221
1179
1270
810
1069
1037
1327
1268
1510
1841
1811
1037
927
1400
1254
1317
1258
1258
1349
1009
1362
1428
1490
597
596
1604
1673
1201
1174
1018
1206
1283
1127
1270
1137
1341
1212
1478
1360
1137
1137
1086
1201
1450
1349
1126
1206
1319
1205
1206
1319
2196
1217
1213
1239
1336
1355
1452
1142
1142
2403
1272
1237
1232
1263
990
2130
1349
1362
1177
588
1002
1211
1140
1185
1348
1327
992
1112
4845
811
812
1400
1403
1293
1311
1089
1269
1135
1263
1247
1264
1239
981
1632
1510
1367
1211
1858
1263
1216
1274
1067
1225
1209
2130
1261
4844
1361
1293
2431
1206
1503
1114
1237
666
1288
1246
2369
2403
1524
1347
1185
1010
1391
1009
1233
1953
3008
2743
3570
4056
2713
4271
4269
4433
4509
4509
4509
4509
4433
4433
1267
1424
1216
1173
1291
1287
1313
1024
1018
1486
1858
1567
1567
1601
1238
1353
1173
1268
877
334
1812
335
1537
948
1517
1610
1172
1761
1706
1177
1355
1805
1343
1222
1292
1216
1185
1346
1346
1388
1388
1014
1943
1254
2431
1498
1234
1016
2077
1139
1374
1603
1835
1200
1346
1365
1388
1010
1011
1011
1141
1236
1424
1313
1259
1371
1372
1616
1500
1501
1357
1238
1377
1230
1380
1381
1382
1796
1325
1359
1603
1316
1011
1011
1466
4859
4845
1190
1471
1470
580
1294
1399
1402
1204
1485
1203
1387
1387
1219
1726
1313
1514
1275
1563
1552
1618
1582
1640
1893
2423
4791
4791
1466
1080
1485
1450
1426
1388
1011
1365
1011
1563
1981
2237
2112
2089
2896
2606
2646
2480
2968
1473
1817
1889
2471
1887
3062
2802
3019
1446
1286
1085
1317
1171
1453
1388
1388
1649
1461
1579
1461
1213
996
1024
586
586
1043
1258
4813
1473
2234
1334
1363
1178
1229
1389
1788
1526
1959
1445
2610
1446
2804
2804
2753
1450
1372
1337
1775
1489
1365
954
1828
1824
1428
1428
1365
954
954
954
954
1326
1788
1600
1820
1616
1276
1500
1517
1500
1452
1802
1569
1650
1388
1363
1953
1480
1552
1502
1462
1428
1319
2388
2646
2144
1028
1636
1644
1678
1528
1645
1276
1637
1230
1668
1652
1404
1714
1493
1848
1690
1342
1923
2400
2438
1668
1767
1651
1651
1657
1668
1549
2431
2182
2182
1477
1667
1760
1187
1726
1542
1323
1084
1569
1532
1606
1614
1679
1345
1602
947
2968
1923
1572
1573
1819
1755
1657
1419
1821
1654
1854
1736
1666
1617
1441
1388
1428
1428
1840
1492
1826
1824
1824
1962
1500
1085
1690
1450
1826
954
1826
1478
1704
1475
1526
2447
1614
1571
1728
1426
1513
1526
1949
1662
3365
3510
2894
2532
2452
2751
2750
2007
2015
1593
1366
1604
1789
2360
2628
3054
3054
2629
3026
2477
1642
1610
1712
1780
1755
1655
1673
1828
1428
478
2282
1144
2182
3054
2578
2182
1774
1920
1694
1676
1418
1657
1658
1893
2440
1624
2878
1658
1828
2282
2610
2857
1448
1955
1911
473
1568
1676
1568
1642
1656
1642
1591
1324
1803
1940
2375
1780
1780
1694
1694
1913
2114
470
2568
1694
1677
1321
1669
1684
1694
1694
1969
1671
1780
1755
1596
1591
1727
1631
448
1463
1812
1682
1700
1011
954
1031
1758
1738
1715
957
2022
2430
2265
1757
1641
1847
1664
947
1645
1960
1836
1790
1732
1889
1444
1905
1891
2293
1357
1357
1743
1934
1946
2400
2381
2375
954
1497
1822
1380
1837
1780
1774
1780
1828
1568
1324
1188
336
1831
2648
2251
1815
1373
1892
1837
1707
1724
1811
1600
1771
1878
1806
1602
1186
2076
1883
1780
1567
2539
334
2277
3017
1333
335
1978
2063
2115
1799
2067
2240
2337
2968
1809
1770
1360
1765
1486
1819
2182
1824
1840
1810
1566
1631
1997
1834
479
2931
1783
1847
2345
1954
1695
1935
1444
2077
2648
1824
1827
1825
1351
1827
1825
1014
1014
3212
3212
348
348
336
3350
2589
1982
1897
473
1824
1824
1824
1827
1827
2182
1715
1875
1843
1843
1976
2272
1718
1885
1895
1742
1653
2104
1899
1935
1984
1420
1906
1818
1969
1926
1860
2341
2019
1997
1849
2327
1955
2316
2063
1871
2334
2351
1898
1811
956
1772
2343
1970
1740
2399
1880
450
2472
3555
2493
1835
1804
1955
1963
335
1905
1146
1670
1670
1900
2968
2578
2578
2628
3054
2628
2182
1878
2284
1866
2066
1911
1911
1956
1913
1990
1914
1919
1919
1966
1917
1917
1919
1990
1914
2113
2606
1012
2646
2968
2968
2578
956
2341
2283
1927
1013
1931
1978
1744
1935
1827
2470
2609
1795
2968
2629
1943
1874
1373
449
2614
2411
1660
1653
2003
1626
1825
1955
2025
1913
1913
2646
3054
1188
1770
1771
479
2066
1827
2590
1864
2018
1791
2132
2379
2379
2132
2132
1969
1214
2394
2628
1925
1876
4879
2342
4887
4875
1985
2025
1912
1671
2753
2476
2701
1971
1986
2133
1988
1912
2018
2018
472
1773
1992
1686
2452
1791
2481
2602
2423
1446
2804
2438
2133
471
469
469
2559
2016
2946
2014
2659
3263
2661
2014
2654
2892
2924
2629
1925
2344
1742
1015
1855
1875
1900
2063
2366
3148
3148
2365
3051
3034
2366
3149
3149
2366
2366
3149
2366
3149
3292
2366
2365
2365
2365
2976
3292
3292
2366
3292
2366
3148
3292
1842
1842
3249
3017
2091
2104
1916
1916
1967
2063
1870
1916
2335
1956
2366
3292
2365
3292
2365
1862
2292
960
1865
1961
3148
3148
3114
2853
3149
2073
2490
2584
1621
3651
3394
2608
2345
1932
3292
2365
2365
2365
2365
3114
3292
3054
2628
1831
2438
2095
2629
2365
3292
2365
3292
3292
2856
2767
2018
1913
1980
2026
3292
2192
1991
2579
3027
2628
2366
3149
3149
3149
2628
2648
2547
1991
2316
2134
3051
3292
3292
3292
2212
2212
2172
3051
3034
3292
3051
3292
3292
3292
3149
3243
2365
3292
3292
3292
3879
3879
3879
4328
350
3879
3879
3879
3879
2366
2172
3243
2960
4099
2960
3243
3243
2628
3149
3148
336
348
3860
3860
350
350
350
350
3879
3879
3879
1886
3035
2193
1919
3051
3405
3405
4038
4038
4038
3879
3879
3292
3292
3292
2172
2172
2172
2172
3879
4328
4099
4328
3900
3292
2242
2454
2577
2508
2366
2365
2636
3292
3149
3149
2183
2183
348
3212
2235
2802
2741
3292
2366
2116
2404
2186
3292
2186
2183
3149
3149
336
1862
1917
1919
339
3051
3054
3072
2608
1961
3051
2629
3054
2478
3149
3149
2235
2270
2549
2679
3017
3741
3350
1992
3292
2648
2183
1831
1927
2274
2440
3292
3034
3058
2628
2183
336
2060
2581
3051
3458
3405
3405
3405
4038
3034
3458
343
3458
4038
343
4038
4038
3405
3405
3405
3458
2104
2212
2062
2453
1794
3054
2853
2058
1843
2118
2062
339
2132
2335
2279
2172
339
3405
3405
2911
2316
2366
2279
2579
2963
3093
336
2342
2581
2580
1662
4038
4038
3405
3458
3292
1919
1917
3034
2960
2801
3145
3405
3405
4038
4038
4038
4143
3879
3016
3352
350
350
350
470
2629
2960
1831
339
3405
4038
4143
4038
1917
2637
2960
1446
2380
2253
1872
2935
1151
1831
3149
1741
3405
3458
4038
2390
2390
2063
2390
2579
2703
3458
2091
1687
3145
2648
2804
1446
2497
2708
2351
2637
3458
1870
3193
2379
2656
2271
3354
2678
1870
2656
1154
2442
3243
3243
3860
3860
4099
2610
1887
3458
4038
4038
1967
2935
2408
348
2960
2552
3309
3405
3458
3405
1687
2452
2452
1996
2677
2405
2270
3444
2435
3025
1624
2749
2645
1917
469
1168
3243
3243
3879
3243
2172
2172
2172
3243
3243
3243
3243
2183
2960
2631
3523
1967
2477
3878
4143
4143
4143
4143
4038
3002
1887
2804
2717
2212
2172
2936
3193
2217
3860
2472
451
3405
4038
4038
3458
1629
2506
3350
2451
2772
2455
2511
2576
2535
2960
3062
3145
2654
2932
339
3671
1147
2960
3458
3879
4038
4038
3405
3405
1629
3490
2172
2560
2488
2172
3093
3073
3405
4038
4038
4038
3879
4038
3145
3458
2522
2804
2804
2804
2804
3166
3405
4038
4038
4038
343
2654
2654
2559
2677
3860
3860
2960
2804
3405
3879
3458
3879
2507
2570
2939
2511
2573
2783
2569
2939
2219
349
4143
3087
3761
3876
3928
481
4038
2559
3458
3243
3062
2857
2592
3386
2592
3713
2597
2598
2593
4038
2634
3249
343
4038
3405
3403
4038
3671
3062
2803
4038
2644
1996
3405
3405
1165
4881
2939
2971
3011
2848
3765
2919
4074
2783
4884
348
3016
2960
2611
3405
2948
3405
4038
4143
2172
348
348
2960
3405
2532
2834
2016
2750
3405
349
349
348
3353
3741
450
4038
2644
2015
3243
2945
3103
3131
3168
3203
3513
3357
3558
3543
3794
3069
2761
3794
3068
3528
3699
3534
3172
2452
3017
2276
2804
1484
4038
2887
2949
2697
3392
3513
2761
3543
3203
3168
3168
3131
3168
3203
3203
2696
2645
4038
348
348
2276
3879
2772
3427
2710
3853
3955
4150
4934
3405
2960
3879
1622
2738
3355
3243
484
2722
2992
2734
2883
2956
2981
2956
3692
3426
4087
2918
2956
2956
2956
3129
2929
2621
2956
3692
2992
2729
3550
2735
2736
3853
3236
2711
3249
3386
4038
4038
4038
4038
4038
3879
2925
2009
348
3062
3020
3023
3912
2760
3528
2760
3850
3068
2761
3070
3207
3044
2766
2766
3088
3243
4038
2771
2808
4038
2862
2813
2783
2850
2783
3003
3011
3011
2783
2782
2813
2786
2836
2849
2862
2783
2787
2835
3003
2794
2793
3340
3340
3078
3092
2990
2797
3491
2799
2798
2805
455
3740
3870
4038
4038
2699
4038
2813
4961
3243
3243
2883
2790
2960
2755
4038
2824
2014
2013
1628
2750
2751
3235
3040
4038
2929
2837
3460
2846
4149
4093
3800
3799
2843
3731
3732
2847
2622
3944
3340
2929
2783
348
349
3860
2960
3062
3353
452
3879
4038
2782
2912
3137
2836
2788
3860
2820
3857
4038
1628
2212
4038
2783
3011
4038
2887
1628
2958
2863
3243
3149
2775
2804
3009
3434
2888
2013
2894
3048
4038
3243
4099
3860
3860
2729
3248
3879
3036
3091
2960
2960
2960
3234
1624
3311
3311
3501
4175
3808
2760
3774
3966
2919
3746
3115
349
2981
3474
2926
4038
2989
3281
2802
3030
3310
3650
4039
4038
3371
460
3199
3149
3149
3149
349
3019
4038
3234
2926
3860
3130
4038
4038
3707
2838
2846
3115
2956
4038
3036
3149
4143
3860
3860
4099
3860
3879
3879
3879
4038
2750
4143
4143
4143
2912
3011
3860
3387
1157
3486
3190
2921
3217
3473
3384
2956
2956
3075
3023
3088
3768
3723
350
2793
3110
349
2960
3879
3879
1622
3375
3879
3243
349
3016
4122
4038
3860
2921
3335
3906
3732
3731
3350
3073
1299
4039
3183
4038
3460
4099
3741
3074
349
2858
3021
3484
3925
2673
3873
3879
3036
4038
349
4143
4143
4143
2992
3097
3312
4143
3194
2984
2750
3375
3562
3266
3040
2766
3207
2762
3044
2766
3040
3040
3044
3289
3113
2920
3016
3016
3016
4122
3860
350
350
3860
4099
3860
2803
2751
2952
3752
3877
3069
3066
3069
3068
3848
3069
2761
3752
3752
4143
4143
3860
3741
3741
3320
2661
3013
2990
3016
3447
2990
3447
4130
3425
3384
4081
3550
3550
3398
3434
3375
2732
3110
3860
4099
3499
3879
3370
3851
3851
4935
3101
4122
2766
3375
3879
3199
4038
4038
3352
3359
2799
3052
3491
4143
350
3190
3211
2796
3306
3348
3306
3348
3348
3368
3459
3119
3423
3744
4158
4204
4221
4114
3407
3369
3398
3131
3392
3049
3879
3879
350
3879
3879
350
350
3352
3052
3282
3860
4143
3016
4143
3282
3154
2796
3348
3518
3418
3459
3867
4221
3797
3158
3576
3163
3675
3197
2981
3018
3182
3168
3168
3203
3203
2761
3357
3513
3520
3558
3543
3849
3181
3183
2838
3879
3879
3879
3879
3149
4328
2805
3168
3168
3168
4039
350
350
3305
2805
3764
3174
3168
3192
3168
3207
3203
3203
3203
3203
3203
3879
3207
3207
3203
4038
350
4328
350
3305
348
3859
349
349
3957
3335
3487
3232
3221
3463
3800
3800
3800
3801
3803
3804
4132
4163
3805
3225
3872
3872
4131
3224
3799
3800
3364
3232
3220
3211
3449
3879
3575
3134
3044
3879
3879
350
350
4328
348
349
3692
3764
3692
3741
3207
3044
3879
3879
350
350
3016
3016
3893
4143
349
3016
3305
3319
3597
3392
3263
3263
3174
3172
3558
3520
3432
3275
2676
3434
3879
4143
3860
350
3214
3203
3174
3070
3070
3879
3879
350
350
3879
3521
3653
3296
3734
4091
4085
4097
4252
3939
3862
3907
3122
3295
3111
3348
3348
3348
3554
3706
2957
3311
3289
3311
458
3879
3879
350
3879
4099
3081
3308
3928
3551
3879
3879
350
3352
3900
3879
350
350
350
349
4143
3233
3082
3474
3311
458
3460
3900
4143
4099
350
3016
3016
3535
3535
3535
3348
3741
4180
455
3085
3876
3191
3203
3203
3203
3203
3359
3879
3879
3879
3295
2796
3232
3935
3518
1623
3709
3529
3368
3537
3540
3852
3392
3520
3174
3562
3789
2675
3274
3745
3174
3520
3522
4080
3385
3921
3392
3203
3203
3650
3893
4143
3418
2842
3520
4038
4143
4143
4143
4143
4144
4143
3522
3710
4097
3409
4112
4195
3302
4186
4190
4184
3160
3410
3535
3535
3416
3494
3120
3420
3349
3556
3556
3417
3936
3004
3380
3774
3392
3520
3520
3520
3436
3432
3437
2798
3652
3746
3406
3495
3226
3157
3120
3450
3233
3518
3518
3935
3306
3451
3679
3487
2761
4039
4039
3352
4122
4143
3421
4039
3306
3306
3348
3434
3437
4144
3420
3469
3688
3364
3450
3769
3745
3520
3558
3558
3543
3699
3880
2674
4144
349
349
3232
3232
3509
3764
4038
4039
4143
4143
3408
3367
3419
3488
3451
3861
3861
3385
4162
2913
2761
3702
3702
3445
3118
3422
3509
4053
2761
2761
2761
3514
3515
3296
3300
3362
3692
3888
3893
3522
3420
3857
3511
3558
3543
3794
3491
3666
4037
3558
3558
3701
3730
3935
3554
3379
3928
3693
2761
2761
3274
3558
3443
3508
3538
3756
3873
3921
3558
3574
3352
3740
3451
3229
3763
3520
3558
2761
3768
349
4931
3352
349
4122
3165
2592
3569
4150
4934
2761
3711
3275
3882
3471
3497
3657
4018
3581
4126
4265
4256
4031
3586
3593
3594
3594
3594
4207
3588
4207
3594
3714
3676
3662
3756
3611
3611
3991
3636
4927
4906
3953
3742
3742
3737
3630
3611
3993
3979
4350
4900
4924
3630
3639
4905
3953
3642
4174
3839
3622
3785
3622
3729
4906
4911
4256
4256
3834
3981
3979
4923
4923
3822
4923
4923
3822
4012
4294
4016
3611
4164
4905
3311
2986
4037
2798
3652
3786
3854
3163
3497
3161
3656
3161
3669
3662
3548
3302
3303
3782
4910
3736
3704
3659
3422
3558
3699
3546
3517
3518
3229
3223
3224
3935
3223
3871
3871
4910
3717
3839
4136
3928
3685
3795
3795
3274
3506
4911
4901
3624
2727
2739
3893
3558
3543
3699
3701
3518
3857
3578
4109
4109
3774
2953
2920
3701
3709
3162
4093
3771
3411
3967
3717
3626
4082
3785
3428
2987
3699
3575
3609
3790
3884
4187
4157
3658
4078
4078
3803
4165
3943
3686
3686
2844
4116
4130
3868
3869
3632
4912
3218
3498
3623
3737
3908
4104
3693
3766
3702
3883
3837
3837
3660
3784
3754
3723
3665
3534
3867
3854
3800
3547
3663
3595
4098
2728
2710
4053
3767
3702
3750
3758
4120
3423
3719
3622
3847
3558
3299
3779
3977
3834
454
3872
4104
3715
3693
3794
3699
3687
4115
3083
4118
4907
3863
3296
3893
3904
3410
3796
3934
3804
4078
3803
4165
4125
3298
3799
4102
3802
4163
3022
3806
4054
3068
4909
3633
3636
3639
4905
4906
4012
3822
3822
3822
4337
4008
4008
4343
4187
3826
3823
3824
4008
4007
3824
3824
4031
4256
3833
3835
3727
4189
4188
3919
3581
3842
3413
4171
4218
4304
3752
3069
3069
2761
2671
3794
2710
3853
3379
3534
2675
3856
3904
3004
4117
3498
4268
3938
3919
3701
3851
3954
3409
3673
3836
3833
4019
4131
3880
3569
3683
3871
3807
3929
3752
3101
3898
3526
3880
456
3836
3670
3905
3934
4192
4107
3851
4122
3957
3699
3101
4933
4933
4934
4933
4936
3898
4236
4236
3630
3164
3932
2840
4211
4094
4181
3847
3895
3835
2760
2918
4180
4268
2714
3413
4190
2953
3101
4144
4935
4085
4122
3895
3352
2760
3808
3839
3849
4075
3127
4115
3804
3803
4165
3803
3966
4134
4198
4146
4016
3636
4016
3786
3438
3766
2847
3630
4926
3352
3991
4353
3991
3636
3636
3164
3954
4934
4934
4934
4934
4226
4226
4269
4395
4483
4464
4291
2713
4128
3759
3874
3297
4063
4071
4207
4200
4142
4256
4924
4006
4318
3979
3988
4342
4344
4008
4357
4357
4357
4008
4356
4359
4344
4005
4307
3593
4307
4008
4008
4359
4359
4310
4307
4309
3593
4262
3594
3588
3593
3593
4310
4307
4310
4307
4313
4313
4343
4359
4344
4344
4356
4008
3987
4923
4319
4923
3821
4256
4924
4103
3804
3804
4186
4218
4295
4210
3973
4260
4029
4309
4309
3593
3593
3593
3593
4309
4926
4028
4027
3101
3101
4085
3867
3808
2953
4926
4295
4259
3588
3591
4207
4142
4063
4071
4049
4049
3733
2845
4091
4129
4184
4104
4120
4108
4108
4210
4193
4063
4049
4193
4295
4071
4207
4142
4142
3591
4259
4142
4000
3786
2845
3946
3849
2760
3850
4086
4165
2760
4197
3412
4167
4926
4084
3068
4086
3568
3872
4200
4142
3752
4122
3835
3582
3804
4120
4192
2913
3957
349
3848
3957
4256
4122
4236
4040
3126
4150
4012
4240
4240
2623
4256
4146
3301
4201
4170
3732
4117
3762
4213
3124
3301
3752
4932
4935
4145
3734
3734
4256
4126
3867
3415
4125
3802
4075
4150
4934
4176
4150
4195
3919
4049
4142
4142
4142
4122
3898
3898
3734
4194
3957
3582
3945
4055
3225
4152
4236
4146
4055
4268
3160
4195
4088
3819
4211
4162
3877
4075
4124
3943
4268
4213
4158
3501
3127
4150
4172
3842
4218
4172
3501
3501
4146
4175
4150
4178
3159
4256
4031
4162
3127
4237
4934
4187
3842
3414
4190
4167
3939
4207
4211
4201
4246
4163
4203
4220
3820
4162
4221
3159
3842
4146
4188
4142
4207
3591
4256
4163
4176
3125
4214
3824
3824
3823
4236
3957
4194
4169
3838
4236
4269
3959
4936
4934
3958
3959
4331
1303
4483
4483
4483
4483
4421
4420
4509
4226
4219
4151
4304
4304
4259
3593
3593
4236
4226
3805
4126
4202
3821
4142
4142
4194
4304
4207
4309
4313
4343
4343
4256
3570
4207
3593
4309
4215
3594
4931
4343
4008
3822
4936
4269
4934
4936
4934
4226
4269
4269
4395
4395
4509
4269
4509
4934
4271
2713
2713
4226
4236
4934
4269
4269
4936
3593
4309
4936
4269
4936
3593
3593
4269
4337
3593
4309
4309
4309
4309
4008
2713
4271
2713
4309
3958
4936
4269
4269
4007
4007
4343
4005
4269
4269
4395
2713
1303
1303
3957
2713
3958
4269
4275
4485
4395
4395
4936
4936
4269
4007
4007
4269
4269
4313
4307
4307
4313
4307
2713
4313
4005
4005
4359
4359
4359
2713
4509
4005
4359
2713
3959
4005
4269
4269
2714
4269
4271
4272
2713
2713
4433
4269
4322
4269
4509
4275
4483
3959
4271
4275
4433
4509
4509
4509
4395
4272
4464
4483
4395
4291
4395
4395
4485
4395
4395
4395
4395
4592
4523
4713
4393
4394
4739
4729
4729
4729
4742
4949
4739
4739
4739
4739
4742
4233
4233
4729
4742
4739
4729
4729
4729
4729
4742
4729
4509
4509
4395
4592
4392
4433
4515
4433
4433
4275
4433
4288
4509
4392
4509
4509
4509
4483
4395
4395
4395
4395
4395
4395
4395
4433
4395
4395
4395
4395
4395
4433
4433
4469
4509
4509
1303
4483
4485
4509
4469
4509
4485
4509
4483
4395
4395
4592
4395
4395
4759
4393
4729
4742
4739
4739
4739
4739
4742
4729
4742
4742
4739
4729
4739
4729
4729
4739
4729
4729
4739
4420
4483
4483
4483
4483
4739
4739
4395
4485
4485
4759
4509
4592
4509
4393
4509
4483
4395
4483
4469
4393
4395
4713
4713
4616
4616
4616
4616
4433
4742
4742
4742
4742
4742
4233
4729
4729
4729
4742
4729
4729
4729
4729
4729
4729
4729
4729
4729
4485
4395
4729
4729
4742
4729
4729
4729
4485
4616
4742
4742
4742
4742
4741
4650
4433
4485
4742
4742
4742
4739
4739
4742
4433
4485
4433
4729
4741
4729
4739
4729
4485
4632
4592
4729
4742
4729
4729
4652
4729
4729
4729
4742
4393
4392
4729
4729
4729
4485
4395
4395
4742
4393
4652
4574
4650
4729
4485
4483
4650
4483
4729
4729
4395
4729
4729
4395
4483
4742
4464
4509
4506
4483
4729
4742
4739
4739
4729
4729
4585
4523
4421
4509
4729
4729
4433
4509
4652
4739
4739
4729
4729
4742
4652
4652
4729
4739
4392
4515
4729
4729
4739
4650
4729
4729
4729
4652
4729
4729
4729
4739
4739
4729
4742
4742
4729
4393
4392
4576
4652
4742
4742
4742
4433
4729
4729
4739
4739
4433
4433
4742
4742
4742
4739
4739
4739
4739
4739
4739
4739
4739
4739
4739
4729
4742
4729
4729
4739
4739
4739
4739
4585
4739
4739
4509
4643
4233
4739
4739
4739
4739
4742
4739
4739
4506
4233
4233
4739
4742
4739
4742
4739
4739
4395
4576
4739
4739
4739
4739
4739
4739
4739
4739
4739
4739
4739
4739
4739
4739
4739
4483
4739
4739
4739
4739
4739
4949
4739
4739
4739
4576
4739
4523
4576
4739
4739
4739
4739
4739
4739
4576
4739
4739
4739
4739
4739
4739
4739
4739
4739
4233
4739
4739
4739
4739
4739
4739
4739
4739
4739
4739
4739
4739
125
203
92
100
34
299
17
160
43
92
265
216
209
209
308
241
92
269
1466
1470
895
565
562
562
669
685
890
997
671
628
671
4804
685
667
891
891
628
801
4793
997
1260
997
891
598
4839
4819
632
632
632
658
1471
711
760
832
609
787
656
891
930
586
4853
4804
615
676
576
574
4824
749
1024
1053
4856
832
582
1025
584
785
997
650
573
929
616
575
575
610
890
569
2144
2373
816
2195
1059
2431
2212
2212
3058
3243
4328
2172
2172
2172
3243
2212
2783
3106
3137
2835
4879
3137
3011
2409
4885
484
3149
2733
4038
4307
4337
4908
4142
4923
4897
4307
4307
4309
4307
4912
4912
4356
4294
3637
3636
3822
4914
4012
4914
3983
4311
4914
3991
4353
4353
4357
4357
4912
4063
3593
3594
4207
4207
3591
3636
3633
4356
3989
4251
3593
4309
4926
4262
4936
4226
3955
4936
4226
4936
4933
4934
4259
4739
4742
4233
4742
4742
4729
4729
4742
4742
4729
4739
4742
4393
4729
4739
3641
4845
576
4828
4843
4808
4807
4808
4845
4991
2813
4885
2572
2521
4988
962
4981
4968
4968
2800
4884
4965
4968
2775
2800
2224
2572
4968
2222
4974
4969
4987
4987
2513
4987
4991
4884
4960
4968
1037
2132
2132
