217
37
16
298
4790
367
167
167
402
295
5
315
385
385
23
37
67
390
366
410
390
136
40
118
95
117
117
117
117
90
117
109
4787
97
118
90
117
117
118
175
138
321
44
281
368
402
302
296
138
42
42
16
23
148
118
171
117
223
56
58
109
58
58
262
58
4787
23
36
230
117
23
100
4787
164
4790
83
84
256
86
103
118
90
90
239
258
118
118
103
100
53
4787
98
118
120
148
258
118
238
118
175
117
90
23
54
90
118
103
97
138
146
122
122
215
215
198
503
388
220
249
212
197
197
100
117
319
17
69
117
23
118
120
86
84
118
90
117
90
90
109
90
258
90
90
4793
109
109
117
90
90
283
22
175
17
103
148
258
90
90
175
259
146
288
197
212
44
44
276
326
284
277
277
385
5
176
48
51
384
385
4797
490
496
444
261
315
305
140
146
384
383
175
146
146
166
315
315
138
117
105
117
95
43
69
274
176
105
146
146
274
24
202
175
18
38
117
117
90
176
146
43
274
369
382
90
90
175
38
146
274
122
305
50
146
258
238
90
117
95
209
146
176
283
30
4799
22
175
117
146
223
90
4790
117
258
238
83
43
43
42
117
176
43
197
212
197
222
117
58
109
35
37
256
256
382
382
326
276
288
117
256
276
42
197
215
109
90
239
90
4793
174
398
65
22
390
221
390
288
73
4790
140
117
43
197
207
411
411
382
166
366
94
65
256
296
197
122
22
305
393
59
56
366
288
59
56
326
402
256
222
109
122
305
51
199
342
1370
1447
346
1697
1560
1581
1904
1855
1855
1921
1936
1581
4311
358
347
1826
1826
1737
1598
262
299
81
50
90
159
52
50
50
50
310
396
650
396
50
256
22
246
382
166
65
65
58
109
22
382
296
222
393
109
220
22
417
239
66
383
224
249
336
387
164
56
410
65
242
66
4788
288
367
4788
66
66
239
255
31
255
4790
242
249
237
250
187
584
214
224
277
276
367
395
241
224
303
261
387
384
48
225
219
214
3
382
4
214
237
368
367
368
225
214
336
336
316
187
916
1388
1409
1463
1714
1937
1822
2436
459
2813
1820
3453
1796
1796
2136
2136
1852
2136
2062
2194
1851
2044
1721
1806
1844
1617
1618
1618
1687
1687
1532
1502
1503
1521
1684
1824
2178
4873
1948
2213
2338
266
5
249
250
303
315
44
303
8
44
4797
51
387
44
279
384
337
382
383
384
265
125
382
241
5
315
4800
193
226
373
268
315
385
6
315
384
48
336
124
11
268
250
384
315
384
315
250
181
387
384
387
315
323
336
332
265
180
315
194
489
342
373
1370
384
636
560
636
636
560
560
633
560
636
550
550
636
636
636
636
636
636
636
550
636
550
636
550
550
550
550
636
522
522
607
594
594
594
594
525
525
527
525
619
960
837
732
574
526
635
767
798
725
550
560
636
636
636
560
633
636
636
636
633
560
633
633
633
633
634
634
634
633
633
560
633
634
387
8
261
4800
384
4797
591
636
636
636
636
636
636
636
636
636
550
550
550
550
560
550
550
550
550
550
550
550
550
550
550
550
550
550
522
522
574
527
8
4797
4800
513
4851
646
655
560
560
560
560
636
636
337
636
560
560
636
371
560
560
503
560
550
550
550
550
550
550
550
277
316
188
4800
498
633
633
633
633
560
560
633
633
560
591
560
560
560
560
560
560
591
550
550
550
550
261
331
550
550
550
550
550
550
522
633
633
560
633
634
560
560
560
633
634
633
634
634
634
634
634
332
8
4800
633
634
132
395
336
550
4800
440
317
376
189
189
550
791
342
4797
550
550
498
633
550
503
440
550
560
560
560
633
634
633
633
633
633
633
634
634
604
916
958
1369
634
550
550
550
503
340
550
550
633
633
633
550
634
633
634
634
604
633
634
634
560
560
650
634
633
589
560
550
616
526
550
127
646
958
916
634
634
634
634
560
591
507
488
749
584
633
507
503
594
560
633
791
550
522
522
560
550
550
498
454
594
589
633
633
633
633
636
636
550
589
791
560
684
550
593
574
560
604
604
958
1458
1458
4858
958
451
1169
673
673
550
791
550
584
958
647
594
594
594
594
634
633
633
633
550
594
594
574
574
574
574
560
633
633
451
526
190
454
526
550
574
574
655
793
794
453
1517
1474
755
761
761
761
4850
378
766
500
12
500
500
500
307
12
634
633
550
589
574
574
525
525
594
633
575
785
543
785
796
598
785
550
543
883
526
785
883
1151
1199
878
878
910
910
909
909
901
1010
1702
1743
1860
1860
2223
2223
543
543
543
574
574
598
577
621
598
589
543
1191
1301
543
543
767
767
598
616
616
598
598
620
796
1022
834
598
589
543
543
767
654
377
574
527
749
188
883
883
880
910
1151
880
880
881
840
1052
965
911
959
923
850
925
1156
924
924
922
900
654
837
525
525
594
916
883
899
910
1260
910
910
1260
188
883
636
636
636
636
767
767
710
594
633
636
636
560
633
633
633
633
633
633
633
636
916
883
881
646
454
647
4858
526
570
526
878
1022
650
560
560
633
633
633
883
880
883
767
767
1275
1275
916
636
543
1354
786
572
616
883
527
527
528
527
589
883
1262
543
454
527
528
594
525
633
633
633
633
636
636
636
633
636
880
636
560
560
636
623
636
636
572
880
900
1262
633
633
880
922
900
900
880
883
543
633
600
619
910
900
1038
1212
924
1038
1038
1183
1056
1143
938
1633
1755
1755
1311
1311
1311
1674
1493
1493
1065
1828
2066
2371
1070
2455
2371
2415
1070
1070
1065
1311
1311
1654
1059
1059
1047
1148
725
878
1022
750
1198
880
1059
560
560
633
633
881
986
1103
1176
986
636
597
525
4819
525
525
525
881
881
878
646
616
1050
1222
616
616
924
923
889
910
1183
1047
1038
1058
1176
1652
1625
922
1183
616
4832
1198
889
910
840
900
910
451
1058
1272
1342
1284
1160
1100
1215
1149
916
985
1058
1167
1160
881
767
904
878
1022
847
940
922
922
965
767
1144
623
570
570
525
589
909
527
525
527
1100
900
922
922
1218
589
523
985
681
1059
940
922
840
560
1235
910
1160
647
633
633
881
1388
889
798
633
1115
4832
1136
451
604
922
844
1052
623
881
342
1427
1876
2352
1717
2304
4348
4601
4475
4623
4771
4745
4773
4785
4785
527
528
528
965
570
1161
525
525
889
924
940
883
543
1354
1218
1272
1038
189
189
1115
1409
1370
1289
4832
525
1218
798
454
1396
532
924
1331
1064
1755
910
965
922
844
1052
910
850
597
1161
938
1056
938
1099
1160
1272
1425
570
909
909
909
909
986
532
525
525
525
924
923
959
1056
1056
1342
1605
1687
1164
1164
1164
1164
1674
1064
1342
1407
523
911
1272
4819
636
636
690
4819
690
690
525
525
525
570
525
525
566
830
525
1284
1235
1435
1388
1577
1638
1412
1412
1701
1701
1659
1534
1374
1606
1375
623
4819
4819
528
619
1047
909
909
525
1435
1368
1487
1607
1801
1680
1479
1458
4858
1409
1540
1640
1639
1639
1537
1670
1793
1747
1272
690
1263
525
1160
1407
904
1566
1666
1412
1412
1412
1607
1646
1566
1117
525
525
525
525
594
525
594
594
1409
454
531
883
1503
1342
1176
1371
1638
1639
1668
1623
1919
599
924
709
1222
1566
904
910
909
878
1446
1409
1022
1353
923
889
959
889
889
894
1409
1368
1487
1487
910
910
1235
1638
1577
1566
1258
899
1371
906
451
1169
1169
1559
916
1368
883
1627
1566
1577
1117
1436
1169
673
1605
1410
1646
4829
1013
1022
1099
1173
1291
1627
1413
1520
1627
1632
1605
1632
1605
1605
454
793
454
618
1176
1117
1371
1169
1191
1355
1368
916
1410
1410
1407
1577
910
898
1357
452
1559
1503
1605
1632
1374
1591
1668
1659
1701
1412
1412
1412
1412
1412
1412
1788
1412
1412
1412
1647
1668
1591
1412
1412
1607
1638
1638
1638
1540
1436
1344
910
910
1314
1222
1559
1407
1344
1176
1143
543
1412
1605
1562
1503
1396
923
1412
1412
1607
1790
2039
2640
2928
2331
2261
2261
2261
1931
1931
1638
844
1031
1687
673
1517
4858
1458
1485
1632
1591
1374
1374
1591
798
904
1464
1370
543
1276
1457
1632
1487
1788
1788
1632
1632
1605
1605
1412
1682
2261
1898
1374
1605
454
1749
1228
1516
1687
1719
1687
1687
1191
1534
1206
1374
1374
1031
1222
1511
1164
1565
1374
1621
1618
1629
1991
1687
1638
1164
1687
1534
1621
1687
1607
1638
1372
1647
1639
1647
1638
1647
986
1117
1652
1396
910
1668
1659
1647
1647
1668
1638
1344
1322
1578
1367
1223
1687
1477
452
1668
1412
1701
1591
786
1354
1511
1666
1412
4858
1372
1668
1668
1668
1639
1533
1638
1563
1315
2193
938
1057
959
1627
1680
1686
673
1412
1668
1222
938
1687
1687
1374
1534
1374
909
1353
1184
794
1287
453
1540
1062
923
1687
910
1659
1103
1367
1208
1643
1687
1191
1427
1640
1640
1522
1687
1412
1412
1357
1816
1397
1397
1447
1468
1164
1422
1495
1493
1493
1493
1674
1674
1493
1483
1492
1517
1701
543
1446
1146
1099
1164
1412
1260
1151
910
1040
1289
1427
1746
1099
1276
1540
1154
1687
1260
1668
938
4855
909
959
909
959
909
738
1105
1505
1527
1287
1279
1308
1390
1687
1412
1412
910
1184
1692
1860
1860
1860
1792
1623
1099
1062
1154
1701
1788
1885
1412
1195
1660
1643
924
1534
1384
1578
1578
1390
1597
1597
1607
1422
1495
1292
1493
1870
1337
1687
1040
1578
1653
1812
1557
1640
1398
1711
1714
1398
1398
1863
1869
2378
1711
1428
1696
474
1687
1623
1418
1309
1458
1687
1687
1607
1788
4858
4855
4855
453
1561
1563
1686
1164
1495
1495
1495
1787
1618
1735
1735
1735
1735
1618
1618
1788
1477
4858
1477
1369
1317
928
1302
1640
1640
1640
923
1154
1164
959
910
1639
1398
1640
1640
1062
1607
1473
850
959
1396
1680
1390
1686
1607
1788
2261
1788
1427
1164
1495
1618
1477
1382
1640
475
1699
889
1749
1458
1458
1495
1337
1785
1788
1510
1881
1164
1146
1653
1653
1797
1615
1164
1292
1618
4858
938
673
1040
1292
1292
1292
1064
1064
1787
1735
1629
1788
2261
1991
1991
1669
1639
1398
1824
1463
1597
1882
1831
1847
1847
1847
470
2136
1853
1806
1806
1806
1806
1844
1844
1917
1495
1578
1932
1231
1154
453
1788
1495
1292
512
341
191
749
496
749
4856
428
441
193
191
193
373
12
500
375
500
191
428
191
749
434
749
434
193
428
193
341
193
341
959
1692
1876
1770
1458
1788
1493
1493
1493
1495
1493
234
191
498
191
191
1195
1653
1860
1463
1328
375
191
191
499
191
191
340
341
1398
1733
1881
1801
1678
1499
1496
1458
1292
919
434
448
191
499
191
341
453
794
1788
1477
1474
583
191
583
500
749
1840
1735
1618
1493
1493
583
1823
1458
1477
676
453
448
12
191
341
340
453
800
701
1790
1337
1483
1674
502
397
180
233
124
249
225
12
723
754
502
749
1458
372
396
502
264
444
583
506
397
400
180
332
442
196
495
495
495
495
495
196
226
226
310
227
336
500
228
227
337
310
428
4857
500
191
738
1002
766
981
495
495
495
495
186
186
603
1733
1882
1618
974
1226
1226
684
684
603
442
442
332
448
236
372
448
249
387
280
332
495
500
495
495
448
1950
1654
1862
1654
1654
2223
1654
1862
448
502
512
1458
191
191
191
191
585
800
1317
1398
1390
226
1493
1493
1493
936
749
191
201
12
448
500
448
500
1465
1398
1337
723
434
434
4856
4856
1513
434
1473
1477
673
674
1513
341
448
448
12
1792
1860
2223
2223
1876
1447
1939
1564
236
1633
453
453
1001
1317
1672
2261
491
754
1496
711
434
4850
1891
1705
1932
502
184
505
684
638
638
760
397
397
180
185
442
442
488
507
595
753
1226
658
129
441
1735
372
677
761
761
434
1319
1653
1419
372
723
1633
1755
250
562
130
638
1949
1337
1493
1795
1493
676
264
444
1384
1948
1653
1877
1898
502
487
749
429
583
1337
1674
761
448
1278
339
124
1226
1226
1159
946
712
946
946
946
712
495
1233
1475
12
199
754
761
1513
1471
220
1475
264
1870
1337
1551
1311
1496
500
12
1744
974
1226
1233
1493
1493
1233
562
1840
1879
2261
1223
500
1711
1680
1458
1398
754
1493
1795
1795
1795
1771
1797
2193
1801
1493
1675
1064
1795
1064
1311
444
336
201
495
228
1671
432
658
684
431
1898
1551
1771
588
701
12
1673
2046
595
186
1801
2261
2261
2261
1675
1675
1675
1654
1792
1002
2046
2261
2261
2261
1933
1617
1654
1654
310
306
280
306
387
387
306
4800
4800
261
9
336
766
444
1428
1896
1399
2458
432
1485
1656
1829
1829
1472
1471
1428
1877
332
249
1680
1485
1499
1311
766
1863
1863
1863
1863
1863
1863
1863
1822
658
638
684
184
1226
755
242
1579
1786
1065
1654
1862
2335
1654
1654
1654
444
444
2039
332
1679
1233
1485
1654
1950
444
444
180
430
760
1226
974
1226
1471
2261
249
1654
1654
1654
251
444
1886
1876
1226
789
1003
760
603
603
1790
755
2223
2223
264
2014
431
438
603
487
487
1844
1337
1311
500
444
1822
753
430
180
332
1831
1676
2185
1654
2335
2344
2415
2344
1654
1654
978
1657
1877
2268
2292
2690
1815
1706
1932
1471
310
1749
1896
3256
2621
1818
2448
2570
460
1938
1937
458
595
1337
1863
1877
595
603
762
1829
1829
1538
1429
2436
430
2261
1879
1654
1065
2476
2371
2476
2274
3598
4012
4150
2160
2487
2487
2406
977
1681
1399
1399
1863
407
1917
1471
763
1472
251
586
978
444
760
2261
1991
1847
1471
981
587
191
1241
1938
438
2015
1806
1002
1785
1727
1727
2062
2062
2044
1992
1852
1852
1852
1852
1852
3120
3120
3710
4040
3463
2712
2971
2968
3789
1786
756
456
1770
603
2279
335
1802
2062
2349
2047
1852
1852
1852
1852
3120
1992
1722
1722
1727
1722
1727
2006
1727
1656
1485
1596
1710
442
1226
1803
1391
2666
3674
3479
363
4294
358
191
438
1391
2584
2039
261
2235
871
1780
871
4998
4984
2766
2922
871
4997
2848
3598
4998
4878
1822
2436
2801
3176
3044
3447
1711
1715
2480
438
487
438
488
684
1931
2041
1931
2261
1429
1822
477
2707
2558
2556
2556
3463
3133
2365
2524
1725
1725
1727
1567
306
1886
332
2015
1803
2487
2487
2487
2487
2487
2487
2487
2404
2160
2476
2485
2487
2487
2514
2160
2487
2487
2514
2514
3038
2790
2782
3058
3394
3226
3369
3226
2487
1645
2177
2799
2378
1821
789
2294
2006
2261
2405
2487
2487
2160
2487
306
306
2405
2514
500
2215
408
684
1806
1806
1955
1806
1721
2062
1851
2261
2261
2331
1828
1844
2160
2274
2859
2599
3322
3164
2748
2748
3237
3237
4047
4081
4111
3123
2384
2160
387
766
981
444
444
1896
1613
1819
2459
760
1802
2485
1295
2514
2513
2405
2213
2604
332
1917
1917
2261
336
756
2476
444
1003
2382
2261
2415
336
336
2487
2405
1938
2570
2409
1721
2042
2044
2042
1806
1949
2409
2371
756
2404
500
444
500
444
2268
684
2261
2384
444
500
500
332
1828
2031
1097
3730
3686
3241
2957
4181
3654
4094
3667
3038
1822
1706
2042
1853
1806
1829
2854
2780
1399
1893
2353
1392
757
764
1497
1796
44
2415
279
306
444
760
442
2006
1847
500
1568
1802
1828
1829
1082
4127
4137
2514
4995
2393
1828
214
191
444
444
500
332
442
438
1933
1159
713
946
2415
2274
500
1897
1295
977
3038
2739
2684
2514
4995
3256
2226
2770
1789
1571
2930
1219
2782
3368
444
871
442
488
1789
44
763
1528
1528
1904
1855
1829
2779
3064
3130
3065
3722
1878
2293
332
2535
1829
3124
336
1718
1658
1716
1817
2515
477
2516
3257
2707
332
2261
1829
772
1472
1855
476
1727
1003
946
1681
2269
1789
1789
1931
1927
1941
1927
2343
1927
2343
2343
1727
1678
2369
2367
2524
713
3482
2788
1271
1472
1904
500
495
495
495
495
1400
332
4872
3423
3996
3809
3731
4114
2365
2369
713
2216
347
2570
2042
2136
2782
1527
1657
3394
3236
3027
2739
4984
2291
1911
2237
2331
1796
2855
3000
448
500
442
332
2606
3045
4945
2201
2876
1921
1723
332
442
2402
764
946
712
3000
3442
3442
3000
712
3024
3153
2749
3311
3437
3078
3426
3399
3399
3074
4210
3075
3343
3341
3018
2821
2062
2062
2062
2062
2062
2047
1295
730
730
769
712
946
712
769
946
712
712
712
981
1855
1855
1829
500
3394
3311
3339
3077
3075
4135
4136
3969
3716
3349
3342
1817
2134
603
2341
1722
1992
1852
1852
1852
1852
2047
1852
1852
1852
3120
3122
3122
2390
2913
3783
730
1003
730
730
444
2999
1609
2343
1897
3000
711
712
2999
2352
1852
1728
1722
2342
2356
2356
1728
603
1728
1728
712
490
3394
1697
1826
1754
1737
758
2960
3027
3153
3059
3061
3292
3292
3238
4116
4112
3701
3067
3292
3292
3224
3211
3153
2511
2412
3214
1851
2047
1074
603
711
495
500
439
1560
1598
2827
4998
1988
1728
1728
603
495
712
186
1855
1855
1855
495
1904
2745
2458
2047
2047
2062
1851
2047
1852
2047
1852
1852
1852
2136
3898
469
469
1796
3453
603
2909
2891
3226
495
500
1581
2062
2409
1728
2365
1728
196
946
495
495
3878
4065
3724
3721
3167
3230
3841
3072
3399
3580
3442
2749
2751
2528
2236
1880
4872
1070
442
2331
196
186
186
495
3094
2800
2236
1728
495
495
182
186
488
488
495
495
186
1528
1528
1904
2933
2408
2537
1789
1852
2790
730
1855
495
495
495
1855
3878
3435
3350
1718
1826
1658
2574
2292
1568
1722
1852
1852
3627
495
495
3620
3153
3273
1568
2789
3628
3629
3094
2363
2353
1852
2136
2136
469
1796
2745
2883
3452
2640
2136
2136
2136
2868
2920
457
2347
1992
1852
1852
1722
2349
1992
1990
1855
2998
480
2237
2136
1855
1855
1855
1855
757
1394
3228
3995
3230
3230
4101
3693
3970
3970
4167
4124
3620
3339
3620
3104
3837
3312
3388
3069
3354
2739
2746
2584
1082
1852
1852
1852
2136
1852
2897
1796
1796
3667
3578
3876
1855
1527
1581
3340
1596
3104
3356
3058
3290
3211
3372
3289
2363
1728
3036
1855
1855
758
1904
3390
3688
758
2751
2749
2448
1728
1852
1855
4054
3600
3716
3438
3350
2743
2408
1852
2136
3642
1852
3120
3710
3122
3710
2709
2883
1612
1737
3060
3417
483
757
3226
1855
1855
3341
3390
3837
3580
1717
4881
2894
4181
2356
1852
1852
2775
3341
3865
3417
3388
2821
1852
3326
1992
4054
4065
3229
3110
3273
2553
1852
3610
3610
2799
1852
1852
3120
2969
2969
3799
1402
1852
1852
1852
2970
3863
3273
2582
3240
2696
2584
3326
2630
2630
3036
3466
3341
2437
3458
2968
4882
2016
3207
3702
2968
2752
3352
2623
1852
1852
1852
2629
3036
1599
1581
758
1904
3617
3617
2565
1717
347
1728
4037
2970
2929
3697
3649
3585
3803
3489
4164
4164
3491
3770
4161
3934
4239
4333
3946
4896
3914
4894
4300
3947
3582
3543
2528
3520
4900
3656
3545
3520
3811
3540
3639
3541
3645
4900
3570
3884
3570
4918
4074
3659
3519
3811
3811
3639
3639
3538
3681
3506
3506
3543
3811
3595
3844
3548
4074
3836
3529
4900
4913
4930
4914
4913
4913
4908
4913
4071
3605
3572
3605
3605
3511
3656
3541
2544
2482
2383
1393
3578
4065
1581
3076
3630
3584
3583
4013
3487
3509
3485
3235
3595
2692
3277
3595
3542
3584
3347
1393
3702
3710
1581
3076
3601
3292
3224
3067
3155
3811
3538
3377
2524
3724
3227
3679
3342
3594
3622
3543
2728
2721
3120
1393
3120
3898
3806
3120
3898
4054
3425
3541
3585
3811
2553
3713
3997
3228
3167
3035
3108
2801
3458
3234
3616
3660
3632
3632
1569
1570
3898
3471
3594
3596
3819
4138
4134
3601
3059
3866
4120
3653
3724
3065
3541
3645
3644
3520
2754
2216
3508
3541
3069
2606
4089
3707
3644
3644
3709
2390
4114
3131
2930
3676
3452
3342
461
3617
3632
481
3187
2894
2811
2598
3578
1570
2929
3410
3708
3399
3632
3797
3364
3898
3898
3806
3806
3107
3570
3658
2583
2920
3257
3586
3227
3710
3320
1401
3488
3130
3103
2914
4040
3724
4079
3075
3107
3309
3061
3805
4118
3602
3723
4180
478
2555
3729
2304
3605
3605
3519
3545
3811
3811
3605
3842
4018
3873
3781
4212
4212
4224
4220
4164
3852
3782
3782
4224
3782
4930
3756
3491
3548
3804
4093
3489
4172
3636
3538
4164
4156
3346
3539
3538
3637
3843
3996
3860
2969
3787
3440
3676
2813
2968
3791
3410
3313
347
1826
2670
3401
4150
3167
3801
3801
4162
3668
3658
3460
3291
3378
2516
3139
3067
2690
3730
1393
2201
3122
3674
462
3803
3597
4138
2556
3639
2724
758
758
2724
2357
2484
3827
3801
3831
4087
4109
2201
2201
3801
3844
3658
3717
3347
3173
3355
3443
3811
3122
3844
3454
2712
347
347
347
347
3681
3971
3227
2872
1904
2724
758
3454
3802
1581
2389
3539
1394
4097
3075
3076
3238
3225
3026
2949
3357
3869
3811
3811
3605
4120
3653
4120
3724
4074
2969
3699
3884
4900
3594
3520
3802
4015
4294
4194
4198
4195
4543
4759
4475
4537
358
3454
2949
3589
3724
4927
4947
3978
4239
3940
4074
3698
3882
3698
3909
3883
3882
3882
3554
3553
4909
3556
3554
4919
4890
4179
3526
4918
3561
4917
3883
3909
3991
4892
3991
3991
3991
3991
3931
3917
3917
3921
3526
3961
3758
3959
3561
3556
4908
4914
4914
4913
3842
3522
3709
3603
3633
3234
3549
3548
3547
4023
4892
3935
3527
3991
3935
4236
3770
3911
4074
3967
3836
2017
2446
2201
3167
3309
4152
3548
3548
3700
4896
3978
4002
4933
4024
3901
3652
4089
2556
4157
2660
3591
3811
3639
3547
3901
4023
4928
3547
3974
3938
4239
4925
4927
3976
3501
4239
3227
3877
3721
3673
3673
3309
3608
3313
2681
3616
3988
3227
4097
3866
2922
3429
4029
3974
3724
3168
3450
3072
3639
758
3167
3868
1694
3804
1586
4119
3717
2503
3605
3606
3606
3972
3811
4081
3804
4078
3359
4210
3648
3450
2786
2845
4084
3618
1394
2484
2201
3653
4118
4208
3844
4076
3348
3172
3603
4170
363
2865
2895
3443
3639
4023
4008
4928
3904
4239
2201
1587
3721
4228
1581
3791
4131
3732
347
4035
4118
3868
347
4084
4157
3074
3639
3605
4081
4165
4180
3844
4119
1599
3900
3233
2679
3778
3636
3852
3775
3775
4043
3899
3899
363
365
2304
3467
4049
3899
4182
4294
3344
3778
4139
4156
4084
3850
3606
4058
4166
3232
4154
2678
3701
3518
4176
4173
4172
4167
3841
4016
3978
4240
4896
4022
3990
4095
3654
4135
3774
4174
3778
3782
3775
3604
4166
3105
3850
2201
4195
3892
4227
3892
4195
4589
4475
4759
4727
4727
4612
4624
3833
3409
347
347
4018
3990
4896
4075
1586
1586
4173
3361
3869
4929
3984
3946
3870
3775
3939
3770
3492
4184
3491
3914
3946
4894
4331
358
3947
3491
4184
1586
4294
4319
3892
358
358
363
758
4584
4543
4384
4499
4384
4384
4717
4717
4717
4717
4475
1599
358
4311
4665
3892
4348
4584
4558
4930
3767
3492
4601
4696
3492
3910
4331
4195
3782
3782
3935
3933
3915
4297
4297
4890
4909
4601
3754
4362
4589
4348
4184
4184
4279
4195
4589
4584
4499
4589
4475
4719
758
1505
4348
3892
4584
4384
4686
358
4537
4683
3556
3556
4543
4311
3883
4317
3762
3916
3917
3918
3918
4919
3928
3928
3556
3554
3561
4591
4584
3958
3962
4558
3919
4195
4589
4537
4475
4475
4683
4601
4537
4475
4384
4475
4589
4543
4771
4499
4692
4692
4692
4384
4683
4623
4717
4499
4384
4499
4499
4499
4686
4686
4499
4384
4717
4749
4712
4456
4648
4564
4501
4564
4386
4386
4626
4386
4386
276
276
284
275
209
275
209
281
406
4643
384
306
4717
4771
4717
4771
4771
4767
4785
4624
4785
4624
4785
4727
4663
4745
4778
4717
4705
4714
4766
4717
4499
4499
4717
4499
4384
4384
4767
4717
4663
4717
4499
4499
4499
4686
4686
4623
4384
4499
4499
4499
4717
4717
4717
4705
4384
4717
4705
4499
4771
4475
4686
4717
4745
4717
4663
4648
4384
4384
4686
4767
4499
4384
4499
4499
4686
4384
4499
4767
4499
4499
4499
4564
4626
4626
4712
277
277
315
277
277
276
384
277
277
277
406
4643
4577
4501
4386
4626
4686
4738
4767
4499
4643
4499
4499
4766
4714
4693
4590
4663
4759
4499
4499
4648
4457
4386
4499
4577
4499
4499
4499
4739
306
315
384
6
276
278
281
326
276
406
406
406
406
277
281
306
4758
4499
306
209
277
277
406
4613
383
315
4499
4564
4762
4785
4643
50
209
315
4786
4776
4714
4759
281
4499
4564
315
276
4686
306
4693
383
276
4643
282
331
384
384
4499
4389
281
277
281
4499
4499
305
4457
280
4564
4577
4685
4499
306
282
278
4713
4499
285
4386
4762
4564
209
4766
4564
4762
384
387
4386
4386
4386
4626
4727
4766
4564
4564
4745
4762
4643
4577
4386
4386
4501
281
282
331
406
4472
4768
278
288
284
176
4564
4643
280
331
4577
4725
281
4388
4577
305
305
4564
4626
4472
4612
278
4386
4643
4766
4501
4386
4386
6
4785
4676
4768
384
384
276
209
45
278
326
326
278
288
288
45
278
4626
282
418
4386
4386
45
4643
4626
4386
4386
4386
4764
4386
209
209
209
209
284
209
209
209
209
209
281
278
4577
4386
209
209
209
4643
4386
4386
4577
4643
282
4611
4386
45
326
278
326
326
45
278
331
45
45
4386
331
276
4386
4612
4577
278
4577
212
284
44
209
4577
212
4762
4658
4626
4676
4712
209
288
288
4386
331
4386
4386
4626
45
326
278
4386
4386
4386
4386
4386
209
288
4386
288
4386
4386
209
209
331
209
284
326
278
326
288
331
45
393
22
109
238
258
117
109
425
117
117
138
117
95
117
690
690
633
633
633
633
560
550
594
594
633
633
634
633
634
634
522
636
525
633
594
633
594
594
634
633
633
633
636
594
690
690
550
550
522
550
633
636
636
607
594
525
525
633
634
636
636
636
636
594
633
633
636
636
636
690
550
594
636
636
636
690
594
633
550
550
633
690
594
633
183
189
1388
916
1369
190
1477
237
307
395
280
387
4800
251
2235
2160
2371
1070
1797
1653
2415
1295
2212
2160
2160
2235
1799
755
2369
730
4908
3811
3811
3554
4071
3698
3907
3967
3931
3933
3594
4184
3842
3605
3572
3590
3605
4913
3572
3520
3656
3884
3884
4914
3561
3747
3594
4934
3938
4927
3975
3519
3562
3526
3975
3909
4907
3988
3907
4294
4294
4109
4945
4946
3831
4940
4196
4161
384
315
284
305
281
4386
4643
209
284
281
4785
3811
3811
636
636
636
636
636
636
636
636
2223
2160
2487
2487
2160
2335
2214
2223
2406
2405
2405
2223
2214
1862
2212
2214
2487
2405
2405
2405
2223
2223
2405
2405
2405
2223
2212
2223
2223
2223
2487
2223
2214
2487
2214
2223
2214
2212
2214
2223
