97
97
9
9
9
188
188
502
507
11
515
515
4867
66
63
17
62
62
261
280
261
63
269
24
301
284
281
400
281
280
194
4808
4808
277
280
211
260
281
281
281
260
285
252
349
115
188
9
9
347
418
301
366
301
301
17
63
17
63
228
63
64
261
280
286
64
63
261
62
62
63
62
17
66
260
260
64
228
63
228
286
62
62
62
285
361
252
20
269
24
269
284
281
301
301
301
308
20
20
301
301
301
66
17
281
269
211
269
30
269
384
124
302
66
269
301
66
17
281
211
308
81
221
252
492
420
113
357
357
636
1044
844
357
758
508
112
301
63
66
16
252
252
269
281
269
260
252
285
281
400
261
280
261
261
281
4808
26
4807
4805
269
64
64
286
26
24
135
277
26
260
97
252
312
252
281
284
277
280
17
252
252
365
349
224
753
652
652
180
515
716
869
878
1043
878
812
878
869
4869
719
515
413
414
638
9
120
533
116
634
269
281
261
281
301
17
252
365
59
222
423
304
380
17
63
269
392
252
284
252
17
269
254
169
170
427
189
24
280
418
304
413
112
636
636
378
269
269
281
281
414
418
63
17
365
392
64
62
393
413
269
17
63
281
63
400
194
284
17
272
281
281
269
301
269
424
501
63
349
520
372
753
387
113
63
280
286
269
64
224
361
9
272
188
188
365
540
188
188
182
281
252
381
501
413
281
195
284
64
64
64
261
62
261
62
64
62
9
349
392
188
413
63
501
606
17
62
9
9
10
533
62
62
62
63
286
409
112
62
188
17
68
62
64
64
62
348
62
63
365
606
172
113
286
116
116
972
1444
1446
1446
1446
1664
1446
1446
2069
2605
3001
1747
330
3493
3241
3553
333
3971
3195
3195
331
3769
63
63
9
9
9
113
277
501
112
972
972
636
1443
1044
1044
113
636
188
62
9
166
188
62
62
62
261
261
400
4808
188
113
171
518
261
26
280
758
62
64
4808
261
261
115
408
408
533
63
62
261
528
357
280
286
286
189
261
62
261
63
261
286
286
357
636
320
638
1043
1555
115
115
538
538
783
408
175
548
753
515
538
408
513
538
513
529
1043
1238
834
812
812
839
839
879
1548
1548
1595
1375
2814
2786
3838
3863
3779
3630
3594
3220
3019
3127
2900
2496
2266
1602
1563
1198
1194
1599
1599
1805
2022
3158
3642
3156
2957
2957
2957
2923
635
174
1043
408
721
352
972
175
1043
357
634
972
869
4863
723
1478
1044
719
175
723
638
636
1044
638
716
1043
1043
715
1044
638
1043
1043
636
1442
840
840
1443
1446
840
1002
741
674
741
741
741
700
700
741
741
776
674
641
674
794
641
698
700
776
674
776
700
794
647
674
674
794
558
558
563
610
4838
4843
1401
4854
4838
1401
1401
1401
1401
1400
1343
1343
1343
1266
1218
1335
1486
1203
1062
1062
943
959
959
1167
1052
700
674
700
741
775
741
775
700
700
700
700
775
698
700
698
4855
698
700
700
702
741
700
700
700
700
700
702
1002
674
741
674
794
558
676
4845
4845
1014
4810
1014
674
674
776
794
740
908
4811
4821
808
647
794
647
647
647
563
563
609
755
755
1314
1349
1062
972
1044
840
2069
1887
1879
1478
741
700
700
700
700
794
674
741
700
741
700
1043
741
700
1044
798
647
647
563
798
674
794
647
647
1043
972
1443
1446
1446
741
700
700
741
700
775
700
700
700
700
700
700
700
700
700
700
740
794
695
794
1043
615
695
563
561
755
755
4854
808
700
700
700
741
700
700
700
698
698
746
746
746
746
746
746
746
746
717
615
700
700
1043
1043
1043
609
609
869
878
4866
1444
812
812
812
1044
839
700
658
840
4866
1446
1446
1446
755
813
4831
1443
700
695
1044
1044
566
700
700
700
746
700
746
745
746
745
746
746
746
1555
834
834
834
834
746
700
609
755
755
1478
4866
1444
755
869
700
700
700
1043
4811
746
700
746
1044
1238
1043
746
746
698
700
840
746
908
852
1302
1267
1302
825
1515
1379
1929
1490
746
746
700
746
700
700
908
908
834
878
866
822
864
4854
1401
1515
700
908
1490
913
4858
4858
4858
700
808
916
1442
840
840
1401
908
852
852
697
698
1013
647
1379
1158
746
1026
718
808
1401
1314
852
834
1490
1604
1830
2293
1886
1929
1490
1867
1929
1490
813
833
1401
833
1929
1886
1887
1865
1401
1401
1401
746
698
698
698
698
852
1401
1400
1314
1214
822
1010
991
908
852
698
698
1867
4866
812
1548
1444
1548
1664
1548
1548
1595
1058
1010
1058
1058
991
1919
2069
2510
2640
2445
2667
2780
2429
3025
2655
2207
2640
2783
2749
2602
897
896
2602
2207
2259
2329
822
698
822
1302
1302
1349
1314
1266
1214
1266
1314
698
1268
952
954
582
578
946
967
1184
923
926
942
1267
928
1087
1736
1144
1078
1163
1301
1741
1300
1753
936
3165
3165
966
1430
1087
1220
943
1335
955
1062
946
1062
852
940
1601
1545
966
952
1008
921
946
927
1267
1052
943
922
946
923
1389
1388
1058
1038
1038
578
578
1059
1349
1266
1349
878
812
812
1022
977
925
1205
1438
1023
1163
1173
1179
1079
1336
934
1770
1740
1866
983
1425
1185
1353
1083
960
946
1266
1266
573
1266
1238
939
1445
1603
1000
1420
1687
1673
1284
1284
1086
1014
4843
1337
1340
1165
1208
1203
1214
698
697
698
697
697
697
698
698
698
698
698
698
698
697
1490
1082
1173
1887
1929
1887
1879
1279
1052
1267
932
973
1009
815
697
1013
1013
916
996
940
1302
959
927
1919
1919
1379
1430
1480
1437
1052
1052
1078
1062
1218
1218
1266
1349
974
1293
849
943
946
1218
1218
1314
697
698
698
698
697
1013
1013
1013
1013
1013
1013
1013
1013
1302
1343
1008
978
1179
1033
1218
697
1245
1082
1173
1082
1186
1092
1048
1013
1181
1294
1214
1082
1220
1304
1428
1085
1222
987
1660
1684
2109
2290
2246
2376
2376
2628
2628
1101
2553
2985
2925
3576
3576
3666
3576
3576
3576
2986
2986
2629
2629
2628
1316
1317
1272
1013
1078
1032
973
1146
1245
1551
1221
1363
697
1013
852
1250
1280
1154
1618
1013
1302
1343
1343
1352
1343
1343
1343
933
1164
1145
1181
1181
1168
1169
1335
1181
1186
1147
1039
1307
1284
1085
978
1197
1095
1142
1253
1455
1230
1206
1267
1335
1561
1288
1147
1147
1245
1929
1171
1095
1095
1141
1098
1774
1390
1273
1176
1307
1221
1228
1228
1228
1094
979
1208
1163
1202
1145
1147
1094
1227
1230
1250
1208
1013
1343
1302
1348
1352
1302
1079
1335
1266
1218
1072
1430
1083
988
1094
1342
1302
1335
1180
1405
1171
1429
979
1229
1343
1446
1219
1094
834
1929
1158
1343
1215
2127
1266
1167
1343
1269
840
1317
1227
1490
1430
1369
980
1215
1142
1197
1446
1446
1397
2101
3366
3609
339
3508
4184
4003
2856
4302
4387
4378
4462
1335
1266
1266
1200
1267
1298
1180
1315
1343
1353
1425
1460
1488
1717
1514
1093
1096
1142
1279
1222
1664
812
879
1548
1548
1664
1197
1446
2069
2069
2640
1203
1266
1273
583
1595
1446
840
2069
2069
1486
1448
1875
1738
1641
1205
1299
1207
1079
1752
1343
1142
1142
1317
1353
1733
2109
1273
1097
1177
1302
1311
1666
1250
1266
1352
1352
1185
1450
1450
976
1687
1762
1141
1198
1659
1306
2019
2488
1148
1194
1335
1097
1177
1161
1401
1343
1343
1161
1364
1352
1266
1348
1448
1348
1348
1344
1266
1266
1350
1509
1266
1141
1354
1548
1355
1355
812
812
812
812
1454
1454
1520
1665
1359
1568
1560
1496
1883
1454
1343
1343
1343
1446
1448
1335
1335
1636
1344
812
1355
879
839
834
1604
1627
2412
2627
2667
2294
1886
1595
1454
2460
1523
2901
442
3014
3376
3663
3682
1386
1097
1343
1415
1343
1460
1510
933
1454
1447
1627
1418
1447
1269
1343
1343
1343
1161
1271
1271
1400
1400
1400
1462
1446
1218
1144
929
1195
1142
1177
1218
1483
1651
1653
1883
1976
3037
1142
1232
1428
1545
1561
1447
1636
1434
1177
1595
1375
1631
1457
1634
1603
1634
975
1450
583
1556
839
812
839
834
839
1355
1397
1502
1492
962
1205
1447
1421
1450
1929
2293
834
834
839
941
1604
1198
1418
1335
1269
931
1929
1867
1233
834
1447
1486
1423
1456
985
1774
1306
1099
1490
1830
1867
1098
1233
1558
1231
1195
1492
2127
2127
1189
1335
1354
1354
1595
1490
1556
1049
839
839
1447
834
1231
1231
1335
1634
1488
1276
1730
2293
1233
1492
1416
1558
1560
1596
1395
1359
1635
1646
1836
1544
2107
1392
1736
998
998
1520
1486
1275
1335
999
1154
1243
1431
1544
2127
1599
1599
1575
1194
1194
1460
1492
1544
1627
1359
3939
3939
3162
1898
1962
1898
1528
466
2486
1396
1207
1919
1098
1929
2126
2293
2294
2298
2627
1199
1596
1671
1572
1420
1194
2127
1762
2127
2126
1233
1498
1621
1815
1558
1599
1665
1826
2124
1572
1558
2326
1883
2657
1414
2945
1509
1459
1563
950
1417
1558
1596
1558
1675
1397
1306
1886
1623
1847
1923
1300
1306
1622
1691
1627
1521
1497
1781
981
1650
1177
1376
1867
1522
1627
1598
1164
1512
1155
1243
1893
1933
1869
2127
1645
1360
1599
1599
1449
1637
1774
1867
1544
950
1653
1412
1749
1599
1583
1475
1801
1619
1684
1426
1507
1869
1830
1830
1929
1394
1650
1318
1719
1668
1480
999
1675
1560
2605
2640
2445
1749
1599
1774
1320
1295
1300
1456
1476
1476
1690
1563
1168
1375
2460
1413
1699
2136
2730
2461
3001
2605
1659
1101
2245
2488
2245
2245
2628
2293
1506
1253
1875
1640
2326
1693
1724
930
1360
1376
1391
1718
1209
1049
1500
1627
1427
1276
1500
1318
2326
998
1424
1912
2326
2640
1747
1747
3422
3001
1676
1376
1544
1606
1506
1694
1155
1638
936
3165
3165
2304
1661
1695
1640
1619
1498
1826
1001
1881
1583
1194
1544
1427
935
2262
1871
1638
1559
2019
2511
1761
2553
2498
981
1155
1155
2089
2447
2089
1477
2460
3004
1579
1579
2570
442
442
3871
3871
443
3471
3004
3002
1476
2101
1929
1883
2605
1805
2020
1929
1321
1498
2326
2126
2126
1178
1945
1830
1295
1602
1978
1296
1780
1649
2293
1000
2294
2294
2445
1156
935
982
2515
1661
2019
1507
1000
1523
1361
1738
2298
2667
2126
934
2460
2622
1830
2412
1627
1826
2123
1827
1375
1719
1691
2472
1933
1871
1805
1803
1883
1883
1830
2293
2091
1761
2293
1639
1359
886
1748
2330
2330
936
2919
2929
2019
1100
2294
1914
1359
2667
1904
2019
2245
2488
2511
1893
1319
1767
2223
2598
2298
1808
1579
2136
2437
2450
1783
1107
2606
1136
2298
1904
1359
2109
1319
1742
1155
1826
1761
2327
2466
2327
2466
2466
2056
2051
895
2327
2513
2317
2513
2327
2327
2327
2327
2513
2513
2513
2466
2466
2327
2466
2466
895
895
2466
1678
2327
2466
2327
2466
2466
2327
2327
2466
2327
2466
1689
1638
2851
2308
2667
1569
1297
2245
2466
2466
2466
2466
2466
1638
1638
936
1638
2298
2327
2327
2466
2466
2513
2327
1947
1579
2142
1827
3447
2575
2627
2721
2655
2298
1866
2466
2466
895
2327
2466
2466
2466
2466
2466
2667
2640
1627
983
2667
2056
2466
2466
2466
2327
2327
1627
3090
1325
2245
1801
1833
2327
2667
1554
2667
2259
2513
2513
2667
2640
2207
1827
1780
2458
2132
2132
2241
2241
3499
3499
2555
2514
2536
2446
2113
3283
2271
2466
2094
2780
2329
2095
2095
2329
2590
896
2466
2094
2241
3499
3194
3411
3389
3389
3280
3113
2209
2418
3374
3374
3374
3113
2446
2565
2565
3054
898
3054
897
2565
2536
2565
2445
2513
2327
2640
3001
2842
2750
2209
2418
2418
3333
3333
3331
3328
3243
1976
2658
1827
3283
3282
2651
3416
3478
3478
3476
3488
2242
2259
2257
2353
2555
2536
4893
2725
3055
2198
3113
898
3113
2209
3113
2257
984
1758
3165
2924
2259
2056
2258
2667
2466
2329
2513
1678
2317
2763
2640
1933
3612
1802
2259
2259
1100
1101
2245
2245
984
895
2466
2329
2317
2329
2318
3197
1780
3283
2245
3025
2654
895
3025
895
2655
895
895
895
2667
2667
2625
2780
2721
2329
896
2017
1872
3165
2067
2308
1747
1797
3499
2299
2445
1947
1888
2730
1826
2123
3282
1640
2721
2445
2207
1872
1871
2864
1827
3282
3282
3282
3282
3444
3444
3282
2241
2241
3476
3476
3476
3478
3478
3444
3444
3444
3444
3282
2259
907
1773
2162
1101
2638
2424
1678
2089
936
2319
1958
2091
2290
1758
2446
3282
3282
1826
1827
3025
1101
1101
1101
982
2565
2329
2640
2999
1579
484
3444
3444
3478
3444
3282
3282
1950
2458
2329
2813
2241
3110
3026
2415
2650
3237
3327
2416
2417
2418
2418
2418
2418
2418
2780
2446
2329
2640
3025
2858
2761
2751
2183
2446
2536
2165
2164
1709
2511
2514
2207
2318
2017
3025
2649
2650
2301
2638
3282
2256
3447
1898
2640
896
3065
2651
2626
1579
3026
2444
3021
2589
3062
896
2875
2142
2627
1297
2628
2628
2628
2628
2590
2564
3054
2208
2208
3054
2946
2657
2241
3282
3478
3478
1827
2721
2304
2536
2602
896
3509
3484
2537
3282
3444
1359
1962
1898
2322
2223
1962
2322
2628
2628
2376
2304
897
2142
1827
1962
4997
4983
1641
2376
2590
3013
3152
899
899
2725
2725
901
899
2590
2564
2763
2602
3376
2753
442
3015
3838
2628
2627
2627
3117
3050
2578
2692
2432
2728
937
2241
3339
2693
2489
2627
2627
3021
3021
2602
2570
2571
2571
440
3848
3004
440
3271
3444
3478
3478
2241
3026
2565
3001
2124
2614
2924
2924
2247
2535
2590
3376
3339
2575
2918
2721
2627
2304
897
2241
3499
3282
3416
2651
2415
3939
1528
2725
2671
2924
2246
900
3472
3472
3472
2843
3202
3202
3364
3141
3328
3481
3478
3488
2124
3165
1758
1386
3822
3282
3444
3478
3476
2188
3476
2627
2247
3001
2763
2997
3004
2332
3477
3499
3499
2267
3011
2876
2924
2876
2876
2924
1747
3265
2578
1938
3626
4258
3073
3271
2651
2918
2627
897
3376
3472
2947
3472
3871
442
3871
3871
2708
3259
2785
2885
3980
3164
2853
2843
3038
3444
3476
3001
2571
2843
3444
3444
3478
1827
3085
2578
1744
2947
2947
3919
3477
3939
2124
3061
3062
2986
2876
3666
3239
3461
3583
4097
3279
1747
3265
2997
3919
3004
3478
3478
3447
3061
2692
2578
2565
3412
3176
897
2124
2322
2487
2722
3209
2750
1744
2749
442
2814
2785
3476
1898
2322
1744
3444
2985
2736
3031
4880
3361
3573
2906
3139
1898
2627
2308
3478
3478
3478
1898
1105
1134
3325
3074
3074
3032
2735
2736
3576
2627
3021
1747
1747
2194
3202
3090
3748
3748
4065
3928
3953
3929
3953
3929
3929
3942
3929
3929
3929
897
3478
3339
3748
3939
3939
2725
2999
3156
3156
3156
2957
2957
3413
3784
3784
3987
3987
3846
2747
3413
2869
3570
3154
3266
3784
2871
4120
3784
3784
2877
3157
3838
3164
3793
3164
3953
3953
3953
2814
3609
3609
3478
3478
3478
3478
2194
2124
1898
2944
2947
3472
3532
2904
3997
3252
3573
3361
3120
3610
3610
3610
2925
1827
3198
3476
3090
2668
2935
2929
3155
3315
3514
3193
2994
3155
3123
3413
2994
3538
2994
3182
3154
3426
3267
3388
3426
3402
3470
3562
3554
3505
3663
3836
3683
2807
3579
3476
2415
2699
2539
3279
3193
2725
2725
2935
3269
2997
3123
3270
3476
3478
1987
1898
1528
1528
3023
3576
2994
3238
3239
3994
4123
4116
3817
3815
3993
3778
3750
3778
3301
3238
2994
2724
2749
2781
897
3054
3704
3472
3871
3156
3532
2242
3478
3193
2986
3576
3155
3269
2783
2957
444
3672
2415
1898
2575
3021
2876
3666
2415
3489
2977
2322
2986
3315
2724
3013
3123
2885
3980
2496
2699
3576
3576
3118
3118
2783
2959
2959
2997
2997
2877
3416
2699
3021
2942
897
2997
2959
3488
2415
3599
3666
2992
4172
4172
3599
3785
4145
4157
3639
2859
3532
3981
3117
3266
3388
3704
3157
2699
3553
3447
3298
3336
3118
3447
2608
3152
2672
3152
2672
2750
2193
3478
2751
3054
3405
2650
3085
3599
3827
3995
3426
2871
2870
3939
2699
3576
3131
2783
2997
2959
3054
2208
3488
3365
3243
2190
2699
3140
3240
2692
3240
2417
3666
3193
2842
3416
3576
3118
3013
2208
3922
4150
3537
3413
3413
2882
2882
4118
1528
2977
3672
3164
3426
3469
2749
2959
2997
3488
3365
3389
1528
2501
3146
1747
3422
3422
3118
3571
3922
3268
3268
4116
2308
3259
2190
3362
3666
3117
3749
3129
3195
330
3195
3934
3915
3915
3828
3254
3253
2242
2217
3326
3118
3265
2578
2577
3201
1528
3141
2416
3141
2208
2696
1995
3125
2741
3024
2741
3576
3610
3610
3576
3576
3576
3576
3576
2987
3140
2941
3777
3209
3425
3305
2209
2209
3280
2418
2209
2208
443
3488
3666
2746
3121
3121
3867
3854
3120
2987
3078
2208
3366
3195
2882
1134
3584
3265
3183
3590
4192
2870
3987
3923
3844
4209
3848
3481
3162
3576
2942
3267
898
3988
2242
3939
3544
3939
4083
4083
4065
3544
2192
1529
2501
3067
2575
3298
3130
2418
3301
3506
3482
3505
2941
2418
2959
3395
3519
3591
3567
3569
3608
3925
3311
4147
3312
3561
3557
3308
3616
3162
2736
3576
3333
2417
2418
2418
2417
2417
2418
2418
2418
2418
3459
2418
3422
3336
2208
3469
3772
3591
3963
4224
4195
3344
4225
3796
3796
3346
3784
443
4119
3162
3024
3610
3610
3126
1123
3497
3254
3239
3331
2416
3387
3331
898
3402
3682
2745
3118
2577
3300
2418
3469
3186
2767
3610
3610
3610
3610
3610
3610
3387
2745
3610
3610
2577
2418
2418
3146
3208
3183
330
330
3493
3858
2990
3814
4206
3556
4146
4241
3399
4206
3872
3195
2190
3162
1134
3610
3374
3333
2209
2209
898
1747
1747
3987
4258
4120
3939
3610
3387
3375
3333
2418
2418
3422
3336
2208
3858
3847
1135
2908
3512
3593
3576
3375
2577
3562
2209
2418
3176
3281
2987
3582
3389
3375
3280
2209
2418
3113
3306
3654
3794
3795
3314
3314
4242
4243
3466
4153
3761
3772
3771
3470
3358
3768
4203
2745
2987
3245
2575
2502
3333
3333
2209
2208
3786
2882
3447
3243
3280
3113
3280
3113
2418
2209
3113
2418
2418
3280
3422
3858
3877
2992
3304
3336
2209
3336
2418
2209
3422
3640
3668
3341
3632
330
3493
3683
4120
4209
4197
3032
3213
3249
3868
3280
3280
2418
3632
3814
3405
3374
3640
3585
3185
3644
3544
3257
3563
3915
3429
3939
3235
3306
4150
4209
3644
3031
3610
3610
3553
3632
3268
3249
2917
3336
3336
3241
3336
3622
3631
3313
3313
3312
3558
3850
4013
4194
4152
3561
3586
3545
3589
3566
3608
3346
3775
3832
3465
3567
4233
4150
3939
2746
3223
3173
2540
3536
3794
4124
3422
3450
3631
3347
3608
3607
3394
3400
3591
4126
3748
3610
2001
3336
3210
3545
3336
3519
2785
3610
3213
3241
3566
3467
3346
3309
3775
3847
3595
3360
3255
3298
3493
3493
3775
4209
3162
3241
3241
3347
3661
3607
3865
3195
4120
3846
4123
3750
3610
3581
3623
3606
3568
3591
3878
4014
3610
3120
3351
3654
3795
3566
3401
3843
3126
3562
3309
3983
3074
3074
3585
3254
3644
3074
3640
3669
3768
3436
3929
3748
3644
3610
2977
3468
3310
3357
3647
3073
3544
3628
3834
3669
2988
3071
448
3422
3493
3177
3684
3164
2853
2853
3953
3953
3929
3929
3929
3609
3939
3777
3448
3162
3468
3684
3753
3728
3702
3820
3892
3932
3715
4263
4283
4320
3694
4319
4920
4229
4229
4281
3694
3694
3760
3703
3624
3638
3803
3790
3790
3709
3790
3948
3841
3938
3926
3926
3823
3824
3764
4898
4354
3896
4329
4021
4020
3883
3803
3725
3852
3938
3938
3938
3938
3724
3860
3860
3726
3757
3703
3703
3803
3818
3733
4080
4020
3708
3709
4141
4262
3880
3884
3740
4063
3992
4141
3912
3912
3722
3723
3790
3790
3841
3832
3544
3644
3794
4117
3672
4148
3684
3753
3753
3767
3685
3624
3761
3850
3803
3467
3863
3164
3824
3727
3701
3767
3825
3256
3347
3345
3933
3989
3803
3926
3926
3989
2987
3795
3979
3649
3803
3803
3790
3758
3841
3925
3475
3522
3581
3818
3702
3841
3724
3599
3994
3600
3600
3162
3780
3268
3798
3558
3850
3800
3727
3926
3926
3757
3939
3405
3405
3163
3931
3766
3560
3909
4222
4214
3753
3874
3874
3874
3875
3463
3993
3702
3818
4066
3948
3647
3701
3799
3823
3824
4187
3929
3859
3748
3777
3818
4098
3765
3812
2989
3989
3163
3672
3163
3575
3577
3963
3396
3799
3757
4258
4207
3846
2988
4258
3793
3787
4065
3594
3163
4233
3558
3823
3726
3785
3672
3780
3788
3902
3579
3828
3558
2746
3792
2803
3755
3268
4234
3724
2993
3777
3542
3921
3344
3872
3815
3397
3555
4182
3397
4085
4211
4208
3627
3609
3937
3723
3852
3723
3722
3723
3852
3852
3852
3911
3912
3912
3912
3912
4141
4316
4060
4029
3715
3715
3890
3892
4199
4236
4316
3889
3890
3898
4262
3898
3715
3692
3996
3857
3969
3909
3975
4013
3860
3860
3905
3975
4121
4013
3974
4227
4227
2746
3120
3792
3793
4065
3928
4065
3581
3670
4214
4225
3636
4145
3195
331
4258
4132
3798
3600
3939
4065
4065
4065
3793
3164
3773
4098
3996
3399
3252
3953
3929
3929
4126
4208
3726
3121
3644
333
4065
4065
3594
3812
4066
3560
3964
4162
3926
2746
3939
3597
3939
3544
3287
3939
4065
4065
4065
4065
4083
4083
3603
333
3809
3921
3345
3559
4145
4132
4126
3724
4065
3820
3252
3195
3391
3673
3609
4068
3840
4097
3603
3597
3748
3597
3870
3796
4201
4172
3597
3287
3561
4148
4183
4183
2748
4188
3465
4226
4146
3938
3723
3938
3938
3873
3976
4156
3620
4021
3241
3883
3739
4142
3948
3722
3969
3164
4065
3928
3953
3929
3953
3942
3942
3968
3968
4933
4933
3957
4266
340
3971
4184
3561
3164
3953
4151
4020
4920
4920
4920
4920
4917
3737
4916
4026
4054
4042
4049
4042
4277
4331
4029
4029
3738
4029
4026
4053
4320
3693
4321
4026
4330
4042
4277
4903
4049
4926
4047
4281
4047
4280
4320
4051
4051
4052
4319
4322
4313
4905
4040
4030
4028
4354
4330
4060
3894
3735
4141
3885
3737
3909
3755
4220
3799
3724
3717
4901
3696
4046
4046
4280
4280
4280
4319
4320
4281
4317
4320
4021
4901
4054
3552
4146
4165
3929
3120
4263
4228
4283
4229
4229
4920
4920
4229
4015
4128
4231
3778
3816
3816
4099
4099
3929
3859
3609
3859
3908
3908
3908
4273
4128
4111
4110
4092
4927
4046
4109
4920
3694
4229
4095
4114
3694
3694
3462
3178
3837
3250
4165
4190
2747
3929
4185
3465
3994
4176
3993
3953
2748
4226
4229
4015
4095
4920
3597
3313
3905
4153
3926
4115
333
4207
3769
3929
4070
3598
4191
4225
3859
4195
3911
3912
3906
3723
3723
4097
4070
4268
4268
4219
4222
3993
4116
4188
4151
4152
4147
3644
3544
4191
3875
4165
3397
3891
4160
3932
4225
4220
4220
3953
3953
3953
3929
3929
3929
3929
3929
3929
4221
4172
3929
3953
3929
3929
3343
3908
4015
4181
4015
4229
3785
3287
4146
4158
3867
3993
4214
3953
4241
4920
3398
3397
4220
3508
4151
3311
4187
3937
3723
4123
3845
3121
4218
4158
4259
3493
4185
4186
4013
3995
2747
3929
4227
4199
4227
3974
3121
2747
3121
3929
3942
3859
3391
4152
4081
4123
3990
2747
3929
3929
3929
3892
3905
4225
4121
4099
4099
4272
4227
4920
4097
3557
3343
4267
2747
3464
4194
3723
4181
4224
4121
4152
4272
4227
4920
3694
4920
4229
4229
4022
4116
3121
3344
4236
4284
4238
4239
333
4242
3464
3344
3975
333
332
4083
4933
4933
332
4931
4155
3972
4338
4383
4383
4463
4610
4508
3286
4123
4199
3508
4200
4200
3975
3694
4320
3694
333
3597
4242
3910
4236
4262
3694
3694
3121
4272
3694
4283
3700
3692
4313
4050
3957
3694
3694
3694
4238
3678
4920
4236
4022
4024
333
3929
3625
3955
3955
3929
3929
3929
3942
3968
3968
3929
3929
3694
3956
3956
4934
4004
4004
4288
4930
3954
2854
3954
3286
3678
4184
3958
3929
4320
3693
4930
3942
3968
4320
4280
3287
3615
4284
4052
4052
4320
4043
4320
4043
3889
3954
4320
3287
3954
4248
333
3715
4318
4038
4357
4931
4931
4248
4184
2856
4288
3674
3971
3286
3957
3957
4266
4930
3954
4052
4369
4364
3957
4935
4050
4050
4051
4317
4321
4322
4319
4321
4903
4903
4053
4053
4362
4042
4026
4931
4320
4050
4357
4053
3956
332
332
3971
3971
4290
340
3971
4184
2855
4290
3950
2856
4292
2855
4301
4305
1258
4288
4004
4136
4300
3615
4348
4370
4250
4384
4466
4636
4636
4468
4472
4589
4588
4470
4636
4636
4432
4256
4657
4657
4657
4657
4414
4657
4657
4657
4657
4943
4478
4657
4657
4657
4326
4326
4377
4465
4452
4460
4380
4439
4154
1258
4336
4326
4327
4387
4278
4007
4388
4371
4250
2856
4303
4250
4929
4932
4302
4303
4366
4348
340
3972
4378
4323
4007
4327
4327
4391
4396
4468
4538
4708
4761
4657
4657
4657
4657
4657
4657
4657
4657
4657
4657
4657
4657
4658
4718
4659
4593
4571
4503
4370
4251
4657
4250
4306
4382
4390
4447
4434
4266
4294
4457
4446
4433
4584
4400
4395
4386
4471
3973
4657
4657
4657
4657
4657
4657
4657
4721
4766
4942
4943
4657
4659
4659
4943
4661
4614
4657
4657
4657
4370
4378
4657
4657
4657
4657
4659
4658
4371
4657
4752
4657
4657
4472
336
4336
4657
4657
4657
4657
4657
4374
341
4136
4657
4657
4474
4526
4613
4371
4400
4658
4658
4943
4657
4614
4659
4659
4719
4491
4657
4657
4657
4584
4434
4484
4657
4657
4371
4400
4657
4468
4389
4503
4503
4588
4547
4370
4657
4943
4943
4943
4659
4400
4657
4943
4657
4341
4471
4657
4542
4378
4341
4657
4657
4658
4658
4432
4636
4432
4636
4383
4440
4474
4636
4657
4251
4659
4593
4748
4512
4538
4657
4392
4659
4512
4657
4434
4519
4492
4657
4657
4503
4432
4432
4659
4659
4659
4593
4657
4256
4659
4657
4657
4657
4766
4657
4636
4622
1262
4943
4718
4718
4431
4593
4593
4659
4593
4657
4462
4461
4452
4657
4657
4657
4657
4659
4659
4657
4657
4659
4692
4692
4721
4628
4657
4400
4491
4659
4760
4760
4694
4385
4636
4571
4748
4748
4461
4519
4657
4657
4657
4657
4657
4692
4692
4657
4657
4657
4657
4657
4587
4717
4657
4657
4657
4657
4512
4512
4593
4587
4463
4584
4547
4465
4760
4719
4657
4657
4657
4761
4692
4721
4694
4694
4596
4341
4778
4437
4398
4547
4628
4659
4657
4657
4719
4657
4708
4717
4512
4343
4599
4432
4637
4610
4622
4659
4719
4692
4694
4659
4760
4605
4499
4760
4659
4657
4761
4696
4708
4257
4736
4657
4659
4571
4778
4659
4761
4761
4657
4657
4761
4692
4692
4659
4692
4657
4692
4692
284
400
286
62
260
280
4808
277
277
260
4808
501
4808
4807
277
281
284
281
261
281
1364
1364
698
745
698
700
700
558
1401
1401
700
700
746
698
740
746
755
819
4854
1161
698
1401
1400
700
1400
1401
700
698
698
698
698
1161
1364
700
563
4844
4844
819
698
4853
1014
1401
1401
1161
1161
908
698
746
4810
700
794
794
698
1343
698
700
4838
1364
1364
1161
561
1400
1343
776
700
698
1364
745
647
674
698
1401
1400
700
1548
1446
1548
1442
878
1444
812
839
839
812
839
839
1238
839
839
1548
2375
3000
2580
2514
2446
2725
2565
2672
2565
900
2536
2536
3156
3576
3576
3576
2305
2875
3576
3576
3576
2306
3165
2919
2919
2649
3576
3050
4307
3725
3852
4920
3885
4021
4021
4076
4076
4321
4280
4909
4103
4053
4200
3723
3722
3774
3774
3948
3722
3866
3774
4103
3743
3739
3739
3739
3896
4060
4911
4046
4109
4047
4229
4229
4109
3948
3722
4903
4283
4089
4281
3912
4035
3803
4083
3625
3928
4065
4065
4065
4065
4065
4933
4933
4933
4065
3287
4065
4065
4083
4281
4283
4657
4657
4657
4432
4657
4657
4396
4657
4752
4414
4657
4657
1260
4657
4394
3723
3938
1014
1014
1013
1014
1013
1363
1364
3165
2994
3279
3279
2957
3279
2929
2875
2995
3165
2923
2994
2923
3279
2995
2929
2875
2938
3165
3165
2923
2875
2875
2938
3165
2938
