4950
4526
4379
4379
4525
4379
4379
4379
4526
4526
4525
4379
4495
4493
4644
4526
4379
4525
4379
4379
4525
4644
4494
4526
4526
4379
4379
4379
4379
4379
4379
4379
4379
4950
4526
4526
4379
4379
4526
4950
4950
4950
4420
4249
4379
4526
4379
4379
4379
4526
4526
4526
4644
4644
4526
4526
4379
4379
4379
4525
4379
4525
4525
4379
4525
4379
4644
4526
4379
4379
4644
4379
4379
4526
4525
4525
4525
4525
4525
4644
4526
4526
4379
4379
4526
4526
4526
4644
4950
4526
4379
4950
4644
4526
4526
4526
4526
4526
4644
4950
4379
4526
4644
4526
4526
4644
4644
4950
4950
4950
4644
4644
4644
4514
4514
755
607
4293
4397
4950
4644
4644
4950
4379
4379
4379
4379
4526
4644
4526
4526
4950
4379
4526
4379
4379
4379
4379
4379
4526
4526
4526
4526
4526
4379
4525
4379
4526
4379
4379
4379
4950
4379
4526
4526
4526
4526
4379
4950
4950
4950
4950
4950
4950
4420
4420
4586
4420
4950
4406
4586
4379
4379
4586
4950
4950
4586
4586
4403
4302
772
4479
4548
4526
4526
4644
4644
4586
4586
4950
4950
4644
4494
4492
4379
4379
4526
4526
4379
4379
4526
4379
4950
4950
4526
4950
4950
4950
4526
4526
4950
4379
4526
4379
4379
4379
4950
4950
4950
4379
4379
4525
4379
4379
4950
4526
4950
4950
4644
4644
4644
4950
4526
4494
4526
4379
4379
4950
4950
4950
4379
4379
4526
4379
4950
4379
4950
4379
4526
4525
4379
4526
4526
4525
4950
4950
4526
4379
4950
4526
4644
4950
4644
4644
4379
4525
4379
4526
4379
4525
4525
4525
4586
4586
4525
4420
4379
4525
4586
4526
4644
4644
4379
4379
4379
4379
4526
4526
4526
4379
4379
4525
4526
4525
4950
4526
4525
4644
4379
4526
4644
4950
4379
4379
4379
4526
4525
4379
4379
4525
4379
4644
4644
4525
4526
4379
4525
4379
4379
4950
4525
4379
4950
4524
4525
4644
4379
4644
4644
4393
4414
844
1855
2849
3272
436
4276
3478
2541
2781
2781
2140
3202
3866
4489
3883
2825
4137
432
3883
3883
4379
4525
4379
4644
4526
4526
4644
4644
4653
4533
4393
4339
844
4339
4644
4525
4379
4379
4586
4526
4379
4379
4525
4379
4379
4525
4379
4644
4379
4379
4422
4379
4525
4379
4379
4525
4420
4397
4397
4420
4526
4379
4525
4379
4514
4379
4379
4950
4525
4379
4379
4379
4379
4526
4379
4379
4379
4514
4397
4422
4422
158
833
4420
4420
4586
4586
4379
4249
4422
4420
4422
4397
4586
4950
4586
4514
4526
4420
4526
4586
4526
4420
4422
4379
4525
4379
4397
4397
4548
4406
4249
914
1575
1575
1509
2003
2613
2948
549
3504
3559
3584
552
3747
554
3186
2067
3333
2767
3333
2771
2771
2771
3256
3143
559
2681
2409
561
2017
1979
1767
1642
1549
1759
2136
2499
2915
2664
3318
577
3080
3181
4293
4379
4422
4293
4420
4379
4420
4420
4397
4420
4548
4397
4420
4420
4420
4586
4393
4379
4586
4586
4422
4339
4379
4422
4379
4526
4720
4336
4393
4396
4396
4495
4525
4586
4586
4586
4950
4420
4293
4393
4396
4397
4586
4586
4586
4493
4422
4336
4397
4586
4586
4379
4339
4406
4254
4422
4336
4493
4413
4333
844
4396
1396
4586
4789
4789
897
897
897
897
4040
897
897
807
807
4791
687
687
4798
889
4789
4789
4805
824
807
684
807
684
682
638
4810
4811
4810
946
1214
4965
4965
4967
4967
4780
4780
1224
1127
1457
1195
1126
1041
718
1086
664
1174
1172
824
897
897
897
890
897
897
890
897
4789
3593
817
3593
861
3597
4217
4041
4177
4041
4040
4923
816
4040
4177
4397
4397
4397
4586
4586
4403
4789
687
681
685
1158
681
4811
4811
4792
1154
4806
807
807
807
788
810
920
4826
763
627
4805
4805
683
676
691
4832
4832
4832
707
948
4838
4852
4406
4403
4393
4339
844
1436
844
897
4789
819
819
690
824
4393
905
897
897
897
4336
819
817
4307
4062
676
1163
638
676
807
676
676
4525
4403
914
4720
4257
4040
4040
4217
897
897
897
4040
4040
819
788
905
917
816
816
917
4789
854
779
779
682
783
4397
4420
676
683
691
638
4846
4831
707
4040
897
4062
4041
4041
819
816
4001
918
3950
3597
3597
4924
3950
3950
4217
4337
4525
4720
4062
4040
4336
4403
4403
4832
4548
755
4393
1402
939
596
754
844
844
4403
4832
646
1402
4046
810
873
755
744
816
816
816
3597
4217
4217
4217
4227
4217
3597
3594
3950
914
1626
1689
1575
4217
4832
4832
4832
735
4336
4826
644
4925
4179
4217
920
4217
3974
3597
4217
832
4924
4230
4217
855
883
774
4217
4217
900
1002
960
952
846
767
607
773
1589
1105
4041
3950
4217
4038
4931
855
508
4288
753
617
3597
454
617
708
4001
3975
1007
763
707
707
4001
920
919
4335
1436
707
4830
814
1003
1211
994
1211
1211
1161
931
844
930
772
919
1189
708
813
233
1102
1630
1635
1313
4858
1593
539
538
965
1313
960
421
920
843
4860
839
707
708
4820
4820
4265
4153
4269
4932
764
4965
4969
4813
1478
728
1143
930
4222
4222
896
882
596
844
760
797
936
653
844
1957
2031
1016
1965
2018
2018
1721
1869
1965
1830
4329
4329
4193
4428
4197
4352
4193
4414
4428
4038
4153
938
1371
653
1145
1364
1224
4968
4001
803
1075
1192
1192
664
1013
1075
717
1050
1049
887
1075
1049
1235
1527
662
1054
1301
1582
1345
1134
1686
2150
1911
2276
4988
4988
4985
4985
667
1048
1048
878
1041
909
1149
1011
1046
900
1085
1193
1307
1049
1050
1089
664
909
1183
907
982
1000
1013
664
1076
1551
1148
1199
1051
1203
1094
732
844
1364
4825
753
772
1091
1099
1218
1182
1071
1055
1218
1111
1062
1729
1135
2013
1566
1231
1995
1890
1312
1314
1123
1123
1113
1094
1075
1364
1479
1145
4860
1083
1058
1548
1598
1853
1598
1235
235
1082
1152
1209
1239
1239
1185
665
1205
1145
814
994
991
813
993
4222
994
4932
4932
3972
4848
4783
233
1082
1108
618
1014
1659
1338
887
906
995
662
663
844
1002
944
1211
1154
1154
1047
1106
1058
665
665
1436
1436
4869
1211
1146
668
1617
908
1053
1176
657
1447
1458
1299
900
1099
1206
1173
1436
1413
1458
4967
4967
4222
994
4269
994
1154
1211
1211
1154
1208
1131
1154
1154
944
4216
4216
4216
4216
1086
1055
1226
661
1211
1211
1218
1361
1113
1113
1106
1096
667
1208
995
1127
1165
1113
1366
1285
1312
1350
1292
1395
1334
1360
1448
1929
2580
4890
2644
2644
1256
2508
2508
2473
4881
3226
3147
3370
3370
3006
3310
3310
3147
3310
4888
2651
2644
2647
1433
1335
1275
1291
908
1282
1430
1205
1195
1181
1357
944
1002
1154
1208
1108
1063
1989
1783
2077
1156
1383
1220
1220
1352
4967
1364
1107
1693
1618
4861
907
1056
1473
907
907
1123
1233
1309
1109
1329
1278
1350
1384
2078
2469
1806
1474
1316
1294
1354
1195
1240
1283
1240
1230
1283
540
1341
1550
1556
1465
1441
1341
1844
1329
233
1064
1384
1525
1525
1166
1173
1054
1618
1367
1124
1289
1370
1063
1875
1185
1776
4216
1383
1383
1394
1177
1061
4823
1224
1539
1421
1225
1343
1393
1525
1199
1355
1064
1358
1315
1289
1114
1226
3814
1970
1310
1441
4868
944
1239
1107
1014
1373
1174
1239
1921
1487
1285
1624
233
1380
1893
1411
1221
1280
844
1564
2683
2676
3944
2825
4940
79
79
79
79
79
255
255
255
1483
4823
4823
1455
1294
1952
1224
4967
1232
1339
1312
1071
1081
1657
1556
2124
1392
596
596
1783
1544
1564
2165
1354
1224
1464
1174
844
1564
1412
1339
1622
2442
2609
1112
1893
1507
1892
1530
1301
1462
1221
1939
1347
1382
1328
1463
1382
1550
2661
1294
1345
1684
1345
1685
1118
1504
1224
1224
1364
1233
1326
1557
1363
1360
1647
1452
1748
2016
2016
1468
2118
2508
2476
1453
1805
1445
1135
1952
4216
1178
1239
4216
1352
1352
4216
1394
1383
1222
1294
1224
1224
1502
1604
1224
1464
1990
1616
1575
1692
1682
1497
1497
1842
1842
1842
1792
1739
1880
1881
4216
1352
1352
1458
1487
1311
1059
1876
1222
1616
1602
1852
1702
2167
1820
1816
1869
1593
1495
1854
1996
2025
1913
2612
2612
2838
3133
1845
1352
1365
4967
1441
1871
1796
1603
1902
1681
1533
1903
1678
1902
1673
2125
1352
1352
4967
4967
4967
4967
4968
1236
1396
1435
1485
1048
1759
1317
1927
1583
1803
1913
1889
1500
3082
1354
1122
1056
1307
1531
1843
1853
1853
1565
2037
1495
1527
1558
1233
1310
1309
1584
1309
1203
1662
1602
1510
1663
1301
1598
1905
1803
1579
1798
1471
1234
1583
1232
1138
538
1632
1600
1672
1510
1078
1817
1665
1579
2446
1650
4858
1634
1472
1534
1560
1486
1690
1527
1382
1331
1570
1512
1884
1635
1820
1472
1691
1691
1664
1472
423
1957
1435
1443
1925
2346
1879
1138
1193
1529
1602
1672
1616
1663
1922
1580
1133
1071
1088
1589
1600
1664
1664
1640
1743
568
1802
1757
1792
1533
1874
1533
1874
1842
1874
1903
1678
1533
1497
1553
1793
1794
1842
1771
1964
1553
1773
1997
1851
1565
1694
1417
1417
1942
1320
1600
1871
1694
1065
1347
1193
1714
1664
1880
1318
1564
1326
1887
1496
2338
2369
2032
2166
3185
2504
2378
2605
2058
2070
2779
1682
1444
1485
1767
1375
1593
1593
2018
2072
1691
568
1498
1725
568
1087
1418
1520
1435
1146
1428
872
566
1560
1762
1917
1743
1691
1691
1664
1681
2252
2457
1741
1743
1825
1777
1555
1486
1465
1753
1751
1979
1841
1307
1726
1307
1641
1641
1420
1506
1845
1749
1560
1743
1823
1980
560
2425
1829
1851
1826
1640
1792
1762
1765
1848
1683
1780
1773
1913
1801
1773
1773
1293
1908
4886
1699
1310
1757
1780
1801
1772
1793
1553
1657
2374
2574
1066
2332
1767
1634
1546
1679
1903
1842
1794
1490
1571
1941
1928
1532
4866
1780
1679
1801
1793
1913
1499
1851
2470
573
577
1620
2002
1810
1635
1816
1820
4856
1533
1679
1320
1336
1748
1767
1640
1498
1725
1853
1529
1990
1777
1429
1834
1854
1760
1326
1767
1582
1780
2335
2447
1068
2804
1767
1303
1850
2463
2463
1971
1829
1874
1874
1097
2292
1397
2849
2849
2112
1749
1749
2030
2539
2539
2451
2063
2508
1863
1863
2474
1593
1792
1146
2035
2038
1760
1466
1497
1694
1548
1133
2001
2031
1850
2624
1332
1777
1943
1242
1841
1694
1499
1328
1546
1667
1810
1853
1568
1920
3105
2631
3510
4276
2304
3272
1909
1928
1674
1677
1903
1853
2399
4994
2982
2982
4984
4991
1697
1621
1467
1369
1756
1917
2056
1903
1992
2377
2663
1312
1768
2437
2513
4983
1702
2049
2049
1956
1962
2030
2029
1935
3004
1936
1841
2047
2622
578
577
2039
2135
2306
548
547
1947
2497
2671
1523
3366
2565
1522
2041
2666
1749
569
1858
1438
1337
1962
1979
1678
1736
1593
1016
1016
1016
2377
2471
1884
2071
1933
1978
1978
2054
1981
2183
1983
2029
2440
2409
1985
1762
1375
1593
1869
1833
1926
1786
2081
1996
2059
1522
1415
1416
1976
1459
1667
2025
2535
2059
1996
2049
2055
1965
1986
1309
1953
1816
2048
1820
2055
1924
2378
1903
1850
1750
2071
1751
1965
1912
2059
2635
1248
1567
1745
1816
970
2030
2439
3004
2044
4982
2009
1976
2803
2807
2982
2982
1807
1976
2118
1981
1593
1246
4856
1117
2116
2116
2116
2186
2476
2054
2183
2168
1769
2378
2517
2919
1554
2025
1947
2915
546
1469
2331
2409
2779
2986
2918
2066
2068
557
2764
2748
2764
2748
2964
2964
3041
1933
2277
2369
1923
1247
1878
1736
2030
2029
4197
4334
4197
932
932
513
1733
4198
4414
4352
4197
3941
4396
3941
4197
4334
4352
4197
4198
4197
932
1171
932
1696
4197
4333
4352
4197
4352
4197
1839
5000
2677
2738
970
2064
2029
2539
2465
1976
2465
4333
4197
3942
4197
4197
1992
5000
2982
2613
1247
3941
4197
4197
4197
4197
4197
4198
4334
2463
2662
2009
2137
1516
2114
2018
1869
2029
1784
932
3941
4197
4197
4197
4197
1016
2304
2056
1965
2018
4197
4197
4197
4298
4197
2009
2183
1984
2451
2029
4197
2663
1965
1965
1965
1744
3941
3941
4334
4334
3941
1016
1888
2429
2369
2439
2049
2063
513
4336
4336
4396
4293
4293
4514
3941
1171
1869
932
513
970
4413
4339
4197
4538
4538
4197
4197
4339
4254
4336
4337
4288
2302
4196
4298
4298
4196
4196
4196
4413
4414
4393
4479
4479
2534
4479
4479
4393
4393
4333
1965
4193
4197
2337
2631
4271
4329
2597
2207
2207
2207
2207
2207
4196
572
2331
1984
1170
1761
1387
512
512
4196
4288
4288
4337
3941
4197
4396
4197
4293
4586
4337
4288
2302
4298
4298
4196
4298
1440
4985
2952
2647
4985
4985
2952
2952
4336
4197
4298
2018
4197
4197
4197
4197
4329
2236
2437
1944
2048
4421
2029
1863
2508
1915
851
4197
4349
3941
4352
4193
4352
4193
2329
1948
1936
1696
1169
1696
1696
1733
1722
932
1965
1965
1965
1965
1987
4334
4352
4352
4352
2392
4988
4985
4991
546
2677
3081
1398
4333
2127
1016
2236
1900
1119
2498
2011
158
1732
2018
1830
932
1645
4988
2995
2388
753
4298
753
753
512
512
974
4336
4336
4336
4303
4288
4288
4291
752
753
921
1387
1004
911
4396
2307
4396
1965
1721
1869
932
2521
578
2738
4396
740
2442
2580
4293
158
1164
753
2697
1936
2465
2630
2508
1988
4538
4349
2493
577
577
2460
2338
615
4303
753
4339
4197
2440
1469
1965
4352
2826
4333
4293
1518
972
2334
2444
2444
2444
2385
2444
2458
2207
1791
1721
4428
4428
1170
1670
1987
1987
4293
1721
4393
2785
1936
2027
1256
1987
4197
4428
4995
1170
1518
2018
2539
2508
1791
951
1703
2007
2517
2076
4352
2634
2007
2018
2565
1170
2465
2577
2473
2473
1439
2959
3521
2005
2473
2630
2476
1257
1256
2644
4426
4479
4193
2597
3940
2061
985
1004
821
752
2074
2027
1249
1888
4271
4428
3441
3380
512
4303
2167
2378
2457
2378
2630
1256
1256
2647
4991
2631
3409
2011
2757
2517
1713
2409
2647
2647
4538
4525
4337
4586
4420
4586
4496
4524
4454
4548
4538
4465
4271
4428
2497
2692
2693
3559
1377
1718
2282
2690
2690
2314
2159
2612
547
4254
4293
1818
2046
2027
2644
4329
2672
2672
2947
2537
2947
2563
2564
2718
1004
512
753
4336
1670
972
4644
2738
2642
4888
2647
2952
2952
2648
2905
4985
4538
4423
2032
4254
1819
1791
2072
2905
2595
4193
4479
4336
4254
1005
1387
1005
972
1987
2057
4293
2703
2647
2647
4393
4538
2983
2677
972
972
972
1164
4196
4196
2518
972
4985
4991
4538
3683
752
4196
4196
4254
4196
559
559
2703
4352
4193
2564
1004
4254
4336
4254
2065
2649
2707
2647
2952
2707
3310
2952
2648
2952
1897
2234
2678
3318
3754
3716
3223
3182
2502
1987
4393
1523
2692
3748
2822
3430
2676
2822
3719
2949
3575
3751
827
2852
2717
2949
753
821
1999
2282
2540
1523
2836
3504
4254
2378
1819
2703
2649
2954
2954
2954
3021
3700
4140
4172
3101
3101
3079
2859
1897
2173
2945
2945
2564
4289
2776
1994
2115
2314
4397
3295
3297
4479
974
2378
2833
2986
2159
2336
1897
4329
2826
3172
752
2137
2985
4072
1259
1262
1262
2771
2771
3199
3283
3412
2766
3259
2766
3544
2753
3264
3893
3759
4051
4051
3858
3564
3583
4887
2114
2674
2826
752
1741
4254
2777
2771
3437
3437
3534
2767
2766
3557
2753
3524
3289
3381
1262
3288
3146
1263
1263
1999
2046
436
2739
4288
972
4881
2461
2722
3003
2789
3902
3877
3877
4329
4196
2137
2166
2137
4548
3080
3466
2808
3181
3567
3317
2810
4148
2809
3466
3298
3046
2809
3567
2821
3332
3669
3273
3254
3748
2820
2679
3944
4196
4288
4196
4196
821
2065
2066
2834
2517
2897
3024
2839
3265
2840
4125
4125
4051
3533
3346
3487
3147
3147
2843
1741
4586
2679
4337
2137
4881
3101
3101
3101
3078
3101
3101
3101
3071
3101
2954
2954
3101
3101
3466
2938
3101
3101
3101
3434
3252
3087
2887
3243
3364
3655
3741
3475
3101
435
3116
2962
3278
3561
972
2730
1263
2057
3078
3101
3101
2954
3101
4586
4720
3466
3466
4193
3466
4196
821
2985
2764
3256
2764
3143
2771
2771
2506
2057
2903
1263
2964
3101
2927
3266
3864
3012
3104
2931
3299
2932
3761
2711
2929
4025
3675
3015
3101
4406
4295
2444
4193
4193
2682
3023
2821
550
1164
2902
2954
3310
3101
3466
3181
3080
3750
4288
2776
3041
2517
4254
2282
2954
4479
972
1741
2057
3310
4479
4354
3101
3181
3172
2822
1710
2846
2846
3256
2846
2985
2743
3064
3310
2282
3101
4193
4425
4193
4193
3318
821
2605
2938
4193
4193
4193
4337
1263
2743
3370
4133
3755
3009
3010
3008
4168
3013
3477
3252
2719
3754
3143
557
2771
2282
3071
3021
2718
3253
2138
2489
2557
1516
1515
3186
4420
3310
4420
4586
4193
1164
4196
3146
3018
4193
2687
2776
3310
2690
3767
3047
4165
3434
3466
2166
1263
4420
4197
4193
4193
4197
4288
4196
4196
2834
2233
2385
2385
3310
2926
4193
2489
3310
2336
2890
3512
3467
3434
3466
3748
3539
3562
3083
3185
3273
2444
2888
2894
4479
3466
4288
4196
3108
4420
2199
3478
3478
3328
2541
2556
3102
3906
3603
3728
4120
3576
3430
4288
3007
2690
2928
4344
436
4075
435
3751
3547
3692
3118
4125
3265
4337
2605
2144
3330
2591
2591
3543
1263
2385
2444
2234
2839
2058
3279
3201
3147
3147
3147
3147
3147
3497
3497
3147
2114
3147
3371
3147
2385
3582
2934
2385
1724
2781
4197
2597
2207
4298
4298
2896
4288
3162
2841
3163
3009
3164
3166
3346
3147
2385
3576
3081
2822
3199
3333
2936
3478
3478
3294
3300
3179
3466
3317
3522
3513
2516
1711
1712
3339
3148
4197
4298
4196
4337
2138
2801
3839
431
3654
2558
2846
4288
4288
3147
2441
2444
2444
3474
3656
2892
3149
2444
3243
3481
3212
3483
4189
4189
3247
3218
3218
4129
4190
4109
4109
4085
2890
2516
3280
3437
2771
3411
3411
3395
3310
2444
2444
2458
2458
2444
2444
2458
2458
2458
2444
2737
1031
2591
2541
2690
4193
3206
3405
3480
4085
3452
4128
4139
3785
3785
3452
4181
3751
3683
4196
3381
3532
3532
3544
3261
3259
3534
3395
2766
3261
3549
2753
3893
3858
3773
3010
3767
2458
2179
2444
2458
4193
3242
2762
3286
2489
3205
2737
2458
3188
3576
3260
3497
3289
3284
3284
3524
2842
821
3497
3497
2458
4298
3365
4155
4137
432
432
3866
3663
2931
3659
3659
3300
3786
3786
4067
4102
4147
3301
3857
3305
3305
3786
3484
3481
2687
3083
3307
2771
3437
3497
4196
1031
2207
4298
4298
4276
4276
3317
3567
3576
3497
3497
2207
4196
2458
2207
2541
2541
2541
2597
3328
3440
3424
3437
3534
2771
3437
3437
3260
3395
2767
3259
2767
3262
3263
3568
3335
2756
3676
4196
3431
2710
3475
2207
4298
3478
3437
1710
3497
3371
2842
4196
2458
4196
4298
3656
3775
3727
4117
3791
4087
4190
4129
3218
3785
2892
3418
3365
3547
3716
2456
3167
3370
4288
3083
4196
2207
2207
2597
3211
3669
2664
2842
4196
2597
4288
2207
4196
4196
4298
2207
2207
3478
3478
3328
3519
3699
3369
3108
2767
3348
2207
2557
4196
4196
4298
2541
3694
3694
3566
436
432
4075
3159
3754
2730
3414
3532
3532
3873
4196
4196
3694
3419
3871
2349
3531
3909
3422
3519
2137
2138
3412
3506
3426
3201
3442
3440
3508
3686
1704
3260
3506
3426
3102
4053
2676
2590
3524
3412
3412
3289
3524
3532
2141
2541
3440
2664
2516
3335
2557
2541
2781
2541
2557
3073
3908
4147
4086
4086
4109
3849
3667
3667
3667
4183
3702
3480
3702
4189
3247
3520
3745
3465
3465
3512
3433
2166
3891
3534
3259
3261
3540
3261
3431
3134
3372
3740
3922
2935
2541
4276
3478
4086
4155
4189
3247
3394
3244
3419
3745
3679
2742
3487
3488
2591
2541
3328
2968
3480
3864
3328
3419
3212
2676
2842
3258
2781
3908
3247
3785
3247
3566
3077
3699
3544
3569
3263
3569
2753
3264
3893
3893
3118
3508
4276
432
3306
3465
3567
2555
3655
2541
2541
4189
3358
4189
3785
2825
3522
4053
3008
3532
3570
2766
3431
4085
3247
3218
3520
2762
3570
3557
3532
3685
3685
3358
3247
3871
3848
3570
3656
3685
3424
2766
3544
3264
3545
2754
4013
3117
3570
3570
3544
3583
3908
3678
3733
3429
3944
2797
3557
3544
3759
3135
3558
4086
3705
3849
3686
3567
2590
3473
2755
3564
3553
3485
1704
3544
3550
3549
3557
3472
4075
4075
3328
2541
3085
3748
3841
3930
2825
3487
3477
3686
3695
3785
3785
3785
3785
3785
3667
3785
3785
3248
3248
3248
3248
3248
3248
3248
3248
3248
3248
3248
3785
3667
4935
3667
3667
3667
3667
3667
3667
3667
3667
3667
3667
3667
3667
3667
3667
3667
3248
3667
3667
3667
3667
3667
3667
3667
3667
3667
3667
3667
3667
3667
3785
3785
3248
3785
3667
3667
3667
3667
3667
3667
3667
3667
3667
3667
3667
3667
3667
3667
3667
3667
3667
3162
2139
2590
2141
3775
3775
4075
3452
3785
3785
3785
3785
3785
3667
3785
3849
3667
3309
2963
3667
3667
3785
3785
2555
2755
2755
4075
4181
3785
3305
3305
3679
3845
3667
3667
3304
3746
3685
3727
3695
4181
3667
3667
3667
2810
3254
2753
2558
3263
3718
3264
3264
3718
3357
3527
3667
3667
3667
3848
3781
3782
3908
3791
3526
3785
3842
3361
3667
3667
3667
3667
3667
1704
3273
3718
3514
3667
3667
3785
3785
3667
3785
3659
3911
4135
4096
4095
3728
3667
3667
3667
3667
3561
3081
3667
3667
4129
2851
3758
3759
3667
3667
3785
3792
3166
3307
3224
3420
3686
4085
3704
3085
3667
3522
3755
3756
3888
4056
3922
3254
3488
3733
1708
3849
3667
3667
3011
3718
3264
3264
3264
3785
3667
3667
3571
3467
3773
3667
3727
3264
2741
3429
3785
3663
3682
4069
3759
3946
3785
4109
3785
4052
3761
3789
4124
3911
3787
4166
3862
4071
3793
2825
3667
3667
3667
3667
3667
3667
3667
3667
3667
3667
3667
3667
3667
3667
3667
3667
3667
3667
3667
3667
3667
3667
3667
3785
3785
3785
3785
3785
3667
3667
3667
3667
3667
3667
3667
3667
3667
4154
3163
3165
2754
3192
2801
1707
3760
3858
3785
3868
3906
2825
432
3913
4129
4172
3791
3839
3852
4085
3667
3785
3749
4101
3994
2840
3841
3304
3913
3163
2141
431
3893
3003
553
3785
3785
3785
4125
3667
2851
4075
4075
2797
3025
3509
3839
3852
3839
3194
3548
431
431
3839
3785
3785
4183
3785
3887
3218
3779
3667
3858
3785
2840
4051
2825
4137
3883
4294
3667
3667
3727
3025
4218
2851
3328
2840
3717
4075
3862
3667
2558
3357
3452
3452
4067
4067
3433
4059
4060
4175
3667
3667
3667
4136
3727
4025
3357
3785
3545
3667
3667
3667
3667
3667
3768
3852
3902
3900
3900
603
4489
386
4360
484
2825
2840
4059
3667
3946
3457
3248
3248
3248
3248
3248
3667
3667
3667
3248
3667
3667
3667
3667
3667
3667
3667
3667
3667
3248
3248
3248
3667
3667
3667
3248
3248
3248
3248
3248
3248
3248
3248
3248
3667
3248
3248
3248
3667
3667
3667
3667
3667
3667
3667
3667
3667
3667
3667
3785
3787
3361
3667
3457
3457
3457
3457
3248
3248
3248
3248
3248
3248
3248
3248
3248
3248
3785
3027
3202
3509
3791
4067
4154
3457
3457
3248
3248
3248
3248
3248
3457
3457
4026
4083
4125
3785
3902
3849
3667
3667
3457
3457
3457
3457
3457
3457
3248
3248
3248
3457
3248
3248
3248
3727
4140
4124
4051
4051
4052
4125
3906
3913
3667
3248
3727
3357
4136
4059
3360
3457
3457
3946
4087
2932
3218
3667
4218
3791
3009
3883
3785
4218
4136
4183
3944
3667
3667
3667
3667
3667
2929
3785
4167
4129
4167
3785
4058
3846
4106
3667
4129
4218
431
431
3727
4134
3667
3785
3452
3785
4088
3787
4102
3902
4106
4148
3914
3667
3457
3457
3248
3457
3248
3509
3509
4117
4188
4075
4183
4025
3852
2825
3457
4124
3009
2825
3667
4139
3219
3667
3667
2929
4182
4166
3785
4136
4075
3667
3849
4148
3667
3667
3667
3667
3667
4182
4148
4182
3930
3853
2825
3301
3912
4182
4139
3902
4128
3667
3667
3667
4139
3667
3667
3248
4204
4190
3667
3755
4122
3667
3457
4219
3667
3667
4190
3667
3248
3248
3248
3248
3248
4089
4168
4128
3667
3667
3667
3667
3667
3912
4122
4109
3667
3865
3866
3882
3900
4011
3866
4489
409
126
87
87
55
255
3900
4148
2825
3883
3667
3248
3248
3248
4116
4116
3359
4148
4175
3667
3248
3248
3915
3667
3248
3248
3248
3667
3785
3248
3248
3248
3248
3877
3248
3785
3667
4218
3877
4943
4943
3877
3877
3902
4218
4489
4365
4365
4366
4646
81
4443
4443
491
80
484
3866
4940
395
79
4011
3943
4489
4489
3667
3248
3248
395
80
3248
3248
3248
4192
3667
3667
3248
3248
3248
3248
3248
3248
3667
484
3248
4943
4443
4192
3667
3667
3667
439
4489
4489
4365
4443
484
71
3866
3883
395
3882
4489
4646
4956
4294
484
484
3667
3667
4489
439
3248
3667
3248
3667
3248
3667
3667
3667
3667
3667
3667
3667
3667
395
4489
3667
3667
4489
3667
4489
4489
484
484
484
484
484
484
484
4443
464
4443
4614
79
4487
79
79
79
4485
484
464
484
4460
4367
4460
4366
4460
81
264
4733
490
363
255
298
298
255
4647
4600
4647
127
127
127
1
16
115
470
4618
4618
4762
4762
4502
51
16
181
311
4769
79
79
501
404
404
79
255
255
87
255
255
87
386
79
87
80
265
79
255
4638
4460
4599
504
4460
81
192
370
368
490
490
4444
4687
4687
81
4460
484
81
4460
4460
4646
4443
24
504
501
321
490
79
4646
79
4443
4460
368
87
79
4624
363
81
191
4460
370
4460
360
4366
4461
4625
192
4460
370
4444
360
4609
17
84
136
120
470
444
311
115
189
115
189
189
115
182
125
16
4647
4647
1
55
300
346
296
4460
67
4733
4668
79
255
255
255
126
71
4461
4687
363
255
127
4461
4647
85
17
360
71
311
4378
4378
4378
4762
131
16
470
470
125
122
252
16
444
118
310
88
4463
189
288
51
189
252
97
4760
311
4687
4647
35
87
290
4378
198
4760
87
357
79
71
51
17
17
4760
444
18
311
255
470
444
16
16
16
414
4760
128
255
272
470
16
17
128
4378
255
16
4647
4647
4773
4687
133
16
272
127
4609
16
16
87
4647
4955
87
4647
121
4760
197
1
17
127
137
501
255
4647
17
87
121
16
4647
136
4647
4647
208
16
16
252
298
255
131
4728
4762
4378
4647
17
4647
16
4647
298
353
130
4647
4378
4955
4647
137
137
97
16
16
17
255
4647
4647
4647
4719
255
255
363
4502
4502
115
198
260
131
131
260
131
260
260
260
131
127
16
4647
4647
4695
260
162
55
1
4647
1
255
127
4955
4694
4694
288
4762
288
4502
4694
4762
4378
272
272
4647
4573
4694
4694
4682
16
1
4647
4647
127
16
255
4695
260
115
131
135
470
270
131
131
131
270
1
16
470
1
137
4647
131
4647
476
4762
476
4694
4647
288
255
298
127
255
55
288
131
260
127
4695
4647
4647
55
270
131
131
469
1
1
1
127
4694
260
1
260
1
1
4728
4694
16
198
4762
131
131
131
260
120
209
4379
4379
4525
4494
4526
4379
4379
4379
4379
4379
4379
4379
4379
4379
1352
4216
4222
4932
4932
4932
816
676
4969
4968
4217
4217
4041
1036
4209
4230
704
946
4967
4269
4967
4269
1145
707
4177
993
993
994
991
4968
1239
4216
4811
1161
4832
4832
3597
1209
1156
948
1214
1352
1236
1036
4209
1211
681
681
1158
4967
4269
861
1209
1239
1178
1236
674
4967
889
4828
686
1178
1145
4265
684
692
4932
1178
1214
3597
4479
939
1575
230
1575
4257
1965
4293
4414
4406
4337
4397
4948
4397
3080
3101
3310
3310
2982
2982
3310
3310
2958
2859
2954
3080
3080
972
3147
2444
3667
3667
3667
3667
3667
3248
3248
3248
3248
3248
3667
3667
3667
3667
3667
3667
3667
3667
3667
3667
3667
3667
3667
3667
3667
3667
3667
3248
3248
3248
3248
3667
3667
3248
3248
3248
3667
3248
3248
3877
3877
3900
3839
3839
3194
3194
3839
3248
4760
4760
4762
4378
179
17
251
4694
4762
272
255
3667
3667
1156
1239
1239
1154
1239
1228
1239
4216
4985
3079
3101
3078
2954
2952
3049
4985
2952
3181
3181
4985
2958
2952
2959
2958
3101
3049
3078
3049
4985
4985
3078
3078
3078
4985
2958
4985
4985
4985
3101
4985
3049
3101
2958
4985
3049
2958
2958
4985
