132
4775
333
54
54
345
213
180
453
386
349
349
349
72
294
128
101
101
280
68
221
4785
236
35
67
102
91
50
90
210
188
210
236
263
65
15
278
231
4786
71
354
375
310
257
345
256
345
333
221
231
231
91
88
88
87
86
86
13
86
87
50
88
88
62
149
65
61
235
98
67
149
67
210
332
20
61
273
350
333
231
91
50
48
91
231
183
221
4785
186
68
4785
91
4786
183
231
185
50
50
91
91
31
236
221
221
221
91
183
231
231
71
354
10
181
454
11
173
715
668
670
402
309
397
91
236
236
273
4
5
183
34
65
333
149
236
102
188
188
89
102
188
74
50
64
48
48
50
254
254
128
128
48
48
50
87
4782
4
71
350
333
231
23
37
4
349
5
354
8
309
243
206
398
310
398
398
398
457
471
471
471
600
1500
407
387
479
460
384
267
223
471
297
46
313
383
383
386
236
231
231
231
89
5
4786
333
333
188
283
240
346
231
62
293
149
283
91
188
83
23
213
229
259
91
333
240
107
313
454
175
12
464
240
50
50
293
290
257
88
73
4782
98
332
72
333
10
91
88
87
293
54
278
283
349
8
125
88
48
180
72
397
454
454
88
87
98
332
4775
350
350
347
347
7
7
345
291
102
7
354
454
336
50
231
188
332
254
235
254
254
158
72
72
72
368
354
256
333
175
88
125
313
88
6
345
214
293
278
62
62
50
397
313
54
454
454
89
101
101
354
309
101
354
43
257
128
128
384
396
458
115
602
1282
1480
1374
1375
1375
1284
2800
3741
327
327
4243
3891
3640
3562
3942
4372
4915
4202
3583
3583
4278
89
89
54
314
13
375
214
384
396
396
585
460
396
173
1281
1281
1283
673
174
174
54
347
54
347
9
88
89
52
101
13
54
314
264
50
48
13
89
61
7
461
101
52
309
9
401
391
165
74
101
72
158
52
101
11
101
101
291
102
87
52
254
254
74
74
177
464
332
206
402
206
401
165
398
165
1160
675
206
174
374
310
374
259
261
402
206
401
206
206
165
165
165
177
454
309
383
291
463
398
398
402
457
374
374
371
401
165
401
475
165
165
387
1502
1426
1454
1424
1812
2660
2907
2558
3308
2674
3859
3609
3796
3422
3415
3415
3323
3323
3323
2748
3378
3378
3222
2725
2724
2725
3221
2923
2871
1704
1704
2183
1297
1340
1963
2466
2265
3487
2952
2188
1933
2408
4968
670
475
463
476
471
398
116
398
165
398
398
165
398
398
616
398
374
165
173
717
471
475
475
386
115
1497
475
715
1281
825
386
471
398
165
165
401
670
173
172
172
11
475
475
475
471
487
401
165
398
475
475
471
462
670
398
165
398
398
475
401
167
165
401
115
825
1283
1284
1281
1284
401
4831
632
731
555
566
4814
632
557
4838
4814
557
557
779
779
635
987
987
4825
800
800
861
815
816
1329
1366
1364
992
910
923
860
737
1015
924
1028
1046
567
567
4836
4836
557
604
557
4816
4836
1006
4814
4836
4814
1007
165
471
670
557
508
987
987
577
643
779
779
779
779
635
778
716
755
756
557
779
779
4825
755
804
1237
471
636
340
4860
1818
1794
318
4831
4831
632
4831
632
632
634
634
555
632
4814
165
206
401
401
471
4831
4814
4860
634
639
639
634
634
779
779
600
1541
316
1383
1284
4814
4831
4836
4836
778
567
4814
567
778
779
779
779
779
779
398
165
557
779
755
639
755
756
4814
4814
4836
567
4814
4816
4816
558
4852
532
823
4840
4793
636
596
4814
471
165
167
741
1498
607
741
115
4865
1476
1512
1426
4814
602
340
1282
4862
1374
1383
741
716
755
1547
1281
779
779
171
173
607
4806
4814
1007
1007
1007
503
556
558
4813
1525
2009
1500
2009
1425
549
607
646
825
4862
1545
716
4814
4814
1007
480
721
4817
4837
720
1541
558
500
508
778
773
4793
4834
1080
1062
1129
1217
768
784
316
1030
824
1491
700
500
1004
1003
558
4816
777
1741
825
4790
726
582
4816
777
590
784
646
4838
1007
1022
1545
1626
1293
777
1056
1057
643
4952
641
4834
985
1128
1003
677
767
764
763
1056
1242
1741
1524
2067
2156
2758
2678
1492
1741
790
1524
2067
2462
824
1128
1239
646
484
590
1438
1646
764
582
822
507
776
641
768
800
740
804
604
784
763
577
662
560
790
790
706
1559
1547
1480
1375
1375
1545
829
1128
780
780
2015
2128
3239
2734
2714
2539
2158
3354
3027
2927
3202
3385
2664
3258
3107
3317
3013
3067
3203
3167
2245
2528
2989
3013
662
662
1128
1062
1128
571
786
834
864
582
995
1021
529
529
966
924
1015
925
992
529
918
780
736
878
1027
1469
1804
1516
926
941
885
885
1583
882
882
1733
882
1489
1201
1538
1806
1807
1893
1917
2390
2145
878
869
875
914
1027
860
860
860
832
832
996
1027
1683
1452
529
529
1037
529
966
1015
736
1016
908
1204
1015
992
874
1195
908
1022
918
529
877
910
910
814
740
1065
1501
878
918
1067
1275
1554
1274
931
1085
1553
1802
976
1461
1420
950
952
1581
1889
954
2090
1996
1810
1800
1553
1081
992
936
1357
817
1498
824
940
1275
1274
1804
881
1733
1804
1500
878
4825
4825
1017
1451
527
804
662
643
577
1059
4947
641
510
556
556
796
1741
1085
486
2391
1438
1406
1403
736
736
736
736
1018
1069
1295
4828
4947
4947
4947
1062
879
972
1027
966
877
531
318
1818
1491
4842
869
905
875
1021
1150
1016
770
1319
1138
1139
1206
1365
935
1310
1356
921
931
1293
913
737
1329
740
740
560
4822
4946
4842
581
1057
4953
1085
4952
4851
1359
1016
1085
885
874
1065
4947
1553
1695
1553
1553
1027
930
972
1295
1206
1207
4947
930
1333
962
1333
1118
1338
1313
1313
2403
1898
2453
1097
2598
2575
2575
2482
2448
2569
2880
4882
3023
2961
2929
1109
3082
3191
2880
2483
2575
2575
1271
1316
4946
737
1038
1121
1019
1069
527
874
1243
1272
1609
4829
4844
4953
1316
1219
1167
1266
1908
4952
4819
517
816
864
976
981
981
885
1459
1149
884
1146
883
737
1231
1168
1364
1206
1206
943
1810
1273
1272
1508
1768
1471
1116
1188
1537
1198
1089
4823
1366
885
1044
1553
1553
1273
1741
790
1159
1337
1297
1762
1519
1159
1609
1500
1074
1116
1177
885
976
885
1036
1193
981
1593
1121
1122
1049
936
1272
1334
1199
1201
1037
922
4844
1217
1358
4856
970
940
976
1366
834
865
1139
1092
1275
2020
1471
1355
4951
1186
1042
1553
1334
1810
888
1337
909
1554
2009
1524
976
1286
1384
983
976
1465
1366
834
1492
1236
1231
1187
1363
1338
1524
1741
2010
887
1302
950
950
4848
1162
1375
1250
2660
2656
3576
4289
4327
4915
4298
4485
4342
4476
4591
4591
4591
4581
4447
864
1065
935
1350
1139
976
1183
935
816
820
1800
1471
1275
1274
1469
1750
1034
4951
1226
4823
1513
1513
1513
1513
1513
1407
2146
1821
2655
1038
909
864
1721
1297
411
2360
2015
523
525
1338
1952
2584
2453
1554
1300
948
1200
1359
1642
1507
1148
981
1642
1580
882
957
2391
936
1093
1271
2395
1600
1340
1353
4823
981
1593
1464
1583
1593
882
1733
1593
1489
952
1327
1289
864
1553
982
983
1846
1609
1519
1297
2052
1919
1919
1298
2575
1216
1726
1291
1148
1489
969
1355
866
864
1362
1414
1414
863
1369
1439
864
1810
1291
1424
1551
1407
1743
1743
1685
2047
1445
1467
1365
1363
962
882
882
1507
1734
1610
1610
2308
2608
1614
2777
2824
1403
1445
1813
1409
1941
2611
3035
3085
970
909
1313
1319
1583
1593
1019
1376
2014
1573
1613
816
1083
817
815
1437
1821
1389
1019
1554
1182
1248
1484
1708
2498
2611
2715
1364
1587
1387
1591
1551
1148
882
881
1507
1148
1747
1248
1723
1124
524
1810
1273
1816
1816
1274
1274
1816
982
869
905
1236
1610
2035
1593
1593
1803
1278
2023
1437
982
1816
1554
884
982
790
2067
1402
1425
2009
1554
2308
2308
1708
1311
1516
1273
2067
1754
2308
1376
1169
1288
928
1094
1952
1519
2308
2411
2308
2182
1297
1342
440
1520
2391
319
2714
319
1216
1319
1187
912
1402
1474
1693
1454
1610
2035
1180
1811
1274
1748
1469
1123
1884
1180
1342
1784
2343
1904
2014
1568
2672
1377
1446
1747
883
1750
881
1581
1846
1153
1515
1319
1747
1747
1178
1274
1034
439
1511
1638
1179
413
1801
1958
1665
2939
3408
3586
2879
1619
3111
2986
1728
1169
1328
1856
2067
1884
1884
2581
3354
1776
1377
1636
1507
1803
1588
2420
1314
1286
2034
2056
1610
2060
1710
1637
2093
2954
2945
882
2344
2611
2812
1179
1979
1611
1840
916
1784
1387
1195
1812
1748
1953
1702
2061
2130
1939
1844
2172
2130
1653
1992
2064
1132
2065
1163
2665
1274
1727
882
2000
1936
1311
1292
2057
2443
2462
2034
1743
1717
1544
1750
1353
2716
1423
916
2343
1939
1774
1964
1910
1313
1315
1844
2182
2774
2676
2578
2129
1581
1774
1345
2046
1748
2344
1288
1134
2344
3239
3861
2714
2665
983
1274
1274
1328
1035
1444
1277
1952
1749
1238
2560
1940
1569
1937
2624
2653
2801
3245
2042
2384
2001
1298
2448
2482
2001
2448
1985
1581
1449
2089
1952
1287
1804
1749
1749
1133
2655
2755
2352
1763
1673
2716
1870
881
3120
1994
1846
2714
1581
1308
882
958
1517
3861
3936
327
3935
3741
3741
1449
2055
1953
1538
1292
1444
1540
1836
1807
1932
1931
2390
1914
1817
2403
956
2400
2013
1904
1928
1963
1608
1766
1581
1736
1793
1599
1506
1765
2442
1096
2030
2445
2738
431
1133
1277
1851
1675
1910
1163
1675
1449
2694
2321
415
2673
2856
2978
2534
1514
2716
2672
3120
1759
2495
1974
2093
1403
2714
2034
2714
1608
2024
2608
2030
2447
2468
1978
2447
432
2565
1846
2678
2714
2714
1788
1135
1939
1866
1867
2678
1403
1944
1944
1298
1664
2472
1581
2321
2642
2716
2696
1614
1885
2400
2568
2013
2822
1830
1403
1538
1599
1850
1979
2672
2676
2678
2445
2629
1403
2399
1830
1318
1910
1946
1807
1932
2041
1932
1964
2134
2383
2466
2758
2980
2800
2355
2355
1298
2204
433
2061
2503
2593
3137
2534
2558
2047
2466
2355
2463
2074
2077
3311
2740
2740
2974
2565
1867
1940
1863
1739
1722
1599
2353
1830
2245
3013
3013
3109
3068
2255
3385
2528
2245
2245
3013
3013
2245
2989
2245
3167
3013
3013
3167
3013
3109
3109
2709
2709
2245
2245
3167
3013
3013
2245
3013
3013
1908
1277
1675
2938
1252
2777
2503
2445
1923
2310
434
3013
3013
3013
3294
3109
1136
1506
1835
1835
1946
1540
2395
2520
2245
3109
3109
2245
3167
896
2557
448
2997
3459
3046
2824
2608
2980
3109
2977
3109
3109
3068
3068
3013
1991
3457
3245
2568
3026
2581
3013
3109
3109
3013
2245
2655
2997
2061
1830
3109
1760
2550
3385
3385
2528
2245
3013
3167
2345
322
321
1664
2518
1096
1298
3294
2485
2549
2279
2279
2599
2989
2989
2116
3202
3294
2678
3109
2678
2989
2525
2650
2989
2989
3067
3294
2245
2211
4874
2547
3014
3014
3045
3014
3154
3154
3154
3014
3014
2989
2989
2989
3067
3045
3048
3048
2989
2989
2989
2714
2528
3060
3121
3936
2263
3317
3154
3154
3154
3154
3154
3154
3154
3014
2625
2568
2487
2331
2333
2859
2648
2613
2626
2228
2528
2521
4877
2599
2989
2987
2987
3156
3014
3045
3045
3045
3109
1315
2389
2338
2338
4992
4965
2338
4965
2521
2245
2581
2581
3109
3013
3109
3013
3109
3013
3069
3936
2306
415
3167
2989
1831
2448
2989
3109
3109
3109
2989
3067
2245
2245
3067
3741
1835
446
2468
2520
2711
2487
2701
2980
2709
2550
3027
3027
3385
3026
3013
3203
3067
3067
2989
3067
3067
1891
2143
1930
2652
1252
4118
3663
2279
2199
1877
1989
328
2021
2352
1618
3294
2357
2989
3050
321
3013
2989
1164
1760
2477
2257
3372
2239
2397
2422
2422
2324
3141
3238
3372
2207
2207
2277
2227
2467
2422
2436
2436
2329
2327
2989
2989
2708
1831
3027
1875
3027
2255
1735
1835
1675
1946
2513
2463
2001
1096
2340
2338
2338
3258
2149
2429
3008
2493
1831
2495
899
3027
2989
2989
3203
3121
2454
2454
2643
2038
2454
415
1665
2274
2207
2429
2234
2493
2305
2291
3202
3067
1760
3295
2599
2328
2158
2983
2270
3063
2603
3063
3154
3154
3027
2158
3109
2989
2330
2330
2552
2552
3366
3366
2981
2584
3026
2715
2663
1298
2575
3258
1988
2126
1910
2328
2552
2158
3366
1831
2448
2927
2989
3140
2939
3185
1621
3258
1806
2907
2994
2558
2539
2471
3046
2474
1098
1934
1931
2154
2927
1101
2575
1099
2204
2575
4875
3045
3045
3045
2611
2549
2418
2367
2590
2474
1898
2511
3258
2989
2647
448
447
3303
2354
2717
2810
2810
3036
2505
1098
2575
898
1916
3203
2514
2954
2877
2705
2291
2598
2989
2987
3160
2909
2987
2987
2987
2989
2987
2989
2989
2987
3013
3107
3067
2534
2536
3308
1099
2824
3144
3144
3144
3426
3506
2981
3242
1941
2038
2979
4874
2987
2579
3046
3046
3144
3144
3258
2693
2536
2558
2154
2325
2324
2379
2288
2062
2539
2575
2655
2677
1114
4992
4998
2294
2609
2609
2989
3067
2579
429
2158
3354
3354
3354
2338
1895
3067
2989
4872
2387
2648
2455
2333
2550
2932
2775
2987
2598
2598
2989
1941
3554
2751
2751
2603
2704
2704
2675
2737
3026
2145
2451
3035
2625
2414
2207
2277
2277
2539
3026
3861
3013
3067
4875
415
2418
2579
2539
2579
2574
2862
4963
2573
2862
2681
2574
4998
328
323
415
2644
2790
3297
3395
2499
2566
2718
3354
4875
2978
2673
2658
3034
3034
2658
2658
2656
2793
3420
2397
1924
2979
2422
2379
2948
3354
3414
3366
3429
3294
3067
3110
2228
2931
2568
2158
2679
2631
2681
2632
2684
3138
4174
3003
2637
4889
3109
3947
2982
3006
2558
2397
1616
2158
3414
3506
2989
327
3947
4875
2627
3047
2074
3026
3435
3789
3789
2673
2979
2207
3492
2810
2989
2757
2825
3155
3222
3096
2725
3189
3222
2748
2748
3397
3397
3397
3428
3557
2729
3748
3748
3556
2817
3748
2964
3115
2816
3229
3564
3569
2505
3144
1252
2467
2414
1617
2697
2825
3222
2725
2748
3378
3378
3397
3397
3428
3556
3556
3323
3090
2748
3240
3240
2749
2748
3155
3378
2959
1103
3366
3144
3517
327
327
2626
2432
2732
3007
3754
3897
3757
4930
4925
2480
3067
2909
3185
3716
3185
2989
2409
452
2844
2916
452
2902
2844
2843
3029
3004
3418
4220
2826
2844
2843
2788
2969
2976
3166
3029
2843
2867
3005
449
3134
3541
3755
3571
3756
3122
3576
2364
2756
2365
2207
2879
423
423
3947
1943
3219
3501
3518
4070
2964
2964
4070
3544
3099
3300
3118
3091
3096
3396
3203
2626
2626
2721
2158
2839
2838
4884
2835
2838
2882
2838
2976
2955
2834
2832
2883
2915
2955
2976
2882
2914
2831
3128
3139
3307
2848
3389
3208
3437
3437
2835
3517
3072
2857
3072
3073
3553
2228
2158
1102
2861
3366
4959
2635
2635
2987
2838
4884
2934
4875
2826
2830
2971
426
2941
3188
2722
3189
2878
3324
2570
1103
2884
3318
2789
4206
3734
3783
3481
3752
3752
3931
3962
4222
4186
3967
3768
3125
2848
2910
2987
3317
3400
3067
1942
2906
2793
2547
2909
2635
2683
2933
2883
2839
2839
2865
4971
3352
2920
2455
2861
1620
3144
3144
2929
2831
2603
3037
2680
2631
2987
3048
3048
2838
2840
2840
416
3037
2875
2747
427
3357
2631
3366
3144
2987
3160
4875
3254
4880
2780
2736
3324
2884
3066
4875
4875
2860
2879
2961
3681
4092
3529
3001
2966
4127
3807
3469
2987
2916
4891
447
2973
3366
3414
2848
3254
2536
3085
3715
3537
3562
3537
3555
3018
3160
3160
2987
3160
3160
2648
2704
2872
3317
3396
2423
3414
2884
3138
3003
3168
2915
3393
3185
2570
2523
3317
3045
3048
2229
3014
3154
2675
3089
2981
2981
2983
2603
3022
2684
3317
3459
2933
323
3646
3040
3260
2845
2976
2915
2843
3575
3219
3087
3088
3685
3063
3128
3174
3317
3048
2909
3014
3408
3087
2230
3048
3862
3642
3891
3426
3144
3040
3377
3377
2893
3728
3962
3938
3554
3420
2736
2684
3426
3166
3045
327
4178
3938
2793
3527
2814
2646
2814
3075
3818
2814
3753
2908
2270
2909
3537
3642
3891
3426
2756
3023
2270
2603
3365
3014
3358
3088
3290
2881
1110
4882
1105
3097
2881
1103
3191
4882
3082
3023
3166
3967
2982
3506
3640
3045
3154
3154
3045
4875
3014
2961
3681
3117
3117
3112
4199
3117
2817
3117
3117
2817
3117
3325
1110
2981
3554
4203
416
427
1110
3404
3691
2848
3206
3474
2893
3880
3129
3509
3131
3005
416
3484
3416
2898
3404
3154
3045
3014
3014
1616
3788
3912
3145
3767
2270
3096
3358
2230
3312
4883
3537
2909
2270
3166
3423
3412
3431
3063
3045
3207
3453
3453
3453
3689
3177
3452
3540
3498
3697
3697
4242
3446
3927
3647
3364
3396
3378
2725
2748
2746
2724
2725
3378
2724
1106
3154
3154
3154
2270
3063
3154
3154
3154
3063
3350
3154
3640
3537
3045
3207
3474
3526
3540
3216
3798
3446
3704
3497
3216
3364
2844
3395
3014
3155
2750
3240
3095
3428
3397
3397
3397
3397
3323
2748
3323
3397
3428
3556
3224
3557
3557
3544
3785
3353
3001
3794
3154
2270
3154
3160
3045
3073
3484
3240
3090
3537
3154
3063
3508
3131
3226
3090
3247
3247
3247
3094
2270
3091
3247
3154
3154
3403
3154
3475
3515
327
1253
3921
4133
3265
3566
3752
3566
3480
3752
3454
3455
3792
3456
4094
3665
3930
4131
3456
3744
3744
3455
3455
3454
3743
3454
3480
3476
1253
3014
3694
3378
3378
3098
3154
3154
3154
3014
3045
3935
4191
3418
3055
3005
3492
3095
3154
3154
3154
3154
3154
3426
3640
3045
3891
3508
3413
2725
2748
3222
3378
3323
2748
2748
2748
3323
3323
3397
3224
3224
3227
3434
2731
3154
3318
3537
3154
3154
2976
3378
3378
3464
3099
2898
3014
3154
3154
3045
3411
3438
3702
3816
4052
3873
3954
3180
3341
3697
3516
3342
3176
3474
3474
3474
3474
3073
3546
3073
3073
3425
3492
3356
3023
3014
2230
3014
3154
3154
3045
3486
3207
3541
3394
3095
3045
3014
3014
3045
3045
3154
3045
3045
3154
3154
3448
3891
3547
3674
2748
2961
3378
3323
3166
3014
3640
3154
3045
3154
3891
3533
3526
3473
3176
3689
3583
2856
3032
3132
2748
2748
3247
3397
3403
3014
3014
3014
3014
3431
3476
3752
3454
3474
3522
3014
3513
3524
3508
2795
3459
3397
3397
3415
3463
3403
3515
2814
3791
3564
3664
3717
3312
3427
3323
3514
3482
3127
3555
3323
3323
3323
3090
3397
3746
3176
3168
3677
3132
3397
2745
3422
3426
3640
3640
3562
3533
3665
3954
3647
3927
3775
3443
3443
4226
3213
3524
3524
3540
3498
3497
3526
3526
3930
3526
3482
3482
3716
3379
3323
3397
3397
3397
3316
3315
3332
3584
3532
3813
3437
4243
3524
3534
3480
3498
3565
3743
3454
3453
3526
3743
3515
3248
2818
3746
3547
3891
3665
3030
3524
3480
3454
3522
2748
3562
3703
3498
3497
3496
3743
3540
3298
3224
3397
3556
3543
3556
2729
3544
3748
2730
3934
3934
3231
3075
3555
4178
3921
3752
3260
3030
3585
3640
3640
3641
3524
3647
3496
3178
3031
3031
3948
3768
3094
3398
3585
3954
3177
3498
3540
3166
2818
3248
2818
3462
3438
3702
3954
3587
3474
3394
3323
3562
3702
3526
3298
3556
3556
3557
3557
3556
3568
3483
3665
3753
3746
3228
3690
2730
3454
3689
3546
3546
3072
3546
3419
3518
3232
3428
3224
3428
3568
3556
3690
2727
3496
3516
3546
3546
3546
3791
2646
2784
3767
2728
3505
3471
2857
3526
3500
2818
3397
3556
3771
3937
4114
4103
3496
3559
2658
3985
4294
2795
3967
3664
3896
3656
3588
3608
3864
4093
3949
3739
3616
3634
4329
3618
3618
4051
3618
3617
3618
3618
3343
3342
3481
3546
3561
3711
3679
3679
3679
3679
3889
3864
3764
3626
3679
3612
3821
4902
3630
3742
3679
3678
3889
3864
3626
3864
3820
3820
3343
3343
3653
3889
3626
3875
3719
3659
3679
3902
3902
3902
4073
3902
3902
3902
3902
3889
3889
3679
4202
3626
3356
3288
3555
3769
3702
3815
3771
3780
3552
3588
3588
3653
3656
3342
3343
3679
3516
3666
3889
3864
3654
4208
3746
3557
3229
3544
3587
3497
3454
3454
3455
3454
3455
3743
3743
3626
3864
3820
3744
3325
3702
4218
3315
3771
3679
3679
3626
3425
3786
3498
3968
3224
2743
3543
3544
3557
2728
3703
3796
3454
3786
3498
3864
3138
4067
3471
3873
3665
3552
3264
3342
3342
3820
3786
3864
4039
3820
3379
3717
3556
3544
3586
3572
3864
3608
3444
3709
3752
3752
3792
3962
3962
3806
4218
3931
3878
4037
3763
3626
4039
3820
2889
2814
3820
3820
3178
2797
3716
3965
2817
3626
3864
3709
3353
3567
3117
3685
3572
3572
3874
3564
3876
3455
3454
3343
3820
3031
3458
3500
3716
4066
3568
3568
3896
3455
3688
3498
3820
3654
3003
3557
3513
3704
3711
3749
3744
3753
4070
3820
3865
2817
3229
3856
4039
2891
3178
3710
3778
4095
3746
3780
4235
3792
3792
4094
3792
4094
3744
4165
3962
4094
4094
3558
3209
3714
4070
3297
4070
4151
3889
3889
3678
3889
3889
3889
3889
3613
3902
3902
3902
3698
4181
3698
4198
3888
4040
3698
3698
4198
3698
3902
3698
4119
3739
3614
3614
3939
3444
3709
3820
3444
3709
3820
3939
3889
3356
3117
3117
3113
3249
3748
3544
3544
3756
3038
3896
3934
3934
3934
3446
3075
2892
4203
3921
3498
3820
3873
3716
3854
3717
2816
3074
3614
3455
3456
4131
3785
3818
2794
3743
3509
3297
3113
3788
3746
2730
3770
3626
3796
3939
3709
3792
3864
3356
3754
4050
3921
3788
3038
3895
3148
3145
3944
3944
3944
3908
3686
3626
4116
3901
4127
3775
3776
3356
3850
4070
3818
2964
4202
4289
4251
3559
3707
4174
3746
3746
3850
4163
4091
3704
4070
4070
3726
3820
3568
3544
3873
3788
4116
3456
3792
3432
3130
3776
4131
3498
3889
4188
4270
4175
4138
3641
3630
3544
3659
3964
3679
3679
3777
3897
3854
4089
3977
3913
3145
3952
4340
3991
4445
4444
4327
4116
3785
2888
3658
3866
4049
3833
3782
4062
3782
3739
4902
4902
3821
3821
4903
4903
4119
4119
4181
3637
3637
4910
4904
4285
4910
4119
3964
4910
4903
4901
4901
3972
4034
3973
3618
4910
4913
4904
4239
4910
4910
4910
4910
4181
3637
4181
4073
4073
3902
4073
3902
3739
3873
3780
4094
3707
3864
3719
3633
3633
3634
4904
3973
3973
3973
4904
3610
3739
3610
3746
3746
3866
3665
3792
3932
3719
3781
3620
4051
3782
4057
3632
3923
3812
3731
4052
3704
3744
4291
3709
3889
3710
3923
3970
4113
4122
3923
4113
4899
3833
3633
4051
3782
4318
4187
3731
4052
3544
2964
3718
2784
4070
3056
3709
3930
2967
3806
4088
3962
4205
3929
4131
4113
3681
4165
3647
3962
3792
3930
3864
3971
3921
4092
2794
3942
4184
3665
4168
3820
3902
3889
3939
3889
4206
3777
4242
4242
4242
3802
4098
3766
3775
3211
3697
3746
3746
3746
3944
3963
4147
4224
3841
3949
3625
4130
4094
4216
4216
3558
3852
4247
3960
2794
3776
3709
3923
3632
4057
4058
4060
4057
3746
3944
3587
4222
4070
4070
3802
3976
3986
3113
3218
3774
3776
4129
3179
3442
3889
3889
4128
3529
3906
3340
3558
3519
3056
3775
3211
3766
3997
3709
3939
3888
3889
3709
2785
4214
3860
3985
4129
3875
3058
3921
4930
3775
4093
3709
4179
4130
4131
3889
4066
3927
3442
3451
3709
3444
3889
4264
4116
3446
4180
3939
3782
3782
4005
4051
3902
4144
4092
3939
4072
4040
4040
3698
4040
3942
4180
4131
3446
4133
3944
4249
3944
3951
3909
3145
4372
4341
4252
3991
3991
4387
1257
4563
4452
4447
3665
4093
4289
3889
3902
4051
3617
3944
4264
4180
4093
3889
3902
3623
3782
3782
4180
3889
3782
4901
3964
4119
4249
3618
3973
3617
4072
3618
3623
4119
3641
4247
4922
3918
4926
4932
3149
3872
3944
4263
4370
4300
4300
4380
4915
4133
4924
4924
3989
4133
4928
3987
3987
4340
3902
4906
4246
3990
4247
3973
3617
4249
4249
3698
3973
4904
4904
3973
4904
3902
4924
3989
3920
4246
4246
3920
4910
3637
4910
4370
4250
4380
4327
4445
4263
4251
4904
4340
4382
4342
4429
4372
4305
3987
4249
4119
3920
3989
4910
3636
4897
4910
4263
4910
4309
4910
3636
4903
4903
4910
3637
4910
4316
4370
4897
4910
4910
4289
4370
4372
4347
4347
4251
4327
4444
4444
4445
4343
4327
4343
4252
4370
4343
4334
4252
4370
4444
4487
4476
4342
4300
4444
4337
4337
4381
4450
4386
4390
4435
4386
4386
4492
4540
4525
4525
4569
4423
4449
4394
4486
4935
4739
4696
4615
4638
4721
4639
4598
4720
4459
4664
4617
4663
4663
4664
4637
4637
4637
4300
4440
4450
4560
4537
4644
4257
4729
4337
4532
4252
4444
4478
4392
4579
4475
4475
4300
4435
4300
4450
4393
4450
4450
4386
4450
4300
4300
4450
4445
4450
4450
4444
4300
4485
4484
4384
4390
4390
4445
4393
4591
3991
4393
4450
4442
4492
4595
4445
4492
4492
4453
4534
4738
4457
4615
4640
4664
4664
4637
4456
4638
4664
4664
4664
4641
4638
4640
4640
4456
4471
4593
4482
4424
4481
4387
4439
4439
4457
4520
4390
4439
4450
4568
4253
4514
4537
4525
4540
4439
4385
4478
4450
4492
4492
4394
4661
4432
4569
4492
4525
4337
4637
4637
4637
4763
4618
4618
4459
4547
4460
4574
4667
4456
4603
4603
4456
4663
4663
4617
4663
4456
4637
4593
4386
4391
4664
4664
4664
4637
4664
4663
4456
4471
4386
4436
4637
4637
4637
4637
4437
4436
4543
4386
4637
4637
4664
4664
4664
4698
4478
4478
4492
4478
4664
4442
4449
4637
4664
4617
1257
4492
4456
4478
4617
4617
4603
4593
4456
4597
4456
4593
4603
4637
4664
4569
4661
4475
4574
4618
4618
4432
4451
4664
4565
4337
4432
4449
4433
4478
4664
4617
4547
4459
4432
4524
4574
4597
4439
4439
4664
4663
4475
4453
4430
4471
4472
4750
4455
4661
4569
4256
4430
4475
4453
4432
4475
4387
4732
4580
4738
4449
4424
4664
4535
4603
4449
4664
4664
4257
4257
4505
4618
4618
4432
4534
4482
4603
4397
4469
4580
4398
4405
4751
4726
4481
4664
4618
4664
4569
4661
4256
4459
4471
4402
4565
4459
4398
4553
4553
4763
4604
4604
4598
4664
4638
4598
4406
4601
4601
4601
4638
4601
4458
4460
4616
4622
4459
4456
4604
4460
4397
4405
4470
1257
4256
4256
4426
4426
4426
4425
4763
4665
4458
4458
4407
4458
4638
4691
4543
4553
4598
4458
4458
4674
4721
4631
4553
4433
4449
4256
4433
4726
4562
4618
4685
4460
4406
4457
4691
4613
4601
4601
4638
4597
4508
4480
4433
4603
4613
4639
4448
4460
4597
4620
4603
4459
4665
4616
4598
4433
4457
4738
4563
4448
4676
4256
4425
4720
4758
4670
4256
4939
4397
4425
4676
4426
4601
4601
4632
4676
4696
4601
4433
4676
4458
4600
4738
4622
4738
4696
4426
4458
4470
4458
4457
4601
101
4782
13
128
128
72
86
128
86
6
62
188
278
278
993
662
558
4816
639
582
4814
4836
4837
557
1003
646
558
560
861
4814
499
559
556
816
778
646
558
988
816
815
1005
4824
4816
778
817
4838
764
815
779
632
556
776
779
805
1547
1547
1480
1373
1524
1398
1513
1426
1426
2010
2391
2987
2989
2989
2987
2523
2989
2989
2989
2637
3082
1109
1109
1807
1932
2988
2631
1836
4885
2635
452
452
2041
2041
2041
3067
4875
3640
4904
3679
3679
3902
3902
3739
3739
4901
3611
4904
3679
3637
3679
3902
3889
3678
3678
3678
3678
3678
3678
3679
3964
4073
3902
3678
4034
3970
4051
4034
3678
3637
4119
3970
3973
3739
3634
3075
3951
3913
3913
3148
3148
3145
3145
3909
4051
4569
4698
4666
4664
4637
4593
4637
4398
4456
4456
4664
4664
4617
4617
4448
3889
3889
3889
4825
4842
4952
1080
4842
993
4843
2145
2882
2882
1896
4988
2573
4965
2573
4966
4987
2476
2835
2882
4991
2835
4978
2637
2835
4965
2835
4884
4964
2041
4972
4984
4973
2835
4992
4955
4967
1896
4964
4984
1896
4991
4984
3154
3397
3557
3548
3397
3544
3544
