32
59
56
59
59
88
3
334
938
694
138
274
138
4809
4809
197
50
325
342
49
50
326
267
15
138
28
122
4819
4809
199
26
128
197
197
326
4810
28
239
28
28
4818
4819
4809
4809
302
239
263
4807
203
621
367
88
88
214
56
326
138
345
341
345
4812
341
341
341
343
343
343
343
343
4814
318
268
318
320
52
4814
4815
4812
327
4809
174
32
179
117
19
116
22
24
232
238
32
122
22
239
4809
33
123
197
71
20
21
21
31
21
31
322
267
332
4808
49
343
15
4812
51
51
343
341
4812
4812
342
15
345
15
326
326
138
267
326
345
4812
326
302
302
138
28
274
345
267
4812
348
338
320
15
337
343
32
4819
64
24
4808
338
341
138
274
274
4812
4812
15
338
15
32
299
305
103
103
461
471
765
153
624
157
352
306
49
4809
138
274
31
31
315
57
15
274
4809
4809
174
4807
31
31
339
4809
197
328
197
197
197
128
33
50
338
339
74
87
260
259
319
270
263
117
181
31
122
315
328
328
339
263
239
315
57
203
305
455
701
722
699
380
694
382
1378
1589
1370
1370
4863
938
101
275
60
134
101
938
4863
62
274
4809
4809
4809
124
267
28
28
4811
316
332
316
370
300
274
327
274
110
172
4809
24
341
341
203
4
269
373
4812
15
4812
21
56
131
264
101
103
938
194
343
197
15
4819
316
168
4812
343
343
57
59
116
93
116
239
275
327
133
343
343
4812
343
47
343
343
343
4814
21
4809
57
203
337
117
214
4812
57
352
167
195
352
103
103
343
343
343
343
343
343
343
47
224
20
330
59
31
31
59
62
62
57
62
132
4809
24
4807
203
352
301
4806
25
124
197
197
71
91
91
71
349
197
24
199
264
4819
316
59
88
340
343
343
180
101
343
197
56
61
101
4815
327
327
343
59
482
4815
4819
59
938
4808
4815
46
327
132
132
343
52
4814
62
3
168
189
4806
938
938
4863
1370
1280
1357
1382
2388
3755
3755
4030
4349
4349
4071
4932
4071
3663
4077
4429
4377
4286
4286
4077
343
117
59
59
298
271
160
938
938
4863
561
1280
280
384
1188
4864
938
4867
62
117
59
88
4814
4815
4815
16
4814
4819
88
214
103
319
46
265
461
52
477
695
50
621
636
74
189
4815
33
72
349
939
4806
252
260
3
209
252
320
71
71
260
202
74
71
104
625
456
857
1368
1637
572
477
367
574
913
694
561
561
771
369
624
583
380
636
1144
727
1860
1860
1382
1572
2526
388
388
3759
3669
3488
3667
4182
2925
2811
2811
2742
2742
2742
2742
3083
3083
3083
4559
4514
1587
1690
1690
1561
1561
991
1504
1028
1028
1027
1027
1027
1037
1101
1106
1178
2658
2257
440
441
441
626
938
149
149
798
694
624
380
733
626
149
771
4863
726
4863
4867
1280
625
694
694
717
857
631
280
707
694
706
1144
694
895
954
725
4867
4867
280
1264
1264
1280
1280
1280
1264
1481
628
617
617
617
628
617
617
628
628
4827
628
628
628
617
617
617
617
617
628
4827
628
628
628
628
628
606
528
606
643
588
643
527
588
588
522
599
3720
3720
4901
4842
4861
1049
831
515
554
764
829
841
1072
807
628
628
628
617
628
628
628
628
628
628
617
617
617
617
617
617
617
617
617
617
617
617
617
617
617
1144
4862
628
628
628
606
661
628
663
606
606
606
663
704
628
628
628
628
617
490
490
607
628
528
4827
628
4827
4827
4827
643
528
528
643
588
588
563
793
720
4863
4864
627
1263
3382
1264
4867
617
628
628
617
628
628
4867
628
628
617
617
648
617
617
631
617
4827
528
606
606
628
628
628
628
528
4827
4827
4862
4863
1280
1264
1264
617
617
617
617
617
617
617
617
628
628
628
617
617
617
617
628
628
628
617
635
628
628
628
628
490
628
528
643
527
604
571
563
617
617
617
617
617
617
617
617
628
617
617
617
617
687
614
617
687
4862
628
661
617
617
617
1637
1612
1378
605
1371
483
1356
1356
1611
1611
617
635
483
280
1370
1357
4862
527
1371
1356
4864
628
735
529
652
529
617
617
617
617
617
617
617
617
687
687
687
614
1369
2405
2014
617
617
528
588
588
280
627
1589
1589
604
617
617
617
529
687
614
617
617
727
617
617
617
591
628
628
627
617
617
590
547
807
741
544
627
3219
3200
1369
614
614
617
617
617
490
591
1378
592
490
627
588
1143
617
490
3219
571
588
491
617
590
590
1188
1264
563
490
639
639
704
663
663
606
663
643
490
547
614
728
590
563
638
591
3101
1283
2432
2320
3201
3201
3353
2014
2014
590
1264
594
590
627
3152
3105
523
523
614
614
659
661
617
635
547
542
599
638
638
715
638
628
617
661
3201
546
1611
1382
638
544
547
741
1264
1264
1572
3450
3450
3450
3450
3561
2903
2903
2903
2903
3601
3601
3562
3450
3450
3758
3000
3553
3553
3223
3223
3223
687
617
741
741
638
542
4842
4856
599
617
590
517
843
841
515
828
845
880
801
839
924
517
1355
973
953
881
927
812
1594
812
1146
821
1788
1855
441
899
1355
825
900
767
741
767
854
951
635
899
1528
1302
517
519
843
841
764
807
841
679
515
901
957
831
603
839
516
841
848
1264
746
602
1589
799
838
850
1174
1695
808
896
971
1031
1031
1031
1318
1376
1176
811
1340
1352
1062
1077
1070
829
844
4856
581
599
3152
839
827
1698
1545
1483
1033
943
1611
527
643
527
527
4129
842
841
830
638
639
661
663
628
661
663
661
661
617
617
628
617
617
661
617
3101
1369
896
627
3382
3105
3561
3201
2903
741
768
679
513
947
1264
590
704
590
827
935
937
925
741
1264
1263
3219
945
1335
957
925
1072
853
754
755
4861
746
715
830
956
1264
793
902
4842
4901
531
4828
661
661
661
663
663
663
644
704
935
663
704
672
709
4150
4150
519
805
813
958
663
663
917
1040
917
1067
935
799
704
807
832
581
967
851
1076
1061
976
1132
1078
1229
1633
873
1836
4555
4500
1044
1044
1044
2023
2023
2023
1945
1685
1685
2023
4565
3154
3154
3154
3501
3154
3154
3154
4562
2023
2023
2023
2023
978
1388
978
527
846
853
1264
802
957
3219
978
704
704
663
704
1358
869
1199
1639
1365
663
662
709
4896
4901
4901
3720
4901
928
928
982
768
1166
1332
958
855
1382
975
1036
1174
917
1078
978
862
1090
1095
1151
917
1126
862
767
958
830
860
863
860
887
3201
1060
1102
1065
1114
1114
1172
1027
1118
879
2405
1126
1118
988
1172
813
742
881
804
973
863
988
984
1032
1032
1030
704
4150
741
1133
1133
746
858
506
4861
504
879
1067
1074
984
1114
741
1049
1264
951
1075
1354
1074
709
1066
888
1212
2015
1074
1264
1133
858
1264
746
988
672
1066
1121
958
987
2405
3101
1355
1032
1318
1096
4150
858
1118
1572
2526
3661
3661
4289
1156
4429
293
293
293
293
293
4455
4861
987
1126
1109
1071
504
4901
4839
1061
1366
1411
1057
1448
3200
1065
741
1132
1597
1103
1481
1481
2683
831
4856
1212
1302
1382
1572
1481
1049
1578
1578
2023
2023
2023
1044
1455
1096
1097
1031
927
811
4150
1103
1100
1212
1836
1836
1212
1065
989
1065
1138
1033
1033
1117
868
4861
4901
1129
1093
1676
1175
1212
935
1064
1027
1363
1141
1363
876
876
876
1685
1685
1685
2023
1065
1037
1046
812
4901
4897
4129
527
4139
4897
4129
4129
4896
4960
4957
1107
1107
4960
4861
4861
948
746
1124
1199
1307
1597
1781
1562
1192
1092
1560
4896
4897
4896
1049
4861
855
1033
1594
1049
1609
1860
2528
2654
3346
2902
2903
3201
2903
1560
1572
1761
2157
1789
2349
1604
1029
4897
948
4901
1123
1027
1099
1308
2018
1671
3346
1090
4896
4896
4901
4901
4901
581
4901
599
909
1572
4834
982
1411
1065
1151
1095
1308
1761
1394
1616
432
1036
1352
1058
958
1688
847
1483
1035
944
1151
1481
957
1036
1174
1175
1418
893
888
1364
1860
2432
1099
1197
1572
1781
957
809
510
1196
3353
2320
2432
2014
1599
2432
1308
1121
953
1174
2014
1027
1027
1253
958
1417
877
876
1363
1333
2432
2901
2432
1027
1027
1027
1089
518
1037
1481
3450
1481
3450
1064
974
1041
1200
1481
2432
518
1260
1860
1860
1037
1309
1419
1695
1057
3200
2903
1037
1089
1027
1130
1393
1671
1683
1422
1092
2051
1579
1761
1409
1483
1385
1640
1029
511
1140
1273
1412
1572
1121
1124
1308
3105
1130
1037
1572
1418
1888
1726
1522
2930
3398
3625
3264
2855
2855
2855
2811
3083
1781
1245
1306
1481
1027
3561
3561
2903
2903
2903
3441
1027
1309
1950
1192
1332
847
1481
1572
3105
3105
3105
3561
3561
3105
3105
837
1504
1504
1130
1130
1130
1522
2919
2930
1349
1572
1616
1274
1027
1141
1141
1141
1141
1141
518
1192
1086
1400
1147
1037
876
1455
1688
990
1209
991
1561
1690
1028
1173
1028
1504
1192
990
1504
1832
1613
1397
1499
1032
1579
1139
1572
1455
1622
812
1259
1482
1639
1446
874
1501
3201
3105
3561
1397
1101
1447
1300
1578
2901
1028
1302
1542
1416
1761
1091
1088
1375
1815
889
1443
2432
2901
3353
1089
1274
989
1363
1028
1363
1089
1841
3105
1483
1140
1572
1154
3450
3527
1101
1711
894
1028
1028
1725
1191
1639
1139
1173
1028
1383
1572
1761
2698
1386
1761
1761
1572
2526
2683
3755
1572
1363
1141
1141
1141
986
1587
1685
1685
1945
1685
1587
1685
1685
3561
2903
1574
1151
1151
1731
1731
990
3105
3450
1412
1483
1319
1572
1761
1106
989
1528
1397
2901
894
1141
2063
1545
1397
1828
3105
3105
1640
1443
1349
812
1154
3450
295
4349
1154
1154
1151
876
1504
3201
1640
1104
1042
1788
1788
1855
872
1501
1826
1230
1836
1141
1504
1522
836
1639
1088
1139
1711
1504
1104
1224
1627
1042
1685
1685
2023
2023
1141
1363
1028
1141
986
1210
1210
1587
1587
1824
1824
1587
1561
1210
1028
1054
1042
1453
1453
1111
1762
3558
2526
388
1294
2606
2961
3544
1042
1139
2718
1141
1363
1414
2683
1826
1945
1836
1141
1141
1028
1028
1028
1141
1880
3561
3561
3561
3561
3561
3450
3450
1139
1088
2718
1028
1141
1141
1141
1141
1141
1141
1141
1209
1028
991
1561
1141
1210
1210
1210
1210
1561
1210
2320
2320
2903
3450
3105
1104
1441
1148
1761
1710
1711
1363
986
3201
2903
1327
1397
876
1945
1945
1685
2210
2903
811
1595
1203
1761
3346
2901
2901
1341
991
1504
1572
1141
986
986
986
991
2903
871
1627
1106
1694
1141
1141
1028
1244
2014
1522
1210
1587
1587
1587
1210
811
2654
986
1761
1586
1043
1043
2297
441
986
876
876
1028
1106
1711
3441
1088
1685
876
876
1685
1945
991
1141
1504
991
2654
1561
1690
2855
986
1761
1762
1248
3346
1945
1685
1685
991
1690
1690
1690
1690
1690
3083
3083
2742
3083
3083
3083
4514
1690
1690
1690
1141
2320
1627
2757
1836
1584
3450
2210
986
986
1176
3371
3371
3641
3525
3044
3450
3223
3223
3223
3223
3223
1701
3223
3223
3223
3223
3223
3223
3371
3450
3450
3450
3450
3450
3450
1701
1701
3223
1701
3223
3371
1701
1042
1761
3755
3755
1522
2014
1210
1210
1587
876
1587
1587
991
3641
3371
3044
3044
3044
3371
1042
1788
1788
1945
1697
1701
3525
3641
3223
3223
2750
1375
2930
4146
3091
3734
2903
986
891
3371
3450
3223
1595
3450
3450
3450
1701
2903
2903
3450
2388
1880
2903
3523
3525
3044
3525
3044
1701
3641
1761
3545
1141
991
1210
986
3641
1068
1141
1701
3561
3527
2903
1701
3223
3223
3223
3223
3601
3450
3450
2930
2023
1945
1945
2023
3044
1701
1701
1701
1701
1701
3223
3223
3044
3562
1701
1701
3044
3525
1701
3272
1701
3223
3223
3223
1701
1701
1701
1701
1701
3656
3656
3000
3000
3000
3000
3000
3000
3000
3000
3223
3223
3553
295
3225
3225
295
3553
3223
3553
2903
2903
3223
3561
3450
295
3000
3000
3000
3000
3000
4040
3000
3554
4040
3000
1755
2247
1561
3044
3552
3563
3524
1701
1701
1701
285
3273
1701
1701
3223
3223
3553
285
3656
3000
3000
3000
3044
1044
4500
4476
4554
4500
4554
4554
4554
3223
1701
2903
2903
3641
3223
3371
3641
3641
295
3450
1224
1762
1701
3223
876
1685
1685
1685
3223
3044
3044
3525
3223
3223
3223
1154
1043
1407
1210
2978
1685
2978
3450
3450
3450
3441
1694
3450
3450
2903
2903
3601
2903
3223
3223
3223
3223
821
1788
1855
1705
388
3755
3851
3755
1701
1701
3450
3450
3450
3223
1154
1068
2855
2978
2023
3450
3734
3450
3641
3223
1627
1375
3276
1701
1701
1701
3044
3563
3563
3524
1701
1701
1701
1701
1701
1701
1701
1701
3044
3563
3044
3044
3044
3272
3223
1561
1685
2903
3601
3450
821
1043
1083
991
1210
1685
2023
3441
1044
4500
3223
3044
3044
3276
2919
1587
1587
1587
1685
4671
1685
1450
3223
3223
1154
2003
1586
2550
3087
1701
1701
3044
1701
1701
1561
1690
3105
2023
3601
2683
2683
1701
2978
289
4063
4040
3657
3000
3000
3000
1561
3522
3450
3450
3601
3522
289
289
1685
1044
2903
1083
1587
1587
1587
1587
1587
3734
2023
3223
3223
1788
1788
3562
3522
289
1587
1685
874
3044
2930
3087
2855
3450
1712
2526
3087
2903
3522
1685
1685
1824
2902
1945
1685
2023
4555
2297
440
3436
1945
2023
2023
1945
2023
3553
3225
3000
3225
1616
1701
3563
3524
3524
1587
2902
4671
4671
3450
3553
1310
2401
1875
3044
3087
2855
2855
2855
2855
2023
2023
2023
4671
4476
2526
3276
2919
1561
2855
1587
1587
1561
1044
2023
3553
3656
3553
3656
3553
3553
3553
3553
3553
3553
295
1294
390
3796
3563
3734
3734
3091
4014
4042
4063
1214
388
3272
285
285
2902
2902
4562
295
1294
3644
3867
3415
2527
3563
3563
1701
3563
1561
3522
4476
3755
3087
2023
1945
4562
4554
4500
2023
4553
1044
1044
3758
3553
2930
285
1690
3087
3522
3442
4554
4554
4500
2999
295
295
3553
1701
1701
3563
3563
3522
1561
2902
285
1044
1044
3553
1616
388
3522
4063
4042
4040
1702
1701
1701
3522
4476
4476
1214
1701
1701
1701
1701
1701
1690
1690
1690
3522
4562
4562
295
295
295
3415
3563
1701
1701
3272
1561
4562
4562
4562
4562
4562
3501
4562
4553
4553
4554
4500
4553
4555
4555
4500
4555
4562
1044
1044
295
4042
388
4888
3166
2676
1713
3563
1690
3734
295
3755
3661
3973
3661
4033
3488
388
2679
3808
1701
1701
1587
1154
388
3044
3563
3522
289
3091
295
1298
3669
1701
3545
2855
3442
2023
4562
3501
4562
4553
3392
3501
3388
4362
4299
4299
4476
295
3657
3806
3867
3044
3563
1824
3522
289
3553
4030
4030
295
3563
2855
1690
1690
3846
3000
295
295
3755
3755
2679
2877
2855
1690
4562
3553
295
1824
4565
3083
3083
3083
2742
3109
2811
2673
2673
2673
3082
2673
2997
4279
4223
3082
3082
2811
2855
3442
3755
3661
1208
1701
2877
1824
1824
3083
2742
2742
2742
2742
2811
2811
2997
2673
2742
2742
2742
3204
3204
3083
3204
1587
3442
3091
3846
4030
3755
1701
1701
4565
3545
3625
3481
3973
4009
4009
4070
4070
295
3524
3545
3398
2655
3545
441
441
441
441
2671
2957
3479
3127
3478
3160
3466
3498
441
440
389
3738
3894
1467
3973
2679
3661
4033
1701
1701
1701
1701
1701
3276
3083
3083
2742
2855
1616
2679
2325
3585
2499
4279
4279
2890
3202
3083
3204
3204
3204
3204
2877
388
1701
1701
3087
1824
4476
4476
4476
4476
3478
3159
3392
4500
4476
2928
3159
3392
3392
3478
3478
3470
3565
3565
3413
3539
4041
3131
3458
4476
2961
3623
3640
3961
1701
3883
2855
4562
4500
4476
4500
4476
3478
295
2928
1701
1690
3083
3083
3083
3083
3083
2855
2864
4562
3154
1690
3392
3122
3612
4192
3128
3747
3338
3746
3460
4302
3915
4310
3333
3413
3159
3392
3000
4476
295
3755
2854
3808
389
1701
1824
4500
3501
3154
3154
3478
3478
295
3310
3424
4565
1690
3083
2855
3091
4553
3501
3524
2877
2855
4562
3501
3501
295
3225
3225
2928
1682
3982
2877
4514
3204
3083
3083
2877
3083
285
3154
3091
3656
295
295
295
441
3524
2844
3123
4030
295
295
1701
3524
3159
3286
3887
3964
4279
3868
3859
4192
4362
3458
3000
389
3083
3083
3083
3083
4063
3124
3466
3759
2161
3545
4229
4932
4938
4938
3087
2811
3553
3225
3553
3553
3656
295
3524
1702
3083
4063
2877
4565
3154
4014
3328
3537
3768
3478
2955
4063
4229
3204
3553
3000
295
295
3000
3758
3656
1702
4063
2742
4042
4042
4040
3154
3160
4229
2742
3000
3471
3478
3125
3526
3478
2671
2648
2768
2844
3447
3264
4042
3564
4041
4030
295
295
3758
3554
2864
3656
3656
3091
4349
4071
4014
295
3125
3538
3891
3128
3755
3661
2679
1702
3156
3091
3412
3225
3851
4349
4349
4287
437
3168
3006
3918
2702
285
3204
3553
3091
3657
4014
1702
3204
4042
4042
3000
439
2811
2864
2742
3204
3204
3204
3204
3204
3204
3069
3154
3154
3204
3204
3632
3458
4362
4014
4932
3000
3000
3000
3000
3000
3877
3656
3222
3237
3887
3887
3964
3744
2745
3204
4042
3661
3661
3958
3083
2742
3539
3657
3471
3539
4211
4192
3502
2666
4888
441
2864
3447
2811
3465
4041
3000
440
3656
3398
3625
3089
3089
3089
3089
4071
4040
3553
3656
2742
3091
4938
4040
4014
4235
4198
3866
3500
3225
3577
4021
4021
3671
3741
3741
3163
3672
3672
3819
3695
3695
3695
3709
4048
3822
3820
3595
1467
2742
2742
3083
3083
2742
4061
4040
4040
3000
3000
4040
3000
3000
3000
4041
3000
4014
4938
3000
3539
3165
3163
3672
3754
3709
3694
3948
4358
3842
4048
3470
2819
2498
4040
3083
3204
2742
2742
3109
2811
2811
3109
2742
2742
2811
2811
3082
3082
3082
3082
4183
3156
3358
4040
4040
4040
3000
4040
3000
2700
3204
3204
4938
4198
3000
3225
3661
2742
3656
3204
3083
2742
2742
2742
3204
3204
3204
3083
3000
4148
3000
3165
4030
4264
4286
4286
3526
3749
3338
3671
3685
3684
3684
3810
3810
4225
4267
4267
4185
3970
3711
3684
3684
3684
3685
3164
4030
3656
2608
3083
2742
3204
3000
3000
3000
3000
3000
4030
4349
2957
2674
3661
4040
3204
3554
3000
3000
3000
3000
4014
4014
4014
4014
3577
3796
3083
2742
3083
2742
2742
2742
2742
2811
2811
2673
2811
2811
2811
2925
3554
3405
4938
3000
3000
4349
2742
2742
3204
3083
3554
3000
3000
3000
3000
4148
3131
4307
4362
3161
4267
4267
4185
4185
3695
3848
3842
4047
3165
3741
3741
3165
2700
3166
3398
3083
3204
2967
2745
3656
3000
3000
3000
3000
3000
3577
3982
2871
2742
3000
3000
3000
3000
3000
3000
3000
3000
4047
4349
4349
4932
3903
2742
2967
2742
3000
3000
4014
3000
3000
3000
4932
4219
4047
3165
4264
4286
2671
2767
3398
3083
2742
3083
3000
3000
3000
3000
4014
4021
3671
3671
3671
3133
3130
3904
4210
3310
4408
3089
2811
2742
2811
2811
4047
2702
4182
3818
3815
2811
2811
3447
3526
2957
4408
4071
3109
3109
2742
2742
4938
3866
3163
3749
3109
2811
4938
4014
4932
4071
4314
4161
3462
3822
3948
3709
3694
3800
4281
3948
3948
4210
4210
3672
3896
3896
3857
3753
3753
3882
3851
3126
3526
3481
3648
3109
2811
2811
2811
2811
4235
3458
4307
4302
4932
4349
3963
3896
3672
3819
3164
3741
3684
3671
3753
3789
3625
3202
3319
4014
4071
4932
3857
4932
4210
3671
3959
3083
2742
4071
4314
3842
3842
3819
3741
3847
3661
2746
3109
2997
2673
3082
3082
3082
4256
4160
4160
2702
4349
4349
4286
4349
3526
3074
3447
4932
4932
3754
3742
3338
3819
2969
2674
3859
2742
2742
4284
3447
3820
3896
3823
3847
3002
4284
3109
3202
2742
4314
3161
4210
3896
3741
4408
3109
4314
3896
3168
2811
2811
2673
2673
2673
4210
3168
3089
2811
2811
4256
3671
3823
3961
3550
3085
3815
4071
3109
3109
2925
2811
2811
3842
3841
4182
4182
3205
3089
2811
4256
3789
3789
2957
3202
2811
2925
4349
4349
4349
4071
4349
4071
4071
3973
3973
3973
4009
4070
3625
3458
4932
3447
3896
3841
3995
3855
4272
4374
3939
3676
4381
4135
4134
4083
4134
4917
4312
4154
4083
4083
3787
3995
3841
3550
3718
4907
3691
3788
4902
3698
3715
4901
4901
4150
4062
4911
4907
3705
3691
4910
3800
4026
3787
3995
3995
4028
4907
3698
3944
4206
4085
4085
3719
3719
3928
3923
3689
3713
3108
3089
4071
4071
4218
4362
1468
3856
3842
4028
4028
4347
3880
3787
3841
3787
3694
3738
3959
3788
3995
4028
4347
4071
2673
2673
3082
4071
3896
3823
3711
3711
3684
3711
4907
3811
4185
3202
3161
3161
4217
3488
3338
3689
3787
3799
3819
4310
2997
2811
2997
2673
3082
2811
3486
3684
3698
4272
4026
3328
4241
4362
3904
4161
3842
3738
3841
3841
3800
3800
3787
3691
4026
3688
3740
2655
3082
3082
3264
4907
3698
4233
4272
4347
4028
3746
4224
3460
4224
4217
4315
3747
3748
3684
4020
4020
3689
3337
3661
3995
3698
3847
3973
3815
4362
3109
4019
3995
3995
3789
3894
3082
3894
2925
4256
3667
3684
3973
3787
4902
3787
2665
3845
2957
4310
4243
3481
3312
3684
3127
3848
3688
3811
3868
3082
3082
3673
4086
4019
3715
3126
3570
3787
3202
2897
3481
3082
4349
3976
4160
3870
3646
3109
3161
3673
3709
3842
3684
3746
4224
4225
4298
4277
4225
4298
4267
4184
3598
4279
3848
3922
3922
4909
3720
4120
4914
4926
3726
3723
3722
4909
4913
4375
4097
4366
4272
3675
4281
4164
4910
4374
4281
4164
4026
3744
3744
2897
3082
3082
3082
2890
3972
3481
3973
3488
4160
4347
4358
3917
3127
4265
4286
3695
3787
4902
3161
3972
4068
3481
4182
4160
3936
2925
3810
3810
4160
4009
4009
3789
3789
3396
2798
3089
4071
3082
3972
4256
3639
4272
4233
4357
4277
3811
3089
4071
3089
4223
3089
3089
4068
4068
3089
3089
4294
4071
3089
3886
4147
4263
4048
3891
3695
3870
3647
3082
3481
3945
4223
4287
4286
4265
4164
4202
3161
3089
4071
3089
4071
3822
4286
3871
4279
4071
2673
3089
3950
3810
4225
4277
3126
2666
3710
4185
3922
4362
3162
4217
4299
3089
4062
2884
4141
4086
4909
4216
4068
4068
4068
4068
4070
4392
4294
4433
4455
293
4077
1156
4048
3127
3694
3161
4157
4178
4172
4153
4194
4896
4138
4897
4901
3701
3701
4895
3720
4895
3700
4103
4441
4443
4443
3720
3720
4924
4130
4924
4915
4081
4919
4101
4103
4900
4102
4118
4444
4099
4099
4895
3930
3930
4062
4085
4272
4224
4225
3800
3787
4151
4246
4156
4081
4081
4918
4133
4441
4441
4166
4166
3089
3089
4309
4263
4184
3567
4151
4097
4152
4403
4194
4194
4178
4169
4169
4302
4302
3161
4296
3274
4070
3800
4026
4156
4155
4155
4152
4169
4169
4174
4178
4168
4152
4174
4175
4302
4071
4161
2667
4224
4279
3127
3973
3800
4192
4302
3161
3459
3127
3710
4155
4174
4071
3822
4201
3710
4044
4315
3663
3890
4286
4365
4071
4217
3821
3973
3694
3708
3768
3676
4297
3949
3461
4281
3460
3127
3127
3694
3709
3882
4071
3089
3162
4315
4298
4402
4374
3335
4201
4225
4225
4068
4009
4070
3479
4009
3480
3709
4168
4156
4084
4178
4155
3089
4071
3462
4302
4279
4279
4299
4068
4185
4260
4080
4184
4080
3800
3709
3948
4025
4053
3568
4267
4319
4225
4071
4202
3709
3647
3950
4009
3920
3708
4026
3845
4309
3480
4070
4070
4070
4185
4097
3845
4080
4070
4070
3845
3953
4286
4202
3952
4281
4956
3676
4267
3822
3709
3480
4276
4296
4174
4304
3859
3709
4044
4304
4178
4194
4919
4364
3681
4192
4053
3709
4165
4306
3724
3724
4214
3859
4276
4297
4044
4071
4294
4077
4387
4419
4294
4294
4077
4077
4455
4455
4462
4462
4387
3859
4287
4044
3678
4136
4294
4423
3461
3859
4351
4194
4173
3461
4034
4194
4137
4443
4093
4402
4083
4194
4134
3953
4083
4286
4117
4394
4070
4294
4294
4009
4392
4294
4070
4071
4294
4455
4455
4455
4455
292
293
4286
1156
4429
4294
1156
4070
4455
4392
4135
4137
4077
4419
4133
4134
4423
4212
4133
4133
4103
4918
4103
4077
4137
4109
4077
4077
4287
4913
4118
4099
4099
4455
4455
4455
4429
4429
4429
3663
1156
4423
4433
4455
4265
4077
293
4294
3934
4455
1156
4091
4101
4101
4100
4100
4109
4100
4101
4100
4081
3720
4099
3720
4895
4455
4101
4100
4101
4099
4099
4294
4294
4455
4077
4429
293
4429
4429
1156
293
293
292
4077
4455
293
4455
293
293
4455
4429
4077
4077
4455
4455
4455
4455
4462
297
4462
4665
4462
4462
4462
4740
4462
4462
4665
4740
4740
4665
4699
4699
4699
4699
4699
4699
4699
4699
4665
4665
4665
4665
4665
293
292
292
297
4462
4455
4462
293
293
4455
293
293
293
293
293
4455
4455
4455
4462
4462
4455
293
4455
4455
4455
4455
293
293
293
4077
4455
293
293
4455
4455
4455
4455
292
4462
4462
4462
4462
4665
4665
4740
4740
4665
4665
4665
4665
4699
4665
4665
4665
4665
4665
4740
4740
4462
4462
4455
4665
292
4455
293
293
4462
4455
4455
4462
4462
297
4740
4462
4462
4462
4462
4429
293
4665
4699
4699
4699
4699
4699
4699
4699
4699
4699
4665
4665
4665
4665
4699
4699
4699
4665
4665
4455
4665
4665
4665
4699
4665
4665
4462
4665
4665
4665
4462
4294
293
4665
4665
4665
4699
4294
4294
4294
4294
4665
4665
4462
4665
4699
4462
4462
4429
4699
4699
4665
4665
4699
4740
4455
4665
4665
4462
293
4699
4699
4699
4462
4462
4665
4462
4699
4462
4462
4462
4455
4665
4699
4677
4677
4462
4665
293
4699
4455
4462
4665
4699
293
4455
4665
4665
4665
4665
4665
4665
4455
297
4462
4740
4665
4462
4665
4740
4740
4740
4665
4699
4665
4677
4665
4462
4455
4699
4699
4699
4665
4665
4665
4740
4740
4699
4740
4665
4740
4462
4699
4699
4699
4462
4740
4462
4699
4665
4665
293
4740
4740
4740
4677
4699
4455
4455
4677
4699
4699
4699
4740
4740
4740
4740
4699
4740
4740
4677
4677
4665
4455
4699
4740
4740
4740
4462
4740
4462
4740
4740
4455
4462
4699
4699
4699
4699
4740
4699
4699
4699
4699
4665
4699
4740
4740
4699
4699
4699
4699
4665
4699
4462
4740
4462
4462
4462
4740
4740
4699
4699
4699
4699
4740
4677
4699
4740
4740
4462
4740
4740
4462
4740
4740
4740
4699
4699
4699
4740
4740
4740
4740
4699
4462
4462
4462
4740
4740
4740
4740
4740
4462
4462
4740
4740
4740
4740
4740
4740
4740
4699
4740
4699
4740
4740
4699
4740
4740
4740
4740
4740
4740
4740
4740
343
343
51
343
4814
29
59
260
298
17
318
47
252
16
298
209
47
328
4809
4809
24
4129
4129
617
617
617
617
617
617
628
522
523
617
617
617
617
614
588
605
605
588
3720
661
659
581
687
909
617
617
663
661
661
628
617
4853
4129
4129
643
606
605
605
617
527
643
4853
588
522
4896
4901
628
614
687
527
591
617
617
663
3720
617
617
4853
4129
4129
4901
588
606
4901
617
628
617
4897
617
628
4827
628
495
4853
617
1860
2405
1611
1283
1860
617
3450
2903
2903
285
3223
3656
3553
3223
441
3154
3154
3501
2297
1043
3501
3154
1043
4500
1788
4974
441
3522
295
4938
3929
4178
4909
4139
4129
3701
4081
3719
4091
4909
3720
3720
4246
4131
4918
4131
3922
4102
4246
4130
4129
4928
3089
4068
4068
3089
4294
4068
3089
4392
3089
4920
4740
4462
4699
4665
4665
4665
4665
4665
4665
4699
4699
4699
4740
4150
704
704
527
4150
663
704
4150
4476
4476
4554
4500
4476
4476
4500
4476
1855
4476
4476
4476
4476
4476
4476
4554
4476
4476
441
4476
4476
4476
4476
4476
4476
4476
4476
4476
33
197
122
24
1028
1141
1141
1141
2673
24
24
