423
423
423
423
423
142
136
134
293
250
222
277
372
423
423
423
423
423
423
423
423
423
423
423
423
423
423
423
423
423
423
423
423
423
423
423
423
423
423
423
423
439
454
136
136
423
136
423
423
423
372
423
423
423
423
423
423
423
423
423
423
423
423
423
423
423
423
423
423
423
423
423
423
423
423
423
423
423
423
423
423
423
423
423
423
423
423
423
423
423
423
423
423
423
423
423
423
423
423
423
423
423
423
423
423
423
423
423
423
423
423
423
372
371
401
746
807
578
262
488
261
406
423
423
423
423
423
423
423
423
423
423
423
423
423
423
423
423
423
423
372
423
372
423
423
423
423
423
423
423
423
423
423
423
423
423
423
423
372
423
423
423
423
423
423
423
423
439
137
142
142
350
350
191
236
328
83
83
287
217
481
370
296
297
152
135
134
303
259
295
423
423
423
423
423
423
423
423
439
423
423
423
423
423
423
423
423
423
423
423
423
135
297
136
136
423
423
423
297
334
215
407
135
423
423
423
423
423
297
423
423
423
423
423
260
297
423
423
423
423
423
423
423
423
423
136
423
423
423
134
454
135
399
423
423
423
423
423
395
423
423
423
423
423
423
454
454
423
142
423
423
454
136
261
423
423
423
423
423
423
423
423
423
423
399
423
439
423
136
303
260
136
215
423
423
423
297
423
423
423
423
261
399
423
423
423
423
334
423
423
423
454
423
423
423
136
334
423
334
334
334
9
331
322
1528
503
2365
2688
2707
3211
3024
3510
3449
3373
3192
2936
4165
3898
3516
3803
3802
4040
4324
423
423
423
423
423
423
296
303
216
252
397
322
324
4867
398
9
423
423
423
423
423
454
423
423
423
423
423
423
454
136
423
423
423
423
423
454
423
439
439
454
471
295
423
423
423
455
423
423
142
423
439
423
423
423
423
145
225
454
262
262
574
327
496
224
142
136
142
137
478
573
549
552
472
427
134
224
262
142
134
439
439
214
145
217
439
574
573
465
165
1569
1634
1871
2355
2487
3332
3503
3489
3731
3260
2974
2981
2981
1998
2950
2950
1863
1962
2136
2326
2411
2116
2411
1915
1915
2121
520
520
1711
1773
1773
521
1585
1902
1810
2689
1482
3041
3479
3093
2730
529
2871
2871
544
337
223
11
472
472
472
427
457
427
9
136
427
562
146
573
132
291
217
256
217
12
331
214
250
217
291
294
471
193
549
373
322
564
141
555
191
11
596
417
559
237
194
732
486
416
331
324
1375
322
1528
772
699
699
725
727
680
4861
699
773
804
738
914
1119
681
622
622
773
804
774
624
4829
624
4834
4809
1100
4850
4850
4850
1000
1362
1363
1436
1302
1509
1314
1409
1131
1484
1132
1251
1085
1060
646
645
699
4861
703
681
620
617
4861
620
1117
611
611
662
834
835
752
667
598
692
700
600
866
723
480
268
798
738
685
624
4822
685
4832
688
687
4832
622
773
773
770
824
766
739
776
773
705
805
685
4829
4834
950
999
998
1160
330
368
213
965
963
4868
56
741
741
1119
699
770
773
4861
4860
618
4861
762
417
740
4861
657
706
623
900
773
797
623
705
369
322
501
654
650
4856
680
725
598
680
610
755
824
4860
867
757
724
866
784
773
771
739
819
819
465
706
819
774
4809
899
951
951
725
725
657
598
653
736
692
866
917
895
789
793
666
800
794
790
4803
120
847
752
761
186
53
745
907
3
558
453
323
451
604
818
965
213
1450
849
710
331
4867
739
888
739
4834
828
760
760
890
856
4802
664
869
660
663
839
790
790
1541
1569
918
736
893
941
210
83
86
710
813
4847
661
304
886
666
863
664
440
672
672
886
4841
695
4819
4847
908
870
915
997
968
1006
810
1557
1553
1261
790
800
672
902
886
440
319
835
828
999
88
894
890
4866
711
999
835
831
922
323
964
1000
886
957
958
1111
912
688
4833
858
919
790
88
698
999
1006
909
1553
1541
1738
1469
1559
1559
359
1560
1561
1737
697
4868
921
865
4871
812
1553
1064
832
794
4839
4859
788
4838
955
1064
1303
1062
999
1155
785
785
994
1560
874
323
1489
1450
998
711
874
969
324
906
1886
1674
4875
1729
1728
1750
926
1473
1673
2558
2581
2459
2459
2459
2382
989
789
4839
4839
967
1055
1064
1001
638
1441
952
994
1033
1007
1011
1044
1105
1157
1052
1020
1067
1122
1038
1014
1137
1511
1605
1800
1291
1396
1327
1407
1822
1936
1821
1980
1823
1823
1808
1025
1922
1838
1838
1065
1029
1137
1015
1033
1132
1181
1409
1060
642
922
1029
1538
1330
1057
1017
1009
1011
641
648
1148
1059
1037
1060
1066
1564
1530
643
1057
1122
1058
1191
1105
1155
638
1459
451
1179
1071
1185
1183
1393
1248
1184
1319
1180
1074
1462
1076
1936
1078
1943
1815
2103
1925
1843
1365
1719
1196
1364
1295
1083
1046
1361
1303
1485
273
1554
1068
1230
1536
1415
1626
1534
1077
1821
1533
1720
369
1044
1100
1431
1102
1102
1298
1046
1228
1441
4838
911
911
958
1164
1111
949
4838
946
4816
1167
4823
1114
4822
359
1225
1179
498
811
1557
1557
1559
873
1050
1251
1396
1094
1507
1236
1193
1169
1235
1072
1184
1194
870
1084
964
375
1554
1058
1567
1367
1019
1104
1141
1249
1151
1192
1314
1153
910
1012
414
1016
1157
1305
1460
1302
949
4838
1114
949
1166
912
1193
1235
1190
910
1235
5001
1320
4971
1326
1177
1071
1289
1488
1161
1112
1186
1184
1364
1310
1333
1295
1173
1068
5001
1225
1227
1436
1083
1187
1232
1521
1285
1197
1263
1288
1284
1284
1574
1842
2423
1995
1995
1796
2579
2776
2702
2702
1211
2836
1211
2818
2776
2579
2138
1984
1329
1277
1372
4969
1022
1543
1527
1105
1807
1273
1283
1199
910
910
5001
1337
1395
1689
1835
2006
1235
1133
1358
1398
1397
1436
1436
1327
1023
1543
1526
1834
644
1336
1041
1522
1048
1488
1364
1257
1383
1185
1286
1222
1317
1263
1717
1745
1331
1408
1129
1048
1254
1304
1333
1333
1273
1333
1333
1273
1553
1339
1332
1425
1512
1279
1279
1312
1287
440
1310
1278
1321
1289
1156
4868
1396
1527
1054
1308
1230
1285
1285
1297
1078
1716
1290
1175
1313
915
1300
1358
1437
1180
1361
1308
1153
1185
1310
1295
1266
1425
967
1563
1315
1316
1237
1195
1311
1074
1326
1012
1183
1312
4872
1394
4971
1242
1407
963
1333
1290
1299
1360
1475
1260
1317
1495
1541
1194
1074
1297
1822
4971
1327
1496
2003
2672
2610
4204
4257
4239
4492
4469
4735
4737
4737
4737
4735
4735
4657
1439
1437
1074
1251
1074
1514
1302
1497
1364
1196
1318
1417
1069
1819
1428
1264
1251
1238
1489
1781
1387
1789
1571
1020
1412
1537
1198
1528
1476
1012
1309
1550
1842
1271
1076
1296
1297
1686
1462
1686
1822
1928
1928
1325
1549
1082
1312
1195
1639
1329
1321
1735
1882
1128
1686
1822
1822
1822
1936
1821
1372
1395
1439
1302
1397
1082
1082
1081
1081
1535
1550
1591
1630
1512
1760
1791
1790
1995
1487
1591
523
1513
1936
1936
1244
4825
1313
1325
1338
1432
1102
1313
1398
1447
1406
1438
1371
1440
1437
1463
1147
1441
1584
1372
1653
1544
1617
1453
1613
1681
2689
1338
1177
1244
1515
1525
1254
1195
1936
1821
1821
1936
1667
1545
1885
1846
1643
1855
1903
1559
1559
1553
1544
1991
1957
2760
2809
2809
3026
2990
2762
1593
1444
1435
1223
523
1686
1822
1562
1755
1615
1712
1332
1456
1497
1245
1245
4851
1485
4836
1515
1377
1427
1756
1138
1426
1513
1813
1622
1517
1518
2571
1482
2809
2809
2571
1520
1196
1103
1538
1516
1526
1821
1821
1077
1526
1526
1526
1821
1821
1821
1626
1632
1516
1096
1095
1081
1272
1412
1412
1081
1279
1040
1634
1545
1686
1686
1924
1477
1515
1531
1451
1834
1412
1541
1596
1702
1294
1641
1252
1268
2007
1625
1272
1738
1587
522
1653
1381
1734
1631
1419
1656
1419
1641
1816
1816
522
1612
1586
1586
1637
522
1630
1143
972
972
1638
1256
1655
1627
1733
1620
1030
1597
1548
1630
1603
1603
1445
1274
1720
1031
1553
1641
1637
1629
1707
1629
1698
524
1454
1833
1616
1742
1687
1452
1517
1756
1526
1526
1917
1415
1626
1626
1534
1772
1413
1763
1656
1254
1626
1946
1626
1724
1776
1194
1713
1557
524
1603
1849
1486
1722
1715
2059
2460
2893
2885
2665
2524
2463
2833
2833
2758
518
1740
1808
1253
521
1553
1557
1729
1557
925
1939
1752
1685
1537
1731
1668
1629
1698
1298
1821
1821
1883
906
1334
1557
1557
1674
1674
1612
1710
1704
1685
1679
1698
1636
1848
2207
1650
2461
1636
1626
1886
2571
1481
1801
1890
1890
1866
1018
1680
1633
1685
1698
1685
1723
1607
1265
1790
1553
1668
1707
1711
1711
1949
1705
2121
1914
1711
1685
1195
1612
1710
1711
1711
520
1711
1668
1629
1618
1613
1764
1076
1782
1769
1341
1712
1742
1821
1821
1093
1847
1714
1852
1922
1401
2076
1494
1709
1695
1732
524
1701
1625
1902
1761
521
1696
1957
1518
1901
1902
2520
1416
1416
1802
1081
1642
1642
1490
1559
1626
1764
1461
1760
1773
1707
1612
1668
1980
1597
1607
1867
1789
1817
4875
1994
1550
1081
1778
1707
1274
1721
2006
1819
2007
2401
1419
1565
1240
1871
1957
1707
1092
504
1993
2751
2671
1938
377
1858
2064
2064
1974
1796
1927
1981
1553
1701
1969
1870
1419
1196
1707
1588
1534
1917
1532
1258
1076
1840
1786
1811
2206
1030
1681
2008
1890
1774
1415
1958
1639
1674
1534
1748
1803
1980
1772
1925
1980
1980
378
2192
2933
379
1817
378
2436
1486
1773
1711
1626
1077
1534
1772
1772
1588
1852
2073
2333
2333
1838
4983
1726
2607
1700
1284
1704
1986
1892
1533
1943
1978
2120
1318
520
2245
1853
2412
1839
1619
1421
1856
1890
1909
2064
2404
2060
1985
1866
1078
2103
1836
528
1971
1745
1478
1930
2518
3332
3290
2760
1777
1870
1890
1831
1786
1954
1959
1866
1890
1851
1559
4875
1674
1557
1557
1729
1588
1869
2334
1492
1890
1890
1890
1866
1949
1949
1891
1910
1915
1909
1909
1909
1915
1949
1891
1909
1903
1772
925
1559
924
4875
2103
2412
2103
1979
1719
1365
1858
1815
1534
1772
1688
1455
1981
1559
932
1928
1823
1081
2246
1947
1942
2344
1851
1996
2335
1748
1890
1692
1949
1949
1559
1557
1867
1952
1854
2260
1890
1748
2607
1927
1692
1906
1912
1990
2361
1912
2064
520
1777
2004
1557
2084
2502
1972
1973
1973
529
2064
1956
1949
1711
1519
1855
1903
2008
1956
1927
1423
1949
1692
1692
1705
2304
1705
2379
1706
1906
1957
1688
1482
1482
2762
1966
1927
1705
1914
1914
2394
2394
518
2000
2950
2950
2952
2000
2394
2394
1865
933
2292
2413
1672
1758
1943
1026
2059
2064
2382
2349
2349
2349
1965
1965
2382
2382
2382
2349
2382
2382
2382
2382
2349
2349
1126
1126
1798
4875
2349
2349
2349
2349
2349
2349
2349
2073
2333
2611
2751
1469
1944
1906
1906
1860
2064
1860
1906
2118
1949
2349
2349
1965
2349
2349
2400
2333
1838
1959
1850
2349
2349
2349
2291
2382
1943
1688
2829
2004
2409
1470
1580
1845
1365
2349
1126
1965
1126
2349
1798
2349
1729
1729
2353
1816
1818
925
1965
1965
1965
2349
2349
2629
2460
1692
1949
1949
1906
2349
2425
1692
1126
1798
1798
2382
2382
2382
2382
4875
1820
1845
1692
1909
1959
1965
2272
2109
2098
2035
993
2415
2274
1473
1965
1965
2349
2098
2098
2415
989
1965
2041
2109
2069
2070
2070
2079
2172
2172
3230
3230
3230
2111
2382
2415
989
2481
2173
2415
989
989
4875
2382
2349
2526
2192
2558
3100
3230
3244
3187
3244
3230
2977
2267
1519
2602
1996
1910
1473
2274
978
2406
2298
2109
2109
2070
2382
2098
2069
993
993
993
2022
2070
2129
2172
2172
2172
2098
1937
1203
4992
4992
2382
1965
1582
2349
2415
2349
2349
2349
2558
2192
1853
2809
2487
2272
2034
2064
2118
2382
1965
2382
2301
990
2382
1788
2333
1909
1910
1473
1965
1798
1965
1750
1758
1965
933
1798
1889
2382
2382
2292
1839
4983
1873
2751
3082
2284
1705
2038
1590
2382
2244
1079
1872
2335
2288
1965
2415
1798
2242
1380
1785
3025
2274
2109
2268
2274
2274
2406
2288
2109
2109
2265
2109
2109
2268
2269
2274
2274
2274
2274
1944
2034
1986
2116
2118
1126
2349
4888
2333
2520
1986
2274
1912
2118
1747
2415
2274
2274
2274
2295
1909
2034
1802
1126
2415
989
2526
2728
2743
2583
2294
2268
2153
2274
2288
2098
1915
1985
1473
990
1342
2034
1663
2270
1665
1665
2624
2386
2371
2371
3040
3061
2977
3244
1985
1657
2459
2191
1473
1472
979
2624
2704
1909
933
990
2762
1861
1912
1909
1939
2138
2511
990
2599
2091
1663
978
1860
2064
2064
1860
1965
2259
2288
2092
1996
2034
2291
2762
2571
2760
2092
1985
1750
1663
1990
1814
1793
2263
1028
2600
1855
1990
2263
1796
2138
989
989
2720
3341
2967
1481
2809
1663
2269
2269
1912
1940
2423
2558
989
3438
3371
2274
2288
2109
2327
1706
2462
1988
2429
1424
2363
2191
2448
2454
2454
2327
2604
1909
2411
1205
989
993
2070
993
989
993
2415
989
989
989
989
2459
990
2760
3446
1860
1752
2527
2492
2705
2389
2389
2569
1939
2809
2809
1643
2022
993
2092
2247
2076
2242
3332
2487
2274
2274
2406
2109
1706
1984
2057
1996
1209
1857
4979
2529
1205
989
1879
2034
2393
2451
1473
1471
2423
990
2109
2038
2330
2330
978
2091
1706
1941
993
1206
1857
989
989
3196
978
1665
2569
2380
2253
2268
2034
926
4992
2809
2762
2809
2809
3438
2268
2268
2109
2109
2109
2394
2393
2411
2455
988
988
990
2990
2274
2038
2109
2070
2555
2675
4889
2529
4978
2821
2555
2592
4992
2660
2878
2600
3240
3455
3490
3334
2406
2411
1663
989
2813
1879
3513
2616
3704
2633
2861
2862
3083
2109
2361
2892
2268
2274
978
926
2539
1941
2813
3446
2109
2327
1988
2091
2270
1219
2675
4889
4889
2978
3057
3648
3996
2646
2821
4986
2667
3035
2459
3332
2268
2664
1472
2270
2819
993
1826
2933
989
2269
2524
1914
1914
1706
1664
2375
2648
2727
1879
3015
2934
2109
1706
518
989
2418
2952
2952
2894
2831
2895
3228
3256
3475
3338
3338
2697
3338
3480
3793
3259
3469
513
1706
2671
2751
2762
1482
2298
2908
1863
2831
516
2895
2694
3257
2831
2831
2864
2894
2864
2831
2831
2710
2604
2490
2933
2933
3241
2070
2538
2935
3696
3615
4021
4942
3892
2270
988
2070
2691
3722
2135
989
2736
3000
2987
2927
2780
2987
2987
2733
3398
3445
3362
3801
2987
2987
2839
2740
2850
3439
2961
3092
2987
2987
3424
2859
2872
3737
2885
4021
2892
2612
2109
2109
2268
2298
2406
2038
2000
2897
2667
3290
2763
3181
3727
3864
3180
3866
3866
3480
3366
3191
2700
2678
2678
2678
1684
989
2109
2343
1209
978
4892
4892
4892
4892
2820
2739
4890
4890
2640
4889
4892
2868
2787
2850
2788
2820
2641
2788
2739
2932
2849
3118
3099
3098
3154
3059
3601
3408
3518
3690
3026
3290
3290
3682
2109
1665
1864
2441
4892
4988
989
989
2788
2795
988
3172
2298
2000
2000
2952
1706
1652
2980
3003
2678
2277
2840
2643
2958
2842
4090
3694
3216
3426
3216
3674
3675
3880
2646
2846
2841
2910
2820
2558
2983
987
989
2813
3332
2810
2070
2406
4885
2886
1210
2642
2788
2580
2780
2814
980
1706
2035
2628
2820
2866
2277
2461
1706
2677
1219
989
2257
4988
2990
3482
2991
2952
2000
2834
2776
979
989
988
2912
988
2987
3424
2267
1989
2917
990
988
988
2896
1650
3048
3079
4099
4133
2921
3866
2922
3845
3996
3995
2802
2667
2987
3438
2000
2541
2932
3098
3026
2990
1967
2711
2509
2090
2725
1652
2897
991
993
2022
2558
2990
981
2664
2000
3246
2896
2569
2605
3647
3735
4097
2801
3398
2380
1651
2022
2541
2720
2720
2967
3341
2038
2111
2109
2298
1652
2819
2878
2386
2818
2886
2720
2451
2818
2598
2801
2926
3090
3090
3010
2868
2987
3614
3479
2908
3420
3520
2649
3099
3459
2597
2606
2070
2070
2691
3042
2022
989
3238
3251
3322
2510
2720
2926
3316
3609
4068
2845
2688
3427
3358
2267
3114
2510
2644
2257
3014
3210
3024
506
2763
3027
3028
3864
3181
2070
1651
2491
3034
2705
2954
2492
2987
2086
3038
2386
3118
3479
1652
2974
3405
2950
2678
2678
2700
2700
2864
2678
2678
2678
517
2702
3459
3409
2976
3249
3326
3264
3234
3230
3230
2172
2172
2967
3446
2833
3318
2766
4099
3468
3075
3077
2683
3076
3467
3466
3205
3202
2492
2492
3022
2752
3595
3614
2952
3439
3059
3035
2800
3154
2803
3678
3363
3363
3639
3092
3092
1648
3044
2974
3263
3459
3156
2173
3424
2038
1644
3335
2715
3860
3829
3105
2710
3042
2070
2897
2636
2490
3061
3320
3518
3060
3408
2541
2375
3154
3208
3208
3430
3430
3430
3277
3476
3650
3471
3411
3370
3435
3396
4029
4159
4191
3651
3125
2835
2894
516
2678
2373
2373
2977
2977
2977
2977
2977
2977
3459
3407
3153
2705
3249
2510
3059
3154
3208
3430
3288
3277
3348
4083
4025
3134
4149
3738
3868
4107
2801
2987
3482
3479
2864
2864
2693
2831
3228
515
2895
514
3319
3257
3484
3851
3057
3182
2209
2402
2386
2386
2022
2129
3026
2864
2864
2864
2087
3061
2977
3119
3488
3639
1998
2864
2864
2864
2700
2831
3142
3142
3142
3142
981
2864
2864
2700
2510
2977
2024
3231
3430
379
388
3212
389
385
2803
3160
2997
3126
2807
3216
3426
3426
3983
3870
3983
4091
3742
3742
3217
3740
3740
3740
3345
3426
3426
3121
2807
3160
3208
3208
2253
3044
2950
2864
2948
2977
3061
3245
2172
379
380
2733
3639
3092
3189
2700
2864
2373
3230
2977
2977
3249
3326
3322
2495
3006
3035
3119
3125
3027
516
1998
2950
1998
3354
513
3262
2942
2942
3469
3359
2040
2510
2172
3230
3251
516
1998
517
3191
2253
2111
2172
3230
3230
2806
3602
3736
3633
4082
4082
4071
4092
3221
3395
3434
3431
2806
3430
3277
3369
3369
3498
3371
2692
3056
2702
2767
3404
2111
2977
2977
2022
2173
3021
3026
3490
2634
2111
3230
3230
2977
2129
2070
3230
3231
3230
3622
3158
3021
3453
3490
3295
3042
3819
3230
2510
2172
3231
3249
3249
3477
3477
3476
3476
2285
3331
3446
2733
3455
3365
2831
2831
3142
2700
2925
3230
3230
3230
3369
3208
2807
3430
3121
3190
4027
3280
3650
3446
2772
3346
1999
1998
1998
3043
3027
2685
3355
2772
1998
3262
3278
3011
3445
2962
516
2831
2831
2711
2941
2705
3378
3224
2981
2090
2493
3158
2954
2088
3115
2510
3278
4071
3745
3219
4191
4025
3131
3132
3384
3165
4060
4192
3881
3642
3642
3833
3452
3451
3389
3329
3128
3348
3011
3356
3365
3073
516
3354
1998
3197
512
2942
3518
3518
3736
3995
3881
3651
4100
3380
3411
3452
3086
3287
3120
3121
2807
3329
3161
3089
3337
2963
2510
3008
3008
2495
3390
2510
2807
3208
3121
2835
2925
3115
3451
3170
3810
3120
3349
3503
3173
514
3256
3319
3319
3475
3440
3851
3192
3212
381
2997
2997
3390
3639
2420
2088
3009
3009
3219
3642
3380
3413
3330
3240
3240
3627
4113
3074
2680
511
511
3163
3361
3129
3349
3649
3141
2697
3141
3857
3857
3857
3982
3121
2733
2674
2088
3602
3433
3497
514
3256
3178
2681
3690
3351
2726
3254
3360
4027
3160
3121
3498
3501
2601
3304
2694
2694
3355
3360
3982
3413
3488
3357
3181
2723
513
3501
3008
3497
3127
3127
3239
3354
3256
3255
3420
381
4040
3510
3622
383
506
2749
3512
4214
4214
3140
2992
3406
3261
3394
3169
3608
3672
3786
3781
3526
4147
4261
4198
3950
3943
3943
3943
4256
3976
4256
3943
3495
3607
3487
3798
3679
3679
3613
3552
3552
3552
3684
3541
3541
3826
3823
3823
3546
4914
4931
4922
3724
3888
3552
3684
3684
3568
3569
3805
3523
3572
3523
3168
3552
3683
4206
4051
3725
3811
3546
3550
3848
3628
3563
3563
3628
3629
3629
3660
3679
3693
3684
3270
3190
3104
3690
3736
3878
3643
3868
3394
4055
3169
4085
3732
3487
3495
3414
3393
508
3570
3571
3673
3608
3391
3360
3258
4043
3170
3289
3288
3473
3223
3473
3473
3223
3473
3570
3542
3805
3813
2601
3279
3279
3633
3355
3380
3618
3683
3572
3639
3365
2940
3319
3257
3258
4027
3289
2814
3619
3569
3569
2922
4032
3409
4027
4027
3604
3486
3496
3645
3540
3542
3542
3638
3572
3631
3481
3475
3460
3692
3826
3961
3386
4059
3168
3827
3827
3870
3741
3743
4026
4026
3674
2845
3694
3693
3693
3552
3553
3316
3748
3523
3571
3128
3514
3304
4018
510
3524
3671
3785
3800
3747
3096
3520
3652
3469
3874
3643
3426
3653
3285
3605
4073
3456
2993
2847
3226
3506
3524
3702
3435
3464
3523
3523
2919
3403
3677
3739
3811
3778
3797
3222
3688
3522
3465
3177
3641
3714
3620
3543
3707
3684
3402
3857
3292
3164
3804
3843
3345
4091
3827
3870
3743
4101
4082
3426
3743
4101
3742
3746
3817
3746
3493
3568
3660
3552
3552
3684
3684
3629
3628
3628
3646
4002
4111
4111
4151
4001
3783
3661
3964
4111
4111
3789
4109
4902
3776
3526
4034
4127
3385
3728
3654
4127
4125
3657
3805
3784
3629
3466
3467
3077
2697
3179
3484
2746
3824
3701
3469
3440
3388
3135
3356
3733
3748
3853
3464
3610
4027
3795
2746
4130
3494
3850
3575
3983
3983
2764
3901
3625
3473
3817
3654
3505
3104
3499
3484
3494
3261
3780
3998
3387
3827
3638
3569
3713
4084
4238
3179
3860
3830
3807
3106
3860
3829
3499
3105
3840
3862
4054
4148
3215
3091
3131
3416
3631
3795
3779
2684
3733
4116
4280
4318
3610
3612
2959
2722
2937
3830
3677
3721
3795
3444
2765
3866
3805
2696
4082
4052
3620
3741
3870
3741
3870
3627
3504
3813
3218
3568
3552
3720
4026
4018
4018
3880
3841
3912
3510
4910
3751
3574
3552
3552
3381
3700
4942
4164
4164
3689
4558
4368
4748
4708
4604
4609
4403
4319
4107
2614
3962
3878
4146
3537
3971
4193
3941
3578
3555
4922
4918
4918
3583
3585
3588
4178
4912
4966
4932
4048
3593
3757
4188
4925
4264
4198
3773
4913
4933
3756
3756
3922
3770
4297
4908
3913
3945
3976
4299
3943
3761
3952
3761
4264
3762
4253
4925
4178
4188
4903
3757
3593
4095
3848
4095
4967
3628
4051
3724
3844
3741
3741
3717
3784
4206
3986
4906
4940
3913
4297
4297
4263
3950
4294
4198
3763
3910
3556
3913
2723
3597
3677
4083
4022
4112
3578
3775
4290
3976
4249
4237
3928
4016
3988
3986
3986
4090
2645
3633
3799
3166
2717
3396
3706
3706
3529
4195
4146
3987
4195
3775
3988
3945
4246
4202
3929
4935
3537
4905
4018
2645
4082
3484
2684
3480
3741
3741
3864
3902
3655
3963
4905
3879
3493
3675
3715
3222
4016
4189
2766
3442
4132
4123
4101
3686
3569
3078
4042
3444
3076
4260
4206
3364
3442
4089
3382
2750
3629
3784
3818
4156
3528
3220
3695
4191
4140
4068
3012
3709
3132
3846
3454
3468
3499
3883
4102
4037
4102
4153
3787
3874
3382
4101
4101
4065
4942
3892
4023
3836
4025
3654
3987
3537
3909
3909
3352
3499
3499
4037
4120
3832
4123
4090
4059
4091
4189
4042
3218
4126
3899
4060
3847
3816
3719
4057
4119
4099
4102
3676
3676
4040
4060
3804
3074
4131
4214
3855
3856
3784
3855
3792
3792
3218
2920
4214
4229
4060
4902
3948
4113
3282
3362
4240
4108
3856
4104
3384
3903
3418
3928
2924
4117
3630
4063
3903
4070
3784
4185
4131
3134
3385
3220
4024
3941
4250
4255
4153
4063
4023
3804
3661
4142
3788
4036
3840
4038
4120
2735
4024
3105
4715
4727
3689
4062
4590
4634
4727
4556
4604
4708
4604
4752
4646
2945
4737
3353
2923
3899
3646
3828
4290
4287
4198
3105
4182
4120
3787
4106
3646
4237
3972
4138
3828
3972
4261
4209
4154
4925
3526
4116
3945
3918
3924
3661
4299
4244
4154
4122
4003
4513
4672
4164
4369
4164
4590
4506
4716
4760
4760
4682
4469
4469
4945
4650
4259
4281
4559
4590
4240
4679
4655
4285
4198
4298
4753
4613
4963
4287
3918
4161
4003
4294
4262
4308
4297
4298
4048
4957
4492
4407
4262
4199
4528
4613
4276
3790
4187
3582
3759
4655
4655
4713
4259
4494
4171
4317
1346
4199
4634
4727
4450
4708
4713
4467
4650
4469
4111
3591
4715
4613
4253
4245
4253
4253
3760
4492
4925
4188
3579
4179
3757
4178
4259
4682
4236
3590
4281
4748
4925
4727
4303
4226
4469
4740
4325
4227
4549
4470
4655
4604
4755
4682
4450
4752
4772
4549
4773
4735
4682
4737
4737
4760
4486
4380
4604
4770
4475
4760
4760
4708
4760
4770
4770
4772
4614
4614
2504
4760
2299
2145
2145
2504
2504
2504
2504
2145
2145
2145
2220
2220
2145
2145
2505
2505
2145
2505
2505
2505
2505
2505
2505
4682
4614
4760
4614
4760
4735
4737
4735
4735
4604
4657
4435
4682
4682
4737
4737
4737
4760
4770
4713
4760
4713
4713
4772
4760
4657
4770
4713
4770
4760
4760
4722
4722
4604
4737
4737
4380
4760
4450
4682
4604
4737
4708
4682
4604
4713
4713
4614
4760
4713
4772
4713
2504
2504
2504
2145
2145
2145
2145
2145
2145
2145
2145
2145
2145
2145
2145
2145
2145
2145
2299
2945
4604
4604
4604
4489
2145
2145
4772
4773
4708
4772
4737
4614
4737
4713
4737
4604
4760
4604
4489
4713
4760
4760
4614
4772
4713
4772
4713
4657
2505
2505
2145
2145
2505
2145
2505
2505
2505
2505
2505
2145
2145
2505
2145
2145
2505
2505
2505
4450
4760
2145
2505
2505
2505
2145
2145
4450
4772
2505
2505
2505
2505
4772
2299
4657
4450
2505
2505
2145
2145
2145
2505
4657
4772
4657
2505
4772
2145
2145
2505
4450
4713
4614
2505
2505
2505
2505
2299
2145
2145
2505
2505
2504
4614
2505
2505
2505
4772
4760
4708
2145
4713
2505
2299
2299
2504
4450
4489
4772
4489
2145
2505
4770
2145
2505
4760
4604
2145
4380
4737
2299
4489
2145
2145
2145
2145
2145
2145
2504
2504
4489
4737
2504
2504
4735
4737
2299
2145
2220
2145
2145
2145
2299
2299
2145
2145
4760
4737
2145
2505
2145
4772
2145
2504
2299
2299
2145
2299
2145
2145
2145
2299
2145
2220
2145
4760
4760
2504
2505
2145
2145
2504
4657
2299
2299
2299
2145
4735
4735
2145
2145
2145
2145
2145
2145
2145
2145
2145
2145
2145
2145
2145
2145
2504
2505
2299
2145
2145
2145
2145
2504
2145
2220
4737
2299
2220
2145
2145
2145
2145
2145
2145
2145
2299
2145
2220
2145
2145
2145
2504
2299
2145
4760
4760
2145
2145
2145
2145
2145
2145
2145
2145
2145
2145
2145
2145
2504
2145
2145
4760
2145
2145
2145
2145
2145
2220
2145
2145
2145
4760
2504
2504
4760
2145
2145
2145
2145
2145
2145
2504
2145
2145
2145
2220
2145
2145
2145
2145
2220
2220
2145
2145
2145
2145
2145
2145
2145
2145
2145
2145
2145
2145
423
423
423
423
423
423
423
423
136
423
423
423
423
423
423
423
423
423
4830
1432
994
946
1115
894
4802
847
1505
1362
4847
669
667
4838
773
672
627
627
4847
4859
994
1362
1485
1485
999
721
1109
4805
1109
4822
4823
4817
1102
4841
4835
4849
860
4833
4833
1004
1244
1499
1246
949
790
845
687
4844
4844
685
1411
4813
4843
1431
1431
4793
1457
626
1501
609
681
1430
794
774
623
945
1506
4856
1541
1495
453
369
453
1588
2035
2035
2415
993
2022
993
993
2415
989
993
4892
2818
2818
2788
1838
2836
2866
4895
4980
2732
990
2741
2510
3953
4003
3552
4246
4003
3578
3954
3954
4261
4253
3553
3553
4912
3719
3551
3552
3659
3616
3628
3613
3596
3550
3616
4910
3753
3751
3875
4932
3553
4146
4908
4908
4252
4249
3929
3552
3551
3757
4209
4940
3951
3924
3885
3933
3353
4626
3808
3883
4573
4963
3860
3867
4290
2145
2145
2145
2145
2505
2145
2145
2504
2504
2505
2145
2505
4614
2145
2145
3568
1313
4969
1235
4969
1241
1099
4973
1241
4983
4892
4980
4979
1203
4992
4983
4984
5000
4986
4988
4986
4986
4984
4988
4988
4992
4992
4986
4983
4989
5000
5000
5000
4983
5000
4983
4986
4983
4986
1235
1960
1860
