4823
51
51
263
4820
340
187
253
513
449
4823
4823
4823
226
98
105
98
98
98
4823
4823
4823
4823
4823
53
98
98
98
98
98
98
132
4823
4823
4823
98
98
4823
4823
4823
322
337
399
298
229
326
340
51
4823
4823
4823
98
98
98
98
105
105
105
105
98
98
98
98
98
310
4823
132
132
225
53
310
4823
132
132
132
132
4823
162
316
4823
4823
98
98
98
4823
4823
4823
4823
4823
4823
4823
4823
4823
4823
4823
4823
98
98
4823
4823
4823
4823
4823
4823
4823
4823
98
4823
4823
4823
347
332
286
505
249
515
212
205
224
333
329
9
4823
4823
4823
4823
4823
270
4823
310
4823
4824
4823
4823
98
98
98
98
98
98
105
98
53
105
53
98
105
105
105
105
53
53
105
105
226
310
4823
4823
88
98
53
53
317
4823
19
433
408
329
8
7
360
399
406
360
360
406
451
202
202
602
1576
210
209
452
407
334
154
253
451
84
4815
136
136
136
204
4823
4823
4823
4823
98
83
4823
317
314
98
83
4810
83
4823
4823
4823
51
270
4823
98
98
53
92
236
298
4823
85
4810
4815
286
286
216
505
11
338
98
98
4823
296
324
98
160
226
53
53
132
85
283
98
98
98
4823
4820
4823
91
4823
336
92
98
105
153
226
338
286
287
98
105
53
53
51
162
162
79
322
17
340
79
399
98
17
433
10
286
98
98
98
160
105
132
116
105
132
132
226
226
4823
433
15
157
221
98
92
286
98
4821
17
136
4823
98
98
4823
98
9
334
41
286
286
98
98
105
433
329
98
342
323
384
105
105
334
389
334
452
211
1301
1403
1405
1403
1403
1269
2578
2645
2324
2324
2324
2121
2121
2879
2824
4940
4089
2712
1271
3272
3891
98
98
189
453
105
337
236
334
216
223
223
439
420
214
665
671
628
803
223
11
4821
79
4821
79
359
98
98
98
98
105
79
505
324
98
105
105
98
132
337
249
98
98
329
359
359
250
447
105
98
226
98
98
98
505
98
105
399
98
98
98
105
105
132
105
153
11
132
359
333
250
250
429
360
447
760
665
7
11
337
399
406
94
399
333
250
250
250
360
447
429
202
187
453
329
204
299
522
360
360
333
202
406
406
139
250
360
250
459
202
202
702
1528
1630
1630
1586
1468
1791
2588
1436
1918
3504
3358
3924
3325
3137
2800
2800
2934
3132
3132
1100
3132
3132
2933
2933
2933
3138
2980
2603
2604
2172
2109
1751
1345
1287
1373
1166
2152
2832
2884
2008
2454
4981
2917
521
459
522
223
202
360
451
360
447
360
360
360
360
360
504
406
406
202
515
664
202
459
459
418
452
210
459
391
671
697
139
451
406
202
202
250
224
515
212
697
224
459
459
459
202
459
250
447
360
459
447
510
451
514
360
429
360
360
459
250
447
360
250
602
540
628
1269
804
1269
250
645
4828
645
4828
645
645
4828
4828
645
645
4828
4828
4828
4840
4828
4840
583
655
655
544
571
548
548
755
1039
1229
4857
599
586
570
4833
673
744
1214
593
645
645
4828
645
4828
726
4828
645
726
645
645
645
645
645
429
451
514
4828
4840
583
4840
726
4834
583
583
583
4828
4828
645
4828
4828
4828
4828
4828
583
655
583
583
698
202
418
803
672
1458
749
1458
645
645
4828
645
4828
4828
4828
645
4828
4828
645
429
360
250
250
510
645
645
672
4828
4828
583
4828
4828
4828
4828
602
708
803
468
1269
645
645
645
645
645
645
645
645
4828
4828
4828
4828
583
583
360
360
4828
4828
583
4828
583
4828
645
645
645
645
645
645
645
726
651
726
645
645
726
523
452
645
451
447
459
532
974
583
209
144
4861
1421
1404
1540
645
144
540
804
211
468
1269
532
4828
583
1421
671
583
4828
208
626
583
645
645
726
645
726
726
726
726
726
708
1507
1529
1697
1454
645
583
583
540
211
210
4828
645
645
726
451
4828
726
726
602
1528
726
645
4840
726
645
645
4840
726
650
645
680
4828
570
366
749
766
690
651
645
645
726
726
645
645
1524
697
645
463
544
726
645
811
570
583
726
645
726
211
1314
367
645
645
726
4834
4840
726
726
811
645
651
925
4828
544
544
650
1031
1549
1549
1550
1977
1978
1551
1733
1524
1537
1553
1552
1937
690
4828
672
583
539
749
368
1305
544
544
651
726
726
726
4828
544
544
583
726
583
583
726
726
726
1754
1754
4864
1450
1421
1403
1560
1560
1422
1268
645
570
570
469
1270
1796
2416
369
2019
1962
2466
1652
995
1650
813
1852
1857
2222
2951
2474
2762
2430
2485
2430
2192
2549
2474
726
726
645
650
645
616
544
543
987
544
726
4828
796
810
762
599
673
763
4857
784
784
635
645
796
856
1394
1477
1455
793
890
1034
923
1170
1412
1412
558
1412
1171
1472
1782
1865
881
1957
1989
2369
2397
856
1169
600
895
838
569
570
4833
673
673
726
838
1299
1135
810
797
810
762
599
673
645
737
674
4833
673
842
842
1043
699
645
792
810
744
762
4966
638
547
750
708
856
833
891
907
1170
1477
915
891
568
1170
1170
1413
1059
559
1254
1579
1151
1472
1793
1015
1020
978
565
642
4839
548
548
571
974
690
838
1170
1477
1477
558
558
1477
1576
810
655
4840
721
1214
598
655
726
787
726
726
726
726
726
726
726
1524
1549
891
539
1921
368
368
767
645
4828
635
635
793
839
1314
787
745
686
686
726
891
915
838
810
674
720
367
541
1257
4834
1169
1285
1136
645
642
703
749
586
590
4850
590
987
983
655
745
1245
915
367
976
590
1049
544
543
726
4834
4840
4834
4834
726
686
891
4834
4834
787
703
891
1048
839
750
726
568
565
568
565
895
1285
891
468
4850
755
745
906
854
1055
857
1000
1203
1123
1401
1369
2330
2277
1872
2537
1887
1887
2514
2484
2513
2982
3178
3011
3387
3258
1096
1096
3178
2982
2258
1887
1887
1054
1044
726
635
833
793
1137
1440
976
842
568
907
1053
794
787
686
927
1121
1167
1129
1152
4834
794
4834
548
4832
1170
1579
1579
1048
1221
1392
1392
1023
1365
635
579
1229
1229
1039
791
1011
1020
907
907
1052
1507
918
1196
1252
1253
959
932
647
1039
923
4857
1149
568
907
691
1733
1225
1205
1124
954
1110
1065
1173
1529
846
1189
1189
1034
1441
1048
721
562
1579
558
1023
556
977
548
907
902
1030
1472
721
594
787
650
794
787
4832
895
1441
1039
543
1038
4850
1175
1170
1258
902
4834
731
1002
976
568
900
1020
1151
1205
4967
1170
1529
1507
1258
1305
787
1170
1170
1579
4850
543
766
1214
579
1363
587
1175
1754
1549
1550
910
561
559
1254
4834
1167
1476
1406
1915
472
3424
3847
4097
3951
4944
4404
4355
4249
4567
4250
4640
4570
4616
987
668
987
1171
786
1170
1128
983
548
543
978
918
907
1170
1386
1386
1286
788
1112
700
1450
1540
1450
1450
1560
1476
1789
470
471
793
4967
548
1214
1110
1269
1975
1663
1245
4857
1175
1368
1872
2277
1170
561
1022
1315
787
1579
1412
1392
1579
1579
558
1412
1171
1921
548
1174
1008
1974
956
1186
1164
794
1579
1579
1579
1579
558
1412
558
1579
1059
1059
1058
1037
983
1020
1441
1153
1153
1310
1290
1414
1346
1819
1819
2110
1887
1163
1921
1219
1392
1059
4832
4834
4834
4832
4838
1037
681
4832
1037
1245
4832
907
1067
1453
1595
1530
1408
1765
1703
1613
1512
1627
4855
4968
1055
1412
1412
1392
1171
1595
1453
1890
2055
1633
2402
2475
1755
1407
1596
1737
1966
2016
2520
2539
4832
4967
933
737
1170
558
1289
1631
1861
1407
1632
548
548
571
655
1511
2005
4967
1289
1028
1190
1066
1644
1711
1873
1830
2010
4968
1212
1213
1135
1631
1412
1412
558
1412
1392
1412
1300
1406
4853
1411
1020
907
1170
1170
1153
1153
1154
1441
1169
719
1352
1595
1451
558
1579
1412
912
1593
469
907
1154
1170
1217
907
1754
1552
1424
1454
1424
1477
1860
1860
1711
1510
1455
1154
1550
1286
1454
1631
4967
4853
1411
1366
953
955
1890
1984
1757
2031
1111
1068
1185
1068
1921
1798
1796
1798
1066
586
1167
1389
1550
1286
1395
1453
1595
1860
1239
1594
1153
1477
1386
368
2019
1228
1184
1502
1674
488
1877
1657
494
1930
1408
1397
557
1398
1477
1579
1153
1135
1135
1126
1412
1397
1300
1170
1286
1548
1374
1374
1344
2036
1592
1930
2333
2342
2876
2914
2033
2542
2792
2800
1590
1244
1122
888
1552
2019
2019
768
2475
1548
1591
1743
1392
1412
1298
470
1177
2019
2019
1545
1451
1696
1787
491
1980
2595
2540
1412
1796
2016
2016
1164
1348
1631
1548
1352
490
1229
4853
1911
1477
1733
1546
1803
1741
1993
1441
1799
1696
1787
1736
1409
1308
1469
1510
1914
1153
1706
1412
1736
1833
1704
1362
1370
1606
1937
1459
1706
1464
1391
1398
1344
1632
1676
1286
1679
1993
1465
1717
2107
1054
1498
1474
2031
2031
2031
1425
1733
558
1465
1235
1317
1477
1796
4853
1129
1796
2717
2091
2416
1794
1153
1153
1477
1309
1411
1130
1131
1819
1477
1307
2577
1470
1885
1965
2577
2854
2673
2673
1347
1731
2110
2110
1732
2514
1731
2110
2019
1579
1298
1501
1369
1798
1477
1153
1153
1122
2717
1790
1565
1519
1679
2050
1744
558
1794
1463
1153
369
1579
1713
1171
1646
1391
2091
2771
2324
2806
2645
2645
1566
1818
1733
1645
1645
1610
1729
2105
881
882
881
2369
1849
1990
1369
1691
1944
2032
1938
1399
1373
1920
1015
1579
1828
880
1770
1729
1369
1835
1872
2051
1927
1075
2449
1513
1610
1784
2049
1889
1621
1729
1531
2321
2321
2722
2471
2657
2372
1683
1567
2050
494
471
1541
1835
1751
1877
775
369
2019
1798
1716
2108
1879
1752
2377
2377
1927
2377
2377
1994
1153
1551
1798
369
862
861
1923
1475
1571
1552
775
1881
1923
1872
1980
1755
1579
1434
1434
2003
2125
2125
1151
1944
2411
2295
2401
1347
2019
1827
1770
493
1348
1935
2031
1978
1927
1075
1755
1929
1840
2089
1889
881
881
882
1886
882
1466
1731
1875
1830
1978
2137
2578
1884
1753
1872
1732
1071
2109
1897
1900
2779
1923
2505
1761
1748
1753
2099
2602
1090
2800
3132
1091
1090
1891
1744
1470
1241
972
1542
1770
2362
2051
2292
2328
2328
2274
2368
2136
813
2315
2315
2315
2453
2311
2291
2395
2315
2292
2453
2328
830
2328
2368
2368
2136
2327
2291
2291
2292
2072
2292
2292
829
2162
899
1729
2049
1915
2645
1426
2020
1927
2392
2051
1926
2328
2328
2066
2116
2328
1544
1729
1729
2049
881
2049
1835
1972
2292
2271
2161
2291
2292
1018
1684
4889
1633
2732
2487
2475
2384
2475
2161
2327
2161
2439
2327
2439
2162
1017
1796
2401
485
768
2092
2072
2219
2219
2072
2291
471
2166
1874
1840
2116
1908
2019
369
1306
2395
2315
2453
2415
369
2002
1829
2362
2377
1961
1872
2103
2188
2256
2266
2266
2469
2556
2499
2301
1650
2101
1978
2114
1756
2395
2190
2188
2470
2549
2770
2116
2215
2256
2361
2579
2958
2958
3059
3057
2242
2242
2878
2878
2958
2643
2825
2558
2553
2552
2552
4872
2825
2559
2550
369
2470
2416
2416
2771
3050
3039
2651
2651
2878
2878
2594
2594
2777
2243
2341
1702
2300
1668
1970
2456
2347
2404
2177
2178
831
2070
2266
2190
4875
4871
4871
2250
2807
3184
3059
3059
2141
1825
1958
2397
2397
2536
2536
2397
2536
2395
2291
2092
768
2368
2311
2161
2311
2339
2474
2002
2771
1605
1684
2064
2395
1731
2110
2181
2368
824
824
2192
2615
2415
2315
2517
2645
2049
1936
2168
2035
2054
2368
1852
2475
2136
1962
369
995
1306
2018
829
2517
2517
2192
2499
2517
2770
1826
1957
1133
1935
2718
2714
3025
2266
1562
2002
1543
2954
1616
1882
2041
2084
1562
2207
2398
2329
2311
2615
1729
1866
2009
2296
2408
2176
2592
2360
2360
2506
2267
2267
2245
2343
2417
2189
2407
2592
2360
2418
2418
2334
1668
2181
2207
2818
2297
1953
1852
995
2327
1988
2049
2049
881
2294
1087
1731
2117
2277
2277
2397
2091
2334
2334
2525
1072
1731
2035
2277
995
2559
2615
2430
2788
4888
2106
4883
2105
2293
2644
2476
2382
2417
2334
2236
2392
1562
1887
1649
2517
4885
2188
2336
1652
2018
2708
2820
2820
2977
3000
2594
3038
995
2018
824
2213
1668
1562
2048
1953
2581
2569
2569
2330
2018
1936
1072
1872
1887
370
1906
1957
2089
995
1429
2018
2447
2297
2514
995
2559
2296
2384
2146
2808
2398
1865
2565
2146
2505
1952
2257
2487
2257
2515
1886
881
2006
995
2257
1887
1732
2515
1887
2995
2251
3088
2552
2010
2280
2418
2347
2506
2514
2277
2053
1857
2550
1909
501
2848
2334
2407
1901
1901
1901
2721
482
2515
2515
1956
2316
2485
2362
2595
1089
1702
2464
2537
2550
4869
3128
2959
4869
3035
2555
2555
3035
2825
2555
3035
2474
2748
2770
1410
1436
1918
2515
2475
2754
2754
2754
2754
2620
2570
2709
1410
2293
2644
2361
4870
2435
2487
2487
2754
2487
2165
1683
1436
2505
2006
2360
2506
2383
2236
2478
1986
1887
2645
2411
2258
2537
2537
2259
2464
2464
2550
2213
4870
1104
2017
2475
2466
2466
2397
2397
2209
2213
2247
1970
2507
2456
1652
1962
1901
1426
4869
2537
2537
2558
1410
3025
1970
1654
2912
2777
2403
2674
1982
1427
1957
1989
1991
2486
2407
2417
2189
2178
1986
1427
2771
2474
2923
2210
2908
2412
2435
1986
2579
2258
1097
2537
2629
1097
3064
1097
2537
1858
3320
2505
2966
2884
3170
3123
4876
2431
2755
2475
3006
1831
2471
3386
2957
2849
3547
3386
3007
2730
2751
2382
1104
2711
2360
2592
1653
2466
2620
2581
2803
2563
2564
2278
2178
2166
1702
1428
2258
3065
3064
3105
3014
2945
4062
2940
3066
3066
2165
2954
2623
2471
1436
2592
2120
2018
2123
2123
2825
2324
2322
2995
2456
2721
2755
1427
2434
3166
2760
2471
1917
2407
2763
2442
2558
1073
1103
1102
1101
1102
3138
2933
2933
3138
3134
3136
3136
3136
1093
3135
3135
3362
1093
1093
3362
3362
4892
4892
4108
3301
3301
3301
482
2754
2645
2592
2407
2774
1104
2980
2933
3138
3138
3138
3138
1093
3134
1093
1093
1093
3139
1094
1100
4878
1101
2981
1100
4878
3138
2962
2982
2466
2754
2324
2324
2771
2674
1970
2775
2120
2773
3683
3081
3749
2812
2513
2616
2617
1678
2988
2876
2555
2319
4982
2936
2891
2891
2889
2936
2936
2938
2938
3167
3016
2891
2936
2936
3003
2743
2744
3522
2936
2936
2936
2896
4985
2908
2909
3516
2385
3714
3020
2957
2407
2352
2592
2417
2033
2800
2800
1858
2038
2706
2703
2847
2840
2840
2840
2840
3178
1095
3362
3178
3178
4880
2990
2474
2177
2417
2775
1653
3010
3066
2889
3066
3010
3066
3066
2744
3014
3105
3010
3014
2938
3010
2744
3105
3010
2744
3389
3740
3143
3107
2905
3525
3682
4095
3066
2324
2705
3324
2372
496
3550
2417
2378
2962
1901
2581
3066
3066
3105
2555
3010
2742
2742
3006
2891
2889
2591
1091
3052
3052
2980
2933
2542
1642
4884
2982
3045
3330
2945
2940
3477
3413
3475
3207
3356
3207
3654
2943
2944
2944
3759
2939
3107
3066
2995
3263
2748
2630
495
4985
2865
2246
2959
3105
3105
1096
3014
2742
2742
2889
2889
3250
3732
2665
1901
481
2754
2754
3105
3045
2646
2930
3065
3065
3035
3033
3033
3010
2889
2889
473
2527
2932
2980
2980
2929
3065
2581
2754
3035
4873
2985
3264
4976
4976
2355
2542
3045
3330
3056
2210
2962
2033
3153
3696
3171
3258
3505
4237
3288
3724
4095
4869
2891
4982
2830
1091
2581
2620
3107
3006
1436
2520
2823
2732
2879
2754
2732
2778
2250
2552
4873
4873
4873
2347
2658
2932
3117
2990
2665
2620
3014
3046
4166
3107
2938
1471
2876
1098
4873
3233
2252
3108
2196
2720
2878
2720
2800
2756
2623
2708
2239
3258
3153
2224
2732
3065
3322
2750
3107
2947
3003
2744
2938
2936
3497
2926
2046
1642
3569
3050
3389
3650
3393
4872
2179
2958
1678
3021
3184
2552
2324
2122
2121
2754
2754
3179
2947
3206
3418
3288
3289
2714
2987
2589
2772
3153
2754
2745
3128
2324
1271
2714
2566
2519
2519
2519
2519
2847
2840
2519
497
2196
2507
2250
2754
2584
2620
2620
2772
3258
2239
2735
498
2197
3313
2991
3132
3178
3178
3178
3011
3178
3178
1099
3178
3178
3011
3011
3740
2946
2756
2620
2879
2652
2651
2651
3059
3108
2674
3153
3696
3361
3361
3696
3153
3258
3361
3361
3361
3361
3361
3361
3178
2623
2957
2714
3151
2980
3178
3531
2584
3107
3142
3398
3288
3745
3003
3074
2936
4976
2566
2766
3193
2939
3531
2594
3298
2720
2720
2120
2773
3414
2823
2823
2356
4878
3222
2959
2800
1096
2879
2959
3000
3740
3346
3346
3525
2707
2251
3422
3397
3397
3416
3355
3396
3417
3240
3210
3435
3486
3459
3520
3737
3218
3142
3009
3132
3138
1100
2933
2933
3053
3132
2933
3011
2594
2707
2594
2820
2509
2594
2241
2594
2820
2906
2707
2879
2754
2652
3422
3398
3454
3417
3445
3737
3520
4231
3509
3445
3142
2891
2848
2862
1101
4878
4878
1094
1093
1093
1093
1093
3134
1093
3134
3136
3136
1093
3135
3136
3135
1093
1093
4892
3335
3505
3671
2241
2239
2777
3128
3184
2520
3061
4878
1094
2879
2707
2707
3567
3048
3132
1094
1094
1094
1094
1095
2777
3178
1094
2594
2594
3470
3038
3398
3204
1271
1271
3272
3885
2904
3207
3207
3207
3398
3207
3356
3356
3356
3208
3478
3454
3239
3553
3208
3356
3356
3356
3356
3356
3356
3356
3207
3207
1271
2662
3061
3138
3138
1095
2241
2241
2594
2242
3184
2324
2806
3003
2936
2896
2763
1099
2594
2878
2241
3038
3038
2121
2879
3184
2122
3142
3266
3138
3138
1100
3138
3132
3134
2934
3134
3136
3134
3136
3131
3136
3131
3267
3314
2353
3259
2754
2242
2651
2744
3132
3138
3221
1095
3330
2958
2777
2242
2958
3699
3347
4133
4135
3791
4238
3928
3460
3458
3435
3493
3493
3453
3416
3396
3396
3396
2520
2705
2519
2705
3250
2990
3387
3387
2958
3059
2243
2241
3038
3087
3782
3203
3151
3075
1094
2958
2242
2958
2652
3059
2241
3184
3059
2651
2242
3782
2122
2121
2904
2934
3153
3138
3132
2745
3057
2879
2242
2242
2651
2121
3699
3454
3453
3453
3396
1271
2657
2936
3075
2934
3140
1094
3134
3651
3057
2242
2242
2242
3416
3412
3207
3356
3398
2637
2242
3700
3443
3142
1678
2147
1093
1093
3131
3131
3470
3204
2519
3530
4161
3301
2385
3132
3131
3132
3539
3283
3179
2732
3134
3139
3134
1094
1093
2823
3416
3200
3206
2841
1093
3136
3137
2121
2121
2879
2879
3681
3928
3218
3210
3737
3486
3510
3510
3214
3856
3527
3417
3240
3210
3456
3455
3455
3458
3455
3283
3283
2876
3767
3134
3136
3136
3136
3221
3313
3651
4095
4159
3725
3918
2322
3443
3210
3398
3210
2904
3209
3356
3398
3454
3209
3206
1094
3362
2732
2121
2121
3539
3048
3443
3398
3356
2914
3140
2879
3792
3210
3494
3456
3209
3240
2840
3136
1093
3136
2873
3136
3135
1093
1093
2873
2703
2847
3530
3481
2732
1271
3272
3207
3179
2936
1642
2121
2121
2809
3240
3863
3493
3239
3048
3074
3072
2745
3362
3471
1642
3240
3355
3210
3240
2745
3362
1094
3362
3131
3347
4136
3928
3210
3396
3075
3136
2879
3726
3239
2844
3136
3136
1093
3136
1093
3362
3362
3442
497
2732
2873
3301
2873
3356
3355
3359
2705
2705
3543
4090
2840
3259
1094
3136
1093
3337
1093
2873
3131
3456
3509
2705
3372
3543
2704
2926
2845
2120
2873
4049
3699
3250
3239
3074
3362
3136
3136
2784
1271
3028
3031
3493
3547
474
3752
2716
1678
4086
3301
3273
3518
3528
3560
3661
3705
3774
3668
3603
3840
4236
3808
3633
3633
3808
3808
3808
3808
3493
3493
3475
3372
3793
3593
3622
3622
3660
3660
3660
3354
3656
3660
3660
3734
3625
3646
3731
3722
3660
3660
3660
3571
3660
3495
3495
3533
3533
3533
3653
3660
3660
4168
3728
3623
3622
3754
3622
3754
3754
3754
3754
3688
3688
3660
3688
3660
3371
3660
3387
2791
2732
4134
4133
4135
3568
3445
3528
3528
3560
3533
3493
3493
3493
3660
3493
3504
3660
3354
3533
3214
2879
3135
3301
1093
3456
3494
3356
3356
3356
3356
3356
3209
3356
3660
3354
3495
3553
3361
4212
3791
3314
1642
3660
3660
3593
3079
3571
3435
3017
3136
3136
3135
3337
3135
2873
3792
3325
3356
3571
3509
3661
3259
2945
3859
3292
3928
3903
3206
3493
3493
3457
3571
3354
3495
3533
3767
1637
3136
1093
3535
3328
3354
3560
3763
3763
3356
3356
3289
3289
3654
4178
4179
3289
3413
3297
3571
3660
3354
3533
3206
3359
3457
3533
3458
3665
3041
3941
3361
3660
3704
3661
2703
3248
3361
3080
3535
3701
2782
3301
3868
3356
3356
3493
3457
3170
3074
3074
2988
3100
3362
3362
3273
3356
3211
3435
3495
3533
4166
3136
4048
3903
3660
3573
3209
2703
2846
3457
4133
3362
3301
2704
3533
3206
3239
3660
3671
4159
2879
3903
3520
3356
3356
3478
3289
3540
3209
4199
3289
3540
3540
3355
3293
2834
2840
3170
2836
2712
3660
3660
3660
3660
3660
3660
3660
3754
3754
3754
3754
3754
3678
3858
3707
3883
3883
3754
3678
3707
3754
3754
3858
3765
3668
3624
3571
3661
3763
3510
3495
3763
3664
3495
3661
3660
3153
3361
3361
3387
3362
1093
3178
3362
3652
3299
3273
2704
2704
3481
3520
3481
3219
2714
3272
3435
3457
3859
3175
3467
2979
4108
2704
3722
3356
3208
3553
2847
3335
3665
3209
3170
3049
3154
2120
2879
3337
3489
3593
3325
3661
3548
3356
3495
3387
2773
3185
3465
2773
2979
3467
3251
2913
1634
2823
1634
2810
3624
3593
4231
3206
3100
3211
3239
3696
3175
3401
2840
2840
2715
3563
4097
475
3510
4162
2879
2879
2773
3647
4892
3903
2840
2840
3206
3495
1093
3362
3348
2773
4150
3540
3356
3283
3098
3239
3553
3458
3660
3940
3930
3724
4139
2809
3623
4892
3703
3734
3622
3660
3624
3652
3467
3082
3768
3648
1634
3465
3898
4307
1274
4143
4097
3211
2847
3098
3783
4136
4905
3823
4919
4288
4019
3646
3646
3646
3625
3708
3908
3908
3678
3678
3678
3678
3678
3780
4069
3835
3679
3678
3678
3908
3695
3708
3677
4911
4935
4910
3808
3780
3617
4069
3618
3780
3679
3780
3678
3678
3678
3678
3678
3678
3754
3678
3754
3728
4238
3217
3540
3476
3661
3574
3741
3605
4912
3617
4117
4909
4117
3710
3604
3677
3685
2732
2879
4136
3454
3540
3015
3729
3865
3601
4918
4920
3828
4905
3770
4125
4162
3789
3212
3208
3077
3510
3660
3661
3605
3631
4211
4919
3729
3975
3607
3823
4916
4912
4019
3815
3940
4162
4255
3178
2840
3683
2836
2840
3167
3510
3458
4126
4178
4199
3654
3654
3098
3553
4102
3909
4199
3210
3297
3540
3458
3661
3498
3189
3171
3783
2879
3940
3455
4150
3457
3754
3661
3661
3660
2940
3624
3460
3459
3459
3297
4140
2836
3496
3496
3435
2879
2823
2823
2823
4104
4178
4026
3660
3774
3705
3212
3208
3478
3478
4255
3748
3082
3312
3748
3553
3661
4102
3975
4289
3815
4288
4211
2879
1634
3517
3787
3075
3075
2942
3768
3163
3696
4273
3171
3553
3496
3459
3459
3660
3660
3169
3361
3788
3540
3357
3171
3167
3496
3496
3049
3748
3661
3662
3883
3661
3510
2839
3213
3312
3749
3496
3837
3477
3860
3082
3496
3662
3763
3212
3212
3553
3660
3169
3486
3459
3209
3213
3763
3660
3016
3486
3520
3503
3661
3636
4920
4935
3633
3754
3169
3312
3661
3883
3621
3621
3621
3621
2879
3479
3553
3520
3498
2879
3920
2824
3360
3360
1634
3896
4295
4317
4307
4345
4401
4515
4667
4411
4521
3553
3662
2853
3688
3688
3633
3808
2879
3016
3503
3907
3688
3754
3621
4920
3823
3479
3621
4270
3601
3602
3678
3920
4898
4910
3808
3883
3808
3621
3754
3498
3082
3713
3776
3713
3747
1636
3300
2879
3465
4334
4335
4354
4334
3892
3465
3848
3082
3847
3544
3566
2812
2812
3898
3754
3618
3713
4943
3082
4909
4908
3891
3891
3754
4118
4070
3618
3642
4909
3754
3848
4089
3758
3713
3747
3465
3678
3678
3678
3898
3860
4354
3869
1274
3186
4940
4069
4942
3956
4317
4292
4940
3846
3847
3891
3678
3885
3847
3884
3884
4069
3780
3465
3780
3884
3780
3884
3908
3908
3908
3678
3678
2811
4334
3884
3780
3602
3847
4947
3888
4944
4944
4944
3952
4143
4143
4200
4143
4149
4143
1274
4294
2813
2817
4317
4947
4143
3960
4508
4317
4354
4143
3962
1274
4143
4394
4316
1275
4316
4335
4377
4460
4599
4661
4661
4415
4441
4514
4951
4569
4483
4762
4636
4618
4644
4644
4708
4709
4765
4431
4594
4531
4552
4552
4593
4541
4541
4541
4354
4293
4344
4556
4707
4733
4640
4752
3961
4462
4317
4143
4473
3958
4547
4751
4250
4354
4335
4354
4344
4353
4353
4394
4377
4394
4376
4316
4394
4143
4397
4394
1274
4331
4404
4404
4331
4331
4316
1274
4353
4567
4307
4511
4394
4335
4312
4250
4285
4460
4523
4518
4483
4660
4686
4500
4618
4962
4543
4607
4543
4564
4680
4592
4962
4618
4955
4549
4549
4554
4609
4539
4482
4414
4411
4400
4399
4389
4500
4460
4316
4393
4394
4409
4249
4547
4600
4600
4602
4346
4368
4399
4377
4523
4523
4767
4416
4411
4415
4481
4415
1274
4575
4541
4615
4730
4430
4532
4532
4581
4531
4581
4758
4609
4609
4609
4548
4552
4581
4564
4552
4548
4541
4609
4393
4403
4543
4594
4594
4543
4564
4552
4543
4609
4316
4303
4615
4607
4615
4607
4467
4481
4462
4316
4615
4607
4432
4536
4536
4649
3962
4399
4523
3962
4617
4402
4514
4607
4530
4431
4401
4523
4543
4399
4431
4431
4609
4539
4956
4581
4548
4609
4609
4543
4617
4415
4707
4250
4581
4532
4537
4452
4474
4432
4661
3962
4411
4411
4597
4399
4552
4581
4581
4532
4513
4415
4581
4581
4473
4389
4617
4581
4250
4481
4469
4609
4436
4422
4623
4661
4415
4703
4469
4732
4481
4513
4732
4400
4769
4502
4660
4951
4951
4557
4473
4956
4951
4617
4530
4254
4253
4427
4532
4532
4452
4652
4670
4526
4621
4588
4502
4502
4604
4801
4801
4597
4537
4532
4530
4483
4661
4767
4531
4573
4503
4661
4532
4652
4419
4951
4730
4678
4677
4557
4680
4496
4425
4681
4688
4500
4500
4644
4689
4725
4711
4725
4954
4532
4491
4560
4532
4621
4423
4588
4401
4721
4767
4519
4627
4627
4769
4757
4765
4797
4765
4689
4765
4564
4490
4450
4597
4709
4723
4716
4774
4529
4729
4414
4519
4411
4767
4412
4763
4959
4532
4532
4711
4644
4681
4644
4500
4493
4725
4496
4531
4531
4411
4412
4491
4619
4494
4411
4531
4531
4588
4961
4532
4765
4711
4425
4519
4489
4422
4735
4412
4767
4701
4768
4765
4765
4711
4761
4588
4694
4768
4768
4520
4493
4493
4422
4767
4767
4689
4519
4786
4774
4797
4487
4711
4659
4660
4637
4716
4588
4725
4500
4493
105
51
105
105
105
226
105
105
105
243
98
98
226
98
4834
726
726
645
4828
544
645
645
726
4828
726
583
645
726
571
645
645
4840
726
571
645
583
726
4840
548
655
645
4840
645
645
571
726
544
548
583
645
726
726
583
4834
1421
1421
1403
1421
1507
1540
1630
1697
1697
1550
1921
2248
2643
2643
4869
4873
2555
2555
2759
3064
1096
1096
1096
881
882
1096
3065
2049
2369
3066
4982
2918
2369
2369
2369
2517
2212
2754
4909
3660
3660
3754
3754
3677
3646
3708
3935
4069
3660
3679
3660
3688
3660
3660
3622
3688
3660
3622
3660
3622
3754
3678
3754
3622
4917
3606
3632
4913
3660
3678
3602
3596
4909
3646
3693
3404
3537
3648
3300
1636
1636
2823
2823
3360
3633
4415
4535
4758
4530
4607
4586
4541
4652
4543
4609
4594
4535
4564
4564
4667
3660
3660
3660
4840
4834
686
686
4834
4834
4834
2369
3066
3066
2397
2629
2629
2536
3066
2889
2889
2369
3066
3066
2976
3066
2976
3066
3066
2536
3066
2889
2369
2369
2976
2976
2536
3066
2397
1871
1871
1871
2976
2976
1871
2976
2629
2241
3136
3135
3135
1093
3136
3136
