253
167
235
235
307
307
307
7
283
247
255
330
123
126
838
167
143
165
165
75
75
422
30
30
167
133
163
163
163
75
163
155
153
4760
4759
4759
18
4766
4764
4759
4766
4766
4766
417
153
417
4759
115
73
163
163
75
153
398
142
223
139
330
413
436
247
287
46
205
205
35
167
4764
4764
97
251
30
300
425
160
160
418
425
252
75
251
167
253
167
166
69
163
155
253
167
69
163
69
306
278
235
307
46
4764
102
4764
4764
4766
153
417
23
153
4764
4764
4764
163
163
167
73
423
66
253
155
133
4764
153
4759
417
423
153
167
167
49
4764
4764
35
2
26
4766
4766
4764
199
205
217
269
120
338
453
453
125
763
663
1070
528
502
499
321
73
75
167
253
235
205
200
153
23
205
163
46
46
163
4764
155
155
4764
4759
155
4766
417
4759
4759
417
153
4766
417
423
423
4766
417
153
417
223
223
235
253
235
423
4764
161
4764
4764
4766
417
4766
205
3
255
180
321
122
526
535
536
526
660
714
834
692
752
4856
862
681
126
530
400
265
834
861
217
269
397
124
679
660
102
153
153
4759
236
107
235
139
321
4764
236
269
200
217
34
74
166
235
277
153
4764
4764
74
4766
180
265
430
436
182
221
46
235
236
236
397
241
530
428
238
153
336
153
153
153
153
277
321
139
251
223
313
252
4
278
235
119
30
217
151
418
278
313
422
217
412
155
4759
181
247
179
161
201
420
4
121
289
272
418
302
412
398
420
313
307
307
247
181
330
423
247
223
121
321
153
417
4759
4759
4759
155
398
423
69
423
69
423
75
278
130
235
283
283
121
151
429
272
296
4766
48
118
307
118
267
400
252
69
252
227
117
414
375
227
453
250
250
151
160
429
403
294
237
330
330
380
4759
161
380
514
522
681
662
758
758
377
849
849
1350
1850
2000
2222
3469
3852
3852
3850
356
357
4237
4300
4329
364
3837
4273
4273
252
3
6
382
159
4766
123
380
241
768
125
428
379
377
758
915
1298
758
125
763
247
169
7
307
118
294
252
30
30
417
45
453
247
330
410
417
417
30
301
69
161
30
30
512
441
12
161
12
422
18
124
530
151
423
418
247
30
418
157
155
417
161
456
125
681
126
834
876
1239
1094
522
429
508
12
679
539
126
502
125
502
406
539
432
443
679
660
714
806
868
786
786
786
4851
1338
1351
1766
468
2559
3022
3618
2557
3468
3760
3480
3665
3605
3451
3422
3172
2915
1824
1866
1802
1808
1698
1638
1965
2931
2777
3411
2541
2695
2837
2751
2731
836
432
528
503
460
534
624
546
539
126
763
679
660
126
861
910
379
758
378
126
714
763
738
660
768
763
758
748
530
679
434
126
836
834
788
435
832
763
848
849
1343
758
1724
126
4825
612
605
612
4837
4837
604
604
563
573
628
4825
4825
633
628
4804
1068
4837
628
563
570
628
850
576
715
575
858
632
4790
4816
580
586
1424
1459
585
1207
1374
588
946
1271
1408
1411
1408
1408
589
1325
1427
1100
1219
1083
1002
981
957
973
1052
998
628
4837
604
1068
564
4837
628
605
4837
628
1067
1069
1068
1065
1067
610
771
565
565
705
4837
707
815
714
714
763
628
4825
858
1048
578
4823
4832
4971
4969
4969
4825
628
4825
850
4837
850
840
796
656
722
648
629
766
4811
577
654
887
4782
4836
1055
1035
1138
1113
834
529
758
1545
1628
1720
1545
545
4837
4837
4837
628
4837
628
545
4837
4837
604
604
875
1070
4837
663
4837
766
844
4816
850
4810
850
577
576
744
1013
663
915
849
612
815
604
604
4837
4837
4837
612
4837
4837
4837
1068
707
812
4837
562
766
766
796
796
834
685
796
792
4816
4816
887
582
943
943
4837
723
565
613
565
4837
4824
851
4824
4824
669
4793
770
4824
4778
692
4792
565
565
861
434
833
692
4782
4782
861
1012
793
758
345
1046
4854
565
685
1545
546
1338
849
834
4782
821
793
848
796
758
1239
1070
721
1068
812
771
771
1065
614
771
1066
4828
4779
1302
877
1525
785
785
4854
4854
1515
822
4837
4782
4782
4836
1298
1073
342
190
864
4824
4824
771
806
645
4778
1066
815
1012
878
1514
785
4830
696
865
1068
1468
845
816
859
1092
959
960
1003
1095
1631
1616
1876
1076
4779
770
1066
4824
811
840
840
877
878
1239
646
1073
946
1066
692
1566
1003
4836
945
831
816
846
1468
1724
1055
882
882
1263
1278
4969
4969
1051
1622
880
4824
1012
880
1035
658
912
877
878
1684
870
1706
2001
872
922
1619
1874
877
1511
1935
1935
1935
1622
913
1545
942
816
1617
1776
1616
1011
1115
4824
4824
845
1057
1119
1057
1121
1010
1011
589
1138
820
901
594
851
1061
1368
1958
1872
751
346
849
1350
345
849
984
914
594
849
1673
1765
1765
1782
2127
2127
2070
1859
2070
2476
2269
2214
2214
2269
2229
2613
2612
2315
2611
2611
2939
2907
2469
2469
2421
2891
2907
4776
1119
1092
818
659
1272
589
589
1011
1011
912
1368
1082
990
1190
957
983
1189
1103
1081
1072
595
1014
1381
1761
1256
1293
1371
1372
1825
1878
1797
4993
4974
1015
1334
1506
1071
980
1002
954
983
956
1083
1092
1039
1591
985
1103
985
990
990
960
981
978
1102
1034
592
1081
1690
982
1615
1072
1135
1234
1213
1001
984
1114
1105
1013
784
1142
1234
1255
1141
1491
1495
1022
1284
1285
1357
1024
1892
1771
2043
1798
1681
1481
1329
1329
1155
955
1114
1294
1408
1411
1524
1072
1140
1379
1901
1778
1873
1885
786
1198
4807
1423
1205
1205
961
955
1000
1411
4967
1051
4815
1263
1127
4967
1057
1057
1119
1119
631
1510
1072
1032
1632
1774
1776
1857
922
917
960
981
998
1212
1188
1131
1131
1134
1133
859
1284
1015
1092
952
960
1774
917
1566
1004
1563
1332
998
597
1211
591
1083
1149
1114
1138
1255
868
877
1102
1054
1149
1281
1106
1408
1127
1125
4967
4966
1278
1307
1131
1278
1131
1142
1132
1132
1204
1130
953
1276
1306
1191
4969
1032
1032
1141
1031
1140
1016
1275
1275
964
1281
1128
1126
1299
1184
1259
1227
1247
1380
1893
1160
2831
2581
1178
2905
2649
2649
3117
2721
3594
3594
3683
3430
3611
3594
3017
3239
3239
2997
2997
1186
1590
1156
1133
1022
967
1678
1690
1237
1220
1240
817
1131
1132
1199
969
1792
2292
1132
1269
1266
1292
1361
1404
1408
1408
1276
967
918
1101
1734
987
1520
1111
1031
1481
1534
1270
1223
877
1245
1326
1589
1827
1851
1373
1148
1472
1216
1531
1154
1154
1141
906
1247
1250
1242
1383
1657
1243
1244
1246
1523
1525
1525
1249
1251
1246
1277
1285
1290
1280
1293
1552
1114
1186
1249
1358
1358
1497
1130
818
1370
1267
1405
1276
1281
1405
1114
1193
1089
1290
1260
1243
1292
1549
1502
591
1273
1663
1290
1260
1230
1141
1235
1684
1525
1776
1286
1130
1370
1023
1410
1405
1274
1254
1227
348
1185
1300
877
870
878
1511
1151
1825
1305
1023
849
1766
2564
3648
4301
360
4338
4338
4404
4345
4345
4345
4345
4345
4345
1114
1405
1357
1324
1297
1521
1426
1481
1283
1365
1040
1582
1018
941
1522
1200
849
1338
849
1201
1846
1850
2274
966
1450
1030
1151
1550
1724
1846
1531
1427
1888
2464
2580
1287
1336
1825
1305
1780
1292
1448
1240
1330
2202
1674
1533
1544
1829
1324
1305
1729
1769
589
1404
1329
1481
1881
1726
1353
1287
1540
1745
1822
1167
2905
486
918
1412
1407
1404
1374
1205
1407
1404
1205
1292
1267
1428
1391
1391
1391
1325
1405
1279
1489
1769
1237
1452
1430
1501
1439
1456
1715
1418
1887
1887
2388
1351
1361
348
1507
1469
1480
968
1391
1309
1339
1500
1708
2297
2357
1436
1936
2047
1891
922
1467
1740
1442
2438
2450
2452
2762
2969
2716
1473
1267
1717
1523
953
1372
1439
1714
1455
1484
1672
1404
1408
1404
1404
1404
1408
1408
1408
1402
1402
1597
1788
1561
1486
1192
1648
1228
1474
466
1880
1913
2377
2184
1446
1670
1674
1053
1694
1528
1429
1677
1731
1597
1256
1333
1377
1493
1598
1377
1703
1470
977
4848
464
464
4855
1527
1413
1671
1503
348
1377
1093
1485
1727
1935
1437
785
785
785
1525
4854
1684
4854
1040
1553
1518
4855
1415
1218
1680
1485
1884
871
878
1847
4852
1431
996
1584
1588
1580
1386
1923
1384
870
1538
1705
1914
1516
1915
1915
1708
1942
1662
1542
1865
1344
1765
1344
2127
1382
1586
1792
1830
878
878
1553
1331
1756
4854
4851
1414
1517
1559
1560
1283
1287
1763
1042
1859
2062
1513
1542
2304
1624
1623
1654
1417
1855
1578
1575
1913
1675
1697
1475
1791
1778
1025
1382
1099
1684
996
1587
1770
1814
1377
464
1720
1642
1655
1950
466
1758
1629
1454
1675
1601
2676
3429
3561
3442
1605
1605
2933
476
3359
1611
1729
1743
1744
1859
2125
1859
2062
1621
2476
1569
1572
1803
1624
1429
466
1344
1857
919
1721
1781
1484
1899
1574
1662
1625
1455
2851
2618
1667
1780
1765
2572
2424
1718
2351
2333
2333
2333
1824
1152
1693
1624
1686
1659
1779
1386
1493
1618
2488
1946
484
1736
1029
1855
2408
1504
1579
1737
1555
1310
2239
1814
349
1536
1715
1476
1711
1710
1813
1812
1674
2329
1820
871
922
1721
1676
1687
1420
1571
1581
1710
1369
1897
1433
1599
1695
1441
1576
1739
1419
1910
1701
1532
2202
1029
1898
1706
1915
1705
1436
1895
1619
1668
1687
1627
2004
1433
1943
1344
1564
1924
1344
1765
1782
2461
2070
2070
1310
1688
2268
1771
1871
1660
1878
1960
1794
2014
1927
2057
1591
1999
1948
1443
1715
1834
2439
1742
3020
1742
2332
2332
2622
2729
2649
2657
2657
1859
921
1908
1829
1751
1661
2127
1791
1025
1764
2274
467
1767
492
1801
1669
1894
1809
2334
1907
2274
1702
1600
1721
2127
1704
963
2034
2230
2591
2946
3379
2230
1786
1644
1699
2334
921
1765
2218
2339
1929
2733
2730
2403
1687
1909
1952
2202
2350
1961
2231
2025
1595
1421
1925
1775
2266
1683
4995
1796
4872
1696
2368
2369
2562
3056
3284
2712
1963
2353
2364
2294
495
1929
1700
2354
1835
2558
2453
2856
2452
2452
2594
2595
3392
3463
2453
2856
1926
1741
2332
1644
2274
2462
1817
1848
2285
1824
1738
1859
2127
1721
1859
1721
2127
1732
1862
1896
1433
2285
2333
483
483
1957
2650
1957
2780
3024
2650
872
1726
2210
2062
1721
2127
2228
2228
1949
1882
2407
1619
1859
1948
2139
2139
1168
1859
2210
1778
467
467
1895
2355
2355
1922
2409
1606
1605
1951
2332
2781
1859
2352
4876
1950
2055
1645
2549
1707
2361
2650
2646
2623
2623
2062
1902
1789
1879
2293
2678
498
2817
2836
1823
2562
2125
1894
2001
2356
1027
2359
2359
2784
1954
2781
2395
2960
2988
2356
2200
2702
491
2777
2669
2769
477
3199
2650
2062
2220
1641
2017
2046
2127
2322
2353
1961
2562
2469
2469
2386
2386
2227
2269
2181
2181
2421
2469
2469
2181
2181
2518
2181
2469
2469
2469
2469
2469
2386
2072
2072
2229
2229
2195
2195
2181
2195
2469
2469
2237
2127
4880
4880
1311
2224
2001
1900
2623
482
2195
2072
2072
2072
2386
2386
1930
4880
4994
4880
2368
1682
2386
2386
2229
2469
2034
2521
2240
2598
2394
3060
2961
2824
2032
2210
2329
2208
2072
2072
2386
2229
2195
1859
2127
2128
1782
1606
2070
2125
2213
2072
2072
2072
2209
2386
1840
1602
2394
2650
482
2072
2240
2125
2070
2322
2070
2421
2421
2386
2469
2469
2127
2322
2322
2229
2537
1798
1957
482
2463
2784
1974
2310
2233
2302
2079
2081
2605
2205
2269
2195
2227
2072
2206
2099
2276
2172
2518
2891
2072
2089
2203
2348
2381
2147
2500
2500
2500
2999
2999
2985
2999
2984
2500
2152
2504
2376
2161
3259
3128
3243
3259
2803
2803
2891
2181
2322
2070
2421
2322
2322
1786
2591
2592
2592
2985
2985
2985
2985
2985
2985
2985
2985
2984
2984
2544
2390
2406
2270
2319
2324
2312
2828
2485
2485
2710
2203
2203
2281
2281
2081
2149
2941
2655
3023
2138
2500
2500
3131
2052
2279
2584
2583
1173
4873
2099
2072
2210
1973
2518
2386
2386
2129
2761
2611
2128
2537
1811
2762
469
2206
2638
2638
2638
2638
2227
2518
2129
2421
929
2846
2907
2421
2421
2421
2907
4979
2355
482
2212
2270
2182
2071
2213
2192
2070
2070
2269
1723
2070
2214
2386
2677
2846
929
929
2421
2571
2571
929
928
2742
4998
4989
3020
3279
3158
2577
2245
2322
2322
2761
2129
929
2289
2405
1961
2284
2270
2070
2129
2229
2481
4984
2615
2366
2073
1974
2310
2143
2323
2567
2144
1974
2348
2259
2671
2671
2671
2143
2429
2567
2486
2567
2323
2319
2308
482
2987
2649
2214
2214
2214
2229
4878
4879
2540
2390
2306
3056
2467
2584
2306
2306
2323
1640
480
2151
2724
2622
2070
2854
2855
2907
1786
2678
2670
2439
2472
2323
2429
2346
2306
2281
2269
2226
2571
2633
2248
2214
2326
2601
2923
2985
2436
2592
2985
2985
2985
2070
2214
2129
2907
2269
2269
2214
2326
2570
2570
2622
2070
2891
2780
2646
3087
2207
2784
1621
2855
2939
4999
2319
2214
2600
2622
2649
2269
2591
2346
2474
1607
480
2288
2184
2564
1435
2214
2702
2319
2724
2852
2724
1183
2733
494
2028
2430
2722
1169
2857
2997
2847
3259
3244
2917
3091
2804
2505
2342
2144
2144
3056
2770
2854
2612
2375
2452
2870
2027
2346
2087
2143
2607
3036
3308
2783
2783
3036
3018
1169
2983
4983
4997
2703
2508
2241
1608
3357
1956
4875
2374
3252
3290
3250
2138
3295
3288
3252
3288
3250
2104
3255
3209
3252
3209
3209
3246
3252
2108
3259
2108
2611
2611
2611
2375
2856
2452
2452
3434
2557
2547
2569
2961
3101
3192
2871
2476
2550
2681
1974
2392
2483
2029
2476
2961
4982
2612
2856
471
471
2697
471
2678
2323
2498
2144
2310
2943
2214
2214
2420
2462
1605
3173
2842
3237
2529
2611
2161
2939
2513
2822
2214
2569
2476
2326
2858
2569
2825
2939
2108
2259
2259
2546
2324
2505
2214
3308
2477
2941
2997
2376
2376
2452
3034
2806
2560
2325
2327
2923
2984
2485
2146
2725
2568
2772
2374
1447
2870
2143
2429
2261
2565
2606
3121
2476
4882
2603
2939
3244
3244
2715
2559
2567
2300
2310
2707
2997
3266
3611
2860
3449
3266
3089
2946
2538
2670
2849
3182
3689
2389
2508
2767
2214
2569
3153
2653
2763
3034
3034
2452
2930
3999
2555
2701
2557
2958
3022
3248
2498
481
2714
2559
2498
2484
2143
2569
2871
2871
2538
2611
3244
3434
3392
2710
2728
3036
2782
2993
3238
3266
3449
3854
2588
3675
4057
2863
2603
2538
3034
2428
2808
2505
2440
2600
2871
2538
3153
3153
3292
2161
1787
2839
3037
2326
2537
2592
2603
2936
2452
2428
3021
3114
2768
3036
2998
3244
3316
3374
2642
3692
2644
3015
3789
3791
3236
2783
2957
2484
2261
1603
3146
3451
3755
3692
2628
3692
3699
3374
3374
3450
2720
2326
2897
1784
3566
2603
2710
2343
2904
3301
4932
3851
4082
4261
1313
4309
4337
2611
3244
2311
2904
2660
4239
3235
3393
3209
2869
2929
2776
2929
2901
3401
3030
3311
3590
4028
2929
3210
3210
2952
2795
3030
2902
2902
2694
2697
2557
3684
2699
2663
2875
2556
3999
2261
2485
2606
2144
2841
3308
1842
2763
3022
3305
2971
3689
2719
3754
3013
2720
2720
3374
2676
3244
2710
3044
3146
2690
2751
2738
3038
3381
3753
3449
2586
2689
2901
2689
3127
3038
3038
2788
2952
2952
3639
4017
3871
2794
4075
4096
3641
3641
2612
3155
3688
473
2819
3463
3695
2710
2601
3017
2989
3127
2586
3257
2105
2928
2952
2611
2774
2931
2390
2828
2641
2637
2933
3170
3017
2601
3127
3983
4025
3675
3853
3853
3161
3860
3675
4067
2588
2797
3381
2586
3259
2592
2689
3259
3259
3434
3194
2595
2682
3602
2147
2709
3126
3239
3239
2690
2689
3188
2751
473
2557
3315
3308
2570
2897
2897
3127
2903
2327
3467
3239
3266
3381
3259
2111
2111
2901
2556
1604
2642
3249
3239
2961
3039
2111
3244
3259
3244
3244
2692
2893
2933
2899
3674
3188
3244
3244
2700
3294
2858
3698
4113
3672
3710
4051
2686
4057
4067
2797
2979
3085
3124
3449
2756
3292
1842
2986
3299
3788
3206
3326
2962
3101
3403
3200
3116
3611
2111
2912
2592
2828
2828
3146
2917
3465
2327
2435
3019
4127
3675
2592
3210
3401
3352
3397
3239
2897
3244
3244
2146
2850
2850
2893
2895
2570
2570
2602
2436
3698
2946
3424
3239
2538
3287
3193
3320
2953
2952
3210
3578
2717
1603
3630
3677
3684
2797
3868
2592
2917
2901
2146
2984
2767
2989
2138
2111
2947
354
354
3101
3159
3084
3572
3161
2956
3313
2543
2893
3584
2435
2795
2138
3400
3280
3280
3307
3234
3688
3233
3445
3780
3125
3689
2892
3170
2881
2592
2538
3274
2692
3611
2923
2602
3115
3478
3416
3017
2720
2720
3017
3661
2720
3017
3017
3017
3017
3594
2923
3221
3841
2602
354
3188
2985
2985
2999
2985
2917
2999
2763
2146
476
4113
2861
3671
2862
4211
4128
4121
2538
2554
4039
3578
3424
3798
3026
3639
4068
3853
2926
2685
3412
2902
3265
2313
3415
3612
2796
2985
3244
3033
2850
3429
3976
4284
4285
4285
4343
4272
4209
3788
3146
3023
3116
2961
3270
2881
2985
2985
3841
3222
4115
4115
2592
3128
4020
4075
3074
3380
3365
3343
3391
3603
3651
3651
3107
3225
3427
3084
3451
2643
3314
2985
2985
2985
2985
2985
2985
2985
2985
2985
2985
2985
3596
2985
3191
3868
3869
3957
3380
3453
4029
3227
4109
3340
3112
3082
3333
3030
3457
2850
3450
3423
3699
2627
3755
3755
3834
3983
4127
2984
2985
2985
2985
3259
3128
3836
3438
2720
2881
3206
3362
2985
2985
3128
2683
3035
2720
3423
3785
3661
2720
3661
3661
2980
2985
3641
2917
4075
3469
3280
4247
3638
3293
3667
3166
3864
4213
3166
3428
3428
3982
2223
3294
3171
3683
2985
2984
3221
2999
3128
3128
3852
2685
3401
3402
3711
2720
3661
2984
2984
2985
2985
2985
3274
3274
3274
3639
3587
2626
3443
3665
2984
2790
3191
2999
2985
3128
2644
3013
2861
2500
2985
2999
2985
2999
3705
4033
4033
4076
4152
4097
4159
3863
3348
3409
3567
3444
3957
4075
3688
3695
2542
3613
3012
3012
3013
2501
2985
2985
2500
2500
2985
3371
3472
3440
2984
2500
2999
2500
2500
2985
2985
2500
2500
2500
2500
2985
2985
3852
354
3378
3383
2864
4113
3870
2985
3274
2500
2999
3274
4104
4104
4104
4104
3469
3320
3031
3031
3283
3699
3450
3699
3423
2500
2500
2500
3191
3705
3588
2934
3708
3164
3342
3587
4092
3443
2999
3446
3456
3618
3375
3326
3572
3351
3842
3788
3423
3699
3699
3629
3327
3274
3642
3625
3699
3326
3191
356
4037
3377
4166
4097
3865
4053
3080
3335
3336
4107
4144
3702
3224
3331
3631
3368
3365
3368
3365
3372
3372
3076
3311
3590
3843
4051
3395
3202
3416
4067
4076
4067
3274
4104
3865
3083
3367
3075
3418
3075
3370
3032
3754
3480
3641
354
354
3343
356
3104
3473
3692
3641
357
3368
3388
3859
3464
3347
3280
2588
3396
3777
3326
4038
4038
3347
3402
3327
357
3378
3417
3331
3168
3410
4301
3412
4028
2588
3785
3630
3417
3389
3077
3420
3870
3699
3014
3754
4076
4076
4097
3389
2685
2659
3641
4033
3433
3455
3755
3630
3373
3445
2627
3396
3428
3446
3695
3410
2674
4090
2628
475
3389
3409
3503
3503
3181
4092
2796
4166
2819
3418
4288
2628
3792
4038
3850
3578
3578
2663
4297
3676
3754
3479
3171
3597
3598
3571
3571
3583
3635
4140
4150
4173
4071
4235
3739
4235
3739
4071
4071
4071
3915
3739
3598
3568
3482
3160
3695
3512
3513
3576
3632
3580
3512
3649
3649
3530
3530
3531
3643
3658
3608
3953
4048
4048
3515
3656
3658
3649
3512
3512
3624
3669
3624
3624
3668
3500
3573
3619
3482
3568
3617
3531
3501
3956
3996
3535
3535
3510
3527
3525
3523
3526
4000
3714
3524
4964
3524
3525
3528
3511
3784
3513
3643
3649
3649
4932
3561
3788
3641
4076
3662
3826
3827
3110
3617
3827
3568
3569
3229
3481
3649
3388
3776
3649
3500
3532
3762
4144
3327
4055
3082
3428
3428
3439
3530
3530
3830
2861
4076
4076
3792
3368
3531
3643
3649
3502
2927
2588
3443
4076
3531
3531
3637
3649
3696
4135
4932
3165
3165
3111
2792
3481
3577
3619
3575
3530
3573
3533
4188
4267
3443
3792
3483
3482
4100
4153
4074
3293
3860
3860
3162
3161
3160
3501
3633
3580
3446
3601
4039
3573
3530
3077
4045
4065
4067
3016
3658
3483
4100
3637
2717
2662
2935
3776
3456
3225
3483
3502
3601
3670
3767
3351
4188
3889
4067
4938
3597
3679
3369
3412
3573
4135
3628
4044
3657
3657
3679
3351
3454
4135
4067
3693
3852
3468
3125
3372
3624
4057
4076
3663
3334
4109
3166
3162
3166
3860
3162
4152
4152
3696
3709
4226
3624
3624
3512
3649
3512
3512
3623
3511
3510
3591
3697
3525
4002
4111
3551
3550
4169
4141
3745
3959
4124
4050
4002
4050
4146
4036
3959
4140
3550
4150
3485
3956
4056
3337
4023
3621
3575
3794
3337
3900
3668
3529
3528
4201
4211
3015
4284
3897
3808
3597
3777
4044
3340
3828
4057
364
3670
3391
3649
3165
4285
4285
4257
4077
3225
3632
3634
3760
3166
3664
4261
3782
3783
3573
4209
4209
4272
4285
3396
3760
3582
3763
4129
3529
4167
3846
358
4343
4343
4343
3807
3807
4242
4285
4257
4285
4285
4343
4343
4343
4209
4272
4272
4272
4272
4285
3793
3658
3334
4158
2718
3680
3512
4201
3333
2972
3837
3802
4300
4226
3601
3900
4076
4209
4037
3807
4176
3644
3858
2972
3575
4156
4343
4343
3107
3082
3860
3764
3312
3593
4083
3512
3624
3624
3162
4076
4067
4067
3514
4209
4899
3507
3632
3580
3512
3082
4077
3885
4139
4139
4347
4287
4287
4336
4336
4338
4335
3838
3838
3107
2954
3078
3619
3778
4018
3489
3489
3488
3555
3600
4905
3507
3722
4897
4888
3735
3752
3542
3551
3551
4048
4205
3723
3724
3734
4225
3732
3553
3552
3953
4909
4215
4908
3515
4908
4071
4071
4225
3727
4888
3731
3948
3734
3732
4172
3723
3723
3551
4050
3551
4898
4001
3509
3509
3833
3600
3583
3162
3690
3529
3996
3521
3876
3515
3917
4908
3918
4908
3917
3727
4225
3728
3554
3515
3833
4209
4209
4213
3759
4135
3656
4072
4070
4071
4071
4071
4071
3488
4071
3778
3778
3778
3860
3853
4076
4099
3782
4297
3624
3529
3529
3876
3778
4018
4071
3778
3645
4071
3960
3489
3960
4071
4071
3489
3738
3521
3853
4152
2719
3860
3828
4045
3619
3830
3162
4211
3162
4028
3741
3954
4018
4071
4121
4152
3636
3603
3372
4128
4247
3671
4131
4209
3162
3225
4261
3623
3511
3784
3529
3624
4135
3833
4212
3348
4212
4108
3853
3764
4060
3680
3485
4037
4272
4272
3162
3162
3162
3635
3747
4212
3109
3162
3166
4139
1313
1313
4058
2666
3830
3621
4071
3488
3488
3489
4272
4272
4272
4218
3860
4105
3853
4101
3782
3489
3166
3162
4301
3838
3958
4029
3624
3511
4057
4022
4130
3166
3860
3162
4247
4168
3335
4057
3829
4107
4023
3750
3621
4022
4151
4074
4022
4309
4297
3838
3593
4225
4022
3702
4309
1313
1313
3750
4145
3702
3958
4059
4107
3746
4071
4071
4152
3226
3660
3672
3864
4158
3511
4057
3864
4120
4119
3593
3621
3488
3489
4071
4071
4071
3659
3081
4149
3079
3750
4126
3749
4049
3751
4272
4213
3864
3651
4037
4272
4272
4272
4343
1314
4310
4329
4338
4345
4345
4345
1319
4399
4345
4272
4022
4301
359
3610
3745
4071
3727
4225
4272
4028
3863
3749
3750
3959
3488
4272
3660
3697
3737
4225
4225
4171
4172
4272
4235
3915
4235
3747
4891
4235
3486
4169
3729
4337
4404
4287
1313
4287
4257
4287
4272
4287
4530
4530
4530
4336
4404
4337
4337
360
4287
4287
360
3838
4287
4530
3527
4235
3918
4404
4336
4343
3918
3918
4247
4247
4000
3737
3727
3727
3734
4235
3517
4963
4337
4335
4235
3727
4404
4404
4336
359
3730
3730
4172
3723
4287
4336
4287
4287
4287
4335
4338
4345
3823
4300
4335
3727
4336
4336
4336
4345
4404
4336
359
4300
3718
4272
4287
4337
4335
3724
3546
4274
4911
4274
3732
4338
3951
3542
4889
3951
3546
4897
3542
3542
4338
4404
3951
3951
3549
3951
3838
4336
4404
4329
4329
4329
4338
4338
4335
4329
3838
4335
4338
4338
4338
4336
4336
4336
4336
4336
4336
4336
4345
4345
4345
4338
4338
4345
4335
4336
4345
4542
4530
4399
4399
4660
4643
4643
4660
4643
4643
4643
4643
4660
1319
4643
4643
4644
4643
4644
4644
4518
4552
4552
4518
4603
4518
4603
4644
4644
4644
4644
4566
4345
4345
4345
4399
4345
4345
4399
4345
4338
4345
4338
4345
4542
4338
4345
4345
4345
4542
4530
4530
4345
4336
4345
4336
4542
4345
4345
4345
4345
4345
4345
4345
4345
4345
4530
4530
4542
4399
4530
4643
4643
4643
4643
4643
4645
4645
4563
4643
4552
4603
4643
4644
4644
4644
4643
4552
4643
4643
4643
4643
4643
1319
1319
4345
4345
4643
4542
4542
4345
4345
4643
4399
4345
4530
4660
4660
4660
4660
4643
4660
4643
4345
4603
4518
4603
4552
4552
4552
4644
4566
4566
4566
4566
4644
4644
4644
4603
4552
4566
4566
4644
4644
4644
4603
4644
4644
4566
4644
4644
4345
4644
4518
4603
4518
4603
4644
4644
4643
4399
4518
4644
4603
4643
4345
4345
4566
4603
4603
4518
4566
4552
4603
4552
4345
4345
4643
4644
4518
4660
4603
4345
4518
4518
4643
4644
4644
4518
4566
4518
4518
4644
4644
4643
4643
4643
4644
4643
4518
4643
4399
4644
4644
4644
4603
4399
4660
4660
4399
4660
4644
4660
4660
4660
4660
4660
4345
4643
4552
4644
4566
4644
4644
4660
4644
4644
4644
4644
4566
4345
4643
4345
4345
4643
4518
4552
4643
4645
4643
4643
4643
4660
4643
4345
4345
4643
4643
4345
4345
4643
4660
4645
1319
4643
4644
4552
4644
4643
4643
4644
4345
4566
4518
4644
4644
4552
4660
4643
4643
4643
4643
4643
4643
4643
4643
4643
4643
4645
4643
4518
4552
4644
4643
4660
1319
1319
4644
4643
4643
4552
4345
4644
4643
4643
4643
4552
4345
4345
4345
4644
4644
4643
4643
4645
4645
4643
4643
4643
4643
4566
4643
4643
4345
4644
4643
4643
4645
4643
4643
1319
1319
1319
1319
4345
1319
4552
4644
4643
4644
4644
4643
4643
4643
4644
4644
4345
1319
4645
4552
4644
4643
4644
4643
4643
4643
4643
4660
1319
4345
4660
4643
4643
4644
4566
4566
4643
4643
4645
4643
1319
4643
4643
4660
4399
4399
4643
1319
4566
4643
4643
4643
4643
4644
4558
4644
4643
1319
1319
4645
1319
4399
1319
4660
4399
4644
4643
4643
4566
4643
4643
4643
1319
4643
1319
1319
4643
1319
4563
4563
1319
1319
1319
1319
4643
4643
1319
4643
4645
4645
4645
4643
4643
4644
4645
4645
4643
4645
4563
4645
4645
4643
4645
30
313
417
417
417
4766
418
3
418
18
299
418
42
253
153
4766
4766
155
398
4764
1361
1057
1057
1119
1119
1067
4790
1374
588
771
565
815
635
4793
4793
4836
1363
4836
1066
1057
4967
1411
1408
1408
771
1402
4837
565
635
1127
635
635
1402
1205
4846
4781
4782
4796
1361
1394
4773
585
1463
1407
1407
1401
1097
770
854
830
1069
4815
4823
1408
1057
611
4773
1205
1449
1361
654
1411
629
1069
628
1407
1066
576
576
4810
1119
1407
1402
849
849
346
751
758
4848
4854
464
4854
4854
4854
4854
346
1721
1859
3241
2605
2112
3240
3203
3153
2102
2524
2680
3594
3594
3594
2738
498
2849
3239
4979
2730
3126
2816
2751
2734
2600
3013
2985
4002
3649
3649
3778
3525
3554
3541
4907
3733
3919
3909
3580
3730
3511
3624
3511
3512
3580
3580
3650
3510
3650
3507
4918
4900
3526
3716
3551
3551
3580
3876
3540
3540
4071
3488
3512
3510
4171
3539
4908
4908
3554
3512
4209
4287
4257
4257
4343
4285
4344
4285
4343
4272
4343
4285
4071
4643
4644
4552
4552
4643
4552
4643
4518
4643
4644
4643
4518
4518
4660
4644
4566
4345
4558
3624
3624
1134
1134
1134
1134
1132
1205
1206
1205
1205
2738
2740
2860
4867
2583
2747
2731
2738
2750
2738
2815
1172
2859
2745
2898
2859
2583
2750
2746
2772
2786
2738
2786
4759
161
161
4766
