73
14
177
1
102
85
336
213
219
226
158
158
158
215
175
175
165
215
112
112
175
175
175
175
175
175
175
175
112
158
4762
165
175
119
42
42
42
171
85
85
147
215
215
215
215
175
175
175
175
175
175
175
175
158
121
228
164
158
303
121
41
89
158
175
119
119
73
1
175
175
175
175
215
112
215
175
215
158
158
158
175
112
175
175
175
215
175
207
73
175
175
158
112
215
112
175
102
85
146
169
218
236
242
318
226
171
178
178
42
158
175
119
1
85
215
175
175
102
175
175
175
175
175
175
175
175
175
175
175
175
73
37
139
14
102
175
175
175
158
42
42
42
85
85
314
6
298
141
86
336
226
200
205
186
135
10
49
248
122
219
171
213
139
85
213
219
178
177
175
175
158
1
42
165
42
139
85
215
112
177
158
85
175
85
85
294
294
336
215
147
42
42
169
122
219
85
175
175
175
42
85
112
73
158
158
158
213
85
175
175
175
139
175
41
85
215
85
336
42
140
169
169
215
175
158
146
1
37
139
85
85
175
177
73
219
165
175
175
175
175
175
175
165
175
175
158
146
140
42
85
146
175
336
146
175
177
85
158
175
215
146
219
158
122
215
175
175
112
140
175
170
336
85
175
219
140
49
301
239
424
911
911
327
2184
2216
2597
2347
2238
2038
1576
4415
4270
4401
3478
2448
4436
4401
215
158
73
122
175
140
169
122
49
301
49
334
390
126
239
219
169
158
37
146
175
215
175
175
158
219
85
175
175
175
175
215
175
171
175
170
171
219
158
175
175
175
203
175
175
175
85
175
175
175
175
175
175
178
203
158
202
202
395
46
406
382
85
85
314
314
141
6
202
6
219
178
50
171
171
213
172
213
294
219
202
395
299
232
186
424
194
1554
1738
1628
2059
2463
2413
1526
2781
3159
2450
2569
2785
3451
2781
2781
3451
2781
3451
3451
2781
2450
3084
2450
2450
2401
1694
1694
1694
1455
1817
1683
1704
1683
1704
1621
1673
1683
1683
1683
1849
1685
1685
1683
1453
1704
1675
1739
1943
1923
1748
1945
1964
1981
2415
2302
2215
2215
47
122
178
171
314
171
301
336
336
202
242
172
141
49
272
9
276
49
318
318
226
219
141
256
141
336
336
336
203
135
380
219
291
217
395
47
226
6
47
404
203
390
126
911
226
572
568
568
756
568
4794
4787
1422
1061
570
4806
839
1509
901
956
1118
1017
1146
1116
1125
1520
1462
1462
1570
1242
1572
965
1242
991
591
1000
1371
590
572
4804
1061
570
632
1061
632
629
645
564
710
831
392
291
203
572
891
4827
4812
1427
572
572
650
651
717
802
867
882
572
892
1509
956
869
652
958
988
396
334
380
125
135
125
790
4804
756
570
649
4806
248
570
570
861
325
790
301
845
4790
884
892
846
651
4778
577
396
186
4760
126
861
568
861
639
709
708
4814
770
718
891
290
892
838
4790
4790
904
920
628
629
4819
710
855
1071
1071
4815
4797
4815
897
317
884
667
404
392
299
300
652
9
135
126
349
126
564
390
383
380
652
904
239
707
4760
406
844
831
832
1131
4799
628
1070
859
4834
348
455
206
183
276
4799
956
904
420
318
46
820
1076
1131
4818
867
4799
1070
4799
295
233
446
183
1129
867
639
390
4799
4799
1099
863
1290
987
819
420
383
232
232
382
1078
1077
4796
1070
1127
816
46
232
9
199
908
7
135
404
1071
199
231
924
628
1102
420
407
511
1095
1141
1458
1505
4822
580
1102
4815
233
232
863
924
1310
406
232
232
506
447
834
518
449
506
506
446
46
233
500
457
519
519
276
349
819
1099
382
200
232
1017
1017
1147
1147
860
860
1202
819
1115
1146
1073
923
816
1097
347
406
457
456
1002
405
911
958
1104
1005
407
135
135
450
446
445
444
443
184
457
272
316
252
421
376
376
375
375
376
1147
859
1104
969
951
1125
1520
1203
1099
321
970
997
964
1066
1025
1219
967
1012
589
970
1516
1757
1036
1399
1029
1033
1721
1867
1867
2259
2259
1915
1731
1900
2094
2094
1101
1055
1153
589
989
1123
1578
1492
1274
406
1050
1056
1545
966
960
998
1006
1111
1001
962
1015
1119
1559
1123
231
1013
983
1008
1267
989
1570
452
135
974
974
1404
1405
1084
1198
1226
1663
1867
1663
1713
1713
1208
1208
1857
1409
1941
1411
1252
1262
1259
1249
1014
1025
1520
1125
1304
232
231
1557
1543
1038
2068
2259
2259
1973
2068
206
1284
1018
1277
1043
1014
1094
1125
1459
1421
1305
4974
1155
1135
1063
1274
457
232
347
321
446
1151
1150
204
135
500
457
509
456
1104
1090
1103
1194
1092
1304
1212
1387
1387
1026
1227
968
950
961
333
239
347
1403
1154
1851
1810
1142
1103
1016
1578
1224
1570
958
1298
1197
186
232
591
1492
1597
1636
1520
1424
4974
1427
1427
1427
1427
1245
1387
1140
1429
1083
1263
1556
1418
1041
1231
1346
1192
968
985
1387
1267
1597
1163
1052
1575
1352
1388
1854
1705
1672
1705
1833
1814
1943
1853
1833
1770
1684
1833
1455
1694
1694
1525
1525
1525
2450
2781
2450
2450
2450
2402
1525
1525
491
1525
1525
1525
1525
1525
1525
1694
1694
1456
1853
1943
1608
1609
1854
1112
1385
1317
1496
1556
1515
1039
1646
1387
1387
1149
1207
1887
1900
1941
1279
1433
1436
1291
1520
1721
1721
1034
1721
1867
1534
593
1614
1221
1220
1260
1190
1162
1347
1647
1596
1518
1296
1752
1752
1152
1420
593
1221
1263
1161
1390
1270
1165
1162
321
347
457
1814
489
1675
1675
1675
1237
1643
1502
487
489
1347
1033
1535
1398
1779
1867
1092
1314
1751
1235
1598
1207
1571
1892
1429
1279
1341
1290
1237
1291
1224
1419
1231
1239
1400
1321
1892
1003
1236
1242
1248
1251
1256
1238
1210
1437
1391
488
450
1292
1210
135
1721
1224
457
1276
1804
1634
1616
509
449
456
1598
1638
1207
1208
978
1713
1396
1521
1738
1937
4299
4322
4280
1694
1694
2388
494
494
1597
1241
1400
1003
1317
1241
1520
1520
1314
1353
1416
1540
1035
1967
1397
1944
1732
411
1521
1626
239
1496
1010
1041
1740
911
911
911
1580
1692
1453
1691
1943
1405
1206
1208
1638
1730
1867
1914
1208
1867
1914
978
1433
1901
1616
1592
1591
1288
1750
1901
1752
978
1867
1914
1992
978
1914
1992
1915
1915
1732
1462
583
1462
1229
1370
1764
1856
1686
1750
1853
1740
1683
1683
1683
1453
1833
1645
1853
1853
1225
2259
1208
1814
1018
1431
1431
1462
1225
1224
1341
1430
1341
1538
1538
1785
1462
1853
1521
1521
1662
1662
1451
1624
1861
1625
1748
1431
1225
1531
1610
1914
1915
1208
1341
194
1649
1623
1501
513
448
449
506
509
1633
1747
1628
1482
1748
1748
1788
1946
1946
1946
1466
1110
583
1112
204
1779
978
1779
1555
1451
1727
1752
583
1520
1514
1116
1633
135
1224
1317
1721
1740
489
1944
1633
1747
1628
1482
1748
1748
1788
1748
1748
1495
1410
1142
995
978
978
1914
1914
2259
1916
2259
1914
1914
1914
1914
1752
1662
1054
1191
1347
1764
1348
1648
1316
194
194
1384
1914
2259
1554
1450
486
1273
1779
1494
509
449
188
508
133
1541
190
1633
1752
1867
457
447
1349
1675
489
1500
1530
1637
1630
1691
1675
1257
1673
1552
190
1498
1770
1455
1704
1770
1454
1738
1454
1740
1739
1853
135
231
457
1901
1873
1901
1742
1020
1566
1613
424
489
1853
1455
1222
1819
1053
457
506
1739
1455
1770
1770
1673
1704
1811
1738
1861
1718
1727
1727
1451
1747
1625
1555
1554
1662
978
978
1914
2068
2058
1037
1392
1816
1350
1309
1992
1992
2058
1804
1676
1612
200
1625
1625
1816
1633
1770
1738
1555
1727
1849
1896
2861
3696
1821
1621
1622
2401
2450
2450
2450
2401
2401
1976
2641
1694
1662
1781
972
1673
518
186
444
509
506
504
504
448
457
1738
1626
1685
1704
1811
1861
2260
2259
1645
135
1703
455
455
186
500
1704
1685
1622
1622
1737
1621
1726
1738
1454
1861
1450
1683
1849
1896
1719
1817
2259
204
1482
1701
1453
1685
1683
1849
1683
1683
1683
1683
1453
1640
1621
1109
1704
1811
1811
1817
1056
1453
1542
1811
1685
1683
1622
1683
1704
1704
1811
1683
1455
1685
1453
1662
1589
1704
1685
1685
1685
1683
1622
1622
1685
1555
1811
1554
1747
995
1804
1752
135
1255
1626
1662
1992
1625
1992
1852
1752
1873
1592
1237
508
1737
500
1718
1817
1386
1988
1901
1617
449
1351
1554
1861
1455
490
1944
2415
1705
1750
1394
1649
1627
834
449
1704
2259
1350
490
1589
1683
1453
1673
1453
1704
1673
1920
135
1613
1782
135
450
10
1626
1675
1679
1685
1453
1673
449
1662
1730
1803
1944
1453
1673
1683
1747
1747
1747
1685
1718
1747
1747
1675
911
1685
1683
1685
1704
1683
1770
1833
1770
1833
1684
1770
1770
455
509
1037
1944
489
1453
1453
1704
450
1988
1920
1038
1868
384
1923
1945
1901
1683
1861
1584
1685
1453
1727
200
1589
486
457
457
1733
1808
2259
1734
1809
326
450
2184
2298
450
1625
1645
1673
1453
1737
1685
1916
1918
1887
1752
2094
2302
1677
1686
489
1686
1672
1683
1727
1737
1737
1685
1737
1868
1748
1901
1675
1252
1622
1900
487
1628
1675
1770
1833
1683
1683
1683
1683
1683
1770
1455
1833
1694
1715
1704
1704
1704
1683
1849
1781
1944
2302
2302
1747
1628
1628
1628
1922
1917
1917
1628
1944
1945
1683
1727
384
1748
1833
834
1683
1683
1683
1683
1685
1683
1685
1726
506
186
453
446
439
439
1887
1945
1623
1683
1683
1683
1683
1849
1683
1683
1622
1683
1453
1683
1685
1673
1683
1683
1683
1683
1683
1453
1453
1683
1683
1685
449
1409
449
184
185
457
457
1900
1417
1901
1517
1683
1582
509
1918
1821
1748
1833
1685
504
184
184
1805
1644
1747
1717
1933
1622
1622
1685
1811
1811
1737
1620
1683
1683
1849
1683
1685
449
456
1952
1625
1964
1683
1482
1532
1685
1683
1453
1683
1683
1833
1715
1683
1683
449
1452
1622
504
1782
1944
2302
2302
2215
1684
1683
1683
1683
1683
1683
504
1748
1748
1727
448
1409
1684
1684
1770
1833
1833
1683
1683
1622
1622
1685
1685
1737
1849
1685
1811
1821
1694
2401
2401
1683
1628
1628
1748
1945
1770
1770
1685
1685
1621
1621
1683
1683
1817
1694
2303
1694
1694
2401
2450
2450
2450
3084
2450
2450
1976
2450
2450
1694
1694
1694
1694
1974
1622
513
1253
1737
1646
1518
457
1685
1685
1683
1683
221
15
328
4753
378
316
326
145
259
15
139
15
15
15
15
15
328
252
316
316
326
252
212
15
15
145
221
15
212
1752
1633
1964
834
1685
1683
1683
1683
1453
1683
1453
1453
1453
1770
1683
328
15
83
15
168
1873
1752
1626
1846
252
316
324
15
1628
1901
1933
1501
806
834
518
1623
448
1518
378
8
1805
378
4753
15
4752
445
445
450
1685
1685
504
184
184
378
266
266
15
15
75
1628
1896
1683
1683
1685
1453
1453
1683
2322
1622
1683
504
445
457
443
139
15
319
221
10
272
1896
1453
1683
1833
1853
1853
7
298
213
213
213
138
101
113
326
169
448
394
448
169
287
58
58
376
223
140
287
213
287
16
16
16
16
16
16
138
116
234
376
274
274
58
274
234
445
145
327
10
252
398
375
375
398
398
5
326
404
5
1747
1685
1685
1683
1683
326
444
443
429
396
287
287
169
213
146
138
101
116
287
16
16
223
1813
1944
1944
1944
169
169
448
184
252
328
328
421
252
1900
1748
1748
1788
1946
1901
138
1684
1684
1770
1453
378
55
252
376
137
383
1748
1683
1683
1853
326
326
326
184
1417
326
443
445
457
445
66
376
138
1955
2094
384
1365
911
1704
213
457
1782
1869
1946
1622
1685
326
169
326
10
252
1955
1901
1849
287
287
429
296
429
445
170
287
287
287
287
291
296
429
445
429
326
169
1685
1811
169
445
457
252
1752
911
1621
1704
1770
1770
1892
448
1814
326
326
1683
1934
1683
326
1684
1770
1770
1887
58
376
10
2430
1747
1623
291
298
326
396
140
1704
1683
457
1675
298
139
443
445
457
326
2184
326
394
1685
443
375
326
445
449
457
1673
1770
443
1946
1704
1704
1704
1704
1683
1853
100
252
1955
445
444
1673
1683
1770
326
1623
1933
1622
115
376
1748
1628
1683
1704
376
445
1770
1683
1715
1455
1770
1550
1770
1456
376
2302
2322
1770
1770
1833
1833
1833
1456
234
259
375
58
1482
1748
86
445
429
296
1684
1770
1892
274
316
376
2322
1901
396
287
287
1685
1811
1821
1696
1821
1821
1833
1645
1752
376
1964
1683
1934
1811
1817
1694
2450
2789
1811
1943
234
101
101
16
101
101
116
116
101
101
101
252
259
421
58
1628
1922
1917
1833
686
448
459
191
13
13
2108
448
1748
2302
1748
147
116
1471
686
834
1814
376
1922
1922
233
445
445
396
1811
1943
376
1621
1456
1694
1694
1694
1944
1814
1814
101
376
139
1715
1683
1501
1770
445
448
1814
376
287
287
213
445
445
445
443
1821
806
1943
1892
1943
116
234
1747
443
326
326
290
336
147
445
2094
234
1946
1748
1946
429
291
291
213
287
1817
1694
184
1456
10
376
1628
1946
429
287
287
1811
1817
1456
491
491
491
1901
1944
1944
2322
2322
2322
1944
491
1814
2372
376
2415
2414
3014
492
2322
445
1455
448
376
1922
1978
1763
1922
2463
1738
1628
296
1683
1455
1715
1675
445
429
429
1849
459
457
376
1922
1886
1965
1719
1811
1683
443
1456
1694
1694
1525
2322
1944
491
491
491
3777
3404
2650
2744
2302
2302
272
2184
1922
296
445
1694
1694
1694
449
457
116
2184
2184
376
1896
1524
1683
1694
1694
1694
1694
1694
449
316
230
911
1861
287
1821
1821
1694
1694
2303
1694
2401
2450
2450
2450
3084
3451
2781
2784
2784
3159
3270
1884
2997
2743
3143
2533
2533
1884
2781
2781
1694
1821
1821
511
1946
291
3611
1455
1694
1694
2401
2450
2781
3451
3451
2785
2781
3159
3270
3270
2214
3451
2781
2781
2450
2450
3084
2781
1695
2450
3084
1695
1694
1821
191
459
327
2197
287
445
1694
1694
1525
1976
2788
3774
2617
4284
4322
1890
449
296
1965
1655
1994
274
2430
2430
2430
2430
2430
2564
2564
2561
2561
3704
3704
2564
2564
2481
2830
3590
2481
2564
2564
2564
1628
2377
2827
1878
1620
1481
336
396
287
429
287
2401
1660
2450
2450
2450
2569
1486
1694
1917
1922
491
1489
492
3143
3428
3259
3450
3159
3450
2784
2781
2781
3451
2781
2450
2450
2450
101
1620
1965
1694
1694
445
2060
2430
2430
2546
3428
1526
491
2322
2415
2546
2430
2060
2546
1981
2546
2546
2430
2060
2719
2697
3332
3171
2700
3022
3287
3045
3805
2060
1922
1946
1978
1788
1483
287
444
1994
2401
2401
2302
2322
2430
2215
116
2060
2060
2430
2322
336
1975
2433
2450
2450
2450
1976
2401
1622
2401
2841
2827
2450
1525
1525
1695
1694
1694
1525
2781
3459
3590
3798
3719
3678
3784
3678
3678
3678
3049
2700
3236
2885
2885
2885
4029
4099
4191
4147
3678
2745
2650
3467
2430
2430
101
252
252
274
1922
2415
1922
287
429
1974
1694
2322
491
491
1525
1981
2060
421
2059
2517
1694
1694
2401
1696
449
2322
2415
491
1525
444
2653
1524
1525
1525
1525
1525
2546
55
55
2060
1946
2173
1694
2401
2401
2450
2450
478
2401
2401
2653
2401
1525
806
274
274
376
2415
396
2642
2402
326
376
2432
2401
2653
2402
2781
3159
3428
3461
2784
3323
2744
3720
3771
2830
2564
2322
1975
2450
2450
449
3150
1922
1788
1964
1933
1550
833
843
768
833
1049
2450
2450
2450
3509
274
138
3404
376
396
1525
2401
1936
1525
445
1525
449
3258
3777
3777
3842
2481
2481
2431
2450
1525
1525
457
376
287
287
287
2450
2450
2450
2372
2184
1525
1525
1525
1525
1525
2699
1501
1976
1525
2372
4871
2871
3141
2718
2719
2564
2059
1526
2450
2782
2739
2827
2369
3028
398
2060
287
233
2569
287
274
2184
2130
757
862
191
376
2710
2702
2710
2714
3784
3678
4099
4073
3678
327
794
1620
291
1525
13
13
3150
274
2155
2448
944
2414
491
2532
2893
492
2450
139
871
191
2184
457
13
2564
2450
1525
1695
326
1981
2450
2450
2785
2827
3142
2450
2450
2450
3468
2781
2450
2450
2781
2781
2450
2450
3084
1660
2781
3451
2781
2747
2649
457
2223
375
398
16
16
16
1946
2450
3159
2996
2743
3151
3445
3270
2996
3159
2450
13
376
794
1628
326
4872
2120
2830
2944
2882
4051
4051
3678
2719
493
2564
1861
2572
2450
2569
1525
3404
3168
398
2798
287
1652
3774
4943
3893
4280
4280
1576
478
2450
16
2450
3451
3451
1486
807
833
871
871
835
326
3177
3236
2663
398
3021
2847
1181
1181
2608
2944
2762
1181
2762
2762
2762
2762
2762
2808
2895
3183
3222
3336
3666
3569
3031
2699
2642
2781
2781
3451
2450
2450
3451
2781
1525
326
326
5
326
326
398
326
2748
11
835
13
375
2944
2608
2608
3236
2701
2761
2820
4024
3862
3295
3158
3092
2564
2564
492
287
2450
2781
3672
2785
3450
3259
2781
3159
3159
3450
3450
2781
1884
3159
3270
1884
2995
2781
3450
3777
326
326
326
326
326
376
1946
2827
2450
2781
833
785
3171
316
3213
2798
2450
3451
2781
3451
2781
3451
2781
2781
3451
2781
2781
3451
768
741
326
398
2944
2202
2448
2929
4270
2702
2700
4073
2944
3236
2944
2944
2791
2700
2883
3049
2883
4147
4148
4157
2708
4190
3998
4072
3679
4147
4174
4235
4191
4140
3045
3046
3049
2944
3236
2944
2700
2701
2791
2450
404
2827
3423
2781
2781
5
5
398
375
375
2184
2184
3074
2798
2173
326
326
16
16
398
13
13
375
11
3070
2369
2781
3451
2781
2450
1486
1486
2781
2781
2781
2781
2781
2785
2781
2781
2781
3450
2781
2781
2781
3159
2781
2753
2753
2450
3652
741
871
3817
16
2184
2798
3451
2782
2781
2781
3159
287
326
16
16
2883
2887
4218
4129
3849
3617
3429
2982
3336
3222
3380
2886
3262
2988
2988
1181
1526
2414
1933
3159
2781
2781
2781
287
2784
1576
287
378
326
16
2886
2701
1922
2414
2781
3451
16
16
326
16
375
398
16
2095
862
2700
1922
3451
2781
3159
2782
2781
3442
871
835
769
16
398
515
515
2886
2881
2886
2881
2762
1181
937
1917
2564
3014
2861
2781
2781
2664
16
3599
835
2988
2791
2944
2791
1181
2827
16
3237
2875
2700
2059
2407
3451
3451
2781
3451
2781
2784
2781
2827
2171
1489
2753
2059
2569
2781
3451
2781
3152
2714
2718
1473
3423
3450
2785
3451
1576
873
2760
2710
2702
3450
3167
2781
871
757
862
843
843
768
862
3617
2610
3429
3643
2814
4167
3250
4134
2886
2919
2881
2809
2809
2762
2896
2713
3072
2760
2711
2715
2953
3703
2760
2718
3141
3634
3323
3451
3159
2781
3451
3450
2827
2781
2784
2785
2897
2827
3049
3045
4218
3047
2809
2919
3421
2791
2771
2761
2791
2701
2701
3050
2701
3236
2944
2944
2766
2706
3679
4073
2885
2798
3450
2569
2827
833
833
521
2347
757
3111
862
2810
2944
2944
2944
1738
3451
3451
833
843
3616
2775
3091
2762
2791
2791
3059
1917
2272
3270
2781
3270
1884
3008
492
862
2127
937
2944
2701
2718
1917
3777
833
833
862
862
3057
3071
2700
3419
3419
4432
2798
3437
3609
3450
3447
2739
1487
2774
2762
2791
2701
2709
2980
2709
2766
2414
2650
3450
2997
2996
3259
3450
3691
4110
4218
2922
1181
2847
3074
1652
3450
871
3699
4110
2766
2709
2532
2781
3270
2214
2997
2897
3152
2944
1489
2781
2782
2781
2944
2701
2700
3236
1483
2753
2714
3112
1577
3450
3270
3270
1884
1884
2819
3183
1526
2532
3014
2678
3691
2214
2533
2095
3050
2701
1978
2702
4140
4140
4051
4073
3259
2781
1884
3259
1884
1487
942
2911
2347
1978
1877
1875
4322
4272
4272
3450
4131
2897
2781
2598
1697
3060
3376
3861
3353
4116
4046
4247
3748
4324
3923
3494
3748
3748
3391
3060
2700
1526
3575
3543
3578
3578
3623
3578
3582
3440
3348
3855
3574
3731
3733
3514
3635
3623
3578
3623
3623
3626
3626
3253
3465
3436
3449
3587
3575
3489
3665
3649
3613
3630
3728
3655
4105
4105
4105
4105
4138
3538
3575
3578
3578
2996
4937
2418
873
3044
4130
4218
2598
2773
2747
3094
3343
3244
3678
4073
3188
3318
2813
3380
2599
3578
3398
3132
4171
1980
1884
2214
2124
2463
3236
4191
2885
4191
2885
4191
3046
4191
4174
3049
3236
4073
4191
4073
3679
4051
3418
3506
3624
3687
3159
4065
2612
4218
2753
2740
2702
3573
3487
3449
3074
3150
843
1884
1884
2214
2740
2883
3139
3573
3579
3697
3777
3706
3617
2599
1886
2710
1886
2813
3815
3578
3573
3573
2798
3314
833
2827
2463
3435
4045
3108
4067
3298
3049
3049
3045
4191
4147
4147
2708
4147
4218
2885
2885
2885
2885
3678
4073
3678
4073
3138
3834
3487
1483
3141
2036
3396
3582
3573
2953
2584
3048
3046
3259
3693
3861
3414
3678
3365
2893
2827
1487
1882
2753
2753
3483
2413
3050
1886
3427
3286
3461
3304
4027
3720
3270
2413
2463
2599
3285
3360
3426
843
1882
2780
3811
3681
2702
4140
3211
3222
3259
4235
2842
2532
3591
3141
3419
3578
2999
2996
2612
2576
3433
2532
2888
3046
4147
4147
4155
4190
3046
4148
2708
3849
2611
2893
3286
1331
3675
3626
3623
3626
3623
3623
3626
3623
3538
3539
3537
3847
4201
4223
4061
4219
3639
3351
4201
4230
4162
4201
4162
4162
4084
3813
3855
3860
4192
3837
3134
4172
3135
4164
2743
2743
2997
2959
2582
3223
2599
3008
3295
3868
3141
3681
2562
4432
4432
2980
3593
4065
3774
2582
1882
3008
3961
3805
4174
4147
4038
4038
2229
3679
3679
4073
4140
3679
3104
2996
1576
1471
4280
4280
2995
3702
1484
3833
3109
3046
2981
2996
2245
4436
4937
3893
4257
4327
3774
2725
4327
4286
4257
4322
4280
4280
1471
4280
4270
3489
3588
3125
3681
2562
3304
3687
3606
3445
3855
3210
4279
4432
4432
1875
4033
4235
1550
4327
191
2678
2461
2819
2596
3210
3362
2995
4937
3683
3108
4147
4191
3260
3704
3365
3781
3626
3623
3626
4235
4147
4147
1653
3841
2669
3664
3488
3623
3693
3774
4089
4302
4257
1474
1474
4463
4470
4367
4272
1882
3679
3194
3523
3548
3923
3949
3664
3664
3635
3794
3734
4221
3560
4183
4183
3558
4196
3747
4084
4006
3561
3558
3557
4250
4917
4913
3493
4891
4917
3954
4887
4194
4291
4298
4195
4195
4195
3736
4219
4901
3767
4063
4201
3763
4105
4937
2582
2708
3815
3323
3522
3529
3527
3694
3956
4914
4916
4916
4195
3635
3635
3511
3665
1548
1474
4280
4280
1474
3811
2890
2476
3635
3756
3493
4931
3920
4252
3546
3546
3678
4114
2563
3192
2725
4192
3349
3349
3794
3884
4154
3548
3755
3549
3548
3924
4308
3884
4247
3748
4306
3522
4029
2669
3143
2563
3304
3838
3336
3856
2996
4147
4147
3304
3703
3953
3914
3949
3697
4218
2990
4099
4147
2813
4153
4415
4436
4432
3491
1564
4361
4155
3316
2814
3539
3626
3847
3626
3757
2889
3661
3231
4147
4147
3678
3461
3712
3862
2814
1576
4280
4280
2811
2811
4170
4086
4001
2610
3192
4073
2888
2888
2725
4190
3461
3781
4192
3527
3832
4251
4305
3697
1474
1932
4361
4280
4170
2611
3428
4073
4068
4038
4242
3720
4099
3109
4363
4322
4322
4118
2814
3538
3798
3151
4116
2633
2708
2888
3194
2814
3151
3437
4136
4136
4138
3461
2817
3461
4322
4322
4272
4254
3836
2744
2354
3461
4311
3108
4181
4069
4098
2982
3951
2611
4071
3720
4167
3836
4138
3997
3295
4175
4071
3740
3749
4916
3707
4113
3716
4164
3639
3639
4280
3720
2983
2780
4415
1932
4280
1474
4415
4422
4280
4280
4280
4280
1474
4280
4280
4422
4463
1984
1959
2320
2895
1956
2560
4280
1474
3352
4272
4353
4145
3350
4247
4280
1474
4436
3461
4001
3353
4138
3923
3742
3999
4164
3494
4084
3743
3743
4415
4322
3951
4298
3639
4324
4164
4219
4361
4322
4280
3893
4280
4247
1471
1953
2329
1896
2659
4327
4256
4272
4280
1548
4302
1577
4201
3742
4257
1689
3752
3747
4361
4270
4223
4247
4195
4195
3742
3746
4257
4310
3747
4257
2105
4422
4219
4291
2418
2089
2262
4284
2781
4464
4436
4271
4361
4415
4372
2550
1653
1331
4270
4250
4422
4367
4195
3746
4195
4422
3954
4310
4291
4196
3552
4250
3558
4432
1689
4195
4194
4891
4272
1936
4432
4419
4271
4415
4327
4269
4422
4269
4269
4422
4419
4422
1689
2310
2401
1694
1694
4416
3463
1994
4311
2359
2425
2426
1956
980
2531
4993
3051
4487
3163
4611
4678
4537
3926
3952
3942
3942
3952
4340
3952
3915
221
329
338
72
1694
1766
980
1956
2560
2401
2546
494
1984
2450
1833
1957
1871
2329
4880
2201
1189
2450
2390
1939
4311
1525
1694
4422
2434
4463
491
1871
4880
1957
1957
2201
4992
4672
4537
4537
221
4588
322
16
72
3915
3915
3915
16
4931
221
4588
4588
3165
4996
2556
1959
4421
2384
1957
1957
2251
1871
2550
2700
2491
2425
2269
4993
2808
1871
2201
1525
16
3942
3915
4340
4340
3952
3942
4340
3915
3915
4340
4588
4588
249
3524
3915
328
72
2384
221
3915
72
3915
72
4588
2490
3915
3915
3915
1959
4871
1956
72
338
3915
3942
2320
4882
2546
2201
72
3915
2491
16
3915
2556
4992
4588
322
4340
3942
4537
375
2490
221
4537
4992
1871
16
4340
329
2201
4980
4975
4871
4993
4991
4588
982
265
3915
3915
145
221
1694
221
1959
1959
3915
70
3915
72
4588
4672
4588
4588
4588
3125
2896
1959
1871
4992
3163
2546
2320
4690
4575
4610
4537
4685
3915
2320
138
3915
980
1871
115
4340
4340
1188
4702
4588
4537
115
4537
221
4588
4537
3051
4340
4340
4340
274
2250
4498
2895
3524
4702
4588
3942
3952
4610
4537
4537
2560
2560
3915
3952
3926
3926
221
93
3926
3926
3926
3524
2821
115
4537
274
221
2320
2964
3130
4678
4677
2560
1956
4606
4716
4488
4588
3926
3926
3926
3926
322
4738
4537
4702
3926
3926
4588
4702
3163
4985
2760
4498
1956
4340
4537
3915
3949
100
3926
3952
4340
4992
2896
3926
2767
1956
274
274
4324
4340
4692
3926
4498
16
4611
2854
2768
3298
2837
4537
2895
4702
3926
4588
274
4672
2964
274
16
274
4610
4498
4498
4498
4498
3942
3926
4621
3926
4537
221
4537
3926
4022
4537
3942
3926
4537
274
115
3926
138
100
175
4762
175
175
175
119
175
175
175
175
175
175
175
175
1193
1209
858
1072
577
1146
628
627
4799
792
4799
1118
1127
583
1116
1125
1133
1116
4819
4827
4826
1019
901
901
1158
1427
1117
4974
1209
870
1062
1520
4969
631
1045
1435
1018
1061
4826
859
577
1019
185
133
126
349
411
126
457
456
139
274
274
56
116
101
2430
1525
1525
1525
1525
2302
2302
1525
1525
2302
2322
2215
2430
58
2402
191
4201
3623
3924
4966
3664
3522
4250
3794
4891
3603
3578
3539
3786
3626
3587
3587
3488
3804
3575
3489
3763
4183
4201
4898
3912
3749
4911
3913
3951
3527
3623
3492
3529
3555
4138
3635
3511
4280
1653
3893
4257
4257
3893
4280
4280
4280
4280
4322
4937
3952
4993
4488
3091
3942
4588
3915
4702
3942
4588
3942
3942
221
3915
4340
3626
1277
1427
1427
1278
1278
1278
2094
2430
2430
1814
2302
2302
2430
2302
2388
2094
2430
2215
2430
2430
2302
1944
2430
2215
2302
1944
1944
2094
2215
2094
2215
2302
2430
2302
2215
1486
1427
1683
2450
1694
2401
2450
2450
3451
2944
2781
2781
2781
3049
