95
135
80
81
382
235
7
249
182
127
679
738
53
105
92
51
22
163
116
369
274
104
116
116
4767
86
256
112
256
105
317
228
274
105
105
274
233
233
233
262
105
112
256
64
64
111
86
256
105
112
2
507
10
502
504
324
324
324
286
137
112
112
112
92
92
105
105
233
105
401
233
4767
105
92
92
105
92
51
111
224
80
303
4
260
37
86
95
111
312
303
256
297
297
3
2
253
253
235
112
256
274
233
105
92
105
274
256
256
92
54
105
92
86
228
105
105
274
105
274
233
105
105
274
111
312
176
312
256
92
92
105
105
105
256
256
135
40
117
448
501
509
241
514
522
1070
834
123
397
128
274
53
256
64
39
137
249
274
105
53
228
93
35
105
105
105
105
105
233
274
274
132
153
171
104
233
274
274
105
81
81
79
234
2
253
256
274
105
105
233
66
138
265
448
501
397
502
12
458
738
743
191
342
910
342
662
762
625
625
432
406
660
138
270
432
540
678
105
274
105
46
51
235
46
274
406
400
46
92
92
92
256
81
81
112
274
324
233
200
249
516
182
442
105
304
117
406
456
509
124
528
406
105
233
233
228
504
324
105
6
77
68
297
81
456
281
105
105
105
105
253
105
217
233
105
80
281
92
233
429
429
265
128
509
509
105
233
105
233
78
109
400
4
223
223
46
46
504
507
503
105
105
507
279
397
105
105
319
262
319
30
153
153
369
115
142
115
35
507
304
281
286
127
105
182
127
92
105
324
387
432
49
116
49
92
6
128
92
223
128
92
116
116
4767
4767
274
116
507
397
4767
4767
400
504
329
274
540
625
625
748
347
347
347
694
347
347
1850
2000
3349
3470
354
3629
3788
4092
4404
4338
3158
3802
4300
92
92
4
4
105
405
129
625
748
125
379
1009
663
499
693
235
223
7
129
92
116
258
4767
4767
233
4767
4767
507
442
509
116
401
233
401
105
4767
507
274
105
401
502
397
132
540
133
116
104
401
105
105
124
116
104
233
401
504
4767
4767
233
4767
105
4767
258
104
262
116
105
514
428
502
514
190
190
692
502
502
525
516
123
502
124
124
432
408
502
527
516
502
548
862
786
4852
464
751
751
345
345
694
694
1310
468
2696
2452
2595
3434
3392
3463
2765
3455
2629
3478
477
2887
478
479
479
2779
1957
1957
1954
1954
2608
2267
484
485
1655
490
1689
1965
2390
494
1701
495
495
498
514
432
514
12
539
693
527
530
458
738
126
662
543
378
522
738
12
528
522
378
762
522
12
762
740
834
678
378
666
915
545
849
887
654
4782
4782
579
4782
4836
946
1374
1106
1411
1408
589
589
1405
1325
1474
1586
1531
956
1083
982
1008
1000
1096
953
654
580
4781
579
579
653
654
654
654
653
660
757
4782
4836
945
1375
895
821
895
898
658
901
4782
1055
1374
1138
1105
1105
1104
548
126
763
1298
1632
1622
529
654
4782
762
654
747
654
434
654
898
4782
898
747
679
915
915
654
654
654
4816
844
654
653
745
654
4782
4836
4836
4836
4836
898
1271
1271
1010
654
844
654
654
4835
4792
685
4792
650
850
650
192
1055
654
745
747
191
946
126
191
788
545
694
347
694
694
910
753
753
4836
883
1078
545
347
743
1010
748
694
1009
654
692
4836
1055
656
844
4790
579
719
4792
4792
755
4804
190
869
1516
1535
4853
434
654
1011
378
546
834
1107
654
653
4790
898
719
4792
189
907
4792
4810
863
887
1009
719
820
1003
914
980
981
979
659
862
1239
906
1510
1248
801
685
4790
844
4792
656
190
875
4792
821
1271
579
1239
1138
1011
4792
942
546
1298
1724
821
657
863
1263
1395
1206
1328
1055
1003
685
191
1003
1138
842
842
190
1012
1684
1915
1436
872
1884
692
1525
1684
1511
833
1003
1622
942
876
1368
1076
1077
1271
4792
4831
4835
4835
4835
1272
1294
1294
4790
1003
1105
1104
4792
863
4835
833
1012
877
659
546
345
345
694
694
694
694
694
659
1406
594
1104
1113
849
1781
1786
2537
2569
2569
2499
3070
2907
2108
3244
2161
2161
2161
2161
2376
3132
2888
2888
2945
4792
4831
659
914
1102
1474
1294
589
589
589
589
1106
4831
979
1103
1082
1213
957
1082
964
1255
1081
1002
1081
1081
1126
1588
1581
1293
1022
1198
1253
1253
1021
1253
1238
1763
1778
1780
1812
971
1930
4880
1081
1015
1071
1112
982
982
1054
956
982
881
1103
1004
1005
1103
1255
1081
1257
1008
597
955
1008
955
1188
1188
1769
982
911
965
1190
957
1219
1468
1325
1114
1325
1149
1521
189
910
910
1234
1255
1022
1142
1258
1022
1022
1285
1275
1284
1253
1275
1022
1371
1485
1043
1043
1760
1508
1534
1912
1775
1141
1141
1259
1032
982
1425
1405
1294
589
589
1510
1081
1072
1140
1508
1238
1760
1238
1222
1126
910
751
1268
1322
1096
1096
1213
1106
1395
4794
4835
1395
4835
1208
4832
1466
190
1012
1135
1022
1617
1368
1617
922
980
1002
1008
966
1690
982
820
1265
1375
1375
1375
1234
1198
1234
1003
957
1000
1545
1720
905
1328
1019
1334
1333
1034
953
1255
1215
982
1218
1218
1561
1561
1391
1114
1325
1131
1530
795
954
591
1218
1507
1507
589
589
4833
4818
1206
1206
1130
1010
1234
1130
1375
818
1406
1211
1275
1275
1212
1083
4833
1276
1275
1155
1135
1234
1375
1275
1189
1472
1395
1015
1240
1329
1186
1250
1364
1380
1800
2465
2170
2490
2362
2359
2359
1823
2623
481
2646
2646
3148
3059
2990
2724
3056
3056
3056
2622
2669
2464
2490
1153
1193
1022
597
1293
1293
1486
1486
1453
1256
1100
964
1275
1284
1157
1254
1130
1198
1199
1550
1201
1202
1375
984
984
1325
589
589
1022
1253
1253
1253
1284
966
966
1253
1293
1763
1256
998
999
1717
1007
1007
1212
1284
1284
1284
1240
1226
1223
1251
1589
1851
1249
1276
1007
996
1022
1001
1275
1284
1284
1284
1248
1246
1336
1540
1713
1614
1297
1277
786
1362
1297
1244
1275
1275
993
1231
1293
1293
1761
1360
1360
1360
1710
591
1580
1425
1142
1259
1357
1677
1791
961
1292
1003
994
1428
1428
1325
984
1022
1284
1472
1325
1325
1325
1391
1391
1015
1032
1285
1242
994
595
1270
1410
1275
1225
1032
1155
1412
1717
1284
1323
1685
1190
1269
1292
1284
1198
1253
1670
1218
1325
1390
1266
1392
1628
1032
869
807
955
1305
967
1371
1276
1284
347
347
347
1351
2564
3998
4106
4337
4345
4345
4345
4529
4521
4566
4671
4671
1391
1391
1325
1521
1252
981
1007
1284
1391
1561
589
589
1245
1283
1071
1112
1658
1072
994
1691
1156
4849
751
751
345
347
347
1351
1360
2274
1256
1656
1489
1403
1032
990
347
694
347
347
1846
1350
1613
1549
1657
1938
1164
1284
1371
1260
1612
1429
1253
1253
1253
1253
1253
1912
1325
1888
1159
1657
1347
1699
994
1002
1253
1253
1253
1253
1253
1253
1360
1238
1907
1200
1326
1521
589
1155
1141
1220
1508
1353
1072
1541
1870
1920
2344
2362
1698
489
1111
1761
1360
1043
589
1325
589
1325
1218
1218
1080
1521
1561
1769
1717
1561
487
345
1340
4852
4852
751
751
751
1431
1417
1417
1418
1654
1575
1644
908
347
347
1472
1215
1148
1885
1885
1762
1907
1218
1557
751
751
1518
1896
1601
1641
2394
2443
2356
345
465
465
1737
1442
1645
1447
1544
1585
1288
953
1360
1710
1710
751
1432
1600
1417
1652
1744
589
1411
1408
1408
347
1613
347
1774
1486
1486
1243
1541
1473
1507
908
1415
1831
1442
1421
1670
1329
973
973
1500
1518
1018
1805
1495
1238
1042
1018
1018
1238
347
1349
347
1333
1284
1142
1142
1140
1287
1220
1235
1235
1190
1019
4852
4852
1535
1539
751
464
1253
1238
1018
1440
1456
1613
1284
1235
1034
1339
1724
1648
1511
1684
1539
787
869
1535
869
1516
1516
870
1568
1430
1672
963
1142
1706
1569
1518
1484
1482
1333
977
1386
1866
870
1895
2028
1895
1664
1666
1653
1625
1711
1593
918
1765
1559
1101
488
1490
1706
1015
1694
786
1556
787
1518
1542
490
1484
1192
1016
1089
1874
1636
4852
1662
1653
1625
1623
1575
1695
1790
1855
1578
1575
1477
1599
1475
1770
1761
1042
1238
1238
1508
1543
1098
1662
1642
1658
1415
1757
1258
1535
1632
1571
1571
1637
488
1158
1652
1715
2231
1640
3249
2933
2396
1608
1946
3037
2712
1675
1093
1718
849
1705
921
2125
2356
2207
2444
1874
1665
1654
1695
1635
1635
1623
1623
1763
1763
1760
465
1720
1877
1859
1905
1803
2045
1635
1572
1653
1659
1687
1738
2782
1640
1623
1623
1623
1873
1765
1645
1758
2304
1824
1539
1665
1137
1653
1624
1575
991
1099
1807
1733
1662
1953
1661
2608
1456
1503
1923
1803
1944
1660
1577
1579
1441
1441
953
1024
1522
1724
1154
1573
1476
1579
1238
1611
963
1448
1960
1845
2202
1706
922
1686
1575
1887
1623
1331
963
1708
1433
958
1668
1697
1886
1735
1887
1861
2060
1893
1160
1481
1895
1914
2297
1434
1884
1508
1687
1590
2061
1933
1624
1018
1091
1344
2462
1786
1735
490
1534
1220
1140
1825
1729
1679
1732
1820
1016
1671
1740
1833
1417
1349
1846
1742
2634
349
2057
2285
1167
1919
1919
1919
1919
2210
1071
1830
1229
2188
965
1090
1222
1287
1825
2274
1310
1767
1532
1765
2297
1481
484
1765
1681
1192
1492
1491
1089
1379
1907
2462
2966
3399
3801
2462
2965
1766
1600
1943
1238
1908
1813
1828
1927
1929
1929
4880
1682
1467
1889
1481
1899
2232
1144
1792
1861
1862
1330
1222
1811
970
2273
1696
1388
2399
2333
2562
483
1868
2025
2013
1925
2293
2454
1926
1736
2726
1739
2200
2726
1444
2714
2200
2026
1768
1909
1848
1344
1595
2336
1824
1868
2002
1859
2127
2127
1799
1910
1902
1824
1868
484
2267
1824
2333
2267
1936
1220
2210
2207
2210
2461
2292
2025
2026
1809
2382
1534
1508
1598
1576
2399
923
1621
2127
1726
1801
1894
2598
1902
2297
2297
1703
2395
2619
1846
2334
2356
2125
1924
2339
1860
2334
1849
2355
1435
2333
2650
2207
1829
1455
1879
1925
2294
2294
1927
1929
4878
495
2004
2351
484
1494
2367
2349
1892
2345
1918
2362
1919
2267
1953
1641
2408
2915
2031
1442
1843
491
1855
2459
2781
1954
3024
3024
1955
1955
1956
3024
3024
1957
2031
2461
1639
1852
1898
2461
1950
2285
1377
3240
2105
3209
3005
3184
3147
2501
3269
3132
3132
3209
3132
3255
2104
2158
3058
3058
3255
3255
3255
2105
3205
2112
2105
3186
2137
3147
2317
3139
2131
3241
2158
3255
2112
2104
3241
2105
2112
2105
3240
3214
2199
1928
467
2633
2349
2334
1918
2285
2104
3205
3186
3214
3205
1794
4871
1929
1700
1712
3240
2112
3186
2137
2136
2118
2964
3255
1881
1843
2366
2618
3299
2886
2444
2073
2547
3186
3131
2158
2158
3186
2137
2317
2317
3214
2591
349
1944
2431
2431
2913
3184
3214
3211
2107
2073
2725
1661
2332
2185
2267
2569
2936
2897
2118
2944
2888
3246
3246
2613
2613
1962
483
2287
2399
2892
2502
2502
3043
3214
4552
4639
4661
4598
2501
2502
3203
3116
2437
2158
2912
2502
2415
4661
2945
3241
3211
2502
2502
3203
2111
2111
3250
2110
2108
3174
2111
2111
3058
4598
4639
4639
3252
2110
3252
4639
4661
4687
3269
2537
2118
2537
1786
2612
3244
3244
3245
3245
3245
3245
3254
2111
3174
3174
2138
2138
492
2577
2850
2893
2313
2892
3116
3023
3203
2158
2912
2912
4552
4671
4671
4671
2111
2111
2111
2110
2108
3289
3245
2110
2158
2279
2169
4991
2170
4978
4976
3211
3203
3211
2475
3186
2888
3273
2910
2161
2537
2591
2017
2354
3142
4687
2332
2332
2158
3184
3205
2939
2888
2888
2945
2945
2633
4871
2726
1824
2202
3147
2314
2985
2569
3147
3096
2979
2916
2569
2376
2945
2888
2888
2352
2365
2219
1311
2224
2965
2502
2329
2613
1798
2603
2340
2055
2577
2145
2104
2315
2907
2888
2364
2240
2892
3023
2892
2850
2850
2850
2892
3023
3023
2502
3023
3023
2892
2892
2850
2850
2850
2146
2104
4958
2350
3211
2327
2611
2218
1927
1928
2405
2488
2562
2410
4634
2892
2850
2406
2350
3214
1823
2602
4639
4687
2945
1787
2454
2540
2540
2439
2725
2850
2892
2850
2892
2267
2400
2945
1701
3211
2893
2327
2923
2923
2500
3091
2315
3243
3245
3243
2601
4687
2945
2145
2327
2570
2436
2407
2569
4639
2650
1954
2490
2431
4639
4872
1796
2767
2327
2650
1919
2352
2241
2829
2830
1683
2835
2521
2608
2161
2893
2562
2650
2657
1930
2240
2499
2562
2359
2362
2580
2945
3252
3252
2108
3252
2111
1445
2145
2892
2850
2578
4687
2612
2945
1862
2027
2850
2892
2598
2769
2830
2830
1608
1608
2669
2669
2403
2506
2405
2631
2408
2915
1954
2490
4639
4639
4688
3257
2111
4688
4671
4671
4639
4671
4639
4639
3252
3252
2161
2161
2835
1443
3194
3194
3434
2029
2852
2858
3137
3137
2538
2592
2431
2540
2540
2912
2111
4552
3044
2884
2922
2490
2939
2726
2427
2427
2726
2452
2850
2850
2892
1945
2464
2965
2821
2638
4976
2527
2170
2170
4639
3132
2634
3214
1957
1610
2858
2858
4978
4997
3132
2502
2850
2893
2327
2830
2822
4671
2490
2490
4639
2221
2670
2499
2984
2984
3128
3023
3023
2601
4639
2508
2892
3023
3023
3023
1954
1610
1954
2858
2464
2161
2161
2161
2726
2850
2912
3211
2580
2649
2857
1169
4976
4976
4874
2905
1180
2831
2784
2603
2592
2945
2695
2849
3411
493
2544
2850
1610
2858
2945
1841
3652
2555
2838
3473
3587
2559
2808
3022
3023
2939
2427
2850
2850
2892
2858
2858
2570
2824
2161
3009
2574
3298
2876
1608
1608
2327
2649
2649
2983
4874
4874
4874
1169
3611
4127
4201
2686
4874
350
2936
2916
3194
2574
2892
2893
2729
2871
2602
4671
3470
3470
2850
2960
2915
3024
2601
3244
2612
2108
2108
2594
2875
3023
2676
1608
1168
2912
2780
2780
480
3196
3195
3172
3355
3355
3123
3122
3604
2644
3755
4019
3834
3395
3125
3898
3605
1608
1608
2224
2703
2892
1605
2650
480
479
3195
3355
3355
3355
3437
3121
3195
3195
3121
3172
480
2780
3196
2639
3172
2623
2623
2840
2623
2623
2781
2871
2844
2965
2966
3023
2893
480
2623
2700
3627
2935
4347
3896
4342
4347
4347
3896
3896
1313
3896
3896
3896
4342
3896
4342
2161
2892
3211
1603
3440
2895
2611
495
496
2540
2818
2837
3210
2926
4022
496
2751
2751
2788
2899
2929
2837
2680
2573
2697
3383
3792
2934
3776
3896
3896
2452
2838
4106
3023
3023
3023
3023
3142
3024
3024
2887
2804
471
3115
2543
3457
3709
2718
3709
4019
3321
3422
2639
481
481
480
2839
2560
3023
2673
482
4980
1174
4980
4975
4980
498
4980
2859
3126
2997
4874
2582
1173
2734
4874
4874
1175
2738
2815
3421
4025
2900
3381
3841
3841
2796
3870
4980
1445
2874
3009
2762
2762
2969
3023
2327
482
2830
2570
2535
4866
4869
4866
4671
4687
4975
2786
2161
4975
2140
3023
1956
1956
1956
2960
2943
2943
2646
2646
2327
2860
3238
4127
4022
3853
3853
3161
3860
3161
3860
4057
4135
3675
3854
2586
4874
3256
3099
3244
2161
3252
2548
495
2697
2912
1957
4874
2983
3056
2860
2583
4975
2161
4975
498
1842
2763
2763
3392
2819
2780
3024
1946
2923
3137
4874
2990
2313
2851
1945
2622
2649
3252
3252
4688
2161
4975
2716
2711
1957
1956
1957
2783
2111
2570
3137
4688
4688
4688
2161
3132
3252
3252
3252
2680
2313
3036
2951
3430
3252
2161
3252
3023
2622
3036
3117
3414
3767
3767
3017
4128
2686
2588
3038
496
2681
2870
2779
2871
3430
3612
2184
2777
3476
2877
3061
2878
2877
2712
2887
3250
2996
4671
3127
2611
3023
2501
2780
1956
2108
2839
2313
2622
2881
3239
4051
3354
2731
2901
2500
2904
3056
2111
2108
2161
3252
3132
2108
3116
2138
2138
2943
2985
2436
2315
2975
2991
2161
2658
3056
2936
3252
2161
2952
2952
3038
2816
2930
3115
2870
2988
3479
3616
3612
3674
3655
2108
3252
3203
2138
2984
2111
3257
4688
3379
355
3063
2161
3038
2794
3828
4057
3853
3350
2554
2138
1946
3063
2900
3674
2108
3400
3801
3307
2716
2986
2986
2932
2718
2986
2973
3203
480
2111
3137
2592
2538
2538
2841
2724
2984
2436
2108
2111
3359
2630
2712
481
481
2639
481
2840
2840
3196
2646
481
481
2648
4025
2588
2592
2538
2108
2108
3245
3245
2110
3252
3009
2138
3699
3015
2862
3015
2627
2643
3450
3753
2703
3835
3602
1956
2646
2797
2592
2797
3871
3841
3853
4057
2928
2683
2869
2679
2933
3416
2887
3854
2795
3245
2108
2110
2138
3214
3429
4267
3676
4267
4343
4267
4351
4351
4241
2500
3196
2111
478
2646
2878
3250
2900
2796
2796
3841
3093
3252
2797
4017
4043
4067
4067
4117
3707
4096
4033
3163
3382
3365
3391
3372
3080
4212
3163
3381
494
479
3196
3195
3056
3128
3128
3243
3243
3243
3243
3245
3091
2796
3245
3245
357
3137
2797
3798
4067
3860
3708
4148
4149
3078
4035
4177
3082
3225
2874
2870
2138
3196
3172
3172
3121
3121
3123
3199
3355
3267
479
3199
3123
3124
3789
3789
2543
3239
3131
3128
3128
3131
2110
3350
3308
3196
3172
2639
2977
3244
3243
3870
1312
1609
3196
2639
3195
3121
3355
3121
3355
3121
2639
2500
2639
3121
3121
3121
2977
3243
3245
2108
3221
3381
3400
4038
4247
4272
3638
3982
3706
3706
3706
3860
3860
3162
3162
3162
3166
3166
3166
3166
3162
3162
4122
3860
4122
4122
3860
4117
4116
4026
363
2138
3416
479
2639
3174
3174
2796
2108
2108
2108
3801
2688
2688
2692
2680
3156
481
3174
3174
3174
3245
3245
3328
3250
3113
2966
2574
3267
479
479
3309
3198
3199
3466
3394
3200
3585
2629
478
2138
3137
3289
3250
2538
3267
3267
3284
3145
2138
3254
2108
2110
2110
3221
4067
4067
4067
4152
4152
4152
3593
3418
3407
3367
3641
3641
3641
4096
4096
3641
3641
2716
3133
3133
3294
3195
3118
3146
476
2111
3254
3254
3243
2110
3641
2794
1446
2903
3121
2111
2110
2110
3289
2111
3245
2111
3250
3245
3245
3245
4037
3871
2595
3384
3424
4127
3243
3404
357
3289
2108
3289
3245
4033
4033
4096
4033
3641
3802
3009
2687
2968
2839
3195
3355
3121
2796
3250
3250
3289
3174
3250
3641
3470
4017
4117
4122
4117
3359
3289
4076
3163
2794
2763
1603
3673
3199
3309
3309
4067
2986
3445
3780
3265
3357
3309
2989
3159
2685
2659
3976
3355
3195
3121
3121
4067
4104
3639
3085
3303
3404
3629
3404
4076
4156
4218
4212
4029
3433
3620
3336
4168
3107
4076
4033
3981
3224
4055
4104
3105
3410
3400
2953
2926
3352
3302
3355
3355
3302
3478
3200
2796
2588
2588
355
4176
4097
3981
3365
3705
3957
3860
4122
4067
4043
3899
3588
2694
3123
3200
3303
357
357
2687
4156
4067
4067
4067
3294
3315
3121
3355
3641
3417
3106
3407
3705
3380
1842
2763
2700
3466
3466
3789
3124
2972
3834
2717
3314
3801
358
3706
3957
3342
2694
3562
2796
4166
4166
4027
3407
3899
2693
2541
3351
4127
3121
3375
3306
3427
3707
3365
4104
2933
2625
3123
2625
3120
3394
4076
4076
4097
3704
2692
3429
2796
4067
3957
2574
3199
3123
3124
3478
3707
2986
4241
3466
3605
4122
3161
3860
1842
3133
3233
3408
1604
3012
3122
3122
3604
2763
3365
2970
2971
3445
2986
3460
4076
3585
4076
2764
3899
2902
3294
3466
3123
3480
358
358
4037
3788
3298
3602
2701
4123
3896
4261
4261
4261
3121
3438
475
3678
3666
3112
3339
3337
3337
4141
4225
3734
3931
3912
4223
3943
3944
4323
3944
3567
3110
3598
3305
3455
3514
3833
3833
3833
3514
3644
3657
3531
3501
3501
3633
3636
3956
3833
4907
3515
3540
4114
3747
4034
3644
3657
3581
3580
3501
3501
3482
3568
3763
3111
3644
4056
3729
4071
3742
4173
3833
3506
3506
3506
4904
4905
3507
4918
4918
3535
3607
3833
3833
3796
3644
4104
3676
3300
2588
4067
3675
3480
3225
3858
4099
4044
4099
3853
3617
3389
3644
3368
3618
3776
3634
4100
3762
3702
3354
3124
3395
4097
3392
3567
3860
3860
3162
4122
3860
3588
3658
3501
3531
493
4067
4076
3675
3678
3865
3956
3644
2969
3633
3346
3124
3604
3789
3604
3665
3860
2765
3633
3580
3643
2864
4241
4076
4076
3503
474
2763
3578
3389
3620
3643
3532
3501
2541
3442
3403
3630
3597
3392
4108
4074
4107
4059
3860
3860
3860
3162
3860
4067
4076
3161
3853
3583
3840
3337
3793
3570
3639
2986
3482
3532
3075
4045
4106
2588
2626
3636
4108
4108
3571
3283
3630
3597
3792
3679
3791
3777
3585
3695
2819
3860
4122
3598
3482
3625
4151
2902
4051
2588
3171
3306
3281
3468
3368
3483
3533
4090
3395
3755
3780
3082
4034
3486
473
3590
3457
3502
2588
3467
3125
3125
4157
2792
3589
3581
3413
4076
3125
4149
3681
3162
3860
4122
3860
3162
3860
3162
3166
4152
3457
3032
2542
3836
3580
3657
3644
3657
3535
3657
3599
3507
3507
4918
3507
4903
4900
3952
3542
4214
4141
4084
3712
4047
4047
4897
4214
4900
3718
4219
4233
4225
3747
3337
3622
3500
3533
4119
3900
3668
3581
3608
3016
2644
3437
3789
3755
4267
4258
4258
3171
3662
3456
473
3689
3702
3339
3439
2791
364
3282
3502
4076
2699
4267
4343
4343
4258
4258
4258
4218
2972
3689
3743
3162
3162
3689
2718
3896
4261
1313
1313
3428
3182
3532
3451
4932
4343
4343
4343
3789
2972
3446
2557
3339
4108
3567
3643
3676
3788
4272
3789
4267
4267
4267
4267
3628
4343
4343
4343
4258
4343
4267
4267
4351
4351
4351
4351
4351
4343
3486
4141
3225
4158
2791
3343
3162
3661
4343
4145
2718
2973
3837
3838
4329
3482
3619
2588
4351
3788
1315
1315
357
2718
4258
3792
4037
3696
3828
4092
3437
4267
4267
4267
4149
3162
3860
3647
4028
3181
3593
4159
3580
3579
3675
3162
3675
4057
1315
4225
2627
4034
3515
3515
3833
3657
3514
4343
3776
4343
4258
4258
4347
4258
4258
4258
4258
4258
4351
4660
4355
4345
4338
4337
4258
4347
4053
2718
3162
3368
4067
3954
3738
4923
4894
3778
4173
3515
3540
3540
3877
4911
3544
3515
3541
4897
3543
3542
4910
3733
3947
3734
3541
3515
3539
3539
4890
3738
3739
3911
4223
4223
3927
3917
3919
3724
3733
3733
4909
3951
4897
3549
4897
4905
3953
3506
3506
3742
4230
4258
3107
3882
3501
4071
3737
3739
4920
4924
3928
4223
3739
3725
3733
4071
3918
3486
4188
4152
3684
4040
4121
4071
4071
3947
3931
3964
3964
3489
3739
4057
3675
2718
4120
4132
4261
3580
3580
4071
4235
4920
4317
4165
3984
3964
3490
3969
3488
4224
4280
3967
3675
4057
4037
3709
3709
3851
3696
2954
2927
3575
3739
4135
4057
3860
2698
4028
3782
4921
4318
4266
4071
4076
4019
3162
3830
3737
4272
3829
4273
3896
3728
4209
4152
4177
4261
3579
3600
3535
3650
3599
4135
4159
3660
4213
3853
4057
3783
3388
3454
3419
4351
4351
3162
3162
3162
3729
4145
3853
3853
3162
4342
4342
3896
3166
3312
3896
3896
3896
3166
3622
3984
3971
3969
3989
4351
3162
3864
3710
4105
3109
4342
4028
3499
4209
4057
3166
360
3335
3348
3657
3599
4022
4167
3747
4237
3162
3823
3228
3603
4130
3829
1313
3746
3746
3746
3016
4211
3671
3896
3896
1313
4297
3166
3728
3671
4058
1313
1313
3369
4023
4273
4060
3619
3830
4317
4213
4083
3749
3829
3864
3078
3967
4083
4109
3454
3593
3622
3967
3964
4169
3081
3672
3681
4084
4125
4050
3713
4287
4213
3226
3830
4272
4344
4399
4351
4258
4340
4355
4355
1319
1319
4563
1319
4645
4671
4351
3749
3838
3226
3507
3507
3725
4404
4211
4058
3839
3712
3553
3964
4272
3863
3964
3725
4911
4275
4141
4301
4322
3930
4178
1313
3931
3896
3723
3718
4342
4342
4342
4340
4340
4340
4342
4258
4258
4340
4258
4340
4258
4258
4344
4660
4660
4542
4542
4272
4340
4342
4342
4355
4342
4342
4342
3838
4351
3896
3896
4337
4660
4905
4342
3944
4340
4340
4340
4340
4340
3915
3930
4404
4046
4901
3944
3944
3944
4224
4340
4340
3895
4341
3920
4340
4340
4542
4341
3724
3951
4909
4660
4542
4337
4345
4345
4329
4338
4339
4340
4399
4340
3894
4337
3549
3549
4340
4338
3734
4909
3919
4911
3919
3725
4345
4910
3919
4909
3517
4909
3549
4889
4345
4542
3733
4909
4909
4337
4636
4345
4341
4338
4341
4345
4345
4355
4345
4345
4345
4340
4529
4355
4529
4355
4345
4542
4660
4345
4345
4345
4660
4660
4660
4566
4643
4643
4643
4645
4643
4643
4643
4643
4643
4643
4643
4671
4552
4552
4552
4552
4552
4552
4552
4552
4552
4552
4552
4552
4643
4643
4552
4643
4660
4660
4566
4558
4566
4345
4521
4563
4345
4345
4355
4399
4521
4660
4660
4660
4660
4660
4345
4660
4660
4660
4345
4660
4345
4660
4345
4660
4660
4660
4660
4660
4660
4643
4643
4643
4643
4643
4643
4643
4552
4579
4603
4552
4552
4552
4552
4552
4552
4552
4552
4552
4552
4579
4643
4645
4643
4643
4645
4645
1319
1319
1319
4660
1319
4566
4643
4643
4566
1319
4643
4660
4643
4643
4566
4660
4643
4660
4345
4643
4552
4552
4552
4552
4552
4552
4552
4552
4552
4552
4552
4552
4552
4643
4643
4643
4552
4552
4552
4552
4552
4552
4552
1319
4552
4552
4552
4552
4552
4552
4643
1319
4660
4552
4552
4643
1319
4566
4552
4552
4552
4552
4552
4552
1319
4521
4345
4552
4552
4552
4660
4643
4552
4552
4552
4660
4345
4643
4552
4552
4552
4552
4643
4643
4552
4552
4552
1319
4643
4643
4643
4566
4552
4552
4552
4552
4552
4660
1319
4518
4643
4643
4643
1319
4645
4643
1319
4552
4552
4552
4552
4552
4643
4643
1319
4552
4552
4552
4552
4643
4552
1319
4552
4552
4552
4566
1319
4552
4552
4552
4603
4643
4643
4643
4643
4643
4643
1319
4643
4643
4643
4552
1319
4643
4643
4645
4645
4643
4643
4552
4552
4552
4643
4552
4643
4552
4552
4566
4552
4552
4552
4552
4643
4643
4643
4552
4552
4552
4643
4645
4552
4579
4552
4552
4645
4552
4552
4552
4552
4552
4643
4643
4643
4643
4643
4552
4643
4643
4643
4558
4552
4645
4645
4645
4645
4558
4671
4671
4552
4552
4552
4552
4952
4552
4552
4603
4552
4579
4552
4552
4552
4552
4552
4579
1319
4552
4645
4645
4552
4552
1319
4643
4643
4645
4645
4566
4558
4952
4552
4552
4552
4552
4552
4383
4552
4552
4566
4645
4552
4552
4552
4643
4643
4645
4552
4645
1319
4671
4645
4566
4645
4552
4552
4552
4579
4579
4552
4552
4552
4552
4552
4552
4645
4645
4552
4643
4563
4552
4645
4552
4552
4552
4552
4552
4552
4643
4645
4552
4552
4645
4552
4643
4643
4558
4643
4643
4552
4552
4552
4645
4552
4645
4645
4552
4579
4552
4552
4645
4645
4643
4643
4645
4552
4645
4552
4552
4671
4552
4645
4552
4645
4552
4552
4552
4552
4552
4552
4552
4552
4552
4552
233
105
105
233
274
4767
274
4767
274
274
105
233
282
233
105
233
105
105
233
92
589
4832
580
654
1294
844
654
654
1395
685
1411
4831
4834
1411
1294
1294
654
1461
4845
1411
1010
4831
1271
1426
755
1010
4836
589
4835
1271
589
1411
887
1106
4792
4792
580
347
694
343
345
910
345
753
751
1556
4852
910
4852
694
545
1776
3211
4552
4552
4671
4687
4671
4671
4687
4671
4687
2540
3056
2724
2724
1929
1929
4880
2983
2990
1928
1929
2535
4878
4878
4878
3132
3063
3909
3644
3657
3489
3506
4900
4225
4895
3908
3929
4891
3515
3833
3542
3507
3657
3535
3555
3514
3555
3514
3514
3555
3554
3506
3953
3515
4901
4920
4920
4223
3964
4902
3607
3724
3984
3739
4891
3737
3737
2971
4340
4258
4258
4258
4258
4344
4343
4351
4258
4258
4351
4351
4343
4344
4351
4343
4552
4552
4552
4552
4552
4552
4643
4643
4643
4552
4552
4552
4643
4552
4552
4552
4552
3579
1403
1011
1272
1292
1361
4980
4866
4975
4980
4976
4976
498
4990
4981
4975
4990
4981
4990
4866
4981
4981
4980
4976
4991
4980
4980
4994
4980
4981
4991
4981
4991
4981
4990
4979
4991
4981
4984
4981
4866
4981
4984
589
786
786
3269
3256
3269
3896
481
3123
3123
3355
4342
