294
294
382
382
270
319
270
388
169
169
356
113
118
118
750
294
48
48
157
265
155
241
289
241
3
240
282
282
282
4795
282
416
241
286
286
288
14
288
416
286
401
288
288
288
288
288
286
239
4795
282
282
4795
240
238
4795
293
191
169
450
169
220
207
218
224
208
212
3
240
416
40
155
241
241
68
288
288
288
67
266
155
157
242
300
48
3
237
282
286
300
3
237
282
237
373
5
382
235
218
264
240
286
286
288
288
288
240
288
282
240
238
282
282
3
265
238
212
293
416
240
286
288
288
288
238
240
242
242
263
240
288
212
265
14
288
288
416
190
224
219
187
295
324
185
185
751
830
830
830
118
10
360
295
4795
4795
3
293
293
224
219
288
240
190
282
297
253
282
288
416
286
286
286
286
281
288
286
288
288
288
288
288
241
241
288
288
288
288
293
293
224
294
253
4795
416
286
141
282
401
288
288
224
132
7
8
295
192
535
458
525
535
781
118
750
424
838
838
424
750
543
363
444
441
781
424
219
187
194
361
625
118
240
238
288
288
219
48
224
218
295
286
219
187
219
219
265
265
159
382
243
238
286
288
40
288
243
356
506
419
418
1
224
191
187
187
193
186
361
361
187
288
288
240
240
238
288
243
295
188
155
293
268
237
268
380
297
187
257
219
289
288
5
276
238
219
288
286
288
8
220
167
288
446
227
46
295
186
186
288
291
288
286
227
371
301
44
452
112
167
238
220
45
193
295
288
288
286
288
286
286
238
238
237
238
237
238
3
5
112
224
426
443
295
289
114
324
4799
288
111
320
271
320
187
444
237
237
4803
191
250
324
324
388
361
267
266
289
288
308
278
291
356
389
169
185
286
286
185
361
117
808
425
814
814
830
856
857
653
1747
2010
2472
3199
3199
3199
3199
3542
3543
3543
349
349
2944
2944
2944
2944
4803
132
269
269
288
288
193
185
361
751
117
361
770
425
856
856
1056
814
751
796
429
163
42
388
42
257
76
289
289
288
429
185
452
167
257
288
288
288
266
237
288
289
241
403
506
721
288
721
238
288
518
737
257
241
288
452
241
288
238
286
288
284
396
650
751
118
750
1079
1574
856
117
403
666
721
625
670
118
195
117
195
725
670
540
438
118
721
781
424
1079
1079
1079
1026
1026
1574
654
1347
335
2183
2936
2504
3868
4095
2908
2912
3189
3400
3229
2605
2970
2797
1974
492
1552
1704
1601
1579
1898
2731
1457
3734
3513
2351
3023
2663
2655
808
540
751
177
118
625
670
796
670
751
425
118
781
543
424
833
367
814
796
751
781
425
625
118
751
425
856
770
750
541
424
750
830
750
830
830
799
796
856
857
857
856
1411
750
755
720
720
720
719
719
788
788
801
692
720
818
4820
760
4834
803
4818
4818
4818
801
692
4834
718
615
775
4839
759
1048
588
768
629
4955
1113
1267
4955
1417
1417
4840
811
4827
1415
1328
1415
1415
1415
1261
1486
1358
1171
928
602
608
989
1509
1352
1251
718
720
720
4818
720
4818
720
720
720
4818
803
803
4818
861
861
803
716
716
716
800
719
716
716
118
781
830
4820
755
4844
4825
4825
862
1105
828
1131
1176
4820
4834
4820
718
718
809
715
714
778
852
802
783
4811
615
615
615
729
644
4951
816
1037
1102
967
750
750
814
1056
1281
1850
858
830
720
719
719
718
718
4818
830
719
720
720
720
799
799
719
830
719
4811
588
773
4820
4839
4820
4839
615
424
1079
830
856
857
720
716
720
720
719
719
719
720
719
809
832
861
716
809
4818
784
715
616
4836
4836
750
786
4836
817
699
789
729
4835
1037
1094
720
800
800
800
800
719
861
922
861
861
716
716
716
861
716
838
817
800
800
424
799
1079
838
4819
4829
424
1079
750
830
851
851
851
800
4836
858
425
851
1087
424
4829
834
833
856
786
814
851
799
640
861
861
716
716
861
861
716
861
861
716
1079
1288
1288
1288
798
798
798
798
814
719
590
644
816
856
1574
833
838
852
861
861
716
799
806
716
861
716
1079
1288
1288
1288
800
800
922
809
1056
861
824
1337
1268
1202
1198
647
1574
1574
2049
2330
2305
716
716
861
861
922
922
922
1288
1288
799
987
1574
4840
861
838
2305
646
591
4840
922
837
791
857
1681
811
837
837
1070
1175
1131
1131
828
1574
792
861
1079
831
4847
871
791
1288
1288
1288
1702
1702
2479
896
2311
2311
2322
1288
2322
2479
2479
2479
1574
923
858
917
837
2289
2289
2049
4813
4840
861
861
861
4845
4845
4845
1045
592
4833
1187
918
1290
646
993
922
4845
1574
2322
2305
799
1574
1574
653
851
857
1100
1100
967
857
1281
1850
2028
2028
2170
2170
2049
2049
2049
2540
2049
2455
2455
2049
2229
2558
2901
2901
902
902
2779
902
2006
2006
2211
2521
2384
4845
4845
1290
1215
993
595
4832
1425
4822
4822
791
798
998
1081
997
600
1020
1063
941
941
1203
979
1116
944
1394
1243
1365
1365
1248
1751
1710
2181
2643
4967
961
1599
1388
1005
979
602
608
1040
991
928
1253
1132
1083
936
1003
936
958
1035
1089
608
970
1086
1038
926
941
1477
986
1057
1019
1297
941
1171
1064
1091
1329
919
838
1079
1266
1297
1167
1331
1854
1765
1232
1247
1232
1213
1719
1993
2009
2189
1787
1678
1761
1379
1439
1135
1250
1329
1186
1415
1417
1079
1116
1487
1182
1182
1794
1182
1182
1079
1266
1176
1113
1255
1301
1035
989
973
4827
1045
828
913
1045
1045
1045
4845
4845
4845
4845
760
1656
1019
1247
2289
1850
2289
2049
2311
2268
1198
608
1251
1167
1167
1184
1175
1252
1252
1253
1247
1111
1268
1352
979
1850
858
2305
1126
1707
1494
1251
1251
1297
1170
986
1270
1329
4838
1297
1288
1288
979
601
1270
1270
1471
1471
1045
4809
1042
4809
1175
1176
1175
1175
1175
1266
1066
1066
1419
1255
1039
1232
1213
1218
1047
1247
1247
1247
1272
1203
1018
1266
1247
1064
1270
1175
1273
1631
1138
1133
1302
1359
1544
1380
1380
2481
2482
2881
1150
2736
2619
2613
3241
3005
3620
3620
2836
3271
3005
3005
3271
2974
2620
1158
1224
1755
1210
1175
1232
1364
1168
1169
1016
1790
1137
1337
1184
1066
1136
1725
1534
1876
1066
1384
1419
1419
1415
1415
1415
1415
1232
1364
2289
1199
1489
1593
1200
1199
1272
1855
1790
1229
1137
1288
1133
1233
1338
1722
1895
1136
1462
1200
1476
1499
1761
1134
1331
2305
1359
1234
1404
1551
1545
1228
1546
1381
1544
1288
1288
1214
1234
1381
1275
1232
1232
1517
1365
1096
1329
1207
1207
1269
1136
971
1255
1215
1420
1256
4832
1232
1270
1186
919
1230
1246
1135
1135
1228
1255
1486
1210
601
1631
1926
1133
1178
1269
1134
1016
1288
1288
2049
1403
1255
1421
1248
1424
1186
1689
1254
1211
1411
1402
1162
1288
1288
1288
2479
1082
1719
1248
1213
857
1630
2420
3160
348
3909
4380
3959
4383
3958
4369
4232
4518
4425
4426
1329
4832
1269
1259
1225
1329
1415
1855
1379
1696
1869
1008
1368
1421
1497
1180
1056
1574
1056
1291
889
1747
891
1365
1276
1797
1564
1291
4858
1555
1358
1270
1360
2635
2422
1790
1412
1617
1269
1993
1419
1211
1137
1379
1987
1761
1227
1479
1825
598
1248
1179
1709
1425
1415
1439
1855
1015
1964
1227
1487
1554
1705
1807
1807
2881
493
2028
1412
1185
1415
1417
1255
1185
1415
1301
1255
1425
1423
597
1327
597
1261
1397
1397
939
1542
1797
1427
4854
1777
1345
1429
1648
1639
1582
1665
1455
652
1185
1411
1292
1244
1476
1810
1130
1575
1026
875
1619
2051
2471
2276
2290
896
2311
2049
888
1753
1668
1865
2319
2508
2879
2794
2731
1410
1256
1424
1544
607
1364
1566
1532
1826
765
1597
1415
1415
1415
1415
1415
1415
1415
1415
1417
1417
1475
1055
1286
1243
1697
1551
1646
1270
1519
1453
1660
2386
2502
2731
1541
1761
1489
971
1566
1667
1298
1383
1475
1010
1523
1855
1758
1964
1855
1855
1546
1599
1026
1057
1026
798
1295
1566
1561
1452
1411
1855
607
1364
1705
2479
2322
1288
798
1288
1288
798
1288
1026
1006
1288
1051
798
1566
1438
1534
1364
2322
2479
1702
1551
798
4854
1652
1424
1465
1477
1406
1405
1723
1702
1525
876
1451
1288
1451
1451
1526
492
1662
1649
1634
1850
1850
1850
2028
1410
1476
1677
1383
845
845
1288
1333
1685
1026
1574
1777
1026
1569
1601
1139
1854
1767
1369
2049
2049
1051
1577
1776
1580
1432
1615
1688
1447
1466
1615
1859
1512
465
1435
950
1794
1980
1382
1543
1288
1652
1553
1654
1815
1758
1026
2028
1638
1626
1483
1356
1629
1755
1566
1568
1700
2406
2857
4927
3889
3269
3069
3429
3136
3040
1452
1181
1555
848
2049
2049
2049
2049
2228
2540
1706
1584
1581
1728
1667
1355
1850
2289
899
2170
2028
765
1930
1606
1664
1682
1548
2525
2404
1637
1794
2028
2409
1925
1725
1879
1845
2160
2160
491
1573
1529
1580
1605
1637
1535
1406
1854
2049
2012
2910
1791
1654
1855
1886
1908
1490
1481
1675
1653
1355
1811
1825
1556
4852
1540
1468
1582
1299
1721
1877
1926
1141
1734
2479
2049
2028
1605
1585
1454
1582
1193
1010
494
849
1527
1513
1615
1482
1585
1654
1582
1829
2412
1745
1380
1015
2009
1702
2479
1702
2276
1451
2311
1570
1672
1692
1806
1680
1639
1850
1720
1710
1850
1850
2243
900
2170
2049
1346
1756
1896
2009
1657
1872
1710
1676
1985
1981
2260
1831
1565
1630
1654
1729
1687
1901
335
1752
2623
890
1883
2037
2599
2699
2566
2598
2699
2049
2049
1778
1817
1887
1870
2028
1794
1182
1851
1850
1670
1878
1485
1140
1482
1346
1927
1906
1014
891
2122
1532
2170
2170
1980
1370
2009
1850
2489
2489
3199
2243
2190
1454
495
1906
2049
2028
2232
1801
2259
2643
2646
2181
1585
1583
1915
2122
2036
2314
1866
1852
1690
1484
1888
1678
2036
2123
954
1783
1890
1482
1148
2326
2298
2600
3117
1910
1751
1984
1782
2256
2258
501
1693
1873
2011
1732
1967
2508
2505
2505
2505
3010
2908
3215
2508
2508
1814
1643
2037
1666
1850
2087
1860
2479
1906
491
1839
2049
2170
2289
2049
2028
2170
1888
2192
850
1680
2037
1845
2160
491
2554
2498
2498
2869
2861
1809
896
1964
2311
2049
2170
2170
2179
2179
1788
1679
2247
2322
2049
1788
1483
1483
2628
2049
2311
1980
335
335
844
2445
1848
1701
2262
1641
2695
1715
2037
1909
2049
2302
2328
1583
1754
1518
2409
2445
2325
2498
2754
2751
2815
2311
1899
842
1852
1694
2782
502
2847
2664
2247
2512
2049
1753
2418
896
2189
2267
1884
2736
1917
2421
2193
2835
3331
896
1305
1306
2501
2501
2565
2368
3040
474
1809
2311
2318
2320
1679
1852
2170
2170
2318
2314
2431
2266
2006
1954
2265
2245
2049
2266
2266
2266
2266
2006
2266
2266
2212
2266
2266
2266
2266
2265
2265
1954
2265
2265
2187
1954
2266
2266
2266
2265
2265
2265
2266
2170
501
1784
2020
2623
2418
1607
2815
488
2266
2265
2265
2265
2265
2006
1783
1784
4878
501
2326
2347
1954
1954
1954
2265
2189
1731
2350
2433
2435
2547
2540
2396
2228
2311
2239
2142
2265
2265
2265
2048
2265
2049
2170
2170
2301
1607
2049
2049
2311
2265
2265
2265
2265
2166
2319
2407
2434
2498
2431
2265
1838
2049
2049
2170
2049
2266
2266
2006
2006
2006
2170
2170
2289
2164
2558
2142
1917
2869
2345
1149
2245
2343
2675
2106
2734
2042
2056
2245
2049
2265
2265
2265
2245
2206
2675
2212
2212
2500
2265
2266
2263
2458
2828
2282
2090
2090
2090
2778
2778
2778
2090
2913
2090
2212
2042
2500
2500
2883
2883
2883
2883
2500
2500
2500
2266
2170
2049
2266
2170
2170
2243
2489
2557
2901
2901
2901
2901
2901
2901
2913
2913
2913
2913
2913
1838
2949
1608
2342
2455
2796
2894
2894
2278
2279
2457
2416
2206
2675
2214
2042
2870
2870
2870
3089
2090
2778
2778
2883
2416
2346
2484
4965
2537
4867
2416
2265
2311
2266
2212
2006
1954
1954
902
902
900
2301
2302
2879
1732
2353
1808
488
488
488
2245
2212
1954
2266
2384
2041
2007
2211
2211
2211
2384
1892
2132
2431
2497
2342
2289
2288
2311
1987
2049
2049
2049
2049
2049
2540
2006
2006
2041
2384
2384
2211
2144
2384
2384
2211
503
4881
503
1773
337
3160
2460
2458
2229
2170
2007
900
2384
2302
1485
2314
2695
2342
2049
1954
1954
2061
1893
2255
2329
1867
2415
2343
2867
2867
2803
2803
2263
2343
2867
3038
3038
2867
2867
2867
2803
2803
2803
2442
2104
2205
2498
2553
2599
2455
2049
2049
1954
2258
502
500
2855
2220
487
1362
4867
2344
2344
2867
2315
2750
2205
2569
2599
2049
2500
2384
902
1713
2782
1732
2011
1969
2867
2867
2344
2344
2675
2049
2161
2384
2255
2106
2796
2540
2984
2913
2901
2556
2556
2901
2901
2901
2049
2540
2198
2521
2455
2049
2540
2540
2540
2540
2599
2049
2521
2869
3073
1921
2228
2628
2228
2521
2779
1786
2104
2455
2397
2816
2615
2049
2301
2344
2850
2246
1918
2362
1822
1732
2555
2228
1306
2455
2572
2547
2569
2300
2643
2848
2132
2432
3108
2619
2834
1158
2500
2883
2883
2883
2883
1821
2104
2803
3038
2803
2600
2425
1945
2558
2500
2508
2683
2099
2344
2343
2867
2597
2814
2814
3069
3069
2804
2620
2619
2620
4991
955
1774
2966
2021
1611
2921
3042
2806
2500
2500
2500
2500
2897
2500
2500
2500
2500
2897
2825
2825
2500
2500
2500
2500
2500
2500
2500
2500
2500
902
902
902
2521
2508
2505
2505
2503
3868
2228
2540
2540
2540
2490
2540
2540
2508
2827
2415
2938
2870
2850
2540
2540
2242
902
2508
2671
2453
2504
2453
2492
2104
2867
2803
2343
2818
2455
2455
2991
1713
2804
3110
2482
1151
2487
902
2500
2779
2887
2519
2540
2540
2540
2540
2540
2540
4962
2779
2500
2867
2868
2803
2397
2104
2540
2814
2396
2825
1158
2500
2500
2508
2503
3010
1968
2397
2984
2984
2913
3082
2279
2544
2540
4971
2500
1823
2683
2867
2867
2867
2867
3150
3340
2540
2620
2489
902
2779
2779
2185
2183
2803
2458
2343
3232
2758
3078
2836
1155
2896
2895
2806
2557
2557
2185
3281
3794
4923
2465
2966
2894
2540
2540
2825
2141
2667
2503
2505
2505
3008
2184
2945
3009
3868
2945
2936
3008
2867
2570
2667
2936
2867
2867
2343
2540
2540
2540
2557
902
2779
2503
2908
2457
2800
2804
2804
2693
1152
3271
2836
2840
2533
2534
4077
2711
2557
2557
2505
2503
2453
2803
2738
2540
2540
2540
2991
2991
2489
2779
2472
3033
1613
2540
2557
2557
2557
2901
2505
2505
2728
2936
1997
2814
1151
2779
3318
2605
3228
3539
3442
3771
3771
3678
3318
2814
1774
3038
2867
2857
3318
3227
3442
3442
3442
3442
3729
3420
3420
3729
3005
2540
2540
2489
2489
2489
2457
2397
2851
3941
4288
4291
4151
3909
3909
3909
4324
902
2779
2803
2851
4092
4323
3234
3459
2500
2493
3143
3202
3466
3022
3796
3870
4167
3747
4161
3466
3021
3536
3456
3027
3870
3871
2494
3281
2504
3868
3548
4092
4151
2453
2184
3009
2867
3150
3038
2803
3203
2814
2388
2667
3008
3667
3525
3526
3447
2995
3004
3003
3003
3360
2859
902
2457
2851
3318
2878
2906
2878
2745
3354
2874
2532
2711
2651
3457
2657
2789
2658
2712
2712
3020
3200
2931
2914
3363
2931
3296
2723
3155
3342
2557
2141
470
2908
470
3215
3637
3150
2984
2690
3331
2709
2711
2825
2825
3315
3201
902
2664
3264
2949
3082
3350
3269
3621
3621
3241
2540
2830
2840
3027
2876
4210
4183
2933
4111
3670
3670
3469
2852
2659
2714
2500
2557
2650
2779
2500
2908
2503
2503
3316
3008
2457
3156
2896
3271
3271
2657
2650
902
2656
4095
3868
3144
2814
2984
2540
2540
2532
2495
2984
3889
3271
3271
2708
2883
2883
2897
3457
2184
2856
3350
2856
3271
2540
3237
2897
2779
2779
2779
2883
3365
2281
3069
2802
2831
902
2779
2779
3642
1609
2540
3298
4085
4177
3447
4036
2535
3750
3471
2902
2557
3513
2591
2532
2903
2489
2523
3510
2851
3543
2520
2959
2540
2540
3543
3040
2870
3271
2825
2870
2557
3082
2280
3318
2901
3642
2984
2540
2540
3129
2876
2901
3021
3870
3459
2547
3271
2540
2883
2883
3084
2281
3089
2281
2856
2540
2984
2556
2556
2836
2489
3240
3271
2557
3363
4074
3963
4167
2652
3467
3798
3525
2857
3949
4276
4286
2722
3343
2901
2901
3425
3084
3089
2280
3331
2883
2897
2680
3199
3199
2540
4074
3931
2763
3019
2472
2935
3766
2281
3128
2540
2941
2883
1772
2943
3160
3008
3215
470
3667
2733
472
2733
3667
3089
3621
2540
2557
2490
2490
3466
3271
2913
2540
3722
3240
1610
3005
3003
3003
3005
3003
3003
2690
3005
3005
3005
3620
2556
3047
3301
2557
3199
2883
2901
2901
2778
2901
2778
2778
2667
3084
3136
4036
4085
4177
4152
4152
4085
2841
2490
3160
3160
3618
2969
2774
2680
3721
3163
3900
3748
3796
3794
3871
2505
2913
3429
2760
2533
2901
2883
3492
3080
2857
3885
4300
349
349
349
3886
3162
3543
3318
2870
2870
2540
2959
2959
2901
2901
3047
3028
3013
3013
2901
2883
3689
2765
3170
3261
3059
3256
4169
4107
3377
3377
4015
3484
3384
3393
3227
3539
2547
2913
2913
2901
2901
2901
2913
2901
2901
2901
2901
2901
3028
2901
3199
3214
3689
2768
3863
3409
4153
3382
4099
3762
3628
4015
3067
3870
4923
3089
3111
3729
2996
3442
2591
3531
3740
2840
3233
2913
2913
2913
2913
2883
2883
3160
3888
3729
2959
2520
2720
2901
2901
2883
3492
3089
3003
3729
3004
3004
3003
3003
3004
2490
2901
3088
2901
3572
3199
1772
3199
3774
2764
4088
4164
4130
3252
4163
4164
3789
3572
3160
2639
4276
2993
2913
2913
2982
2778
2883
2883
3199
3796
3747
3794
2184
3729
3729
2913
2913
2913
2901
2901
2550
2550
2550
3721
2503
3229
3678
3540
2913
3233
2959
2778
2901
2883
3442
3004
2995
2090
2913
2778
2778
2778
2723
3155
3155
3778
3483
3424
3252
4219
3254
3901
3634
3708
3165
3412
470
470
3766
3460
3903
3620
3620
3089
2913
2913
2090
2090
2901
3899
3618
4226
2913
2778
2778
2090
2090
2901
2913
2090
2090
2090
2778
2901
2778
3199
3199
3199
2503
3835
4085
2941
2913
3199
2778
2778
3199
2724
3263
3415
3157
3199
3353
3871
3871
3127
3729
3729
3729
3729
2090
2090
2090
2490
3186
2769
3889
3050
3308
3261
2506
4222
3400
2778
2733
2795
2504
3189
2959
3963
4133
3885
3543
3729
3729
3729
3543
3543
3199
3851
3794
3729
3542
3542
3542
3542
3199
3247
3500
3253
3102
3928
3381
4249
4125
3704
3100
3050
3326
3362
3854
3725
3756
3775
4255
4248
3933
3468
4082
4222
4036
3662
3136
2912
3471
3550
3471
3199
3056
3374
4145
3646
4135
4049
3902
4129
3127
2995
2912
3088
3199
3199
3390
3542
2765
3009
3729
3088
3542
3681
4017
3434
3863
4076
3160
2876
3231
2733
3542
3199
3199
3255
3794
3543
3542
3199
3383
3310
3922
4155
348
4072
2653
2533
3004
2632
3334
3257
3063
3256
2941
2996
2995
2996
3049
3623
3424
3464
3796
3941
3088
2915
3691
2733
3531
3949
3931
3667
3771
3678
3930
2795
470
4155
3941
3885
2579
2912
3464
3378
470
2795
4072
4222
2941
3278
2908
4049
4222
3442
4150
3199
3542
3798
3798
4151
3909
4092
2996
2912
3889
3843
3555
3555
3825
3589
4182
4038
4057
4057
3969
3969
3969
3969
3969
4042
3969
3969
3969
3969
3829
3582
3731
3922
3637
3586
3971
4893
4892
3974
3987
3611
4889
3614
3809
4907
3896
4013
4922
4041
3565
3564
3968
4062
4028
3988
3988
4909
3817
4293
3817
3819
4217
4217
4174
3826
3718
3582
3555
4907
3944
4054
4044
4020
4922
3998
4026
4024
4920
4024
4306
4920
4307
4298
4023
3984
4339
4338
4316
3971
3605
4908
3988
4323
4276
3543
3321
2844
4150
3553
3555
3555
3555
3555
3731
3719
4100
3732
3988
3901
4050
3608
3763
3877
3825
4125
3543
3484
3627
3930
4164
3963
3810
3810
4128
4085
3048
3778
2632
3409
4907
3944
3945
3731
4154
3469
3662
3293
3944
4907
3589
3611
3766
2762
4323
3278
3247
3630
3018
3832
4051
4249
4213
3614
4256
3877
4222
4323
3231
4150
3948
3731
3862
3862
3825
3716
4149
4045
3778
3018
3018
3763
3896
3945
2795
4174
3187
4250
3584
3063
3009
4222
3471
2996
4013
3589
3589
3877
4923
2634
4270
3548
2912
3067
3589
3556
4174
3767
4112
2838
4323
4323
3321
4300
3911
3868
4114
3767
3815
4105
4270
3762
4029
4921
3868
4133
4156
4036
3728
4312
3199
4095
3574
4255
3817
2535
3402
3547
4015
3928
3938
4146
3938
4045
4078
3249
3677
3766
3847
348
3982
4334
4909
4909
3987
3987
4344
3983
4345
4343
4343
3984
3562
4264
3562
4206
3967
4932
3985
3985
3562
3562
3562
3566
4040
4294
4294
4038
4040
4137
4137
4038
4019
4182
4124
4265
4213
3603
3862
4124
4217
3812
4339
4105
4152
3771
4300
4151
3910
3843
2795
3762
3100
4183
4193
2944
3767
4108
4011
3373
3910
4300
3910
3909
4145
4921
3764
3911
4164
3798
3909
3791
3867
3814
3162
3543
3543
3910
472
3738
3764
3704
3862
4216
4085
4323
3542
4300
4300
4300
4284
4300
3910
3910
3910
4300
4300
4300
4300
349
4284
4323
3162
3162
349
349
4058
4037
3762
4125
3450
4189
3987
4105
3627
3527
2944
3199
4093
347
4173
4124
3403
3162
3543
4323
3685
4037
3919
3847
4213
3293
4300
4300
4015
3387
4110
4161
4112
3793
3793
3987
4334
4334
3778
3728
2771
2771
4054
4284
4912
3993
4921
3973
3586
3627
4332
3909
3910
3910
349
4224
4358
4372
4453
4465
4465
4324
348
4015
4210
4190
3705
4059
4042
3969
3969
3969
4919
4919
4914
3993
3967
4205
4060
4254
4206
4262
3562
3562
3564
4206
4253
4065
4140
4142
4139
3996
3564
3564
4060
4060
4060
3968
3967
4042
4042
4042
3969
4060
4065
4140
4140
4140
4065
4065
4206
4262
3562
4262
3568
4299
4894
4894
4021
4919
4106
4081
3706
4216
4043
3966
3966
3966
4140
4140
4140
4140
4140
3969
4142
4139
4913
4913
4054
3543
3162
3685
3548
4105
4021
4042
4084
4042
4042
4042
4042
3969
4042
4059
4059
4056
2771
3750
3048
3704
3791
348
4917
3819
3812
4059
4138
4042
4042
4056
4043
4042
3969
3969
3969
4042
4042
3969
3969
4913
4067
3490
3771
4146
4183
3009
4249
3176
3405
4152
4146
4210
4042
4042
4042
4042
2841
3490
3603
3781
4248
2841
3917
4177
4151
3543
3939
3484
4151
4346
3983
4340
3812
4317
4105
4137
3253
3098
3761
3862
4067
3932
3705
3381
4137
3542
3886
4300
4097
4066
3778
4182
4182
3253
3704
3938
4033
3909
3909
3909
4247
3909
4130
4124
4042
3969
3969
3969
3162
3162
3162
3333
2843
3847
2842
3909
4165
3969
4163
3712
348
348
4249
3098
4006
3983
4077
2535
2841
4121
2843
3939
3542
3641
3381
2534
2838
4124
4124
4000
3813
4247
4247
4125
4247
3909
3909
348
4163
4142
2841
3100
3909
3909
3910
4000
4182
3641
4249
4178
4125
4002
4042
4042
3677
4153
4153
2838
4130
4125
4338
4077
4079
3641
4124
3793
3813
3969
3969
3969
3969
4042
4137
4153
3102
3849
4000
4932
3985
4932
4026
3162
3761
4130
3377
3542
3162
349
4224
4300
4324
4358
349
3958
4507
4426
4426
4679
4716
4426
4224
4247
348
348
4343
3818
4042
3969
4042
349
4210
3793
3985
4000
4294
3969
3886
4153
3984
4142
4142
4139
4140
4065
349
3969
4140
3969
4182
3969
3969
4139
3967
4206
4324
4301
4358
3910
4224
3910
4224
4358
4357
4320
4279
4320
4372
4327
4324
4324
4324
4224
4224
3910
3909
4326
4320
4294
3969
4140
4360
4374
4300
3969
3969
4093
4093
3568
3969
4139
4141
4141
3969
4060
4299
4324
4380
3969
4141
4324
4358
4358
348
4206
4206
4065
4206
4326
4279
4326
4279
4279
4324
4465
3958
349
349
4380
3969
4372
4372
4232
4453
4358
4358
348
349
4257
349
4326
4324
3959
4065
4060
4065
4065
4065
4139
4380
4254
4205
4060
4254
4060
4262
4205
4205
4380
4327
4254
4254
4253
4254
3909
4279
4383
349
349
4324
4380
4465
4380
349
4324
3959
4380
4380
4380
4279
4507
4232
4372
4372
4372
4327
4327
4232
4232
3958
3958
3958
4465
4434
4443
4542
4419
4377
4502
4420
4569
4569
4768
4671
4627
4672
4400
4723
4471
4576
4478
4597
4536
4944
4644
4409
4564
4409
4409
4409
4590
4538
4538
4477
4607
4545
4535
4232
4329
4329
4387
4426
4425
4451
4322
4465
4602
4465
4443
4542
3958
4434
4434
4443
4443
4462
4419
3958
4372
4434
4434
4329
4434
3958
4329
4381
4232
3958
3958
4232
4443
4434
4436
4443
4542
4442
4569
4469
4653
4671
4729
4721
4782
4710
4597
4408
4609
4596
4582
4547
4582
4755
4669
4547
4722
4670
4623
4400
4401
4236
4542
3957
4755
4434
4462
3957
4328
4557
4451
4369
4437
4437
4502
4768
4572
4394
4457
4569
4508
4548
4545
4595
4582
4564
4564
4523
4586
4485
4411
4656
4587
4587
4545
4409
4564
4411
4411
4477
4622
4475
4533
4545
4946
4411
4587
4537
4328
4545
4413
4548
4590
4548
4545
4545
4485
4426
4409
4669
4535
4569
4232
4602
4609
4535
4548
4564
4609
4564
4535
4523
4381
4602
4569
4547
4413
4439
4535
4369
4590
4579
4557
4644
4477
4579
4534
4413
4545
4587
4622
4485
4485
4485
4547
4481
4564
4627
1317
4545
4587
4587
4548
4542
4377
4502
4451
4500
4477
4502
4395
4395
4768
4672
3957
4578
4581
4477
4656
4545
4587
4395
4607
4574
4587
4622
4485
4426
4469
4232
4381
4592
4409
4408
4403
4684
4660
4670
4938
4768
4627
4570
4425
4469
4394
1312
4425
4670
4729
4712
4471
4394
4547
4943
4622
4482
4393
4944
4426
4411
4545
4617
4410
4582
4516
4671
4671
4671
4473
4670
4485
4482
4547
4688
4756
4721
4672
4409
4564
4587
4504
4502
4395
4679
4411
4482
4623
4564
4456
4587
4660
4473
4729
4523
4426
4425
4456
4582
4547
4547
4405
4522
4708
4640
4740
4736
4736
4402
4478
4485
4641
4536
4473
4735
4712
4735
4473
4762
4762
4471
4759
4426
1318
4529
4522
4597
4547
4522
4480
4680
4403
4554
4479
4641
4729
4471
4935
4597
4934
4480
4735
4723
4723
4671
4653
1317
4426
4768
4734
4758
4536
4656
4656
4756
4681
4719
4736
1317
4482
4485
4395
4395
4395
4547
1318
4656
4402
4735
4735
4597
4547
4749
4474
4709
4471
4471
4684
1317
4395
4777
4513
4502
4547
4714
4403
4714
4403
4404
4478
4633
4735
4401
4679
4735
4777
4737
4712
4729
4401
4401
4401
4406
4680
4401
4680
4758
4712
4712
4680
4403
4640
4471
4935
4405
4712
4689
4712
4712
4734
4405
288
269
288
288
288
288
288
132
288
288
288
288
230
293
241
288
288
286
238
288
1185
4845
4845
861
4845
861
588
1417
1417
716
800
716
1042
716
716
816
4955
591
861
4845
1042
1328
1415
1417
716
1417
720
800
1042
1045
1042
912
1417
1301
629
629
590
4951
1301
1043
1108
4955
4840
1415
1415
4956
1042
716
4845
761
804
912
4844
1415
4845
832
1113
1301
1185
1185
587
1417
783
803
4818
1415
861
615
4826
817
4845
1185
4956
1574
1056
1574
838
1574
1574
798
1026
798
1079
1026
1079
797
2028
2049
2825
2042
2825
2991
2870
2991
2991
2042
499
3271
3271
3271
2745
502
498
3271
502
2747
2895
2644
2649
2847
2540
3005
2913
4299
4909
4909
4059
3984
4913
3968
4060
4065
4065
4140
3972
4206
4338
4917
3983
3586
3974
3974
3990
4345
3991
3993
3995
3994
4298
3996
3562
3562
3587
4059
4059
4059
4042
3969
3987
4346
4140
3966
3967
3967
4913
3988
4323
4224
4324
3910
4300
3910
4224
3910
4300
4323
4300
349
4042
4640
4663
4564
4944
4672
4523
4482
4409
4671
4944
4938
4545
4564
4439
4545
4535
4426
4586
3981
4917
1252
1252
1252
1176
1255
1255
1252
1252
1255
2790
2484
2895
4874
4972
2748
2747
2701
2646
2701
2713
2740
2716
2907
2743
2706
2706
2747
2811
4966
2703
2744
4977
288
241
288
288
