423
478
454
454
454
142
559
141
539
562
807
807
416
423
423
136
454
439
423
423
439
439
423
423
423
423
423
423
423
423
423
423
423
423
423
423
423
423
423
423
423
136
411
258
330
459
573
141
261
478
423
136
136
423
423
423
423
423
423
423
423
423
423
423
423
439
439
439
439
423
454
136
423
423
261
423
423
423
423
439
439
454
454
136
427
411
423
423
423
423
423
423
423
423
423
423
423
423
136
423
423
423
136
423
423
423
423
423
423
423
423
423
423
423
423
423
423
423
423
423
423
478
493
397
9
331
331
332
888
1261
273
273
179
368
252
423
423
135
135
135
427
423
423
423
135
136
136
423
423
423
423
423
439
423
423
423
423
423
423
423
423
423
423
423
423
423
423
478
135
478
142
136
423
423
423
423
136
136
411
192
258
368
59
157
157
483
367
5
82
326
436
450
450
169
324
209
211
806
214
553
90
454
10
589
336
208
423
423
439
423
423
136
427
191
423
257
226
217
351
423
423
423
478
411
423
535
136
423
257
570
227
544
485
423
423
137
276
11
336
888
331
481
423
423
423
423
226
262
423
423
457
439
423
439
493
10
423
136
423
423
423
423
423
423
136
454
423
423
423
423
423
262
553
423
258
227
9
59
9
9
423
423
423
423
439
368
427
142
454
142
447
464
464
447
473
430
423
427
193
141
225
423
423
423
423
439
423
439
439
439
439
423
454
142
258
439
458
373
423
262
206
136
454
439
535
673
590
439
423
439
423
423
9
214
454
143
454
454
439
423
439
439
268
454
261
294
204
586
336
423
336
820
211
1375
964
1373
964
1542
964
964
1886
378
1827
3024
3063
3449
3192
3115
4061
4042
4040
3331
3508
3721
423
423
142
454
454
213
423
227
214
820
558
212
4868
811
812
213
4867
487
439
487
487
473
454
439
439
439
439
423
423
458
213
559
331
439
423
439
179
439
423
423
439
439
330
3
340
798
423
439
439
331
332
439
423
439
485
423
439
439
439
439
439
439
331
331
231
4775
437
359
312
426
55
196
179
304
341
218
59
221
196
186
817
444
220
3
352
440
1541
1569
1569
1611
1569
1448
1448
1542
501
1785
3241
3303
2614
2614
3668
3652
3520
3460
2991
512
2974
1652
2335
1986
521
1602
1603
1723
1732
1455
2571
2763
2601
3424
2828
1218
1218
2647
331
817
4775
186
305
312
4867
417
416
273
745
888
82
326
394
1097
1097
807
341
394
90
213
811
4775
409
416
416
4775
1261
90
416
416
4867
4868
963
963
964
964
963
888
866
611
662
4802
890
830
831
4802
724
784
784
681
1119
901
4843
4813
4794
784
611
784
901
1119
4844
742
824
886
685
624
849
4833
4850
4835
999
4801
1506
1000
4817
1064
1064
952
1485
1363
1303
638
1314
1388
1157
1105
1157
1036
648
1084
1044
1330
1290
895
866
885
758
834
662
890
947
946
902
895
946
4813
4840
1165
4816
1005
4813
945
793
863
839
833
791
791
787
793
4775
784
784
611
4841
685
4844
687
4833
4973
1099
1102
611
824
917
957
886
865
858
698
934
824
1119
738
685
738
4834
899
941
942
950
1063
1153
1033
435
496
498
1804
4875
1588
810
890
994
994
890
917
885
694
890
885
890
894
273
856
902
811
886
696
819
775
886
696
865
706
739
425
211
964
964
964
863
856
947
4802
831
4797
947
831
894
885
957
786
787
787
902
917
4841
865
886
858
425
828
858
4834
775
899
936
1006
874
831
831
833
863
994
787
786
958
958
944
788
882
880
882
880
882
880
82
853
831
793
436
352
416
4834
920
82
433
4867
1542
169
442
1448
442
1611
947
828
4872
4868
964
1375
964
936
955
1006
1375
791
858
359
1261
697
787
994
787
944
945
792
945
792
4859
944
880
882
414
1541
1541
1677
1677
791
791
4834
710
942
810
809
1375
898
82
787
787
944
437
919
4859
789
882
440
440
438
4839
789
958
786
812
880
922
1326
1300
1251
873
968
4871
1555
1729
1553
4839
880
791
944
787
944
909
910
1553
170
4866
944
870
999
1000
4871
944
1089
1555
969
999
999
999
994
934
1133
4868
963
4868
953
1089
1133
1299
1171
1168
1313
4833
1555
1242
944
1555
450
967
1064
1063
1176
446
1541
1561
1582
1657
932
932
1553
1559
925
1555
996
1557
1064
1554
1729
1729
1729
4872
1000
1000
1000
944
4859
788
1113
4838
1236
1064
952
1062
1063
944
998
712
958
910
958
958
1559
324
169
1542
1542
1542
1542
1542
1542
501
969
998
968
1038
712
1588
972
1825
2596
1899
1893
1934
1934
2300
2131
2291
2667
2649
3058
2669
2558
2301
2558
2301
2301
2301
788
944
788
996
872
1160
1064
638
1293
638
1002
1113
1034
1072
1137
1194
1007
1059
1098
1066
1179
1073
1183
1251
1190
1258
1821
1396
1180
1074
1337
2006
1655
1922
4983
2232
2595
1294
1417
1547
1230
1049
1050
1140
1037
1059
1037
910
1230
1779
1812
1091
1121
1139
1057
1043
1047
1226
1384
1049
1104
1011
1179
1488
1020
643
1184
1184
1017
1017
1014
1155
1308
1361
433
422
451
1186
1319
1248
1081
1413
1289
1311
1333
1311
1716
1395
1808
1943
2006
1979
1758
1318
1521
1329
1237
1065
1045
1154
1356
1002
1303
440
1230
1531
1413
1077
1078
1772
1946
4777
433
1273
4825
4849
1430
1430
1158
1567
1011
1001
1113
1189
1169
1134
1112
1175
1112
1112
1113
949
949
4805
1109
910
1553
1333
1333
4875
1557
1126
1674
1016
1178
1148
1327
1022
1098
1325
1313
1313
4974
1320
1412
1294
1300
1084
644
1588
1674
1553
1187
1720
1564
1178
1290
1073
1151
1152
1328
639
1063
1073
1052
440
1129
1009
1355
1161
1410
1134
1134
1169
1182
1134
1313
1313
1313
1313
1338
1177
1313
4974
1243
1397
1139
1310
1311
1071
1153
1174
1333
1364
1333
1333
1317
1383
1565
4825
1149
1152
1001
1364
1272
1223
1195
1222
1198
1286
1284
1850
1937
1202
1795
2336
2336
2404
2404
2361
2952
2894
2693
2700
517
3046
2702
2700
2700
2864
2678
2418
2418
2422
1486
1284
1286
1313
1180
1327
1304
1488
1257
924
1267
1398
4971
1313
1326
1372
1627
1769
1025
4974
1440
1243
1447
1302
1436
1436
1363
1074
1023
1022
1336
1298
1530
1445
1604
1252
1521
1082
1257
1323
433
1232
1311
1360
1278
1370
1265
1883
1372
1283
1048
1570
1444
1067
1196
1082
1082
1566
1286
1278
1278
1425
1656
1550
1419
1550
1287
1288
1331
1287
1282
1321
1309
1295
1145
1074
1075
1291
1521
1321
1223
1372
1198
1029
1177
1435
1440
1439
1437
1406
1296
1181
1442
1328
1273
1231
1317
1285
1321
1244
872
1570
1593
1157
1286
1461
1295
1331
1447
1542
1081
1282
440
1729
1242
1456
1074
1674
1307
1040
1398
1332
963
1486
1223
1559
1417
1395
1716
1074
1394
1278
964
1375
1341
1342
3802
1344
4273
4280
4313
4259
4327
4409
4411
4722
4469
1316
1154
1307
1408
1268
1394
1263
1410
1436
1521
1365
1486
1414
1625
1532
1321
1428
1513
1371
1198
1542
1448
1448
1542
1448
1542
1496
1387
1786
1817
2708
1105
638
1403
1511
501
906
963
1817
1770
1105
1460
1574
1700
2138
1081
1238
1315
1337
2103
1447
1428
1370
1277
1521
1639
1802
1550
1418
1735
1359
1716
1024
1689
1509
1303
1302
1196
1719
1803
1925
1772
1574
1279
522
1858
1420
1927
2118
1512
1630
1255
1487
1638
1245
4817
1397
1411
1245
4851
1441
1443
1463
1269
1463
1463
1525
1443
1509
1459
1250
638
1279
1724
1448
1489
1569
1569
1569
1448
1448
1450
1448
1544
1516
1755
1721
1840
1958
2629
1475
1397
1435
1435
1375
1458
1316
1570
1297
1427
1569
1489
1569
1611
1702
1736
1642
1814
2409
927
1657
932
1475
1450
1871
2413
2810
2632
3351
3478
3503
509
3026
1428
1411
1131
1436
1486
1666
1075
1450
1634
1620
1562
1738
1264
1302
1302
1411
1363
1410
1399
1362
952
1362
1528
1340
1514
1023
1446
1587
1428
1638
1192
1450
1813
1930
2760
3446
3290
1428
1719
1195
1699
1763
1548
1076
1462
1405
1528
2293
1094
1631
1815
1815
1748
1815
1815
1511
1031
1569
1569
1569
1702
1569
1489
1515
1813
1667
1564
1081
1703
1686
1719
1559
932
1561
1561
1702
1547
1561
1602
1489
1269
1717
1543
1728
1467
1585
1561
1641
1157
1623
1807
1403
1550
1790
1419
1467
1903
1467
1656
1629
1685
1680
1612
1544
1590
1804
1426
640
1724
1332
1515
1561
1031
1096
1569
1569
1493
1702
1586
1685
1253
1748
1534
1946
1819
1126
1586
1545
1668
1679
1731
1715
1452
1761
1477
1957
1622
1641
1782
1462
1821
1823
1928
1515
1229
1534
1520
1822
1239
1632
1069
1641
4875
1613
1613
1518
1636
523
1400
1545
1653
1816
1816
1644
3173
3447
1684
1684
2916
1648
2991
2980
1516
1315
1718
1760
933
1126
1126
1965
1965
2235
1668
1740
1710
1614
1078
1630
1829
1416
1590
1126
1707
1762
1453
1617
1679
1613
1451
1846
2664
1696
1679
1825
2760
2872
3071
3436
1775
1890
1778
1607
1018
1709
1740
1679
1734
502
1790
1729
1833
2452
1651
1780
1790
1615
1986
1783
1451
1714
1743
1240
1938
1513
1829
1736
1713
1755
1679
1686
1776
1854
1632
2010
1727
1559
4875
1722
1618
1454
1454
1094
1756
1550
1490
1490
1784
1931
1688
2003
1723
524
2334
2743
1200
1639
1365
2002
1753
1939
1469
932
1924
1476
1639
1890
1851
1533
1076
1019
1454
1830
2596
973
1993
1723
1280
1925
520
1655
1631
1776
1777
528
1773
1733
1993
2355
2859
1534
2615
2751
2057
2707
378
1859
2062
2062
2066
2060
1861
2361
1126
1823
1849
1700
1959
973
1077
1077
1526
1741
1829
1901
2260
1883
1096
1517
1966
1365
1526
2283
1401
973
1823
1625
2103
1825
1826
2661
3007
3449
2660
1619
1380
1642
2059
1823
1852
2073
1971
4983
4979
2232
2466
2010
1687
1959
1708
1774
2008
1821
2134
1687
523
1469
1818
1852
2412
1026
2333
1742
1974
1995
1909
2952
2604
1969
1953
1953
1973
2728
2502
1745
504
3482
2672
2862
3253
2632
2632
3511
2873
3702
3497
2745
2652
1868
2365
933
2607
1830
1687
1842
925
1866
1492
973
1920
973
1869
2689
1753
1891
1705
2327
1705
1914
1705
1126
1928
1965
1965
973
1952
1025
1079
2487
1726
1906
1943
1928
1880
1957
1421
1965
1893
1894
1867
1872
2057
1855
2247
1761
2008
2294
2294
1994
1890
1996
1893
2412
2333
525
526
2607
2760
1750
1657
1914
2116
1126
2401
1947
1893
2304
2728
1838
1838
2675
4980
2064
1907
1126
1519
1885
927
2002
2064
2060
2404
1796
1201
1843
2295
2908
2991
1965
2652
3083
2609
2990
1941
2106
1989
2980
2666
1965
2103
1816
1842
1818
1923
2073
1846
1909
2301
2349
2301
2291
2291
2349
2349
2300
2301
2301
2301
2301
2301
2301
2301
2301
2301
2301
2301
2349
2349
2301
2349
2349
2291
2291
2291
2291
2301
2349
2301
2349
2349
2301
2301
2349
2301
2349
2055
4888
2671
3023
926
2059
2393
2136
2291
2349
2349
2349
2349
2333
2424
1838
1838
1657
2349
2301
2291
2291
2301
2301
2084
3094
3334
1967
2711
2420
1664
1919
1473
1657
1079
2291
2291
2291
2301
2349
2349
2291
2291
2349
1920
2291
1469
1080
1662
2349
2349
2349
2349
2301
2301
1947
2451
1944
1912
2743
2447
2349
1920
2131
1660
2301
2301
2301
1920
2291
2291
1942
1914
1981
2349
2042
2042
2042
2042
2241
2382
2255
2255
2301
2349
2300
2349
2349
2349
1919
2301
2241
2042
2301
2301
2301
2349
2349
2041
2041
2331
2331
2040
2040
2977
2977
2977
2371
2272
2272
2040
2041
2301
2255
2255
3100
3244
3231
3100
2399
2399
2301
974
2301
2301
1826
2979
3034
2372
2977
2372
2386
983
983
2266
2272
2272
2571
2763
1845
2041
983
2274
2288
2288
2272
2272
2038
2331
2382
2382
2382
2382
2255
2255
2255
2331
2331
2331
3244
2977
2977
2977
2382
2076
1203
1205
2579
2382
2349
2301
1919
2349
2301
2301
2291
2444
2648
2511
2407
3497
2829
2382
2382
1912
2062
2062
2061
2076
2349
2291
2301
2301
2301
1838
2745
2379
983
1861
2300
2289
2291
2300
2300
1920
2349
2349
2291
1934
1920
1934
1934
1934
2301
2301
1839
2543
4979
3015
3024
3211
2106
2331
1920
2291
2292
2245
3241
1846
2460
983
1959
1934
2291
2444
1028
2333
3139
2343
2041
2272
2272
2288
2288
2288
2042
2041
2041
2272
2272
2272
2272
2272
2272
2272
2288
2288
983
2382
2382
1915
2454
2062
1934
2131
2291
1837
1838
2928
2207
1914
1842
2390
2382
2041
983
1942
1845
983
2361
2361
2361
1853
2399
2301
2708
2828
3358
2762
2272
2272
2272
2272
2041
2041
1996
2137
2301
2707
2042
983
2274
2274
2274
2276
2266
2266
2386
2386
2386
2372
2386
2372
1934
2255
2301
2596
2274
2123
2275
2386
2382
2382
2399
1914
1914
1706
1995
2382
2444
1838
1839
2274
2274
2274
2382
1934
2041
2382
2409
2834
2291
2558
506
2274
1934
3358
2274
2618
2552
1962
2710
2558
4980
2829
1470
1962
2418
2361
2404
2418
2301
987
3156
2977
3040
3156
2872
3446
2042
2288
2265
2272
1643
926
2423
2255
2444
2558
3436
2763
3172
2288
2272
2092
2916
2916
1648
2916
2916
2916
2404
2418
1209
2363
2558
3334
2460
1684
1650
2665
1857
1209
2301
3022
3244
2255
2255
2255
2255
2255
2255
2301
3022
2648
2558
3478
3253
3511
2633
2614
1863
2235
2235
2706
2493
2705
2819
2276
2632
529
2041
2331
2255
2255
2441
2235
2235
2235
2444
2745
3511
2632
3614
3511
2745
3614
3371
2288
2272
2272
2041
2274
2399
379
2461
1863
1209
2579
1209
1221
2301
3478
2241
2636
2123
1934
2235
2363
2808
2041
2041
983
2288
2274
2274
2086
1648
2255
2255
2719
2138
2255
2812
3351
2812
3196
2274
2274
2274
2406
2298
2272
2272
2038
2664
4992
1203
3290
3290
2272
2272
2272
2272
2041
2272
2126
2419
2661
2648
3033
3482
3438
2331
2331
2331
1988
1864
2702
2677
1210
2776
1864
2661
3035
2389
2600
3291
4022
3028
3490
2288
2274
2235
2808
3478
3478
2873
3351
3511
2632
2632
3351
3962
4074
3595
4074
2750
3699
3891
2612
2613
2272
2272
2660
2745
2616
2272
2288
2272
2004
2275
2879
2667
2873
2873
2873
2331
2086
2461
2276
2678
2678
3038
3049
2918
3320
2959
4032
2964
3006
2657
2669
3511
2745
2272
2272
2636
2276
2275
2705
2255
3157
3251
986
2135
2916
2463
2275
2657
2658
2597
2649
2632
3189
2610
2272
2916
2916
3034
2272
2950
2981
3262
3360
3338
3480
3485
3359
2916
2235
3803
2272
2272
2272
2691
2000
2974
513
3178
3178
514
2897
1998
2864
2126
2235
3237
3007
2272
2274
2634
2962
2723
3795
3808
3838
4942
4942
4942
4214
4214
4229
4214
4214
2479
2272
2331
2725
2915
2086
2255
1218
1216
1216
3639
1216
1216
3639
3718
3707
3709
3902
4133
4119
1216
3639
2733
3363
2739
3718
3504
3707
3707
3662
3455
3614
2614
2746
3621
4021
3836
3836
3822
3189
387
4116
2272
2272
2272
2272
2272
1684
2916
3034
3653
3478
3513
3027
3798
3441
3793
2696
3175
2680
3174
2895
2831
2135
3503
2272
2634
2950
4988
2641
2782
2738
2881
3114
4890
2868
2733
2733
2641
2839
4889
3398
3398
2926
2800
2996
3090
3125
2997
3119
3059
3208
3503
3702
3652
3714
3714
2272
2274
2692
1648
2836
1218
2255
2255
2641
3398
2669
1216
2601
2272
2272
1650
1684
2885
2885
2864
2700
2881
2840
2957
2958
4156
2924
3733
2844
2924
3819
2644
3649
3099
2850
1215
3022
2598
2372
986
3155
3653
3351
2873
3455
3303
2331
2288
2837
2678
517
2868
3000
2649
1216
3652
3634
2274
2916
2636
2235
3054
3048
2269
2298
2885
1648
2678
2839
3022
3022
1216
2613
4044
1652
2896
2864
2700
2510
2492
2649
3156
3156
3153
3156
3455
2288
2893
2235
3263
3100
3153
3156
2038
2274
2918
3050
3056
4099
4099
3057
2922
4175
3997
3459
2255
2989
3181
2705
2984
2932
3653
3512
2893
2963
2088
3115
2493
2510
2087
3072
3231
3231
2331
2255
2658
2272
2272
2275
3156
3304
2274
2541
2918
3182
4112
3090
3504
3239
2772
2896
2700
2331
2649
2375
3156
3156
2977
2038
2038
2272
2038
2896
2386
2878
2386
2386
2386
3052
3114
3035
2288
2700
2490
3231
2375
3399
3871
3239
3092
3639
3901
3901
3498
2896
3190
2993
3796
2926
3021
2372
3156
2375
2038
2038
2040
2896
2331
3231
3251
3264
2495
2492
2734
3399
3845
2843
2842
3211
3748
2038
2298
3055
2492
2841
3231
381
3510
381
3682
3731
3731
3798
2685
3851
2331
2265
2298
2089
2497
2705
2493
3488
1648
2266
2266
2266
3061
3181
3003
2835
3142
516
3142
3142
3268
3174
2693
2700
2700
2700
2700
2699
2386
3154
3459
2389
3249
2803
2977
2977
983
3039
2977
3153
3702
2038
3294
3073
3791
3074
3493
3467
3505
3270
3098
3061
3802
389
3901
3097
3080
2966
3445
3138
4069
3239
3504
3709
3817
3817
3511
2265
3481
3111
2841
2801
2977
3291
2038
2692
3104
3474
3860
3860
3860
3364
2272
2835
2331
3043
2089
3115
2331
2386
2802
3059
3154
3195
3122
2372
3156
3316
3224
3161
3391
3391
3464
3396
4025
3283
4131
4052
4043
3390
3214
3365
2981
517
2266
2386
2386
2386
2386
2266
2386
2386
2386
2386
3021
2372
2705
2495
2977
3086
3345
3462
4043
4184
3134
3382
3843
3394
3869
3810
3707
3702
3028
2935
516
2697
3178
3360
3406
3641
3851
2957
2298
2266
2298
2266
2977
3089
3797
516
2510
2939
2801
2372
2804
3999
2835
2895
2895
3228
3141
3228
2680
2298
2895
2895
3141
2492
2386
2386
3231
2372
2985
3510
3510
383
3356
3543
3453
3983
3677
4071
4065
4091
3741
3486
381
2038
3226
2942
3174
983
2266
2977
2977
2977
3063
3024
3709
4039
3817
2772
3142
2298
2272
983
2386
2266
2495
2495
2977
3627
3652
2942
3260
3420
3460
3174
2272
2954
2807
2977
2977
3249
2331
3204
3439
2040
2272
2977
2977
2371
2977
3121
3601
3601
3602
3881
3806
3218
4092
3804
3396
3495
3288
3426
3160
3489
3489
4039
516
2770
2040
2420
2331
2266
2266
2977
2977
2814
3901
2963
2272
2977
2977
2977
2331
2386
2977
2977
2372
2371
983
3421
3733
3747
3295
2331
3009
2977
2495
2977
2977
2705
3277
3287
3302
2805
3622
3376
3652
3817
3709
3747
514
3354
3354
3118
2272
983
2977
3289
3453
3304
2040
3277
3361
3609
2775
3104
3405
3121
3261
3420
3173
512
3121
4087
3872
2775
3354
514
514
3115
3289
3845
3256
3043
2495
3009
3115
2495
3650
3650
3982
3281
4131
3133
3612
3903
4126
3383
4148
3361
3287
3329
3349
3464
3451
3502
4029
3221
3415
4023
2735
2674
3318
3406
3044
2885
3059
3407
3409
3264
3249
3379
3411
3464
3370
3356
3703
3462
3222
2962
3140
511
2495
3373
3327
3009
3224
3854
3141
3354
3115
3130
3393
3163
3463
3415
3652
2775
3372
3501
3115
3510
3450
3502
3872
3481
3192
3192
3833
3389
3434
3418
389
3817
4133
2919
2841
3268
3481
3471
3392
3395
3625
3498
3320
3367
3458
3260
2806
3408
3452
3216
3747
513
3369
3434
3798
3178
2682
3277
2685
3104
3257
3369
3473
3643
3460
3891
2726
2941
3178
3190
3431
3131
3643
3261
3727
3104
3506
3714
3416
4073
3372
3044
3425
3519
3449
3623
3715
4021
3836
4214
4214
3891
4213
4229
3853
3346
3459
3115
3096
3521
3487
3607
3800
3619
3780
4176
4132
3776
4051
3985
4014
4014
3988
4009
4009
4146
4146
4014
4014
3285
3605
3286
3714
3552
3553
3613
3613
3553
3552
3568
3568
3805
3805
3638
3683
3692
3636
3557
3581
4922
4909
3577
3636
3684
3568
3568
3568
3568
3568
3818
3784
3728
3728
3705
3654
3523
3607
3552
3618
3575
3576
3979
3811
3544
3876
4128
3751
4916
3589
4128
3848
3876
3646
4003
3628
3719
3553
3553
3568
3626
3292
2940
3407
3690
3698
3137
3623
3606
3168
3723
3673
3286
3645
3717
3552
3131
2614
3699
3570
3542
3572
3608
3816
3469
3380
3170
3703
3983
3552
3569
3805
4091
3270
3278
3690
3634
3553
3552
3553
3656
3569
3417
3355
3477
2992
3618
3673
3684
3784
3647
2958
3470
3642
3226
3604
3801
3610
3133
4035
3963
3570
3569
3805
3654
2674
3465
3226
3722
3670
3732
3608
4135
4140
3998
3607
3013
3013
3996
3736
3602
3091
3541
3571
3670
3552
3261
3541
3963
3638
3570
3695
3891
3891
2726
2925
3681
3680
3826
3524
3012
3217
3796
2993
3615
3460
3460
4043
3674
3656
3654
2921
3076
4114
2920
2920
3346
3060
3665
3520
3824
3708
3133
3638
3805
3647
1647
3900
3823
3577
3714
3357
3133
3318
3338
510
3738
3801
3746
3784
3647
2925
510
3136
3282
3694
3694
4102
3632
2846
4064
3279
3864
2765
2684
4124
3818
3629
3660
3629
3628
3719
3660
3660
3568
3646
3646
3628
3876
4003
3876
3766
3756
3584
3774
3774
4153
3781
3787
4110
3766
4153
4153
3527
4095
3526
3776
4206
3778
3888
3850
4135
4140
3385
3728
3728
4127
3386
3385
3385
3855
4106
3566
3073
3078
3466
2748
3807
3794
3713
3096
3701
3388
3135
3501
4087
3213
383
2921
3847
3610
3881
3335
2715
3795
3807
2748
2746
3679
3825
3812
4101
3441
3836
4214
4214
3740
2765
3805
3631
2940
3442
3860
3713
3520
3620
3671
3608
4086
3675
3805
3293
3335
3519
3335
3352
3829
3860
3807
3807
3807
3860
3860
3860
3352
3483
3823
3868
3170
4093
4098
3734
3813
3784
3807
3680
3440
3213
4238
4038
4116
3657
3963
4032
2936
3192
3597
3192
3380
3869
3793
3077
2937
3597
4107
3137
4068
4090
2735
2920
3726
3744
4071
3818
3719
3568
3568
3879
3409
2645
2937
3577
3115
3545
3581
3753
3552
3551
3554
2746
3807
3808
4942
4942
4942
4944
4944
4944
3106
2714
3689
4370
4652
4284
4317
390
4107
3700
4942
4058
3979
3994
3994
4927
4009
3724
3886
4920
4919
3556
3933
4940
3933
3931
4919
4918
3584
3584
3583
4902
4196
3974
3987
3987
4923
3956
3933
3557
4196
3556
4940
3966
3987
3966
3966
4014
3934
4940
4015
3929
3929
3775
4935
4902
3773
3773
3931
3956
3756
3756
3581
3876
4095
3811
3785
4055
3743
3612
3658
3575
3578
4939
4004
4939
3971
3988
3987
3537
4014
3987
3529
4194
4909
3578
3556
3364
3280
3675
4214
3270
3725
3985
3986
4146
4146
4009
4007
4078
4936
3985
4004
3649
2646
2847
4085
3739
4229
3899
3853
3899
3784
3784
3865
4936
3985
3965
4078
3985
3977
4004
4146
4008
4007
4078
4004
3985
4079
4080
4018
2937
3651
3494
3676
3076
4119
4229
4059
3221
2959
4018
3091
3822
4185
4070
4936
4936
4004
4009
2937
3651
3785
3133
3805
3882
3442
4099
4084
4214
3575
2936
3736
3843
3891
4060
3646
3646
3567
3719
3646
4032
3575
4157
4100
4134
3387
2924
2842
3075
4105
3382
4117
2936
3597
3878
3736
3676
4037
3526
4123
4132
3739
4064
4101
3838
3838
4944
4214
4942
4214
4214
4214
4214
4102
4099
4942
4942
4214
4214
4141
3855
4936
4078
4936
4078
2922
3597
3280
3880
2683
2924
3998
3838
4063
4078
4082
4064
3676
4244
4105
4053
3630
3784
3646
4129
2919
3078
3633
2846
4037
383
4059
4053
3385
4097
4114
4214
4106
4108
4076
4024
3791
4119
3074
4214
4229
3899
4040
3165
3777
4156
4027
4119
4213
4214
4229
4139
4139
3135
4125
4150
4150
4138
3661
4078
3984
3219
4191
4065
4119
3742
4126
3646
4007
4083
3386
3383
4120
4076
4009
4007
4009
4146
4009
3528
4137
4099
4192
3787
4109
4176
3766
3364
3745
3742
4192
4106
3597
3598
2714
3860
2714
3598
3689
4182
4199
4468
4682
4469
4760
4760
4737
3829
3457
4001
4238
4003
4036
3856
4146
4014
4146
3820
3519
4089
4127
3782
4095
4009
4009
3792
3218
4007
3987
3529
3775
3775
4195
3829
4144
4144
4014
4176
3899
4009
3964
4206
4206
3442
4214
4164
4164
3689
4214
4942
4942
4164
4164
3106
4942
4942
3987
3689
3689
4607
4352
4348
4348
4285
3892
4211
4314
3829
3899
4314
4368
3892
3987
4194
4285
4164
4164
3988
3988
3597
4042
4109
4181
3537
4014
4194
4014
4194
4155
4212
3987
3597
4946
4513
3597
4147
3775
3776
4196
4519
4369
4562
4313
4217
3895
3721
4317
3829
3598
4182
4506
4285
4212
4246
4902
3933
3353
4529
3929
4196
3916
4194
3987
4194
4246
3929
4940
4195
4196
4196
4934
3933
4902
4369
4194
4935
3916
4196
3689
3598
4183
4183
385
4217
4161
3840
4216
4259
4212
4199
4285
4652
4259
4239
4259
4429
4348
4348
4468
4276
3840
4468
4679
4748
4604
4646
4489
4489
4604
4760
4772
4772
4760
3113
2945
2222
2945
2220
2220
2220
2220
2145
2504
2220
2145
2220
2145
2145
2220
2145
2220
4332
4495
4380
4646
4736
4646
4341
4735
4590
4531
4549
4534
4604
4393
4724
4725
4766
4713
4748
4407
4607
4748
4585
4583
4338
4468
4341
4724
4276
4199
4722
4429
4732
4604
4604
4615
4604
4604
4750
2945
2504
2945
2220
2220
2220
2945
2220
2220
2220
2220
2220
2220
2220
2220
2945
2945
4770
4760
4713
4716
4655
2220
4748
4773
4393
4380
4604
4380
4724
4708
4760
4489
4657
4646
4772
4708
4773
4773
4580
2220
2220
2220
2220
2220
2504
2220
2299
2504
2145
2145
2145
4884
4882
2145
2145
2145
2145
2504
2220
4679
4521
2220
2145
2504
2220
4882
2945
4772
2220
2504
2220
2220
4760
4469
4580
2220
2220
2220
2220
2504
4468
4350
4468
2220
2145
4770
2505
2145
4772
4770
2220
2945
2145
2145
2145
2504
2145
2145
2299
2945
2220
2220
4646
4646
2299
2145
2145
4772
4772
2220
4489
4646
4713
4713
4772
4770
4725
2220
2145
2145
2145
2145
4713
2945
2145
2504
4713
4450
2220
2299
4646
4655
2220
2220
2945
2945
2222
4489
4760
4489
4469
4489
4750
4489
2220
4655
2504
4772
2504
2222
4770
2220
4469
2145
2945
2220
4657
4722
2145
2504
2504
4713
2222
2945
2145
2145
2945
4770
2945
2945
2145
2220
2220
2220
2145
2220
4489
4752
4737
2145
2945
2945
4489
4770
2299
2299
4772
2220
4736
4737
4736
2220
2220
2220
2220
2145
2145
2504
2220
2145
2504
2504
2145
2505
2220
4772
2145
2145
2299
2504
2145
4682
4489
4760
4760
2222
4737
4737
2220
2220
2220
2504
2220
2145
2504
2220
2220
2220
2220
2220
4772
4770
2220
2220
2504
2220
2945
2945
4772
4770
4760
4646
4772
4735
2299
2145
2220
2220
2220
2504
2504
2299
2145
2145
4760
4713
2504
4760
4760
4772
2505
2145
2145
2145
2145
2220
4760
4760
2945
4682
4737
4760
4737
4760
4489
2145
2145
2145
2145
2299
2145
4760
4760
2145
2145
2504
2504
2222
4760
4760
4760
2504
2145
4760
2504
2145
2504
2504
2145
2504
2504
2504
2145
2145
2504
2504
2504
2504
423
423
439
454
439
439
423
423
423
439
423
262
423
423
423
423
423
423
423
423
1435
1411
1112
4859
4838
945
944
623
634
634
838
787
789
4838
886
882
950
950
999
1436
4838
952
1485
787
1002
1088
791
1168
1165
1168
911
1246
4851
791
849
4835
627
943
788
1100
1102
999
1505
1363
1363
865
1112
882
4973
786
1108
1116
688
1436
4838
945
4850
4836
1411
1436
819
1362
1485
662
902
1168
4836
4859
738
824
788
634
1247
945
1448
1375
1542
4869
450
1448
501
1569
1569
1448
1569
1569
440
4777
1569
1542
1673
2255
2255
2255
2399
2255
2255
2255
2255
2255
2255
2255
2988
517
3111
517
2871
2595
2702
517
517
4983
2595
1218
1218
2274
3142
2492
3766
3684
3660
4007
4932
3577
3578
4905
3913
3929
3988
3811
3596
4196
4036
3646
3628
3551
3551
3552
3628
3616
3616
3563
4916
4096
3581
3581
3585
4155
4128
3966
4146
3966
4146
4146
3966
3660
3628
4195
3986
3904
3966
3628
3578
3552
3829
4944
3106
3106
3106
3106
3860
3860
2714
2714
2714
3106
3597
3106
3106
3829
4146
4146
2145
2220
2504
4766
2220
2220
4604
2220
2504
2145
2945
2145
4604
2145
4737
3719
3719
1313
1102
1313
4825
4830
1432
1244
4992
2641
2776
1210
1218
1219
4885
2591
4889
2530
4980
2589
4885
1219
2675
1218
2591
2591
2555
2232
4885
2591
2592
2591
1204
4978
