175
185
710
642
708
708
708
12
500
116
117
116
116
677
708
642
522
405
405
1057
405
624
624
624
707
624
707
754
754
754
642
642
754
754
754
754
754
754
754
706
754
624
175
185
624
642
624
677
431
519
118
708
625
625
624
185
12
624
642
642
642
405
405
1057
1057
405
405
787
405
782
1057
405
642
642
522
743
185
179
710
185
185
185
185
710
749
718
642
642
642
624
707
624
707
642
754
642
642
642
707
706
677
624
677
677
118
642
677
707
624
754
754
754
642
642
185
624
624
118
677
642
642
754
707
175
624
624
595
595
518
513
351
480
510
711
596
477
521
594
518
595
624
707
624
624
624
624
642
706
175
624
175
624
642
642
642
642
754
702
754
706
706
754
754
787
754
783
809
787
787
706
754
787
710
323
706
185
707
706
706
706
754
642
677
708
624
519
485
506
519
118
708
708
708
708
708
708
510
510
510
725
723
952
629
627
723
400
508
495
117
117
677
175
595
479
181
500
596
707
707
642
642
624
624
118
624
431
642
595
594
624
118
118
118
185
625
624
185
642
118
594
595
595
708
708
642
118
624
624
624
595
502
400
114
115
595
754
754
624
642
642
594
594
642
710
630
710
175
595
708
642
754
754
754
642
707
754
642
754
185
521
642
594
625
508
677
485
518
493
513
708
405
405
405
710
702
118
642
642
708
118
708
642
642
642
677
513
594
118
642
754
706
754
754
754
754
185
185
787
176
177
783
405
783
185
642
519
625
117
502
495
754
708
493
642
642
117
117
625
508
522
522
743
522
706
625
491
479
708
189
189
522
522
820
1057
522
521
522
1018
118
117
521
754
787
710
479
321
407
116
627
527
1302
1296
2208
3160
331
3288
334
4095
4221
1264
4177
3827
341
3884
1264
522
642
710
114
754
754
625
508
400
116
293
357
629
629
723
222
357
708
642
642
522
405
405
405
754
708
358
708
405
754
809
809
182
522
522
118
404
405
118
519
520
477
787
508
405
522
432
520
512
405
405
783
708
708
1057
820
1057
783
702
809
783
783
783
521
116
519
477
725
725
406
519
118
708
708
521
477
118
477
708
708
708
490
400
477
708
708
510
477
480
708
117
508
118
477
708
725
776
433
433
433
1484
1442
1744
2237
1911
2590
3014
3941
3717
3732
3533
2917
2820
2402
2395
2805
2471
2581
452
2382
2103
457
1636
1874
1652
1652
1620
1915
1860
1661
1687
1621
1515
1540
1540
1531
1532
1574
1821
1869
2246
1945
2273
2048
2365
508
508
708
521
521
118
510
118
708
514
510
708
708
477
708
477
596
596
117
627
116
627
116
116
116
596
596
510
510
708
477
708
596
357
627
510
510
708
596
477
725
510
708
117
596
510
510
708
477
510
626
116
1041
1436
629
1042
1674
596
680
546
545
4857
597
609
579
579
4801
548
599
599
605
602
604
604
4840
547
4801
599
4831
4831
605
4847
4829
554
554
998
4848
4855
1432
1432
1433
560
560
1368
1216
562
1391
1503
1061
1082
1220
920
937
978
571
1027
4801
703
652
601
4841
4841
601
703
4841
546
804
804
1015
1015
1065
844
1015
592
663
590
633
665
665
667
510
510
510
708
510
708
708
647
601
4840
4832
997
605
999
4966
4966
4966
4967
720
619
720
679
720
679
613
826
838
599
599
997
599
4829
4847
998
555
4855
4852
4852
950
1220
708
357
627
1199
1319
1867
628
4801
716
716
610
4801
703
357
703
579
597
543
117
543
1015
825
638
4831
554
554
554
599
599
720
599
997
4829
725
357
1041
1436
4841
1015
577
575
540
579
590
590
610
679
610
610
610
762
610
599
602
619
4832
997
708
510
4829
805
4832
620
4847
998
4847
555
4848
4855
772
633
577
4841
663
577
610
610
781
813
837
4821
794
695
845
694
708
725
998
577
590
589
708
725
117
4848
723
725
527
1041
850
357
4829
1199
797
1436
554
554
357
667
599
747
406
725
786
763
1017
667
763
844
4798
4798
1065
1065
837
884
884
725
1043
433
433
433
717
633
998
4855
4855
747
627
620
831
763
611
667
725
810
4830
4821
671
406
4800
4798
694
795
755
755
628
671
693
1039
877
885
772
725
790
1238
1024
1043
694
695
874
693
763
599
755
725
790
1065
406
1433
1432
1015
763
807
790
1022
831
1434
1434
763
807
1039
1243
1295
4852
806
767
1032
1240
1211
1138
4964
998
810
884
755
723
4852
558
807
790
952
4862
1887
2329
1907
1756
790
983
1184
1648
1025
1889
774
829
831
1022
828
1617
1865
557
1433
845
884
1066
1008
800
1072
4816
4816
1338
813
879
841
1055
1083
790
830
830
1436
325
1484
879
880
853
949
1243
857
859
859
2142
2093
2093
2093
2288
2288
2320
2572
2647
2240
2337
2385
2788
2147
2419
2321
2008
2241
2338
1065
852
622
1095
1095
1376
1368
1150
800
880
887
1001
565
1229
948
852
933
919
855
933
886
1537
1526
1047
1081
1079
1487
1567
1610
1893
1825
2439
2398
2487
2487
927
917
917
623
1082
1060
1061
1229
843
891
946
1245
995
891
887
937
939
885
935
920
566
890
947
942
1563
843
919
896
937
1202
1235
950
980
1203
952
944
893
1036
1730
1767
894
1071
1019
1258
1312
1422
1358
1930
1705
1316
2076
1761
973
1089
977
568
938
1003
1062
559
774
916
1492
1730
1737
899
1680
1757
952
995
4795
1428
1363
1387
934
1001
1229
560
1137
1138
4963
4998
1055
1136
1211
1137
1083
803
4822
1072
1035
804
4961
1043
1036
944
1238
1867
1616
1866
861
855
885
920
1094
1297
1436
1246
1076
1361
1198
897
918
854
934
885
1867
948
4966
1044
1477
1563
568
1174
893
1061
561
1337
1337
1213
563
1040
1519
979
1053
1376
1138
1136
1035
1211
1069
1211
1361
4960
897
1361
1212
1198
1147
1362
1388
940
953
1128
1451
1211
1211
1221
1087
1071
959
1194
918
1045
1076
1174
1280
1032
1093
1038
1124
1099
1100
1172
1416
1125
1249
1104
1345
1857
2104
1976
1932
1351
1749
1111
1111
1937
2620
449
2396
2451
2640
1835
1110
1831
1976
1172
1125
1419
1301
568
1161
941
565
1563
1204
1192
1213
1077
1076
1077
1592
1524
1142
1992
967
854
1241
1148
1148
1339
1418
1368
1130
1130
900
1238
1174
936
1565
1495
1160
1194
1164
1472
1071
1135
1167
1205
1020
1569
1467
1611
1139
1169
1291
1495
945
1037
1488
1084
974
1498
774
1134
1186
1354
1440
1188
1440
1195
1195
1192
1335
1416
1247
1289
958
1226
628
1030
1565
1337
1091
1232
1206
1768
978
1186
1077
1387
1226
1146
1216
954
1053
1276
1439
1239
1093
961
1239
1078
852
1738
1061
1183
1324
1249
1197
1234
1141
1236
1191
1023
1049
1617
1146
1080
561
983
769
1356
1521
1087
1230
1184
741
983
1253
1232
964
904
1387
1292
1302
1303
2245
3205
339
1264
4328
4434
4384
4229
4325
4448
1268
1372
1372
1254
1291
902
1275
1368
1339
976
1761
1023
1528
1046
1097
1371
885
1228
850
851
434
1525
1674
1298
1722
1298
1391
1183
1049
1484
1302
1674
1484
1437
1305
1190
1814
963
1207
1840
1152
1487
1789
1318
1147
1170
1125
1823
1702
1325
983
1646
895
1177
1153
1461
1140
1336
1216
1368
1163
1341
1562
1344
1103
1492
1420
1531
465
465
1348
1190
1736
1932
1440
1495
1153
1387
1388
1432
4794
1367
1282
4834
1387
1367
1368
1372
1275
1372
1215
1372
1372
1534
1216
1354
434
434
434
1455
1424
1591
1689
1829
1388
1147
1388
1441
562
1227
1419
1487
1555
1390
1398
434
1539
1708
1912
2362
2547
2545
2219
2072
1423
1442
1672
1408
1846
1845
1446
1771
1388
1451
1418
1321
1575
1130
1423
1493
1572
1479
1493
1339
1388
1339
1339
1418
1339
1418
1338
1303
1674
1370
1504
1097
1518
1467
1390
1397
1672
1444
1854
1522
1474
1225
1049
1593
1398
900
1765
1030
1497
1303
1303
1670
1529
1730
1344
1473
1343
995
434
433
1539
1539
1201
1524
1468
1379
1503
1286
1379
1485
983
1648
1538
862
1251
433
433
433
1478
898
822
1575
1380
1569
1047
1595
1252
822
1575
1539
1398
1523
1375
1711
1103
1189
1517
1512
1686
1509
1686
4862
1686
1686
1509
1575
1540
1544
1624
1540
1763
859
1892
1441
1523
1142
1442
847
822
1045
1608
433
433
1478
1398
1533
1397
1231
957
1638
1866
2073
816
1479
1544
1383
1546
1668
1572
1578
1552
1769
1486
1482
1482
1469
1470
1288
1901
1420
1534
822
1494
1469
1468
1673
1353
1478
1617
1644
1629
1522
1249
1379
1502
1694
1401
2964
3432
3707
2650
1942
2063
2295
2401
2238
1916
1916
1486
1486
1721
1674
1540
1991
2093
2093
2092
2093
2092
864
2324
1607
1668
1622
1453
1610
1533
1521
1103
1866
2142
1544
1731
1382
1668
1644
1675
1399
2711
1604
1556
859
1409
1690
1531
1641
1649
1649
1605
1540
929
1245
1669
1494
1158
1442
1286
1544
1687
1619
1860
1860
1817
1622
1925
1377
1696
1621
1687
1502
1486
1681
1482
1159
1260
1570
1725
1493
1483
1443
1487
1504
1806
2224
1797
2050
819
1865
1381
1552
1526
1526
1634
1509
1708
1502
1603
1681
1408
1676
1774
466
1735
1392
1815
973
1686
1490
1708
863
1708
819
1024
1681
1442
1322
465
1540
1382
1863
1159
1158
859
859
2074
2142
1612
1305
973
1514
1641
1680
1529
1682
1941
1517
1641
898
1926
1260
435
1690
1572
1294
1744
1747
2245
1725
823
465
1513
1728
1736
1736
1736
1564
1349
2093
1424
1327
1759
1476
1641
929
992
1757
1767
1681
1631
1699
1326
928
1482
1510
1716
1675
1723
972
1737
1765
1930
1568
1787
908
2145
1795
3200
331
2145
2449
1747
1706
1641
1551
1558
1926
1683
1807
2046
1828
2047
1995
1747
1345
1726
1716
1381
1426
1691
912
1171
1506
1823
2224
1995
1825
1706
1507
1647
1641
1660
1728
1951
1833
1663
1663
1606
910
1807
1843
1841
1260
1672
1911
435
436
1739
1993
1993
2057
2422
1739
1739
1496
1747
1606
1697
1770
1726
1306
1606
1606
1641
1426
1551
2142
2093
2093
2093
2093
2093
860
1699
1707
1527
1716
1606
1649
1666
1649
1605
1649
1620
1652
1729
1666
1620
1663
1620
1666
1620
1663
1663
986
1907
2073
1992
2195
1944
1672
1897
1500
1907
2092
1561
1739
1774
1760
2093
2219
991
1294
1294
817
823
2350
823
1694
1425
1777
1957
990
1975
1500
1661
1907
1559
2236
1672
1693
986
1740
1887
2216
1716
1660
1919
1999
1798
1907
1511
1511
2093
1868
1843
2209
2209
2365
1500
464
1666
2092
1294
1399
2221
1771
1507
1507
1647
1351
1647
1666
1605
1547
1900
1548
2265
2284
1408
435
1739
1796
1402
1736
1860
1860
1824
1824
1824
1824
1824
1964
2275
1966
2275
2231
2351
2403
2471
2447
2268
1967
2231
457
1655
1655
1382
2329
910
2075
1994
2056
969
1426
1513
1898
2002
2069
2112
2276
2276
2071
2180
2095
2008
2008
2144
2180
2306
2199
2095
2008
2025
2008
2071
2106
2115
2213
2218
2054
2054
2106
2106
2180
2198
2106
2112
2198
2071
2071
2142
1807
1744
2449
1601
1660
1695
1832
1564
1695
1382
2112
2112
2112
2112
2081
913
1828
1807
1760
1323
2198
2018
2095
2095
2008
2056
1672
1844
2357
3349
3413
2425
2545
2219
1513
1784
2213
2180
2198
2081
2213
2218
2093
2093
2233
326
1777
2461
2092
2081
2112
2112
2112
2112
2106
1740
2860
1729
1666
1619
1594
2106
1844
1666
2320
2092
2347
2347
2288
2347
2199
2190
2008
2094
2235
1896
2434
1620
1508
1830
2349
2748
2710
2550
2806
2886
2172
2199
2281
2390
2239
2253
2221
2306
2254
2199
2414
2754
2304
2106
2349
2748
2892
3317
3298
2129
3234
3158
3158
3286
3198
3298
2286
4874
2411
2826
2373
2922
2376
2922
2373
2413
2414
2180
2093
2093
2199
2199
859
2576
2788
3055
3055
2875
3033
2151
2150
3211
2151
3271
2131
1698
1425
1957
2299
2769
2877
2481
3151
2155
3191
2483
2169
2495
2794
2352
2869
2869
2867
2927
3283
3274
3034
2375
2891
2281
1780
1704
1307
1108
1307
1307
1307
2182
2112
2253
2221
2300
2070
2754
2191
2205
2242
2236
1632
435
2123
2286
464
1349
1349
1797
2112
2144
2199
2095
2055
2208
1739
1663
1798
2810
2276
2215
2242
2303
2221
2213
2303
2461
2347
2347
2461
2222
2199
2207
1685
2181
2384
1745
2229
2541
2257
2240
2233
2241
2322
1826
466
1870
2282
2113
2214
2242
2337
2398
913
1945
2380
2164
2895
2895
2895
2884
2760
2484
2484
2164
2942
2832
2164
2895
2895
2804
2163
2163
2124
4877
1777
1915
1817
1349
2528
2100
2217
1807
1748
1547
1798
1349
1857
2242
2795
2163
1401
2059
1859
1349
1703
2347
2414
2241
2222
2145
2028
1945
2237
2434
2895
2164
2942
2895
2760
1798
1952
2360
2305
2686
2544
2769
2825
2855
2429
2315
2918
2585
3055
3089
3089
1816
2572
4874
2304
2713
2573
2962
2360
1830
2353
1663
462
1799
462
2547
1932
2322
871
2279
2342
2573
1832
1832
1350
1812
2380
2061
1580
4874
2754
1911
2472
1915
2545
2061
1749
1958
3135
1899
1950
870
1965
2460
1832
1752
1959
1959
1351
2136
2373
2373
2989
2148
3034
1445
2810
2482
2872
1951
1106
4874
2399
2420
1846
2058
2163
2164
1775
2101
2101
2063
2101
1932
1932
1976
2181
2050
1822
1400
1942
1998
2238
1399
1884
2049
2754
2409
2409
2867
3283
2409
2409
2409
2409
2867
2867
2867
2409
2816
2409
2409
2754
2411
2418
2373
2243
2243
2420
1739
1739
1993
2537
3014
1959
2751
2932
3297
3214
3217
2545
1808
2164
2927
2927
2547
2751
3355
1704
2385
1739
1993
1743
2590
1993
1739
1743
1965
2884
2895
2164
1998
2409
1790
2063
1752
1831
1307
1307
1108
1107
1307
2417
2140
2410
1952
2425
1958
1940
2584
1831
1107
2504
2165
2748
2804
2804
2825
2101
2751
2867
1831
1831
2173
2411
2826
2057
2029
2807
2574
2898
3080
3128
3191
2125
2279
1107
2355
2895
2164
2164
2942
2832
1964
1922
1977
1922
2087
457
1905
2194
2440
2888
1911
2237
2894
2923
2484
2956
1964
1824
2336
2452
2448
1307
2182
2184
2474
2455
2336
2475
1307
3201
3216
1911
2293
2521
2914
2400
2689
1824
2275
1964
2751
870
1410
1846
2532
3012
2940
3706
3941
2227
436
1261
2895
2085
1933
1911
2227
2884
2895
2769
2878
2962
2193
2197
3525
2535
2903
2101
2063
2878
1352
2371
2452
2448
2474
2396
2943
2561
2563
4156
2184
2184
2519
2959
869
1993
2950
1911
2164
2864
2269
2944
3213
2867
2869
331
2373
2895
2063
2295
2275
2267
2275
1977
1966
2032
2584
2921
2921
2788
327
436
469
2860
2101
2231
457
2790
2175
2423
1836
1988
2634
2766
2766
2926
2926
3392
3392
3392
2611
3646
3835
442
3506
3730
3533
3392
2063
2063
2208
327
2895
2711
2036
2332
2764
1586
2764
2583
2865
3392
3532
442
1588
1982
1590
2332
2459
1981
1936
457
2158
2961
2635
328
3201
2832
2807
2368
3478
3038
3818
3894
4127
4127
4167
3528
4290
2200
869
2872
3278
3478
3858
3339
2409
2292
1948
1949
1810
476
2912
3203
4210
1949
4978
2752
2834
2655
4887
1743
2819
3527
2642
4077
4130
1911
2638
1262
2164
3151
2872
3151
2872
2275
2267
2450
2395
2519
1850
470
2871
2953
3439
3840
446
2972
1990
1937
2332
3432
2502
2832
2832
2861
2039
2453
2518
2518
4984
4971
2901
2396
2474
2455
475
2513
2511
2183
4980
2752
2670
2733
2770
2907
3107
3020
3395
3052
2531
3488
2588
3329
2832
2855
2807
3330
2295
2336
2455
2183
2867
2867
4985
4989
4882
1772
3151
1655
1656
1979
1656
1979
2238
1581
2838
2370
2231
1655
2516
2813
2560
3664
3458
2936
3353
3669
2937
2563
3728
2772
3016
2799
2454
2851
2585
2788
2922
2790
2197
2197
436
2538
2892
2285
2455
2364
2364
4970
4985
868
2048
3722
2535
3717
1883
1655
1967
2101
3045
4890
2510
2514
2311
2641
1626
2369
2517
2139
2816
4989
915
2682
2650
2334
451
1967
2268
2652
1835
3355
3010
2816
2828
2828
2828
473
2571
2428
2901
2790
2828
2828
3498
2855
2555
3111
3003
2954
2982
3878
4183
3875
3295
2727
2835
2058
2302
2268
1656
2403
3351
2727
2720
2356
2536
3345
3847
3757
335
3479
3605
2450
1585
3157
2816
2867
2867
2137
2481
2899
1967
2268
2875
3265
2887
3447
3297
3123
3755
2846
475
1847
3478
1581
4872
2875
2828
2890
3241
2132
3126
3037
1917
3018
2985
2396
2712
2148
3605
2862
2816
3011
2725
2732
2725
2800
473
3526
1415
2811
2680
2651
2918
2856
3094
3055
2922
2893
3296
2520
4872
3157
3201
3288
3215
2828
2731
2908
2909
2775
3022
2230
1261
2155
2750
3300
2737
3274
2948
3441
2538
2378
2818
3263
2746
3270
2966
2084
3215
2929
2931
3208
2451
2918
2429
2400
2402
2284
2403
2403
2540
449
2620
2874
1937
2640
2620
2620
2821
2734
2784
4062
3288
2875
3158
2875
2151
3158
2375
2793
3242
3148
2697
2697
2609
3656
3517
3223
3351
2030
340
2532
1656
2857
331
2732
3404
3022
2800
475
3035
2656
2533
2873
2708
2712
3016
3089
2151
2989
3232
3330
3345
3891
3039
3865
3866
3040
2313
1836
3284
2395
2640
3479
2918
3016
3032
2739
2919
3055
2994
3219
3190
3429
3380
3377
3378
3257
3257
3670
4112
3102
3373
3628
2669
2581
2447
2634
2764
2640
3197
3055
3055
3055
3055
3055
3055
3089
2918
3032
3089
3089
3351
2989
3107
3465
3066
3901
4178
4178
3824
3740
3668
3873
1848
2157
3080
2459
1981
3393
2970
2766
2764
3269
2926
2926
3392
442
442
442
2952
4879
3677
3211
2315
2316
3055
2376
2449
3311
2540
3360
3055
3055
3055
3308
3209
450
2593
2691
2866
2763
2874
2961
3055
3055
2376
2875
3107
3441
3441
3163
4267
3165
3404
3168
3843
3179
4203
3254
3705
3514
3168
3166
2882
3196
3652
2471
3197
2149
2735
2875
3158
2376
3201
2656
3309
2831
340
2763
3081
2152
2152
3089
3300
3091
331
2907
3488
2812
2447
2394
2613
1586
3269
2971
3269
2839
3231
3192
3311
3272
3093
2375
3034
2657
2634
1986
1986
3281
2151
3158
2875
3158
3259
3053
3342
3693
4119
4218
3400
3367
3255
3670
3617
3613
3465
3095
3275
3306
3308
3345
2593
2633
2627
1628
3318
3211
2151
3197
3234
3138
2354
2387
2854
3286
3158
2990
3199
2151
3274
2151
2875
3088
2931
2819
2974
2823
2393
3360
2988
2375
3158
3288
3328
3062
3429
4090
3488
2675
2366
3386
2691
2896
1983
3234
3286
3286
3158
3062
3443
3498
3285
3374
3328
3019
3488
3508
3038
2957
2395
2833
3158
2746
3709
2683
3028
2885
2394
3064
2663
3108
3508
4022
2404
1982
2865
3757
2988
2907
3030
2833
2885
3449
3890
3302
3327
3451
4024
3901
4111
3723
3886
4072
4145
4163
3302
3383
3352
3401
3426
3106
3454
3067
3733
3306
3651
2663
3478
3266
1968
2926
2926
2926
2957
1627
2839
2767
3050
3665
3917
3051
3399
3441
3402
3481
3403
3409
3418
3842
443
1584
2957
2931
2931
3403
335
3429
3747
2896
3890
3303
3106
3629
3427
3481
3488
2525
2957
3392
442
442
3851
3505
3555
330
3895
2662
3488
2840
3360
334
4024
3377
3074
3625
3035
3140
3004
444
3325
3423
3428
3445
3504
2759
3016
2612
2612
3269
3342
3756
3073
3379
2831
3508
2957
3890
3342
3445
1413
3294
3532
442
2823
3452
3707
3041
3392
2996
2957
442
3411
3427
3482
3467
3707
2841
3226
3532
3646
3463
3647
2535
3257
3482
2387
3862
3335
3709
3722
3381
3331
3392
3269
3392
3729
3442
4090
3893
3014
3526
4098
3942
4043
1263
3038
2984
3890
3678
3716
3611
3686
3536
3751
3712
4185
3538
3540
4208
3968
3987
3982
4898
4900
3968
4897
4899
3974
3686
3615
3104
3482
3649
3697
3700
3700
3649
3649
3638
3673
3674
3564
3704
3710
3697
3600
3591
4911
3921
3918
3573
3601
3584
3649
3576
3638
3576
3575
3639
3563
3650
3713
3615
3583
3649
3565
3852
3871
3836
3567
3700
3924
3777
3913
4927
4904
3779
3911
4959
3575
3681
3697
3638
3638
2975
3040
4022
4115
3053
3916
3729
3610
3443
3612
3614
3823
3713
3553
3535
3724
3585
3611
2643
3585
3622
3622
3536
3853
3293
3463
3463
3926
3941
3843
3514
3513
3673
3673
3734
2853
3915
3326
4074
3715
2679
3697
3585
3553
3674
3466
3392
442
442
3326
3604
3531
3565
3660
3673
2388
3387
2879
3398
4023
3327
2651
3620
2935
3535
3746
3650
3674
3564
3639
3456
3747
3392
2651
2679
3682
3713
3853
3807
4196
3612
3493
2777
2779
2783
4118
3752
3682
3710
3711
3585
3482
3623
3650
3623
3622
3256
3706
2849
3226
3698
3731
3537
3701
3705
2643
3192
2681
3519
3709
3732
3717
2681
3703
2914
4025
3457
2880
3755
3727
3519
2917
3819
3552
3617
3675
4081
3463
3363
3824
3601
3837
3743
1413
3552
3331
3646
442
3609
3668
3716
3336
3673
3677
3626
4139
3758
4123
3851
3877
3838
4146
2778
3906
3176
3178
2695
3122
3702
3576
3575
3780
3584
3638
3576
3638
3577
4959
3911
3913
4904
3597
4250
4892
4214
3792
4005
3598
4240
4254
3792
4214
4215
3792
3539
4208
3800
4084
3712
4169
4204
3898
3579
3582
3803
4132
3579
3578
4959
3005
4064
3502
2610
3833
3927
2643
3533
441
4042
3371
2909
2847
3827
3642
3650
4026
3363
3039
3833
3894
3926
3681
3537
3609
3877
3506
4130
3528
471
3703
3862
4116
4216
3879
442
3716
4186
3853
3853
3168
3673
3346
3038
4217
3832
442
3866
3864
3894
4937
3864
4941
3866
3868
4938
3801
3852
3873
4187
3882
3619
3705
3008
3833
3852
3506
341
3828
1264
4132
3581
3737
4116
3867
3863
3863
3895
3852
3521
3343
3675
3821
3864
4941
3873
3854
3637
3344
3726
3734
4190
3781
3575
3575
3575
4038
4038
2774
3326
3863
4217
4910
4910
4906
3560
3560
3833
4937
4937
4127
4128
2645
2645
4273
4274
4936
4272
4388
1265
1264
4937
3337
3927
3706
4061
3918
4899
4013
4934
3567
3567
3921
3558
4915
4914
4914
4918
3592
3591
4912
4907
4912
4912
3596
3592
3961
3971
4258
3789
3957
3591
4916
3592
4918
3922
3922
3970
3970
3954
3590
4897
4897
3951
3954
4897
3970
4918
4318
3992
3971
3970
4269
3787
4308
4895
3959
3592
3785
4270
4907
3782
4927
3912
3911
3871
3567
4107
3633
3724
4088
3588
3999
3586
4007
3950
3970
3952
3956
3954
3954
3955
3973
3789
3789
3871
3950
4000
3880
4938
3250
4203
3507
3737
3871
4120
3541
3798
3541
4934
4058
4050
4007
3999
3587
4038
4062
3831
3823
3714
4043
3735
3754
3857
3999
4093
4006
4006
3541
3588
3999
4020
4306
4052
3798
3541
3541
3544
3871
2781
4083
3072
3822
2777
3384
3753
3580
4113
4026
3437
3695
2644
4175
4052
4037
4009
4013
2610
3251
4186
3633
3734
4120
4148
3772
3844
3005
4221
3475
3371
1263
3575
4959
3857
4045
3857
3540
4200
4044
3071
4097
3022
4109
3908
4004
3369
3876
2624
3867
4117
3691
3690
4143
3538
3696
4145
3180
3176
4127
4167
4167
4167
3641
3753
4167
4164
3675
4047
3798
4006
3544
4224
4117
4193
3122
3507
4150
4127
3344
4925
4195
2848
4067
3672
4188
4112
3661
3577
4102
4173
3538
3770
4067
4076
3521
4071
4111
3459
3175
3528
4171
4005
3856
2844
3001
3844
4176
3528
4261
4004
4103
4219
4218
4070
4176
3529
4186
4204
3803
4189
3804
4086
4045
4143
4253
4153
4097
3908
3641
3671
4243
4105
4204
3887
4113
3809
4900
4932
4932
3541
3759
2665
4111
4101
4212
4265
3597
4198
4224
3072
3070
4111
3867
3932
4285
3931
3931
3933
4285
4368
4364
1268
1268
4458
1274
4430
4253
4249
4261
4959
4959
4929
4258
3952
1264
4025
4131
3791
4101
4101
4898
3844
4211
3983
4268
4260
3789
3796
3796
4288
4897
3973
3982
3954
4176
3982
4101
3797
3797
4224
4176
4293
3933
4128
4298
2645
4216
4277
3934
4384
4359
4374
4384
4267
1264
1263
3932
1263
4277
4904
4350
3789
4285
4284
3973
4350
4151
4267
3597
4350
4350
3956
3972
4350
3956
3970
3783
4285
4318
4293
4340
4274
3793
3787
3786
3793
4277
4278
3934
1265
4367
4151
4177
4246
4314
1266
4321
4285
3964
4270
4892
4940
4277
4328
3993
3961
3794
3794
3961
3969
3969
3969
3993
4917
3959
4918
3997
4892
3592
3595
4895
4270
4270
4359
3787
3786
3996
4285
4308
4285
4324
4358
4328
4367
4324
1264
4367
4363
4286
4285
4364
4366
4296
4363
4459
3934
1265
4368
4354
4440
4297
1267
4498
4612
4603
4230
4498
4458
4375
4230
4495
4615
4236
4609
4623
4518
4520
4395
4446
4520
4551
4393
4394
4610
4510
4609
4542
4510
4374
4371
4498
4566
4522
4568
4229
4433
4364
4325
4325
4384
4455
4229
4323
4440
4375
4375
4373
4373
3938
4370
4364
4440
4440
3938
4371
4434
4440
4454
4325
4440
1266
4440
4440
4370
4498
4390
4601
4230
4615
4640
4746
4609
4609
4609
4609
4495
4609
4609
4609
4606
4609
4609
4609
4494
4610
4610
4375
4625
4458
4439
4609
4283
4281
4498
4498
4459
4377
4440
4232
4603
4603
4458
4460
4440
4388
3938
4542
4550
4551
4446
4551
4472
4392
4392
4446
4510
4510
4609
4394
4394
4551
4574
4542
4610
4609
1267
4542
4609
4394
4394
4609
4574
4609
4495
4423
4458
4550
4542
4440
4440
4454
4459
4542
4394
4394
4551
4551
4446
4365
4388
4377
4610
4551
4495
4609
4393
4542
4382
4498
4379
4393
4446
4394
4610
4460
4460
4392
4495
4542
4542
4610
4624
4394
4394
4394
4609
4373
4382
4550
4603
4393
4458
4380
4437
4431
4609
4431
4392
4392
4394
4610
4423
4609
4392
4392
4460
4392
4458
4550
4431
4460
4568
4439
4609
4495
4609
4615
4615
4610
4601
4230
4431
4460
1268
4459
1268
4612
4610
4429
4615
4495
4551
4433
4733
4392
4609
4230
4522
4394
4446
4520
4601
4601
4610
4733
4471
4610
4495
4494
4746
4392
4551
4570
4394
4603
4603
4603
4446
4615
4495
4433
4233
4460
4429
4518
4448
4433
4326
4394
4609
4518
4609
4623
4623
4609
4609
4746
4623
4956
4956
4395
4494
4458
4392
4460
4427
4733
1269
4234
4671
4429
4234
4448
4437
4518
4518
4518
4518
4518
4395
4514
4586
4609
4586
4575
4395
4609
4697
4625
4395
4518
4514
4956
4623
4623
4495
4446
4233
4625
4458
4437
4615
4629
4446
4609
4609
4609
4661
4623
4392
4426
4396
4458
4671
4392
4601
4448
4392
4629
4640
4236
4473
4518
4400
4601
4494
4733
1274
4458
4624
4671
4396
4956
4586
1274
4640
4236
1274
4640
4661
4717
4236
4234
4236
4623
4623
4671
4956
4429
4429
4429
4395
4427
4514
4623
4576
4743
4640
4660
642
809
117
809
787
809
809
754
754
432
708
787
405
787
624
642
642
642
642
706
1388
4850
1033
800
1008
1065
763
781
1433
1431
663
667
670
1211
1083
4821
4855
4855
1434
667
1008
559
560
633
1434
667
1138
1127
1033
4963
4961
559
1388
633
998
998
4855
1065
998
1360
4852
1432
1339
1418
604
1072
794
4966
755
605
605
4965
1008
1008
1015
4855
4850
1282
1282
554
1338
4841
604
604
1418
4821
599
4831
605
1339
4844
1015
952
627
433
434
433
433
433
4862
2142
2092
2867
2806
2266
2867
2867
4872
2869
2886
4877
1946
2455
2451
2513
1807
2209
2396
2046
2184
2184
2048
1811
2654
2918
3541
3638
4925
3796
3918
3572
3921
3590
3568
3570
3956
3558
3700
4308
3911
3602
3638
3779
3778
3776
4926
3648
3778
3778
4910
4905
4905
4908
4908
4907
3648
3919
4899
4932
4934
4020
3584
3776
3568
3797
3586
3953
3952
3589
3871
3574
3932
3928
4273
4937
3865
4937
4937
4276
4127
4937
4941
3865
3865
4897
4394
4395
4570
4230
4542
4510
4550
4495
4495
4551
4567
4495
4393
4393
4395
3575
3575
1365
4960
4960
1386
1387
4960
1360
1386
2487
2183
4992
2184
2182
2182
2384
2226
2184
2384
2226
2184
2184
4992
2184
4972
4972
2518
2365
4972
1108
2183
2226
2226
2487
1307
4972
4992
2184
2182
4972
1361
1620
1620
1824
2766
2766
2766
