165
191
364
268
268
230
379
488
488
513
624
624
260
131
132
76
76
261
76
261
4783
260
76
76
76
261
76
261
346
262
76
76
346
260
127
76
76
76
127
195
302
394
169
170
408
223
421
201
361
234
65
75
74
74
25
280
25
346
345
346
24
298
74
216
132
260
271
263
363
5
262
48
127
271
5
5
263
263
248
248
307
199
346
346
25
304
75
298
24
234
4783
361
260
234
132
75
197
132
304
4783
346
4783
346
25
23
4783
195
271
75
234
132
304
25
4783
68
68
166
42
351
385
189
352
12
508
626
117
480
352
400
412
351
346
5
76
163
197
200
201
223
346
195
260
165
200
248
4777
346
76
76
76
262
76
346
4783
4777
67
262
262
262
261
4777
346
2
280
165
217
217
191
248
260
346
346
346
4777
200
271
287
121
274
252
120
424
482
506
506
519
118
642
405
1057
787
706
175
12
493
172
172
118
200
223
172
491
175
595
228
346
76
76
76
346
132
132
200
122
346
274
252
112
75
132
132
76
289
197
346
346
421
304
122
488
417
483
25
248
111
235
172
290
479
625
322
172
346
131
76
285
421
488
168
307
5
360
46
74
223
298
25
67
307
76
302
74
346
421
172
74
422
488
183
120
385
479
76
24
25
271
259
268
230
230
42
394
169
423
76
199
287
248
189
42
346
261
261
76
360
5
360
261
262
262
5
76
271
230
121
266
269
422
74
488
491
271
266
379
504
132
74
76
74
267
220
385
271
199
385
76
76
346
423
424
346
76
486
170
502
345
11
190
12
496
749
783
177
722
952
850
1248
1612
1748
328
3201
3201
3201
3511
3300
2988
3215
3522
3883
4176
3702
340
3306
3883
74
74
268
263
280
346
488
9
501
12
495
179
713
357
723
502
179
266
272
42
6
379
43
24
74
76
24
24
280
266
382
408
495
4777
346
189
25
394
115
261
424
411
492
506
513
262
76
345
411
502
76
346
345
345
76
115
24
262
262
345
345
262
417
359
115
492
512
512
514
522
743
383
517
517
506
492
520
415
415
415
506
172
180
492
482
513
415
492
625
485
175
420
520
477
477
118
776
1018
1193
433
851
1442
2227
1261
2538
2537
3109
2535
3732
3482
2916
2957
2691
1983
2761
1937
2633
2278
1880
462
464
1225
1353
1420
1532
1574
469
1772
3292
2246
1947
1948
1949
1948
508
504
492
595
505
481
430
481
416
517
354
485
506
512
116
625
520
512
595
706
754
175
722
323
595
677
506
519
520
353
718
323
490
431
323
477
517
515
116
477
521
514
510
743
323
796
627
356
527
185
731
794
730
794
794
695
794
4812
583
844
844
813
844
813
844
1010
837
844
844
731
844
1065
827
4823
795
679
720
599
807
554
620
554
554
620
620
786
4803
831
798
841
1218
1229
939
932
925
920
936
1157
1245
1454
1245
844
844
4861
780
780
844
780
844
670
753
1008
1008
1010
837
837
837
836
876
695
695
884
884
4814
695
477
116
670
844
1010
804
4823
1035
999
1035
1240
1361
731
844
827
844
844
813
813
1032
926
1213
769
844
755
755
795
4841
755
807
750
1213
1039
1213
848
885
677
496
718
627
628
1199
629
845
846
884
844
844
763
176
1007
832
832
832
510
117
780
718
884
795
795
926
844
795
813
795
795
642
820
499
1031
794
836
836
794
794
4830
4830
4814
813
4814
4814
4814
4814
845
813
795
795
795
795
708
795
795
599
795
807
807
1213
877
695
832
794
757
884
801
801
801
837
837
836
835
836
837
836
118
926
185
695
695
708
642
807
807
754
711
176
176
714
1057
994
722
767
717
323
952
525
1039
1039
710
723
884
795
795
725
626
926
4814
837
4814
836
836
836
836
836
837
837
837
836
776
814
814
814
741
4862
725
884
807
807
807
176
747
809
926
1039
836
4814
4814
743
835
4813
836
835
405
814
4813
835
4813
1136
801
801
836
837
1198
1214
1371
1495
1328
854
773
829
406
835
835
836
837
837
1136
1137
1043
1018
642
1198
711
1039
743
837
1032
1238
877
1039
807
837
1145
1318
627
1436
1055
1246
1246
1246
1211
4960
1211
605
605
1241
4813
405
405
1213
854
1032
776
983
1184
821
847
1405
1907
1891
1023
776
983
1648
1648
773
1214
877
1246
1022
829
825
620
620
1039
837
1064
1008
801
1083
1246
838
1213
831
848
725
771
878
1246
801
801
983
1024
1057
850
850
783
877
1145
1026
885
797
1041
859
859
1724
2099
2093
2093
2113
2281
2247
2053
2144
2205
2933
2304
2222
2321
2207
2222
2222
2207
2207
837
1008
801
1371
771
831
798
831
879
786
801
1026
1300
1044
1044
1040
934
995
889
933
1492
1175
1058
1038
1046
1155
1094
897
1177
904
1768
1524
1997
2046
2046
917
1477
1638
1470
1537
1045
938
1027
571
934
937
920
918
1045
1375
1563
1038
919
1300
946
1328
1175
1494
1158
1291
1049
1245
891
1002
1027
895
1097
1571
1603
1453
1001
627
852
949
1018
1057
1439
1091
1730
987
1557
1090
1071
1498
1080
962
1255
909
1317
1840
1896
1787
968
1320
1340
1245
887
879
831
1075
1238
1097
1766
1568
1680
1422
1556
900
1018
4960
997
4826
4826
1386
1300
1454
569
853
801
1211
1361
1211
1246
1211
1211
1211
1008
1008
1008
1008
1010
1008
790
957
985
1021
1022
1614
1615
1865
829
1371
1175
953
930
938
1362
1234
1366
1078
1241
957
1767
1528
1214
1300
1199
628
886
1076
1529
1047
564
1245
936
944
566
623
979
855
1234
924
1018
1157
1071
566
1082
879
1211
1211
1138
1083
1211
1076
4960
4960
1366
1366
957
1366
1387
1362
1368
1367
1148
1148
1428
1071
958
919
623
1076
1472
1343
1472
1474
1766
1492
1529
1366
1157
566
1076
1253
1470
1324
973
1162
1172
1135
1322
1684
2050
1826
2398
2439
2384
2279
1857
2049
2371
2396
2556
2517
2514
2514
2454
2516
2511
2510
2510
2510
2475
2384
2384
2384
1231
1659
1230
1159
901
940
944
947
986
1392
1146
1078
1076
1362
958
1206
1378
1416
1738
1078
1372
1339
1418
4852
4855
831
831
958
1029
893
1494
1593
1503
563
1227
896
1562
1764
1767
1124
1018
975
1098
1301
1290
1634
1101
1167
1227
1229
1071
1473
986
1562
986
1238
1419
1185
1325
1305
1103
975
1125
1125
1018
1250
1169
1192
1237
905
1369
958
1029
947
1485
1283
1223
1139
1608
1362
1367
1428
1370
1275
840
1369
1135
949
949
1324
1773
1488
1232
1237
1387
1053
1335
1051
1324
1897
1488
1232
1191
986
1249
814
1089
628
1372
1217
1220
1043
1215
1195
1041
1231
1284
983
1043
814
1159
1254
1232
1387
1169
851
1294
2029
1262
4167
2645
3862
4936
4289
4277
4272
4278
4291
950
1125
1495
1053
1134
839
557
1452
1897
1757
1692
1030
1287
1495
1247
1378
850
433
952
325
1442
1319
1723
924
841
1321
1711
325
1295
1484
1220
1105
1994
2279
2439
1233
1209
1372
1151
1276
1259
556
1125
2076
1995
1104
774
1441
1390
1242
963
1100
883
558
1343
1930
1908
1785
1797
1737
1346
1476
1726
1702
1703
1814
1814
1196
1225
1227
1289
1429
1364
1364
1428
4850
1432
4850
1428
1095
840
562
980
1280
1370
980
950
1203
1235
1219
1239
1423
433
1380
1455
1551
1547
1644
1545
1821
1418
1418
1433
1082
1203
923
1437
1671
434
1478
1530
1509
823
863
2219
1907
1891
1407
1468
1681
1444
1846
1845
1385
2331
2617
1416
1433
565
1577
1346
1029
1398
1694
1397
1398
1432
4852
4852
4855
831
798
4802
786
4802
1435
1319
563
1103
1288
1565
1356
1229
1380
1443
1769
1904
1972
563
1900
1158
1563
1530
1312
1153
1247
1380
941
1298
1561
1764
1801
1902
1801
1803
928
1711
433
1491
433
1126
1482
1486
948
993
1391
986
830
1406
1025
741
4862
814
1193
1252
1491
1251
1193
1565
1061
1290
1249
1184
821
1720
742
1478
563
564
1298
1780
1613
1902
1193
1491
1405
822
1489
1187
1188
465
1420
1440
4867
859
1781
1521
1565
1301
1290
948
815
1529
1670
1193
433
1491
1354
1347
1061
1765
1733
1504
1023
1865
742
1531
1500
1515
1383
1688
1382
1777
1668
1546
1486
1572
1681
1050
1438
1464
1316
1304
1304
1534
1347
1130
1427
1712
1720
4867
1518
1575
1625
1417
1674
1783
1486
1527
1975
2460
3330
2641
1628
2101
1626
1917
2764
2406
1455
1336
527
1187
1616
2093
1866
2093
2092
2461
2323
1573
1622
1661
1544
1534
1420
1319
1797
1866
1617
1863
1512
1620
1687
1514
1544
1624
1399
2059
2357
1544
859
1384
1698
1409
1518
1190
1507
1594
1711
1493
1606
1696
1540
942
1613
899
1621
1664
1665
1716
972
1517
1666
1513
465
1591
1668
1503
1141
1170
1631
1784
1379
1579
1331
1050
1673
1569
2064
1826
2195
847
1865
1381
1622
1574
1629
1161
1441
1539
1539
1526
1591
1676
1482
1575
1355
1759
2339
1995
1787
1909
822
819
2187
1686
1024
1153
1544
2076
1190
1706
1426
1892
1297
1228
1520
859
1724
2235
2242
1631
1702
1908
1189
1568
1140
1161
1170
1852
1348
1670
1260
1672
1408
1551
1739
1911
326
2305
1770
816
1506
1506
1306
2049
1857
1857
1814
1306
1814
1866
1866
1504
1467
1634
1815
1710
1154
1567
1710
1721
2074
1747
466
1646
1298
1672
967
1507
859
1520
971
2142
2099
910
1505
1208
2074
2322
2519
3201
331
1791
3200
1725
1706
1425
1358
1525
1570
1807
2027
1809
913
2195
467
1994
2050
1348
1619
1957
1555
1569
1522
1326
970
1692
2224
1806
1673
1673
1704
1704
2181
1506
1760
1647
1830
2049
1753
1853
1592
1569
1851
1941
1327
1467
1681
1743
1911
2237
1743
1993
1845
1845
2197
2057
1850
1412
1993
1846
1570
1747
1508
1907
1689
1770
1646
2181
1506
1507
1777
1866
2142
2142
2142
1699
1611
1844
1507
1508
1507
1736
464
1838
1647
1647
1594
2072
1710
2093
2092
1866
2099
1758
1925
1408
1787
2056
1306
2072
1718
1552
1669
1703
2287
2093
2093
969
1323
2237
1887
1708
1686
1820
1817
1914
966
817
1647
1760
1660
861
1677
1142
467
466
1760
1789
1970
1404
1889
1736
1647
1932
1752
1830
2093
1511
1726
1758
1868
1843
1945
2272
2272
1809
1306
1306
1729
1260
862
2320
1732
1106
1814
1857
1107
1507
1548
1915
2351
2395
861
1739
1993
1699
2245
2287
1664
2334
2593
2498
2382
1891
2092
1806
1957
2236
911
2233
1771
1306
1306
2008
2097
2190
2008
2008
2002
2071
2055
2055
2098
2055
2007
2207
2055
2098
2098
2055
2190
2002
2002
2002
2002
2144
2008
2055
2098
2008
2055
2190
2008
1570
1744
2208
2219
1580
1830
1932
1106
1830
2049
2055
2008
2190
2008
2008
1673
1496
1807
1327
1896
2007
2190
2008
2190
2190
2055
2098
1925
1846
2058
1956
2751
2751
2461
2347
1760
1996
2002
2055
2008
2008
2002
2002
2008
2093
1840
2233
1915
1893
2288
2025
2008
2008
2008
2025
2007
2008
1822
2472
1350
2049
1830
1844
1349
2093
2242
2093
2055
2055
2097
2190
2222
2242
2242
2054
1401
1647
1704
2181
1107
2180
2199
2286
2286
4869
4871
2411
2304
2095
2247
2007
2007
2025
2320
2207
2199
2199
2304
2420
2207
2007
2010
2117
2306
2435
3129
3129
3157
2176
3157
2138
2138
3157
2176
4872
2304
2420
2420
2411
2816
2867
2139
2420
2420
2420
2055
2055
2094
2207
2235
2235
2337
3137
2375
2138
2138
2138
2138
2138
3273
3045
1904
2400
1914
2180
2239
2299
2542
2255
2497
2485
2458
2007
2199
2286
4869
2754
4871
4871
4868
3129
3129
3157
2376
2376
2176
2241
1685
1894
2225
2225
2225
2487
2223
2007
2347
2007
2002
2304
2190
2190
2097
2190
2191
2100
2224
1447
1844
2754
2241
1306
2049
1814
2049
2195
2025
2001
2271
2207
2222
2222
1496
2294
1647
2217
2095
2002
2053
2002
2461
1944
2002
2288
2270
2218
2347
2113
2222
2207
2207
1683
1997
913
1740
2947
3013
2589
2199
1812
2070
1992
2337
2145
1400
1914
2198
2081
2304
2242
2191
2304
1682
2274
1400
2117
2169
2169
2118
2118
2123
2180
2117
2169
2306
2169
2118
2170
2169
2306
2169
2123
2118
2123
2253
2239
2239
2241
2414
1998
1876
1814
2215
2018
2070
2002
1841
2208
1772
2198
1857
2320
1826
2304
2180
2300
2118
1942
1951
2049
1857
1894
1992
2420
2207
912
1945
1945
1739
1911
1402
2118
2169
2118
2300
2180
2180
1713
2071
2115
2222
2199
4869
2106
2281
2282
2164
3191
2149
2149
3191
2138
2303
2420
2207
2235
2247
2264
2212
2713
2163
4868
1685
865
2207
1959
1951
1899
2384
2439
2420
2222
1807
1997
2247
2281
2544
2049
2104
2247
2322
2300
1601
2032
1351
1825
1997
1743
1956
2347
2431
1752
1905
2324
1857
1960
2321
2027
1809
2246
2329
1831
2384
1107
1107
2304
2139
2376
2376
2376
2156
2286
2239
2123
2169
1351
2303
1826
2420
2353
2222
468
2366
2387
2300
2169
2169
2472
2032
2238
1914
2265
1831
1107
2384
1894
913
2222
1869
2063
1754
1654
1775
2398
2384
2420
2411
2816
3129
2411
2411
2411
2754
2411
2222
2207
2207
1931
1846
2057
1847
3488
2253
2486
2572
2584
2878
3010
2428
2482
2486
1740
436
2547
4868
2436
2545
2486
2584
1826
2222
1846
1845
1845
2197
2950
2590
1965
2123
2123
2254
2169
1824
2384
2322
2449
1831
2336
2398
2463
2398
2439
2205
2304
2207
2438
2435
2462
2323
2528
2572
2647
2398
1827
2304
2306
2352
2299
2256
2281
2161
2275
2436
2384
2463
2463
2411
2754
2057
2057
2541
2299
2380
3191
2893
2125
2466
4868
2276
2047
2411
2058
2118
2169
2170
2169
2352
2306
2170
2360
1307
2207
2222
2994
1743
1743
4869
4869
2169
4869
1108
2463
2407
2463
2184
2487
2453
2487
2184
2487
2851
2429
2536
1842
2522
3753
2968
2090
2256
2281
2486
2083
1410
2197
2057
2057
2532
3012
2940
2532
3941
2536
2533
2478
2118
2278
2197
2682
2123
2123
2281
2528
2713
2877
2243
1410
2356
2678
2485
2061
2265
2462
2161
1307
2510
2518
4971
2453
2453
2799
2785
2736
2857
4968
2692
2314
2197
2677
3488
2169
2169
2362
2379
2713
2713
2897
2921
3216
2420
2390
2401
2301
2307
2528
3197
2585
2851
2057
2614
2538
2169
2460
2238
1108
2118
2364
1937
2978
3114
3346
3006
3812
3501
3269
1626
1626
2230
2030
2107
2169
2708
1753
2821
2629
3134
3315
2976
3530
2974
2595
2750
2750
2364
2344
2308
2584
3200
2929
2458
4869
2370
2861
3278
3508
3862
3818
3527
4130
4130
4098
2644
2644
1960
2538
2123
2061
2864
3478
3038
2903
2337
473
4887
473
4887
2830
2522
3035
3515
4199
2830
2661
2732
2719
2856
2676
3035
3035
473
2537
3525
3927
3331
3432
3526
2537
2638
1262
2169
2169
2124
2108
2507
2123
1581
1590
2905
1410
2538
2505
2695
3896
4075
2840
1118
2555
2813
2712
2434
1847
2485
2060
2397
4988
4988
4988
4988
4988
4988
4993
4988
2753
4971
4984
4984
4968
4988
2830
4988
4981
4981
4991
4981
4991
2725
2725
2907
2934
2732
3021
3411
3275
3107
3219
2870
2432
3329
2858
1849
2124
2380
2964
2158
2455
4996
4981
4871
4887
4887
2830
1772
2232
2459
1937
2268
2295
2619
1123
2555
4971
2753
4881
2670
2857
3882
3825
3701
3074
2734
2736
2856
2907
2753
4996
3011
3011
2376
1954
1971
1971
2682
2819
2109
2435
4984
4984
2510
4981
4982
4887
4887
4885
3743
2458
2158
2425
2647
2647
4996
4971
4971
2296
2964
2450
2452
2510
2454
2139
2946
4887
4887
2683
2925
1937
2652
2510
2510
2546
2816
870
2376
2376
2521
2748
2084
2546
2727
2139
2994
2537
2448
2573
4970
2517
2997
3814
2799
2560
2773
3021
3107
2907
2830
2853
2327
2669
2669
1632
2941
3037
3135
3355
3355
3297
2961
3010
4890
2546
2635
2425
1589
2868
2868
2731
2376
2710
2760
2376
3330
2474
2327
2564
2785
2857
2725
3651
2366
2060
2501
2435
3011
2376
2139
2376
2458
2649
3045
2710
1656
3086
3151
2454
2514
2514
2732
2751
2884
2139
2994
2909
3344
3023
2830
2534
470
2914
2876
3729
2643
3137
2907
3074
3011
2830
2806
2927
2885
3129
2816
3018
2930
3300
3214
2961
2546
2910
3384
3907
3701
3306
3205
2533
2639
1585
2878
4890
2934
2816
2948
330
3013
472
3220
3276
2952
2697
3507
2806
1112
4890
2932
2878
2905
2960
3351
2507
2396
2832
3151
2914
2447
2885
1584
1112
2555
1112
2798
2814
2555
1121
2555
2556
3151
2882
2906
3216
3212
3021
2138
2138
2376
2138
1848
2458
2517
3123
3293
4114
3002
3007
1118
2555
2962
2589
3205
2941
2923
2582
3019
3018
2909
3353
3825
2662
3515
3753
2522
2950
2832
1627
2404
2670
2733
2177
2376
2649
2806
2425
3349
3889
3862
3862
3891
3891
3891
3508
3413
3605
3447
2451
2833
3129
1121
3048
3419
3297
3297
2149
3191
2850
3219
3219
3404
3086
2376
3411
3168
3637
3382
3705
3734
4044
3373
4200
4106
3926
3402
2908
2388
2633
2633
2821
2511
3298
3191
2177
3318
2149
3298
3191
3318
3290
3011
3351
2962
3019
3165
3168
3842
3453
3872
3373
3824
3668
3534
3629
3165
2683
2492
2956
2813
2768
3154
3193
2629
3237
3193
3116
3263
2799
2770
2126
3270
3270
3191
2816
2196
3325
2750
2635
4890
4890
2149
3318
2376
2649
3129
2824
2973
2973
3191
2750
2824
3297
2126
2177
2816
3165
330
340
2948
3161
2909
3752
3291
3903
3352
3383
3063
3182
2777
3353
2806
2838
2651
2763
2798
3130
3273
2375
2138
2376
2929
2929
4070
3025
3012
2893
2824
2176
2138
3243
3219
3351
3351
2986
2908
2793
2763
449
2597
448
1985
445
2865
3392
3045
2814
2176
3155
3297
2138
3157
3024
2927
2798
2900
2927
3130
2138
2138
2138
3404
3094
3020
3095
3062
3352
3628
4203
3071
3876
3670
3168
3166
3166
3336
3139
3278
2824
2556
2901
2901
3129
2927
2138
3130
2177
2138
2376
3701
2534
3265
2176
3157
2138
4872
3130
3129
4872
3157
2138
2138
2929
3288
2930
3091
3300
3014
2721
1984
2850
3129
2961
3351
2138
2138
3212
3443
3513
3513
3168
2948
3161
3308
2522
3642
2974
3143
2824
2850
3157
2138
2138
3351
2929
3291
2650
3157
3465
3381
439
3047
3135
3605
2972
446
3275
2952
442
2534
2839
2972
3155
2663
4070
2940
3447
3132
2973
2862
2862
3300
3385
3153
446
3297
3275
3215
3215
3358
3215
2961
3404
3352
3066
3401
3940
3102
4188
3854
3683
3740
3610
3409
3513
3829
3466
3067
3705
4154
4105
3306
3306
3726
3278
3038
2560
448
1985
1588
2766
2865
3107
3107
3094
3219
3300
3467
3418
3464
3454
4086
3842
3353
4154
2935
1114
3335
2961
3214
3091
331
3410
2856
3380
3014
2824
3297
3297
3429
3618
3504
3618
3255
439
2861
446
3626
2610
3355
3351
330
3161
2663
3025
3419
2961
3275
3214
3378
3445
4086
3705
3310
3908
3387
4879
2820
3423
3066
3877
4113
3829
2856
3143
3268
3044
3095
3094
3418
3633
3278
2834
3297
3275
3504
3488
3313
3148
2623
3652
3343
3707
3413
3498
3656
3635
3263
3555
1262
3339
2799
3239
3150
3229
3403
3368
3505
3851
3714
3135
3605
3605
3189
3288
2746
3843
3432
3238
3498
3717
3201
3201
2931
2534
2532
3942
3706
3349
3432
3393
3604
2917
3671
3724
3553
3731
3801
3540
3588
4037
4049
4034
4079
4079
4079
4034
4034
4034
4034
4034
4079
3830
3623
3723
441
3559
3923
3923
4910
4905
4904
3599
4100
4087
3674
3698
3589
3951
4933
4934
4010
3999
3741
3559
4927
3598
3597
3785
3792
3791
3898
3830
3735
3650
3746
3574
3697
3588
3999
3588
3572
3949
3590
3970
3569
3953
3952
3952
3952
3950
3952
3797
3994
3997
3592
3741
3681
3779
3777
3349
3605
3605
3707
3355
3094
3094
3094
331
3257
3535
3617
3686
3613
3825
3672
3723
4072
3778
3876
3527
3778
3754
3856
3660
3536
2834
3502
3402
2535
3632
3843
3458
4155
4100
4197
2943
3218
3095
3715
3617
4926
4902
4071
3014
4153
3354
2612
3095
4919
3648
3648
4198
2720
2737
3135
3062
3352
3715
3611
3014
3887
3369
3803
3804
4046
3809
3753
3345
3478
3818
3359
3678
3465
3621
3660
3660
3712
3902
3686
3701
3701
3219
3058
3701
3622
3710
3918
4919
3384
3012
3578
4959
3101
2532
3345
3605
3056
3557
3585
3682
3836
4193
2841
2651
3819
3527
3463
3647
3170
3808
3579
3844
3001
2843
3478
2737
2945
3331
3818
3609
3819
4112
3101
4005
2943
2643
3611
3572
3566
3512
2696
3671
3345
3240
3858
3535
2803
3714
4241
2771
3008
3095
3427
3103
3291
3444
3322
3493
3187
3429
3897
3002
3745
4907
4270
3597
4907
3592
3777
4918
3970
3568
3569
3950
3789
4897
4006
4932
4006
4093
3540
3789
3968
3541
4932
3798
4208
3799
4093
4049
4047
3587
3588
3837
4143
3790
4186
4171
3806
4185
3684
3791
4265
3789
2771
3603
3499
3039
3833
3038
3927
3732
3615
3104
3614
3907
2665
3702
4175
3898
3062
3038
3891
3039
3039
3927
3927
4077
3496
3588
2776
3835
3942
3877
3725
4005
3266
3447
3448
335
3817
3039
3646
2679
3698
3683
3751
3537
4241
2906
3508
3508
3288
3162
3508
3862
4021
3847
3891
3833
3039
3863
3039
3863
3862
4021
4021
3889
3847
3350
3413
3479
3479
3479
3521
3891
3588
3481
3668
3882
4110
3641
3783
3832
3836
4064
340
340
3827
1263
4204
4107
2738
3447
3605
3605
2961
3862
3508
3889
4021
3511
3927
3523
3826
2771
3061
3862
4021
3106
3426
3171
3907
3755
4197
4218
3399
3783
3592
3189
3188
3056
3219
3605
3588
4021
3889
3871
3951
3950
4911
4912
3383
2681
3927
3927
2644
3894
3891
3862
3862
3847
3757
4327
4366
4285
4184
2645
2681
3817
3635
4189
3944
3944
4034
4034
4034
4034
4060
4896
3977
4019
4009
4930
4921
4931
4009
4932
4006
4006
4932
3798
3976
4033
4050
3945
4133
4897
4897
4934
3977
3977
3946
4034
3944
3944
4035
4034
3947
4079
4135
3946
4134
4050
3945
4057
4031
4924
4052
4932
4897
4208
3952
3569
3922
3999
3605
3711
3168
3371
4265
4037
4060
3944
3944
4035
3945
3947
4056
4079
4034
4034
4134
3999
4007
4008
3588
3413
3350
3479
3479
3413
3383
3493
3016
4049
4034
4034
4034
4034
4034
4034
3944
3944
3944
3019
3019
3836
3624
3012
3745
4270
4270
4214
4037
3944
3944
4034
3944
3944
3944
4034
4034
3944
4034
4034
4034
4007
3094
3588
3005
3353
2773
4157
3803
4131
2857
3290
3291
2664
4131
3944
4034
3479
3262
3852
3759
4241
2931
331
3702
3942
3360
3449
3057
3105
3706
4892
4918
3922
3539
4892
2879
4037
4122
4200
3503
3537
2773
4210
4042
4152
3944
2931
3413
3605
3757
3757
3421
3443
3169
3837
3587
3742
3379
4041
3167
3320
3927
4130
4130
4130
4173
3942
4253
4265
3944
3944
4034
3944
4034
3479
3479
3479
3479
3479
3413
3059
3099
3418
3760
3624
4130
3182
4049
3406
4091
3706
4187
4041
3373
4215
3994
2733
3387
3588
3169
3290
3169
3161
4150
4097
3663
3323
3942
4248
3539
3539
3016
3737
3853
4173
4098
4098
4042
3944
2880
2949
4102
4098
2645
4084
4121
3802
3853
4042
3802
3797
4034
3062
4122
4083
3459
3376
4150
3568
4034
3063
3823
4145
4253
4121
4034
4034
4034
3944
3586
3376
3878
4123
4260
4120
4120
4120
3800
3479
3031
3376
3873
3790
3479
3479
3479
4092
3479
4021
3847
4021
3847
4021
3479
3757
4327
338
338
4366
4361
4330
706
4330
3350
3479
3663
3702
3827
3568
3789
4034
4034
335
336
4267
3460
3834
4253
3952
3952
4034
332
3400
3797
4034
3945
3944
4930
4052
4103
339
4034
4034
3947
3837
4098
4034
4208
4130
4052
4048
335
3879
3891
4021
4021
3894
3039
3891
3862
3879
3163
3350
3869
4301
4313
4245
4935
341
3891
3894
4937
4273
3605
3605
4098
4098
4245
3952
4034
4034
3863
4245
3039
4034
4034
4217
342
3541
4120
4034
4034
4135
4162
4079
4034
4034
3039
3864
4937
4034
4221
3891
3889
1263
4931
3549
3549
3042
3042
4313
4043
2646
4287
3828
339
4135
3757
343
4366
343
4022
3862
3528
4151
4052
4082
3847
4050
4134
4207
4050
4050
4925
4135
4207
4925
4031
4031
3549
4300
3549
3798
4151
4255
4057
4207
4092
4301
4177
1264
4290
1264
4298
4273
4184
2646
4941
3931
4328
4935
3929
343
4935
4327
4935
4293
4289
4301
4287
4328
4935
343
4362
4362
343
4362
4362
775
4277
4330
642
754
708
402
519
519
594
519
174
274
408
212
111
273
210
273
273
44
372
408
392
292
214
421
4289
4313
4289
4330
4330
4291
4330
4293
4272
4277
4366
4293
4285
4275
4289
4277
4362
4362
4313
4362
4316
4340
4340
775
4362
4362
4285
4362
4362
4316
4316
4316
4293
343
3932
343
343
4287
4328
4936
4316
4362
4362
4362
4289
4362
1404
1018
642
519
519
171
218
42
43
408
421
421
421
292
292
292
408
408
408
171
171
424
383
119
493
702
4362
408
223
4362
4362
4277
775
821
847
4362
4362
4362
405
1057
595
4362
411
4362
522
4285
421
292
214
214
214
373
212
210
266
251
251
373
373
421
171
421
408
373
292
269
421
171
4362
292
44
421
292
6
171
4362
116
292
316
292
214
215
214
642
4285
4272
4362
421
214
292
292
246
4285
4362
4362
4285
292
4362
171
421
373
4362
725
214
421
4285
44
273
421
408
408
42
171
171
171
292
642
405
6
111
44
4371
4371
4361
405
4277
12
400
480
4362
642
214
269
43
43
508
642
251
43
702
4362
213
292
42
6
4362
408
171
43
171
507
677
677
4277
408
595
4277
4277
4330
408
274
394
274
172
411
506
421
171
42
408
292
392
4277
4291
268
111
45
116
415
482
383
266
168
287
408
517
383
408
223
424
213
213
171
3934
706
706
251
408
171
4272
251
424
121
411
402
274
4330
4330
4278
292
246
372
201
201
42
201
201
228
228
166
166
166
12
4291
428
168
112
200
171
595
412
274
252
4330
400
210
111
200
200
212
200
223
42
412
402
111
210
212
171
268
402
115
4291
221
4330
168
373
166
292
251
111
251
223
201
200
292
167
199
221
495
495
111
111
4330
287
199
287
273
200
166
111
412
223
171
185
595
174
223
199
200
200
594
287
287
493
493
287
201
201
171
174
389
172
200
201
174
171
200
121
200
274
302
210
200
201
167
201
201
167
262
305
345
4777
280
346
263
280
346
346
346
280
76
346
76
76
76
4850
4850
1008
1083
1008
837
837
755
554
786
836
836
836
835
1083
4813
4813
807
807
807
837
831
1211
4802
1008
831
1039
695
1138
1211
1211
1009
4855
4802
4794
4830
599
807
745
807
837
727
1361
620
807
4855
4825
1137
1009
4813
999
801
4822
4822
1138
1008
1008
837
4966
4848
1434
1039
1365
811
837
1065
4797
786
837
837
813
795
4855
786
837
952
952
814
952
1193
741
1184
4862
952
2093
4868
2420
2436
2436
2868
2411
2304
4871
2518
2511
2511
2454
4991
2027
2028
2454
2510
2510
2046
4987
1946
1810
1946
2207
2555
4890
4134
4049
4927
4049
3950
3952
4018
4060
4008
3945
4056
3999
4048
3970
3592
4910
3591
3922
3591
3558
4915
3568
3970
3950
3951
3571
4897
4897
3559
3944
4034
4034
4034
3944
4908
4932
4050
3944
4035
4035
4007
4008
3350
3847
3847
3889
3862
3879
3847
4021
3862
3863
4021
4021
3039
4021
3847
3889
3862
4021
3889
3891
4034
200
775
213
292
677
316
292
171
292
200
421
171
273
273
373
4330
4270
3783
1359
4960
1076
1366
1387
1387
4960
1386
1387
4968
4988
2184
4992
2226
1810
4996
4968
2225
4968
1809
4968
4968
2365
2226
4968
1809
2365
2225
4988
1810
2047
2047
2225
4968
2047
