283
2565
46
44
6
258
286
9
400
284
176
469
24
124
240
1
160
2519
154
73
145
14
14
14
14
131
24
139
69
24
68
279
4770
356
276
276
276
276
276
227
227
24
24
151
3
3
151
277
4784
22
843
8
245
457
244
311
208
208
7
44
136
100
22
21
21
199
88
88
199
30
4781
15
49
90
20
51
20
1
3
283
2942
2942
291
2512
2517
227
283
3
2942
2517
276
2859
2474
2474
843
75
192
358
69
273
302
26
198
106
92
294
273
4783
22
24
143
108
279
240
37
27
59
123
278
4773
238
143
273
3
46
2942
2942
4783
38
38
101
84
18
4783
18
2565
4777
241
400
313
313
386
375
617
789
751
339
114
287
59
24
277
63
47
44
311
353
124
24
279
180
2460
35
261
261
356
356
276
278
145
4770
2859
4770
4770
4770
145
26
49
44
44
44
46
4777
75
27
27
35
223
4770
2504
311
245
244
313
121
457
470
463
469
174
720
675
410
410
819
671
315
177
456
9
464
207
9
370
455
10
278
278
261
8
1
358
224
223
286
245
128
20
239
33
24
44
44
24
223
311
193
219
9
400
400
403
188
208
208
286
178
345
345
472
400
155
223
26
279
8
311
199
2214
2808
2808
2808
44
397
311
49
88
49
49
75
261
224
223
198
2942
311
91
223
284
284
245
313
177
345
51
299
199
198
2942
4771
287
75
192
192
8
8
403
8
396
261
161
8
2209
114
356
261
4771
227
227
2859
2859
2859
73
2519
2519
2519
2504
8
2211
311
208
313
199
9
313
20
161
7
358
397
154
154
239
239
2214
346
202
358
346
239
132
132
15
25
30
134
244
385
199
86
298
244
9
145
370
177
459
484
1474
1474
1361
1361
1474
1713
3369
3119
3907
3907
4168
3862
3862
3892
4382
4338
3907
3907
4318
103
90
291
2209
198
9
177
459
315
592
484
318
589
345
342
41
358
358
177
20
154
154
14
15
14
14
129
244
286
375
132
30
276
276
103
86
244
276
134
4770
395
121
4771
184
2519
154
73
14
134
134
386
132
14
145
300
244
14
15
130
14
49
15
73
4770
227
154
227
375
472
457
454
792
788
792
457
457
396
456
388
401
386
472
370
470
470
169
456
395
464
812
1480
1494
786
1483
1483
1387
1387
1386
1411
2589
2787
3392
3623
3623
3717
3721
3721
3721
3731
420
3393
3083
3011
2795
3153
3153
2867
2061
2054
432
432
2044
2044
2052
1665
1693
2006
1662
1401
2639
3371
2947
451
2766
2815
375
370
454
470
463
342
477
478
463
469
174
682
617
318
482
469
464
454
482
759
454
482
401
733
464
670
455
318
1277
1713
318
1772
612
568
668
668
577
668
708
645
804
806
806
978
520
853
1203
1258
1202
1160
862
524
895
911
976
857
857
905
612
609
509
636
496
597
567
600
600
600
464
478
668
708
708
4842
574
574
574
790
790
732
668
752
747
808
585
585
895
171
315
820
2154
3075
3099
467
568
668
814
568
464
568
789
568
752
668
646
4859
469
1474
1713
612
598
568
568
568
567
600
597
568
574
574
681
681
681
646
584
774
732
596
600
568
568
500
571
605
4830
552
689
605
171
646
600
490
670
720
645
174
674
589
1274
818
1361
818
1363
409
701
785
574
997
2153
1474
1474
469
752
710
1361
590
600
792
681
752
568
635
635
4851
597
635
605
4830
633
788
2011
1932
787
1932
789
596
584
618
484
4859
732
504
600
502
646
597
605
720
1479
634
607
639
612
590
597
730
821
951
1031
1023
898
915
751
2323
2939
2693
1615
174
605
597
600
571
757
956
1222
502
575
774
611
1588
822
808
571
790
1274
1849
1278
575
773
729
1217
1125
4817
4842
645
821
605
812
866
732
575
729
788
794
2141
2543
2579
2851
2939
1222
2064
2141
2643
1222
866
3001
575
2174
2694
2992
2939
774
571
4835
4835
4835
559
923
922
922
536
866
849
525
571
758
639
1222
794
2309
915
818
410
4862
1361
1361
4862
1386
4862
822
1319
898
894
915
1772
324
3063
3876
2691
2691
2659
2866
331
3141
4318
3231
3231
3231
3140
3139
3070
2973
2973
3109
613
497
856
951
910
921
923
953
922
922
1203
806
4835
894
996
903
903
977
925
926
996
1067
910
996
1067
959
1276
1135
933
933
934
875
875
1314
1312
1380
880
882
882
1887
2314
1871
4969
1046
1012
1114
931
907
861
860
524
897
770
1046
994
891
865
996
996
912
976
1022
1194
911
906
873
873
1112
897
821
1010
916
858
912
2697
1258
921
1258
586
1258
812
409
968
932
1156
1062
1463
1965
1206
932
1164
1204
934
1310
934
935
935
1237
938
1193
880
1979
941
1881
2106
1779
1440
1261
1164
910
921
922
922
853
853
2306
1067
1058
1462
1978
1448
1996
1297
1325
1632
1234
1481
804
804
857
890
1005
806
4833
4841
559
562
559
562
509
642
794
794
1071
932
3405
2179
2429
2924
951
907
976
933
1276
861
770
4954
1051
1344
4842
1059
1071
932
866
858
857
3309
3354
2173
4842
916
1264
1187
906
905
1055
1432
522
1377
1202
1202
1202
521
921
1258
1049
920
993
527
1024
1377
1377
1202
851
805
512
512
1344
4785
1051
732
932
1051
1351
1198
1319
1055
1060
1060
1055
895
4841
1164
1162
1165
1071
1061
1344
1062
873
1526
4954
1149
1073
947
1214
1077
1078
1080
1725
2599
4959
1104
1103
2456
1087
2497
2716
3210
3232
3090
3095
3016
2909
2872
3087
3087
2805
1100
2448
2449
1104
1105
1073
950
1183
933
935
1110
1185
1185
1185
1112
926
1213
1188
1106
1049
1051
1062
1269
1158
1283
1784
4842
1309
1210
1253
852
1203
1206
934
875
934
875
1310
1134
875
935
1295
1276
1023
975
919
530
530
1184
1147
1147
1147
1106
1106
1214
1168
1230
2170
1190
1062
530
1432
1206
912
1213
1213
1163
1213
1615
1176
1169
1577
1778
1181
1189
1220
783
1175
1175
1326
1164
1062
1001
1072
933
933
1340
936
1134
935
1135
1024
1185
952
1148
1261
1292
1236
938
890
1199
848
1256
1352
1385
1253
1015
1206
934
1526
1258
1258
1258
1385
1385
927
1204
1060
1205
1210
1140
1168
1029
1213
1074
1165
948
1208
919
1281
1078
2429
893
1301
1350
934
1182
934
1405
1377
1253
1208
1199
1257
3440
1163
1393
1615
906
1192
1236
1191
1235
934
1361
1361
1361
1828
2649
3907
4101
4309
4384
4394
1249
4339
4599
4401
4695
4695
521
1258
1258
1258
1287
910
530
934
1385
1202
1203
1203
948
946
958
930
1632
1232
1256
1302
1076
1466
1498
1387
4862
1361
1361
1803
935
3369
1185
1112
1004
1203
1163
893
1361
1361
1474
1713
2393
1803
1713
522
1830
2067
1082
1227
1235
1174
1317
1293
875
875
934
875
876
1881
1258
1817
2128
1885
1287
1308
1256
907
934
935
934
1295
1295
1295
1291
1380
1193
1218
1107
1258
1203
1322
1324
942
1574
1635
1232
1740
1998
2029
2036
1812
442
1941
1432
1340
1291
1236
953
1203
953
1253
1385
1385
1354
1258
1026
1112
919
1202
1360
1387
1467
779
1494
1483
1498
1498
1476
1412
1705
1559
1707
1742
1663
1386
1361
1275
1540
1439
1159
1341
937
1383
937
1377
1494
1481
1481
2010
2483
2137
2668
3344
2975
2247
1387
1386
1411
2538
2550
2900
3207
1339
1029
1079
1183
1313
1135
936
1485
1671
2142
1413
1874
1754
978
774
978
978
1275
1801
1713
324
1135
1135
1504
1577
1302
1377
1362
1414
1795
2049
1400
523
1303
918
918
1494
1753
1380
1340
1996
1295
1315
878
1471
1448
1411
1425
1275
1187
1147
1463
1463
1965
1574
1574
942
1324
916
1065
786
786
787
2110
1498
1481
1291
876
878
413
1476
1713
1147
1324
906
1535
1850
1441
2643
1392
2110
787
1392
787
1393
2011
1932
1392
442
1476
1230
1137
1462
2529
1740
1727
1755
975
1276
1767
1875
1332
2141
2541
2978
2569
1764
1689
1642
1557
1662
442
324
324
442
1611
1339
1004
2420
1012
863
1932
786
1494
1727
1740
2006
1755
1574
1461
929
2939
1693
1494
1693
1729
1557
1707
1742
1366
1783
1992
1598
1564
2048
1412
1414
1795
1135
1383
1632
1978
1979
442
863
1642
2241
1447
1684
1711
1462
787
3001
1743
1743
1557
1575
1079
1833
1997
1601
1603
3516
2937
2990
2956
3040
3057
2498
1499
529
1211
1803
2541
3405
3533
2924
2691
2975
2939
1642
1366
1563
1559
1729
1557
1557
880
878
878
1414
324
3405
3405
1641
1983
1935
1729
1366
1640
1367
1743
1997
2937
2955
1557
1557
1743
1844
3063
2547
1433
1690
1690
2110
1642
893
1729
1558
1718
975
1004
1308
1762
1642
2155
1994
2484
1499
1633
1885
1558
1935
1935
1412
1988
1796
1796
529
1318
1490
3471
1696
1783
1473
1695
1297
1548
1450
1179
1866
1711
2416
2420
2536
1599
1436
1924
1743
869
1187
2051
2285
957
1563
1832
2049
1891
1437
2495
2451
1305
1725
2034
2569
2559
2138
2483
2939
1841
1743
1876
1906
2155
1558
1471
863
3063
3369
3833
1891
1662
941
941
1965
1318
1120
1585
1788
1818
1325
1121
2654
2618
1413
1684
2709
3287
3119
2319
1952
2040
1334
1812
2287
2289
2289
2924
958
1712
1816
1892
917
1978
1573
1574
1825
3063
1800
2640
1817
3429
2436
1993
1886
3063
2148
1574
1841
1841
876
2124
1193
3369
3907
3907
3907
3833
3833
1802
2164
1983
1841
1794
1122
2362
2026
1871
4978
4978
1888
413
1081
1977
2071
2372
1632
1527
2170
2169
1834
1965
2003
884
2125
1973
2184
2038
1956
2390
2357
2041
1612
1787
1912
2024
2381
4886
2538
3027
2652
3065
2903
2903
3298
3065
2972
1155
2600
2851
3063
1662
2367
1690
2063
2066
3405
3533
324
1942
2169
2165
1691
2042
2052
2044
1691
2406
2052
2247
941
2924
2691
2924
3429
1940
1909
2618
2148
1946
1842
1979
1986
1924
2457
2691
2691
3429
1986
2067
2589
2811
2444
2762
2436
1986
2328
2496
3118
1951
2924
2924
1123
1723
1438
2167
1919
2569
2978
433
2419
2691
1867
2164
1969
2382
2026
2026
2026
4890
4890
2768
2143
2012
2052
1842
2977
2975
1124
1334
2287
2489
1812
2042
1878
2137
2596
2853
2691
415
3120
1401
2066
1878
2581
432
2704
1609
2979
3153
2979
1609
2702
2702
2691
4160
2019
2473
2134
3429
2588
1961
1986
2973
2973
2973
2252
2744
2744
2789
2973
2973
2973
2973
2973
2973
2973
2973
2973
2973
2973
2973
2973
2252
2973
2973
2973
2252
2744
2744
2850
2850
3056
2973
2973
2973
2973
2973
2252
2973
2973
2973
2973
2252
1910
4888
2809
3119
3344
2119
2288
2298
2973
2252
2744
2252
2252
2004
1869
1871
1748
2128
2973
2973
2252
2252
2850
2973
2973
2973
2106
3065
2780
2998
3517
3517
2975
2567
2691
2252
2850
2973
2973
2744
2744
2744
2850
2252
3063
3119
2071
2691
2691
2744
2744
2252
2252
2252
1602
2998
1994
2183
2452
2053
326
3876
4065
2973
2973
2973
2973
3056
3876
331
2324
2357
1893
1084
2349
2349
2349
2435
4497
4751
4565
4565
2759
2789
2744
2744
2744
2691
2973
2744
2349
2759
4565
3109
2973
2744
2349
2349
4497
4440
4452
4393
4393
4391
4437
4393
4437
2973
4493
4695
4565
4449
4450
1249
4565
4565
4565
2973
3876
2973
3876
3833
3907
4318
4318
4391
4391
4391
4391
4387
4427
4386
2252
4386
4441
1402
1605
2349
2690
2658
2690
2789
2789
4497
2973
2744
2604
4736
4695
4259
4603
4711
1250
4441
4427
4391
4393
4393
4427
2973
2492
4982
4993
4966
4966
4975
2252
2744
2973
2691
2744
2973
3056
3056
3141
331
3833
2422
3120
2744
4572
2183
2168
2973
2744
4493
3141
2973
3070
3070
2973
3833
2107
3027
1691
2416
2789
2789
2700
2691
2789
2866
3876
2248
2691
3139
3109
2973
3109
1971
886
2426
3230
3119
3833
2349
2266
3876
2283
3833
885
2640
1605
2349
4493
2850
3141
3109
1869
2551
2349
2349
2349
2690
2690
2690
2349
2349
2349
2349
2349
2349
2349
2690
2690
2690
2690
2690
4638
4408
2071
2252
2691
2985
884
4883
2026
2640
2243
2417
2557
4572
2349
2690
2182
2499
4497
2118
2578
4565
4401
3109
3833
2764
450
2863
2934
2807
2690
2349
2690
2349
2053
1289
3109
449
4497
2690
2691
3861
3862
2789
2850
4168
4377
3056
4386
2691
4401
3109
2690
2691
3861
3862
1808
2691
4401
431
2442
2544
2691
4565
4888
886
2658
2691
2391
2118
2361
1601
3432
1607
2065
3109
3392
2484
3231
2690
2656
2419
2757
1871
2636
2691
2497
2448
2456
2563
4392
4449
3070
4391
4391
4393
2665
2690
2690
2690
3517
4401
3907
3109
2136
3177
2690
2690
2760
2487
1606
2701
2869
2869
2490
2490
2313
2317
2479
2372
2596
1608
432
2271
2759
4565
4599
4599
4602
4599
4615
4259
4699
4565
4565
4565
1249
1249
3141
3141
3109
2972
2782
3623
3827
3517
3517
3861
3862
3862
4168
4168
2975
450
2863
4497
4736
4736
3517
3517
3517
2503
3907
3027
2903
3458
3458
3623
2690
2690
2690
1995
1103
3833
1605
2729
2562
2631
4981
4981
4565
1249
3230
4711
2642
1692
3607
3862
4966
2597
3109
2349
2690
2690
2691
2487
3517
4603
2631
2631
4401
2548
3343
2658
2690
3862
4377
2789
2349
2691
4565
3372
2349
2349
2349
2349
2054
2702
2054
3607
2625
3140
3231
3140
3458
2690
4491
4497
2625
2929
4884
2907
4887
2683
2921
2907
2623
2675
2677
3833
3907
3109
2779
2778
3725
2638
448
2690
2704
3398
3109
2781
3965
3026
3965
3965
3827
3343
3392
3026
2349
3907
3458
2690
2690
2690
3862
3862
3862
3398
3140
2651
3750
3750
2998
2869
2496
2691
2991
2929
2929
2824
2678
2678
3015
2961
2994
2682
2682
2921
3833
4189
4168
3623
2651
2349
2690
2560
3862
4168
4259
3907
3907
2690
2956
2437
2498
3861
2810
3907
3231
3141
2782
3392
2349
3386
2869
2672
4497
2739
425
2735
3178
3310
2718
2732
422
3214
3404
3529
2802
3518
3822
3822
3651
2722
3651
3358
2869
2956
3119
2648
2349
2935
430
2735
423
3300
3300
2732
422
3529
2732
2718
2734
2734
2718
424
425
3178
3211
2718
2730
2730
2730
2738
2730
2045
3862
3517
3907
3907
2349
2690
2730
2905
3432
3539
3843
3956
3951
3956
3956
3956
3951
3951
3951
3951
3951
3951
4294
4294
4315
3231
2690
4497
3432
3539
3432
3907
2769
2933
3077
2816
2862
3473
3395
4208
2933
2836
2820
2965
2892
3023
2862
2775
417
3623
3827
3275
3606
3951
3951
3951
3623
3026
3536
2349
2349
2349
2349
2349
2979
2498
3011
2689
3623
3492
3523
3786
4069
3945
4069
3114
3459
3234
3211
3225
2736
2735
3516
2648
2349
3674
2692
2832
2894
4882
2818
2834
2814
2830
2821
3216
3079
2678
2894
2910
2829
2957
3014
2821
2965
2930
2892
2680
2876
2892
3096
3122
3650
3650
4957
2665
3467
418
2848
2848
3866
2349
2691
2692
2701
3862
2921
2856
2921
2854
4259
4699
2835
2965
3231
2814
2480
2349
1609
2059
2936
2949
2999
2949
3091
3232
2691
2679
1094
3217
4104
4238
4224
2881
2879
2879
4171
3729
2995
3658
3434
2951
2824
4599
3907
3056
3231
4449
416
2828
3623
2435
2739
2921
2929
1099
2679
2831
2831
3231
2814
2815
3645
3721
3721
3721
3721
2060
1609
2999
3862
3862
2824
4880
2690
2955
2485
2991
4880
1249
1249
4431
3140
2818
2847
2935
2794
2979
2794
2935
4258
3862
3861
4565
1249
4431
3141
3109
3070
3070
3070
3025
2690
2949
3517
3216
3109
3140
4448
2349
3071
2937
1093
3312
3485
3485
3642
2962
4179
3658
2875
2933
2862
3332
2938
3862
3216
2892
2899
3066
3387
3517
3862
3517
3517
3011
3083
4599
1095
4615
2892
3907
2789
2349
425
1609
3139
3516
2658
1090
3862
2961
3217
3217
2829
3473
2789
3468
2872
4615
3141
3139
3070
3070
4391
4301
4301
2789
2871
3862
4168
4168
3180
1093
3139
3468
2872
4168
1249
3140
2875
2840
2875
2836
3965
3492
3506
3029
3530
3275
2892
2777
3122
3141
3070
4491
4301
2690
4735
1249
4565
3907
4168
3862
3139
2875
3297
4224
4179
4238
3907
1245
4301
2999
3862
3434
2892
3139
3907
3907
3664
3331
3331
3509
2800
3905
3521
3069
4301
2730
4615
3862
4168
4168
4168
2955
1092
3862
4168
3139
4497
3078
3029
3011
2735
3226
3211
3211
2717
3091
2735
3090
3210
3225
3276
3122
2994
4168
4168
4391
3056
4391
4391
4393
3139
418
4497
3111
3821
4118
3821
3494
2802
3312
2876
2648
3907
3965
3153
3210
3096
4168
3096
3096
3096
3050
4179
3473
3396
2771
2996
2935
3530
3011
3657
3122
3056
4391
4427
4301
4441
3674
2761
2761
2761
4915
4261
4261
4261
3524
2789
2735
4602
3011
3232
3517
4615
3434
3060
3122
3060
2810
3070
3096
3096
3096
3096
3939
3247
3247
2841
2841
2842
3722
3167
3325
4150
4176
3489
3937
2875
4891
2868
3179
2731
3090
4377
2252
2252
2810
4377
2252
4377
2850
3434
3056
3056
3862
3862
2892
3096
3939
3247
2841
2841
4176
3426
4099
3739
4239
3172
2666
3506
4386
2735
2718
2718
3211
2732
422
3404
422
3300
2868
3214
3214
3529
3749
3822
3746
2961
2789
4386
2252
2850
4427
3907
2937
3178
2718
3211
3861
2810
2252
3122
3026
3057
3178
3211
3211
2732
2732
2732
2719
3211
3211
2789
3211
3211
2732
2734
3861
2252
4377
4391
3122
2875
3907
3907
4318
4382
3744
2881
3744
3744
2879
4162
4162
4162
2888
4162
4131
3939
4131
4131
4131
4162
4171
4162
4171
4171
4162
4171
3744
3096
3907
2789
1604
423
3211
2252
4437
3060
4391
4391
4391
3907
3023
3023
3023
2778
3907
3210
4386
4437
2252
4391
4391
3862
1249
2837
3907
3750
3300
423
423
422
422
3404
3404
3404
3358
3302
3719
2795
4437
3861
4391
4393
4168
3300
3300
3289
2803
4386
4437
4391
4391
4392
3493
3650
3650
4171
3939
3939
3756
4275
3934
3446
3170
3493
3493
2841
3939
2841
3190
3939
2849
419
2915
3516
2734
3311
3312
3029
4437
4387
4387
2252
4427
3493
3176
3370
3130
3211
4393
4427
4427
4393
4393
4377
4393
4393
4391
4391
4427
4168
3297
3623
3335
3029
3434
2252
3862
3862
4391
4391
4391
4391
3493
3493
2841
3939
3493
3907
2651
2771
3474
3516
3211
2732
2734
3434
4391
4393
4393
4437
4427
3493
3907
3096
4171
4171
3247
3078
4393
3939
2841
3246
3645
3432
2748
3404
422
421
3493
3521
3522
2722
3623
2870
422
3274
3048
3431
3674
3387
2732
2732
2732
2732
3650
3249
3752
3286
3404
3862
3862
3862
3493
3939
3644
3489
3174
3445
4115
4172
4043
4239
3540
3939
3722
3722
3167
3249
3851
4075
3907
3831
3473
3468
422
2732
422
422
3358
3083
2994
3650
3658
4168
3756
4126
3722
3197
2841
3247
4130
4162
4171
3096
2884
4130
3285
2719
3358
3083
3862
3862
2771
3756
4171
4171
2964
3606
3211
2732
2732
3493
3197
3170
3170
3247
3685
3645
3645
3674
3404
3404
3749
3749
2721
3469
3470
3861
3907
4318
3744
3247
3249
3285
3861
3650
3756
3540
3744
3491
2884
3285
3649
3932
3217
2732
3029
3084
3490
3247
3167
3684
2935
2719
2719
2719
2719
3435
3493
3650
3490
3247
3023
3674
3650
3650
3247
3750
3404
422
3749
3393
3247
3331
2748
3404
3302
3939
2880
3247
3663
419
3866
3251
3516
3657
3214
3214
3301
3645
3167
3514
3522
3522
3509
2748
3493
3651
3493
2915
2884
3396
3516
3404
3214
3530
4318
4318
4168
3862
3721
3965
3965
3951
3951
3951
3951
4309
3460
3606
3394
3530
3172
3463
3417
4271
4271
4288
3978
3978
3978
3978
3978
3978
3978
3990
3978
3520
3613
3543
3866
3731
4049
3552
4312
4036
4049
4049
4021
3654
3846
3736
3547
4197
4106
4036
4361
3987
4036
4036
3553
3803
4049
4008
3655
3677
3626
3673
3627
3619
3967
3612
4066
3743
3988
4036
4036
4036
4036
3971
3977
3977
4893
3977
3789
4897
3574
4051
4051
4312
4106
4106
4066
2884
2748
3387
3650
3650
3729
3530
3172
3463
3613
3463
3617
4224
3562
3170
5001
3491
3965
3826
3743
3815
3628
3617
3110
3749
3749
4126
3827
3632
4130
4130
4162
4131
4130
3247
3895
3626
3808
3725
3650
3939
3729
3530
3423
4107
5001
419
3847
4075
3529
3529
3749
3301
3652
4130
3721
4197
3655
3571
3657
2748
3939
3939
3530
3721
3721
3965
3170
4214
3603
3703
3846
3649
3539
3862
3606
3030
3721
3898
3967
3816
4043
3940
4162
3940
4171
3729
3729
4171
2879
4224
3681
3909
4271
4107
3416
3048
3521
3546
3586
3927
3965
3965
2994
3212
4197
3682
4191
3868
3787
3606
3030
3275
3031
420
3391
3719
3721
3530
4162
4171
3543
3587
2772
4199
3396
3217
3658
3539
3652
3721
3717
3491
3648
3867
3892
3749
3749
420
4239
3980
3988
3530
4072
3786
3646
3650
3539
3391
2722
3898
2878
3053
3655
3737
3650
2722
4176
4192
4162
4162
4171
4162
2888
4162
4171
3939
3939
3858
3727
4114
3907
3575
3998
4999
4008
4999
3998
4039
3969
3789
3573
3702
4902
3976
4352
3990
4360
4288
4289
4281
4374
4374
5002
4361
3556
3799
4328
3988
3980
3553
4271
4215
3583
3836
3816
3816
3921
3671
3592
3748
2802
3212
3749
3518
2761
4924
4924
3539
3675
3731
3717
3470
3739
3417
2878
2963
3907
3484
3868
3939
2761
2761
4915
4924
4924
4924
4924
4126
2722
3470
3553
4162
4162
3215
3905
3951
3951
3951
3951
2887
3966
3668
2802
4119
4924
4925
4924
3749
3215
3391
3826
3417
3898
3327
3654
3539
3892
4348
3749
2761
2761
2761
4261
4915
4924
4924
4925
4924
4915
4261
4261
4261
4261
4261
4307
4261
4261
3980
3553
3489
4217
2963
3168
4130
3110
4915
4240
3905
3068
3907
4318
4380
3723
3683
3658
4261
3892
2761
2761
3862
3945
4924
3031
4097
3858
4224
4119
3518
2761
2761
4261
4176
4171
4171
4072
4269
3733
4231
3948
3677
4048
3729
4171
3729
3729
2761
3980
2720
4036
4312
4312
4312
4084
4029
4924
3951
3957
4924
4924
4924
4924
4924
3957
3957
3957
4376
4390
4454
3960
4394
4309
4924
4924
4239
3905
4162
3491
3650
4036
3978
3978
3978
4036
3978
3978
3978
3978
4361
4361
4334
4332
4332
4334
4352
4354
3990
3990
3978
3988
4332
4332
4332
4332
3978
3978
3978
3978
3978
3978
3990
3978
3990
3990
3978
3978
3990
3990
4334
3990
4354
4332
4362
3977
4235
4036
3980
4924
4239
3951
3547
4036
3980
3978
3978
3978
4361
3978
3978
3978
3990
4036
3978
3980
4119
3939
4924
3965
2995
4036
3980
3978
3978
3978
3978
4036
3978
3729
3658
2801
4216
2786
3951
3942
3845
3980
3978
3980
3980
3980
4036
3978
4036
4036
4036
3980
3980
3978
3729
2682
4097
4069
3945
4924
2960
4211
3733
3836
3978
3658
3729
4171
3951
2773
3934
4036
3980
3980
4036
3939
3507
4171
4231
3980
4348
4201
3907
3951
3978
4342
3756
4239
3951
3596
4051
4049
3589
4084
3658
3174
3174
3644
4238
4179
4201
3632
3464
4177
4261
4307
4171
4171
4171
3988
4240
4238
4238
2888
3956
4924
3951
2888
4081
3951
3951
3951
4130
3640
3980
3978
4036
4036
4252
4171
3939
3113
4094
4043
3956
4229
3980
3892
3729
4131
4309
3202
3925
3944
4039
4104
3820
3553
4097
4171
4318
3203
3173
3433
4081
4294
3818
3795
3589
3874
3820
3485
4294
3951
4294
3962
4131
3978
4199
4269
3951
4294
3426
4215
4318
4042
3683
4247
3978
3644
3174
3796
4200
4131
3426
3978
4159
3739
3204
4275
3795
3978
3978
3988
3174
4200
4192
3580
4328
3792
4349
4252
4023
3174
4247
4342
3958
4390
4307
3957
3959
4394
3960
3960
4603
4603
4700
4700
4640
4307
4243
3962
3174
3702
4902
3978
4382
2959
4229
3796
3982
3600
3978
4342
4246
3978
3978
3978
3978
4288
3962
3978
3990
3800
2755
3978
4294
3990
4364
3956
3956
3956
4924
4919
4346
3956
4924
4924
3957
3957
4346
4924
4924
3958
4398
4447
4301
4378
4377
4924
4924
4313
4338
3956
4304
4304
3962
3958
4294
4294
4309
4390
3997
3956
3978
4346
4346
3957
4924
3957
3978
3990
4382
4310
4365
3978
3978
3978
3978
4346
3957
4338
4304
3978
4919
4346
4336
4382
3990
3990
3990
4390
4388
4338
4439
3960
4379
4338
3959
4390
3960
4346
4386
4309
4354
4334
4390
4338
3988
3990
3990
4361
3990
3978
4338
3990
3978
4361
4361
3990
3990
3990
4384
4299
3978
4361
3990
4309
4454
4338
4394
4338
4338
4434
4445
4394
4338
4303
4303
4382
4314
3960
4393
4390
4389
4440
4256
4394
3960
4394
4579
4571
4571
4641
4595
4595
4751
4758
4690
4754
4748
4635
4604
4729
4707
4472
4933
4417
4417
4567
4567
4567
4567
4566
4643
4511
4714
4737
4737
4721
4719
4582
4447
4548
4641
4695
4695
4448
4599
4603
4439
4445
4394
4615
4431
4490
4455
4456
4577
4598
4445
4579
4490
4447
1249
4454
4449
4579
4448
4440
4544
4598
4598
4579
4636
4570
4478
4477
4668
4688
4517
4683
4633
4502
4547
4514
4639
4702
4417
4702
4930
4617
4639
4617
4617
4541
4558
4738
4759
4645
4757
4758
4630
4649
4544
4735
4672
4699
4641
4461
4695
3960
4495
4571
4700
4700
4641
4736
4711
4716
4498
4558
4704
4566
4512
4421
4567
4567
4643
4422
4422
4422
4511
4511
4581
4721
4721
4745
4559
4745
4581
4509
4737
4559
4639
4257
4639
4944
4581
4665
4616
4612
4713
4260
4736
4566
4665
4583
1252
4603
4580
4665
4510
4566
4513
4511
4537
4590
4546
4508
4580
4508
4481
4690
4623
4616
4508
4716
1251
4559
4626
4511
4643
4616
4721
4713
4717
4726
4665
4257
4612
4754
4695
4401
4737
4714
4616
4559
4566
4698
4258
4556
4595
4695
4559
4700
4758
4690
4260
4550
4559
4737
4737
4760
4559
4662
4630
4943
4737
4737
4665
4717
4665
4260
4702
4943
4737
4940
1252
4512
4617
4945
4553
4470
4604
4625
4595
4627
4730
4677
4559
4689
4627
4513
4677
4612
4745
4655
4683
4688
4647
4692
4581
4581
4713
4945
4690
4943
4418
4641
4422
4511
4567
4567
4744
4477
4668
4739
4665
4422
4745
4742
4680
4589
4529
4653
4741
4617
4567
4944
4511
4567
4694
4464
4936
4640
4630
4422
4558
4604
4604
4695
4422
4625
4625
4625
4765
4695
4694
4700
4930
4417
4567
4514
4556
4514
4417
4547
4417
4417
4419
4417
4419
4419
4567
4528
4630
4422
4738
4742
4726
4418
4603
4686
4700
4742
4764
4694
4640
4417
4417
4421
4417
4421
4417
4542
4417
4417
4694
4625
4419
4566
4417
4671
4524
4753
4567
4758
4630
4695
4630
4936
4738
4419
4567
4514
4542
4542
4419
4419
4419
4422
4418
4567
4630
4630
4422
4476
4700
4567
4757
4702
4739
4421
4419
4419
4567
4766
4757
4653
4692
4700
4557
4630
4464
4694
4726
4700
4419
4419
4421
4700
4680
4630
4630
4738
4547
4551
4702
4707
4707
4766
4476
4630
4417
4630
4419
4680
4472
4934
4738
4419
4738
4738
4419
4542
4702
4726
4419
4419
4506
4726
4551
198
198
71
145
145
14
30
15
278
145
199
88
9
145
49
145
49
66
276
66
1203
559
609
569
923
600
596
596
4833
605
804
502
615
850
806
923
601
511
4820
850
645
496
774
520
605
732
681
851
4835
774
805
774
668
806
571
571
4852
1361
4862
672
410
1483
410
786
1481
1480
786
701
786
1361
818
3405
4545
4460
4744
4736
4565
4259
4603
4695
4259
4695
2947
2872
1092
1099
4890
4890
4978
2909
4880
2026
4890
4887
452
4978
4978
3109
3862
4361
4049
4008
4036
3971
4365
3978
4036
3978
3978
3978
4036
4312
4354
3702
4084
4049
4051
4049
4051
4031
3552
4235
4312
4357
4370
3977
4365
3978
3978
3978
3978
4893
4051
3990
4036
3978
3978
3978
3978
3521
3959
3957
4924
4924
4924
3957
3957
4250
3957
3957
4261
4261
3957
3957
4261
3957
4566
4419
4664
4567
4566
4663
4713
4669
4668
4582
4422
4664
4582
4626
4616
4580
4567
3596
1203
584
774
1350
1351
2832
2854
2818
4882
2626
2626
4889
4993
4968
4990
4985
4958
4985
2856
4968
4973
2893
4975
4980
2825
2825
4994
4968
4974
4988
4980
4993
4990
4970
4889
4980
4988
4994
4974
2854
4974
4994
805
1480
1480
2973
2973
2973
3956
2736
2719
3214
2732
3956
