204
286
260
399
399
456
391
391
391
167
12
478
670
258
308
258
347
307
332
75
282
282
4
333
4
350
273
25
136
72
66
282
211
282
4
133
204
217
217
348
391
391
9
243
229
181
292
179
198
198
255
255
122
128
14
89
122
254
255
256
107
347
5
279
107
297
252
347
7
217
217
217
217
217
270
132
70
50
23
131
148
148
149
149
195
282
256
148
125
148
239
262
262
231
35
33
45
2
133
195
148
239
239
133
34
194
217
284
301
216
216
464
596
600
636
464
464
464
386
313
215
301
4
282
222
222
205
182
4
263
191
222
222
149
31
66
66
271
221
210
197
221
293
61
188
62
187
36
49
291
217
213
4
269
132
4785
271
222
204
217
214
463
385
455
456
164
365
167
12
12
475
471
478
682
760
171
171
668
668
682
404
386
313
478
552
292
336
165
480
478
4775
279
71
279
4782
129
204
217
335
70
214
118
243
3
6
4
292
244
273
229
225
335
284
243
402
390
33
33
191
243
312
112
453
479
182
37
4
333
214
1
123
162
310
354
347
175
336
97
38
37
64
159
217
161
91
153
263
397
9
38
215
463
111
371
466
6
64
48
34
5
54
217
217
392
162
385
456
456
6
217
392
291
110
392
4785
4786
276
349
276
377
54
20
248
377
258
350
308
111
399
390
466
99
391
355
241
207
206
164
11
264
6
75
399
371
204
392
371
6
241
88
163
455
38
163
206
391
371
62
371
666
667
602
677
4862
4862
410
1285
3258
4240
4240
3892
4339
4311
4339
4339
4484
4381
4251
4371
4371
4429
241
310
399
291
14
468
386
481
668
466
720
938
4862
1045
1045
689
600
115
392
204
399
392
392
116
238
241
82
347
163
453
467
14
62
476
13
163
384
163
463
462
471
475
248
67
332
474
69
235
353
456
461
116
196
349
61
235
353
453
248
386
386
480
636
636
600
725
115
553
390
390
455
174
463
116
480
167
468
173
553
390
11
463
314
391
402
670
365
480
552
727
984
984
938
410
1375
2153
3122
3420
3762
4306
3575
3559
3773
3685
3685
3759
3685
3759
3759
3759
3759
3759
3694
3759
3759
3586
3694
3694
3694
3694
3522
3522
3694
3522
3522
3522
3522
3522
3357
3522
3037
1617
2737
2514
2093
2266
2266
2266
1711
2854
2854
3006
3072
3546
3075
3075
3075
3075
636
636
174
464
487
455
455
471
456
167
173
11
475
167
386
386
386
552
596
115
386
12
12
682
668
169
464
938
553
682
12
12
12
167
365
480
480
115
602
709
480
478
475
464
116
480
167
478
404
480
404
636
115
602
938
410
677
1383
670
623
623
623
623
623
664
630
630
630
630
630
630
630
554
634
634
634
634
639
755
755
755
763
582
582
861
583
1048
874
1027
527
1168
1202
930
915
986
630
630
623
623
623
623
630
630
695
695
695
745
665
695
623
695
695
471
167
167
167
552
666
623
779
630
634
4838
4838
623
630
630
630
867
756
801
780
630
630
634
630
634
755
755
860
739
833
167
456
668
602
679
680
689
623
623
623
623
630
630
630
623
630
623
480
404
623
600
623
630
630
634
634
630
630
630
634
630
552
668
1045
4862
4862
695
547
623
623
630
630
695
695
539
492
630
630
630
471
480
630
630
779
634
634
756
784
767
623
623
695
623
692
4806
4852
700
745
701
701
745
670
634
670
695
480
404
480
480
636
755
667
720
753
783
406
938
169
984
725
634
709
1045
4862
4862
4862
552
755
671
602
653
596
481
630
481
772
695
4870
701
695
695
695
745
4832
4832
404
666
725
405
984
674
115
695
755
735
1045
596
753
767
695
4870
404
4806
745
4870
4870
404
405
405
4870
695
653
630
4858
4870
1217
1217
1016
1264
1016
860
115
689
744
744
744
744
725
115
745
745
700
701
4791
725
667
754
404
755
404
4858
404
709
388
860
755
767
766
1128
783
408
755
777
1024
562
653
4838
779
1021
860
656
404
768
784
777
666
725
795
674
1030
2002
1406
824
1317
666
744
1317
824
1230
704
704
780
689
1022
709
744
744
1317
860
763
4852
4852
4840
4791
1056
804
804
804
860
860
860
996
4840
725
1317
860
171
938
4862
1281
410
860
4862
1016
1205
1029
677
1220
1878
2198
842
2449
842
2003
3202
3202
3065
2751
2333
2333
2333
2333
2387
3103
3294
3294
2263
3294
3203
3203
3203
3203
3013
2956
2526
3203
808
701
1016
1016
1016
804
740
739
4852
1016
600
1009
879
1027
1504
941
1016
886
1208
1264
941
943
951
1122
1320
1199
1788
1539
2040
450
450
1120
1553
2020
1487
1151
966
924
966
966
1129
1085
1517
1078
876
1085
914
1151
1504
1236
1027
1202
1027
1121
1069
1264
1129
1197
907
931
918
739
739
583
984
1320
1170
1766
2162
947
1074
1222
1131
1692
2337
1315
1096
2028
1762
1337
1241
869
739
819
740
404
744
942
1470
1870
1136
1245
1908
1873
760
4838
755
755
755
905
930
926
740
4791
4838
776
556
4791
4791
710
630
630
630
725
1076
1190
971
388
824
792
1406
1264
1264
1504
1320
886
4862
1024
562
562
1208
1471
1487
1016
930
761
971
704
4838
1243
982
1750
869
1236
1236
878
526
1042
583
739
739
926
725
1504
924
833
582
582
630
630
561
4838
779
562
1157
562
562
1203
1310
4950
1225
1186
874
4838
1333
1117
1222
1312
1158
976
562
1236
1218
1056
943
1520
1297
1297
1473
1520
1971
1971
1703
3018
3310
2986
3137
3111
3087
3421
3421
3357
3421
3522
3694
3694
3694
3694
3694
3694
3585
3694
420
3585
3876
420
420
3464
3464
3464
3464
420
3464
420
420
420
3088
3088
3087
3111
3111
3111
1808
1808
1473
1236
949
1194
1018
1271
1808
1217
561
1080
1080
1167
1163
1277
1598
1065
1357
1310
4843
862
582
1224
950
917
1591
1452
928
1169
1169
1092
1313
1450
1797
405
1337
1340
1964
1074
1183
1504
1082
523
926
1271
1508
725
1317
1590
1561
1700
2400
2400
1709
438
783
1184
1776
2033
1089
930
1301
992
583
1766
1177
1238
905
1510
1024
1206
1319
740
861
1198
1049
739
583
1766
1553
1116
1090
1063
1319
1209
1518
1609
1297
1127
1118
1799
1856
438
405
1317
1357
4950
971
992
1808
744
1203
1340
526
1334
615
795
615
405
1167
1118
1063
1348
1935
1252
1254
4381
4336
4390
4422
4533
4526
4604
4645
583
816
1154
1387
1370
583
861
1177
1852
744
1887
953
1317
1561
1387
1188
4862
985
1475
677
1467
1294
1726
1069
820
1840
1248
1285
918
1049
2400
2568
3018
1521
1278
1134
1200
1357
4953
1092
1971
2183
1762
744
2611
1319
1327
1187
1044
861
815
1609
1094
2089
1739
2090
2346
1771
1711
2266
2514
2954
2954
2954
3036
3047
3047
3036
3111
2811
1169
1328
4825
755
4950
4842
4825
1355
815
1367
1235
583
1367
1235
820
1235
1069
1083
1314
1178
1373
1373
1424
1551
1376
1708
2559
415
4952
1355
1070
1070
911
1364
1328
1480
985
1626
412
1812
2128
2345
3202
1985
1406
1480
1935
2153
2321
415
2793
3110
1850
1124
1019
1344
2811
1302
1396
1723
1423
1445
1818
771
771
582
764
800
1375
770
929
2069
2811
2811
1484
1445
1936
2065
415
3541
874
2058
916
1372
1367
1625
1302
1445
1019
1440
1912
2090
2057
1763
1763
906
1272
1279
835
1200
1573
1551
1516
956
1396
2013
1406
674
484
826
1587
486
1454
1209
1122
1994
795
985
2672
1374
2611
884
884
1702
2346
1094
984
318
770
770
744
1711
1684
2905
2905
2672
1424
1233
845
1649
2466
1537
2352
984
2266
1583
826
674
1466
2811
2672
525
1867
1998
1317
793
2652
1424
2266
1743
1743
2153
1708
1423
2399
1936
2559
1445
1708
1485
950
1928
1899
1484
928
1453
2811
1444
1955
976
743
2905
2559
2611
1797
1467
1573
1376
2661
2659
2794
3755
3586
3586
3586
3586
3586
3685
3685
3586
3586
3694
3694
3694
3694
3694
3694
3694
3694
1610
1152
1736
1711
486
2086
2003
2086
2086
3202
3382
1317
1034
1728
1743
2023
1446
1515
1408
2069
1176
2019
2019
1743
1801
2514
2737
2399
1801
2533
2533
2535
1665
3522
3685
3663
2533
1602
415
2652
2266
2266
2514
2737
3008
2737
2737
2737
2737
2514
2514
835
1801
1554
1446
1446
2153
1750
2013
1866
793
1377
1664
1617
1617
3522
3522
3522
3522
3586
3522
3694
2093
1664
1538
2089
2093
1377
1905
1664
2514
2737
2514
1376
1573
2023
1408
1149
1608
1437
1867
1708
1132
1420
4888
1608
2136
2479
1317
824
1555
1376
2065
1420
1149
2568
2015
1437
1376
1813
1937
2023
2854
3073
3791
2055
1911
2290
1818
1884
590
1551
1133
2812
2266
1618
2266
2093
1743
1643
1649
1035
2533
1860
2709
2357
2333
1408
2904
2089
1952
2266
2093
1870
1538
1608
2154
1618
2266
1308
1737
2000
2065
412
2014
1730
2653
1813
2655
2007
2514
2737
3008
3008
2879
3047
3047
3087
3324
3008
3047
3087
1696
1593
2611
1702
2705
2514
2093
1349
1929
1136
1598
2359
2854
3072
1748
1935
412
1765
2514
2514
955
1726
2042
842
1722
1722
1135
3050
3789
4132
2497
329
2024
412
2514
1665
1625
2143
1933
450
450
450
2596
2321
2503
2463
1952
2737
1665
1665
1617
1617
3037
2011
1991
2905
1412
2504
2051
4888
2293
450
412
2705
2925
1723
2737
2514
2737
3008
3008
3522
3421
3522
3522
3522
3522
3694
3522
3522
3357
2737
2737
2514
1761
2477
2647
1412
1939
1944
2560
415
2979
3541
415
2560
1408
2514
2514
1801
1794
2854
2593
2514
2737
2737
2737
2737
2737
2514
2399
2945
2019
2298
2086
2086
1959
446
2307
1818
1484
3008
2737
3008
3008
3008
2737
2737
2737
2737
2737
3008
3008
1617
3037
3008
3008
3008
3008
1617
3357
3357
3357
3357
3357
1617
1617
3008
1617
1556
2351
792
2086
2086
1555
2144
2390
1097
2321
1919
2737
2737
2737
1985
792
1788
2321
2693
2705
2399
842
842
1990
2064
1285
2015
1818
2403
2737
1617
1617
3037
3037
3522
3522
3522
3586
1665
2037
1812
3008
2737
2737
1617
1617
2019
1847
2040
1943
2737
2737
2321
1014
1014
3008
3008
3357
3421
3522
3522
3522
3008
3357
2086
1812
1801
2954
1736
2644
2644
3229
2780
2780
2954
3008
3008
2954
2737
2086
2978
2002
2021
2878
2878
2878
3036
3087
3111
1617
3008
1617
1617
1617
1617
1617
3037
3037
3522
3522
3586
3522
3522
3586
3586
3586
3586
2737
2737
2065
415
2536
2391
3036
3087
3047
3047
1617
3037
3037
3357
3037
3522
3522
3522
3522
3522
3522
3522
3522
3694
3694
3694
3694
3694
3694
3694
3694
3759
3759
3759
3694
3694
3694
3694
3694
3694
3694
3694
2737
3008
2086
1917
3541
433
2134
845
2856
2945
2737
3008
3008
2257
3294
3140
3083
2327
2419
2333
2333
2287
2485
2223
2485
2485
3013
2257
2107
3141
3141
3141
3141
2257
2257
2257
3243
2327
2327
2327
3083
2327
3083
2256
2257
2297
2257
3106
2287
2257
3294
2330
1935
327
1801
1874
1617
3008
3008
3421
3421
3357
2878
3008
3008
3357
1617
2737
2430
3140
2429
3140
3243
3140
2257
450
450
2861
2315
3140
3243
3140
3083
3141
1736
2560
2814
2344
4243
3494
323
3382
3202
2146
2954
2355
2327
2327
3243
3083
3243
3083
2257
2257
2003
2331
845
412
3037
1617
3037
2330
3202
2330
3243
2329
2429
3083
3243
2258
2257
2391
2655
1617
1617
1617
3008
3140
3527
3008
842
842
2433
2333
2333
842
3238
3295
2486
3294
2485
2433
2333
2331
845
3039
2331
2654
3357
3357
1620
3086
3111
3111
1230
744
2397
2228
3009
2599
2404
2333
2214
2429
2327
2327
2214
2327
2599
2989
3106
971
2397
2613
3317
3317
3317
3063
3317
3317
3317
2279
3009
2987
3045
3045
3048
2989
856
2433
2433
2212
2333
2709
3789
3789
2263
3135
3135
3063
3135
3063
3063
3063
3317
2000
3072
3037
3037
3037
3522
1617
3037
2333
2333
2751
2455
2470
2086
2379
2736
2107
2289
2579
2579
3160
3014
3154
3045
3317
2325
2708
2732
2748
3323
3323
3226
2325
3202
842
3243
2989
2486
2486
2487
3109
2404
845
1916
3541
2146
2549
2878
3324
2878
2329
3243
3105
2240
2485
2484
2320
450
2420
3008
3008
2385
2580
2387
2404
2387
2333
2387
2387
3202
3382
1829
2327
2459
2927
2752
2960
2333
2752
3078
3065
3109
3013
2243
2521
900
4985
4976
2321
4111
4317
3522
3037
2325
2433
2331
2331
3012
849
4885
3035
3037
3037
3522
845
2333
2333
3202
2487
2331
3109
450
1817
3075
2658
743
744
971
743
1770
2566
971
971
744
744
744
744
744
744
797
2298
2160
2433
2333
2278
3009
3008
3037
3522
3522
3522
2878
2433
2751
2333
2752
2327
2256
450
4880
3073
3037
3522
3357
2878
3324
2330
427
2710
2385
2086
3755
417
2658
3037
3357
3522
2879
3421
3324
3324
2333
2599
2243
2778
3075
3934
415
792
1176
744
1555
743
2329
3357
3037
3522
2333
3086
2333
319
2226
2333
2618
2423
2603
3063
3512
323
3945
3063
3063
3357
3522
2960
3065
2528
2433
2333
2751
2983
3435
2982
3512
3357
3324
3202
2458
3072
3522
3357
3522
3357
3522
3202
3086
3382
3013
450
448
2618
2751
2423
2423
2983
2879
2879
3357
3324
2458
1628
2755
3121
3522
3586
3522
3586
2710
450
3071
2714
3522
3522
3202
2391
2751
3586
3522
3421
3522
3522
3522
3522
3421
3522
323
3494
3421
3324
2084
3203
2780
2814
2333
3324
3421
3324
3087
3087
3111
3137
3067
3317
3317
3045
2793
2433
2566
2333
3522
3421
3385
1924
2987
849
3203
415
3546
3546
743
744
744
3522
3522
3522
3522
3586
3586
3586
3586
3586
3586
3586
3586
3087
3111
1113
2245
3073
3586
3522
3685
3522
3522
3586
3586
3586
3586
3694
3586
3694
3586
3522
3522
421
421
3048
3160
3045
2675
3160
2987
3048
2987
3048
3294
3013
3067
3067
3067
2979
416
3762
3522
3485
3512
4087
4109
4109
3904
2982
3067
2644
744
2421
2628
2579
4243
323
3691
2986
3294
3067
2979
415
2814
2385
1770
824
3522
3586
2751
2751
3646
3522
3522
3385
3088
3088
3522
3088
3088
3226
3226
3137
3226
3226
2989
3067
3203
2908
3522
3522
3789
3522
3522
3065
3435
3512
2972
2740
3067
3067
3067
2422
2433
2333
2333
2423
2423
3586
3485
2909
3226
3416
421
2987
415
3554
2751
2603
2982
3063
2436
2421
2975
3065
2959
2674
3546
797
744
744
744
3522
3522
3522
3522
3065
3111
2263
3203
3254
3254
2979
2333
2414
744
3357
3421
3358
3461
3464
3358
3226
3461
2727
3358
3225
3461
3461
3323
3905
3904
3067
3753
3075
3231
3546
2814
3586
3522
3522
3485
4875
2793
4209
4335
3583
4304
4306
1255
3122
4118
2467
3522
3522
3522
2979
743
797
744
3381
3512
4109
3107
3067
3203
2793
416
2467
2802
3586
3586
3586
2423
3464
3464
3358
3464
3358
3463
2727
3461
3461
3358
3315
3112
4200
3961
4110
4110
3512
2793
416
793
2437
3694
3088
3522
2983
2983
3691
3494
3789
4207
4875
3706
3586
3685
3685
3522
3694
3694
3586
3694
3694
3694
3694
3586
3586
2983
4110
4110
3789
2263
3583
4195
3663
3586
3586
3694
3464
797
3694
3694
3694
3694
3694
3694
3759
3759
3759
3759
3759
418
3790
3790
2921
3572
3759
3694
3586
3586
3936
327
824
3706
3718
3694
3694
3694
3586
3759
3759
3759
3855
3759
3855
3759
3586
3694
3694
3694
3694
3694
3694
3694
3694
3694
3694
324
3512
4110
2802
2432
3694
3522
3694
3522
3522
3694
3517
4278
1254
4374
4381
4381
3522
2983
3254
2370
4163
326
2987
3753
3075
3753
3753
3753
3132
2784
3766
4153
3714
2840
2841
3094
3714
3753
2793
3034
4306
4287
4287
3122
2771
4369
1176
824
2418
1770
3586
3694
3694
3694
3694
3694
3759
3759
3586
3464
2793
3072
3546
3859
3790
3855
3855
3855
3855
3855
3694
3694
2657
2979
2422
327
3694
2423
3428
3544
3428
3428
2910
3090
2727
3461
3463
2745
2910
2790
3323
4886
3397
3098
2902
2840
4884
2841
3029
3184
3307
3318
2898
4110
3575
3541
3575
2387
2859
3694
3694
3586
3586
3464
2727
3397
3428
2783
3789
3753
3231
793
3694
3586
3694
3694
3586
3694
3694
3694
3586
3586
3586
3685
3685
3685
3685
3685
420
3694
3585
3694
3694
3323
3461
3397
3529
4201
3929
3059
3130
3117
3932
2832
4886
3397
3789
3789
2937
4875
329
416
3122
3034
2492
3694
3694
3461
3358
420
3090
3131
3400
3575
3762
2423
3586
3586
3586
323
3691
3494
3415
3358
2859
2603
3658
3586
3586
3464
420
3464
3090
3048
3048
3045
3110
2771
2658
3694
3694
3694
3694
3586
3685
417
3773
420
420
3494
4087
3048
3048
3107
4875
3317
3317
3753
2859
3657
2982
3323
4110
3254
3420
3694
3694
3685
3494
3464
419
4091
3074
419
3115
4092
4220
3001
3045
3753
3546
3694
3694
3691
3691
2864
3107
3420
2675
4114
4087
4103
4087
4087
4087
4087
4087
3892
3694
3694
3759
3759
3759
3045
3464
3045
3045
4875
2591
2270
3694
3694
3317
3706
3694
2603
3494
3494
3315
3849
3890
2902
3131
4118
3685
420
420
2230
3317
3317
3317
2398
3154
2379
3685
3759
3694
3694
3586
3904
3512
3358
3464
3464
3464
3317
4087
3694
420
3945
3045
3317
3418
3030
2902
3714
4306
2857
3685
3685
3685
3718
3852
3985
4881
3127
3789
3045
2704
3317
3685
3685
3685
3045
3494
3904
4132
4087
4087
4109
3494
3055
3056
3960
3734
4338
2771
2436
3685
3464
3494
4109
3325
3045
4317
4371
3034
2674
2920
2920
3859
3063
3694
2603
4087
4087
4109
4110
3904
4109
3753
3685
420
3512
2788
3014
3759
3685
3759
3685
3718
3759
3585
3585
3855
3585
3855
3585
3585
3771
3855
3771
3585
3585
420
3855
3512
2884
3460
3945
4109
2842
3317
3135
3317
3317
3541
2704
420
3876
3876
419
3609
3790
3876
3876
3585
4109
3583
326
4306
3694
3759
2845
3904
3418
3515
4220
3131
3753
3753
4243
3718
3685
3685
3759
3759
420
3091
2263
3317
3063
2490
4251
4245
4372
4339
3694
3685
3045
3759
3586
4087
4087
4087
4087
3063
4109
2976
3128
3066
3168
323
3317
3482
3475
3453
3452
3707
3443
3446
4125
3954
3471
3055
3657
3759
3759
3759
3759
3759
3759
3759
3759
420
3063
3063
3063
3063
3063
3063
3063
323
3063
3040
4109
4132
4109
3045
3260
3474
3954
3217
4208
3648
3552
3587
3753
3546
3694
3855
3759
3855
3759
3759
3759
3759
418
3859
419
3115
3063
3063
3063
3317
4338
3718
3694
3694
4087
4087
4087
4087
2263
3135
3575
3685
3759
3855
3855
3855
3855
3855
3855
4087
4087
3063
3040
3317
3905
4317
4371
4382
3652
3751
3962
3814
3866
4270
4094
3885
2889
3759
3718
3756
3759
3063
3063
3063
3317
3317
3905
2784
3714
326
3063
3063
3063
3135
3063
3063
4109
4109
3317
4109
3482
3575
3586
3759
3694
3759
3759
3759
3759
3759
3759
3759
3759
3759
3572
3759
3572
3572
3063
3718
3135
4087
4087
3317
4207
3759
3759
3855
3317
3317
3063
3317
3135
3364
2847
2789
3969
3438
4088
3181
3446
3708
3653
3285
3677
3666
3575
1253
3876
3876
3317
3045
3135
3063
3063
3135
3204
3753
3546
3855
3317
3317
3317
3063
3317
3063
3063
4132
4132
3034
420
419
3759
3317
4087
4109
4109
3135
4132
3407
3169
3207
4371
3575
4070
3578
3759
3855
2961
3317
3135
3317
4207
3886
3759
3317
3386
3473
3753
4133
3759
3759
3759
3759
3317
2921
4209
3685
3759
3759
3041
3519
3029
4163
3759
3759
3855
4087
4103
3473
3075
3759
4087
4114
4114
4103
4103
4087
3042
3410
3703
3216
3444
4212
3738
3704
3391
3174
3473
3540
3452
3178
3179
3540
3031
3774
3583
3115
3759
3759
3397
3572
3759
3572
3759
3718
3232
4121
2898
3431
3473
3452
3342
3743
3264
3744
3855
3685
3718
4103
4087
4132
4311
3356
3448
3762
3855
4103
4339
3498
3516
3342
3688
4317
2744
418
2921
4103
4114
4354
3056
3753
4087
4087
4087
4114
3545
3452
3710
4251
4070
3115
3855
3685
3718
3545
3480
4192
3546
3855
3855
3759
3759
3166
3449
3516
3818
3759
4103
3545
3034
3855
418
3718
3948
4163
418
3759
3403
3654
3575
1255
3874
3855
3718
3473
4306
3666
3859
4278
3117
2921
3454
3744
3855
3855
3756
4354
3892
3786
4287
1255
4374
4374
3855
3759
2921
3559
3786
3777
3738
3719
4051
4051
4113
4003
4907
4084
4080
4084
4076
4003
4084
4907
4062
3679
3739
3626
3666
4113
3782
3782
4049
3972
3620
3634
3923
3923
4159
4933
3632
4158
3970
3970
4034
3972
3973
4309
3636
4913
3698
4901
3749
3970
3923
4074
3632
4074
4113
4007
4899
4048
4899
4007
4276
4007
3618
4007
3633
4034
419
3576
4163
3138
3699
3756
3656
3763
3626
3661
3875
3623
3888
4040
3939
3709
4287
4306
3634
3616
3742
3750
2921
4132
3534
3931
3792
3970
3972
3776
3546
3520
3940
2794
3661
3970
3970
3623
4070
3112
418
3162
3970
4051
3972
3817
3230
4133
3162
3437
3649
4306
3889
4072
4040
3637
3970
3620
3973
3817
4202
4103
3852
3632
3616
3749
3719
3750
2891
2893
4067
3058
3634
3923
3923
3666
2920
4119
4901
3180
4369
3232
3855
3923
3781
3719
4131
4290
417
4294
417
3954
2762
4287
3845
4903
3817
3765
3818
2962
4201
3773
2658
4294
4093
3444
4904
4904
4096
3985
4113
4113
3929
4373
3846
3583
4306
3985
3559
3776
3973
4096
2789
4294
3647
3575
4038
4166
3968
3967
3231
3817
3790
4005
4005
3782
3618
4034
4007
4007
3782
4007
4899
4024
4321
4113
3594
4329
4911
4899
4899
4899
4318
4048
3782
4113
3632
4122
3634
4285
3973
4904
4897
3875
4285
3973
3617
419
419
418
4251
1254
4324
3559
3650
3648
3960
3766
4381
4242
3637
3398
4251
4251
4289
3616
4122
3340
2920
4369
3231
4904
4913
4133
4278
4339
4251
2921
4287
3923
3719
4371
3973
4278
4278
2921
4278
4369
4251
4245
4372
4278
4340
4370
4370
4370
4113
3587
3591
3231
3844
4005
4251
3923
4371
4371
4382
4381
3828
4259
2686
4339
4251
3469
1255
3859
4904
3790
4278
3719
3959
3766
4070
4219
3438
4034
3618
4174
3793
4056
4113
3790
4122
4048
3782
3923
4374
4374
4382
4382
4380
4392
4591
4535
4445
4381
4324
4198
2885
4063
4102
4161
4102
4084
4041
4048
4159
4042
4003
4043
4933
4322
4024
4899
4323
4323
4322
4229
4003
4912
4077
4895
4933
4159
4933
4320
4061
4084
4907
4084
4101
4160
4004
4020
4229
4061
4271
4907
4019
4077
4043
4320
4061
4027
4911
4023
4027
4029
4007
4249
3781
3844
4198
3617
4074
4076
4062
4084
4084
4004
4002
4061
4908
4042
4158
4231
3632
4278
4278
3438
3231
4074
4074
4908
4159
4076
4084
4076
4076
4078
3003
3847
3923
3722
4251
4904
4034
4005
4158
4078
4078
4158
4075
4161
4102
4078
4078
4048
4102
4075
4264
2896
3790
3859
4153
4228
4158
4199
2897
1255
4216
4063
4161
4278
4051
3634
4235
4158
4339
3231
4381
4339
4278
3438
4251
3618
3618
3972
4007
3961
3873
3447
3215
3058
4092
3844
4221
4130
4278
4278
3968
2894
4186
4122
4051
3651
4145
3965
4381
4189
4369
3927
4078
4078
4076
4078
4096
4278
4370
4278
3969
4067
4051
3589
3519
4102
4137
4177
4371
3839
3446
3798
4211
4092
4167
4086
4127
3728
4212
4221
4167
3817
4329
4285
4329
3609
2963
3765
4374
4374
4227
3114
4167
4153
4381
3609
3634
3591
4194
4141
3782
4078
3795
3218
4241
3963
4141
4075
3780
3720
3440
3831
4076
4223
4076
4161
4113
4092
4167
3836
4284
4273
3834
4275
4370
4052
3513
3182
4370
4370
4484
4245
4245
4370
4392
4429
4532
4253
4944
1260
4426
4426
2963
3337
4329
4381
4010
4062
4003
4370
4370
4052
3218
3782
4223
4084
3209
4161
4159
4912
4042
4019
4370
4084
4160
4084
3834
4223
4275
4159
3833
4273
4382
4334
4374
4245
4370
4300
4392
4435
4451
4386
4390
4390
4382
4381
4445
4370
4370
4388
4392
4911
4381
4003
4384
4382
4084
4907
4429
4429
4367
4084
4907
4162
4084
4084
4269
4336
4908
4907
4382
4300
4381
4899
4323
4281
4280
4300
4300
4381
4446
4532
4429
4445
4370
4392
4476
4579
4380
4334
4370
4322
4370
4383
4268
4229
4021
4043
4043
4061
4061
4229
4229
4229
4021
4043
4043
4322
4281
4323
4445
4300
4021
4322
4392
4392
4579
4429
4429
4446
4446
4385
4337
4484
4445
4439
4336
4485
4422
4476
4434
4478
4434
4478
1257
4442
4446
4532
4253
4434
4386
4487
4514
4438
4520
4492
4449
4480
4553
4482
4569
4711
4399
4629
4525
4397
4590
4726
4640
4686
4470
4638
4664
4637
4664
4637
4603
4593
4593
4593
4637
4593
4386
4439
4423
4480
4480
4447
4439
4526
4440
4487
4543
4389
1257
4427
4487
4435
4442
4442
4451
4432
4452
4436
4492
4438
4535
4487
4438
4442
4451
4442
4451
4423
4430
4485
4485
4514
4442
4533
4430
4423
4449
4423
4423
4492
4450
4449
4492
4493
4739
4580
4405
4686
4686
4614
4614
4614
4603
4603
4640
4721
4637
4640
4640
4640
4641
4472
4629
4629
4629
4672
4711
4568
4614
4721
4568
4520
4492
4453
4449
4481
4591
4591
4569
4568
4608
4453
4525
4525
4525
4525
4535
4533
4637
4664
4663
4617
4664
4637
4637
4637
4637
4593
4592
4593
4637
4456
4637
4602
4640
4595
4486
4603
4640
4456
4602
4640
4637
4592
4593
4537
4663
4664
4603
4456
4525
4525
4526
1257
4603
4664
4456
4663
4663
4604
4604
4524
4581
4664
4492
4640
4663
4471
4637
4661
4640
4640
4602
4637
4593
4593
4491
4637
4592
4637
4603
4424
4427
4637
4637
4537
4492
4537
4637
4482
4602
4525
4661
4399
4537
4525
4640
4254
4491
4593
4525
4935
4491
4255
4525
4664
4472
4525
4475
4637
4637
4614
4621
4472
4630
4454
4671
4257
4629
4525
4448
4257
4491
4583
4693
4686
4686
4566
4629
4567
4604
4491
4472
4693
1258
4563
4637
4664
4664
4567
4606
4637
4629
4742
4637
4583
4629
4472
4639
4686
4399
4617
4663
4583
4640
4397
4396
4482
4640
4621
4590
4637
4629
4583
4693
4693
4617
4944
4645
4617
4664
4470
4470
4470
4721
4638
4721
4721
4664
4639
4664
4637
4664
4399
4472
4693
4693
4742
4698
4738
4671
4473
4473
4563
4426
4470
4664
4664
4664
4639
4639
4639
4470
4698
4721
4721
4425
4693
4664
4639
4470
4614
4726
4693
4474
4399
4483
4473
4472
4473
4637
4637
4614
4640
4639
4639
4639
4639
4637
4639
4637
4632
4399
4664
4676
4637
4400
4637
4491
4664
4664
4664
4470
4693
4473
4721
4256
4470
4671
4726
4406
4664
4664
4639
4639
4614
4637
4686
4567
4739
4721
4639
4721
4726
4473
4671
4726
4726
4739
4639
4639
4639
4671
4664
4639
4686
4686
4664
4664
4686
4664
4639
4639
4721
4721
4639
4639
4639
153
34
90
188
399
62
294
197
14
291
9
231
49
13
71
4775
269
4775
350
764
4791
766
695
4870
634
755
695
695
695
653
745
767
755
695
4852
582
695
755
695
630
630
800
4825
634
4825
779
569
755
771
630
4832
4838
653
4853
779
766
766
755
4825
764
634
800
630
630
764
700
630
701
764
695
405
4862
760
677
674
984
674
984
4861
938
677
2086
3160
2283
3156
3045
2523
3009
2579
2727
420
420
420
2791
2780
2780
420
1761
2937
2745
2937
2970
3075
3067
3896
4109
3063
4159
4034
4027
4899
4159
4908
4084
4269
4229
3782
4049
4007
4898
3782
4007
3782
3833
3782
4899
4048
4049
4084
4084
4102
4102
3782
4024
4042
4084
4084
4908
4002
4370
4245
4245
4429
4372
4245
4245
4908
4456
4493
4663
4663
4664
4603
4621
4592
4621
4637
4664
4603
4471
4637
4664
4005
639
4834
1059
561
755
1080
561
4834
3241
3428
3415
3323
3397
3240
3428
3428
3428
3090
3397
3323
2937
3428
3241
3090
3240
3241
3090
167
386
3694
3522
3037
3357
3037
3037
3522
2954
3522
3008
3759
3694
3357
1617
3037
3037
3522
3522
3694
3522
3694
3694
3694
3694
3759
3759
