200
138
57
62
350
8
340
317
366
311
452
476
162
190
4
3
5
347
404
357
405
291
190
137
4770
190
157
137
137
95
137
303
4764
137
280
290
283
280
280
303
336
357
303
303
357
303
4764
137
137
65
85
85
85
138
243
221
59
485
257
10
299
248
139
190
190
89
188
283
94
94
405
283
405
4758
6
6
94
283
280
65
65
65
62
137
85
65
65
85
65
62
347
261
200
97
315
117
117
283
283
283
283
94
283
117
93
402
65
188
162
156
3
279
137
89
283
283
283
283
336
283
83
283
65
65
89
89
137
117
283
283
283
283
83
234
263
305
359
375
409
372
376
472
652
376
143
409
409
142
65
137
314
138
224
140
283
283
137
191
138
89
402
95
402
201
95
303
4764
405
95
117
357
62
404
404
404
357
280
95
279
283
283
65
260
234
158
64
165
188
283
283
336
405
357
240
338
224
351
301
142
226
481
207
484
449
531
531
547
223
216
826
794
378
540
452
452
302
204
547
234
225
341
151
452
484
85
402
402
283
96
61
293
283
224
140
301
139
3
284
3
64
225
201
402
139
283
351
204
322
343
257
283
303
277
264
341
265
265
361
341
283
283
137
283
285
225
279
202
62
65
357
57
341
402
312
283
283
314
117
283
279
283
290
248
312
283
367
366
359
264
306
375
375
94
283
283
357
264
314
349
315
457
315
221
95
117
457
62
359
302
85
201
283
423
357
303
403
423
62
62
62
62
291
348
338
347
338
165
301
340
304
265
275
258
304
95
426
8
299
343
5
280
291
313
290
264
375
347
315
265
96
5
7
6
405
5
434
94
434
258
257
265
306
151
452
377
534
721
1369
881
2527
2710
3201
3810
394
3346
4223
4337
4322
4276
4276
4333
4
5
261
356
413
405
258
151
265
420
413
414
534
693
652
219
432
432
339
434
6
6
405
261
457
410
435
405
404
409
94
482
409
357
257
226
447
404
311
347
357
405
361
6
4758
405
405
474
357
405
6
6
404
404
62
62
404
413
348
143
14
872
832
479
530
474
533
481
449
209
143
311
479
484
474
530
343
258
219
226
487
216
542
1049
1536
946
1444
1642
1776
498
2413
3083
3238
3334
3518
3402
3341
3061
2669
2324
1990
1990
2000
1706
1991
1781
1615
1701
1640
1640
516
1817
1960
1512
1478
3033
2607
2606
1750
523
2332
555
452
343
479
447
206
480
528
143
527
481
528
228
570
794
480
219
452
532
206
449
447
376
545
411
14
539
447
223
14
217
222
14
216
420
545
721
378
496
532
1046
983
852
621
983
752
948
685
950
620
1138
619
1179
1571
1831
1609
1626
1061
1520
1053
997
1125
1016
1051
1219
1016
936
948
983
1164
1320
1320
934
934
934
934
851
981
210
487
983
1148
1180
1180
1454
936
936
1046
851
1128
622
1116
950
950
685
1139
1039
996
1037
14
411
543
416
787
565
414
983
934
1046
948
555
852
223
983
852
934
685
621
950
983
1031
950
222
556
700
415
1320
852
851
982
934
981
948
983
376
948
620
1139
1039
995
852
852
981
982
1291
982
982
1126
1126
1126
981
223
874
1291
216
223
223
216
556
216
542
218
415
415
946
852
950
797
415
788
621
1039
377
934
773
489
950
981
1291
1291
982
1126
851
1291
1291
1291
542
1084
1084
1536
216
982
1139
543
378
1031
620
1291
1291
216
1034
1291
1291
934
4853
214
1291
934
1126
1114
982
548
1291
1256
1116
625
1379
1135
1035
708
469
898
705
1126
1126
1114
982
849
1126
1114
982
872
212
148
1017
1114
223
216
223
706
819
995
1291
1146
1146
700
721
1031
1114
1114
1114
1356
1292
1402
1146
1135
1291
216
570
1036
994
1256
827
491
1577
1948
2051
910
1333
1049
1144
1631
1578
469
1135
553
1114
705
939
1263
865
619
1291
1320
1164
1291
1291
982
982
1044
1216
1291
419
623
623
982
1291
982
839
1596
415
415
789
1035
1044
625
1090
1035
381
944
1675
2046
1774
2223
2094
2554
4887
2019
2256
2037
2267
2349
2682
2546
2466
2427
977
2394
2439
2169
991
849
1291
1135
1135
991
1179
1217
1038
619
849
1028
1279
1295
1058
1337
1137
1168
1391
1168
1275
1250
1090
1028
1070
1529
1934
1934
1973
1814
1009
1275
1210
1255
1248
1248
1286
1973
1973
1973
1931
2122
1932
1931
1931
1931
1844
1727
1875
2061
2048
1879
4881
1262
1710
1260
1070
1037
1013
1042
1005
1005
1013
1115
1107
1528
1926
1173
1280
1107
1167
1178
1077
1132
1300
1051
1043
1137
1312
1281
1814
1457
997
1185
1172
1054
1137
1214
417
1038
996
542
946
1185
1311
1329
1309
1362
1275
1275
1308
1308
1248
1286
1286
1186
1814
1782
1782
1973
1973
1931
1931
1931
2122
1189
1932
2290
1819
1703
1412
1399
1270
1271
1248
1042
1337
1038
1216
214
1070
1398
1066
1515
1822
2082
2082
2082
2007
1861
1822
542
1185
1180
1455
1176
1177
1391
982
1366
1402
1366
1366
1164
1320
1402
719
1329
1285
470
689
1131
1468
689
1127
1125
1028
1255
1404
1287
850
1356
1032
1361
1068
1361
1135
999
1078
418
690
1076
1440
1410
1063
1985
1106
1176
1016
1006
1831
1831
1134
1831
1134
1134
1356
1007
214
1028
1224
1037
1831
1217
1164
1292
1402
1329
1402
1483
1240
1285
1285
1248
1484
1831
1292
1299
1277
1308
1248
1361
1396
1440
1308
1287
1003
1356
1398
1266
1303
1357
1271
1389
1421
514
1565
513
1902
2013
1999
1941
1987
1941
2237
2237
2238
1803
1920
2003
1917
1918
1956
1989
1712
2123
1923
2342
2342
510
1872
1197
2529
2596
2219
2599
2423
2415
2437
2335
2385
2238
2105
2105
2254
2254
2238
1303
1415
1252
1300
1286
1306
1658
1782
1658
1658
1224
1390
1874
1606
1266
1256
1356
1402
1252
1769
1726
1253
2011
1010
1136
1240
1025
1038
1248
1247
1210
1658
1009
1814
1782
1782
1973
1973
1814
1016
1014
1056
1926
1015
1300
1264
1328
1309
1309
1183
1421
1357
1265
1421
1367
1880
1961
1186
1265
624
1015
1608
1286
1299
1482
1187
1277
1183
779
1145
1479
1604
1605
1613
1613
1633
1591
1419
1049
1265
1441
1629
1633
1248
1032
1372
1255
1306
1973
1782
1009
1973
1658
1395
1728
1278
1186
1380
1225
1782
1782
1227
1388
1243
625
1517
1697
1038
1285
1389
1831
1134
1606
1262
1248
1247
1247
1276
1604
1592
1033
1560
1215
1561
1357
1269
1220
1248
1247
1740
1328
1309
1400
990
1239
1516
1248
1286
824
1038
490
1243
1394
1808
1003
1419
491
1050
1504
1538
1931
1782
1782
1782
1782
1782
1368
1210
789
1444
1954
1341
4115
4334
4404
4392
4699
4699
4178
4178
4620
4177
1524
1599
1247
1379
1531
1740
1524
1038
1278
1530
1573
1861
1515
1934
1710
625
1643
1033
1489
1442
789
1444
1255
1369
1420
1691
1519
1335
1328
1078
1444
496
496
1671
1414
1667
1955
1966
2013
2013
2237
1318
1538
1782
1538
1769
1538
1380
1769
1807
1286
1973
1782
1248
1306
1814
1782
1973
2122
2122
1932
1025
1643
1505
1574
1730
1692
514
1763
1961
1033
1286
1814
1782
1814
1782
1814
1973
1973
1931
1593
1372
1008
1599
1482
1412
1751
1751
1826
1586
1515
1840
1605
1681
1708
1708
1810
1712
1918
1918
2003
2123
1763
1817
1697
1973
515
1481
1599
1599
1831
1697
1697
1788
1599
1599
1599
1392
1687
1309
515
1444
1603
1444
1539
1723
1617
1897
1450
1768
1134
1364
1415
1973
1973
1973
1973
1931
2122
1567
946
1678
1742
1950
2354
2411
2405
1758
910
909
1470
1790
1791
1474
1689
2925
1254
1626
1038
1182
787
2008
1009
1973
1782
1973
1973
1782
1567
1743
1619
1623
1646
1438
1217
1179
496
567
1824
1782
1782
1398
516
515
1254
1444
1714
1472
1690
1476
1080
1270
1388
1055
1444
1133
1782
1782
1973
2007
2122
2082
1782
1973
1973
1973
2008
1932
1973
2008
1880
1470
1973
1985
1644
1362
1362
1189
1644
1751
1585
1541
1602
1603
1678
1721
1009
1973
1635
1642
1539
1008
1362
1518
1973
1931
1973
1211
1144
1755
1556
1603
1556
1536
1536
1398
1678
1678
1485
1808
1973
2008
2008
1066
1631
1556
1640
1678
1678
1254
1064
1985
1830
514
1780
1613
1613
1660
1741
1947
1462
1660
516
516
1639
516
1851
516
1537
787
1674
1110
952
1961
1521
1719
1444
1556
1640
1710
1926
1603
1603
1678
1678
1777
1777
1365
1362
1861
1410
941
906
1777
1445
1724
1724
1858
1621
1668
1700
1867
1761
1713
1509
1973
2008
1931
1973
2122
2008
2071
2082
2082
2007
2007
1826
1853
1718
1627
1515
1777
2008
2008
2008
1932
2008
2071
2082
1635
1880
1362
1445
1040
1851
1508
496
1412
1645
1722
1792
2461
2907
2944
1650
2833
2643
2643
2692
2872
2523
1707
1723
1807
1082
1574
903
1469
1469
1469
1466
1465
2422
1639
1636
1737
1448
1079
1973
1932
1932
1642
952
1565
918
855
1805
1639
1678
1669
1670
1448
517
1858
1618
2293
2569
1858
2008
2122
1110
1690
1690
1749
1686
1781
1699
1541
1748
1246
1748
1897
1830
1749
1584
1678
1748
1670
1781
1679
2000
1682
1783
1667
1616
1670
1670
1670
1734
1820
1715
1082
1227
2008
1253
1880
1369
1066
1850
1973
2008
2122
2008
2008
2008
1973
1634
1785
1703
1778
1869
1577
1562
1111
1746
1839
1832
2071
2071
1667
1646
1701
1525
1621
1962
1940
1961
2191
1565
513
1730
1572
1577
1759
2421
1914
1731
1724
2082
1817
1573
1686
1701
1668
1682
2122
2122
1063
1845
952
2009
2288
2285
1634
1859
1751
1385
1701
1546
2082
1727
1779
1253
1912
1584
1686
1410
1776
1821
1791
1701
1779
1945
1369
1795
1899
1895
1708
1712
1712
1918
1918
1712
1696
1918
1918
1918
1810
1810
1918
1918
1615
1469
2007
1880
1912
1787
1572
1410
2007
2007
1822
2007
1826
1931
1227
1958
955
1859
1512
1780
1867
1765
1819
1699
2007
1420
1962
1809
1861
2007
2007
2260
1752
2007
2122
2260
1065
1932
2008
1675
1773
2583
2600
3405
2178
2710
1912
1827
1447
2007
2007
2082
2011
1860
1974
1974
1877
1879
2457
2418
1939
1841
1787
1703
1669
1766
1619
1826
1897
1912
1614
1703
1447
1959
2418
1865
1894
1827
1810
1614
1989
2003
1584
1708
1712
1990
1956
1956
511
1706
1706
1706
1931
1931
1911
2107
2107
1860
1790
2072
1471
1821
1892
1893
1888
2767
1995
1880
945
1699
1690
952
518
1841
1798
1699
1711
1680
1942
1774
1806
1774
1450
2291
1913
1781
1708
1708
1781
1781
1781
1810
1706
1706
1706
1781
1781
912
1853
904
1465
905
1663
1849
2005
2408
1938
1572
2081
1964
912
2007
1791
1450
1918
1989
1466
2223
2082
1397
1932
1189
1776
1913
1971
1463
1904
1766
2052
2052
1397
1683
1669
1983
905
1958
1010
1790
1818
1853
1510
1810
1810
1712
1712
1712
1712
511
1990
1898
1856
1708
1672
1750
1974
1974
2332
1997
1810
1810
1810
1781
1466
1997
1758
2411
1369
1810
1712
1712
1712
1712
1918
2003
1989
1781
1670
1679
1647
1679
2448
1781
1752
1881
1471
2409
1696
1696
1679
2000
2000
1707
2463
2324
1669
1466
1784
1856
1764
1572
1863
2175
1951
1852
2298
2298
976
2245
2174
2256
2298
2298
2347
2394
2298
2133
2133
2133
2298
2298
2348
2246
2298
2298
2225
2174
975
974
978
2160
2298
2143
2298
2298
2298
2066
1911
1339
2363
2253
1679
1810
1706
1712
1712
1810
1712
2133
2298
976
976
1863
1846
1846
1974
1912
1695
1868
4866
2245
976
2272
2298
2298
1729
1995
2333
2569
2731
3131
2537
1465
2302
1572
2225
2244
2133
1752
2244
2249
976
1937
2066
2120
1463
1951
2391
2223
976
2225
2143
2160
2298
2302
2006
1781
1781
1810
1810
2291
1706
2298
2402
2120
2095
2133
2133
2298
2348
2394
2285
2288
973
2461
1706
1902
1694
1696
1918
1694
1966
1966
2142
2140
2131
2131
2507
4872
2526
2146
2256
2142
2242
2242
2244
2160
2131
2133
2557
2557
2298
2343
2131
2536
2209
2938
2937
2470
2885
2994
2994
2994
2935
2133
2526
2168
2483
2471
2821
2483
2558
2526
2133
2295
2262
2133
2269
2010
2512
2584
2586
2995
3011
3011
2994
2994
2994
3103
3103
2994
2291
2052
1679
2221
2434
2992
2940
2960
2861
2861
2861
2160
2343
2206
2206
4871
4870
2207
2938
2937
2894
2894
2937
2160
1965
1386
1191
2126
2219
2219
1195
2219
2571
2160
2160
2422
2160
2439
2245
2245
2271
2387
2120
2121
2336
2925
1971
2206
1712
1696
1712
1712
1809
2244
2245
2298
2347
2394
2347
2394
1786
2191
1781
2224
1417
2055
2021
2055
2098
2422
1665
1778
2244
2095
1665
2019
966
1665
2387
2394
2394
2347
2170
1849
2063
2279
4881
4881
1690
2667
4182
2280
2131
2037
2296
977
967
1729
2091
1855
2092
2147
1917
2161
2114
2289
2378
2009
2444
2293
2322
2131
2506
2130
2311
2313
2131
2131
2536
2506
2592
2592
2149
2313
2311
2313
2631
2303
4872
1854
2000
2380
2255
2380
2296
974
1864
1974
1786
2573
2241
1712
1712
1918
1896
2422
1987
1386
2526
2205
2591
2292
2764
1712
1990
1712
1712
1918
1989
1986
1918
2264
2439
2169
2458
2232
1750
1750
1882
2006
2631
2506
2311
2364
2364
2322
1712
1706
1990
2194
2013
2019
2144
1797
2131
2339
2564
2368
2190
2152
2430
2165
3114
1679
964
2398
978
2162
2321
2255
2399
2965
2206
1918
1979
1665
2349
1712
1990
511
1712
1990
1712
1706
2405
2013
2254
2254
2013
2526
2144
1846
2062
2433
2658
2563
1712
1712
4872
1989
2255
2418
2141
2075
1854
2449
2526
2439
2432
2141
2000
2441
2074
1951
1956
1956
1956
1989
1989
2003
2123
1965
2162
2073
2102
2104
2123
1966
2254
2013
2003
2003
1989
2003
2003
2254
2557
2162
2483
2471
2428
2469
1689
2522
2577
2815
2200
1990
1956
1956
2125
2125
1386
2526
2557
2466
2827
2573
2506
2506
2149
2283
2406
2448
2680
2642
2642
2448
1966
1920
2003
1966
2238
2217
2438
2427
1998
2528
1990
2462
2193
2000
1990
2237
2238
2237
2557
2558
2821
2208
2482
2663
4870
2168
2168
2558
2168
2557
2483
2483
2490
2162
1892
2857
2494
1712
2508
2416
2954
2076
2999
2999
2370
2422
1474
1793
2206
2207
2537
2405
2508
2954
2240
2535
1892
1893
2655
1884
2444
2591
2640
2150
2000
2551
2254
2121
2406
2323
2323
1921
2053
2124
1801
1195
1195
2126
1803
2240
1801
1803
1987
2126
2557
2162
2207
1990
1990
2781
1989
4887
2078
2416
2126
2126
2126
2126
2544
2483
2536
2305
2436
2436
2399
2816
2553
4871
1801
1803
2240
2526
2168
2101
499
2308
2878
2566
3103
2210
2861
2861
2399
4881
1847
2571
2234
2311
2506
2149
2506
2592
2536
2324
2509
2238
2238
2240
2671
2534
2546
2163
2353
2536
2536
2506
1990
1801
2240
1803
2325
2530
1194
2530
1801
1988
2126
2126
2220
2219
2219
2126
2126
1988
2220
1195
1988
1195
2440
2939
3050
2606
2574
2771
2926
2460
3091
2399
2509
2163
2442
2617
4124
2619
4034
3771
1946
2757
2459
2536
2324
2101
2311
2815
2815
2078
2077
3032
2534
2857
2855
2679
2448
1952
2816
2240
2240
2325
1194
2279
2219
4996
2796
2893
3444
3619
3419
2545
2808
2987
1893
1893
2149
1648
1921
2367
2965
2168
2526
2673
2653
2162
2764
2692
1707
2523
2230
971
2512
2162
2363
2506
2963
2448
1803
2425
2815
1923
1873
2970
3034
3620
3241
3471
2448
2642
2416
1795
2149
2149
2901
2669
2970
3034
3073
2934
1656
1873
1656
2464
511
2835
2954
2712
2653
2281
2507
511
2716
3685
3641
3787
4214
4298
4315
4334
4335
2123
2546
2200
1649
3491
2981
2728
2664
2606
523
523
523
2420
2420
523
2420
521
3426
2604
3476
4070
4114
522
2858
2792
2791
3090
2604
3400
2574
2443
3083
3340
3772
3703
3882
2072
4015
4124
2149
2149
2592
2149
2861
2209
1707
2448
2613
1882
2813
2813
3658
3802
2699
2889
2580
2871
2871
2341
2664
2861
1649
1923
1873
1878
1878
2351
1878
2330
2504
4988
4992
2279
4882
1975
4879
523
1848
1011
1977
2733
2974
2800
2923
2746
3128
3198
3110
3196
3112
1689
3059
1890
3466
2197
2888
2680
2633
1847
1848
1847
1847
4870
1878
2351
2534
523
4879
2574
2149
2669
2449
2643
1654
2053
1967
2389
1707
4981
4981
4980
2747
3709
2840
2842
3717
3870
3087
3702
2973
2823
1011
2483
972
2779
2483
388
2442
2606
2752
2209
2207
2279
2465
2455
2344
1977
2351
1878
1878
2518
2811
2209
1707
2448
2878
2077
2279
2279
2992
2991
3177
2335
2335
2454
2483
2471
2821
2518
2768
2908
2463
1652
1707
2344
2076
2821
2663
2483
2854
2534
2877
2962
2908
2954
2865
2483
2484
2484
1893
2407
1653
4989
2645
3063
4012
2819
3384
2915
2845
1011
2230
2515
2669
2383
2792
2583
2657
2925
3665
3345
3105
2076
3665
1993
2476
4870
4870
2791
2163
3023
3160
2565
2890
3084
2954
2932
2882
3243
2948
2736
3317
3084
3468
1968
2389
2662
2854
2471
2861
3102
2209
2900
1993
2987
3231
4986
4978
4991
2546
3273
3172
2483
2974
3381
4051
2739
2751
2877
4071
1477
2769
3387
3612
3643
3128
3283
2586
2483
2209
2938
4869
1654
4865
3047
2919
2500
3194
3180
2484
3605
3894
3078
4105
3212
2720
3023
4987
2634
2847
2937
2809
3201
2281
3006
2813
2813
3421
3457
2209
2901
2929
2179
2972
2999
2877
2872
2417
2157
2854
2208
3341
3035
510
2626
2871
2389
2871
2871
2464
2389
2389
1872
2190
3146
3074
2972
3244
2485
2995
3011
2885
2470
1889
2861
2647
3190
2688
2689
3166
2685
2626
2999
3843
399
4071
3186
2746
2919
3316
3283
3778
3082
3318
3691
3319
521
3213
2832
2993
2593
2893
2428
3011
2485
3102
2208
3383
3809
3811
4215
4215
4216
4232
3970
2464
3085
2937
3131
2933
2211
2211
2802
3112
3269
3112
2802
2471
3432
3148
3481
3397
3613
3593
4053
3835
3366
4103
3370
3832
3601
3237
3494
2463
2001
2076
3281
2151
2211
2211
3281
2994
2994
3175
2800
2958
3069
3180
2932
3115
3604
3398
3150
3154
4143
4139
3370
3598
3585
3587
521
3059
2769
1651
1656
2001
1656
507
3073
2690
4883
3243
3103
3277
3103
3277
2475
2471
3059
2580
2933
3147
3011
3269
3794
1655
1656
2934
2830
2991
2002
2921
2211
2804
2883
3001
2711
3779
4246
4166
3654
3603
4013
3863
4162
3864
4145
3863
3792
3649
2209
2982
3494
2580
3103
3103
2994
2995
2995
2894
3236
3225
3683
3354
3382
2001
2934
3103
2994
2994
2994
2994
3069
2999
2635
2711
2925
2463
3386
3341
505
2833
2903
3180
3011
2885
2894
521
3073
2697
2935
2994
2211
2885
2885
2469
3328
3257
3258
4011
3207
3363
3151
3123
4104
3952
3515
3118
3117
3149
1891
3033
2944
3036
2529
3227
3061
2211
3011
2211
2470
2885
3653
2617
2980
2830
2470
2470
3011
2211
2994
2470
2470
3011
3011
2994
3358
3244
3083
4880
3073
3074
2470
3180
2470
2470
3194
3244
3333
3392
3313
2924
396
3400
3400
3354
3159
2934
2934
3034
2935
2470
2470
2994
3268
3203
1651
2470
3372
3440
3632
2716
2717
3061
3314
3339
501
3387
3105
3861
3683
3665
4933
2934
3034
3345
2805
3442
1890
3386
3105
3422
3350
3311
3362
3601
3364
3879
4143
3896
4144
4108
3762
3599
3989
3431
3127
3119
3472
3590
3406
3781
3122
3152
3840
3699
3699
3641
3693
3439
3035
3085
2807
3388
3244
3430
3150
3408
3590
3002
3608
3378
4030
3272
2921
3469
3356
3407
3121
3427
3209
3330
3073
3350
3361
3472
3155
3514
3690
2855
2728
506
3475
2711
3842
3379
1890
2837
2933
3427
3602
3472
3634
4233
3721
4137
3808
508
3493
3613
3583
3690
4104
2769
3109
507
3165
3331
3448
3430
3155
3681
3672
3110
3455
3496
2770
3035
3450
3491
506
3450
3604
2811
3803
2980
3640
3034
506
2494
3952
3518
3457
3628
3471
3399
4017
3780
3240
3495
4246
4165
3496
2753
4067
4067
4298
4326
3491
3181
3471
3402
3585
3671
3804
3804
3851
3755
4213
3502
3978
4003
3900
3900
3900
3900
4077
3900
4077
4008
3900
4008
4107
3644
3644
3678
3949
3557
3903
3949
3949
3521
3876
3566
4909
3696
3557
3872
4931
4897
4929
4930
3996
3556
3521
4912
3947
3947
3568
3568
4237
4193
4131
4073
3554
3668
3950
3521
3696
3996
3985
3954
3955
4009
3904
3922
3535
3907
4300
4304
3914
3907
3737
3944
4915
3902
3874
4234
3876
2717
3214
3477
3403
3258
3459
3585
3860
3598
3551
3646
3670
4084
3639
3549
4016
3876
3591
2621
3696
3558
3696
3950
3806
3169
3429
3585
3795
4072
4017
3696
3730
4109
3159
3783
3988
3773
3155
3696
3558
2812
3596
3862
3074
3630
3402
3558
3756
3568
3275
3162
3477
3261
4081
3688
2841
3644
3645
4107
4073
4073
4911
3522
3566
3721
2729
3674
3484
3558
3851
3950
3761
3500
4126
3647
3670
4020
4082
4018
4011
4084
3538
3872
3872
3831
3474
3474
3522
3696
3558
4029
4124
4290
3048
3557
3968
3755
3756
3003
4197
3703
3698
3711
3471
3791
3675
4073
4041
4901
4033
2912
3684
2917
3240
505
2811
3896
3896
3522
3522
3303
3484
3805
3556
3985
3863
3421
4073
3483
2729
4102
2814
3263
3568
2914
3610
2870
3776
3370
3585
4013
4066
4066
4089
4058
3783
3021
3834
3642
3562
3565
3947
4912
3947
3947
3946
3562
3521
3947
4913
3944
3944
3944
3944
3911
4300
4302
4293
4295
4212
4213
4213
4212
4300
4266
4265
3909
3941
4304
4202
4209
3978
3975
3754
3753
3748
3744
3750
4160
4193
3500
4159
4158
3563
4890
3944
3068
3769
3240
3770
4936
3772
3803
3646
4113
3646
4021
4285
4172
4029
3554
4131
3850
3811
3770
4214
3788
3948
3555
3754
3792
3339
4214
4298
3263
3839
3566
4933
4220
4222
4242
3676
4028
3555
3806
3500
4107
4184
3684
3800
3811
4939
4934
4939
4242
4242
4259
4283
4259
4283
4216
4289
4289
4269
4242
4054
3852
3154
3757
3706
3367
3559
3609
3555
3774
4276
4316
4331
3742
4193
4158
3581
3885
4939
4939
3774
3598
3020
4193
4035
4939
3363
3370
4089
2742
4097
4047
4153
3947
3947
3946
3562
3946
4058
3869
2843
3996
4216
3954
3967
4931
4912
3905
3817
3817
4240
4240
4240
4227
4227
4308
4388
4400
4346
4595
4509
4384
3989
4072
4108
4025
4004
4087
4087
4087
3900
4920
3955
3995
3927
4243
4209
3935
4206
4296
4299
4312
4299
4293
4899
3918
4238
4238
3505
4299
3933
3960
4206
4252
3506
3512
4148
4147
4077
3899
3900
4008
4206
3512
3506
3506
3505
4238
4278
4252
4251
3935
4206
4293
4299
3924
4312
4300
3907
3907
3944
3897
4000
3755
4118
4107
4073
3997
4025
4002
3898
4087
4147
3506
4148
3900
3512
4008
4148
4008
3984
4132
3983
3996
4232
3855
4048
3167
3445
4025
4005
3900
4077
4077
4087
4007
4087
4002
4004
4002
3871
2844
3648
4256
4298
3743
3947
4198
3735
4025
4002
4004
4004
4087
4075
4087
4004
4087
4087
4004
4004
4003
4087
4087
3389
4161
4037
4219
3802
4112
4108
4108
4023
3389
4101
4214
3263
4087
4087
3062
4045
4061
4089
4164
4075
4166
3853
4172
3978
4168
4081
4113
4327
3565
3945
4237
3735
3735
2846
3838
4154
3364
4037
3651
4141
4092
3368
3367
3152
4168
4934
4011
3611
4058
3719
4201
3753
4018
4050
4145
4134
4298
4298
4315
4298
4083
4124
4240
4155
3750
4004
4075
4087
4087
4087
3886
4289
3611
4063
3420
4010
3647
4240
4087
2949
3986
3761
4384
4130
4143
3370
3565
3945
3973
3458
4134
4089
4058
4275
4108
4092
3742
3154
4298
3742
3744
3736
3563
4031
4026
4098
4298
4298
4326
3368
3511
3767
4142
4319
4319
4384
3751
4157
3369
4126
3833
4158
4136
4087
4119
4134
4154
3153
3065
3762
4145
3945
4087
3893
3741
3647
3151
3736
4087
4087
3900
4007
4003
3712
4121
4129
4213
4902
4264
3942
3837
4162
3858
4092
4221
4399
4410
4308
4289
4400
4393
4344
4382
4347
4177
4726
4619
4177
3864
4157
4329
3944
3737
3744
4008
4008
4224
4222
4046
4111
3262
3737
4917
3912
3900
4087
4046
3365
4087
3900
4195
4250
4249
4211
3900
4077
4008
3900
4384
4077
4918
4257
3919
3940
4308
4403
4378
4227
4308
4227
3900
4377
4345
4455
4601
4558
4601
4412
4204
4308
1349
4308
4404
1349
4395
4345
3911
3900
3506
4393
4308
3900
3900
4008
4282
3915
4305
3900
3900
3512
3505
3900
3505
3512
4387
3506
3505
4377
4412
4314
3937
4251
4898
3918
3937
4443
4395
4450
4566
4439
4564
4333
4396
3512
4395
4379
4455
4411
4378
4399
4293
3960
4400
4566
4278
4206
4250
3505
4278
3505
3505
4566
3512
4206
3962
4251
3917
4293
3934
4393
4601
3512
3918
3918
3958
4516
4395
4400
4282
4336
4403
4439
4439
4566
4448
4566
4439
4450
4390
4566
4345
4566
4566
4178
4698
4450
4439
4382
4699
4445
4558
4453
4451
4451
4698
4438
4438
4681
4534
4550
4581
4681
4681
4452
4356
4736
4686
4572
4739
4738
4668
4662
4423
4947
4589
4532
4532
4591
4591
4606
4622
4622
4574
4699
4548
4548
4438
4729
4178
4178
4179
4701
4379
4564
4444
4699
4698
4451
4451
4544
4547
4350
4350
4415
4564
4962
4451
4451
4558
4558
4601
4564
4564
4564
4346
4558
4595
4699
4451
4698
4558
4349
4698
4698
4601
4565
4417
4452
4356
4657
4712
4587
4730
4642
4493
4493
4732
4610
4610
4610
4667
4686
4686
4693
4529
4954
4954
4588
4550
4618
4347
4347
4677
4564
4451
4351
4698
4351
4698
4346
4380
4351
4438
4684
4698
4581
4534
4380
4179
4563
4493
4493
4610
4432
4358
4426
4756
4668
4675
4520
4423
4952
4434
4574
4591
4532
4476
4433
4591
4703
4451
4493
4532
4532
4571
4475
4606
4574
4435
4348
4741
4493
4617
4701
4179
4493
4532
4609
4432
4382
4380
4701
4565
4494
4529
4532
4952
4493
4532
4618
4580
4438
4532
4609
4589
4574
4435
4956
4668
4574
4475
4722
4438
4698
4591
4665
4960
4609
4618
4667
4681
4584
4618
4617
4588
4618
4588
4652
4584
4606
4560
4653
4591
4665
4606
4606
4347
4571
4591
4178
4532
4571
4571
4686
4419
4356
4434
4352
4438
4417
4452
4682
4580
4726
4178
4347
4729
4602
4436
4356
4356
4416
4419
4659
4435
4956
4575
4610
4438
4620
4668
4738
4464
4423
4416
4416
4627
4435
4685
4602
4686
4686
4672
4657
4354
4430
4741
4675
4682
4452
4438
4717
4418
4418
4701
4352
4593
4593
4355
4738
4620
4620
4430
4432
4610
4610
4572
4572
4713
4713
4677
4713
4651
4756
4756
4638
4756
4686
4179
4664
4602
4436
4573
4618
4452
4717
4550
4550
4731
4620
4550
4610
4422
4664
4430
4692
4692
4572
4572
4422
4422
4639
4610
4677
4550
4355
4422
4692
4430
4739
4611
4755
4418
4664
4550
4177
4619
4550
4438
4436
4638
4685
4755
4713
4713
4420
4713
4730
4685
4638
4717
4348
4653
4610
4726
4726
4653
4685
4649
4623
4639
4749
4422
4611
4452
4355
4419
4736
4422
4452
4716
4684
4726
4422
4422
4756
4651
4692
4726
4573
4550
4716
4649
4716
4587
4357
4731
4731
4716
4731
4572
4572
4572
4731
4735
4611
4573
4754
4657
4611
4422
4436
4355
4668
4713
4713
4685
4651
4755
4713
4713
4420
404
62
405
357
95
405
236
405
405
405
138
95
117
336
4764
201
1320
1320
1291
852
1320
934
981
1164
948
1164
1039
1320
849
1164
1036
752
1320
1402
852
1039
620
1147
1217
849
1291
1402
1291
1377
1405
1377
1320
1291
618
826
415
780
826
946
1536
4853
946
415
919
2223
4870
4871
4870
4867
4871
4870
2526
2073
4994
2344
2344
2344
1974
1974
1877
1194
1860
1877
2279
1877
2332
1750
1878
2920
2076
3911
3521
4087
4927
3911
4922
3897
4001
4922
4278
3512
3955
3949
3918
3944
3567
4914
4912
3874
3536
3905
3874
3902
4895
3904
3908
3533
3925
3916
3532
4004
4077
4077
4077
4077
3562
3567
3510
4077
4002
4148
4916
3898
3521
4315
4227
4240
4283
4283
4283
4240
4216
4216
4227
4289
4077
4639
4681
4532
4594
4430
4493
4493
4417
4639
4418
4432
4529
4532
4177
4894
3565
1377
1377
1257
4881
2571
2219
2219
2279
1847
2063
4878
2330
2279
1847
2330
1976
1847
2279
1878
1878
2279
1847
1847
2279
2279
4881
1976
2279
1847
4881
1976
1973
2008
1814
1782
