211
34
2
278
278
223
46
130
193
502
317
64
317
36
392
258
233
274
257
86
228
228
52
49
116
233
105
85
104
104
233
171
86
95
94
365
365
262
95
97
280
290
7
313
223
3
313
107
86
112
112
105
274
233
85
4767
4767
4767
4767
233
105
233
274
256
93
93
295
295
115
91
93
110
171
172
297
296
97
250
304
262
105
105
105
105
112
112
111
228
228
112
228
105
95
112
256
92
105
233
105
105
95
86
86
111
317
112
92
262
105
97
286
181
181
429
516
126
528
433
516
182
282
178
105
228
86
97
79
304
112
51
51
169
66
105
233
233
233
274
233
233
104
85
49
116
92
105
258
369
258
116
116
92
105
4767
251
74
97
74
3
105
92
92
169
219
280
82
42
281
451
451
451
44
504
504
504
503
503
515
503
192
1432
673
341
514
514
121
180
229
525
199
138
400
122
502
502
87
262
105
89
274
117
211
169
199
105
138
41
138
112
256
266
34
117
105
233
274
92
235
217
7
105
137
41
138
128
420
420
540
540
249
105
233
219
213
235
233
75
174
115
133
28
166
229
105
233
233
53
77
309
117
221
249
235
274
116
200
71
178
129
420
233
85
115
263
34
276
288
4
6
313
313
313
314
233
313
286
420
403
105
105
55
163
369
426
4758
369
164
28
28
24
219
290
253
166
321
233
235
128
233
4
313
413
389
365
89
256
105
420
128
4757
420
420
274
401
4767
290
281
401
394
82
235
116
116
122
128
128
514
344
465
465
465
1309
1309
1349
468
2560
3021
4217
3845
3558
3558
3626
3654
4258
4347
3664
4138
4079
4344
274
274
297
429
104
387
130
128
129
129
509
514
129
528
544
546
347
546
625
540
4
313
4
394
402
233
274
401
85
116
4
429
223
85
116
4767
274
297
290
405
233
401
283
283
182
508
406
258
233
172
104
401
401
456
401
4767
7
233
104
55
258
258
164
4760
265
540
29
182
182
182
508
442
504
505
519
662
283
540
7
7
504
47
314
182
43
508
508
451
443
442
504
265
129
402
502
7
413
504
451
182
503
504
504
397
182
406
182
182
504
503
191
1432
1484
1454
1456
1697
2026
2726
3009
3009
2763
3463
3125
3585
3267
3172
3172
3284
2639
3284
2648
481
481
3056
2646
3056
2646
3056
2638
482
2650
2333
1863
1614
1369
1699
2055
2140
2849
2680
2540
4880
4979
4989
534
535
448
509
503
504
503
504
442
504
504
504
504
504
625
504
507
503
678
126
503
516
535
502
661
750
516
528
546
662
123
515
504
443
443
451
432
433
528
126
516
516
407
505
503
516
508
505
504
505
535
526
526
458
504
442
504
442
535
508
535
451
508
740
662
694
1349
694
1349
508
745
4810
684
577
4810
745
577
654
4790
685
654
654
654
579
844
887
4782
4836
1010
1055
1011
1272
589
1428
1324
1520
1191
591
1002
1003
1003
979
592
991
981
745
745
4810
4810
577
4792
4790
685
577
563
573
651
652
629
504
525
534
577
580
887
4781
4834
1208
654
654
654
654
4790
792
656
4799
657
654
654
654
4782
895
658
949
408
12
693
546
1351
849
1613
745
745
653
745
654
745
654
746
577
653
652
442
508
505
505
527
745
4810
546
654
654
654
654
654
654
654
192
1557
546
1349
1349
690
745
4810
4810
791
745
4810
745
653
654
654
654
654
654
508
504
654
4816
4816
844
895
656
4810
4810
577
745
684
685
796
840
4837
4826
850
4837
4825
12
661
652
525
406
458
192
749
887
661
661
908
908
1339
1484
684
376
693
546
544
465
1349
661
656
895
465
546
654
654
762
126
4816
647
4810
629
688
629
629
4831
629
4804
753
1558
1484
1484
1457
608
4816
4782
662
344
544
844
4810
690
629
526
656
629
651
192
1558
629
688
887
4792
769
688
579
1395
846
880
1092
911
821
546
758
1515
753
4837
688
755
1069
633
685
761
1500
662
850
191
1055
716
761
758
900
4836
4792
690
863
673
347
347
761
863
4973
1208
1210
4972
4834
758
722
1069
910
821
1055
1055
4967
907
1500
1744
1433
1789
1902
1434
1518
4852
1518
1744
1897
1896
4851
722
915
898
545
915
849
1343
1055
1055
1067
4815
4815
4835
842
898
1107
658
4792
658
658
4831
4835
4835
1518
1538
751
1431
1431
465
1309
1415
1340
347
646
942
942
1342
1951
1742
2274
2274
1915
1435
2394
872
922
2064
1858
1765
2613
3099
2134
2374
2117
2924
2835
2924
2493
2845
3071
4815
4815
646
846
880
942
1107
1105
1406
1010
840
881
1000
957
592
592
979
957
1191
1000
1219
913
820
1000
1137
1152
1658
1779
1213
1081
1453
1453
1506
1810
1044
1658
1044
1042
1791
2292
2340
971
2506
2480
4999
4997
1096
1005
1137
1019
1137
1003
1003
1003
979
979
4967
1190
1091
1497
1096
1000
955
957
592
1002
993
595
982
980
979
1257
1213
1656
982
722
1190
955
592
956
1410
659
659
984
753
1096
1190
965
1334
1331
1506
965
958
1071
1040
1381
1042
1761
1710
1805
1658
1018
1907
1029
1030
1126
1222
1071
1008
1191
1406
1266
1138
795
464
1137
1334
1471
1658
1044
1044
1563
1432
1096
947
897
592
1052
982
1010
4815
1395
4835
1127
4835
4972
4835
4831
4831
787
1518
1071
915
348
849
4854
1708
881
881
913
960
1189
964
347
1132
4973
1395
1395
1263
1015
965
1137
1034
954
953
915
1350
786
4794
989
1151
1099
881
954
1002
849
595
984
984
984
1428
1428
1010
1131
956
965
347
1083
914
1428
1138
1138
4835
4832
886
586
1394
4972
1395
1015
1208
1206
1130
1002
1015
1089
1001
960
4835
1071
1016
1071
1016
1137
1151
1015
1349
997
1428
4973
1039
1259
1154
1155
1502
1226
1299
1283
1160
1356
2336
1183
2530
1183
1182
2399
2368
2784
1169
2998
3266
3611
2863
3237
1170
1170
2997
2580
1181
1181
1300
1249
4835
980
1188
1188
1690
1489
982
1001
1126
1089
1223
1278
1265
1395
1230
1729
1337
1202
1583
1208
1264
1407
1294
589
1089
1506
1658
1112
963
1588
963
1453
1045
980
960
998
1472
994
994
1140
1126
1381
1089
1282
1558
1141
1156
1448
1768
1357
1373
818
1324
1103
1530
1126
1071
1334
753
1518
1231
1241
1383
1353
1347
1270
1193
1484
1285
1326
1250
1112
1144
1126
955
1453
1658
1658
1453
1256
1450
1406
1126
1032
1305
1907
955
998
1265
859
1254
1130
1267
965
1144
1324
914
1403
941
1247
1089
1222
1275
1206
1092
1199
1281
1126
1031
1126
1021
1277
1450
1331
1484
1558
1090
1724
1359
1381
1381
1658
1324
1105
1518
1006
993
1550
1218
1247
1744
1518
1744
966
1677
1043
1710
1205
1227
1309
1440
1843
2696
3618
3896
4347
4258
4340
4355
4355
4399
1319
1319
1319
1319
1319
1406
984
1406
1762
1335
1144
1362
1428
1106
1294
1140
1141
1334
1331
1152
1563
1152
859
1589
818
1430
1430
1430
1430
1430
1349
1934
1766
2497
1188
1216
1405
952
1242
1349
1310
1735
1584
1100
1247
1532
1355
2468
1331
1485
1360
1024
1296
1562
1810
963
1658
1562
1658
1810
1582
1846
1294
1288
1283
1160
1246
1382
1757
817
1658
1044
1044
1506
1658
1810
1044
1044
963
1805
1261
1406
1405
1126
1381
1506
1506
1185
1286
1383
1883
1386
1815
2077
1183
1392
348
1336
1810
1805
1404
1206
1402
1403
1204
1370
818
1292
1266
987
1267
1126
1392
1456
1416
1415
1654
1623
1637
1799
1475
1440
1335
1472
1329
1810
1044
1810
1042
1599
1675
1600
1855
2231
1641
2472
1895
1611
1880
1849
1478
491
2931
2275
1267
1216
1299
1102
1506
1044
1730
1578
1418
1476
1715
1272
589
1294
1011
1440
1597
1520
1730
1334
1452
1551
1697
1441
1644
1965
2405
1472
1287
1304
1651
1577
1810
1810
1044
1332
1810
1810
1672
1503
1531
1490
1126
1334
1331
1381
1506
1506
1331
1381
973
973
950
1599
1599
1658
1658
1332
1280
1696
466
1126
1381
1331
1333
1381
1538
1708
1693
1457
1693
1331
1652
1652
1579
1806
1779
1381
1897
977
1652
1715
1670
1656
1099
1523
1725
1244
1714
1455
1714
1789
1383
1664
1587
1540
1743
349
349
349
1487
1214
1550
1656
1433
1274
1526
1454
1599
1652
488
1668
1506
1471
1152
1338
464
1544
1541
1568
490
1624
1418
1887
1950
1573
1576
1332
1045
1332
1658
1562
1562
1483
987
1214
1332
1332
1201
1331
977
1542
1543
1647
1228
1833
1686
1573
2232
2284
2841
3415
2960
1945
3037
479
1575
1482
1825
1154
1897
1724
1724
2355
2598
1633
1695
1655
1810
1810
1229
1846
1299
1724
1724
1802
1675
1905
1659
1594
1418
2577
2711
1810
349
1965
1479
1551
2351
1577
1667
1098
1636
996
1656
1736
1471
1538
1871
1954
1667
1645
1144
1662
1868
1667
1849
1849
1429
1442
1679
1894
1471
1687
1810
1477
1441
1680
1671
1775
1962
1896
1724
1623
489
1564
1756
1757
1715
1417
1274
1420
2221
1807
1700
2293
1300
1365
1238
1789
1902
1601
1922
1705
1658
1229
1727
1569
1471
349
1769
1878
1742
2634
2633
2274
467
1017
1506
1471
1261
1564
1680
2013
1725
1563
1718
2221
2377
1572
1737
2563
469
2559
2558
1903
2345
1166
2400
2371
2399
1166
2370
878
1658
1830
1629
1354
1850
1332
1562
1562
1963
1311
1740
1862
1590
1860
2231
1598
1658
1311
1330
1506
1850
1658
1379
1762
1873
976
2633
2222
2222
4217
2634
2703
1731
2061
1517
1908
1908
1813
2273
1795
971
2365
971
4995
1798
1948
1800
1220
1953
1944
1665
1778
1699
1925
1030
1658
2402
2218
2339
2339
1893
1852
1355
1822
1919
2657
2562
1780
2013
1828
1926
1926
1826
2273
1830
2548
2221
3194
2874
1446
2716
2377
1793
1639
1950
1311
1910
2165
1870
1418
1914
2274
1724
2274
1829
2060
1738
2004
2332
2285
2332
2332
2332
1868
1506
1895
1850
2274
1764
2025
1645
1494
1481
1896
1914
1645
1645
1817
1943
1895
1728
2221
2026
1922
1601
2073
1017
1953
2408
1660
2296
2059
1915
2292
1812
1767
2382
1421
1601
1896
2332
2359
1895
1943
2191
1925
1926
1795
1796
2365
4995
4990
1851
1749
2285
1965
1902
2297
2439
2268
2075
2401
2371
2285
483
1661
1610
1955
2377
2548
1861
2405
2075
2267
1957
480
3196
3087
3087
480
2267
1377
2221
1663
1775
1937
1960
1899
2191
2120
2855
2855
2855
2181
2237
1858
2120
2120
2115
2909
2909
2337
2084
2120
2115
2909
2855
2412
2855
2421
2421
2386
2677
2337
2412
2412
2235
2121
2120
2855
2412
1726
2199
2273
2200
2807
1641
1661
1918
2358
1167
2333
2855
2855
2846
930
2855
1704
2014
2015
2015
2364
2273
2165
2192
2412
2846
2846
2337
2115
1027
2548
2695
2241
2768
1602
2472
1639
2297
2846
928
2846
929
928
928
2412
1898
2000
2539
2488
2355
2028
2235
2363
2363
930
2337
2564
2241
1824
2191
930
2060
1915
921
1781
2120
2120
2909
2834
2274
2230
2230
2266
2332
1355
1165
2217
936
2152
2164
2309
2328
4861
2493
2271
1890
2321
2297
2363
2297
2154
2186
1980
2084
2845
2945
930
1980
2152
2153
2523
2575
2575
2911
2655
2709
2709
2709
2766
2655
2416
4861
2889
2888
2158
2810
2944
4862
2417
2845
2274
2084
2274
2000
2222
3070
2317
2982
2709
2709
2709
2147
2147
2147
2727
2027
2488
1969
2063
1875
924
2263
2302
2079
2225
2154
2154
2309
2265
2083
2157
2489
2441
2483
2820
2911
2911
2404
1702
2446
2479
2479
2532
2532
2465
2531
2084
2412
2028
2355
2421
2855
2846
2855
2855
3071
2274
2222
2208
2573
2235
2084
2345
2370
4865
2421
929
929
2493
2924
2115
2115
2924
2497
2015
2405
2333
2192
2386
2181
2127
2056
2469
2355
921
922
1859
2357
2855
2924
2924
2924
2493
2924
2945
2183
2506
1797
2139
2559
2838
2875
2164
1964
2274
2043
1783
2228
1862
2350
936
2271
2155
2129
2761
2847
2924
2353
1925
2540
1978
2151
2099
2078
2276
2305
2305
1975
2150
2151
2094
2308
2093
2248
2276
2276
2305
2306
1973
2271
2083
2155
1957
2361
1436
1781
922
928
2218
2015
2273
1795
2544
2608
2361
2329
1162
2479
2479
2462
2040
1973
2607
1823
2361
1161
2479
922
2417
2845
2924
2615
2294
1928
1929
4872
1927
2573
2409
2203
2094
2048
1992
2359
919
2336
1890
2924
2293
2092
2265
1875
1435
2579
2485
2145
2499
2145
2146
2147
922
1435
2907
2845
1616
2042
2001
1936
2440
2360
2886
1163
1435
2405
2562
1165
2460
1786
1811
2220
1828
1890
2367
1435
2443
2345
2399
922
2417
2012
1961
2725
3024
2613
2219
2200
2725
2548
1875
2359
2618
2362
2517
972
971
1701
1890
2361
1181
2371
2517
2460
3058
3169
3241
2158
492
2152
2212
2263
2087
2362
1356
1161
2537
2888
2240
2695
2903
2086
2142
2781
2915
2915
2915
1945
2517
1182
2446
2288
2835
2350
1608
1957
2395
2336
2527
2888
2906
2102
2809
2489
4862
4862
4862
4862
4862
4862
2415
3071
3178
2945
2377
3009
2763
2517
2598
2576
2576
2676
3235
3299
2823
2610
1445
4871
2594
2153
2157
2153
2618
2618
1602
1602
2907
2804
2874
2572
1701
2234
2305
2276
2150
3024
2001
1181
2560
2408
2580
2534
2534
2770
2466
2492
2845
2945
4858
2638
1435
2598
2576
2394
2467
2168
2945
2845
2151
2212
2341
2319
1875
2367
2781
2472
2157
2530
2530
2889
1445
2808
2173
2330
2546
2710
2301
2101
1606
2349
4997
2167
2777
2027
2142
2248
2093
2308
2001
2440
2224
3071
3252
3255
3194
2234
2081
2001
2378
2770
2842
2527
2533
2918
4869
2918
2530
353
2435
2573
2678
2687
2902
3085
2366
2212
482
2598
3218
1447
2184
2428
3265
2697
3434
472
2856
3194
3034
2078
2638
2594
2305
2305
2278
2728
2904
2578
3397
2161
2835
1842
2093
1640
2488
2349
1180
4867
1172
4867
3449
2796
4027
4057
1173
1173
2907
3180
2858
2874
2874
2281
2876
1435
2886
2886
4862
2222
3264
2118
925
2830
2780
2349
2436
2979
2612
2874
3194
2094
2851
2915
2888
2669
2649
3056
3056
2724
2646
2646
3056
2648
2648
2645
2624
3285
3374
3119
4019
3785
3450
3374
3414
3785
4105
3709
3709
3437
3789
3123
2915
2576
2958
2276
2281
2607
2638
2622
3056
2648
2648
3284
3284
3284
3118
3145
3145
3119
3284
3236
3148
3148
3148
2649
2648
2724
3284
2649
3018
2728
2676
2957
2222
2222
2101
2173
2729
2895
3442
3597
3792
3663
3851
2464
3132
2524
2876
3294
1640
4862
4880
4994
2751
2733
4993
2731
2751
2751
2689
2689
3027
3765
2731
2751
2751
2690
3038
3381
3870
2751
2751
2751
2775
2540
3009
2763
3134
3170
3616
2697
3265
2281
2242
2233
2308
2960
3196
479
3180
2184
2140
493
3085
3282
2542
3767
3282
3014
2721
3384
2993
2994
2975
2851
2376
2079
2100
2729
1620
2788
2859
2786
2583
2859
2859
2739
3381
3127
1172
2863
2586
2738
2586
3381
2859
2898
3039
3360
3841
3362
3287
3855
3296
4156
4076
2739
2957
2986
2764
2716
2986
3233
2225
2031
2857
2915
2440
1173
1172
2859
4862
2898
2738
2788
2107
2750
2814
2027
2840
2622
2646
3056
2646
1608
3057
2905
2997
2899
2900
3675
4057
3853
3161
3104
3957
3444
3444
3588
3860
4067
4067
4067
3798
3421
1173
2415
3140
3216
3132
1479
495
3194
2080
2656
1172
2860
3089
3127
2788
2738
2772
4974
3133
3503
2383
2915
2915
2576
2576
2863
2899
2546
1605
4867
1176
2415
2944
2906
2898
2786
2772
2595
3308
2623
2622
3056
2960
1176
2474
1602
4862
2810
3269
2112
497
496
2706
1946
2899
3421
2105
3255
2857
2960
3611
4113
4028
4081
3983
3862
3853
3860
4076
2906
2732
2734
494
480
3044
2904
2797
3008
3009
2390
2895
1603
3476
2676
2768
2779
2441
2810
2906
2906
2906
2379
2283
2623
3203
2637
2609
2904
3753
3675
4057
3360
2690
2762
1640
1178
2157
2135
2104
2158
2523
2256
2707
2511
3196
2343
2601
2343
2767
2860
3126
2106
2768
3059
2979
3070
3421
3113
2873
3381
2815
2751
3298
2870
1609
476
3479
2313
3360
4033
3186
3143
2523
2575
2839
3357
2820
2810
1785
3055
3844
3476
2676
2691
3113
2794
3161
3161
3667
3313
3022
2697
2458
3449
3235
3870
2974
3021
4079
2555
3194
3115
2543
3115
3115
3457
2542
2543
2543
2523
2429
2102
2676
3845
3300
3476
2393
3126
2144
2312
2870
2149
3199
3424
481
3204
2998
2998
3213
2993
3204
4882
1170
2998
3238
3239
3221
4067
2327
3613
3653
3010
2982
2709
3010
3256
2101
3683
3413
2861
3013
3862
4137
4137
3785
3661
3661
3017
3013
3017
2998
2569
3307
3781
2595
3056
2998
3222
3845
3287
3461
3342
3160
3161
2952
3210
2901
2774
2595
2943
479
2795
3222
2914
3043
2256
2256
2876
2700
3467
3465
3465
2606
2724
478
2820
3172
1170
2673
2809
2893
3221
4076
4076
4148
2145
2158
3705
4104
3631
4104
3297
3408
3417
3365
3368
3345
3077
3419
3603
3603
3225
3069
1605
481
2648
2648
2646
3056
2646
481
3056
3266
2146
2146
2146
2145
2146
2146
2147
2146
2145
3641
2892
3476
3235
2655
3705
3342
3365
3365
4053
3348
4035
3340
3409
4053
3324
2751
3085
2727
2724
2722
2723
3117
3146
3145
3145
3316
3284
3284
2648
3284
2624
3145
3321
3422
3119
3119
3119
2542
3032
3753
3675
2147
2484
2147
2102
2974
3115
476
2723
3286
2673
2146
2146
3426
2901
2639
3148
3236
3286
3185
3149
2545
2993
3286
2147
2146
4033
2147
4104
2760
4079
2554
4079
4943
3069
3104
3957
3957
3277
3230
3276
3074
3464
3464
3782
3830
3410
3410
3418
3464
3464
3276
3074
3276
3380
3276
3957
3957
1312
2766
3375
481
2648
2993
2147
2707
2147
2148
2941
4217
4217
2952
2952
2775
2841
3173
2147
2709
2778
2147
2147
3558
3653
2820
3458
3069
2765
2648
2648
2648
481
3284
2648
2648
3118
2624
3284
2645
2641
3285
2640
3198
3395
2778
2790
3235
2709
2709
3381
3284
2648
3201
2721
4025
2655
2147
2709
2655
3165
4156
4152
3166
3166
4213
4212
3419
3347
3343
3433
3389
3631
3631
3342
3631
3631
3115
2986
3115
2986
2970
2851
3594
3239
2727
2149
2766
2147
2147
2655
4156
3461
2574
2968
3384
2655
2148
2655
2655
2911
2503
2941
2911
2709
2709
4156
3845
3458
4075
2648
3698
3284
3284
3870
2655
3235
2709
2959
2709
3558
3164
3365
3427
3331
3342
4079
3133
2928
2694
3284
3118
3286
3284
4076
2655
2148
2709
2148
3224
3957
3230
3276
3342
3308
2148
4218
4055
3069
2895
2829
3284
3284
3195
2640
4067
2760
2543
2973
3789
3437
3294
2639
2639
3284
3164
3193
2753
2768
3284
3284
3284
3236
3118
1603
3631
3360
3371
2684
3316
3315
3267
3476
3476
3476
3476
4176
3865
3225
3368
3603
3409
3454
3577
3335
3227
4097
3427
3453
3344
3367
3365
3365
3343
3365
3193
3084
2839
4135
3284
2624
2624
2624
3200
3199
4076
4076
4152
4122
4076
3845
4055
3368
3342
3407
4075
3380
3276
3342
3365
3105
2794
3185
3384
3429
3458
3458
4097
2901
4055
3342
3276
3308
3118
3653
4176
3407
3859
3368
3297
3365
2541
3315
3145
3321
2641
3321
4019
3119
3450
4019
3457
3457
3457
3457
2768
4079
4243
3957
2756
2928
3375
3476
3045
3459
3332
3367
3389
3075
2688
3210
3439
3870
2721
4067
3202
3225
3297
3344
3365
3870
3384
3185
2721
3355
4152
4152
3225
3367
3342
2693
2624
2659
4152
3297
3033
3321
3422
3450
3119
3145
3374
3414
4097
2543
3448
2641
2626
2627
3276
3342
2932
2986
2986
2932
3834
3085
4127
3146
3422
3146
3374
3374
3123
2640
3389
3368
2986
2932
2717
2718
493
3402
2895
3437
3834
4097
3133
3297
2926
3384
2645
3321
3665
4079
3845
3822
3433
473
472
3663
2698
2839
4076
3437
3202
3859
3567
3111
3574
3619
3668
3643
3609
4084
4050
4898
4048
4048
3553
3553
3867
4898
3567
3388
3104
2932
2971
3532
3530
3530
3533
3533
3533
3569
3568
3533
3533
3531
3512
3580
3658
3483
3532
3530
3533
3569
3533
3481
3598
3598
3598
3567
3567
3533
3533
3634
3658
3643
3531
3530
3531
3649
3649
3649
3530
3530
3530
3573
3530
3532
3248
3532
3594
3170
2768
4076
4152
3166
475
3082
3826
3826
3111
3111
3389
3389
3567
3532
3389
3760
3533
3569
3598
3335
3448
3119
3437
3119
3367
3859
3380
3380
3276
3276
3276
3380
3380
3533
3569
3569
3105
3017
4213
3166
3466
3202
3532
3533
3532
2971
3568
3344
4067
3321
2641
3119
2628
3119
2625
4152
3585
3380
3482
3368
3569
2589
3675
4176
4213
3865
3858
4020
3388
3433
3229
3482
3569
3569
3598
4051
3134
3321
3450
3416
3678
3569
3827
3620
3690
3444
3444
3428
3428
3667
3162
3166
3667
3667
3293
3482
3533
3569
3569
3639
2543
3229
3569
3076
3679
3442
4076
2720
3533
3502
3690
493
3182
3017
3479
3416
3480
3395
2627
3306
3276
3276
3567
3229
3030
3311
2926
3442
4057
3374
3374
3202
3276
3433
3345
3569
3569
3675
3119
4213
3858
3532
3634
3380
3283
3625
3229
4152
3414
3437
3834
3569
3638
3075
3533
4175
4076
3448
3334
3603
3074
3074
3782
3428
3428
3418
3593
3428
3428
3782
3864
3593
3182
3412
2685
3829
3664
3533
3573
3533
3573
3533
3573
3573
3530
3530
3530
3530
3530
3624
3529
3668
3601
3573
3529
3624
3668
3529
3530
3529
3650
3609
3483
3482
3574
3690
3481
3598
3620
3690
3481
3574
3573
2864
3013
3013
3413
3146
3450
3014
3014
3616
3438
2629
2718
2718
3457
4035
3457
3642
3781
2668
3344
3390
4213
3442
2934
3438
3709
3709
4100
3380
3464
3370
3457
2542
3679
3105
3030
3031
2861
3465
3626
4019
2934
3532
3585
3601
3680
3074
3569
3012
3442
3875
3807
3465
3438
2934
3440
3477
2674
3448
3626
1315
3643
3532
3334
3168
3853
3409
3075
2864
3442
3032
2542
3767
4078
4139
4347
3468
3577
3029
3448
3448
3440
4943
3783
3858
3032
3182
3168
3481
3374
3450
4213
3465
3227
3464
3074
3642
2791
3346
3410
3343
3573
3162
3166
3162
3162
3654
3643
3014
3643
3581
3531
3533
3483
3630
2934
2935
2935
3171
3477
4349
4349
4345
4345
4341
4342
3603
3696
3572
472
3166
3521
3722
3541
4071
3721
3513
3580
3580
3580
3580
3650
3650
3624
3624
3624
3624
3624
3623
3697
4084
3746
3512
3649
3623
3650
3650
3609
3507
4902
4918
4898
3592
3510
3528
3750
3784
3528
3623
3624
3624
3624
3624
3624
3649
3669
3649
3530
3658
4213
3107
3418
3390
3574
3644
3514
3656
4899
3524
3526
3525
3527
3746
3658
3632
3657
3448
3448
3864
4159
3464
4135
3644
3793
3609
4154
4204
4225
3521
3833
3860
3860
3864
3340
3418
3776
3577
3601
3533
3514
3833
4225
4173
3644
4225
4888
3951
3656
4899
4215
4233
3162
3853
4213
3014
3767
3597
3031
3282
3159
3577
3347
4057
3162
3864
3667
3162
2791
3410
4173
4113
3593
3368
3860
3464
3343
3502
3799
4243
4137
3679
3654
3166
3372
3079
3388
3530
3601
3601
3573
3862
3633
3391
3419
3419
3860
3161
3181
3390
3369
3343
3448
3448
3448
3448
3166
3166
3166
3668
3900
3336
3335
3418
3782
3782
3864
3679
2935
3861
3679
3346
3481
3485
4070
4225
4275
3727
4225
3448
2674
3083
3162
2692
3829
3860
3792
3897
3413
3660
2685
3410
3454
3391
3419
3573
3573
2791
3754
3166
3428
3166
2685
2953
3369
3369
4058
3679
3481
3574
3601
3601
3577
4137
3680
3861
3663
3454
3635
3853
4243
2935
3369
3619
3690
3228
3078
3410
3573
3853
3603
3419
3370
3577
3690
3573
4057
3603
3078
3372
3574
3542
3752
4904
4154
3622
2791
2865
3601
3575
3668
3668
3529
3668
3654
3372
3410
3603
4240
3626
4344
4307
3477
3477
2674
4344
4340
3895
4345
4345
4345
4521
1319
4660
4399
3830
3619
3896
3530
3530
4049
3713
3626
2686
3372
3619
3530
3530
3530
4204
3951
3372
3530
3718
3609
3581
3624
4351
4111
3712
3713
3668
4898
3530
3529
4307
2935
2935
4349
2935
3628
3561
3662
4346
4351
4542
4530
4542
4542
4340
3807
3684
3684
4347
4241
1315
3883
3883
4349
3669
4036
3677
4339
2935
4964
4110
4343
4344
3624
3525
3525
3610
4000
3524
3624
3684
4347
1315
3628
3628
4351
3624
3784
3624
4349
4351
4542
4342
4338
4351
4347
3525
4351
3895
4355
3894
4258
4258
4077
4344
3624
4351
4347
3511
3511
3528
3682
4351
3623
3591
3623
3623
3623
3623
3623
3624
3624
4351
4339
3528
3528
3624
3896
4339
4344
4340
4340
4341
4340
4341
4341
4341
4341
4340
4341
4345
4340
4341
4529
3895
4340
4341
4660
4660
4402
4542
4341
4345
4345
4341
4530
4529
4345
4542
4529
4529
4643
4660
4643
4643
4643
4399
4566
4566
4643
4643
4643
1319
4643
4643
4643
4643
4643
4671
4643
4643
4643
4643
4566
4643
4643
4643
4643
4542
4542
4542
4660
4660
1319
1319
4660
4345
4355
3895
4341
4345
4660
4660
1319
1319
4542
4542
4542
4660
4660
4660
4530
4542
4530
4529
3894
4530
4341
4530
4530
4341
4529
4399
4355
4345
4345
4345
4341
4660
1319
4345
4660
4530
4542
4643
1319
4341
4643
4643
4566
4643
4563
4645
4671
4643
4643
4643
4643
4643
4643
4643
4643
4643
4643
4643
4643
4643
4643
4643
4643
4566
4566
4521
4345
4345
4345
4643
4643
4529
4345
4530
4660
4636
4660
4643
4643
4660
4345
4345
4345
4530
4643
4643
4660
4660
4542
4643
4530
4643
4345
4643
4643
4643
4643
4643
4552
4552
4566
4671
4603
4552
4643
4643
4643
4643
4566
4643
4643
4643
4566
4710
4643
4345
4345
4643
4643
4643
4643
4643
4643
4643
4643
4529
4542
4710
4643
4643
4644
4660
4530
4345
4529
4710
4643
4643
4643
4643
4643
4345
4345
4643
4345
4643
4660
4305
4643
4643
4643
4345
4643
4643
4345
4643
4643
4643
4566
4566
4566
4643
4643
4643
4643
4643
4643
4660
1319
4643
4643
4643
4542
4399
4643
4643
4345
4521
4305
4305
4345
4643
4643
4566
4552
4305
4643
4643
4566
4345
4345
4643
4566
1319
4530
4345
4643
4643
4645
4643
4643
4643
4660
4345
1319
4566
4521
1319
4345
4660
4566
4563
4566
4566
4643
4345
4566
4566
4643
4643
1319
1319
4552
4552
4552
4542
4566
4643
4566
4566
4566
4566
4643
4643
4643
4645
4305
4643
4552
4643
4643
4643
4660
4643
4643
4643
4643
4552
4566
4671
4566
4643
1319
1319
4643
4643
4643
4645
4645
4563
4671
4671
4643
4563
4671
4671
4671
4671
4552
4566
1319
4552
4671
4671
4671
4345
4660
4660
1319
4671
4671
4660
4645
4645
4563
4563
4563
4563
4643
4643
4345
4558
4643
4563
4563
4645
4643
4643
4566
4521
4566
4660
4521
4645
4566
4552
4671
4671
4643
4643
4643
4671
4671
4671
4643
4671
4671
4399
4521
4566
4643
4645
4399
4671
4566
4671
4566
4552
4563
4671
4643
4521
4643
4645
1319
4521
1319
4660
1319
4671
4563
4671
4660
4671
4671
4660
1319
1319
4671
4671
1319
1319
1319
4563
4521
1319
4563
4563
4563
4671
4671
4563
4671
4563
4671
4671
4671
4671
4767
75
258
116
104
76
4767
104
4767
69
89
132
309
365
1268
1127
633
4792
654
1010
4810
4826
4810
654
4825
4782
755
4835
1011
573
563
1048
4831
1272
4810
4782
633
1210
589
1011
4825
1464
685
792
1138
577
945
1272
654
653
4831
4967
654
1035
1309
465
1309
465
1558
1484
1528
1484
1484
1692
348
4858
2416
2416
2489
2906
4860
4860
4860
4873
1170
3237
3237
1796
2365
2860
4867
4871
4999
1173
4994
4993
4998
4995
4981
2924
2118
3235
3524
3532
3533
3530
3530
3513
3513
3579
3509
3697
3531
3529
3532
3530
3573
3530
3530
3530
3530
3530
3530
3531
3649
3649
3669
3530
4899
3554
4905
3720
3533
3624
3746
3600
3508
3632
3608
2543
1315
3171
3171
3561
3561
3465
3465
3477
4049
4643
4643
4552
4643
4644
4643
4643
4643
4643
4643
4643
4643
4643
4643
1319
3533
3533
3533
1465
1461
1208
1395
586
1407
1462
4997
2859
2859
4982
2582
2533
2532
2582
2772
2772
4987
2583
2859
2825
2583
2583
2533
2583
2531
2583
2786
4988
4981
2582
2582
2531
2583
2536
4978
4988
4991
4985
4877
4982
2771
4866
2709
2624
3119
4019
3145
3119
2644
