217
361
365
146
253
376
379
572
442
798
701
1080
1137
163
35
163
61
59
59
56
4811
4811
4811
57
300
4807
4807
4807
59
59
4807
300
5
300
57
299
177
175
218
149
379
146
479
361
317
368
145
113
234
112
60
55
29
29
117
4819
29
29
60
131
233
61
203
57
248
300
4807
61
233
185
201
201
201
201
57
299
31
119
78
80
60
55
66
299
172
300
1
80
35
11
299
31
31
21
92
181
316
112
66
113
66
30
299
299
299
142
143
195
340
103
103
939
939
4862
382
857
152
857
152
475
340
340
57
4811
173
173
143
444
57
58
173
175
98
299
4807
4807
4807
4807
21
117
21
31
21
59
117
21
31
21
91
363
217
249
299
206
4807
31
4807
175
40
143
108
195
450
620
556
556
556
697
651
651
798
647
1080
736
725
1143
649
1142
1142
954
382
694
308
1080
914
145
195
583
734
940
112
4807
4807
62
204
97
114
257
108
58
108
335
317
234
1
57
361
108
4807
317
60
108
368
442
572
556
80
80
173
333
195
9
938
771
463
92
57
57
108
181
80
108
146
233
233
340
475
30
110
241
92
163
218
143
21
92
31
463
374
110
340
10
335
475
771
1
92
19
92
132
88
201
218
253
257
7
376
187
56
218
253
250
475
253
21
31
59
21
59
62
88
59
56
62
133
4807
40
335
146
376
167
92
572
101
29
365
146
376
456
214
1
56
146
452
324
253
335
60
29
4819
186
474
29
187
442
379
938
21
335
4862
382
1180
1180
280
280
1264
2509
3846
4030
4349
4349
4423
3663
4071
4455
4433
4077
4419
4265
4077
4294
29
185
188
146
4819
459
694
4862
954
771
4862
1180
384
1180
1180
4866
4862
771
253
324
146
253
187
694
56
29
59
233
187
771
938
29
21
103
20
186
103
186
463
380
380
457
88
92
204
938
92
59
59
376
456
694
21
21
59
59
59
4863
59
152
152
717
380
1818
1786
1818
4863
561
556
556
620
624
574
694
380
733
459
857
561
556
456
475
456
697
722
381
620
620
1137
763
729
729
627
1357
1519
2411
3659
3759
3974
2648
3903
2964
3488
3486
3486
3486
3486
3486
2925
2925
2925
2925
2925
2925
2925
2925
2925
2811
2586
2586
2586
2586
2586
2586
2864
2951
2864
2951
2919
2864
2864
2855
2855
2247
1891
1719
992
1606
1211
994
1214
1262
2050
2499
2853
2830
2766
2928
382
382
624
152
636
380
620
620
556
556
279
651
722
798
152
152
152
152
4863
4863
152
651
458
736
1142
895
857
1180
561
954
458
651
651
647
620
717
717
4863
1371
1371
717
651
798
706
380
620
914
913
954
620
717
380
1371
1180
4864
1264
1180
1264
911
490
628
528
628
628
628
490
490
490
528
490
490
490
571
490
490
490
490
490
563
542
542
542
601
746
746
754
831
832
880
848
515
1334
937
837
1449
490
490
628
628
628
628
628
628
628
628
628
628
628
628
628
628
628
647
556
647
666
912
382
628
490
490
490
490
490
628
490
591
490
592
590
753
741
490
490
490
490
490
563
594
658
793
848
723
556
1142
4867
4864
3152
1378
528
528
4827
528
490
490
628
628
490
628
620
620
628
4862
4827
490
490
490
490
490
490
591
490
490
914
1142
1180
1180
1280
628
628
628
628
490
628
628
628
628
528
490
490
490
620
620
490
490
490
490
490
490
658
547
628
628
628
628
530
530
639
661
617
617
617
617
684
490
684
628
620
380
620
734
380
563
763
4862
1143
1143
1180
1180
725
627
4862
490
1378
1180
280
1280
4864
1137
594
4862
1180
591
4863
4862
490
4862
490
628
635
617
617
628
617
617
661
617
620
1144
1143
1368
729
1188
4863
628
563
490
1371
4863
1143
590
628
617
620
590
617
617
628
1144
1598
1598
617
628
530
591
617
617
676
924
807
1072
925
741
4863
1378
3010
2395
2395
2395
2081
4863
617
617
661
661
641
1491
763
628
763
542
620
661
734
1378
1369
741
658
547
635
590
725
1280
658
672
758
672
530
490
490
753
768
661
763
753
658
590
1818
1491
1368
627
3152
3450
3601
3200
3219
1818
1369
3313
3219
3105
1378
728
753
1378
676
1378
3010
3010
3219
741
542
639
661
639
704
610
658
658
658
764
741
854
610
4828
1491
3313
764
627
1180
384
384
384
741
280
807
848
848
1180
3152
3450
3450
3562
3601
3527
3601
3527
288
288
3563
3552
3563
3562
2978
2978
3641
3656
295
3000
3553
3553
3553
3553
285
3553
3223
2496
285
639
661
679
925
854
658
793
793
639
829
1818
839
800
801
519
852
925
838
805
1072
838
809
1412
512
1099
1184
1052
820
2199
2739
2739
835
825
1379
935
1030
830
848
802
830
715
825
1335
799
838
851
839
841
1030
1449
900
956
517
853
953
841
791
835
1355
840
901
793
793
504
627
928
881
1372
1419
805
862
1074
1096
1051
894
1445
1697
1826
1229
1125
1074
945
793
793
793
763
2395
979
827
1695
1640
1349
1419
943
1598
607
490
563
544
518
937
901
793
704
604
641
704
704
704
628
4827
4827
490
1491
862
858
3382
1369
3219
3601
3561
1166
1072
1030
804
853
1280
742
672
672
805
933
935
807
518
1369
1369
2019
607
1355
942
1335
1334
1302
1302
845
831
506
902
793
793
901
1143
1030
848
848
746
746
530
529
607
607
527
672
896
672
672
742
741
662
859
1031
832
704
916
1070
1067
984
979
980
672
1302
958
672
827
1172
1212
879
988
1114
876
1731
1587
3204
3204
3083
3083
3083
3083
2855
2855
2855
2811
2951
2586
2811
2811
2586
2586
2925
2811
2925
2811
3572
3572
2811
2811
2742
2742
3083
3083
2811
2742
2811
2811
2811
2811
2742
2742
3083
3083
3083
1173
1173
988
1449
1035
982
982
967
1124
715
672
672
672
1117
1146
1727
1218
767
767
703
638
897
4842
858
1035
1364
1332
1528
1260
1122
1332
978
1036
917
876
1143
1125
1071
1821
813
1132
1332
1122
1122
513
860
1070
1369
3219
1066
1716
1720
1690
1690
1064
1587
729
1118
1114
1690
1096
937
1099
832
504
933
1125
1358
518
1151
742
767
767
720
4861
813
831
793
902
887
935
1117
1117
546
1166
1122
1118
864
987
972
1358
1716
934
1587
1368
3219
1108
546
3010
957
1173
2637
715
1179
831
917
1814
1369
1143
1814
1117
1358
546
1121
1573
3755
4240
4077
293
293
293
293
4462
4462
4462
504
4861
1058
958
1090
504
746
1125
1608
1369
1599
1545
3219
1716
1059
1132
384
766
1357
1373
1439
1481
2509
973
504
1716
1105
1600
947
831
1690
1690
3204
988
1032
867
1033
767
662
976
1587
1685
1229
2637
1083
1166
1031
1150
957
746
4861
1061
1076
1231
1676
1624
1690
1716
1211
1720
2247
2855
2855
2855
2855
2855
2855
2855
3083
2408
511
1318
595
542
662
494
595
638
703
958
1049
902
510
755
504
1049
973
4861
1129
1145
1382
1357
1437
1309
1951
1427
1705
2606
662
602
983
983
831
958
1032
1382
1611
1323
1579
1435
2683
1154
3450
3601
3561
1357
1543
1327
2400
2606
390
2700
1588
1128
953
1731
2143
847
1382
1579
2201
1481
1572
498
581
601
599
599
1374
1638
957
1210
1734
2408
1579
1481
1499
1327
2606
3877
957
1690
1528
1382
1163
1594
847
1481
1258
1448
1063
1547
1418
1062
1062
1355
1538
1264
1263
1055
1515
1308
1459
985
1382
1720
3601
627
1188
1188
985
1263
1307
983
1259
888
1369
729
2448
1264
1088
1191
1447
1587
1690
1353
729
1323
1638
1263
3010
992
1661
993
1262
1211
1308
3382
3450
3450
2004
1754
1714
1368
2360
1540
1188
1188
1374
2448
1262
957
1372
1455
3219
3200
993
1308
1661
1719
1915
1394
1542
2364
1521
1397
1913
1572
1579
1308
847
1640
810
1431
1417
1140
1119
1104
876
1599
3382
1262
1705
1088
876
1481
1781
1781
2576
3661
3894
1468
3447
3447
3447
3447
3447
3447
3486
3217
2925
2925
2925
2925
2925
2925
2925
2925
2925
1309
1260
874
1720
1263
3601
3536
3601
3601
3450
288
3219
1574
1730
1719
1397
1737
1140
1579
1210
3313
3601
3105
1831
2364
2247
2855
1521
1194
993
993
1262
2247
2864
3447
2604
993
3382
2606
1262
998
1891
2247
2855
2855
2855
2855
2855
2855
2247
2247
1263
1780
1540
1737
431
1397
1335
1561
1455
3200
1730
2247
2919
2919
2844
2864
2951
2586
2586
2586
2586
1891
1891
1206
1352
1891
1891
2364
1891
2247
2247
2247
1902
1781
1399
1498
1259
2156
2509
1174
1844
812
1409
2199
1874
1945
2023
3152
3219
3382
1951
1327
1259
1412
1561
1572
1572
1888
1498
1327
1499
1406
1715
2766
1685
1633
1711
1638
3561
3152
1309
812
1262
1720
1720
992
1891
1719
836
3450
1459
1394
3382
285
3641
3562
1543
1262
1446
1815
1720
1719
826
1277
2199
4986
1561
998
1695
872
1458
1327
1572
1893
1599
2960
1735
3755
1735
2247
2855
2855
2855
2855
3083
3083
2742
2855
2855
2855
2742
3601
1615
1083
1587
2855
2247
1891
3382
1698
1698
1221
2193
1214
1875
1057
1499
1435
1828
2247
2247
1483
2509
1945
3105
811
811
1222
3846
295
4349
2193
4030
1821
1572
2247
2247
1594
1727
2199
2739
2739
2739
1044
1913
1690
1690
873
2855
2247
2247
2855
2919
2919
1521
1175
1262
2004
1690
1826
1727
1044
1855
1579
2855
1690
1579
2855
2247
2855
2855
2855
2951
2844
2951
2951
2951
2586
2586
2586
2586
2844
2855
2855
2247
2156
4974
4974
2004
1328
2241
1295
2751
3644
3670
2899
2159
1573
2247
2247
2123
2509
1408
1690
2855
2855
2855
2855
2855
2855
2247
1521
2855
3601
3601
3601
3601
3105
1714
1877
1572
1781
2855
2855
2855
2855
2855
2855
2855
2855
2855
2855
2855
2855
2855
2844
2855
2855
2855
2855
2919
2855
2919
2919
2855
2855
2855
2855
2855
2919
3601
894
3561
3601
3601
3105
1727
1044
1044
1294
1826
2855
2855
2855
3105
3561
1584
1328
1705
1690
1521
3536
3527
1342
2176
1572
1572
1638
1694
2855
2855
2855
2864
2877
2864
3133
3133
3447
2247
1176
1579
2855
2855
2855
2855
2855
3601
1176
2199
1214
2855
2855
2400
3382
3105
2855
2855
2855
2951
2951
2951
2586
2855
2844
3601
1844
1843
2855
874
4991
2739
2739
2739
2739
2855
2855
2855
2855
2855
3601
1682
3527
890
2855
2855
2855
2855
2742
3083
2855
2855
2919
2919
2855
2855
2919
2919
2919
2864
2864
3133
3447
2864
3447
2586
3447
5000
2855
2855
2157
2160
391
1572
2855
2742
3083
3083
2919
2919
2919
2919
2844
2864
2864
2586
2586
2951
2951
2586
2951
2586
2586
2925
2925
2925
2925
2925
2925
2925
2925
2925
2925
2925
2925
2586
3139
2925
2586
2586
2855
2855
3601
1044
1557
1685
2023
3450
2349
2855
2855
2855
2855
3272
3272
1701
1701
3044
3044
2978
3552
284
284
284
2975
2975
3223
3272
284
284
3223
284
3223
3272
3272
1701
1701
1701
3044
1701
1701
3044
1701
1701
284
1701
1701
1701
3272
1701
3223
2978
1601
3755
1845
3450
2919
2855
2855
2855
2855
2855
2855
2855
2855
2855
2855
2855
1701
1701
1701
1701
1701
1701
1701
1855
2739
1690
284
1701
1701
1701
1701
284
874
1295
2853
3755
4349
3226
4042
288
288
1435
2855
1836
3044
3044
1701
1701
1701
1701
1701
1701
3527
2978
3450
1579
2919
2919
2919
3527
3527
3450
1701
1701
1701
1701
1701
1701
3272
1154
3755
2919
2855
2919
2855
1701
4969
2855
3527
3536
3527
3562
2978
3536
284
2975
3272
3272
3223
3527
3527
2978
3525
3641
2978
2604
2919
2919
1690
3083
3083
3083
2397
2298
2398
1701
2560
2496
3044
3562
2398
1701
3044
3044
1701
2185
3223
3223
1701
2185
2185
1701
1701
3656
4040
4040
4040
1702
1702
2496
2496
285
3656
3553
3553
2496
284
3562
3527
2975
3562
3553
3000
3000
3000
4040
4040
4040
4040
4040
4040
4040
1702
1718
2050
2919
2877
2844
2864
2919
2919
3562
3552
3552
3563
3044
2396
1701
1701
284
284
2560
2560
1701
1701
1701
3758
3656
3044
1824
4562
3154
3154
3204
3204
1701
3527
3527
1701
285
3272
1701
3273
3223
3525
3525
1044
3877
1435
2496
2855
2855
2855
1701
1701
1701
284
2975
3223
1154
4986
1495
2855
2855
2978
1824
2978
3044
3044
3562
2978
2978
3527
288
2023
3044
3044
3527
3527
3563
3562
3563
3527
288
3223
3223
3223
3223
1044
4554
4500
2157
3569
4265
2864
2844
2185
3562
3525
2978
3223
285
2199
1876
2855
2919
2864
3282
2978
2978
3450
285
2978
3553
4974
2411
2853
2355
3013
2459
3013
3283
3313
3563
3283
3013
2298
2271
3013
2271
2298
2271
4891
3383
3381
3283
3562
1701
2560
2855
2919
2864
2864
2951
2855
3527
3563
3562
3563
3044
1701
4986
2739
2050
2844
2864
2919
2855
2855
3527
4562
1701
3283
3383
2873
1472
2778
2844
2855
2864
2855
2855
2811
2855
3563
2496
3223
3223
2766
2739
2477
3383
3013
2271
3283
3283
2398
2919
2844
2864
3562
3083
3552
1154
2398
3562
3522
3524
3524
4063
4040
3657
3657
4040
4040
2844
2844
3563
288
3223
3536
3552
3563
3524
4063
4063
3226
2919
2855
3527
2023
2768
2951
2855
2864
2919
2864
3527
3083
288
3553
4974
4971
3562
3563
288
3524
4063
2855
2855
2855
2855
2023
3283
1761
3755
2864
3447
3447
3447
285
4974
3395
1154
2864
2951
3527
1154
3552
2864
2864
2951
2951
2951
2951
2951
2951
2951
3000
4014
2951
2951
1824
3553
2739
2853
3562
2855
2951
2811
3083
3083
3083
3083
285
3656
3000
3656
3806
3383
3044
3383
2951
2844
288
2023
2496
285
3553
2606
3570
2498
3283
2523
3013
2864
2864
2864
3133
3447
3447
3447
3447
3447
3447
3447
3447
3083
3083
4562
3553
4876
2879
2864
3447
2951
2864
2586
5000
3447
5000
2925
5000
2925
2925
2864
2864
3083
3083
285
285
285
1701
285
285
285
285
285
3656
3553
285
3553
3553
2753
3759
3903
2951
3524
4042
4071
4349
4349
3226
4063
3553
2739
3013
1701
1701
2560
4030
4042
4042
3204
3553
285
3644
2751
4969
3383
3314
4891
2864
3447
3563
3563
295
2864
3133
1154
2811
2811
2586
2811
2811
3204
3204
3083
3204
3204
285
285
3553
1701
2864
2951
294
2864
2586
288
3524
4063
3154
3204
285
3553
285
2185
3562
3552
3562
288
3524
2586
3524
1701
3083
3083
3083
2496
3644
3808
3563
3524
4063
3524
3044
1701
288
288
3501
3865
3585
2523
2271
2298
2128
2586
2586
2586
2586
288
3083
3000
3553
3656
3656
2753
3383
2398
2298
2844
2844
3083
3083
3083
3083
3204
3204
3083
3083
3083
3083
3083
3204
3657
3226
3553
2853
3570
3917
3917
2853
2864
2586
2586
4042
3553
3644
3982
4240
3661
4240
2648
4240
2527
3661
2185
2586
2586
2586
3644
3013
3010
3013
4063
4063
3226
3000
3553
3553
390
3867
2398
3755
3447
3447
3447
3524
3083
3083
3083
3083
3083
3204
3083
3083
3083
3083
3083
2746
3567
3859
3657
3657
3226
3644
3878
3313
3563
2586
2811
2811
3524
3524
4063
3226
3000
296
3553
2778
3447
3447
3447
2586
2586
2925
2586
2586
2925
2925
2925
2586
2925
3524
3657
3657
3000
3000
3661
3982
3661
3447
3447
2925
3083
2523
2586
2925
2925
2925
2925
2925
2925
2925
2925
2885
3559
2886
3056
4182
3024
3024
1468
2586
3447
3447
3846
3851
2523
2778
1468
2925
2586
3139
2925
2925
2925
3486
2925
2925
2925
2925
2925
2925
2925
2925
2925
2925
2925
2925
3572
2925
2925
3226
4042
4205
3661
3552
2925
2811
2586
2586
2586
2925
3755
2650
4240
1156
4077
4077
2586
4063
3656
1701
4931
4240
285
2766
2928
2928
2766
2928
2955
3475
2956
3890
2958
3159
3392
3156
2958
2766
390
3808
2648
4125
4125
3644
4033
4070
2396
2523
3387
3314
3447
2925
2925
2925
2925
2925
2925
2925
3447
2742
390
2768
3917
2702
4182
2925
2925
2925
2925
2925
2925
2925
2604
2752
2185
3851
2925
3524
3260
3068
3260
3260
3392
3501
3083
3083
3204
3204
3392
2928
3154
3501
3154
3501
3443
3159
3159
3392
3125
3577
3539
3565
3565
4030
3670
3670
3669
2443
3524
2925
2925
3447
3447
3083
3204
3069
3373
2928
3000
2928
3570
3383
2925
5000
2925
2925
2925
2925
2925
2925
2925
2925
3447
3447
3447
3447
1468
1468
2811
2811
2811
2925
2925
3154
3083
3286
3108
3845
3128
3747
3336
3328
3612
3159
3392
3069
3000
3000
2928
3553
4030
3878
3808
2681
1701
2925
2925
3083
3083
2742
3154
3068
3000
3867
3879
3524
5000
5000
3447
3657
3226
3226
3204
3083
3524
3524
3079
3447
3447
2742
2742
2742
3154
3553
285
285
3635
2648
3079
2925
2925
2925
2925
5000
3447
3078
2779
2811
2811
3226
4071
285
285
3000
3656
3000
3000
2671
3524
3078
4063
3154
3657
3656
2527
2925
2925
3447
3226
3083
2811
2887
4183
3380
2887
3476
3128
3413
285
2928
3318
2586
2925
3226
3226
3159
3000
2527
1701
4071
4071
4071
4071
4071
4071
4071
4071
4071
2925
2925
2925
3486
2925
285
3083
1701
285
3656
3044
3524
2925
2925
3000
2778
2811
3524
3226
3226
2742
3108
3516
3478
2955
4033
3447
2811
2811
1701
3000
3000
3656
2398
1701
3044
3447
2925
2925
2925
2925
3226
3226
3083
3083
2742
3083
3000
4071
2925
2811
3657
3553
3000
3125
3478
3478
2958
2648
3168
3447
3447
3447
2779
3959
3959
3392
3577
3000
3656
1701
1702
3447
3447
3447
1701
4071
3657
4349
4071
4071
4071
3226
3478
3526
3127
3880
4289
3982
3044
3447
2742
3226
4071
3122
285
4349
4349
3808
3310
3640
2596
2596
4063
2925
4063
4071
4071
3226
3657
3657
4349
2958
3486
2811
4040
3471
1701
2925
3486
2925
1468
1468
2925
3572
2925
2925
2925
2925
2925
2925
2925
2925
2925
3572
2811
2811
2925
3226
3124
3465
3657
4349
4671
3000
4040
3000
3656
3877
1701
2811
2543
2543
2887
2884
3872
2543
2543
3572
4071
4289
4265
2648
2925
2925
3471
3657
3125
3164
3128
3478
3598
2674
4939
1468
3447
1468
2925
2925
2811
3156
3000
3000
1701
1701
2650
4294
4294
4071
2925
3486
1701
2925
2925
4071
4071
4071
4071
4273
4071
3564
3539
3632
3739
3000
3000
3595
3741
3741
3857
3848
3848
3948
3950
4258
3742
3478
3078
2925
2925
2925
2925
2925
2925
2925
2925
2811
4040
4040
4040
4040
3000
3226
4040
3657
4040
3564
4349
4349
4349
285
3577
3741
3820
3822
4163
3997
3842
3896
2958
3585
2925
2925
2925
2925
3559
3486
2925
3731
2886
2702
2997
3380
4040
4042
4042
3656
4264
1468
2925
2925
4071
4071
4071
4071
3000
3000
3796
3447
2925
2925
2925
2925
2925
2925
2925
4071
4071
4040
3564
3000
4030
4349
4389
292
3749
3338
3810
3463
4267
4080
3970
3684
3338
2925
2779
3894
2925
4040
4040
4040
4040
3656
4030
3474
2666
3662
3524
4042
4042
286
4040
4040
4349
4349
3000
4349
3595
3670
2925
2925
2925
2925
2925
2925
2925
3486
2885
3559
2885
3486
2885
1468
3024
3488
1702
1468
286
4071
4071
3554
4349
2925
2925
2925
1702
3758
4040
4040
4040
3539
4041
4198
3161
3904
4161
4044
3709
3787
3841
3671
3671
3310
3669
3661
2543
2543
3758
285
1702
4040
4040
4040
4021
2674
2499
2925
3656
286
3758
4040
3656
4040
4040
4349
4349
3818
2811
2997
2925
1701
4071
4349
4349
4040
4349
3885
3165
3741
4349
3867
3557
3958
2925
2925
3467
286
4040
286
4030
3685
3486
286
4219
3857
3570
4379
2925
3486
3486
3559
4040
3310
3982
1468
2925
3486
3165
3476
3478
4071
3486
2925
2925
4071
4071
3857
3814
2885
4071
4071
4071
4071
4071
4071
4047
3904
4161
4263
3800
4374
4020
3673
4219
3885
3857
3819
3819
3753
3882
3819
3474
3543
4033
2887
2885
3559
3286
1468
3486
3488
3486
1468
3412
3458
3632
3163
3672
3857
3695
3753
3671
3789
2925
1468
1468
4071
4071
4349
4349
3388
4210
3974
2925
4071
292
3819
3841
3695
3882
4264
3107
3731
3575
4071
4071
4349
3526
3396
4071
4071
4349
4071
4210
3672
3704
4070
3790
2887
2925
1468
3488
3672
3823
3695
3917
2925
2543
2885
2885
4148
4210
3752
3598
3559
4071
4210
3903
3559
2886
2779
3126
4071
3731
2885
3130
3787
3575
4240
3380
2925
3488
3672
3750
3667
3005
2650
3328
3731
3789
3789
2925
3559
3894
4349
4349
3843
2648
4240
1156
4077
2925
3188
3024
3197
3688
4908
4147
4141
4088
3677
4156
4155
4178
4178
4178
4178
4153
4155
4178
4178
4178
3719
4086
4908
3575
4082
4916
4915
4915
4924
3701
4088
4062
4151
4917
3681
4246
4153
4171
4924
4130
4081
3700
4099
4098
3720
3928
4086
4019
4166
4175
4156
4167
4157
4156
4925
4133
4919
4083
4134
4925
4925
4101
4103
4899
4171
2997
2648
4071
4198
3500
3894
3842
3698
4902
3995
4147
3719
4905
4905
4026
3800
3959
3974
4899
4064
4019
4020
3731
4349
3896
3711
3789
4899
3700
3870
2500
3866
3458
3959
3995
4166
4924
3719
3479
3537
3731
4047
4246
4899
4140
2500
3107
4071
4314
3130
4028
2648
4905
4165
4214
3930
4924
3701
3700
3075
4033
4071
3959
4246
3716
4019
3886
4020
3746
4277
3458
3748
4897
4141
4151
3575
3961
3721
4901
4044
4070
3412
4196
4150
4206
4147
4044
2648
3024
3959
3024
3820
3750
2648
4306
3720
3075
4183
3598
3868
3898
3488
3879
4125
4164
3800
3699
3699
3237
3959
4157
4170
3891
4287
4212
3662
4125
3959
3738
3870
4101
3237
4198
3959
3896
3879
4277
3161
4315
3161
3917
3918
4160
4101
4081
4104
4081
4130
4103
4449
4104
4133
4133
4920
4920
4364
4366
4102
4133
4919
4083
4083
4395
4919
4916
4168
4169
4167
4927
4375
4913
4913
4120
4216
4375
3700
4089
2887
4291
4182
4070
4240
4240
3738
3946
3673
3582
3859
4294
3709
3929
4314
4070
4070
4240
4927
4152
3810
4182
4070
3918
3699
4098
4071
4433
4455
4070
3961
4125
4062
4147
4265
3700
4070
292
3550
4294
4070
1156
4294
4294
4294
4433
4455
4455
4455
4157
3896
4216
3917
4281
4081
4419
4151
4286
4077
4423
4294
3724
4402
3458
4071
4419
4314
4240
2702
4913
4256
4419
3886
3746
3476
3790
4276
4161
4081
4100
4217
3528
3333
4170
4182
4352
4919
4915
4175
1156
4077
4077
4433
4455
4455
4455
293
4077
4077
4240
4359
3458
4155
4178
4155
4178
4178
4172
4131
4155
4194
4155
4193
4194
3679
4920
4083
4173
4360
3679
4260
4155
4131
4194
4194
3681
4917
4154
3679
4193
4178
4178
4178
4153
4178
4178
4174
4260
4174
4260
4084
4193
4193
4894
4370
4174
4108
4313
4083
4133
4133
4925
4419
3886
4165
4306
4089
4156
4155
4155
4178
4178
4178
4174
4174
4155
4194
4153
4155
4167
4387
4433
3904
3918
4156
4156
4153
4155
4155
4155
4155
4155
4153
3129
3456
4062
3976
1156
4098
4081
4101
4169
4153
4153
4153
4153
4178
4178
4153
4153
4131
4178
4153
3477
4314
2702
2702
3890
4351
4153
3768
4218
4240
4185
4155
4155
4433
4132
4088
3949
4153
292
3918
4077
4433
4455
3904
4070
4900
4106
4106
4925
3477
4236
4297
3673
3748
3476
4281
4202
3709
4455
4433
4315
4217
4315
4352
4105
3946
4225
3161
4077
4225
4070
3951
4153
4153
4155
4153
3833
4433
4455
4433
3161
3129
4088
3976
3476
4178
4316
4315
4077
4281
3948
4044
4029
3859
2797
3161
4226
3459
4374
4202
2797
3871
4089
3935
4089
2887
4279
3873
1156
1156
4080
2797
2667
3890
4077
4223
4088
4216
4272
3942
4106
4153
3161
3822
4298
4267
3945
4155
4048
4028
4276
4093
4155
4178
4155
4155
4172
3859
2667
4102
4443
4395
4381
4441
4455
4267
3462
4304
4433
4455
4455
4294
4294
4455
4455
4455
4294
4455
4462
4462
4484
4462
4029
3463
4375
4077
4442
4155
4155
4455
4455
4161
3754
4925
4178
4178
4304
4155
4168
4131
4194
4193
4455
4178
4178
4178
4137
4178
4415
4131
4917
4312
4077
4077
4077
4294
4455
4455
4455
4455
4462
292
293
293
292
4429
293
4433
4433
4429
4455
4133
4077
4155
293
4294
4178
4178
4455
4455
4407
4178
4178
4260
4178
4178
4260
293
4155
4084
4077
4077
4077
4083
4894
4154
4894
4455
4455
4294
4077
4294
4455
4077
4455
4455
4455
4455
4455
4077
4455
4894
4455
4455
4193
4174
4174
4894
4193
4174
4174
4174
4174
4174
4174
4173
4193
4370
4193
4370
293
4455
4174
3679
4455
4455
4455
4455
4455
4294
4294
293
293
4455
4077
293
293
4455
293
4455
4455
293
4455
293
293
292
4294
4294
4455
4455
4462
4462
4462
4462
4462
4462
4462
4462
4551
4532
4462
4532
4531
4531
4531
4532
4532
4532
4665
4740
4665
4665
4699
4677
4677
4677
4677
4677
4677
4677
4677
4677
292
293
4462
4462
4462
293
293
4455
4455
4455
4455
4077
293
293
4455
4455
4462
4462
4462
4462
4462
4462
4462
4462
4077
4455
4462
4462
4462
4462
4462
4462
293
4455
4455
4462
4462
293
293
4462
292
4462
4462
4462
4462
292
4462
4462
4532
4532
4532
4740
4740
4665
4665
4665
4677
4677
4665
4699
4677
4677
4665
4677
4665
4677
4531
4531
4531
4532
4740
4462
4665
4677
4462
4462
4462
4462
4462
297
4455
4455
4462
4462
4532
4462
4462
4531
4462
4462
293
293
4677
4699
4665
4665
4677
4677
4677
4677
4677
4677
4677
4677
4677
4677
4677
4677
4677
4462
4462
4677
4677
4677
4677
4677
4677
4677
4677
4462
4665
4699
4677
4665
4462
4462
4462
297
4665
4677
4677
4699
4677
4455
4455
4462
4455
4677
4462
4677
4665
4677
4677
4462
4677
4665
4677
4677
4677
4531
4531
4677
4665
4677
4665
4462
293
4677
4677
4462
4462
4462
4677
4532
4677
4462
4532
4532
4462
4462
4677
4455
4677
4658
4462
4532
4531
4462
4532
4699
4677
4462
4462
4677
4677
4665
4665
4677
4532
4532
4532
4462
4531
4531
4445
4462
4658
4658
4531
4740
4740
4531
4531
4532
4462
4531
4677
4531
4462
4462
4677
4677
4677
4531
4532
4677
4531
4740
4677
4531
4531
4531
4665
4740
4531
4665
4665
4531
4665
4532
4532
4532
4665
4532
4532
4677
4531
4531
4531
4740
4665
4462
4462
4699
4699
4665
4665
4665
4740
4665
4665
4677
4699
4677
4677
4677
4677
4740
4677
4531
4531
4740
4677
4532
4532
4740
4740
4462
4462
4665
4677
4699
4699
4699
4699
4699
4665
4677
4665
4665
4462
4740
4677
4699
4665
4665
4740
4740
4740
4740
4462
4740
4740
4740
4677
4677
4665
4665
4665
4699
4699
4699
4677
4740
4677
4532
4740
4677
4462
4677
4740
4677
4658
4677
4677
4677
4665
4740
4740
4740
4740
4665
4532
4532
4740
4677
4677
4677
4740
4665
4677
4740
4532
4532
4677
4665
4740
4740
4740
4532
4532
4740
4532
4699
4699
4740
4532
4677
4699
4740
4740
4699
4677
4740
4699
4699
4699
4699
4740
4740
4740
4740
92
225
19
21
146
21
21
21
20
6
365
21
91
91
4807
57
4807
4807
4807
542
663
592
628
635
490
542
628
628
628
529
617
564
594
617
531
654
628
542
628
604
490
602
662
490
662
490
607
542
599
490
617
607
591
571
490
652
661
563
542
599
490
602
490
604
599
661
490
617
542
628
1368
1280
1142
1180
1188
729
627
729
627
627
1373
3601
1701
2496
1701
285
2560
2496
2496
3083
2811
2811
2742
4991
2739
2739
2742
4987
2739
3204
2739
2928
2928
3553
3572
4349
4040
4155
4081
3680
4133
4153
4155
4178
4260
4260
4915
4246
4103
4915
4104
4103
4915
4352
4916
4919
4919
4246
4155
4178
4178
4178
4925
4370
4194
4155
4178
4155
4084
4433
4294
4294
4433
4294
4433
4294
4155
4695
4462
4677
4665
4677
4677
4532
4677
4532
4677
4677
4677
4677
4677
4677
4081
607
527
672
607
594
742
607
594
3501
3373
3204
3204
3069
3501
3112
2739
3112
3112
3112
3069
2739
3069
3154
3501
3501
3501
3501
733
152
2925
2864
2919
2844
2844
2844
2864
2855
2864
2855
2925
2925
2919
2919
2919
2919
2864
2586
2925
2586
2925
2925
2925
2925
2925
2925
