31
204
56
204
204
3
3
176
335
771
771
4863
258
21
239
198
4819
69
211
27
27
258
241
4819
4819
64
238
119
90
79
20
330
22
174
13
32
4818
136
225
322
62
233
365
3
214
131
214
299
54
243
174
138
125
121
96
70
268
81
70
350
122
138
243
239
263
92
20
63
241
246
63
20
117
21
21
59
315
171
169
243
243
183
236
170
174
32
174
174
174
27
258
31
138
353
54
119
42
353
336
225
92
237
174
174
174
174
27
126
54
322
134
305
194
448
636
655
856
668
636
456
459
305
32
136
31
263
66
125
136
32
315
31
78
90
4819
78
119
78
211
43
42
43
75
189
44
119
20
20
20
44
44
44
119
93
110
315
31
54
171
119
78
77
315
31
66
203
316
621
572
597
468
369
167
149
669
1370
1356
1413
4863
938
103
340
275
113
4862
133
193
275
340
101
60
136
211
119
4811
31
4807
67
233
203
316
4811
174
28
174
136
60
31
211
214
171
113
168
190
250
31
234
316
276
340
352
574
333
353
44
239
4819
68
133
132
59
92
179
63
314
113
302
73
73
59
21
300
350
136
54
168
129
57
304
262
233
323
352
28
115
27
83
117
305
315
59
59
62
88
88
61
233
88
250
241
4807
132
214
308
119
44
79
179
20
20
117
20
64
241
306
315
316
88
88
262
159
168
352
350
4819
88
221
239
238
28
4807
370
306
31
62
56
62
159
170
95
121
233
350
183
88
256
352
93
340
101
352
938
707
1280
1264
2683
3755
3846
3846
4030
4030
4349
4349
4349
4349
4071
4423
293
4264
3851
4264
4349
293
183
59
59
95
81
75
275
101
452
939
624
280
631
627
482
939
88
92
88
56
62
61
70
238
255
91
70
88
250
3
4819
44
91
28
117
367
111
572
572
618
615
101
70
95
20
308
76
91
250
23
621
95
20
20
20
141
104
476
568
636
722
1369
1368
482
367
373
334
105
105
357
615
583
615
615
235
452
105
334
335
621
621
695
369
452
621
722
357
380
1589
1860
1597
1761
2526
3415
390
3796
3550
4182
2925
2811
3083
3083
3083
3083
3083
3204
3204
1824
1690
1690
1690
1690
1690
1690
1690
1561
1561
1561
1690
1561
1587
1363
1088
989
1248
1682
2209
3570
2674
441
441
3478
2928
912
103
103
743
583
618
583
466
615
468
625
373
148
701
369
105
335
452
452
4863
938
1081
4867
634
771
938
452
615
380
380
615
557
631
940
637
637
149
701
834
763
692
149
380
733
734
1368
311
1188
1264
1280
1264
528
528
490
628
628
528
628
528
589
528
528
528
4827
4827
528
528
589
528
589
489
589
489
562
570
522
4857
487
4857
596
536
538
712
964
1249
1272
983
957
983
506
792
555
848
1030
555
490
528
528
528
528
528
490
528
4827
4827
628
628
617
617
628
628
628
628
628
628
628
628
380
694
681
528
528
488
528
528
605
670
604
527
528
490
490
490
529
490
564
562
589
589
489
528
489
521
580
493
553
793
380
939
626
627
3450
627
765
628
628
628
490
528
490
528
628
528
528
628
1612
628
628
628
490
589
562
589
490
589
589
1611
484
1264
628
4827
628
528
628
628
628
628
628
628
628
628
628
628
628
628
490
490
490
564
564
734
490
490
589
570
562
4829
4829
628
628
628
628
628
628
628
628
628
617
687
617
617
617
617
617
617
1378
589
628
628
4862
1144
668
567
1371
153
1280
1280
1611
628
490
627
4864
1264
563
4829
1413
627
490
735
490
562
564
628
628
617
617
617
628
617
628
628
687
617
617
3353
1860
1288
628
570
566
735
280
726
562
628
628
628
1143
591
617
617
628
2405
628
628
591
635
628
617
628
590
590
715
753
741
579
1637
3105
3201
1369
617
617
617
617
591
2015
1391
617
564
493
1378
617
617
3105
602
493
617
617
590
1356
1188
498
635
639
696
611
4830
663
488
590
594
617
1589
594
599
616
640
3201
3353
2014
2901
3441
2903
3010
3201
2320
2014
594
627
579
591
3105
3382
3560
596
617
687
687
687
687
687
579
4824
897
4843
579
746
617
617
687
3201
658
1280
1390
1382
654
577
546
603
1188
2509
1154
3450
3450
3522
2903
3734
3442
3883
288
3553
295
2999
2999
3223
3273
2953
687
687
687
547
658
600
500
1249
4962
499
687
554
843
802
519
802
958
845
957
947
801
680
947
839
837
1615
1448
853
804
928
927
944
1483
943
1385
1698
1640
812
1247
874
2199
2199
900
1334
517
517
554
951
506
1163
514
506
590
1334
1449
1058
901
518
830
802
515
555
555
515
555
848
513
1191
1417
754
801
852
1302
832
831
502
897
4855
1611
852
852
835
935
825
803
806
805
858
927
1033
1384
1349
1640
1175
1174
1176
893
1668
1351
934
967
1040
1067
971
829
4856
898
714
1378
3200
835
935
1379
1599
1695
1695
1695
943
1599
1540
1611
519
570
524
524
4852
1058
515
947
539
687
674
663
639
686
611
686
687
617
617
665
4827
617
4827
3219
808
838
3105
3382
3601
3561
2903
680
769
792
804
1259
1264
608
641
688
660
799
850
1334
545
1030
1264
1264
3219
956
1364
1528
1335
829
1059
982
506
754
882
747
640
514
2015
678
958
506
1049
964
686
687
617
659
612
641
641
660
799
592
660
660
758
796
759
4820
853
859
513
754
531
806
806
916
862
916
971
800
839
641
805
973
713
862
800
976
977
972
1074
1132
1388
1350
1354
873
1836
1044
2023
2023
1945
3156
3154
3286
3156
3405
3122
3405
3156
3156
3156
2023
2023
1077
1076
1117
644
881
1035
1259
831
1191
896
978
976
640
640
660
1031
1032
868
870
811
660
742
884
710
905
712
713
1035
1035
1035
1412
1412
768
1245
1073
1059
1120
953
1040
863
827
850
978
984
1070
1118
1105
1139
976
972
769
1120
949
928
971
917
896
916
917
896
3101
1125
1090
1124
1124
1578
1173
878
1078
2405
862
1118
987
858
4849
627
1035
512
514
1249
835
972
1074
1031
1349
1096
1030
756
759
545
705
721
981
859
4856
4856
4861
835
862
971
813
1172
705
510
1358
506
984
1129
971
813
758
514
979
1060
3105
988
796
709
927
3450
896
1058
4849
1118
1264
1350
1070
1283
3353
837
1031
1033
1384
796
1099
1118
1572
2526
3661
4287
1156
4429
4294
4294
293
4455
4455
4455
4455
293
4445
4957
4962
1031
678
927
755
964
961
1040
860
1079
1538
1538
1540
988
1090
678
1358
1382
1911
1323
1154
1140
1128
933
1302
1132
1323
1572
514
877
1826
1044
979
1033
1031
812
847
1055
1035
944
1698
1175
709
3450
967
1212
1062
1446
864
1212
1151
1482
678
847
944
847
1384
1483
1385
1358
1032
4962
964
903
967
934
887
887
1379
1826
1066
1065
876
1685
1685
1685
2023
1114
1071
1029
1102
1483
1483
4847
4852
759
709
4848
909
907
759
710
932
1045
970
678
1133
981
1107
1417
966
1173
1117
1308
1308
1725
1233
1130
1119
1616
4848
4820
910
1374
1207
1168
1100
1483
1483
1483
1640
1308
1463
2528
2656
3087
2902
3441
3441
2903
2903
1481
1761
2157
2288
2961
2961
3168
2501
2161
1145
1274
903
1075
1064
1035
944
1560
1902
1240
1872
1145
4847
961
904
904
537
538
909
1439
1264
1046
1409
825
1065
1071
1572
1781
1397
1244
2349
2012
2349
437
2349
1163
934
1059
1058
1308
1483
943
943
1695
1483
1483
1483
943
943
943
943
1225
1572
1335
1574
887
827
933
933
933
1333
1449
1860
1463
1035
944
1579
1613
1439
933
1309
1412
933
3353
3441
1283
851
1610
1245
1109
1754
1448
935
2014
986
986
1688
983
1335
1447
1578
876
1731
2432
2901
2901
1363
986
1363
1027
1037
986
1064
3450
3450
3450
1151
1273
1306
1197
1528
2901
518
1528
1860
1027
1064
1037
1163
825
1540
837
2903
2432
1027
1141
1561
1141
1037
1101
431
1504
1879
1397
1243
1725
1397
1409
1412
1412
836
1599
943
1695
1599
826
985
1274
876
949
943
1545
836
1199
1225
937
1781
3105
1037
1037
1139
1366
1951
1780
2562
3276
2877
3133
2864
2855
2811
2742
2742
3083
3083
1780
1318
1275
1587
3561
3527
3601
3601
2903
2902
3734
1209
1302
1320
991
1141
1130
1058
943
1483
1088
2509
1230
3105
3601
3527
3450
1210
1504
1561
992
1187
1037
1037
1106
2855
2919
2919
1037
943
1154
2363
1298
1095
1587
1690
1690
1449
992
1449
1209
992
1209
1130
1528
1575
1685
2903
991
1561
1561
1561
1690
1690
1690
1690
1561
1028
1186
1210
991
1561
1561
1561
1561
1561
1141
1396
1213
1383
1384
1911
1041
1572
1688
1397
1385
943
1615
836
1542
1104
872
1232
1694
2014
992
1233
1092
1101
1540
1448
1088
2718
1210
1632
1394
1705
1106
1068
440
1633
873
873
888
2901
2901
2432
2903
943
1383
1062
1685
1561
1561
1210
1720
1698
1449
1528
1376
1154
1154
3450
2683
1608
887
1587
1561
809
1194
1594
1057
821
1788
1731
1538
1319
1761
2157
1561
837
2526
1761
2526
3755
2388
1154
1685
1824
1685
1945
1945
1685
1945
3561
1540
1054
1575
1685
860
1561
3450
1695
836
980
980
812
1381
1154
1083
1604
518
1092
1522
1210
2522
1599
1394
1352
3450
1695
826
1547
1698
1419
1624
1698
1698
3846
3846
3846
3846
1154
3846
1244
1352
1210
1561
1695
1695
1695
826
826
3450
1148
821
2199
2199
1874
2199
1711
1681
873
1633
991
1720
2522
1599
1175
1106
1375
1063
1561
874
1342
874
1727
1414
1826
2023
1587
1587
1824
1824
1824
1690
1210
1594
1675
1678
1855
1874
1453
2698
1527
3558
3844
3905
1294
1482
1712
1587
1235
1154
1106
1890
1210
1210
1504
2903
3527
3450
3527
3601
3527
3450
1788
1766
2562
1587
1587
1587
1690
1690
1690
1690
1690
1690
1587
1587
1690
1690
1690
1690
1587
3441
826
3441
3561
3561
3450
1675
874
810
1668
1196
1418
1685
888
1599
826
1913
1616
2023
2903
3522
1419
1175
887
2526
3346
2654
2247
991
1561
2855
1547
1587
1587
1690
1690
2903
3601
1584
1346
872
1083
1587
1174
1789
1826
1587
1587
1824
1824
1824
1824
1824
1561
1712
2930
3601
1443
1855
1874
1855
4974
441
1685
1685
1690
1690
1616
2902
2902
1522
1685
1685
2023
1690
1690
1587
1561
1043
1561
1690
3083
1587
1705
1294
1682
2349
2349
2901
1945
1690
1690
1690
1690
3083
3083
3083
3083
3083
3083
3083
3083
3083
3204
3522
1452
2698
1815
1677
810
1727
1880
1685
1701
1701
1701
3044
3563
3563
1701
1701
1701
1701
1701
1701
1701
1701
1701
1701
3044
3044
288
3641
1701
1701
1701
1701
1701
1701
1701
1678
1874
2526
3755
3436
1720
1587
1824
1824
1824
1824
1587
1824
1690
1701
1701
3044
3044
3044
1727
1727
2199
1826
1446
1701
3641
3044
3641
1701
1676
2157
440
2930
3091
4146
3734
3276
1418
3044
288
3044
3044
3044
3044
1701
3561
3527
3450
2654
1677
3522
3044
3044
3044
1701
1701
1857
2930
1587
1690
1690
1685
1701
1983
1690
3536
3527
3527
1701
284
1701
1701
3450
288
3276
1690
1587
1945
3044
1701
1701
1701
1701
2496
2953
3524
289
3044
3563
1701
1701
1701
2953
3287
3044
1701
1701
1701
4292
3554
3657
3225
3225
3657
3657
3657
3657
1701
2496
3287
2999
3225
3553
3553
2953
3450
1701
1701
1154
3846
295
295
3225
3225
3000
3225
3657
3657
3226
1616
1605
2855
1690
3563
289
4063
3226
3226
4292
4292
4292
1701
1701
1701
2560
2496
285
3553
3554
3225
3225
3225
3225
1701
1890
1044
1044
1044
1701
3044
3734
1701
2975
1701
3371
3371
2999
3846
891
3004
1762
1701
1701
1685
1824
1701
3044
2560
285
2975
284
3755
2199
1587
1690
289
3563
288
3563
3734
1711
3563
3522
288
3442
3272
2975
1342
1044
1044
2526
3755
3755
3755
1690
1701
3450
3223
288
1445
1761
2855
1701
3563
2560
288
3553
1154
2526
441
3524
4181
4181
4181
4181
4063
3524
1702
4181
4181
4292
4181
4181
4063
4063
4063
4181
3524
2247
2560
1561
1690
1945
3563
3641
1874
1874
2003
1561
3524
1824
1824
1836
2496
3524
3524
4181
2919
1587
1701
1890
3883
2496
3287
1154
441
441
1762
3276
4181
4181
4181
3524
1701
1690
1690
3563
3223
2683
1701
289
289
4063
4376
3226
3226
3657
3657
3657
3657
3657
3225
1690
3522
3223
1154
289
289
4063
3226
3226
1690
3734
3223
2349
1824
1824
1690
2902
2023
3758
3223
2297
289
289
4063
1824
1685
1824
1824
3883
1154
4181
3087
1690
1701
3641
2349
2349
2751
3087
1690
3734
289
1824
3087
1824
2023
2199
2767
2902
1824
2023
2023
2023
3223
2999
2999
3225
3656
1857
3019
289
4063
4063
1824
2902
1044
295
2999
4876
3166
4063
3524
4181
1690
2855
2855
2855
3156
2023
1044
3846
1713
2855
2855
1690
3083
1690
1690
1044
3287
3553
3554
3553
2966
2496
2496
3287
3287
3223
3287
3223
3223
2606
3877
1824
3734
3091
3226
4349
3657
3657
3226
2902
3019
2348
3087
285
285
3087
3087
1697
2999
3644
1763
4063
4063
4063
4181
1690
2023
3755
2855
3154
1044
1044
1044
1044
3223
2854
285
3204
3087
289
3091
1044
2999
4181
1702
4063
4063
289
289
2855
2902
2496
1044
1044
2496
3287
388
289
4063
3226
3226
3226
4292
1701
289
1044
3019
437
2348
2348
2871
4181
4181
4181
4181
4181
3204
3204
1690
3156
2999
2999
2999
437
4063
1702
4181
3656
3122
3122
3123
3392
3159
3159
3122
3392
2199
295
3657
441
3074
2665
3570
2658
4063
1690
289
2953
2961
1298
3982
2679
2681
3738
2550
3415
388
4181
3204
388
4181
4063
289
3442
4938
3734
2961
391
4292
2855
2855
289
289
3156
3122
3123
3123
3159
3433
4255
4217
4302
3159
3159
295
4030
2999
390
4181
2877
289
4376
3226
2496
3846
3846
2999
4181
2855
1690
1690
3083
289
295
295
295
2854
3755
1762
4181
2855
3083
2999
3154
3204
3083
2745
2745
3083
3202
3380
3380
3202
3107
3202
3202
3858
4223
3082
3082
3380
2855
3755
3755
2348
1682
4063
2919
3286
3083
3083
3083
3202
3380
3083
2745
2745
3083
2745
3083
2745
3286
3083
4938
3846
3846
3755
1702
3154
3398
3481
3481
4009
4070
4070
289
2999
3554
3398
3894
2877
3287
441
2928
3478
2671
3478
3502
2955
3502
3502
3126
3127
3128
3502
3502
3478
3471
3471
3412
3502
2955
3473
2928
2955
3644
3878
3894
1467
3973
388
2679
4292
4292
4292
4063
4063
4292
3083
3083
3846
3635
3361
3917
4183
4223
2997
2667
2667
3858
3149
2967
2967
3286
3286
3286
2877
3287
4292
3545
3154
4063
3159
3159
3159
3159
3159
3471
3466
3123
3159
3123
3159
3478
3124
3160
3159
3159
3159
3160
3125
3470
3632
4198
4198
3565
4041
4148
4047
4314
4314
4314
3168
3640
3975
3550
4292
4376
3154
3091
3159
3159
3287
3287
3443
3478
2999
3002
4063
3083
3083
3204
3083
3083
2811
3447
3156
3226
3124
3498
3333
4310
3460
4277
3684
3684
3684
3810
4225
4217
4362
4315
4198
3564
3159
295
295
295
2999
391
3687
3878
4292
4063
3159
3122
3156
3124
3478
2999
3443
3310
3226
2855
3656
3226
3159
3122
3226
2919
3083
3156
3156
3553
3553
3443
437
2679
3447
3204
3083
2877
3156
3226
3553
2999
2999
2999
2671
2671
3226
2855
3467
2999
2999
2999
2877
2919
3393
3328
3986
3898
4279
2667
3537
3127
4217
3458
3577
295
3502
3076
3083
3226
3564
3565
2700
2892
3087
4229
4938
4938
3545
3083
3083
3553
3553
3656
295
3168
3226
2877
3083
3225
2877
3226
4376
3612
3456
4310
3539
3478
3226
2855
3553
3226
2999
3224
3656
3225
4292
3226
3226
3226
3083
3226
3657
3226
3405
3122
2999
4229
3156
3657
3539
3595
3595
3595
3125
3478
3478
3818
2499
2877
2925
1468
3657
3632
4148
295
2999
4292
3226
2877
2811
3554
3553
4030
4030
4349
4014
2999
3577
3338
3880
4224
3810
3846
3661
2679
3226
3388
4014
3528
3553
3851
4030
4030
2527
3860
2702
4183
4223
3918
4292
2811
4014
4030
4349
4349
4349
3473
3545
3156
3657
4041
3205
2742
2811
3572
3083
3286
3286
2967
2967
3286
3286
3222
3286
3286
3286
4235
3458
3657
4030
4030
4349
3225
3225
3225
3225
3225
2999
3635
2811
2746
3157
2797
2803
3987
3237
3858
2797
3237
3107
3740
3108
3226
4014
295
3661
3851
3818
3083
3412
4148
4030
3577
4148
3595
3460
3478
3125
2957
2955
2955
2877
3447
2811
3498
4148
3225
3225
3074
3226
3545
3089
3089
3089
3089
4071
3286
2811
3554
3083
4938
4938
3657
4235
4314
3866
4314
3226
3000
4041
4021
3165
3165
4219
4219
3163
4210
4210
3672
3672
3695
3695
3709
4044
3948
4263
3820
3472
3133
3083
3083
3286
3657
3657
3657
3657
3657
3657
3657
3657
3866
4047
295
4349
4030
4014
4148
4041
3165
4219
3823
3163
3672
3896
3948
3952
4347
3995
4028
3842
3539
3502
2527
2500
3286
2745
2745
2745
3202
3202
3083
3202
3380
3380
3380
4183
3388
3456
3657
3226
3657
3657
3553
3225
3168
3204
2745
2745
4938
3657
3657
4047
3168
2955
3083
2967
3286
2967
2967
2745
2745
2745
2967
2967
3226
2967
2967
2967
4014
3657
3225
3225
4047
4030
4030
4030
4349
4349
3164
3671
3741
3684
3741
3684
3684
3684
4225
4225
4080
4276
4309
4309
4276
4185
4185
3712
3711
3823
3823
3741
3741
3671
4021
3741
3226
1468
3083
3286
3657
3657
3000
3225
3225
4030
4030
3502
2955
2955
3661
2967
3286
3657
3657
3657
3657
4030
4030
4349
4349
4030
4030
3165
3539
3005
3083
3083
3083
3083
3202
3380
3202
2811
2811
2543
3447
3657
4014
3225
3225
4030
3083
3083
2967
2967
3226
3657
3225
3225
3657
3130
4314
4314
3161
4267
4161
3963
3822
4185
3695
3799
3787
3130
3130
3163
4219
4219
4160
2665
3545
3328
3286
3340
2811
3226
3657
3657
3554
3225
4021
3168
3275
4229
3657
3657
3225
3657
3225
3657
3225
3225
3657
4030
4349
3671
3685
3275
3328
2811
3458
3225
4014
3225
3225
4030
4349
4210
3904
4210
4210
4030
4030
3640
3502
2665
3398
3083
2745
2745
2967
3334
3657
3657
3657
4219
3165
3741
3743
3743
3447
3904
3963
3672
3623
3545
3089
3083
3083
3083
3572
2702
4182
2811
3625
3083
2742
4314
3337
3126
4408
3083
2745
3083
4229
4071
4349
3163
3685
3083
4938
4349
4349
4014
4071
4071
4014
3904
4236
3462
4263
4263
3896
3694
3800
4281
4281
4202
4048
4210
4210
4210
3896
3896
3842
3857
3753
3753
3672
3126
3749
1467
3537
3083
3202
3083
3083
2811
2811
3131
4314
3161
3458
3742
3820
4258
3896
3896
3819
3671
3163
3163
3743
3741
3857
3753
3338
3149
4938
4014
4349
4349
4349
3857
4014
3741
3165
3743
3447
3866
4071
3842
4028
3842
3163
3857
3310
3625
3202
3380
3380
3380
2997
4223
4223
4349
4030
4030
3671
3741
3857
2955
4938
4014
4349
4349
4263
4210
3896
3819
3753
3074
2957
3126
3859
3648
2967
2925
2925
3842
3163
3819
3857
3458
3149
3107
3149
3904
3904
3161
4263
3163
3474
3089
4071
4314
3842
3640
3202
3202
3202
3380
4314
3903
4071
3202
3380
4161
3671
3823
4160
4256
3075
3625
3202
3202
2811
2811
3896
3841
2702
4182
3918
3089
2811
4256
4349
3961
3712
3789
3476
3202
3202
3202
3486
4030
4349
4030
4030
4349
3759
3982
2648
4070
4070
3149
1468
2811
3731
3841
3995
4020
3886
4366
4367
4097
4311
4174
4174
4174
4174
4174
4174
4174
4174
4174
4174
3787
4908
3698
4182
4166
4166
4140
3701
4901
4901
4901
3718
3718
4085
4175
4899
4104
4918
4918
4193
4915
4167
4901
4901
4901
3720
3719
3719
3718
4908
4908
3698
4901
4896
4155
4168
4156
4915
4104
4101
4101
4099
4101
4101
4091
4099
4099
3720
4928
4150
4901
3108
3264
4071
4314
4314
3161
2885
4028
3995
3995
3995
4272
4019
3688
3787
3787
3787
3738
4901
4086
4911
4020
3857
3380
2997
3896
4028
3823
3823
3823
3789
3823
3823
3789
3789
4901
4086
3719
4185
3598
3904
3161
3161
2811
3896
4897
4897
4908
2955
1467
4071
3380
3380
2997
4161
3823
3961
4147
4901
3719
3537
3333
3458
4161
4161
4028
3746
3787
3800
4906
4086
4086
3719
4906
2746
3264
3380
1468
4166
4141
3945
3933
4281
3995
3684
3711
3810
4080
4225
3161
3161
3684
3810
3460
4087
4087
4897
4129
3338
3661
3718
4086
3753
4033
3625
4218
2925
3716
4206
3676
4019
3871
2779
3488
3488
2543
4263
3667
3684
3575
3811
4908
3873
3127
3481
4362
2655
2925
4141
3738
3848
3695
3718
3718
3768
3380
4161
4233
4171
4156
3575
4185
3661
4902
2655
3202
2997
3488
4216
3746
3790
4901
4241
4314
4071
4028
3948
4028
3823
4080
3684
3810
4225
4298
4267
3684
4298
4267
4267
3918
3075
4279
3237
3720
3720
3701
3701
4901
4901
4099
4099
4099
4091
4449
4442
4095
4135
4117
4394
4093
4442
4095
4407
4443
4415
4084
4247
4403
4170
3676
4351
4282
3719
3943
4374
4282
3928
3723
4120
3740
3237
3649
3107
3380
3380
3481
3959
2925
3082
2884
4272
4347
3749
4201
4264
4264
3847
4905
4161
3972
4068
3754
3082
4151
4157
4080
4185
4223
3973
3753
3789
3890
3719
3237
4071
4071
2997
2884
2925
4365
4272
3936
3711
3719
3719
3972
4349
4349
2997
3089
3089
3089
4392
3089
4387
4071
4071
4423
4156
4048
3673
4211
4302
3694
3710
2746
4068
4170
4223
3891
4264
4349
293
4905
4165
4301
4071
4071
3089
4161
4349
4068
4349
2667
2667
3928
3380
4267
4048
4216
3463
3810
4298
3810
3127
3479
4185
3822
3720
3701
3720
3161
3161
3161
4315
4167
4153
4349
4915
4081
4924
3701
3701
3673
3973
4070
4070
4392
4419
4294
4455
4455
4462
4401
293
293
4429
3673
3959
4240
3161
4178
4260
4174
4260
4174
4172
4915
4919
4083
4134
4173
4134
4108
4407
4449
4449
4449
4449
4449
4108
4108
4370
4894
4174
4894
4133
4133
4108
4108
4173
4894
4894
4174
4174
4174
4174
4174
4174
4894
4894
4894
4894
4373
4370
4399
4438
3680
3680
4133
4438
4449
4444
4449
4444
4099
4153
4915
4028
3463
4080
4164
3930
4247
4155
4174
4174
4194
4894
4174
4174
4174
4174
4174
4174
4131
4194
4194
3089
4071
4161
4048
4279
4362
4153
4178
4174
4174
4174
4260
4260
4260
4178
4178
4178
4315
4217
4267
4272
4281
4289
3709
3930
3930
4155
4178
4178
4178
4178
4178
4178
4174
4260
4260
4260
4260
4260
4153
3161
4217
4161
2997
4223
4242
4225
4225
2667
3476
4905
4165
4153
3161
3858
4225
3973
4185
4260
4260
3157
4071
4170
4365
4080
3848
3721
3516
4349
4349
2797
4349
4247
4071
3663
3462
4296
4240
4099
4098
4098
4241
4247
3822
3949
3822
3936
4225
4201
3890
3800
3694
3695
3237
4071
3089
4298
4298
4267
3678
4414
4048
4296
4080
4267
4267
4070
4070
3859
4009
3709
3719
4178
4260
4260
4260
4071
4071
4071
4298
3462
4349
4366
3460
4281
4276
4260
4349
3822
4374
4264
4202
3709
4044
4895
3335
4025
2797
4267
3162
3162
4349
4202
3709
3765
4048
4070
3724
3941
3722
3724
3986
3765
3462
3845
4070
4287
4202
4248
4084
3859
4048
3477
4070
3940
3933
4281
4281
3953
4044
4260
4302
3822
3998
4267
4351
3462
4120
3477
4048
4202
4351
3822
3724
4174
4174
4260
4406
4267
3859
3709
4119
4443
4431
4093
4423
4349
4309
3859
4914
3663
292
4453
4294
4419
4455
4453
292
293
297
4401
4401
4401
4445
4532
4462
4294
4053
4264
3934
4119
4174
4174
4174
4071
4423
4304
3935
4914
3934
4260
4174
3462
3934
4174
4174
4373
4399
4399
4403
4264
4174
4174
4174
4093
4174
4349
4399
4095
4444
4294
4455
4419
4294
2650
4433
4455
4455
4462
4455
4455
4455
4455
4419
4294
4294
1156
4433
4455
4070
4455
4455
4294
4174
4174
4294
4455
4294
4174
4174
4349
4094
4174
4174
4174
4894
4174
4449
4294
4294
4294
4174
292
4294
4433
292
4111
4371
4371
3680
4455
4455
4455
1156
293
293
4349
4429
4423
4455
292
4453
4453
4455
4294
4294
4294
4095
4111
4455
4455
4373
4370
4370
4373
4370
4294
4399
3680
3680
4108
4438
4438
1156
4455
4370
4438
1156
4455
4370
292
292
293
4294
4429
293
4429
4077
4294
4455
4401
4433
4455
4453
4401
4455
4294
4453
293
4455
4455
4455
4462
297
293
4401
4462
4429
4462
4462
4453
4462
4462
4462
4462
4462
4740
4740
4740
4740
4532
4740
4740
4740
4740
4740
4740
4740
4740
4665
4665
4699
4699
4699
4740
4699
4677
4740
4740
4740
4740
4740
4455
4455
4462
4740
4532
4455
4484
293
4294
4401
293
293
4455
4462
4462
4455
4455
4455
4462
4462
4462
4462
4462
4462
4462
293
4462
4462
4462
4462
4455
293
293
297
4455
4455
293
4462
4453
4462
297
4455
4453
4462
4401
4462
4462
4462
4462
4462
4462
4740
4740
4740
4740
4740
4740
4740
4740
4740
4740
4740
4740
4740
4740
4740
4740
4740
4740
4740
4740
4532
4401
4401
4401
4401
4740
4740
4462
4453
4453
4462
4455
4462
4462
4740
4462
4401
4462
4401
297
4740
4462
4740
4740
4462
4462
4462
4740
293
4740
4740
4740
4699
4699
4699
4699
4677
4677
4699
4740
4740
4740
4740
4677
4699
4677
4740
4740
4453
4462
4740
4699
4740
4740
4740
4740
4453
4462
4740
4740
4740
4740
4462
4740
293
4453
4740
4740
4740
4699
4699
4699
4445
4462
293
4740
4462
4740
4699
4699
4453
4740
4740
4740
4699
4740
4677
4677
4699
4740
4740
4740
4740
4462
4677
4677
4699
4462
4462
4453
4740
4740
4677
4532
4740
4740
4453
4401
4740
4445
4677
4740
4462
4740
4677
4462
4401
4699
4445
4455
4740
4401
4740
4740
4740
4665
4740
4740
4740
4740
4445
4462
4740
4740
293
4462
4677
4665
4665
4740
4740
4699
4677
4677
4740
4740
4484
4462
4677
4740
4699
4462
4740
4740
4677
4677
4740
4740
4740
4740
4665
4740
4740
4699
4740
4740
4532
4532
4677
4740
4740
4740
4445
4740
4677
4740
4740
4445
4462
4740
4740
4740
4665
4665
4699
4699
4665
4665
4699
4665
4699
4699
4740
4740
4740
4677
4665
4665
4699
4740
4740
4665
4665
4462
4740
4665
4699
4665
4665
4699
4740
4740
4665
4740
4699
4665
4665
4740
4699
4740
4740
4740
4532
4532
4532
4740
4699
4699
4740
4740
4665
4665
4665
4665
4677
4699
4532
4699
4699
4462
4740
4699
4677
4699
4699
4665
4740
4665
4665
4532
4532
4532
4532
4699
4699
4699
4665
4677
4665
4532
4677
4665
4665
4665
4665
4665
4665
4665
4665
4665
4665
4665
4665
4699
4665
4699
4665
4665
4699
4665
4665
4665
20
59
93
93
75
81
91
59
3
93
95
4813
44
115
4818
64
90
241
910
909
614
686
617
617
617
589
498
536
628
628
628
687
490
628
520
487
628
687
614
499
714
714
548
628
665
686
665
4827
4827
536
4852
628
570
523
617
605
4853
548
4847
904
4839
686
617
617
527
528
528
605
904
687
628
522
4850
909
4858
489
536
4827
4827
4850
687
589
489
687
494
628
2405
1283
1390
1860
1280
3450
285
1701
2560
3287
3656
2496
2496
2496
2953
2560
3159
3156
3156
3159
1874
3156
3122
4974
3159
441
2975
2955
4014
4894
4116
4901
4260
4444
4172
4193
4894
4174
4894
4928
4928
4449
3720
3701
3701
3700
3701
4099
4140
3700
3700
3701
4130
4081
4081
4103
4103
4129
4178
4174
4174
4174
4174
4260
3701
3699
4108
4311
4174
4174
4174
4194
4193
4387
4433
4392
4294
4294
4294
3089
4392
4174
4665
4699
4699
4699
4740
4740
4740
4740
4740
4740
4665
4740
4740
4699
4699
3720
759
644
660
644
789
4853
524
751
2199
3159
3159
3159
1044
3159
2199
3159
3159
3159
3443
3159
3159
3159
3478
3159
3159
3159
3159
2199
441
3443
4500
4500
2199
3478
2199
3159
2199
3159
660
1824
1824
