106
119
119
253
413
310
76
393
3
320
49
10
450
455
112
228
4756
350
4762
4763
175
175
160
158
303
303
158
414
175
175
175
175
175
175
175
175
112
303
157
175
175
158
108
96
36
42
251
317
81
168
168
169
14
158
215
112
303
166
175
175
175
175
175
175
4763
4763
175
175
409
414
175
167
112
157
4762
175
303
303
303
158
175
4762
307
160
31
23
281
121
121
175
175
175
108
112
215
215
243
243
215
215
108
284
215
112
112
215
175
175
112
112
158
157
158
158
112
215
112
121
158
36
139
219
237
277
407
424
501
743
411
183
44
286
237
108
175
157
228
73
41
121
158
112
4762
36
284
158
175
165
175
175
4762
175
175
175
175
175
175
175
175
414
414
175
175
175
175
175
119
154
36
73
25
14
158
175
165
175
264
41
42
298
216
216
275
292
348
293
9
186
538
621
201
673
866
797
189
510
687
12
205
256
301
49
506
36
122
301
10
204
232
158
303
303
175
175
139
303
73
177
178
165
219
178
139
157
4757
4756
4762
83
140
303
175
157
175
169
49
4760
406
47
108
2
37
219
203
279
127
219
112
175
175
175
175
146
122
122
177
79
414
160
41
203
175
175
175
175
77
31
285
175
42
164
164
202
175
84
175
49
272
158
237
237
167
175
175
175
158
41
225
77
253
83
177
289
4
377
175
175
289
32
181
175
175
303
175
175
4762
414
160
64
32
160
213
180
253
4758
203
256
50
300
242
91
81
253
3
157
4762
160
160
4763
175
413
229
277
4762
242
4762
160
409
4763
350
336
180
402
175
251
3
48
175
175
334
12
505
535
535
795
795
535
688
361
1794
1793
2488
3208
3469
4044
4253
4355
3845
372
373
3186
4355
4763
160
79
307
306
175
175
382
239
351
352
794
532
388
349
380
310
160
253
81
301
160
4763
4763
175
4763
175
83
333
48
414
175
175
414
4763
160
298
414
414
180
44
181
4763
276
4762
414
4762
182
407
4763
4763
64
395
64
414
4763
175
414
409
175
320
405
275
411
530
442
865
442
507
241
46
406
299
439
504
125
351
127
47
45
183
437
406
327
278
519
441
753
4853
753
753
753
193
4848
1362
795
354
1553
1324
470
2059
2463
3067
3686
3634
3459
3701
3386
3224
2645
1176
1949
1904
1588
1410
1352
1568
1417
1646
1751
1814
1944
2564
2271
1870
1956
498
2049
131
276
231
45
417
446
687
348
501
380
186
206
517
655
183
387
128
500
232
506
132
391
507
447
240
519
509
131
418
673
743
520
532
387
853
794
533
186
595
634
544
706
705
542
694
665
539
634
634
644
644
634
561
624
624
634
634
682
644
644
644
684
4776
566
4829
714
570
4805
745
4805
4786
4787
845
892
577
4830
4830
953
1283
1114
1377
962
990
958
1122
1103
961
1602
1112
668
539
539
4832
553
633
540
562
633
622
555
599
4832
599
609
601
4795
613
616
544
789
720
675
613
503
131
634
634
644
626
629
627
714
629
629
4817
562
682
634
625
4783
683
713
738
634
682
677
684
684
644
644
679
567
745
790
745
762
763
882
923
197
532
657
660
660
660
438
542
706
662
548
635
682
539
694
544
662
508
673
539
542
544
644
684
679
679
680
682
681
681
684
679
679
523
12
387
387
688
616
720
696
671
694
540
542
671
671
635
706
705
705
789
664
636
681
681
678
685
685
644
685
678
679
4829
567
680
680
716
694
694
671
616
598
613
720
772
848
848
895
946
809
733
828
782
804
684
715
694
694
691
440
201
131
790
509
538
526
389
748
758
911
195
195
194
193
1022
531
678
840
757
535
387
387
517
716
770
687
758
4795
767
743
4829
715
715
772
607
841
4792
697
697
612
4795
777
780
946
525
441
1082
878
4854
461
507
616
647
647
716
835
385
526
738
789
4795
772
693
673
639
615
4774
810
190
441
4816
788
810
832
772
667
829
4802
815
898
1095
817
819
849
762
840
1086
886
843
881
12
826
782
4792
895
708
4814
768
621
865
848
530
650
792
607
772
525
885
640
762
745
848
842
870
851
657
852
792
832
1074
1073
859
859
629
566
843
856
829
865
201
837
762
764
907
442
871
878
1561
1666
1709
1303
865
865
1082
1561
1561
862
837
885
796
907
885
1088
1085
889
838
792
946
608
1078
896
1077
832
717
854
884
764
865
813
719
811
908
896
865
1082
1107
1247
195
795
795
795
758
354
354
749
795
719
850
641
819
853
537
1307
1913
1823
1897
2078
2257
2298
2235
2235
935
2210
939
937
2796
940
2396
2396
2331
2395
2207
944
2117
895
4775
4807
850
1102
719
890
899
579
1158
838
854
898
844
959
961
1014
1090
1000
1016
998
967
1012
1002
1050
971
972
1093
1113
1265
975
1317
1208
1731
2270
2269
960
984
1154
983
1002
589
589
587
991
588
1075
1013
1746
1785
1108
1013
997
1014
1043
1104
593
819
987
1006
966
1145
1197
819
994
1101
984
1103
1001
964
844
901
924
192
4847
190
194
1024
967
1153
1052
1789
1024
1284
1149
1287
1318
1386
1910
1034
1038
1039
1528
1226
1149
1112
1015
884
899
577
783
1050
1349
1789
972
976
1851
1810
1022
192
1012
4808
1061
4808
4809
591
1065
1044
900
1077
4834
4821
628
1074
1128
4834
1075
1075
609
610
1080
1080
627
1075
442
843
1284
889
1088
883
1085
1087
1088
863
1003
1113
1025
989
857
816
4817
4817
4817
1516
971
816
1142
1104
1106
1106
1094
4817
1602
1538
1009
593
1091
1066
958
1146
1018
820
857
1016
442
818
963
1011
1011
4790
4830
1128
4834
4797
4797
1128
4817
1070
4817
4817
4817
4817
858
1137
1139
1137
1274
1143
1143
1119
924
859
1030
1150
1149
1059
971
4817
1084
688
588
859
1154
1231
1190
1163
1042
1239
1313
1313
1764
1167
2409
2305
2330
2330
2330
2265
1806
1188
2551
2945
2945
2945
2945
4980
2554
4977
2553
2361
1381
2330
1270
1390
1192
4817
974
1093
1120
1267
1228
881
1231
1073
857
4817
1192
1238
1206
1292
1638
977
4817
1095
1201
1505
4769
4841
1506
1143
1194
1093
1003
1221
1437
1597
1225
387
1152
1557
1541
1051
1161
1121
1042
1256
1234
1639
1535
1258
1239
1341
1636
1143
1151
1227
1198
1268
1026
1199
1165
1249
1352
1410
1262
1255
1259
1256
1229
1163
1256
1259
1261
1143
1144
1200
974
586
1018
1248
1231
1238
1384
1273
1203
4972
1095
1210
1140
4822
1143
1125
904
1278
1152
1288
1263
1144
1297
1342
1210
1291
1356
585
1244
1041
1296
1287
1204
688
1246
1052
1260
887
1261
1106
863
1265
1283
1246
1309
1290
1321
690
1268
1260
1107
985
1297
1280
1274
1250
535
535
919
1537
2579
2729
3417
4276
1332
4432
4571
4403
4598
4965
4681
1018
1018
1355
1397
1342
1282
1126
1543
1226
1162
1635
1613
1742
1352
1353
950
1164
914
193
4848
749
193
795
1256
1372
1512
1366
1891
585
954
1229
1065
535
535
689
537
689
536
1492
1257
1679
1893
1169
1340
1271
1310
1033
1310
1250
1268
1229
1162
1755
1262
1199
1519
1723
1279
1319
1272
1238
1282
1216
1346
1528
1528
1910
1053
1648
1349
1490
1255
1254
1253
1805
2265
1353
1395
1433
1032
573
4825
1155
1289
4826
4973
1155
1275
581
1429
1277
1429
1276
1298
1429
1435
1243
1634
1300
1353
750
193
1022
1021
753
193
193
1022
193
750
194
1593
1555
1727
1675
1687
488
1892
749
1155
4826
1320
535
1430
1463
1281
1385
1429
1022
1022
753
753
4854
785
1835
1931
1948
1669
1087
912
750
1479
1747
1833
1645
1524
1525
1525
1489
2322
1426
1243
580
1161
592
975
866
4847
1606
1555
1552
1443
1233
4835
4813
4791
4791
4835
4841
838
4794
535
535
689
1466
1377
1262
1251
1388
1235
1125
750
1521
1554
1738
1853
490
491
1242
1040
1309
1706
4847
1397
1629
1496
1320
795
1707
1195
1741
1540
1541
1910
1540
1541
1542
1065
1022
4853
754
4853
1302
193
4847
1356
1633
1662
1500
534
1027
1552
512
1540
910
1478
878
4853
4853
878
878
878
784
1552
1569
1418
1311
1515
823
1109
4857
784
1443
1578
1389
1009
1166
1370
1528
878
1472
910
1574
1419
1416
1609
1109
1552
1307
1594
1595
1224
1440
1363
911
910
995
1580
4853
4853
753
1021
753
1568
1411
1552
1055
1056
1825
1303
1251
753
1517
1609
1619
1673
1453
1727
1624
1739
1662
1577
1662
1500
1266
1768
1837
1395
1010
784
1610
1629
1292
1235
1408
4853
1106
1608
1591
488
1521
1596
1543
1558
1641
1651
2061
3212
3325
2737
2303
1974
1661
1986
1617
996
1400
1410
1247
1681
1668
1668
1925
1251
1532
1498
1589
1495
976
1521
1307
4859
1085
1680
1350
1674
1691
1575
1591
1649
1994
2272
1686
1608
1775
1694
1890
1222
1354
1252
1714
1583
1412
4856
1691
1701
1616
1531
1579
1420
1582
1471
1618
1895
2360
1617
1494
1416
1684
485
1672
1726
1624
1626
1698
1763
1502
926
1391
1673
1718
1675
1092
1571
1207
1391
1733
1845
1709
1718
1619
1643
1591
1742
973
1581
1607
823
1726
1738
1620
1522
1591
1646
1396
1872
1822
1392
1777
1315
879
1586
879
1688
1437
1646
1295
1439
1439
1627
1680
1580
1713
1678
927
2079
1554
1366
1646
1407
1439
1588
1205
1572
1730
2034
1542
1688
1603
1763
1628
1501
1767
1749
1786
1888
1930
1834
1255
1743
1924
1806
2107
1380
1847
1087
1825
1420
1723
1581
1816
1629
1809
1218
1721
927
1376
1237
1814
1848
1620
1725
1920
1254
1627
1812
1347
1612
1768
1386
1676
1399
2350
2542
3208
1827
1832
489
487
1252
1682
1810
1440
1868
2047
2269
1844
2081
1751
1409
1348
1584
1836
1623
1803
1599
488
1854
1627
1819
1857
1734
1859
1993
1730
1805
1409
1254
1708
1414
1415
1801
1252
1384
1207
1730
2034
1869
1781
1762
1874
1481
1929
1788
1524
1788
1696
1696
1695
1884
2402
1748
1732
361
1252
1666
1775
1812
487
1393
1573
1584
1665
1453
4859
1823
1899
1823
1639
1815
1585
1583
1714
1714
1583
1700
1413
1919
1938
1795
876
1631
1615
1899
1914
1915
2259
1625
1856
1743
1967
1054
1821
1861
1846
1667
1898
977
1754
1774
1758
1745
1902
1933
1836
2311
1684
1749
1254
1668
1779
1731
1747
1237
1583
489
1833
879
1894
1708
1862
1413
1615
1781
1855
1899
1952
1872
2035
2300
2049
1924
1743
1668
1813
880
1802
1824
1379
1380
1847
2265
1822
1037
1716
483
1984
1036
1482
1628
1901
1325
1847
2329
3113
1778
1954
1859
1953
1168
1928
1913
1731
1849
1743
1757
2004
2014
2088
2057
2025
2023
2099
2099
944
944
2056
2099
2202
2307
944
2099
2010
2010
2029
2024
2012
2088
2057
2224
2209
2009
2183
2009
2072
2099
2029
2010
1868
1869
1888
2332
875
1716
1414
1924
1862
2099
2024
2024
2057
2072
1852
1942
1942
1993
1805
1918
2011
2158
2100
944
2005
2058
1628
2094
1474
1475
2408
2408
2123
1954
1708
1916
2017
2009
2057
2088
2017
2024
1823
1913
2039
2078
1925
2088
2087
2024
2087
2009
2014
1481
1474
1903
1380
2024
1887
1927
1897
2156
1897
2202
944
944
2056
2225
1773
2103
2103
2310
1413
1805
2204
2120
2125
2185
2372
2114
2355
4862
2187
2052
2021
2204
2087
2026
1911
2369
2372
2216
2187
2147
2495
2183
2204
2184
2186
2547
2970
3263
3263
2971
2170
2169
2936
3263
3263
2293
2115
2188
4868
2991
3085
3089
2928
2513
2468
2147
2183
2099
1897
2202
2202
1773
1772
2350
937
3037
3239
2168
2168
2169
2169
2525
2525
2912
2986
1873
1850
484
2130
2003
2312
2175
2591
2283
2547
2183
2372
2372
2355
2188
2188
2467
2497
3001
3288
3277
3263
2217
2198
2502
2306
2435
2200
2217
2009
2009
1940
2032
2307
2101
2210
943
2449
2103
2260
1526
1955
2217
2369
1806
1806
1806
2369
1996
2100
1823
2154
2247
1772
1917
1586
2044
2222
2042
2209
2022
2224
930
1997
2078
2238
2298
2257
2349
2056
2207
2146
1992
2269
2269
1325
1793
2253
1716
2185
2076
2258
2226
2350
1859
1873
1850
2197
2085
2023
2224
2208
2363
1859
1900
2093
2122
2131
2109
2108
2174
2174
2231
2131
2126
2126
2109
2126
2279
2111
2279
2279
2308
2174
2174
2174
2118
2118
1850
2293
2115
2106
1806
2238
2267
2298
2208
1869
1794
1752
1939
1414
1972
2502
2079
2122
2108
2262
2092
2293
1806
1990
2299
2259
2116
2148
1858
1870
1481
1752
2109
2109
2109
2108
2131
2372
2235
1990
2116
1930
2372
2083
2234
2499
2337
2880
2338
3011
2162
2343
3037
2238
934
4870
2495
2235
2235
2234
2244
2352
2669
1995
2293
2104
1800
1968
2218
1893
4862
1941
2270
2020
2234
934
932
2355
2298
2213
2108
2038
2091
2292
2411
2270
1790
1759
1482
2234
1971
1475
1863
1172
2495
2689
1783
1753
2051
2361
1862
1863
2107
1381
4865
2909
3206
2195
3265
1694
1694
2223
2119
2174
2308
2309
1862
2409
4870
2411
2495
1945
2388
2271
2415
2108
2131
1932
1711
1711
1974
1711
1863
1863
2361
2428
1858
2495
2302
2173
2329
2631
1169
2515
2147
4866
2973
2135
4866
2512
2188
2512
2512
2928
2211
2396
2148
1788
1483
1696
1882
474
1977
2205
2379
2379
2266
2472
2654
2894
2596
2623
930
1945
1979
2549
2497
2497
4862
4862
1476
2082
2123
2305
2446
1788
1483
1483
1917
1978
2174
2174
2308
2308
2131
1711
2234
2361
362
2303
1172
2435
2515
2435
2445
2446
2134
2041
1415
2082
2082
2500
2306
2502
2950
2125
2112
2119
2119
2231
933
2370
1712
2188
2096
1381
2188
4865
1946
1694
2261
2233
2312
2336
2336
2913
2732
2537
2186
2244
2250
2322
2430
2109
2109
2109
2126
2403
2333
933
2243
2159
2503
2869
2825
1917
2302
2174
2113
2126
2134
1381
2201
1170
2201
2201
4980
2159
2946
2461
1874
1753
2481
3704
2415
2215
2185
2231
2244
2098
2188
1525
1525
1696
1524
1696
1696
2741
2858
2985
2858
3392
2583
2725
2582
2578
1980
2831
2109
2505
2473
1917
1791
2109
2308
2131
2245
2500
2540
2082
2796
1525
2402
2600
2389
1711
2389
2491
4988
4991
2881
2809
2818
2889
4071
2160
3005
2796
2401
1486
2109
2109
2040
2352
2353
2595
1828
3207
2440
2105
2295
1866
2597
2161
2635
2543
1696
2037
2590
2061
1711
2515
2109
2385
1177
1178
2750
3447
3857
2745
3467
1711
2082
2252
2308
2279
2272
2219
2805
3019
3173
3430
3024
2927
1186
1185
2605
2246
2500
2488
1829
1792
2548
1174
2755
3319
3078
3791
3791
4285
4285
4285
4254
4094
3478
4248
4031
4151
4031
4276
2689
2466
2090
3366
2418
2448
1956
2770
2837
2837
2795
2711
3062
2952
3781
2757
2770
2760
2854
2896
2610
2795
2795
2795
2560
1885
473
2725
3774
3482
3476
2682
4254
4254
4285
2059
2579
3166
2308
2279
2279
2308
2273
2256
2666
2738
1525
2321
2172
3143
2563
4114
4099
3287
1182
2853
1182
1185
1483
2133
2389
2392
5000
4985
498
2767
2768
2896
2808
2769
2821
2759
2837
2764
2821
2808
4997
2768
2854
2964
3072
3308
2896
3093
3094
3439
3569
2778
363
2214
2781
1884
2402
3652
2280
2351
1188
1984
2492
4983
2767
2837
2837
2825
2757
1944
2371
2631
2433
2511
2493
2555
2821
2808
2875
2817
3836
2814
3313
3711
3643
2818
4035
3031
3071
4992
4866
2643
2759
2991
1695
1696
1696
1697
1875
2480
2264
2384
4988
4977
2820
2837
2796
498
3159
2842
2381
2295
2566
2379
2821
4983
2334
2177
2295
2553
4988
4866
2928
2991
2928
2759
2321
2580
2660
2263
2529
4977
2065
2457
2190
2151
2195
2195
1956
1956
2800
1935
2808
3051
2544
2400
2400
1653
2603
2919
2886
3045
3865
3152
4190
3836
3874
3372
2161
1886
2430
2669
3057
3057
2402
1875
3008
2498
2469
2864
2472
2470
2408
481
2191
4980
2928
2973
2190
3221
2287
2378
2968
2629
2368
2553
2989
3237
2611
4139
2837
2771
2565
2090
2801
2551
2973
2866
2195
3073
3277
2601
3042
2484
2489
2622
2632
2338
2623
3011
2945
2772
2509
4977
2065
2909
2774
2895
3183
2712
2770
3475
3475
2958
2893
2433
3199
2723
2633
3091
3165
2866
2837
2879
2970
2434
2135
3089
1829
2975
2472
2457
2195
2775
3285
3712
2037
2638
2584
2733
2433
2654
2472
2890
2929
2992
3184
372
492
2995
2742
3428
3842
3445
3461
2832
2423
2470
2472
2162
2624
2894
2838
1661
2337
2338
3095
492
3056
3015
2552
2552
2606
2555
2552
4878
2552
2551
2552
2552
2552
1181
2914
2890
3707
2558
3033
2163
3037
2169
3238
3238
2402
2879
3616
3769
4146
4140
4051
3770
3287
2606
2989
2195
2655
3053
2577
2800
2819
2558
2775
2776
3189
2979
3062
3074
2711
2795
2432
2961
2661
2990
3030
3265
2283
2934
2373
3462
4945
3822
3080
4937
3893
3080
4945
4111
2900
2605
2691
3085
2945
2470
2064
2471
3120
2472
2779
3094
3231
3483
2928
3125
3060
3257
3296
3355
3357
3378
3379
3458
3253
3837
3107
3134
3673
3034
2481
2751
3145
2621
2523
3010
2850
3154
3120
2168
2163
3011
3093
3033
4886
2439
2965
3449
3389
3435
3347
4192
3352
3693
3693
3833
3140
2795
2414
2752
2948
3028
3385
3385
3393
3718
3706
3617
2912
2523
2987
2850
3288
1326
3167
2948
2471
2343
3120
1884
2561
2605
4878
4879
3262
2882
2913
1182
4878
2472
3154
2780
3277
363
372
2993
4228
3318
3391
3674
4098
3192
4173
3594
3674
3436
2254
2527
1655
1182
2525
2525
3092
3277
3165
1829
2954
2924
2729
1182
4879
3068
2937
2169
2168
2168
3127
3037
3033
3208
2995
2647
3149
3463
2848
2169
2778
3273
3288
2719
2882
3287
2935
2169
3273
2169
2136
3244
3433
3601
4132
3787
3191
4067
3838
3608
3458
3486
3335
3298
3298
2998
2996
3652
2061
3616
2988
3043
3200
2937
2169
2169
2169
3239
3244
2741
2798
1182
3263
3263
2971
2135
2339
3235
3235
2169
3273
3207
3007
2475
2919
3691
3031
3174
2459
2170
3273
2894
3444
3444
3100
3327
3185
2781
2924
3074
3212
2948
3024
3661
3263
3263
3263
3298
3099
2861
3322
3316
3110
2782
2062
3305
2936
2959
3404
2720
2434
2472
3297
2981
3062
2905
2900
2948
3028
2383
4886
3101
3270
3173
2864
4886
3230
3412
2459
3295
3344
3133
4067
3107
3688
3348
3350
3351
4001
4192
3317
3389
3296
3379
3425
3592
3363
3589
3361
2655
2980
3059
3660
2887
3237
480
2779
3246
3372
3373
3316
3376
3435
3060
3400
3098
3131
3356
3465
3236
3338
2865
3007
3339
3358
3230
3099
3473
2883
4885
2778
3425
3457
3440
3103
3187
3065
3455
3590
2999
3405
2993
3132
1884
3112
2383
3405
3591
3414
3425
3397
3053
2718
2953
2811
2610
3338
479
3413
3255
3426
3360
3373
2747
3985
3236
3433
3434
3377
3312
3065
3700
3448
3424
3465
3437
3700
3433
3428
3330
3144
3316
3256
1488
3697
3360
3286
2809
3431
3049
3591
2841
3458
2998
2651
2717
3446
3590
3374
3270
2923
2706
3422
476
3185
366
3486
3475
3476
3476
3478
4254
3478
2730
4003
1328
3384
3570
3456
478
3573
3575
3588
3811
4046
4084
3755
4154
4252
4328
4334
3943
3942
3940
4332
3977
4332
3945
3487
3488
3575
3777
3627
3612
3563
3603
3530
3627
3607
3628
3630
3653
3649
3662
3511
3551
3523
3523
3694
3694
3564
3627
3607
3628
3516
3596
4048
3629
3540
3630
3587
3489
3641
3627
3649
3884
4066
3694
3694
3512
4910
4899
4908
4910
3512
4222
3734
3733
4060
3723
4006
3839
4967
3649
1326
3627
3817
2916
2063
3246
3645
365
3139
3621
3472
3961
3576
3318
3578
3254
3578
3627
3397
2725
3773
2725
3627
3613
3636
3576
4065
3225
3592
3223
3256
3131
3222
3628
3689
3689
3594
3246
3787
4056
3410
3188
3627
3627
3507
3474
3364
3087
3610
3226
3649
3489
3628
3816
4034
2816
3618
3619
3423
2841
2725
3506
3573
3580
3587
3655
3655
3655
3689
3066
3631
3633
3634
2785
3613
3588
3757
3640
3574
3862
3712
3873
4132
2814
3649
3665
3530
3780
3445
3054
3653
3426
2578
3659
3846
3330
4024
3665
3664
3814
3542
3704
3792
2963
3774
3774
3463
4179
3810
3799
3587
3542
3418
3680
2707
3419
3999
2983
3773
3468
3196
2722
3579
2704
3676
3653
4025
3571
3662
3522
3546
3190
3704
3623
3402
3788
3571
3636
3798
3816
3849
3805
3876
3137
4200
3196
4028
4087
3815
3716
3248
3784
2562
3721
3596
3532
3516
4932
3607
3627
3607
3534
3724
3723
3723
4903
3561
4887
3552
3746
4916
4196
4183
4183
3558
4250
4250
3746
4196
4144
4196
3914
3546
3754
3841
3812
3762
4145
3761
3540
3639
4180
3759
3804
4008
4008
4034
4131
2650
3080
4206
4286
4261
2727
3079
3809
3451
3702
4086
3460
2982
3843
373
3419
3587
3998
4948
3822
3080
4206
3893
4286
3892
3892
4286
3413
3635
3665
3755
3190
4254
4094
4094
3659
3802
3210
3676
3998
4197
4940
4937
4937
3150
2678
3903
3813
3637
3963
3519
3852
4228
4933
4112
3830
3821
4940
3080
4936
3893
3893
3893
4286
3893
4940
4940
4204
4204
4948
4277
4202
3831
3522
3663
3572
3709
3336
3608
3383
3607
4277
4937
3861
3720
3843
3843
4052
3721
4138
3848
4138
4056
4228
3830
3249
3665
3791
3186
3666
4077
4111
4289
3860
3592
3815
3703
2888
3416
3598
4068
3516
3535
3534
3716
4035
4115
3600
3821
3794
3550
3523
3510
4888
3663
4256
4286
4263
2685
3801
4094
4094
3801
3801
3801
4322
3801
4322
4286
4302
4327
4257
4271
4421
4586
4522
4352
3891
4285
3902
4261
4261
3478
3905
3646
3968
4020
3500
4107
4017
3694
3879
3959
3529
3912
3922
3739
3525
3955
3956
3556
3556
3951
3924
4325
4926
4252
4339
4914
4914
4913
3526
3933
3933
3980
3917
4895
3936
4336
3933
3952
3926
4346
4306
3949
3949
3924
3924
3952
3954
3746
3551
4232
3957
4908
3731
3694
4261
3811
3195
3580
3538
3548
4928
4049
4893
3943
3942
3935
3917
3943
4331
4241
4252
3694
3695
3877
4197
3832
3191
3815
3659
3695
4013
4154
4013
3975
4929
3975
3971
3500
3994
3968
4049
3875
3875
3717
4000
3846
1328
3721
3596
3535
4048
4892
4928
4020
3994
4109
4066
3968
4918
4017
4107
4011
3995
3995
3908
3548
3873
4055
4026
4261
3815
3336
3781
3963
3626
3877
3873
4132
3862
4254
3802
4020
3996
3547
3787
3109
3802
4033
3547
4044
4099
3478
4094
4077
4079
4163
3659
4074
3725
4966
4007
4967
3596
3839
3705
3756
3109
3657
4069
4070
3712
3647
3135
4059
4047
3546
4202
4078
4079
4133
4082
4134
3492
3491
3644
3061
4088
4120
3801
4092
2688
2686
4276
2686
4094
4058
3679
4094
4094
4094
3105
3761
4049
4107
4107
4178
4107
4202
4079
4045
3715
3960
4036
3801
3703
3417
3805
3643
4122
1328
4124
3351
4125
3535
3870
2812
3420
4085
3868
4081
3716
374
4164
3252
4157
3640
3659
4201
4201
3767
3766
4235
4157
4116
4038
4004
1328
4152
4153
4154
4129
373
4031
4276
4276
3762
4180
3640
4165
4164
3838
4006
3975
3191
4104
3106
4098
3639
3194
4075
4006
2983
3108
4153
4033
4236
3765
4245
3971
3975
4950
3749
4173
4191
4075
4183
4250
4219
4250
4219
4202
3250
4179
4076
4945
4243
4370
4361
4277
4257
4257
4943
4286
4243
4269
4210
4409
4419
4214
4723
4731
4215
2888
4173
4219
3782
4902
4062
3967
4331
4333
4203
4030
3251
4230
3731
4060
4023
4197
3867
4245
3976
4189
3494
3494
3493
4209
4332
4328
4896
3743
1328
3970
3559
3920
4195
4276
4322
4322
4271
4271
4276
4276
4322
3801
4322
4322
4322
4302
4322
4094
4092
4322
4280
4269
4270
4436
4436
4957
4413
4432
4322
4363
4353
4280
4269
4276
4276
4270
4222
1331
4241
4306
4401
4413
4322
4322
4335
4896
369
3558
4328
3926
3948
3948
4328
3926
3958
4363
4432
4252
4319
4272
4401
4203
3748
3740
3950
3748
3922
4270
4434
4270
4434
4123
4411
4227
4220
3943
4269
4426
4415
4290
4272
4220
4370
4298
3747
4280
4354
4342
4325
3740
4347
4306
4347
4347
4347
4324
3739
3924
3924
3954
3954
3954
4363
4271
4325
4324
3951
4324
4319
4419
4409
4210
3900
4354
4425
4210
4354
4314
4365
1333
3898
4432
4428
4419
4413
4365
4435
4466
4414
4210
4522
4416
4369
4470
4464
4477
4478
4715
4473
4584
4707
4384
4457
4649
4954
4604
4590
4737
4675
4660
4660
4449
4510
4510
4510
4391
4510
4510
4960
4960
4960
4960
4592
4484
4484
4484
4960
4963
4403
4963
4580
4619
4684
4619
4598
4214
4425
1336
4430
4466
4375
4470
4436
4957
4437
4437
4478
4408
4419
4477
4436
4957
4631
4410
4468
4523
4415
4965
4468
4963
4957
4437
4551
4551
4623
4604
4456
4639
4675
4675
4660
4660
4660
4660
4484
4484
4660
4449
4449
4660
4645
4960
4660
4960
4484
4736
4736
4649
4708
4602
4464
4660
4466
4549
4473
4543
4578
4384
1335
4567
4382
4530
4713
4589
4568
4624
4378
4954
4581
4484
4645
4484
4510
4510
4449
4510
4960
4960
4960
4391
4391
4510
4484
4688
4736
4960
4960
4960
4484
4484
4960
4484
4484
4960
4464
4960
4960
4484
4484
4484
4484
4960
4960
4475
4526
4484
4484
4484
4591
4439
4965
4484
4592
4645
4645
4391
4484
4660
4419
4212
4433
4960
4484
4379
4700
4484
4645
4484
4484
4954
4484
4484
4960
4660
4960
4960
4960
4960
4960
4484
4484
4484
4954
4376
4406
4960
4960
4960
4484
4478
4555
4475
4579
4960
4380
4700
4649
4508
4484
4960
4960
4960
4960
4960
4683
4688
4960
4960
4960
4960
4459
4648
4645
4960
4684
4698
4960
4484
4484
4639
4484
4736
4440
4385
4698
4617
4637
4604
4629
4214
4960
4736
4642
4675
4626
4733
4652
4960
4960
4645
4660
4684
4959
4960
4510
4510
4381
4736
4607
4527
4527
4739
4605
4960
4675
4675
4736
4449
4660
4439
4713
4655
4713
4734
4960
4639
4645
4960
4605
4651
4626
4720
4510
4681
4216
4449
4449
4449
4510
4674
4660
4660
4674
4510
4959
4959
4662
4718
4660
4710
4664
4527
4718
4718
4959
4386
4731
4685
4721
4721
4216
4556
4510
4510
4959
4510
4510
4510
4660
4660
4660
4649
4651
4510
4510
4449
4666
4960
4457
4723
4619
4679
4619
4664
4959
4959
4660
4660
4662
4660
4959
4718
4662
4527
4722
4695
4642
4732
4458
4960
4527
4651
4510
4510
4674
4637
4725
4675
4458
4556
4734
4589
4731
4729
4510
4510
4589
4642
4718
4556
4556
4642
4510
4642
4650
4589
4589
4685
4510
4708
4510
4748
4959
4675
4959
4642
4510
4510
4742
4642
4510
4718
4959
175
175
76
175
175
175
175
175
175
175
3
175
175
77
175
175
409
175
4973
1063
1077
1077
607
609
607
772
706
4787
845
4795
788
4795
4797
780
804
680
745
607
4841
4773
892
1422
1080
4840
740
694
4797
4799
4799
4799
4811
4811
1155
772
714
790
647
607
568
629
4804
745
4835
4835
637
810
4792
629
4818
561
627
4819
609
607
599
4786
1061
1063
569
4829
1422
558
634
4834
4841
895
644
684
4807
573
696
795
758
758
795
737
737
193
194
193
753
1022
912
4855
783
192
460
878
795
1807
4861
2190
4862
2188
2188
2190
2188
4862
4992
2554
4977
4977
2048
2554
2945
2269
2201
2049
2049
2049
2822
2853
2472
2339
4331
3516
3907
3955
3733
3911
3959
3527
4347
3918
3550
3949
4063
3532
3724
4888
3531
3514
3604
4904
3603
4899
3563
3957
3750
4917
3734
4928
4895
3968
3937
3969
3957
3627
3954
4307
4892
3980
4905
3528
3526
4276
4264
4285
4286
4302
4286
4286
4286
3801
4206
3893
3893
4286
4327
4327
4311
3801
4945
4945
4277
4286
4286
4286
4286
4204
4206
3975
4333
4391
4645
4527
4510
4510
4623
4732
4733
4670
4484
4510
4645
4645
4484
4484
4484
4959
3535
3607
4817
4817
4817
1209
1209
4817
1155
1155
4985
2201
4993
980
4993
4985
2200
980
4994
4975
4997
2199
5000
4991
4994
2199
4975
4985
2531
4975
4975
4975
4975
4660
4484
