439
451
183
523
506
456
186
181
390
351
205
352
384
445
456
449
526
190
201
191
686
445
443
443
443
443
443
448
518
448
504
504
523
448
503
518
518
513
503
504
503
417
315
184
443
443
417
445
293
293
446
186
134
278
45
439
183
417
443
449
449
459
459
191
801
686
459
528
686
801
801
686
449
449
621
449
439
447
447
184
184
451
443
454
447
189
506
503
185
445
443
443
443
185
448
504
503
504
443
443
443
417
445
443
445
506
453
443
443
184
184
184
443
503
451
443
443
445
445
504
504
184
443
315
417
444
44
296
216
123
219
4760
230
198
198
406
233
296
44
296
443
443
443
443
45
296
504
443
417
443
439
443
443
504
504
504
419
513
448
448
454
448
503
513
448
190
834
711
528
448
448
528
133
126
443
439
443
443
184
184
448
503
445
449
45
429
346
396
233
446
457
457
186
457
455
457
450
232
500
12
794
913
535
387
531
318
279
218
500
11
444
278
275
277
242
334
204
443
443
443
504
439
443
445
417
453
443
296
296
45
445
456
445
443
134
443
184
504
506
296
296
255
186
186
503
445
443
439
296
216
218
217
203
272
296
448
503
443
504
504
296
296
503
418
737
519
278
296
506
449
528
503
448
523
443
448
504
419
454
9
449
292
247
242
445
346
44
229
216
506
459
459
201
447
513
453
449
506
456
445
456
504
504
443
445
86
296
456
449
184
184
448
448
448
448
454
454
508
508
190
190
201
737
454
444
429
134
187
218
218
518
186
229
449
504
187
517
439
242
621
526
621
621
502
126
216
237
456
219
242
621
655
866
191
13
453
621
191
445
455
186
448
513
454
237
203
318
390
387
1536
1512
1834
1792
2037
2984
2253
4135
3831
4207
4299
4278
3166
1326
4279
4275
621
523
523
203
448
448
286
242
318
383
203
386
387
387
505
10
386
186
449
449
13
797
201
201
518
506
203
186
686
448
711
834
219
13
526
446
326
686
446
233
348
232
513
242
686
655
834
326
406
686
201
834
446
186
801
686
801
834
519
834
190
190
834
186
383
233
232
11
510
515
233
233
186
457
233
321
232
232
457
457
457
10
318
348
446
457
231
321
10
457
455
279
233
232
455
12
743
1449
466
466
1553
1522
1786
1929
1787
1979
2479
474
3301
2827
2781
3672
2511
2295
483
2550
2550
2304
2041
1969
1864
1903
1699
1895
1778
1778
1618
1766
1674
1672
1590
1590
1609
1608
1608
1417
1854
487
1892
1752
2093
1872
2035
2364
2364
124
383
186
233
446
232
457
232
457
276
457
457
457
321
457
232
205
420
197
758
327
505
198
390
351
204
205
450
457
457
232
457
198
386
387
450
500
457
500
232
11
232
457
500
351
450
457
457
232
450
390
390
761
689
387
359
1707
204
646
626
644
4776
644
644
644
561
566
566
568
568
629
861
628
628
628
566
566
566
568
568
861
570
4804
569
569
632
4825
4835
4835
4769
4812
1504
1503
1212
1278
1431
1241
1242
1291
1146
1017
654
991
1006
989
588
565
565
679
645
627
627
626
565
627
646
628
628
551
551
560
667
560
623
633
553
562
562
4838
549
450
457
457
457
500
457
457
565
626
628
629
4808
629
632
4817
4817
4817
4817
567
714
4803
861
715
756
770
717
763
568
568
568
4804
570
569
632
569
4825
573
891
1018
653
457
794
794
688
537
660
533
679
684
684
4838
679
4829
386
4829
644
644
644
500
644
551
387
644
568
4805
4804
569
568
861
861
568
4808
570
455
386
355
1513
561
551
553
550
551
644
551
551
4838
861
681
681
677
681
681
861
861
4804
4804
4804
457
457
4804
4804
4804
4804
569
632
1061
569
4825
4973
718
549
550
561
623
553
4838
681
4783
638
811
4833
789
703
700
700
457
11
1061
550
553
622
500
12
11
4825
520
11
919
917
468
386
4804
793
535
1461
569
569
794
548
4804
13
515
516
4786
707
643
560
552
667
604
604
4820
1079
4773
725
725
11
768
1547
465
1469
505
551
1061
4825
4825
514
535
717
839
625
682
548
12
796
697
609
604
13
669
604
604
713
709
681
853
559
667
802
882
1011
764
516
521
757
822
835
699
703
788
559
667
861
767
510
758
708
13
4831
4835
560
552
770
521
793
868
4835
4835
636
770
802
1312
1324
4841
713
815
842
1147
1073
1131
4817
632
796
725
709
13
4835
579
802
527
1359
786
1758
1947
1666
1561
527
865
1082
878
1561
1735
862
521
891
515
821
660
1086
1511
4831
772
725
4818
1078
4818
710
4831
1126
1427
4814
952
652
638
908
656
1082
824
1461
1536
1600
952
901
652
1118
690
1513
926
1594
1680
1927
1954
1667
1954
1966
1966
2065
2567
2257
935
2411
2543
2129
2127
2124
2184
2114
2216
667
844
924
4822
1215
1278
1212
4813
4814
1158
1066
1044
1578
1291
1368
920
962
1015
924
962
1043
1602
1785
1698
1197
1267
1538
1613
972
1852
2260
2198
2428
2502
2409
1142
1065
999
1115
1115
1157
1378
1463
905
962
1064
1220
1001
1120
1007
1123
587
923
1091
654
1157
992
1492
1222
1531
1017
1015
1016
1044
1578
1377
1282
1428
1018
749
1016
1016
998
1101
971
1094
966
967
1092
1559
1810
1637
1055
1027
1809
1856
1040
1227
1149
1143
989
588
1427
1504
1505
862
1014
1101
971
1109
1614
1350
995
913
591
4973
4973
1155
1274
989
1044
1463
1504
831
1131
4817
4817
832
832
1069
832
1074
4799
4799
708
4821
4799
628
835
964
964
389
660
1088
888
876
920
1011
958
1556
1634
1513
857
1202
1135
837
960
997
763
989
958
660
1634
4817
591
1309
1495
988
1005
1243
1520
1435
1277
1434
837
1597
1103
1374
1018
583
1427
1074
1074
1131
1127
4799
1127
1202
1135
1000
1132
4970
870
1137
1201
1274
965
1008
1145
1464
1069
1073
1050
1084
970
1013
1024
997
1264
1202
1005
1283
842
967
961
1314
1268
1297
1258
1363
1229
1191
1166
1379
1847
1847
1806
1924
1708
1795
1415
1971
1189
1187
2391
2515
2436
2436
1173
2330
2305
1847
1258
1248
1294
1356
988
1556
1110
584
1531
994
1256
837
1204
1202
816
1034
978
978
2058
1920
641
1304
1141
1141
1141
1460
1212
1009
1579
1816
757
1005
1003
1636
1341
1240
1024
1153
1160
959
1192
1200
1042
966
1598
1732
1237
1033
1292
1355
1341
965
1012
1100
1012
1245
1160
862
1239
1599
1527
1596
1419
1518
1250
1321
1165
1383
1440
1233
1388
1025
867
533
1580
1464
1434
960
1263
1032
1768
1111
1311
1204
1137
949
1304
1387
1145
1520
1278
994
1342
1119
974
1320
1137
920
1721
1520
1284
1226
1313
1113
1204
1206
968
1249
883
1004
660
817
1119
1435
843
867
1235
1664
1084
1231
1082
4857
865
1371
1265
1637
1266
1137
1205
1536
1722
470
471
2985
2688
1331
4432
4434
4403
4552
4598
4598
1211
1211
1496
1089
973
1435
1212
1460
1152
1040
862
1065
1546
997
1397
924
1663
1449
1480
1480
1713
1324
1556
1834
1010
1241
1059
593
1600
1512
1324
1707
1433
1262
1439
1805
1496
1465
1036
1515
1825
1851
1201
1201
1571
1229
1162
1581
1288
843
1236
949
1196
1572
1613
1317
1383
1387
1212
1228
1198
1027
1516
1257
983
1519
1568
486
1575
1416
1439
1588
1924
1596
1355
1742
1137
1289
4801
4972
1310
1289
4974
1274
1298
1298
1429
1277
1276
1140
1211
1211
1223
1387
1420
1497
1558
1521
1451
1727
1621
1739
489
1289
1201
1305
1723
1466
1430
1390
1742
1613
1397
1558
1468
1745
1744
1818
1474
1982
2038
875
1761
1633
1522
1762
1628
1523
1482
2171
1814
1141
1597
1460
1260
487
1538
1593
1627
1727
1555
1641
1305
1289
1289
1458
1460
1458
1460
1460
1707
1707
1432
1603
1108
1647
1639
1433
1662
1747
1817
1853
1535
1228
1353
1220
1610
1641
1825
1614
1780
1825
1763
1722
996
996
1160
1516
1051
1026
591
1500
1443
1606
1607
1538
1713
1554
1688
1242
1316
1650
1100
843
878
910
880
1547
465
1469
1469
1532
1545
1576
1647
1593
1207
1769
1107
461
1564
1677
465
1558
1570
1530
592
1301
1410
1411
1411
1472
1745
1587
1547
1725
1587
1745
1646
1608
1646
1646
1608
1105
1307
1594
1420
1224
1208
1522
1564
1472
1264
1221
466
466
1532
1558
487
1555
1391
971
1309
1085
1087
1607
1617
1609
1705
1739
1704
1726
1737
1719
1455
1688
1720
1720
1603
995
1614
1351
1519
1223
1576
1225
1816
1720
1730
1419
1443
660
1775
1646
1535
1313
1650
1688
1651
1953
2510
1654
2916
2899
2594
2262
1936
1711
2091
1939
1939
1451
1451
1928
1324
1608
1894
4859
1667
1954
1668
1669
1476
2408
1643
1738
1619
1220
972
487
1375
1257
1085
4859
1591
1453
1684
1811
488
1717
1965
2272
1770
1350
1595
1748
1751
486
1616
1672
1672
1672
1608
1004
1004
1687
1224
1495
1522
984
1591
1703
1674
1710
1710
1983
1686
1992
1416
1675
1590
1703
1717
1718
1747
1720
1220
1762
1730
1365
1641
1624
1718
1825
1603
1838
2260
1348
1392
1315
1709
1685
1861
1785
1785
1236
1835
1835
1650
1064
1719
1747
1738
1775
1237
1952
1190
1754
1405
1587
1587
1744
1947
1745
1601
1199
1626
1554
1529
486
1608
1691
1106
1610
1223
1366
1724
927
1927
1365
1262
1557
1616
1609
1350
1702
1838
1782
1416
1609
1545
1914
1749
1749
1751
1737
1522
1929
1937
1325
1937
1760
1575
1592
485
1583
1708
1583
1517
1665
1681
1727
1781
1887
1352
1609
592
1767
984
985
1719
1365
1813
1396
1309
1720
1473
1589
1717
1724
1295
1154
1767
1055
1056
1408
1630
362
362
1793
2984
1891
1930
1722
1835
1616
1622
1056
1914
1857
1839
1839
1839
2270
1038
1722
1582
1370
1589
1683
1623
1602
1915
1804
1394
1347
2259
2081
1941
1473
1252
1253
1616
1592
485
1919
1864
1784
1778
1616
1837
1731
2034
1869
1762
1628
1481
1481
1787
1628
1922
1482
1788
1695
1481
1628
1730
1937
1616
1817
1834
1370
1743
1616
1589
1590
1452
1622
1899
1927
1667
1667
1667
1667
1642
487
2080
1499
1589
1589
1672
1618
1672
1672
1672
1618
1778
1682
1618
1618
1618
1618
1618
1618
1618
1618
1349
1562
1668
2259
2316
1988
1747
1347
1575
1889
1668
1612
1628
1846
1254
1668
1966
1851
1786
1774
1855
1760
2089
1760
1651
1715
1849
1850
1808
1818
1575
1618
1562
1789
1916
1762
1237
1349
1821
1586
1947
1589
1682
1765
1862
1784
1562
1651
1651
1667
1887
2034
1839
1839
2270
1517
1517
1672
1668
1749
1965
1948
1814
1252
1588
1708
1924
1708
1618
1672
1674
1542
1836
2255
1974
1523
1481
1628
490
1931
1588
1710
1710
484
1778
1778
1778
1778
1895
484
1904
1904
1908
1908
2230
2329
2359
2294
2230
1908
1903
2294
1906
1703
1889
1837
1989
1409
1920
1826
1623
1575
1819
2108
2002
2236
2297
2499
2279
2132
2125
2184
2120
2108
2279
2548
2548
2279
2108
2108
2131
2308
2308
2236
2236
2234
2235
2046
2465
2465
2132
2279
2308
2312
2279
2279
2308
1823
1868
1537
1930
2038
1592
485
1765
1517
485
1674
2119
2119
2236
2236
2002
979
1859
1839
1253
1392
2465
2234
2126
2184
2131
1757
1628
1900
2089
2062
3330
2498
2408
875
1592
1777
2297
2279
2132
2236
2236
2234
1668
1954
1913
1937
1683
1966
1977
2002
2291
933
2312
2309
2465
1482
2418
1682
1618
1674
1592
2465
1873
1618
1966
1954
1926
2243
1926
1966
2133
2009
2184
2078
2258
1037
2407
1618
1254
1924
2674
3083
2912
3042
2182
2466
2114
2549
2367
2288
2309
2506
2051
2548
2285
2548
2114
2114
2307
2291
2872
3083
2935
2192
2439
2974
2950
2967
2397
2150
2193
2439
2549
2114
2497
2188
2188
2516
4864
4864
2188
2114
2114
2132
1940
1898
2133
2185
1724
2159
939
937
2929
2544
2951
2951
3221
2929
2929
3035
3279
1923
1849
2262
2508
2595
2595
2354
2939
3266
2936
3198
2538
2913
3042
2134
2191
2466
2191
2191
3089
2907
2908
2950
2950
2486
1848
1393
1169
2409
1169
1169
2305
2502
2351
2591
1966
2465
2071
2293
2072
2056
1897
1916
1964
1481
2285
2549
1517
1665
1665
1764
2236
2095
2185
2125
2372
1794
1481
1618
1784
2462
2499
2297
2238
2499
1476
2297
2297
2123
2066
2242
2205
2099
2185
2369
2222
1990
2409
1325
2638
1791
3002
2244
2156
2114
2103
2213
1873
1896
2566
2347
2238
2156
2268
2428
1941
1952
2523
3003
3003
2524
2524
2338
3002
3083
3068
3003
2850
2525
3003
3003
2524
2338
2917
2337
2832
2549
1849
1766
1716
1588
931
2298
2081
1868
1834
1715
1784
1700
1893
2156
2880
2338
2105
2310
1895
485
1409
930
2114
2114
2202
1891
1840
1872
1481
2061
2524
3003
2525
3003
2987
485
1895
2245
1325
3002
2566
2595
2458
2596
2460
2911
2634
2643
2929
2929
2929
1674
1671
2114
2369
2669
2670
2989
2352
1380
2267
1784
1784
1784
1784
2038
1847
928
944
1990
2669
2846
485
1700
1708
1733
2880
1475
1934
2114
2114
1481
2389
1766
1476
2389
1765
1961
2905
1795
1414
2307
1900
1474
1765
2107
1924
1924
1924
2293
2188
2188
2440
2544
2891
1945
2462
2354
3012
1795
1805
2497
2411
2293
1482
2094
2462
3003
1850
2039
2311
2173
2173
1806
1806
1806
1168
1972
1752
2310
2594
1983
2091
1689
1903
1847
2114
2188
2188
4866
3089
2188
2188
2188
2188
2190
2191
2191
2497
4866
2188
2188
2114
2188
2293
2188
2226
2225
2362
1628
1922
1922
2059
2589
1806
2383
2949
2904
2977
3033
2408
2047
2987
2135
2691
1475
2469
2063
1409
2363
1482
1922
1874
2059
1922
1481
1874
1955
2338
3003
3003
2039
2497
362
2173
2107
2265
2305
1169
2306
1893
2305
2362
2362
2135
1895
2498
1961
1778
2470
1893
1990
2362
3083
2937
2914
2462
2458
2311
2469
2191
2305
2265
2497
2497
2188
1748
1791
2595
2624
2633
3038
2940
2170
2969
1990
1990
1964
2524
2850
3003
2850
3083
484
1904
1904
1903
1903
1903
2265
1772
2247
2155
1481
1929
3083
2935
3068
2970
484
1778
2305
2435
1170
2305
2502
2199
2494
2199
2306
2306
1169
2488
1830
1481
1783
2271
2414
2094
2937
484
484
484
2064
2362
1946
1482
2639
471
2520
2858
473
1929
1787
1876
3003
1864
1938
1922
1790
2338
2524
2595
2949
3007
2376
1917
1886
2475
2675
2311
1850
2874
2330
1381
2435
1170
2200
1170
2988
2611
4071
2982
2199
2531
1832
1829
2127
1922
2377
1874
3003
2694
2107
4886
3033
2191
2466
2984
2188
3003
2431
2173
1716
1716
484
1904
1939
2091
2670
2635
2542
939
2036
1876
1901
2061
2311
1908
1906
4869
2970
2221
1796
2358
1866
1984
1984
1661
1661
3321
3056
3321
3590
3590
3798
3777
2996
3701
3459
3338
2173
2173
1792
2036
3003
2407
1961
1798
2550
2631
2360
2631
1986
3326
3326
3463
2631
1866
2358
2221
1796
2358
1970
1903
2091
3007
2471
1793
2488
2169
2596
1415
3631
3788
3793
3774
2725
2725
3476
3658
4254
1414
4863
3003
2692
3631
3684
3384
2188
1870
1870
1956
2300
2464
2838
2955
2706
1956
498
2767
2919
2464
1956
1874
2545
2720
3632
3473
2725
1874
2261
2579
2850
3153
3003
3153
3012
484
1939
2329
483
2588
1788
2322
2172
3143
3000
3000
2666
2666
1175
1173
1798
3366
2128
2169
3153
2373
1415
2251
980
980
980
2251
4980
1170
2200
2199
2464
4999
4992
2530
2251
4985
2854
2896
2808
2964
3091
3092
3570
3683
1946
1484
1696
1487
2169
2596
2458
2602
2303
2435
2199
2199
2191
2190
1841
498
2035
1944
3156
2294
2106
1949
2106
1949
2091
1936
1656
2361
1908
1906
2200
4988
2919
4065
2980
3318
3313
3189
3862
2889
2818
2817
2920
2821
4999
2160
2643
939
4868
4869
1917
1917
1876
1877
3198
2218
2199
2515
1171
5000
2251
2495
2049
2572
1881
475
1950
2294
2230
2311
3085
2949
2494
4994
2596
3144
2303
2361
4992
2188
4864
4875
2049
1791
2899
2092
1799
2230
2294
2629
1971
3264
3161
4866
2516
2516
2516
1956
2529
2460
2945
2188
4868
4868
3325
2596
2492
2605
3719
3437
4874
4146
3328
3666
2816
2768
4869
2215
1950
2294
2106
2230
3127
2768
2821
1788
1979
3319
3462
3821
3341
3272
3330
483
2295
4866
4866
2973
4866
2188
2354
2461
1908
2294
2544
3076
2624
2901
2904
2988
2612
3691
2757
2059
3366
2431
3085
2149
2516
2444
2971
2192
3266
2752
483
3058
3058
1170
2491
2568
3320
3161
4866
2447
2837
2895
2837
2837
1753
2741
2322
2489
2961
2962
2614
3091
3125
2543
4868
3263
3265
2615
3085
4866
2254
364
3291
2516
2854
2922
2775
3711
2814
2252
1790
2144
2556
3033
3051
4866
2037
2253
1979
1526
1981
3428
2533
2136
3032
2736
3007
363
3469
3242
2436
2634
3058
2302
2295
1974
2329
2329
1174
2391
2425
1176
1173
1189
1189
1187
2385
3091
3421
2889
3184
2149
2397
2878
2951
3181
2950
2463
3235
1183
3718
3704
3798
3590
3333
3145
3219
2261
2728
2741
2106
2875
1830
2854
3165
2814
2759
2837
494
2838
2590
1690
2653
2427
2919
2951
2929
2891
2144
3212
2676
3788
3789
3824
4205
3080
2633
2314
3288
483
1189
3334
2636
3237
2890
3371
3057
2929
2444
3125
3094
3297
3389
3413
3435
3457
3457
3579
3458
3135
3108
3133
2854
2359
1905
2359
2360
1189
2929
2929
2929
2929
2929
2929
2929
2929
937
2890
2929
2929
3374
2856
3163
3389
3424
3108
3348
3348
3779
4086
3855
3709
1483
2302
3242
2390
2382
3224
3056
1984
2550
1712
1661
1661
3463
3463
3463
3652
492
2552
3044
2929
2911
2636
2636
2792
1930
2851
1801
3088
2929
2929
2929
2402
2138
1175
2382
482
2666
2384
2660
3128
2929
2929
4866
2544
3125
2655
1326
3417
4123
3034
3130
3312
3449
4039
3250
3866
3408
3255
3256
3130
2773
3241
3314
1905
2929
3221
2819
2868
2967
2891
2488
2838
2795
2560
2579
2490
3035
3221
3221
2929
3207
3469
2984
2964
2476
2550
1905
1984
2550
1984
1712
3015
1712
2801
3084
478
2804
3039
3569
2822
2891
2560
2360
1176
1176
2193
3221
2967
2967
3221
3439
3246
4056
4134
4120
4229
3868
3105
3608
3582
3486
3621
3444
2780
3093
2332
2753
3402
2382
2541
2863
2736
2196
2929
2929
2929
2974
2778
491
2430
2660
2193
2150
3221
3089
2929
2908
2929
2398
3569
3469
1875
2555
1975
2550
3405
3469
2856
3181
365
3344
3444
3327
3417
2518
2560
2388
3112
482
1986
2660
3181
2150
3181
3181
3322
2777
3314
3206
3787
3344
2773
2571
3660
3788
1712
483
1984
3221
2533
3324
2584
2642
1712
1984
3316
3059
2765
2677
3852
2360
1866
1986
4197
3469
2895
1985
1984
2295
3412
4044
3610
3868
3109
4179
3134
3688
3506
3626
3848
4136
4059
3610
3376
3414
3854
3359
3834
3396
3379
3399
2655
2979
2712
3631
2883
2631
1661
1984
1661
1712
2295
2801
1976
3031
4024
4035
3372
4045
2253
3591
3359
3357
3296
3110
3427
481
2801
1712
3300
3469
3435
3484
3327
3314
1986
4197
3600
3834
3834
3139
3425
2576
2060
1712
2906
3463
3777
3258
3008
2533
2037
3843
2770
2518
2848
3334
3470
3673
3345
2776
3101
2271
2830
4051
2646
2972
3167
3140
3389
3425
2415
3237
3113
3113
1660
3714
4132
3249
3592
494
3453
1712
4077
3247
3110
1489
2906
3326
2651
2374
3619
1654
3822
2906
1661
1976
3463
3060
3855
1884
3102
3482
2882
3148
3326
3590
3463
3413
2454
3486
1884
2430
3078
3338
3459
2569
3356
3482
3015
1712
3321
3199
372
3185
374
2589
2585
3475
2577
2583
3478
3818
3373
4077
3069
3696
3621
3574
3637
3814
3762
4230
4162
4247
3749
4324
4324
3739
4325
4324
3925
4325
4324
3924
3574
3636
3702
1884
3612
3522
3563
3564
3603
3603
3510
3627
3586
3648
3649
3665
3635
3794
4899
4899
3879
3832
3884
3663
3510
3612
3627
3627
3627
3627
3655
3655
3577
3489
3636
3574
3612
3649
4084
3548
3884
3794
3564
3581
4924
3728
3883
3724
3515
3871
3516
3516
3522
3522
3585
3521
2836
3080
3822
4078
3601
4080
3199
3709
3257
4000
3961
3778
3637
3641
3573
3487
3649
3138
3670
3521
3648
3613
3637
3640
3043
3338
3463
3572
2454
3449
3296
3100
3586
3586
3358
2546
3645
3717
3873
3423
3620
3662
3612
3488
3586
3357
3338
3463
3652
3714
3423
3016
3649
3811
3627
2481
3616
3152
3248
3191
3982
3571
2571
3380
3575
3578
3587
3586
3586
3655
2481
3632
3463
3633
3686
3490
3489
3813
4164
3350
3576
3099
3436
3674
3716
4121
3188
3664
3665
3812
3612
2753
3613
3577
3613
3648
3399
2580
2818
3148
3635
3665
3811
3098
3400
2963
3468
2582
3451
3701
2827
3401
3055
3653
2414
3141
2871
3617
4190
3668
3451
3611
3583
3254
3472
3655
3050
3463
3192
4086
3663
3546
2781
1489
3472
2693
3590
3463
3459
3621
2782
3008
3627
3287
2663
4289
3709
3135
2996
3465
3190
3594
3436
3674
3194
4199
2414
2563
2579
3627
3516
3530
3510
3627
3627
3627
3607
3516
3532
3728
4967
4903
4061
3734
3744
4183
3964
4966
3731
4168
4183
3744
4168
4183
4250
3742
3494
4084
4046
3763
4145
3761
3655
3542
4180
3761
3540
3518
3517
3857
3856
3467
3590
2678
2722
3793
1884
1884
4165
4153
3111
3222
2729
2561
3577
2921
3191
3790
2678
3774
3854
3522
3960
2784
3427
3441
2725
3476
2564
3653
3078
4289
4316
3886
3652
2785
3758
3813
4070
3256
3520
3018
3788
3844
3775
3777
4205
3773
3774
3887
3824
4940
4277
4207
4356
3756
3841
3709
4164
2813
3397
3360
4879
2678
3491
3441
1327
4004
4299
3630
3587
3420
4948
4243
3808
3789
3783
3491
3417
3187
3630
2999
3840
3808
3709
3835
3255
2979
2953
3103
3361
3627
3607
3607
3607
4081
4133
3712
3717
3808
3845
3512
3512
3514
3603
3603
2722
3774
3887
2725
4100
2682
2682
4256
4310
4269
4371
4501
4364
4275
2679
3445
3903
2580
3873
3832
3918
3926
3524
3694
3794
3879
3550
3881
3881
3523
3551
4930
4899
4910
4907
4908
4910
4061
4930
3750
3556
4298
3742
3556
4899
3881
4930
3881
3881
3881
4917
3956
3739
3912
4342
4342
3913
3739
3924
4914
4917
3738
3955
3956
3555
4196
3552
4232
3557
3551
4910
3559
4901
3883
3883
3883
3604
4889
3546
3694
3758
3449
3543
4191
4066
3979
3979
4049
4898
3956
3525
3922
3739
3739
4915
3739
4916
4916
3548
4898
3527
3755
4277
4132
4067
2414
4147
3548
3749
3749
4342
4342
3916
4345
4266
3996
3547
4154
3644
2889
4120
4166
3074
2578
3630
3627
3520
3965
4252
3917
4252
4307
4054
4014
4895
3524
3929
4347
4307
4324
4346
3548
4113
4085
4067
3445
3131
3183
2871
3542
3589
2611
3150
3196
2725
3329
4926
3976
3917
4346
4027
4173
3758
3593
3103
3494
4352
3286
3141
4114
4351
3346
4153
3659
3614
3534
3520
3596
3607
4247
3347
3253
3347
3136
3712
2813
2924
3606
3580
3582
3333
4217
4121
4122
3962
3743
3762
3815
4165
3802
3598
2725
3476
4101
3476
3838
2718
4101
4047
3655
3967
4347
4337
4346
4267
3713
4076
2563
3014
4176
2725
2952
4328
4118
3643
3195
3587
4124
3688
3607
3516
2811
4191
4162
4098
3195
3815
4004
3587
3579
2707
3594
3658
3964
3964
3655
2562
3680
3141
4254
3658
2730
3580
3494
3328
3867
3063
3658
4254
3763
4145
4138
3350
3847
3104
3705
3743
4167
3837
3136
2923
3566
3579
4346
3657
4145
3349
3785
3538
4324
3918
3918
3925
4137
3622
3348
4967
3767
4183
3731
4008
4326
4172
4033
3348
4207
3897
4360
4943
4257
4320
4353
4425
4515
4629
4598
4684
4474
4598
4039
4201
3846
3534
3534
4324
3950
3950
4299
3704
3105
4105
4967
3872
4325
3141
3252
3953
3950
4247
4196
4250
3745
3897
4325
3919
3924
3739
4254
3952
4967
4247
4196
4318
4254
4311
4269
4285
4327
2682
4352
4426
4416
4417
4470
4417
4434
4316
4299
3659
3897
3478
4426
4967
3950
4916
4271
4327
3933
3739
4151
4316
3731
3950
3954
3922
3923
3922
3954
3956
4907
4272
4916
4322
4270
4356
4222
4250
4222
4250
4426
4416
4422
4364
1333
4279
4276
4209
4426
4522
4433
4271
3954
4901
4222
4311
4426
1331
3556
3750
3552
4887
3750
4917
4917
4914
3556
3957
3551
3957
3557
3557
4910
4910
3735
4901
4901
4424
3552
4222
3558
4272
4232
4402
4357
4275
1331
1333
4357
4275
4363
4363
4360
4401
4515
4432
4522
4432
4963
4417
4364
4427
1332
4417
4213
4629
4467
4543
4582
4551
4472
4711
4467
4551
4551
4377
4617
4954
4734
4556
4700
4700
4700
4700
4381
4568
4379
4382
4438
4382
4583
4438
4417
4374
4472
4375
4597
4406
4403
1335
4521
1334
1335
4435
4963
4403
4417
4417
4963
4963
4710
4630
4365
4417
4412
4374
4417
4432
4374
4413
4417
1335
4413
4476
4411
4476
4476
4417
4963
4471
4551
4551
4623
4731
4729
4954
4382
4382
4382
4954
4382
4382
4382
4583
4382
4954
4954
4954
4378
4382
4467
4619
4657
4965
4712
4581
4652
4963
4472
4544
4411
4418
4467
4582
4715
4657
4711
4699
4465
4465
4583
4583
4583
4700
4381
4695
4723
4379
4555
4438
4438
4382
4379
4379
4583
4583
4382
4382
4382
4515
4382
4382
4382
4379
4382
4583
4382
4438
4965
4710
4583
4438
4471
4699
1335
4466
4583
4583
4583
4583
4555
4700
4501
4501
4411
4382
4583
4438
4583
4568
4568
4965
4472
1335
4382
4555
4555
4378
4382
4382
4723
4438
4583
4583
4467
4582
4379
4379
4568
4382
4710
4965
4583
4582
4382
4216
4710
4711
4515
4382
4515
4379
4379
4379
4382
4710
4382
4379
4379
4382
4654
4965
4583
4408
4382
4468
4965
4583
4438
4623
4377
4623
4378
4551
4551
4629
4382
4598
4466
4629
4543
4382
4619
4623
4551
4583
1335
4654
4654
4583
4551
4406
4695
4555
4380
4551
4551
4382
4654
4723
4382
4438
4954
4729
4711
4381
4381
4379
4582
4715
4543
4555
4623
4623
4597
4618
4382
4619
4556
4598
4597
4552
4379
4591
4381
4734
4734
4712
4712
4712
4712
4734
4722
4458
4458
4954
4658
4723
4382
4731
4734
4965
4715
4619
4619
4474
4598
4711
4556
4700
4556
4556
4556
4722
4722
4734
4712
4722
4722
4700
4712
4714
4711
4722
4722
4722
4722
4734
4734
4623
4556
4714
4711
4658
4711
4623
4731
4700
4591
4712
4712
4655
4734
4458
4458
4458
4684
4684
4654
4551
4598
4458
4654
4731
4714
4700
4556
4722
4551
4729
4729
4404
4684
4582
4474
4458
4722
4722
4404
4731
4618
4474
4731
4729
4729
4713
4715
4715
4734
4734
4474
4722
4713
4713
4713
4458
4731
4722
4734
4731
4729
4731
4731
419
834
517
711
528
834
508
448
518
711
456
528
528
528
439
504
503
504
504
184
1289
4769
4799
831
1078
1079
625
564
4827
4827
622
548
548
1074
1074
609
573
4825
4835
635
1078
1505
1504
560
4835
548
1131
1070
1074
628
628
1491
4972
558
1061
1060
4825
1079
632
4973
4835
4835
1289
1460
710
638
664
4817
710
629
628
629
1078
897
560
4826
4826
4974
1289
4805
1460
627
627
628
4769
4833
568
4804
629
1275
4827
560
4849
795
466
1448
1359
466
466
1547
1807
1669
2973
2182
2114
2191
2191
3085
2191
2466
2134
1872
2199
1171
4999
1839
1942
2515
1839
2199
2199
2050
2269
2560
2643
3925
3627
4328
4250
3548
3911
3879
4898
3554
3554
3923
3511
3605
3736
3730
3516
3604
4932
3604
3531
3514
3605
3604
3603
3512
4905
4904
4909
4909
4903
3603
4931
4325
3916
3926
4895
3510
3531
3555
4196
4252
3880
3525
4898
3548
3510
4268
4262
4256
3887
3893
3791
3791
4280
4089
3893
4940
4263
4937
3950
4568
4556
4381
4551
4583
4378
4583
4551
4438
4555
4583
4438
4382
4568
4556
3516
3607
632
1135
1135
1139
1137
1155
1155
1209
2502
2530
2530
2199
2502
2199
2409
2250
2531
2409
2250
2531
2502
2250
2531
2502
2502
2530
2364
2502
2409
2530
2250
2250
2409
1169
2502
2531
2531
2306
2502
1132
1618
1618
1778
1984
1661
1661
