192
740
762
747
762
747
528
433
241
128
127
516
433
534
433
519
519
519
861
747
189
189
190
692
189
189
519
519
519
519
191
191
189
189
189
189
189
189
189
519
519
189
519
519
519
762
519
519
189
519
192
192
660
11
660
126
762
740
740
740
519
519
519
692
692
692
1012
1012
1012
1012
1012
1012
1012
692
692
692
692
861
519
661
661
673
673
191
762
661
191
191
673
762
834
747
747
747
189
189
519
189
1012
692
692
692
692
189
861
861
692
861
861
692
519
692
692
189
189
189
1012
692
192
192
189
189
861
861
692
692
692
189
189
740
192
195
267
267
217
265
406
516
679
541
182
504
504
507
265
311
519
519
519
747
192
548
692
692
519
519
747
189
189
692
189
189
189
189
795
190
189
750
343
910
910
910
189
189
189
190
192
762
661
747
519
189
189
189
189
192
519
523
523
10
10
503
503
526
738
539
539
460
433
539
433
432
432
516
624
458
433
541
801
899
836
748
513
499
420
128
380
678
534
460
679
373
289
128
129
509
516
189
189
189
548
519
192
548
204
520
523
12
194
692
692
861
519
740
189
189
740
692
523
373
514
509
679
692
747
340
502
523
289
131
181
182
375
1012
519
519
519
523
193
692
762
747
762
673
740
375
194
692
1303
1012
747
519
519
12
1012
523
339
502
1012
692
414
123
400
315
289
131
217
1012
1012
1012
762
191
131
747
747
188
12
660
189
189
188
660
514
267
240
189
189
519
749
191
749
544
544
546
343
673
861
749
747
12
376
762
762
321
123
433
289
692
189
762
834
121
509
861
861
692
692
692
762
265
265
519
188
131
321
692
692
692
692
190
692
692
12
692
1012
11
714
514
795
321
420
277
499
768
1009
1724
349
350
2966
3470
4038
4037
4037
4272
4272
359
3837
363
4247
4329
692
692
834
762
277
1012
509
289
277
129
429
513
379
1009
679
277
429
188
747
834
413
189
692
692
1303
191
188
762
528
189
190
910
181
692
191
12
507
189
189
12
408
527
910
1012
191
189
190
189
330
190
190
910
190
660
188
1012
444
1012
692
910
910
910
343
504
420
405
507
442
443
624
738
838
801
445
524
12
660
539
460
526
503
504
442
624
539
458
538
181
129
525
128
660
660
660
526
539
442
405
460
433
432
624
441
624
714
435
1070
758
758
1338
347
1351
1951
1835
2521
3034
3679
473
2819
3678
3665
3452
3585
3124
3124
2626
3450
478
2915
1661
1871
1664
1627
1688
2388
2275
2366
2540
496
2818
2818
516
127
429
406
535
526
526
457
460
539
539
531
458
458
433
458
516
504
534
432
442
512
432
516
129
625
748
535
537
531
540
540
534
516
624
624
460
624
540
836
540
505
535
458
538
531
738
714
460
460
534
516
738
460
527
538
714
433
540
625
1009
666
379
849
516
602
556
556
556
556
556
556
556
556
608
608
608
602
556
609
556
556
608
608
608
608
608
608
608
651
651
576
4811
4811
4811
4781
1466
4782
1466
4836
1463
585
585
1374
1374
1374
1408
1405
1217
982
593
659
960
1102
953
995
1002
549
556
556
556
556
556
556
556
556
556
556
556
556
556
556
556
695
724
556
556
556
724
724
556
624
458
539
539
458
678
602
608
602
651
4826
608
576
857
632
633
608
608
608
608
608
636
558
745
656
657
649
608
608
608
608
608
577
4810
654
654
654
654
1055
1138
738
738
625
540
1009
1724
1074
1009
556
556
556
556
608
636
608
768
549
556
556
457
714
549
678
556
608
651
745
608
608
649
608
738
743
625
1009
556
556
556
556
556
556
556
549
549
549
549
724
549
549
608
649
608
649
649
738
539
649
649
649
608
577
577
654
654
746
556
556
556
556
556
675
549
600
4837
554
742
618
695
555
618
695
619
738
679
745
540
556
556
743
801
743
651
4811
679
126
767
379
822
758
758
556
836
665
1009
541
745
653
768
836
649
745
649
767
801
801
653
675
675
555
695
695
555
556
695
4808
695
695
744
1239
1302
867
807
695
695
4814
654
654
541
899
379
746
126
556
675
738
719
695
695
695
801
695
695
755
549
566
836
556
721
896
993
949
821
794
824
875
875
435
741
619
618
556
555
604
648
743
126
801
549
834
899
4781
555
675
899
434
821
654
654
566
700
797
1009
1009
849
4782
850
850
840
4825
631
629
651
657
1009
566
801
656
4782
4836
796
434
1301
1707
2444
2652
2430
1368
875
1509
1436
1436
657
899
895
899
822
824
1368
4782
4782
4782
742
618
4808
701
4837
612
4782
4782
946
4836
434
821
1055
647
4837
434
1301
658
1009
848
848
663
379
881
1003
658
1009
1298
1628
1783
3002
2435
3019
2961
2858
2858
2570
2923
2923
2916
3070
2613
2611
2907
2847
2373
2855
3205
2107
3041
701
4808
913
820
1011
4836
4836
1402
588
4782
4782
701
1055
1000
953
1054
982
1034
1410
1257
1219
1137
960
1096
975
1099
1531
1189
1453
1485
968
2292
4876
4984
4998
973
1091
1274
961
914
984
979
1104
982
914
990
974
1482
955
1034
1034
592
954
949
994
980
979
982
1257
1100
1345
901
990
1190
951
1054
591
1009
1346
1011
946
961
1082
1213
1015
1334
962
1453
1112
1211
1023
1372
1429
1379
1780
1962
2017
1141
1031
1285
953
1002
1271
946
1463
796
1070
985
1334
1658
1588
976
1564
899
1103
1049
578
576
1050
1007
998
956
1327
1067
4825
4825
1067
1067
1067
1067
4839
556
604
726
556
608
875
965
1103
883
824
1075
2207
883
993
997
964
1100
1104
846
856
4815
4815
1137
1014
989
954
999
665
1095
434
951
1554
1555
1102
1007
1001
1104
1113
1294
589
1272
796
591
952
665
1105
1114
1402
1374
612
612
1069
4839
631
4815
4815
4815
4815
1019
4815
4967
863
1307
998
1081
1293
593
4804
1072
1135
1072
1275
1039
985
4815
1112
1191
1425
1069
1005
1185
1245
1230
1326
1270
1888
1160
2580
2833
1175
1178
1178
1169
2622
3056
3149
3017
3661
3012
3683
3266
3594
3017
3017
2993
2996
1179
1231
1240
1186
1234
1148
964
1531
1552
1072
1145
1226
863
4967
4815
840
1373
1729
1680
1202
4815
1131
1130
1400
1423
1424
1459
1255
1580
1656
997
995
1215
1507
1324
1324
1141
1126
1112
1288
434
1155
1250
1551
1768
1357
1326
1335
1391
1188
1142
1140
1284
1071
434
1510
1246
1297
1383
1904
1243
1252
1326
1367
1373
1246
1251
1244
1022
597
1212
1489
1411
958
1260
1230
1024
1101
4967
820
1254
1407
1401
966
1474
1402
1106
589
1243
1276
1306
1347
4972
1325
1718
590
1249
1184
1022
1263
1242
1126
1323
1239
1263
1263
1360
1352
1273
1262
1156
1589
1032
1533
875
1111
1305
4807
1241
347
1846
1742
3998
364
3838
4335
4345
4338
4345
4345
4345
4345
4345
4345
1149
1106
1411
1131
1370
1362
1106
1374
1401
1245
1663
977
1526
1591
1295
1392
941
1502
758
758
915
758
849
348
1724
2274
1216
1402
1142
991
915
348
348
1469
1425
1753
2896
2813
1126
1412
1729
1256
1132
1134
1374
1353
1365
1852
1657
875
1229
1269
967
1199
1427
1402
1423
1235
1534
1236
1017
1725
1039
1541
1847
2332
2407
2407
2729
2649
1614
1559
1428
1452
1458
1394
4832
1394
1458
4774
1422
1407
1361
1428
1267
1204
1361
1411
1404
1216
1216
1140
1130
4848
1338
1309
1504
1417
1573
1576
1445
1134
1397
1391
1325
1474
1185
1372
1403
4848
807
1708
1708
1902
1641
2576
2822
2652
2547
2207
465
466
1668
1443
1443
2552
2874
2184
1399
1450
1449
1288
487
1678
1431
1433
1738
1855
1484
1897
1558
1448
1397
1458
1424
1459
1459
1459
1460
4833
1466
4845
347
849
589
1531
1151
1664
1691
1425
1439
1475
1442
2377
2874
1520
1300
1304
1596
1414
1335
1805
1256
1613
1351
1656
1258
1144
1040
1221
1258
1090
1093
974
4854
807
1516
1338
1486
1415
1454
1585
1222
1431
1724
1923
1510
2430
1524
1302
1302
1302
905
807
1706
1684
1539
1413
1232
1489
1381
877
1091
807
1499
1561
1717
1717
2268
1386
1236
878
1706
1705
1895
2357
1706
2355
1895
1614
1569
1636
1802
1078
1344
1783
1544
1218
1448
1351
877
1895
1098
1348
4854
807
1517
1542
1698
1472
1658
977
1591
1565
1619
1525
464
1666
1687
1575
1790
1943
1686
1575
1849
1600
1693
1476
1730
1045
1332
1760
1792
1596
1662
1593
1779
1758
986
1430
1622
1642
1655
488
1893
1457
1693
1601
2725
2876
2660
4267
3171
3415
3308
3308
2988
3359
1599
1215
1924
1871
2444
1075
2435
2962
3019
2477
2824
2844
2858
1053
1456
1665
1215
1560
1724
1354
1617
1622
2654
1592
1518
1953
1623
1625
1595
1639
2711
2637
1659
1677
1644
1646
1550
1824
483
483
1536
1498
1418
1654
1624
1637
1734
2007
1331
1558
1528
1953
2408
1609
1933
1380
1635
1803
1661
1715
1578
1441
1668
1358
1731
1724
1330
1331
1686
1417
1887
1806
1960
2202
2288
878
1709
2981
1575
1887
1694
1564
1808
1708
1895
1692
1437
1668
1695
1696
1503
1799
1862
2075
1183
1703
2355
2349
1895
2440
1895
1935
1577
1761
1799
1366
2057
1871
1715
1574
988
1734
1724
350
1783
3002
1826
1724
1378
1491
1868
1855
1656
1793
1732
1868
976
1671
1310
1736
1599
1526
467
1850
1742
2633
1850
2057
2334
2650
2623
482
1169
2638
2729
2210
3019
1332
1758
1952
1674
1622
963
1563
1779
1764
2274
1909
491
1498
1440
2598
1377
1922
2274
1775
1563
1783
1885
1791
1025
2274
1783
3180
3566
3470
1786
1783
1645
1822
1418
963
1908
2273
4979
4994
2506
1696
2361
2464
1809
1943
1606
2241
1810
1595
1851
1801
2459
1812
1683
970
2598
1168
2784
2334
2333
482
482
2623
481
3144
3088
1868
1963
2016
2060
1700
2295
1834
1834
1836
1444
2552
2552
3009
1842
1843
1444
1830
1861
483
2231
1724
2274
2784
2349
1824
483
2002
2477
2654
3192
3019
2981
2981
2981
3026
1950
1767
2355
483
483
2650
1954
483
1954
2608
1957
1957
3024
2712
2608
2430
1658
2477
2477
3019
2654
1797
2228
1770
1029
2332
2407
1583
1582
1948
1880
2649
3019
2824
2824
1791
1817
1766
2394
2598
2728
1640
1771
2619
2607
1042
1641
2407
2267
2962
3019
1879
2364
1909
2333
2650
2221
2221
2358
2650
1957
480
481
2780
2547
1601
2876
2650
1878
2294
1929
4878
495
2407
482
482
2547
1421
1028
1885
2359
2638
2649
2857
1954
2488
2459
1946
3057
482
1737
1949
1894
1846
2729
2830
2712
3466
3124
3267
2432
2034
1739
1640
2017
1937
2199
2409
482
1161
3186
3184
3151
3147
2500
3035
2984
2984
2913
2913
3205
3186
3186
3005
3186
2913
2138
3205
3186
3186
2913
3186
3184
3184
3184
3151
2501
2500
2500
2500
3096
2130
2913
3184
2913
3184
2913
2913
3184
3184
3184
2913
2913
3184
1927
1846
2633
2474
2232
1957
2780
2780
2840
2650
482
2780
2622
3184
2501
3184
2500
3184
2364
1930
2857
2329
2913
3147
3147
3151
3186
3205
2137
2289
1910
2829
3613
3403
3403
3562
2824
2618
2432
3147
2500
3205
2913
2501
2501
3096
3184
3019
1027
1783
349
2631
2961
2858
3035
2500
2500
3147
2138
1646
2618
1610
2408
482
3184
2055
2781
3184
2871
2602
2961
2858
3214
3205
2137
3005
2435
2979
2612
2025
2839
1957
2729
2857
2500
2138
2138
2138
2138
2111
4566
4369
3008
3246
3147
3035
3184
2501
2984
2138
2138
2138
2913
3246
3246
3071
3147
3147
2138
2138
2111
3259
2108
3244
3244
3244
3244
3244
3244
3205
3205
4369
3246
2376
3252
3252
3246
3246
3246
2913
3214
3026
3019
3214
3205
2602
1783
1783
2612
2611
2611
3244
3244
3244
3244
3244
3244
3244
3244
3244
2108
2777
2607
2500
2985
3404
2985
2985
3128
3243
2111
2138
2138
2111
3214
4369
4369
4521
3259
2108
2108
2108
2500
2827
2749
2749
2583
1175
2138
3147
2858
2824
3174
2137
3246
2132
2802
2907
3002
1783
2352
2296
1602
4566
482
482
2622
2138
2500
2500
2907
2107
2803
3141
350
1421
1610
2984
2622
2984
2313
2923
2984
2313
2923
2824
2500
2999
2961
2923
2570
2570
2570
3141
3008
3205
4984
4998
1442
2965
3349
2769
2138
2313
2979
2894
2613
2289
467
1605
3036
2984
2313
2923
4566
2916
2907
3041
1796
2240
2500
2500
3128
2500
2500
2500
2999
2138
2138
2138
3128
3243
3128
3128
3131
2500
2500
2985
2500
2500
2111
3024
2987
2622
2923
2923
3065
970
4880
2405
1608
2622
2581
2741
3205
2500
2500
2500
1640
2631
2984
2622
2585
2570
2801
3246
3141
2403
1783
1701
2439
2500
3128
2138
2500
2500
480
2313
2534
2373
2615
2138
2923
3404
3404
357
2538
2592
2592
2592
2612
2592
2612
2611
2915
2923
2110
2925
3071
2984
2570
2871
3328
3328
3328
2581
2279
3218
1956
1956
1955
2896
1179
2612
2907
2365
2293
2923
2871
2623
2622
2923
2402
2500
2728
2396
3024
2480
1443
2500
2854
2984
2646
2646
2648
3562
2646
3056
2620
4984
2544
2923
2623
2992
2983
3059
2835
3246
2161
2108
2161
2377
2500
2985
2500
1956
2922
2583
3252
2613
2376
3071
2544
2405
2500
3128
2768
2960
2943
2960
1169
2996
2742
2749
2925
2851
2783
3057
3357
2919
1175
2800
2376
3252
3250
3252
4369
3252
4369
3252
4369
3252
3252
2376
2611
3071
2376
2376
3071
1444
1444
2449
2593
2557
2879
3060
3137
3063
3404
3404
357
3377
354
3801
3328
2951
3071
2294
3128
1319
4643
3613
3060
3060
3403
3061
2537
3071
3071
1444
1838
1838
2453
2453
1832
2240
2500
2500
3128
3057
4369
350
2886
3117
2813
4867
2996
4874
2376
2835
3071
1319
3267
2646
2879
2858
3063
1173
4985
2376
2376
3071
2138
2984
2436
2984
2570
3397
4671
3059
3059
3059
3252
2613
2552
1311
2923
357
4037
2592
2315
3244
3244
3243
2570
2742
2762
2500
3128
3128
2138
3174
3128
2570
3018
2907
2907
2847
1832
2984
3174
3404
2111
3059
2860
2860
3089
3089
3059
2860
4867
1783
3002
3262
2540
2849
3457
2390
2138
3037
3137
3071
2424
2552
2559
3652
2564
2838
4045
3679
468
2958
3128
479
2496
2500
2500
2500
3091
2871
3404
357
355
3137
2548
2426
2595
3434
2557
2659
2960
3300
2994
2998
3238
2860
3266
3266
3983
2588
3675
4057
2859
2603
2946
1837
1837
3034
2500
357
2871
3404
3377
3262
4369
352
3260
2376
2500
2841
2989
3359
2603
2612
2612
2907
2615
2558
3129
2674
1170
3071
3286
3145
3435
2644
3789
3789
2719
2972
3777
2629
3057
2965
1479
3131
2839
3249
2642
3755
3395
3789
3755
2627
2643
2642
3692
3374
2721
2871
357
3063
2966
2653
3174
3284
3476
4241
4351
4343
4267
2665
4297
4297
3148
2939
2111
3890
4241
4267
3429
3890
2612
496
496
2678
497
2681
2688
3401
4058
2679
2869
2928
2753
3381
2929
2869
2695
2521
3265
2662
3832
4267
3664
4123
2497
3313
3128
3128
3128
3243
2999
2887
3452
2714
2496
1446
2986
2972
2972
3016
3699
3423
3423
3450
3374
2700
1832
3174
3301
3185
2750
2750
2750
2731
4975
2738
2738
2690
3381
3127
2586
2586
2738
2815
2774
2681
2586
2690
2738
2738
2815
2815
2689
2794
3871
2797
3084
4115
4104
4076
4096
2611
3133
2574
2595
3298
1842
3503
357
357
357
2721
3404
2860
2859
2859
3252
2815
2836
2752
2375
2817
2508
3091
3435
2626
3424
2989
3416
2993
3017
2898
3038
3753
4127
2686
2791
3853
3860
3162
3675
4067
2795
3038
2786
2898
3252
2612
2612
2745
3071
2376
3194
2552
2539
2696
3243
3422
3238
3213
2853
2751
2743
2817
4975
2574
3587
3468
357
3057
3404
3328
3404
2860
3611
1701
4037
2592
3438
3213
3213
3038
2161
2731
2734
2958
3294
3120
3124
3170
3303
3329
3404
3252
2374
2161
2161
2161
2161
2680
3244
2783
3404
3983
2376
2375
2161
2374
3676
2933
3854
2864
4128
3783
3709
4121
4028
4057
3870
2756
2680
2390
3328
3328
3674
3381
352
2702
3442
4092
3788
357
3629
4090
4092
3478
2108
3252
4305
2108
2374
2916
2315
3120
2315
3121
3328
3404
3328
3377
2864
4051
4135
2775
2901
2674
3441
2721
3377
355
2161
2161
2161
3243
3244
3244
3244
3424
2538
2538
2592
3611
3260
3358
3200
3002
2612
2952
2953
2689
2776
2776
3307
2716
3415
3479
2935
3684
2592
2691
4075
2939
2161
2774
3245
2592
3375
2108
354
3379
3801
354
357
2926
3439
3853
3853
3157
2223
3245
3244
3683
357
3328
4116
2939
3400
3470
2366
2969
3305
3445
3259
4037
4037
3404
2612
3261
3262
3377
3243
2720
2592
2592
2931
3424
3202
3416
2720
2720
2720
2720
2720
3661
3423
2720
2720
3017
3661
3785
3013
3801
4067
4067
2592
354
354
3244
3244
3244
3244
2108
2108
2574
3009
2630
3413
4211
4105
4105
3015
3016
3661
4025
2939
3350
2670
2592
2720
3869
3262
3801
3639
3193
3853
2692
3085
471
2592
3630
3452
2790
2588
2611
2108
3243
3245
4928
4188
4285
4257
4257
4272
4209
3450
476
4305
3594
3629
357
2936
3870
3641
4104
3708
3870
2612
2612
2794
3104
3380
3346
3368
3368
3390
3690
3680
3335
3109
3340
3858
4020
2903
2644
3755
3451
2592
2936
2612
2611
2611
2612
2612
2612
2611
2612
2612
4043
2611
2611
354
357
3244
4075
3380
3344
3367
3340
3958
4133
4074
3637
3694
3112
2682
3115
3477
2643
3692
2627
3789
3395
3443
3396
2717
4051
2592
2936
3244
3070
2936
2108
2223
3479
3692
3327
2611
2611
4115
3313
3124
3450
2628
2628
2628
2628
3692
3699
2628
357
2611
3596
3244
2966
3399
3400
4247
3159
3160
3779
3593
4159
3225
3226
3660
3782
3589
3371
3244
3662
3628
3124
3699
3244
3244
3244
2611
3244
2108
2108
3470
3379
3031
3182
2957
3699
3423
3244
3244
3244
2611
3244
355
2108
354
2550
2428
3124
3124
3395
3443
3443
3396
3306
3456
3605
4127
357
3244
3244
3801
3755
3423
3754
3259
3870
3244
3244
3244
4104
3224
4076
4156
4218
3225
3334
4024
3078
3690
3502
3342
3276
3957
3463
3032
4065
3754
3013
2861
2108
2108
3244
2611
2612
3244
4104
2838
3467
3244
3244
3244
3244
2611
3244
2108
3244
3244
3244
354
3639
2644
2861
3395
2588
2108
3377
3244
3244
3244
354
3631
3631
3297
3380
3802
3009
2595
2870
3676
2628
3755
2627
3692
2108
3244
3244
356
3470
3428
3561
3244
4097
3365
2595
3434
4092
4351
3395
3791
3320
3777
2808
3375
3585
3631
3351
3210
4092
3442
2628
2627
3788
4076
3345
493
3443
357
356
354
4037
357
3163
3865
3666
3082
4168
4059
3619
4023
3745
4143
4157
3331
3365
3344
3389
3598
3111
3077
3078
3400
3210
3590
4241
4267
4022
3443
2630
3202
2629
3641
4076
2588
3379
3332
3407
3389
3388
3076
3418
3369
3410
2627
475
356
3801
354
2694
4037
3444
2555
2627
3788
4033
3567
3569
3826
3388
3409
3298
3434
2870
4127
3780
3780
4092
3470
4247
3311
2763
2934
3788
357
4037
3859
3407
3168
3391
3411
3351
4128
2628
3870
3480
3367
3346
3390
3343
3171
2628
3015
3015
3791
4156
3417
3567
3589
4288
3443
4156
4076
3392
2543
3834
3630
2808
4209
3898
3306
3293
3482
3234
3503
3283
1315
4209
2719
3396
3569
3481
474
3445
4188
4343
3777
3410
2819
3412
2628
3665
3468
4247
4038
358
3587
3578
2556
4106
3652
4301
4351
4067
4037
3597
3567
3533
3501
3644
3659
3486
4171
4225
4165
4317
3940
4884
4320
4894
4894
3967
4893
4320
4894
3533
3531
3581
3160
3506
3541
3541
3541
4904
4904
3880
3508
3557
4899
3833
4907
3909
3518
3519
3954
3686
3506
3506
3880
3880
3866
4002
3797
3650
3512
3580
3513
3532
4902
3506
3778
4018
3686
3908
3546
3546
3549
3723
4909
3546
3549
4909
4909
4889
3721
3542
3542
3542
3542
4907
3835
4900
4188
4188
3788
4208
4033
4076
3792
3110
3482
4100
3532
4100
3572
3573
3502
3619
4902
3578
3684
4918
4899
3608
3633
3794
2699
3852
3617
3533
3370
3410
3590
3866
3714
3348
3754
4156
4152
3616
3506
3506
3506
3581
3031
4267
3396
4166
3695
3506
3481
3526
4113
3675
2588
3164
3865
3468
473
3530
3601
3601
3621
3529
3712
3523
3959
3032
4351
4267
3628
2935
2935
3679
3506
3644
3796
3796
3501
3667
3860
3162
4152
3853
3600
3833
3644
3688
3513
3580
3579
3369
3078
4106
4343
4076
3554
3555
3514
3161
3348
3628
3628
3792
2698
4077
3777
473
3428
2930
3768
3682
3625
4058
3829
4267
4267
4267
3832
3760
3776
3792
3620
3625
3591
3523
4237
3792
3571
3515
3740
3830
3689
3529
4267
3832
3503
3483
3828
3603
4135
4076
3792
3762
3339
3782
3166
4213
3162
3593
4218
2718
3696
3766
4111
4111
4904
4111
4904
4902
3542
3542
3542
3542
3542
3731
4910
3726
3726
3734
4171
4205
4205
4910
3731
4910
3733
3542
3724
4274
4224
3728
4165
4072
3485
4034
4125
4124
3797
3682
3635
4141
4124
4124
3551
4205
4128
4081
3834
4242
3808
2935
3695
3446
4074
3633
3764
3158
363
4035
3768
4097
4284
4285
2665
3082
3515
4230
3830
3863
4045
3347
2542
3592
2588
4209
4272
4285
3521
3663
3833
3658
3667
4036
4343
4343
4037
3823
4055
4343
4285
3885
4234
4139
4404
4272
3645
4070
4044
3109
3764
3454
3348
4898
4257
3833
3125
4118
4300
361
3746
3745
4076
4343
3823
4343
358
3645
358
2972
3682
3834
4343
3340
3110
3588
3351
3829
4029
4149
4047
4046
4111
4076
4076
3675
3165
3954
4343
3540
3877
4907
4904
3996
4077
2665
4309
4337
4404
4336
4336
4345
4338
4335
3838
3762
3882
3312
3900
3954
4164
3966
3491
3966
4320
4890
3519
3519
3909
3930
3930
4293
3929
3921
3928
4910
3919
4910
3731
4919
3921
4325
4330
3922
4322
3928
3927
3928
3928
3930
3930
3913
4923
4923
4923
3967
3940
3967
3946
4325
3946
4330
3945
4311
4292
4325
4325
4910
4910
4910
3731
4910
3542
3542
3954
3519
4100
3474
3575
3551
3488
3964
4009
4925
4330
3931
3931
4330
3940
4884
3944
4324
4924
4891
3876
4343
4272
3865
3166
4201
3488
3738
3925
4893
3941
3967
3970
4946
3906
4164
3675
3853
4057
4108
4039
4202
4178
4111
4001
4008
4921
4164
3490
4164
4222
3938
3967
4280
3492
4221
3943
4280
3966
4076
4272
3333
4077
2718
3312
3622
3651
3162
4152
3897
3372
4006
3491
4121
4152
4034
4060
4110
3166
4272
3783
4247
4272
4272
3225
4132
3551
3542
3542
3551
3551
3551
4071
3334
4035
3107
3763
3161
4028
3336
4107
4060
4209
4343
3864
3162
3864
4230
3486
3860
3853
3593
4213
4297
3783
3475
3335
3959
4164
3984
3498
3938
4272
4152
4053
3823
4074
3582
4028
3491
4213
3860
3166
3863
4153
3335
4111
3952
4201
2686
2862
4218
3166
3166
4247
4107
3336
3750
3082
3744
4219
4219
3551
4135
4151
3672
4106
4301
3660
4224
4022
4159
4226
4219
4150
4273
4023
4153
3749
3542
4022
3225
3080
4150
3672
3226
4145
3551
4022
4083
4084
3337
4054
4125
3941
4221
3941
4920
3732
4177
3702
4144
3723
4274
4170
3950
3723
4022
4212
3334
3227
4404
4336
4336
4404
4337
4336
4336
4336
4345
4345
4345
4345
4345
4345
4404
4022
3729
359
3542
3542
3967
4884
4336
4272
3107
4022
4219
3542
3731
4280
3941
3081
3079
4229
4317
4224
4311
4311
4325
4336
4894
3966
4894
3940
3838
4320
3737
3734
3733
3731
4335
4337
4404
360
360
4297
4404
4404
4336
4336
4345
4336
4338
4336
4345
4345
4336
4338
4338
360
3838
4336
4336
4301
4336
4336
3731
3922
3823
4338
4337
4884
4320
4329
4329
3731
3922
4884
4330
3946
3940
4330
4330
3731
4335
4322
3946
4335
4404
4338
4329
4291
3726
4325
4910
4336
4404
4336
4345
4338
4329
4345
4272
4300
4335
4336
4336
4345
4345
4345
4329
4338
4330
4910
4336
4404
3838
4292
3946
4292
4292
4323
3946
4330
4292
3946
3921
3914
4325
3946
3914
3914
4919
4336
4336
4326
4292
4326
4325
359
4345
4345
4336
4329
4329
4335
4335
4272
4329
4335
4335
4335
4336
4335
4336
4336
4335
4345
4338
4345
4345
4338
4336
4336
4345
4338
4336
4336
4345
4345
4345
4345
4345
4345
4336
4345
4345
4345
4404
4336
4345
4404
4336
4404
4345
4345
4345
4344
4351
4351
4351
4351
4351
4351
4351
4351
4351
4351
4351
4344
4351
4340
4340
4340
4345
4345
4345
4345
4345
4345
4345
4345
4345
4345
4345
4345
4345
4345
4345
4335
4345
4335
4345
4345
4345
4345
4345
4345
4345
4345
4345
4345
4345
4345
4345
4336
4336
4345
4345
4345
4345
4345
4345
4338
4336
4345
4345
4345
4345
4345
4345
4345
4345
4335
4345
4345
4345
4345
4345
4345
4345
4345
4345
4345
4345
4345
4345
4345
4345
4345
4345
4345
4345
4345
4345
4345
4345
4336
4345
4345
4542
3894
4340
4340
4340
4258
4340
4351
4344
4344
4344
4344
4340
4340
4340
4340
4340
4404
4404
4355
4345
4345
4338
4340
4345
4345
4345
4345
4345
4345
4345
4345
4345
4345
4338
4345
4345
4336
4345
4345
4345
4345
4404
4345
4345
4404
4345
4338
4258
4258
4258
4351
4351
4351
4351
4351
4351
4351
4351
4351
4351
4351
4340
4340
4340
4340
4344
4344
4340
4340
4258
4345
4338
4340
4344
4344
4340
4344
4340
4340
4340
4345
4351
4344
4345
4338
4345
4345
4258
4344
4344
4344
4351
4345
4338
4345
4345
4344
4344
4345
4340
4258
4351
4345
4345
4340
4345
4344
4351
4351
4351
4351
4340
4340
4404
4351
4340
4258
4258
4345
4345
4344
4351
4351
4351
4345
4345
4345
4344
4345
4355
4345
4345
4336
4340
4351
4351
4340
4345
4340
4351
4404
4345
4336
4351
4345
4345
4336
4258
4340
4340
3895
4340
3895
4345
4345
4345
4344
4345
4345
4344
4345
4340
4355
4542
4345
4404
4340
4351
4345
4404
4340
4340
4344
4345
4345
4351
4351
4351
4351
4404
4345
4340
4336
4530
4404
4340
4404
3894
4404
4351
4351
4351
4351
4345
4345
4345
4345
4351
4340
4340
4345
4351
4340
4404
4542
4351
4345
4345
4345
4336
4351
4339
4351
4351
4339
4339
4340
4402
4542
4542
4542
4351
4340
4345
4351
3894
4542
4660
4542
4345
4345
4355
4345
4345
4345
4351
4351
4351
4349
4542
4339
4351
4340
4340
4345
4355
4351
4351
4349
4349
4345
4351
4355
4345
4345
4345
4345
4542
4351
4339
4340
4339
4660
4542
4351
4542
4351
4345
4355
4340
4339
4345
4349
4542
4542
4542
4336
4351
4351
4349
4351
4345
4340
4345
4345
4345
4355
4345
4345
4345
4351
4542
4349
4345
4542
4355
4345
4542
3894
4542
4355
4345
4345
4355
4355
4542
4542
4355
4339
4542
4542
4542
4351
4542
4542
4355
4542
4542
4542
4542
4542
4660
4542
1012
191
190
753
910
190
190
1012
740
1012
190
762
189
189
519
519
519
519
1394
1394
604
726
726
726
555
4782
1466
4782
556
724
556
4839
608
695
4811
4811
4811
4811
556
701
1466
585
4839
1463
4811
556
4839
563
4826
4826
1466
1394
566
857
577
4811
4807
4808
576
1048
654
578
1458
4833
612
618
701
558
4826
602
857
1374
604
556
578
4781
4845
1458
651
1466
1460
556
556
612
585
617
608
608
4808
1466
556
545
1070
836
663
758
1046
1070
1239
1302
1301
1075
2824
3252
3218
3008
3008
4369
4671
4369
4369
2860
3017
2738
4878
3238
3239
4994
2859
498
2730
498
3071
3423
3404
4330
4904
4901
3734
3549
4890
4891
4892
3913
3913
3878
3720
4910
4047
3542
3721
3721
3543
3721
4215
4911
3877
4908
3877
3927
3733
3731
3964
4222
4894
4221
3965
3952
4047
4897
3928
4311
3984
3930
3542
4924
3929
4404
3896
4262
1314
4404
4337
1314
4139
3941
4349
4351
4351
4351
4351
4258
4340
4340
3895
4340
4351
4344
4351
4344
4344
4351
4111
4111
4815
1049
4815
4967
1049
1049
1051
2583
2731
3011
2919
2741
2859
4989
2859
4989
2772
4870
2772
2583
2750
4975
2583
2786
2741
2730
2750
2772
2730
4989
2750
4985
2730
4815
