130
34
101
4799
288
268
250
431
113
229
781
83
59
255
54
63
4802
129
63
83
83
129
83
51
54
63
236
83
54
54
83
83
217
88
84
83
83
83
239
382
7
174
41
132
159
127
212
133
83
4800
83
4802
83
63
4802
4802
4802
63
63
83
4802
4802
87
161
87
88
131
106
51
61
304
304
412
4803
294
83
83
83
83
83
4802
4802
83
83
83
57
83
83
83
83
83
83
83
129
129
83
4802
4802
83
86
83
83
83
83
83
83
83
129
130
212
190
187
295
453
9
184
738
722
453
453
194
187
83
84
217
143
212
224
54
83
86
151
68
143
106
129
63
54
129
63
54
54
83
63
63
54
129
4802
129
83
101
71
71
263
83
83
83
129
83
263
221
242
297
219
187
446
508
670
440
777
781
424
183
750
750
751
368
226
188
71
222
243
359
415
212
83
83
83
48
83
4795
293
83
265
219
190
222
83
83
131
77
151
84
4800
83
297
223
223
448
172
83
83
156
212
208
295
186
507
243
83
129
63
63
219
190
63
89
221
61
40
243
208
63
83
83
288
83
83
161
104
250
4802
7
519
356
187
295
295
4802
4800
4802
63
187
68
68
370
6
321
370
373
84
4803
275
88
186
4
54
83
63
83
83
59
63
63
63
261
63
63
88
76
414
126
1
226
4802
169
357
63
248
257
4
243
59
63
54
4802
257
187
4802
398
295
63
63
4802
4802
445
414
4802
414
406
223
63
359
363
543
650
532
651
1077
1376
1747
1747
1850
1850
1621
2230
3543
4372
2010
1849
1850
4372
63
304
288
83
54
227
518
363
363
650
650
737
360
326
4803
4
76
272
4802
63
63
63
83
152
190
220
186
63
54
186
63
431
63
63
441
527
724
427
398
83
63
63
361
63
63
44
4802
4802
63
63
63
63
9
185
527
9
730
183
737
520
173
452
527
724
403
185
445
553
180
552
515
724
180
424
529
529
833
833
739
1065
1519
1346
1865
1925
468
2387
3534
3678
3230
3368
3340
1918
1922
2498
1809
2498
1809
1809
1809
2226
2160
1776
1776
1577
1577
1554
1576
1576
1576
1569
1601
1601
1601
1434
2297
2236
2350
500
2665
502
501
722
541
540
195
724
363
777
185
540
118
781
730
361
650
738
118
556
9
361
650
180
722
180
781
737
681
722
730
117
673
367
822
613
577
577
710
611
689
611
577
632
587
615
759
615
760
862
755
585
586
635
4844
4844
587
1048
627
1105
4955
1108
1417
1417
1417
1417
1328
1415
1415
4832
1130
1476
1424
1096
1270
967
608
601
1352
1199
632
613
615
4816
4816
4816
688
780
717
760
779
717
779
755
803
803
4824
621
620
621
621
686
801
781
722
615
632
4844
1048
1105
1048
1108
828
828
1043
1043
633
680
635
4837
4837
4837
638
816
870
635
587
627
627
627
4955
4955
4840
4822
919
1329
531
771
830
855
830
117
626
626
775
641
711
633
650
657
613
611
710
743
693
737
658
587
627
590
587
633
588
627
587
424
738
651
621
717
689
620
689
611
710
620
691
817
616
692
686
753
4820
711
4837
587
588
180
789
630
587
629
644
644
811
866
620
621
4815
621
692
4820
4820
809
800
800
767
4824
800
800
800
785
621
621
4824
743
781
590
4840
781
533
808
740
833
833
621
425
117
747
644
816
808
618
737
1025
737
628
802
4834
720
788
720
720
720
720
720
800
800
800
460
996
529
877
883
4824
4824
644
4840
183
770
4819
784
788
801
681
707
767
720
4824
424
4824
4824
4824
787
616
787
788
4824
987
934
979
867
833
799
1222
1025
788
800
720
719
806
727
781
778
788
727
1417
1417
4818
718
1025
918
4840
4840
4840
800
778
987
651
425
805
806
922
1045
1047
4809
1131
1105
987
923
800
727
834
1328
823
460
728
996
762
847
1288
1051
1222
728
762
762
846
838
833
646
813
838
851
1222
1417
1417
800
800
800
716
861
4845
1473
4827
4832
1186
747
4838
922
922
861
1025
762
750
364
365
365
683
808
650
647
993
747
855
857
1574
1574
1057
798
845
845
2305
2223
2223
625
114
188
222
206
295
206
2101
3
206
716
716
870
1089
4838
1471
4832
4832
1425
1417
861
993
1035
989
600
601
986
1499
1171
940
1003
993
936
1126
1503
1391
1595
1495
1166
1235
1297
1274
1368
1368
1386
1008
1375
1794
1778
1800
2318
1784
4876
4872
4872
989
1126
1126
1073
1099
1099
1170
986
967
915
936
971
1289
940
1073
1038
1238
928
1462
602
608
1075
1171
939
1653
967
1073
1217
1238
600
1218
1329
1329
1329
183
1257
940
1127
1122
1172
1235
1072
941
1297
1297
1365
1323
1008
950
1008
1014
1790
1203
1767
1182
2122
1379
1134
1272
1232
1266
1089
1329
1186
1471
837
838
1126
1271
1426
1716
1388
1388
1388
1006
1368
1426
1002
183
730
1238
1176
1113
1417
1252
1039
1020
991
4832
861
1045
4809
4809
4845
4845
4845
4845
4845
803
803
803
803
862
1025
936
941
941
814
851
1079
799
647
1086
1465
1499
1171
1070
1045
1131
1131
1003
1053
961
852
1076
1089
855
830
838
1510
1689
1684
1251
608
601
1270
1329
1329
837
992
424
979
1244
1270
1415
1415
4845
1042
4845
4845
4845
1131
1131
1131
1131
1131
1072
1131
1184
1254
1184
1066
1066
1066
941
941
992
1045
1019
941
1247
1072
1266
1232
1116
961
1072
941
1499
1244
1042
1266
1224
1174
1162
1178
1210
1234
1263
1378
1544
1408
1146
2326
2325
2325
2325
1884
1884
2566
2599
2567
2569
3039
1158
1150
2834
2834
2619
2567
2599
2628
2635
2635
2635
1461
1137
1233
1176
1349
1010
1196
1499
1720
1220
1214
1070
1045
1175
1136
1179
1677
1780
1710
1794
1175
1268
1437
1419
1419
1255
1415
1415
1297
1239
1300
1009
1009
1440
1442
979
1488
971
1616
1438
1462
1232
1247
1330
1127
1229
1214
1232
1302
1646
1212
941
1395
1561
1560
1476
1358
1247
1247
1247
1247
1019
1025
1229
1559
1410
493
1554
1353
1178
1326
1275
529
1213
1338
1412
493
1297
1039
1167
1242
1523
1465
1247
1225
1163
1248
1366
1249
1238
1412
1066
1066
1215
1420
1256
941
1486
1397
1247
1353
1232
1232
1412
1252
1129
1725
1244
1247
1207
1631
1213
1253
1180
1203
1225
810
799
1384
1066
814
814
1247
607
1462
1497
1270
1019
996
529
1213
1298
1365
1213
1066
1252
1480
651
572
1670
890
1752
4507
4450
4728
4743
4236
4762
1397
1397
1213
1201
1410
1397
1415
1415
1135
1695
1138
1173
1503
1082
1198
1603
1269
425
182
833
365
683
821
1477
1054
4858
1542
1709
1247
1352
1291
822
821
1424
1403
1734
2310
1019
1297
1213
1667
1384
1323
1239
1368
1386
1767
1767
1384
1410
1272
1439
1745
1207
762
1704
1437
1297
1274
1297
1323
1274
1387
1385
1517
1719
1423
1256
1256
1247
1209
1209
1122
1546
1576
1382
1576
1554
492
1831
1831
1807
1576
1576
1576
494
1382
1008
1008
1185
1185
1185
1113
1419
1255
1255
1185
1423
1256
597
597
1216
1423
1423
1593
1593
1203
1410
569
732
425
569
1498
1584
1728
1582
1582
1582
1582
1756
1255
1255
1255
1603
1438
1486
1576
1368
1387
1368
1008
1386
597
739
833
996
1341
1296
1526
876
1288
1051
1051
685
1533
1665
1454
1483
1484
1485
1255
1256
1592
1185
1616
1576
1191
1195
329
1428
1606
4850
1343
1255
1185
1185
1185
1415
1415
1415
4956
4956
572
855
1350
1009
961
1576
1576
1488
1603
742
1430
1585
1665
1583
1476
1247
1551
607
1489
883
1323
1387
1385
1368
1368
1008
1464
1387
1392
1386
1515
1368
651
822
1335
1565
1122
1203
1203
1247
970
732
883
883
732
1274
1368
1354
1481
822
1172
4848
1370
1203
762
846
877
877
833
877
883
996
877
464
1474
1383
1642
1627
996
782
1576
1576
1577
833
1343
1592
1588
1768
1546
1228
1134
996
996
807
996
996
1576
1577
1576
1576
1553
1576
1576
1576
1576
1576
1576
855
857
856
1087
1486
1677
1534
685
996
1554
1650
1576
732
883
1576
1576
1569
1601
1200
1330
1172
970
1079
1079
1576
1576
464
1576
1577
1577
1578
1576
1576
1582
1582
1432
1581
1639
1585
1582
1584
1570
1615
1369
1370
1440
1370
1391
1515
1388
944
1697
1487
494
1684
1554
1576
1576
1386
1386
1464
1515
1386
1534
1378
1082
851
1576
1601
1602
1582
1601
1602
1601
494
1755
464
1466
1447
1448
1996
1609
2871
2368
2755
2553
1613
2861
1570
1616
1928
822
1552
1079
1026
798
1288
845
1576
1578
1576
1582
1637
1580
1578
1580
1582
1582
1368
1368
1006
1474
855
1227
851
1574
1577
1577
1580
1657
1580
1578
1553
1578
1576
1578
1576
1576
1576
1582
1601
1930
2460
1578
1578
1602
1601
1392
1368
1056
1454
1666
1601
1634
1552
492
1831
1906
1634
734
1576
1580
1289
1576
1580
1553
1578
1578
1582
1602
1602
1684
334
1172
1577
1578
1580
1706
491
491
1909
1706
1553
1533
1134
1580
1662
1706
1657
1897
1776
1657
1657
1688
1578
1615
1585
1616
1181
1775
1212
654
734
1585
1008
1368
1615
1615
1440
946
1815
1929
1722
1789
2122
807
1079
1728
1582
1601
1601
1601
1748
1336
1002
1655
492
181
1577
971
1585
1585
1482
1601
1601
494
1693
2412
1745
1134
1855
807
840
1231
1222
1580
1606
1368
1582
494
1554
492
1552
1706
1577
1538
1574
1392
1650
1710
653
857
857
856
1474
1601
1705
1016
1634
1624
1122
1639
1751
938
1334
1825
1796
1796
1634
1634
1634
1502
1778
1346
1675
1601
1706
1363
1355
652
1475
1078
494
1634
1883
2247
2247
2309
2323
1971
2323
851
1538
1661
1629
1360
1840
1580
1591
1661
1386
1388
1017
1810
857
857
888
495
1545
1574
465
1529
1618
1688
857
653
1696
1574
944
1013
1854
1388
1767
1854
1375
1375
1767
857
1281
858
1850
857
1681
1747
1582
492
1634
1657
1869
1869
1013
1388
1697
1574
1929
1837
1782
1782
1784
501
2181
1582
763
1406
1926
1793
2012
1661
1014
1182
1601
1582
1704
1723
1791
1877
1787
1984
1722
1356
2023
1148
1879
1843
1971
1971
2267
2247
1884
2598
1809
2298
1809
1809
492
1647
1794
1928
1811
1796
2202
1812
1629
1675
1691
1654
1729
1666
1859
1455
1823
1660
1665
1693
1601
1831
1582
653
1411
1406
1051
492
1831
1872
1581
1574
1574
1057
1876
1692
1878
1208
1841
1841
1843
1841
1841
1879
1841
1842
1906
1906
1845
1841
1845
1841
1845
1845
1845
1845
1841
2037
1051
1203
1288
1079
1574
1710
1928
2302
2189
1585
1379
1926
1831
1797
1697
1854
1582
1582
1601
1639
798
1288
1924
1356
1453
1475
1296
841
1886
1761
1871
1612
1013
1757
1879
1906
1845
1288
1697
2302
1981
1601
1692
1906
1454
1582
1052
1288
1841
2037
2247
2598
2247
1776
1288
2000
1839
798
2191
1895
1694
1694
2260
1840
1971
1840
1906
1690
1756
1288
1855
1078
1973
2309
2325
1845
1842
1657
1907
1687
1916
2316
1883
1288
1666
1668
1434
1294
1870
1658
1917
1809
1917
2861
1918
2890
1922
1922
2554
1636
1288
2179
2262
1746
1980
1993
1966
1930
1883
1971
2313
2313
2223
2514
2514
2477
2313
2101
2101
2101
2313
2313
2466
2313
2313
2313
2313
2313
2313
2313
2477
2477
2477
2223
2223
2313
2466
2514
2313
2313
2313
2313
2009
1813
1555
2036
876
2037
2247
2267
2267
1973
2247
2267
2267
1842
2223
2313
2514
2223
1182
1813
1782
1347
1696
2313
2477
2223
2223
2313
2009
1518
1754
1449
2053
1451
1451
1288
1527
1971
1678
2477
2466
2313
1015
2477
2223
2223
798
1574
1056
1872
1656
1656
2223
2477
2477
2477
2466
2477
1701
1881
1841
491
1971
1895
1829
1845
2514
2305
798
2101
2313
2101
2101
1057
814
523
2314
2037
1896
1148
2218
2466
2217
2217
1959
3
3
2514
2102
2514
2514
2477
2466
2466
1959
222
212
2514
2217
2466
2466
2217
1959
5
78
79
79
79
5
295
294
284
239
71
40
78
126
1
294
48
1574
2313
1574
857
855
229
549
392
392
418
316
374
392
433
726
1690
1898
2100
1845
2514
2103
2470
2477
2223
2223
2101
2204
2466
2466
2466
2217
1959
190
293
5
5
269
79
78
2217
1830
1144
4988
4976
1161
4976
4976
2313
2514
1288
2466
2477
2101
2313
2101
1574
856
2191
2340
841
1959
1807
1971
2267
1959
2477
2101
2101
2101
2101
1411
1660
1845
2514
1972
2223
2477
2102
2514
2223
2305
2305
1656
845
2101
190
222
2181
1891
2180
2126
954
1630
1558
1556
2466
2223
1574
2142
224
1411
1640
2368
2223
845
2102
2101
222
1890
2192
2192
2514
2511
2514
2514
2221
2441
2218
2466
2353
2514
2511
2514
2514
2414
2497
2441
2441
2497
2217
190
491
2323
2305
2223
2232
2304
1055
2466
2037
1884
1145
294
2218
2514
2441
2460
2247
2247
1804
2102
239
242
224
2362
2272
2025
1453
1866
2414
2514
2514
2218
2037
2298
1809
222
1376
2218
2470
2305
2305
2305
2048
2101
504
2101
504
418
726
490
2305
3
369
1056
2275
2305
2288
2441
1408
2161
2298
2298
2298
1702
2310
1987
415
222
2303
1891
2470
2305
2305
2247
2267
1972
4795
2514
2217
2051
2357
1799
190
1660
2441
1917
295
1699
1884
1808
1451
2565
2628
206
1838
2236
2444
1884
2565
1884
2325
2325
2326
212
40
213
201
206
5
1827
2441
2477
2223
2477
2223
1884
1860
284
751
212
206
1666
2159
497
2218
2514
849
1909
2358
2358
1612
2357
2325
2565
2325
1141
2249
206
1878
2366
2512
2316
2193
2498
1809
1809
2326
212
280
1
5
1
209
202
202
291
155
240
240
202
291
27
239
27
1
71
278
222
1858
1925
1727
2410
845
845
1656
1656
1656
858
2288
2305
1858
1788
2217
1959
876
1702
1451
1161
415
1660
1853
1925
1853
1691
1838
2441
2414
2477
2218
2470
1142
4858
1451
2628
4976
4976
2635
4976
71
133
1868
2498
1451
2305
2479
1161
2128
133
222
2217
2627
2103
2470
2470
2797
294
2635
4976
4795
212
1858
1483
1670
2470
2288
2187
2101
2101
2121
1871
4958
954
2128
1827
2514
2514
2514
2466
2354
1917
2498
1917
2498
2498
2498
2479
2635
858
403
206
1055
1604
2466
2217
2217
1917
1149
1149
1149
4993
1149
2528
1149
2487
1149
857
2268
2288
1668
2350
2465
2683
2682
496
2441
1917
2479
222
2182
1859
2020
1752
1828
2020
2666
1753
466
1753
2204
2431
1925
2221
2221
2514
2305
2305
2289
222
2398
2410
2313
1449
2359
2275
2305
2628
2736
2757
2482
2482
1150
2881
4874
3128
3469
4105
4981
4981
858
2187
2288
1853
2409
2414
2470
2869
2305
2305
1057
240
1281
1281
212
2514
2553
2367
2861
2417
1054
2101
857
544
1555
1604
2514
2421
2554
1149
2514
2815
2849
3042
3229
3551
3527
3574
2358
2358
1555
889
2514
1608
488
2750
3340
3341
3503
3340
2849
1920
2970
2751
2554
2305
1058
1747
1281
2313
2103
2566
3622
4225
4313
348
4313
348
348
348
348
4380
1808
222
1959
1998
4228
1999
155
2412
2203
2203
2329
2258
2782
1995
499
3767
2838
1995
2492
2906
2874
499
2329
2496
1819
2261
3964
3884
3852
3852
1715
1752
2514
2313
2313
2101
2477
2367
3368
1056
2781
1864
1457
3722
3847
3442
2605
2600
3011
2750
2315
155
1715
2313
2390
2305
4879
4879
502
2643
4879
2793
2793
2655
2740
2482
2485
4974
4981
4989
2643
2782
2747
4981
2792
4981
4989
2792
4879
2847
3020
2722
2831
3020
3028
3326
3533
3293
3533
206
1823
2879
3314
2313
2275
2816
2553
4981
4981
4974
4989
4805
240
2643
2782
2826
500
2782
2297
2477
1918
3042
2755
2756
2835
2567
2554
4974
2790
2896
2840
3963
3018
3018
2764
2768
3654
3654
3650
3869
3785
4078
2533
2726
2941
2789
4989
4974
522
544
502
40
1821
1911
2386
466
1730
2354
2869
4974
1150
1149
2619
2537
751
2782
502
2782
3314
2305
2563
2358
2305
2305
4974
4974
2757
2275
2223
2357
2834
2834
2834
2748
126
126
502
1901
3069
2678
2597
1918
2305
1058
1656
126
222
163
201
163
2329
2102
2677
2479
2801
133
206
163
2525
1611
1158
2693
4152
2951
2981
4085
2653
3670
2810
2187
1819
1918
2305
2745
1281
1864
1959
2471
2461
2479
2479
2132
2679
269
1150
78
78
1937
2101
2223
2102
418
2313
2246
2566
2305
3271
3697
4085
2782
499
3337
2829
2566
1057
201
320
206
163
163
2040
726
2101
2223
1910
1937
2187
1150
1150
1158
206
2171
2187
522
2664
3022
3316
3023
2492
1733
1967
2855
2969
2668
3858
2904
3028
3326
206
163
2492
2121
316
2910
5
2479
858
858
1057
1656
201
3392
3931
4183
4110
2934
3650
1747
1556
2040
2921
2288
1057
2533
78
1747
1850
1747
1305
1457
2732
3345
3526
1959
2751
1656
1656
522
858
1057
2203
3240
2620
1937
163
1959
3040
3753
2599
2572
2600
3011
2572
485
2752
487
2753
3011
2616
2775
3028
2941
858
1621
128
166
79
166
5
78
166
1822
1959
3004
3729
3447
3447
3447
2579
2995
1057
889
1558
1873
2223
3242
2268
858
3279
2764
4183
4193
499
3105
2496
3025
3701
1613
3128
3103
418
5
2121
2121
2121
4277
4277
3955
3955
3955
3955
4277
4277
2101
2754
275
2679
896
5
1057
3028
3384
3326
3384
1057
418
78
3158
3058
3061
3256
3755
3901
3258
3629
3961
4202
3377
3377
2930
2465
2970
3042
2569
522
229
726
522
229
522
504
530
418
2914
522
549
1057
1057
3068
3433
3061
4169
3065
4178
3849
3641
3880
4126
4126
3065
2681
2855
2101
2754
3144
3531
3368
3521
3527
3078
3903
530
2101
2101
2101
5
78
2731
2571
1920
1857
530
726
889
2121
3073
3367
3224
3239
2571
2618
1057
549
3028
316
3093
1747
1747
2140
2931
3572
3312
3309
3312
3309
3465
3465
3465
4155
4155
3176
3793
3793
3176
4129
3176
3933
3465
3465
3465
3465
3465
3465
3491
3416
3312
1556
1610
3859
3216
522
726
418
41
79
166
1747
1850
3316
2352
1643
478
3300
316
374
392
418
1057
1575
858
3392
2409
476
3368
3347
3678
2121
2568
355
3500
213
79
858
3340
2574
3111
316
726
79
166
3433
3384
3333
3333
3253
3793
4153
4203
3378
3633
3599
3096
3096
3058
3510
2966
2433
2568
3110
2574
269
433
374
316
5
3163
1733
895
316
79
165
316
418
78
355
316
269
858
1057
2143
2690
3400
2941
79
1057
79
316
1632
4145
3433
3433
3433
1747
1822
2352
2749
3349
3350
3047
41
3352
1057
3433
3058
3476
2660
3935
3935
3476
2622
4277
3401
269
3524
472
1731
3753
3458
3748
3492
2622
340
3367
2285
3374
3755
2794
2591
898
2169
1057
3374
3377
3377
3377
3098
3377
3555
3556
3825
3704
3705
3854
3935
3935
3935
3681
4017
3571
4126
3691
3755
1850
3023
3871
3037
4152
2993
3662
3472
3373
3248
858
858
3935
3377
3901
3755
3571
3681
3669
3312
3256
3476
3367
3678
1742
1632
3433
2352
4153
1967
3113
3341
3334
3433
3629
4017
3256
3571
2387
3915
3346
3574
1747
1633
3022
2848
896
3533
4169
3691
3378
3935
2931
3681
2966
3794
3797
3671
3663
4169
4015
3433
3691
2947
2941
3771
3227
3253
3856
4201
3633
3476
2909
3533
3374
3374
3681
3528
3771
4109
2950
4277
3533
3163
3555
2794
3755
3530
3371
3771
3378
3571
3667
3574
2948
4277
3231
858
3256
2684
3504
3626
1850
1632
2027
2011
1733
2183
3313
3313
3954
3293
3552
3534
3758
3682
3731
3717
3896
4209
3985
3561
4022
4063
4040
4208
4263
3993
3995
4208
3995
4912
4263
3758
3717
3693
3667
4307
4920
3991
3608
4908
3972
4307
3993
3993
4893
3998
3998
3990
3997
4026
3997
4209
4209
4209
3584
3717
3593
3991
4258
3823
4258
3561
4922
4922
4921
4893
4894
3993
3994
3567
4298
3995
3971
3005
4277
3348
2461
3533
3533
3738
4048
3555
3555
3555
3704
3704
3704
3693
3719
3555
3719
3991
2510
2672
3991
3944
3717
3555
4249
896
4169
3630
3476
3725
3465
3465
3725
3725
3998
3986
4076
3480
3374
3856
2523
3829
3998
3717
3438
3469
3739
3552
3388
3973
3972
3997
3620
4105
3484
3484
3252
2795
2879
2185
3593
3594
3877
3877
3584
3584
3972
3972
3584
4032
3904
3701
3991
3584
3556
3704
3877
3862
4249
3506
3436
3465
4049
4049
4049
4049
4127
4165
3787
4130
3856
2768
2768
2764
3491
4896
3973
3993
3617
3877
4907
3755
3378
889
3402
3442
4896
4896
3617
3666
3255
4924
3546
3852
3678
3377
3215
3096
3877
3584
3733
3767
3127
2762
2762
4313
471
3436
4072
3555
4918
4896
2995
4153
4099
3998
4893
3560
4019
3774
3255
3501
3877
2996
2590
2666
3602
3963
3256
4307
4085
3248
3374
4099
4202
3725
3465
3465
3465
3465
3436
3465
3436
3465
4155
3465
3176
4155
4248
4034
3465
4155
4155
4196
3465
3175
4034
3174
4034
3253
4034
4923
3766
889
3993
4886
4245
4264
3994
4298
4000
3985
4298
4298
3562
4026
3567
4932
4038
4063
4063
4258
4013
3576
3584
3603
3559
4209
3877
3825
3862
4125
3822
3986
4263
4152
3674
3740
3955
4313
4924
1307
2505
3582
4178
4178
3468
4133
1836
1849
3571
3879
4307
3253
3955
3955
3955
4313
4272
3377
3991
4896
3823
3389
3465
3465
3869
3465
4155
3313
3852
3313
3933
3850
4209
3763
4277
3543
3955
3955
4921
2733
3584
3877
3704
3879
3877
3465
3997
3872
4277
2034
4153
4277
4277
4277
4351
4313
3955
3853
4272
3955
3955
3955
3955
3955
3955
4335
3955
4921
3971
3099
4099
4125
3468
3258
3256
4152
3955
3972
3345
2140
2549
2010
3862
4123
4125
3533
4277
3423
4277
4277
2027
3955
892
3963
3558
340
4277
4277
3781
3877
3465
3465
3465
3465
3465
4072
3063
3176
4255
4307
3792
3175
3405
2933
3253
4921
4893
3992
3532
4920
4263
4153
4272
4272
3853
348
348
348
3853
4351
4296
4282
4430
4423
4459
348
4313
348
3618
3734
4125
3992
3993
4263
4912
4920
3993
3994
3996
3994
4915
4057
3994
4057
3567
3994
3994
4307
4298
3565
4914
4206
3567
4205
4206
4264
3996
3564
3996
3568
3565
4921
3253
3877
3465
3465
3465
3731
3879
3732
4893
4029
3992
4307
3994
4263
4040
4040
4921
4893
3992
4258
4277
4277
4921
4153
3793
3465
3313
4029
4029
4258
4020
3561
4022
4022
4022
4039
4912
4138
4039
3992
3992
3750
3253
4178
4178
1752
889
4123
3999
4893
4020
3992
4020
4022
4022
4039
3992
3993
4022
4039
4039
4039
4022
3995
4040
3992
2228
4019
3560
3253
3447
3465
4155
3747
1752
3862
4090
3482
4049
3789
3789
3787
3767
4158
3992
3992
2251
4153
3785
4049
3465
3629
4158
4039
3199
3847
3313
4038
3543
3374
3641
3641
348
4298
3985
2841
4039
4038
4058
4109
4248
4125
3785
4110
4183
3766
3732
3629
4063
3674
4335
4277
3333
3687
3432
3792
4034
3374
3687
4208
3559
3711
3938
3018
4155
4155
4155
4049
4155
4155
4130
4034
348
348
348
348
348
4155
3867
348
348
4108
3822
4022
4039
4022
4022
4277
4277
3374
3793
2027
4099
4045
3704
348
4155
3865
4040
3407
3174
4155
2771
4249
3176
1708
4155
4099
4169
4263
2535
4177
3985
4034
3175
4165
3175
3426
3174
3175
2140
4249
3862
3849
3174
4049
3313
3985
3603
4294
4152
4112
3867
348
348
348
3176
3176
3561
4177
4112
3174
4133
348
348
3732
4124
3641
4125
4249
3934
4263
4039
4153
4248
3932
4112
3176
4026
2876
2838
4249
3176
3985
4022
4022
4912
4022
4026
4210
3100
3985
3985
4026
3985
4335
3176
4248
3254
4278
4320
4292
4292
3956
4320
4320
4462
4502
4777
4624
4659
4778
4278
3985
1708
3567
3862
4244
4208
3956
4177
4248
4182
4932
3567
4912
3176
4244
4244
4040
4038
3562
4263
3956
4912
3567
3993
4380
4263
4932
3561
348
348
4282
348
349
4351
4292
348
3956
4430
4430
4437
4441
4444
4372
4380
4232
4318
4380
4380
4264
3567
4055
4327
4388
4372
3994
3994
4372
3994
3567
4040
3565
4040
3565
3994
4372
3567
4040
4282
4417
4507
4915
3565
4205
4320
4430
4419
4232
4514
4320
2549
3956
4279
4430
4457
4374
4372
4372
3996
4282
3565
4207
3994
4262
4264
3567
3994
3565
4257
4206
4041
3564
3565
4262
3996
3996
3994
4320
4443
4041
4257
4262
3568
3996
3996
4282
4372
4384
4372
4372
4386
4372
4453
4508
4454
4434
4389
4502
4386
4376
4386
4397
4514
4459
4395
4500
4552
4502
4672
4469
4745
4654
4625
4938
4623
4938
4938
4670
4485
4485
4649
4610
4610
4697
4610
4610
4610
4610
4610
4610
4610
4610
4610
4610
4610
4610
4604
4620
4940
4940
4780
4514
4236
4386
4761
4236
4620
4468
4492
4395
4620
4398
4672
4701
4629
4500
4395
4701
4701
4604
4387
4441
4620
4502
4395
4627
4398
4469
4938
4670
4622
4485
4680
4755
4755
4610
4610
4697
4613
4610
4610
4697
4613
4697
4581
4597
4944
4574
4937
4623
4672
4500
4649
4649
4420
4397
4469
4625
4469
4502
4627
4658
4625
4473
4672
4623
4469
4238
4761
4610
4610
4742
4732
4610
4610
4610
4610
4610
4610
4610
4610
4610
4610
4610
4610
4610
4581
4610
4610
4610
4610
4595
4613
4545
4743
4610
4610
4610
4610
4610
4672
4528
4610
4732
4528
4938
4762
4940
4732
4732
4610
4610
4502
4633
4671
4679
4610
4672
4613
4610
4610
4540
4610
4236
4610
4610
4648
4610
4529
4500
4613
4732
4613
4657
4724
4610
4610
4610
4610
4671
4672
4654
4397
4672
4623
4938
4672
4938
4432
4610
4610
4610
4393
4761
4610
4610
4505
4732
4610
4780
4938
4610
4613
4595
4478
4482
4670
4391
4780
4938
4550
4777
4729
4523
4934
4476
4480
4562
4697
4732
4596
4610
4622
4654
4653
4610
4610
4610
4610
4939
4477
4486
4610
4523
4935
4610
4563
4613
4754
4709
4613
4610
4732
4610
4663
4659
4482
4671
4610
4755
4656
4610
4610
4554
4554
4574
4554
4610
4401
4762
4610
4610
4610
4610
4754
4669
4610
4755
4610
4529
4529
4610
4610
4610
4610
4623
4610
4944
4522
4935
4610
4628
4670
4623
4554
4554
4762
4723
4610
4610
4610
4610
4664
4649
4610
4610
4610
4649
4554
4934
4610
4610
4649
4755
4403
4554
4937
4624
4659
4755
4522
4610
4610
4610
4610
4610
4649
4610
4596
4529
4671
4610
4664
4610
4938
4623
4610
4624
4610
4623
4610
4529
4610
4610
4610
4610
4610
4937
4755
4680
4624
4670
4623
4670
4723
4624
4529
4529
4529
4938
4935
4935
4623
4623
4529
4755
4754
4480
4574
4554
4473
4623
4649
4623
4473
4649
4935
4406
4522
4610
4610
4610
4649
4597
4529
4754
4529
4523
83
304
14
83
63
63
63
4802
222
4802
63
83
54
83
106
84
1255
1301
861
861
803
803
720
785
1417
1417
1417
4824
621
4845
720
720
1417
4952
788
861
716
1415
861
801
1417
801
1042
863
4845
1042
760
4956
1255
1301
621
4955
4955
4955
1255
1108
1108
1113
1417
1185
1185
616
4845
800
1043
4844
4844
912
828
716
861
720
1113
1417
1185
629
1415
755
758
4844
4956
800
587
627
800
1185
4956
801
529
683
424
425
732
425
877
529
877
529
4824
798
293
201
155
155
5
240
294
294
293
4974
2619
2619
2619
2792
1694
1150
2619
1814
4983
2257
4878
2258
2351
1057
3994
3998
4263
3567
3995
3993
4920
4894
4298
3993
3996
4920
4039
3565
3565
4920
3998
3955
4351
3853
3955
4351
3955
3955
3955
4313
4296
4351
3955
4277
4351
4351
3955
3955
3993
4022
4529
4610
4732
4732
4610
4610
4732
4755
4587
4610
4613
4714
4610
4395
4610
4610
4610
1252
1175
1131
1176
1175
1252
1252
1176
1252
1252
4876
4981
4879
2126
4993
4993
2642
4993
4879
4876
4988
4989
4979
2642
1894
4879
4879
4879
4979
4979
4988
4879
2642
4979
4882
4976
4988
4976
4882
1894
4879
4993
4882
4986
4879
4979
4979
4882
4879
3465
3565
3465
3465
4030
4922
4058
3564
4262
