210
252
252
181
255
243
51
493
493
320
505
224
4788
428
427
338
338
6
339
339
4788
4788
208
261
187
187
48
243
346
337
187
4788
213
217
261
335
208
261
238
399
270
503
253
255
255
286
257
314
4788
4788
4
428
52
339
376
376
376
376
453
386
4
427
210
261
187
187
261
337
261
105
48
445
210
4788
210
315
261
210
276
276
4
335
428
261
210
357
4788
4788
428
4788
428
261
162
252
276
243
210
261
261
261
4788
428
210
261
210
276
299
319
431
368
501
556
441
499
818
228
555
501
319
217
208
4788
210
276
399
261
261
4788
276
261
162
187
219
339
337
445
243
257
276
311
220
397
397
255
276
276
54
162
162
210
276
238
217
162
162
181
48
4788
299
399
319
319
504
503
503
225
561
574
582
169
582
169
574
502
321
320
270
276
268
269
320
505
208
217
208
335
337
428
428
239
399
252
270
270
268
428
428
252
239
162
219
428
276
8
8
226
493
494
4
292
257
257
8
319
320
323
270
238
252
276
337
270
256
4
238
4
338
252
269
238
428
4789
52
276
4
309
276
275
162
430
4
319
493
431
501
297
297
443
54
6
52
187
210
4788
238
276
7
399
8
494
494
337
337
239
371
431
349
337
219
317
187
397
346
339
397
445
346
428
346
428
270
252
255
320
320
494
494
431
4
255
494
494
338
427
338
276
257
431
428
239
368
445
453
427
8
386
382
371
493
494
368
320
320
495
807
822
745
711
1393
2677
1853
2715
2986
3452
3649
3931
2343
411
3298
4
445
4
243
54
319
320
320
166
459
807
709
586
166
807
398
255
376
555
338
346
339
276
4789
51
368
431
343
343
501
339
270
339
446
555
503
267
339
338
397
368
500
343
343
494
493
397
339
443
397
347
397
49
556
323
504
571
566
230
555
503
226
503
555
561
387
462
171
503
494
563
226
225
563
670
803
851
406
569
1129
745
1548
1730
2171
2141
1911
515
2948
3847
2761
3523
2773
3004
3004
2746
1215
1215
2912
2912
2797
2745
2863
2771
2771
2771
2454
2454
1956
1892
1438
1438
1290
1273
1902
1820
2393
2511
3175
2814
4906
4988
4990
2524
564
495
504
503
503
166
505
242
465
227
558
170
553
564
387
495
495
167
560
441
441
387
557
459
506
496
234
573
10
280
729
902
729
1053
505
772
617
772
772
614
651
614
797
797
737
797
772
772
741
696
741
797
732
4868
826
774
774
4841
774
774
852
707
707
707
1375
1375
1375
1375
1279
1541
1635
1549
1563
1394
1394
1310
1038
1034
1153
797
772
719
614
719
737
772
719
651
719
651
772
651
651
596
596
603
719
612
754
583
499
732
732
4841
797
826
774
827
827
827
768
797
797
764
797
764
825
852
1027
797
4868
4841
4868
4841
827
774
827
774
699
707
1179
1581
486
487
590
1680
1082
1118
772
684
736
772
732
404
772
719
615
671
719
434
614
826
4841
826
852
797
733
4868
826
4868
4841
827
892
502
729
438
603
719
651
616
595
603
768
768
684
612
719
684
772
764
733
764
797
229
826
797
825
733
4841
4841
774
852
707
852
603
719
596
596
684
684
736
738
4858
662
4816
662
941
728
662
826
827
719
719
671
506
726
774
489
582
442
822
822
587
569
569
719
816
1082
438
726
852
167
438
719
826
851
820
827
719
684
612
662
715
662
662
728
728
612
728
662
662
804
231
810
406
406
804
719
827
774
852
729
553
825
582
612
728
506
825
662
662
754
742
850
506
662
662
825
684
768
587
662
764
1126
1029
643
1031
1027
804
1082
895
840
728
662
728
612
765
768
738
851
892
719
852
825
707
506
719
584
879
1027
1027
707
852
612
640
1040
439
903
707
825
738
826
826
826
826
797
4868
1029
941
736
584
1027
707
1027
826
230
861
1567
1962
2159
1497
230
840
1295
1567
1029
879
1027
825
1237
1385
1027
707
707
707
4858
662
738
738
738
738
1027
707
1147
639
1029
1027
1329
738
798
738
1285
807
588
438
438
745
1027
729
1030
1179
1329
1328
1234
967
2160
2347
2347
2182
978
2382
2403
2210
2096
985
2094
2184
2244
2094
2289
2092
2302
2345
2271
2303
662
738
1029
707
707
1375
1263
1263
707
738
1030
1023
1397
1236
1563
1050
1549
1582
1058
642
999
1083
1383
1384
1384
1747
1786
1010
1013
1559
1382
1382
1839
1839
1839
1637
1637
1426
1487
1865
1865
2469
2410
2507
1203
2410
2507
1594
1024
1024
1002
1507
637
1563
1143
1581
1007
1594
1034
1397
1036
1397
1046
637
643
1030
1052
1236
1012
1011
1582
1563
1135
1007
1397
1046
1563
1565
1329
1329
587
1058
1007
1058
1187
1186
1062
1062
1232
1232
1559
1559
1559
1629
1629
1637
1543
1544
1084
1637
1839
1281
1538
1281
1184
1064
1178
1232
1037
1179
1263
1375
1375
1237
1049
1187
1169
1529
1382
1383
1383
1383
1383
1384
1025
1383
490
569
1397
852
852
1278
1397
1397
637
1375
738
826
826
738
826
826
826
826
738
798
738
772
772
772
738
1049
1062
1082
937
1385
1816
1030
1041
1310
1012
1575
440
1126
826
826
826
1058
1057
1036
1310
1002
1118
1339
1115
1034
1833
1748
1153
1153
1012
1507
1581
1262
1581
826
1046
566
1077
1563
1507
1507
1375
826
826
738
826
826
826
826
826
826
826
1058
826
1027
1126
1027
1278
1049
1232
1011
1179
826
1177
1177
1300
1277
1317
1057
1049
1187
827
642
1507
1147
1317
1193
1324
1185
1065
1338
1197
1238
1270
1194
1194
1194
2003
2135
2450
2450
2450
2428
2742
2960
1219
2915
2985
2915
2870
2870
2915
1219
2915
2450
2450
2450
1296
1324
1276
1062
1058
1528
1258
1339
1549
1748
1059
1296
1126
1126
1027
1338
1426
1452
1410
1069
1487
1027
1041
1580
1375
1375
1375
1375
1375
1186
1258
1384
1384
1786
642
1310
1791
1775
1310
438
1322
1275
1169
1228
887
1323
1388
1708
1019
1881
1066
1243
643
1674
1232
1271
1064
1271
1064
1059
1115
1198
1472
1516
1346
1325
1344
1197
1358
231
1065
1428
1390
1272
1232
873
1058
1233
1528
1143
1271
1187
1178
1411
1425
1545
1397
1278
1003
1030
1580
1565
1062
1507
1329
1348
1324
1594
1317
1014
1272
1278
1507
1308
1053
1064
1322
1075
1341
1256
1272
1063
1063
851
1082
873
1278
936
936
1279
1397
1027
1428
964
1064
1338
958
1193
1425
1545
1412
1278
1415
964
1676
1793
513
2344
4236
4242
4357
4523
4630
4634
4725
1179
1565
1294
643
643
1410
1375
1375
1064
1064
1281
1024
1024
1614
1685
1030
1738
1353
588
591
588
588
588
1548
1561
1598
1852
1143
1263
1275
1272
1560
964
1359
593
1064
1349
2073
1177
1412
1014
1425
1062
1559
1013
1637
1839
1086
1839
1027
1245
1307
1538
1265
1760
1323
1140
2392
1660
1256
1186
1382
1382
1629
1637
1637
1067
1409
1565
1375
1375
1375
1064
1182
1182
1133
1198
1238
1532
1532
1423
2026
1446
1882
1882
2450
1376
1347
1120
1629
1637
1629
1603
1375
707
1278
1278
1375
1375
1278
1375
1375
1348
1660
1565
1636
1348
1582
1565
1287
1729
1479
406
745
1479
1672
1687
1618
540
541
541
1718
745
1278
1375
1278
1674
1507
1507
1382
1629
1382
1383
1637
1839
510
1129
959
811
4881
1587
1589
925
1666
1497
1497
1533
1753
2028
2007
546
1504
1602
1375
1375
1323
1639
1186
1559
1736
1533
4881
1623
1512
1641
959
1375
1375
1375
1375
1375
1375
1375
1375
1375
1375
1359
1234
1143
1786
1386
1290
1246
1859
1638
1707
1746
1780
1603
1064
1310
1034
1775
1498
1629
1629
1629
1383
1384
1629
1629
1637
1637
1384
1383
1548
1604
1747
1142
1063
1182
1182
1321
1606
817
406
810
810
231
745
1186
1382
1637
1562
1611
593
1187
1641
1736
1182
1337
927
958
810
406
406
811
231
406
959
231
811
810
1310
1018
2391
1384
1185
1337
1437
1437
406
1498
1246
1635
1786
1747
1294
1435
1299
1321
1289
507
923
507
1449
1290
1450
1663
1663
1273
1663
1680
1680
2347
4887
1873
1661
1985
2071
811
1449
1594
1582
406
406
959
959
1290
1600
1611
1133
1193
1818
1385
1664
811
1346
959
1510
1670
1450
1663
1663
1663
540
1790
1771
1687
1870
1709
1718
1475
1647
1745
1637
1384
1384
1384
1384
1614
1383
1383
1382
1382
1529
1084
1639
1607
1288
1775
1384
1384
1384
1383
1383
1383
1966
1965
1269
1818
1743
1663
1820
1663
1422
1532
1860
1075
1611
1647
1712
1491
2016
2472
2172
2527
2574
2473
2529
3027
2746
531
1672
1487
965
1438
1615
2182
2182
2429
2388
1783
1663
1790
1720
1670
1670
1790
541
541
1383
1383
1383
1676
1598
1509
1678
2182
1779
1594
2532
2124
1595
1663
1617
1663
1663
1663
1663
1663
1633
1514
2162
2526
1610
1663
1790
1663
1383
1872
4887
546
1729
2071
2175
2305
2123
2408
2467
2175
4883
1034
1724
1720
1595
1610
541
1450
1610
1663
1247
1833
1972
1169
1615
1617
1950
2395
2425
2454
2454
2633
2633
2395
2395
1790
1726
1438
1720
1714
2395
2395
1899
2532
1714
1595
1450
1705
1689
1397
1068
1562
1864
903
1732
1673
1706
1839
1383
1476
1384
1384
1384
1967
2300
2000
1281
1782
2045
1295
1678
1713
540
541
1422
1747
1818
1614
1747
2045
4883
811
1606
1618
1690
541
1633
1875
2392
2339
1200
1195
1539
1841
1305
1295
841
507
1497
1670
1383
1607
1819
1265
2176
2175
1813
4881
1670
1720
1670
2124
1720
2347
1383
1607
1309
967
969
2191
2104
2391
711
1882
1184
1813
2395
1438
1186
1785
1383
1384
1614
1879
1864
2337
2304
2175
1025
1726
1627
1500
1746
1725
1383
1793
1662
1830
2351
1993
2045
1813
1446
1809
1209
1885
1923
2428
2193
1923
1813
2189
1382
1019
1019
1200
1882
2175
2395
2347
1382
1382
1382
1383
1383
1487
967
540
2178
2361
1867
1683
540
842
1281
2034
2530
1383
1599
545
1183
1432
2358
1382
1084
1060
1383
1613
1061
1839
1839
1839
1848
2474
2246
1849
2299
2689
1756
1075
1515
2039
1816
1382
1382
1382
1571
1383
1084
2300
1967
2523
2410
2410
2410
2410
2135
1433
1422
1867
1305
2425
2394
2076
1383
1486
1061
1939
2475
1200
1538
2425
1970
1782
1741
2523
545
1419
2073
1810
2194
1404
2581
2771
2530
2034
1486
1486
1879
1864
2624
1021
2523
1727
1976
1975
1500
2340
2340
2500
1536
1503
2007
1864
1019
4885
2123
1930
967
1848
1201
926
2530
2530
2455
1956
1930
2189
2358
2182
2348
1757
1903
841
2305
2387
1810
1814
2387
2467
2012
2480
1212
2771
2485
2484
2580
2485
2688
2481
1212
2395
1084
971
2159
2347
2412
1071
2300
1487
1478
1281
1281
1446
1284
1382
1084
540
1919
1923
2189
2181
1613
1544
1201
1628
923
1572
923
1981
2425
2574
1856
511
1810
1810
2454
971
1564
2074
1879
1834
1758
1814
1718
1644
1867
2409
2521
2493
1811
2425
1777
1750
1810
1487
2338
2524
4969
2524
1922
1978
1978
2194
2505
2031
926
973
1284
1814
1921
1868
2459
2387
2012
1760
1899
2040
2386
2633
3027
1814
1535
1501
1939
930
1923
1899
2426
2939
2863
2863
2949
3030
2746
2746
2746
2746
1215
3030
3030
1214
2797
2425
2181
1741
1772
1739
1566
1552
1879
2040
2193
1305
2345
2207
2198
2198
2423
2345
2201
2271
2345
2345
2201
2201
2345
2345
2345
2345
2345
2207
2198
2197
2108
2345
2200
2200
2345
2200
2345
2345
2213
2345
1864
2524
1799
1961
1898
2521
2196
1209
1868
1978
2521
1209
2345
2345
2213
2213
2345
1864
2523
2508
1796
1566
2207
2198
2198
2345
2345
1754
4895
1916
1588
2595
2595
2332
2181
1978
1551
2198
2201
2201
2213
2211
2200
2358
2104
2104
2042
2331
2181
2213
2213
2213
2213
2200
2207
1750
1835
2387
2406
2457
2193
2193
4906
1626
2484
2182
2328
978
2200
2345
2207
2180
2323
2137
2138
1838
2480
2484
2450
2219
2603
2604
2644
2202
2202
2202
2558
2271
2219
2346
2200
2213
2371
2219
2501
2604
2271
2384
2092
2200
2346
2603
2644
2796
2796
2644
2644
2202
2271
2501
2644
2644
2644
2644
2558
2558
2558
2203
2645
2203
2558
2558
2200
979
2345
2201
2328
2104
2443
985
2184
2271
2346
2346
2346
2372
2603
2603
2644
2672
2042
2406
2364
2573
2838
2375
2643
2796
2219
2201
2346
2644
2202
2558
2558
2558
2645
2645
2645
2221
2644
2271
2501
2346
1876
2135
1203
1203
1203
2201
2213
2200
2181
2213
2271
2207
2169
2184
2088
2104
1845
2846
1763
2202
2193
1885
1209
2501
2213
2271
2328
2212
2180
2302
2415
1501
2484
2521
2686
2423
2197
2197
2442
2423
978
2321
2470
2464
2180
2269
2212
1969
2487
1203
2135
1203
2410
1746
1801
2677
534
2796
2311
2104
2443
1782
2142
1991
2220
1419
2108
2165
2094
1778
1830
4907
2219
2603
2630
2375
2837
2838
2603
2643
2643
2603
2630
2643
2630
2837
2628
2628
2377
2686
2202
2202
2484
2688
1923
2549
2382
2549
2169
2326
2524
409
2604
2521
2428
1418
2558
2629
2377
2009
2528
1214
2428
1418
2321
2558
2384
2444
2339
2624
1794
1940
2630
2630
2374
2374
2374
2482
2514
2470
2113
2643
2366
2263
2728
2421
2373
2371
2371
2346
2201
2013
2549
976
2111
2303
2366
2570
2673
2403
2263
2771
1418
1782
2492
2492
2492
2482
2073
2388
2139
2469
1203
2135
2462
2728
1209
2397
1404
2470
2374
2375
2008
2054
2482
1970
2393
2421
2771
2092
2367
2428
1669
1224
1224
2092
2282
4907
2329
1224
2450
2450
2450
2450
2203
2558
2269
2244
2501
2604
2377
2628
2837
2493
2478
2003
2558
2443
2028
3175
3118
2375
1989
2054
2043
2043
2608
2043
2450
2450
1407
2326
2244
2672
2259
2068
2066
2745
1214
1407
1970
2203
2203
2645
2203
2203
2203
2384
2203
2088
2203
2289
2289
2007
2500
2500
2697
2838
975
2623
2722
2190
2443
2728
2289
2046
2644
2644
2645
2645
2357
2623
2635
2089
2303
2340
2340
1502
2546
1501
2546
2377
2835
2628
2375
2632
2382
2474
2608
2450
2650
1203
1203
2507
2399
2281
985
2308
1940
2645
1214
2458
2446
2607
2135
2289
2289
2308
2643
2796
2838
2838
2728
2730
2645
2645
1407
1407
2281
4890
2289
2047
2420
2573
2366
2603
2643
2643
2116
2135
2135
2768
2375
2630
2630
2643
2643
2863
4908
2450
2509
2092
2244
2289
1910
2489
2796
2573
2644
1224
2507
2706
2991
1203
2507
2991
1203
2507
1203
1203
2443
2443
1975
1022
2813
2670
3412
2825
2838
2863
2558
2289
1537
2301
514
2525
2641
2845
516
2683
2141
2047
2375
2745
2689
1986
2837
2628
2728
2262
2263
2088
1537
2844
3461
2796
2049
2608
1494
2399
2706
2659
2991
2991
2822
3195
3525
3781
2507
2507
2359
2443
1502
1502
2340
2630
2041
2704
2720
2311
2443
2509
2732
2385
2837
2740
2939
531
2939
2297
2184
2297
2088
2088
2577
2511
1649
1717
3030
2303
2289
2742
3031
1215
3031
3108
3218
3276
3445
3150
3150
3521
1224
2043
2577
2630
2860
1654
2704
3031
1215
2788
2786
3123
3146
3123
3031
2912
1222
2959
2942
2607
2465
2308
2246
2171
2643
2704
2008
2811
2799
3830
3738
2830
2801
2830
3655
3837
2685
3156
3656
2679
2244
2628
1987
2578
3444
2477
2186
4986
4986
4974
2865
2873
3477
4268
2815
3036
3086
3524
2815
4982
1910
2547
3832
1651
3738
3738
3550
3837
2476
2557
2859
2643
2860
2630
2628
2796
3030
2746
2043
2452
1536
3118
3638
2759
2851
3145
1218
4897
2959
2515
2047
2643
2490
1223
4973
4973
4973
2864
2877
3008
2991
2991
2991
2507
2864
2865
2991
2944
2874
2991
2864
2945
2945
3161
3380
3072
3162
3380
3438
3459
3554
3494
2966
2890
1503
3397
2643
2728
2959
1717
2663
2876
2876
2400
4973
2932
2244
2887
2630
3030
3030
1215
1215
2912
1215
531
2764
1655
2706
2915
2991
3008
2882
2886
2998
2920
2920
3304
3304
2921
2921
3878
4016
2886
3608
3724
3072
2400
4890
2096
2877
2203
2844
2500
552
1913
2796
2796
2991
2991
2915
2991
2991
3060
4971
2932
2887
4971
2891
518
2728
2912
1717
2043
2403
2446
2991
2991
2838
1650
1717
2915
3055
2203
4890
4977
1907
2072
2797
2912
1215
1215
2797
2363
2915
2606
2635
4890
2244
2308
2813
2838
2701
2869
2385
2289
2796
2959
2465
3009
4165
4243
3915
3096
3767
2924
3608
3059
2813
549
1215
1215
3030
2465
2879
2244
3011
1913
2506
2552
3032
2447
2765
3030
2907
2645
2991
4890
2645
2645
2513
2630
2419
2244
2244
2471
1223
2573
2465
2928
3195
2926
3086
2965
1912
2808
1655
2645
2190
2244
2289
2385
2796
2796
2796
2375
2969
2514
2311
2373
2875
2822
2443
2244
2551
2702
2333
3060
3061
3062
2878
2866
3002
2513
2473
2984
1653
2207
3059
3380
3392
2269
2796
2221
2578
2529
2645
4890
981
2443
2722
2244
2244
3063
3087
3817
3812
3163
2677
2115
2796
2903
2366
2722
2883
4890
2244
2677
2792
1907
3066
3066
2759
3861
2837
2645
2465
2443
2190
2796
2915
2371
2722
2513
3027
3050
3119
530
1222
2915
4897
1219
3054
4897
2959
2915
3054
3094
2423
3468
3494
2310
2509
2269
2271
2271
2271
2289
3397
3050
3561
2996
2993
3150
3518
3033
2915
2190
2525
2934
2569
1215
530
3159
2359
3161
3162
3086
3089
3036
2816
3168
2935
2837
2473
2059
3072
3380
2271
2384
2796
2172
2144
3823
3823
2800
3865
3938
2800
2800
3994
3722
2892
3031
2645
2645
2915
2765
2645
2373
3468
3468
3468
3458
3422
2203
3162
3393
3439
3439
3394
3201
3439
3437
3486
3538
3512
3513
4168
4307
4169
3530
3410
1693
1215
1215
1215
1215
2788
2915
2346
2372
2372
2373
2372
2372
2372
2373
3422
2180
2465
2203
3199
3439
3201
3395
3202
4202
3387
4214
4215
3211
3243
3874
3978
4252
3239
548
2796
2912
3031
3031
3123
2747
2788
3276
3127
3589
3916
4000
3096
3781
2346
2373
2372
2373
2558
2115
1222
1222
2702
2345
3468
2557
2746
4897
4896
1218
2837
4897
2373
2372
2645
2308
3393
1853
411
1851
3349
3583
3199
3396
3454
3622
3622
3622
3456
3319
3961
3879
3881
4251
4221
3879
3848
3813
3813
3622
3320
3536
3605
3201
3537
3454
411
2644
3457
1215
2788
2604
2644
2424
2212
2558
2732
3335
3336
2736
1218
2346
2501
2346
2346
2346
2212
3380
1912
2746
2788
2746
2788
3218
3218
3354
3187
2796
2881
2644
2271
2271
981
3128
2044
2916
2644
2644
2372
2501
2271
3458
3458
3782
3935
3935
4181
3884
3386
4255
3944
4261
3584
3765
3458
3394
3438
3437
3439
3201
3392
3438
3610
3950
2609
2916
3009
2910
2841
2644
2346
2346
2271
3438
3199
3443
2765
2644
2644
2501
2644
2346
2202
2501
2501
3494
2732
3534
3114
2917
2773
2448
2190
2271
2271
2732
3506
3458
3506
3394
3506
3438
411
2888
3336
3586
2770
3128
3381
2644
2202
2644
2732
3438
3396
3456
3456
3394
2739
2202
3616
3460
3438
2889
3188
2747
2773
3458
3086
5000
3002
3067
2747
3458
4009
3610
3016
2786
3129
3110
3459
3237
3303
2773
2062
2723
3348
3459
3495
3312
4232
4306
3513
3500
4140
3503
3240
4215
3616
3437
3203
3205
3546
3594
3642
3949
4152
2115
3515
2862
3172
3218
3218
3218
3187
3187
3494
3554
3935
3602
981
3603
3486
3510
3594
3558
3605
3201
3605
3201
3623
3536
3349
2992
1656
2715
3506
3168
3495
3393
3393
3201
2957
3128
3452
3459
3555
3664
3766
3605
3302
2670
3218
3276
3589
3920
3278
2715
3199
3576
3336
2953
3136
3496
3548
3198
3584
2344
3586
4173
3724
2885
2911
3538
3532
3395
3511
3247
3724
3720
3782
3782
3385
3603
3509
3201
3335
3017
3554
3782
3559
3143
3276
3127
3951
3505
2847
3484
3863
3495
3454
3201
3634
3637
2684
2798
3401
3401
4134
517
3617
3956
3013
3618
3864
3605
3536
3166
2992
3218
3276
2968
3774
2792
2986
2548
3471
2845
3471
3655
2685
3092
3092
3818
3554
3631
3475
3593
3804
3667
3868
3986
4250
3904
3903
4106
4267
4267
4197
4263
4197
4263
4197
4197
4197
3804
3683
3705
3666
3797
3713
4061
3686
4920
3691
3697
3976
4364
4391
4929
4048
4023
3714
4249
3701
3701
3739
3705
3740
3706
3697
4024
4110
3695
4931
4364
4076
4351
3712
3686
3013
3628
3189
3782
3935
3554
2715
3748
3728
3707
3730
3707
3762
3786
3786
3390
3634
2682
2827
3686
3828
3828
3731
2690
3589
3592
3461
3605
3622
3622
3622
3320
3307
3605
3622
3622
3320
3622
3687
3687
3309
3561
3935
3385
3187
3578
3692
3686
3981
3538
3276
3136
3276
3782
3068
3605
3718
3595
3716
3000
3525
3782
3783
3495
3876
3087
2826
3390
3765
4084
3701
3718
3763
3739
4010
2809
3029
3215
3798
4021
3801
3802
3960
3742
3622
3622
3306
3319
4008
3879
4171
4015
3810
4181
3811
2920
3827
3815
3986
3857
3476
2342
3691
3643
3829
2678
3178
3758
3428
3826
3668
2921
3749
3861
3399
3324
3798
3832
4277
3774
3622
3456
3426
3820
3705
3149
4302
3540
3382
3758
2829
3631
3456
3924
3849
3208
3982
3709
2711
2829
3245
3711
4067
3848
3848
2995
3851
3935
3540
1850
519
3266
3539
3597
3781
3935
3362
4215
4307
3813
3455
3319
3879
3305
3961
3879
4179
4221
4181
3307
3879
3806
4136
4179
4179
4181
3884
3886
3887
3951
3765
3715
3714
4351
4274
4073
4310
3670
4272
4320
3902
4364
3904
3677
4358
4309
3904
3941
3905
3907
3911
3763
3906
4248
3911
3896
3897
3780
3518
3794
1652
2810
2801
2810
3069
520
3966
3243
3504
3624
4138
2934
3298
3870
3840
3385
4219
3517
3517
3865
3846
2828
3846
4134
5000
3986
3364
3319
3813
3848
3806
3471
3065
3471
2685
3317
3307
3320
4230
4230
3518
3743
3441
2800
3517
3795
3364
3798
3742
3803
3958
3455
4918
3823
3348
3529
3885
2800
3994
2800
3517
3846
3846
3846
3846
3846
2800
3179
3938
3938
3721
4159
2800
3696
3998
3245
3978
4215
3742
3088
3870
3317
2917
3865
2759
3514
411
3099
2678
3912
3525
3935
3618
3823
3823
3082
3846
2793
3817
3908
4219
2800
3994
4278
3581
3319
3877
3319
3319
3878
4038
4268
3309
4240
3714
4114
3883
3873
3809
3993
4096
4097
4062
4364
3693
3830
2828
2828
2801
2801
2830
3656
3655
2830
2801
2801
2830
4025
3985
4934
4326
4418
4424
4362
2801
2801
4167
3832
4008
4140
3935
4122
4126
4199
4263
4917
4089
4354
4073
4310
4390
4298
4297
4297
4297
4105
4942
4402
4359
4264
4197
4197
4317
3681
3679
4093
4093
4298
4298
4359
4073
4364
4320
3996
4930
3815
3877
3879
3961
3840
4229
4125
4926
4148
4045
4297
4267
4297
4043
4929
3183
4309
3885
3877
3319
2936
2711
4128
4267
4267
4121
4130
4121
4127
4926
3873
4112
4014
3243
4247
4191
2832
3908
4023
4120
4122
4147
4045
4122
4209
4209
4209
4263
4121
4109
4209
3602
3545
4099
2828
3961
4001
2997
4140
3315
4114
3914
3163
3808
2801
3836
4044
4042
3995
4024
3958
4006
4006
3944
3528
3333
3322
3471
4128
415
3384
3245
3498
3092
4023
4351
3781
4129
4255
4255
3211
3960
4171
4206
3209
4224
4146
3544
3952
3996
4179
4181
4179
4179
4179
4250
3941
4306
3927
4185
4006
4082
4240
3837
3837
3655
3656
3156
2994
3156
3156
3156
4237
4044
4926
4912
4127
4209
3183
3179
3313
3810
3148
3504
3742
3837
4217
4257
4181
4203
3880
4007
3880
3514
3736
4153
3716
4113
3844
3884
3941
4180
4179
4179
3880
3880
3573
3209
2918
3910
3092
4272
4244
4272
4165
4216
4218
2681
3282
3337
3943
3135
3424
3503
3156
2967
3983
3669
3960
4223
3992
3756
4263
3884
4237
3089
4246
4083
4127
3312
4183
4260
4212
4244
4197
4209
4128
4267
4012
4307
3210
4316
4182
4182
4274
3334
4210
4168
3334
4936
4937
3846
3985
3923
4933
4284
4343
4287
4474
4645
4761
4752
4725
4240
4182
3514
4303
4297
3972
2712
4255
4187
4320
4148
4209
4212
4209
4267
4106
4105
4358
4344
4094
4299
4263
4148
4045
3282
4197
4310
3902
3065
4188
4030
4321
3837
3837
2830
3837
4188
3655
4238
4940
4326
4418
4330
4330
4415
3656
4227
3921
3656
2681
4323
4054
4267
3997
4360
3837
4267
4197
4936
422
4106
4297
3679
3679
4304
3679
4242
3673
4283
4030
4937
4310
4094
4298
4937
4323
4361
3659
4469
4426
421
3974
4031
4937
4383
4343
4324
4267
4364
4937
4337
3679
3679
3681
3681
3672
4336
3673
3679
3673
3673
4298
3681
4070
4310
4310
4361
4298
3679
4092
4310
4340
4323
4157
4283
4362
4384
4469
4338
4374
4337
4337
4361
4357
4322
4368
4287
4468
4459
1367
4370
4577
4421
4331
4477
4477
4524
4644
4632
4441
4515
4722
4699
4747
4655
4655
4637
4501
4657
4657
4677
4541
4587
4587
4449
4744
4648
4744
4545
4451
4582
4540
4558
4540
4421
4496
4944
4723
4662
4471
4645
4368
4422
4415
4495
4630
4492
4475
4495
4533
4477
4468
4480
4338
4494
4469
4357
4035
4426
4621
4432
4495
4494
4428
4496
4528
4618
4649
4671
4625
4623
4746
4640
4677
4565
4582
4451
4541
4582
4571
4540
4549
4656
4637
4765
4748
4768
4605
4481
4677
4484
4477
4529
4529
4439
4497
4377
4377
4528
4478
4766
4603
4697
4670
4533
4498
1368
4582
4582
4582
4587
4587
4744
4647
4702
4545
4545
4612
4449
4558
4570
4540
4744
4744
4597
4558
4478
4582
4582
4582
4573
4451
4477
4531
4582
4572
4631
4532
4645
4431
4582
4582
4702
4582
4577
4522
4658
4536
4582
4606
4582
4648
4605
4638
4582
4522
4744
4648
4648
4453
4745
4702
4564
4566
4582
4435
4702
4545
4648
4449
4648
4533
4613
4724
4632
4634
4761
4697
4713
4438
4431
4607
4572
4541
4648
4545
4447
4558
4702
4449
4703
4478
4650
4629
4449
4438
4582
4945
4717
4581
4442
4719
4443
4622
4637
4655
4723
4592
4602
4557
4763
4759
4782
4749
4670
4513
4645
4446
4655
4564
4644
4449
4648
4449
4744
4666
4589
4951
4505
4678
4709
4720
4547
4637
4619
4677
4446
4562
4648
4582
4582
4438
4442
4766
4663
4647
4562
4587
4647
4743
4712
4502
4671
4635
4759
4648
4634
4462
4541
4450
4541
4541
4677
4677
4677
4677
4541
4449
4449
4702
4449
4449
4545
4697
4702
4511
4731
4504
4717
4943
4943
4545
4633
4767
4530
4736
4782
4767
4754
4744
4545
4541
4541
4677
4541
4541
4541
4677
4636
4736
4541
4541
4677
4624
4545
4747
4713
4291
4662
4699
4743
4782
4744
4449
4449
4677
4677
4677
4449
4449
4691
4955
4449
4768
4768
4704
4677
4740
4545
4545
4715
4647
4717
4743
4449
4744
4449
4587
4750
4736
4640
4740
4587
4767
4664
4768
4648
4545
4449
4449
4530
4663
4943
4943
4748
4768
4943
4698
4717
4943
4736
4748
4663
4750
4541
4541
4767
4545
4677
4717
4717
4541
4449
4782
4541
4782
4541
4943
4943
4943
4449
4449
4943
4449
243
53
54
162
343
239
343
343
376
376
261
54
335
105
337
1278
1278
1278
798
4858
612
612
651
772
707
596
728
715
738
662
662
776
707
1375
738
707
1375
715
1375
751
596
826
768
826
826
772
707
1278
4841
774
774
1278
852
852
707
707
1375
1375
1375
764
662
662
827
738
732
797
797
1375
612
596
852
707
1375
1375
4841
1027
1375
772
617
1375
4858
4868
4868
4868
1375
707
612
591
438
169
569
1129
810
817
817
958
406
958
716
2347
2202
2558
2645
4890
4890
2558
2558
2558
4986
2876
2915
2915
2874
2282
2870
2991
2524
2876
2507
4974
2271
2308
2372
4045
4209
3899
4066
3675
4197
3693
3714
4921
4363
4364
3894
4263
4044
4926
3900
4344
4926
4053
3675
4030
3923
2801
3923
2801
3923
3846
3846
3846
3923
4025
3846
3179
3996
3921
2801
3846
3938
4045
4541
4439
4671
4582
4581
4624
4589
4561
4648
4545
4664
4449
852
827
852
827
1027
1278
1027
1027
2507
2507
2400
2281
2507
2507
4984
1203
2507
1203
2282
2507
2507
2282
2282
2507
4984
4984
2507
2507
2507
2507
2507
2283
2507
2507
2507
1203
1203
2507
2507
4984
4984
2400
2507
2507
2400
2507
2507
2400
1809
2345
2507
1203
1203
