95
90
95
163
225
273
136
57
70
418
310
266
267
266
96
90
108
4753
91
91
64
119
175
95
105
250
250
268
268
275
250
250
268
95
275
275
250
250
233
95
99
144
178
218
232
410
26
214
26
230
42
95
96
119
119
275
250
105
91
64
250
64
91
91
91
268
96
106
166
250
96
95
268
4751
58
101
97
97
97
119
275
275
275
275
275
275
275
96
105
119
275
95
96
275
275
275
275
275
96
117
250
275
119
95
275
96
96
96
100
55
167
27
2
53
52
447
332
246
53
170
2
167
105
250
56
56
94
105
96
275
119
56
56
268
275
250
275
275
250
275
275
275
275
164
250
91
275
275
275
166
163
103
56
96
275
275
275
275
116
104
88
172
2
170
178
218
171
218
171
87
87
374
320
271
3
3
4758
288
391
48
513
346
314
83
75
210
167
288
288
116
54
24
335
326
324
26
275
268
250
105
141
108
73
120
275
88
88
73
233
249
103
214
220
275
250
275
120
88
99
37
224
287
275
275
116
220
88
73
27
285
2
88
275
275
275
250
105
169
88
144
329
155
164
108
95
250
88
250
275
101
250
275
275
342
88
99
80
268
169
111
167
172
167
27
250
91
250
233
90
101
97
287
86
171
171
178
250
86
171
38
167
2
250
275
275
275
164
378
155
91
163
4753
166
4753
217
32
225
27
268
141
2
105
295
76
86
335
108
268
91
177
163
2
27
4753
285
347
64
105
105
171
64
91
171
409
177
2
250
27
285
390
277
1523
1539
1940
1992
1796
1796
2900
2904
2068
2068
3111
3542
4184
4290
4133
2980
2677
2979
3985
3985
91
21
76
2
275
151
27
7
7
7
51
349
1522
244
7
226
163
295
287
335
91
108
91
250
163
287
251
2
4751
250
205
162
4757
347
108
288
121
52
272
259
4750
105
64
91
2
105
91
217
226
91
105
91
275
4751
4757
275
273
7
234
205
205
666
1451
53
178
87
171
273
291
221
229
253
240
87
138
3
241
418
172
418
171
82
139
205
72
226
72
254
121
272
274
292
457
1559
1716
1651
1791
2326
2232
2597
2455
2829
3427
2608
3157
3005
3010
1664
1664
1995
2740
2860
2860
2860
482
2833
2503
2299
2299
484
484
1714
1677
1688
1688
1754
1910
1819
1819
2418
2393
1756
497
4874
260
72
234
202
252
324
259
229
240
218
240
241
286
217
291
288
241
287
288
271
221
319
287
221
320
407
6
187
276
349
349
310
374
271
265
265
3
139
243
276
319
254
4758
271
265
389
205
341
259
87
87
265
279
291
180
221
331
375
276
381
1523
201
1726
265
690
737
722
737
607
722
805
722
737
594
594
602
603
4819
603
779
4819
4819
692
595
594
601
593
552
4814
618
863
619
624
4972
1106
1068
1068
1426
1426
1220
1491
1282
1342
1464
1297
1285
1025
1024
648
1101
1226
977
692
690
737
605
689
610
805
689
689
690
4782
817
777
817
4779
4779
807
4810
4810
805
805
767
799
4810
259
286
240
87
265
290
543
4819
601
4794
4794
815
4793
4794
4792
1078
692
594
602
602
658
628
629
711
714
594
593
593
552
593
593
618
863
863
863
4967
4786
1072
87
290
330
447
1482
1575
1482
737
690
4790
723
693
4819
51
695
607
722
737
122
737
4776
387
722
549
618
618
555
595
593
552
87
399
1563
4747
1522
805
805
807
805
605
722
805
805
607
695
608
610
767
799
802
690
541
662
596
4814
559
240
269
549
552
593
618
618
621
1065
805
805
607
4810
4810
607
767
4802
4802
816
806
799
732
816
799
729
408
388
376
612
805
299
290
8
619
321
400
11
1522
1563
1523
704
1523
1523
391
621
4806
1522
799
4826
126
420
4814
699
799
699
806
807
4779
4779
833
810
806
728
799
1451
1676
1676
1665
807
621
863
863
449
201
710
792
805
799
4779
678
810
728
810
807
1563
4778
4778
807
815
701
1522
807
4779
630
890
870
821
967
843
435
1598
1562
1451
811
816
4811
4770
611
541
452
444
446
1451
799
457
1451
1067
802
4782
1451
715
1199
1199
4802
629
631
796
1557
1199
4809
910
911
1000
900
1087
1136
620
852
1522
4798
446
631
4972
4821
836
1451
1451
1675
1475
1655
1499
1675
1675
1654
1655
1655
870
1522
629
1451
1598
1616
1067
1068
1068
1068
834
4830
4830
4830
632
1068
4763
1425
4834
570
570
4813
725
725
1675
872
1523
1651
842
848
905
4788
1651
1366
1366
1501
1632
1822
1591
1792
1712
1712
465
197
830
13
415
13
13
502
277
415
4770
4830
848
957
4788
1422
1426
1424
4764
773
906
1130
1013
1071
997
1132
1271
646
1121
970
823
1071
1008
587
1228
1492
973
1793
1793
1618
1352
1637
2053
1861
2324
988
1846
4982
4982
1110
1070
1110
906
1026
1131
1272
1285
1131
858
1069
1495
1227
1008
1022
1013
1101
648
822
1315
1125
1125
999
582
1379
1584
1132
966
1021
588
999
1164
1482
1424
1134
762
1563
1050
1050
978
993
1020
1023
974
975
1099
1578
1812
1058
1305
1348
1922
1044
1392
1404
1048
1038
1032
999
1271
1461
1220
1491
1598
586
993
991
1597
1685
1619
1002
1451
1006
1078
1155
860
860
995
996
1466
4764
910
1087
4792
836
900
900
900
4833
4833
4782
4833
4768
1451
972
1005
1598
1651
1616
1632
823
927
929
1639
1516
1522
858
859
1000
1000
859
1007
968
1006
971
1101
1651
1575
1598
1087
1110
1531
1708
1343
1017
1050
1346
577
1287
1347
630
1202
1466
1013
1651
963
1287
1491
1426
900
1087
900
900
1078
1136
1000
1078
1078
972
860
860
819
1302
1302
1302
1302
1012
1023
1153
1465
900
1087
968
1162
1001
1032
990
586
1110
1000
822
1342
978
1032
1243
1273
1299
1323
1385
1264
1306
1380
1587
2365
2202
2202
2203
2204
2479
2398
2398
1180
2559
2558
2917
4988
2917
4988
4988
4988
4871
4871
4871
2204
2204
4986
1357
1262
1494
1296
1343
1709
1379
579
1516
1019
1210
819
902
859
1000
1014
1059
1874
1214
2001
1078
1109
1147
1147
1147
1426
1424
1203
1118
1772
1575
1111
1343
1602
1344
1356
1248
1157
1107
1160
1319
1206
1301
1213
1856
1786
1910
984
1171
1356
1468
1369
1090
1055
976
976
1159
1675
1325
1699
1652
1623
1674
1293
1604
1306
1676
1040
1240
1440
1518
1014
1013
1772
1709
1438
1031
1196
1290
1679
1842
996
1644
1302
1217
1217
1386
887
1225
1403
1428
1429
1355
1032
1247
1311
1411
866
1431
1276
1521
1198
1196
1247
982
1103
1783
1107
487
1616
1126
1126
974
1634
1033
1226
860
1212
1515
1172
1675
1451
1224
1535
1200
1302
1015
1680
1752
1883
2743
2980
3454
4277
1337
4458
4459
4392
4584
4657
4657
4657
1432
577
1219
1635
1281
1644
1428
1426
1037
1288
1168
1004
1372
1706
1411
1241
1040
1680
1680
1212
1557
1726
470
1464
1428
1595
1119
1651
1726
1465
1288
1824
2335
1176
1018
1642
1679
1932
1540
1807
1057
1109
1734
1173
1257
1717
1810
1668
1808
2097
1310
1353
1061
1061
1061
1832
1465
1388
1424
1324
1304
1249
1561
1289
1517
1652
488
1782
1903
1903
1915
1920
2398
2479
1242
1910
1430
1842
1809
1278
1278
860
1278
1148
1278
1278
1147
1217
1388
1310
1388
1428
1282
1229
1428
1688
1951
1631
1651
1724
1723
1947
1947
1947
1947
1455
1719
1456
1935
1819
1278
1278
1148
1431
1432
1197
1618
1061
1281
1633
1716
1770
1691
2110
1656
1965
1792
1499
1777
1791
1934
1934
1934
1485
1485
493
2801
1909
1148
1246
1220
486
1858
1608
1722
1854
1904
1947
1853
1853
1854
1764
1876
1147
4971
1324
4971
4971
1426
1068
4973
1777
469
1464
969
1754
1242
1875
1524
1750
1934
1630
1957
493
1534
1390
1098
1230
1731
1807
1685
1618
1811
1879
1777
1438
1531
1157
1107
1252
1107
1235
1119
1452
1716
1665
1770
1793
1807
1667
1483
1723
1628
1595
1020
1724
1204
1675
1632
1654
1676
1676
1665
969
1690
1722
1483
1865
1725
1499
1632
488
1500
1788
1576
1708
1438
1412
1623
1840
1770
1944
1655
1475
1614
1779
1779
1779
489
469
1366
469
1398
986
1875
1880
1654
1010
1678
1716
1676
1453
1500
1858
1723
1108
1020
1531
1501
1665
1839
1779
1707
1650
1857
1457
1741
1947
1947
1947
1853
1947
1947
1947
1686
1853
1947
1947
1750
1630
1695
1687
1687
2004
1750
1525
1934
1953
1789
1607
1597
1793
1858
1641
1690
1858
1607
1214
1391
588
1627
1839
1899
1839
1726
1250
1904
1627
2296
2083
1692
3137
3061
2843
2491
2611
2793
1715
1715
1723
1932
1245
1677
1499
1501
1632
1822
1476
1779
1650
1721
1677
1857
1226
1619
1880
469
1277
1575
1675
1707
1770
1996
1996
1650
1753
1779
1839
1904
2083
2424
2873
1650
1849
469
1526
1230
1688
1841
1714
1714
1841
1227
1689
1227
1707
1596
1245
1641
1755
1720
1770
1689
1713
484
1994
1994
1841
1934
485
1677
1719
1996
1996
2004
1750
1750
1525
1934
1525
1525
1525
1215
1964
1786
1726
1108
1456
1455
1525
1750
1630
1750
1003
1861
987
2039
1738
1677
1655
1616
1750
1686
1947
1695
1698
1666
1755
1944
1854
1675
1750
1630
1630
1630
1934
1897
1953
1910
2178
1756
1939
1175
1545
1825
1475
1944
1499
1947
1750
1641
1409
1782
1677
1677
1721
1721
1618
1678
1951
1539
470
1501
1953
1949
1250
1677
1166
1455
1925
2003
1878
2392
1677
1495
1880
1933
1892
1818
1677
1947
1947
1372
2065
1794
2092
1795
1794
1720
1720
1918
1918
2396
1803
1181
2398
2224
2224
1181
1501
1947
1277
2097
2097
1711
1913
1947
1597
1597
1321
1041
470
1948
2307
1746
1634
2065
1530
1841
1002
1630
1392
1501
1057
1546
1618
1617
1060
470
2041
2041
2041
470
2041
1879
1944
1841
1686
1853
1685
986
2305
1845
4867
4867
1847
1956
1414
1804
1392
1686
1686
1985
1853
1931
1975
2272
1299
1686
1862
2367
2055
1944
2095
1415
2004
1916
1918
1918
2362
2386
2359
1841
1978
2056
1877
2392
1967
1933
1989
2484
1882
1892
2453
2453
2417
1528
1884
2469
1967
2327
1841
1458
470
1415
1475
1841
1714
1853
2044
1632
1675
1675
1675
1954
2178
1944
1916
1919
1916
1916
1714
1714
2094
2094
1918
2359
484
484
1996
1632
1632
1747
1559
2064
1926
1848
1934
1933
1928
1348
1759
1916
1561
1793
1928
1892
1934
1934
1869
1853
1747
1922
1305
1794
1965
1944
1656
2179
2044
2308
1686
1948
1916
1916
1714
1632
2217
1928
1954
2058
1056
1485
1475
1942
1919
2362
2430
1996
1877
2264
1916
2097
1968
1845
1970
2178
1920
1920
484
1675
1851
1747
1922
1870
1918
2047
1416
2479
1714
2094
484
2180
2308
1986
1986
1484
1928
2384
1819
2092
2223
2308
2299
1715
1715
2637
1715
1664
2740
482
2860
2860
2860
2637
483
2503
1919
2262
2083
1866
1757
1366
2044
1918
1918
511
649
744
513
513
797
1612
207
201
13
511
13
316
502
13
199
13
830
448
830
513
1497
513
466
13
448
13
683
415
517
1042
1877
1883
471
1475
2256
1918
2396
2362
1919
2398
349
526
796
189
830
2006
1845
4867
1990
1174
455
196
744
513
744
744
207
517
1892
2263
1691
1999
2423
2067
1822
1792
1918
1984
797
13
197
513
744
199
1675
1366
1985
1632
1822
762
744
526
209
744
2315
1919
484
2047
1918
511
2272
1747
1632
1632
1632
13
12
830
199
415
1675
1366
1366
1946
2364
1182
2365
457
316
181
319
221
52
241
502
1555
1712
762
525
1942
202
200
743
317
10
14
519
316
181
181
180
340
186
505
526
526
526
526
505
276
276
51
8
294
443
294
8
7
390
448
1632
209
830
1366
1817
197
189
526
526
526
526
526
526
505
2263
2308
484
1712
1474
1911
740
740
504
47
47
180
209
245
315
448
52
171
46
47
184
442
209
186
209
2431
2536
4997
2509
989
4982
4997
4997
518
762
209
1792
513
744
830
830
197
1366
2321
2384
2110
241
1918
1803
2398
2235
190
744
502
12
13
13
415
502
470
2384
2364
1549
1555
1449
1471
1612
1943
1497
1747
1632
1747
1747
1822
517
502
502
415
1847
2251
989
2251
1883
1883
2598
471
380
2000
1583
1366
1366
2074
2307
2378
130
1704
1822
466
1605
465
988
2392
2378
457
209
528
682
740
740
1474
380
181
181
504
47
47
47
528
457
740
1474
808
666
206
1919
392
1632
1712
1747
1497
2375
1877
470
392
1029
2335
2431
202
666
525
457
1661
2503
2428
1194
2398
1712
51
10
2432
2325
1968
1989
2435
445
434
740
456
209
2299
1981
1747
13
1329
316
202
1474
1911
1592
1320
828
1320
1320
1320
190
526
1591
1792
415
277
1712
1712
1943
1593
205
1792
51
2362
2316
1965
2479
1822
13
415
988
1712
1474
1591
2362
2398
1792
666
2315
1999
2491
1738
13
2232
1965
1792
2597
1712
2428
1194
1180
1194
2319
1971
2273
1999
1180
1194
2479
1178
2479
2203
346
294
443
526
294
1991
4850
808
740
504
2315
1965
2413
1366
921
415
2066
2434
457
445
1999
2491
2491
2491
1194
2479
2204
2203
2251
1817
2066
2378
2657
2436
1715
2299
2509
2203
51
391
46
87
291
87
240
330
330
330
330
391
921
10
2453
2524
2754
2829
809
1943
2233
2383
2383
1477
1762
2469
1882
221
52
1965
1476
2067
2203
830
2453
2453
2453
2453
2453
1884
1884
2481
808
740
682
209
1474
1911
241
1329
1194
4981
4993
4997
4997
4997
2509
2536
317
10
2110
269
2067
1792
1476
2509
1847
346
323
181
181
1474
1474
1474
1911
1911
1986
52
4986
4993
4993
390
323
2566
1883
1911
1911
1760
740
504
504
1661
1911
989
2251
51
2538
445
434
504
341
184
2299
2503
4986
13
443
2481
846
181
131
180
2299
4981
4979
4993
4984
4984
4988
4984
4993
4993
2041
1477
2232
2273
495
494
2219
2571
2424
1911
330
1485
2417
2831
2593
472
2830
2897
2609
472
2551
2721
457
2503
2453
1881
457
446
2233
2383
2383
1485
2417
2455
131
2491
1999
4986
4979
2759
4989
2759
2809
2919
3654
2886
2857
2839
2839
2760
2041
1477
2524
1886
1884
434
2503
1941
2233
1477
240
2041
2041
8
1474
2491
2436
2637
1762
908
1817
198
471
1881
504
1692
2503
1817
1194
1183
2833
2860
2860
482
3110
3110
3299
3209
3209
2653
3780
3780
3676
3736
3143
3670
3422
3626
3437
2498
2423
2382
471
445
2936
253
1183
2860
481
2740
1995
3209
3299
3381
3780
3110
481
482
1183
2650
1183
1183
1183
2233
1476
2041
1883
47
1911
2399
1657
1659
3609
3583
4234
4234
4226
198
504
2645
3137
1692
314
496
2702
2870
2702
2871
2952
3056
3307
2703
2797
2714
3431
2703
2870
2754
2483
3267
2958
3186
2457
2484
2470
2980
184
184
184
444
682
1715
1664
2803
2611
1528
2484
2420
3136
3430
3419
3419
3143
3415
2668
3317
3079
3079
2833
2861
87
2566
408
2635
2386
2857
2857
2800
2800
2857
2857
2800
2798
2824
2759
2759
2839
2857
2797
2759
2837
2839
2837
2798
2778
2961
2763
2948
3169
3575
3634
2889
2857
2253
1489
1889
2537
2898
1911
1692
1183
1986
498
2839
498
2759
2839
322
388
2797
2797
443
2711
184
740
2503
2860
482
2860
482
2860
2860
2491
2850
2982
2917
1715
2824
2762
2885
3145
3307
3621
2814
2814
3292
3182
3981
4150
4058
3431
2773
2857
291
1817
908
346
443
2417
2524
2485
473
740
1872
2759
4871
2837
2711
2704
2702
2625
47
2628
2628
2491
46
2423
4988
8
1911
3060
1986
4988
8
8
2857
2711
472
2897
2936
2833
482
482
482
2503
1662
2957
4871
2423
2824
13
294
443
443
496
682
2611
2761
9
443
443
408
2917
2657
4988
2884
3773
3650
3268
3652
2976
2816
3406
2948
2754
2393
482
2860
2860
2383
2774
2809
2481
493
2698
2925
2068
2423
2067
2803
178
4988
291
87
443
740
47
1183
2637
443
2662
1872
4871
2383
3243
2920
4129
2798
3004
3242
2917
178
13
443
443
13
47
47
184
2437
1959
1959
1320
4988
4992
443
2093
4871
1817
2775
2713
2951
2798
2703
2831
2552
2892
2805
3061
3578
1320
2961
3350
294
3004
47
444
2967
178
2233
1477
2900
2900
2068
2383
2714
3175
3579
3054
2977
2382
2830
408
2795
2383
2919
291
2253
3985
2253
2731
2990
2744
3136
3419
3136
408
2850
2383
1477
2068
2068
2537
1183
1320
1320
1959
2538
2793
3364
1664
2917
3079
2917
3079
4871
2752
2650
3079
2093
3079
3079
2945
884
3025
3406
1959
2383
2387
13
526
526
526
209
1888
311
3433
2667
2884
3690
3820
2747
3166
3015
1959
2644
2526
2831
482
1664
2895
2394
1477
2779
3292
2814
2713
2719
495
2567
2998
2957
2803
2617
3064
13
209
47
311
2879
2725
3778
3608
3346
3111
2833
311
340
2945
2423
1320
190
3025
3226
3374
3270
828
2948
2962
3279
3334
3417
3412
3393
3376
3556
3328
3103
3333
3105
3391
2775
3293
482
481
482
2860
481
2740
4871
190
190
190
190
190
190
190
190
190
190
190
526
2068
2068
2383
443
2779
3336
3392
3391
4151
3329
4163
3549
3132
3812
3819
2891
2538
504
2650
2665
3381
2653
3209
3209
1995
2740
3209
3209
2656
3780
3422
2996
3254
3268
3269
190
1592
1320
190
346
3008
3388
2650
2093
2777
190
190
3008
2592
2740
2650
2650
2665
2665
2665
2665
682
2650
2650
190
424
3120
2253
2253
2677
2677
4283
3359
2814
3095
3238
3413
3426
3125
3772
3574
4088
4025
3418
3403
3403
3426
3291
2962
3060
2926
3388
2860
2860
3285
526
526
526
13
48
2041
2041
2923
2719
2598
2650
2668
526
505
190
526
2068
2068
2068
526
2904
2943
2829
2740
2740
2860
2860
2860
1995
2740
1995
3299
3209
3209
3441
3210
3210
3441
3211
503
2805
2894
2782
526
442
2900
481
2804
3285
2752
3317
505
190
505
442
3226
4016
3577
4066
3965
4024
3233
3234
3556
3484
3374
3294
3225
2990
494
2700
3245
2795
340
2926
186
526
526
526
3093
2721
2419
2665
186
526
424
526
48
48
442
526
526
2900
2900
2904
3359
2892
1186
2967
1995
3063
190
2068
505
505
526
2068
3586
3323
3335
2526
2979
3985
1888
2393
2662
2650
3381
3381
2819
505
526
3277
3291
3306
2862
3399
3831
3324
3053
3242
2698
1995
3209
480
3062
3565
2949
2745
3437
3424
2740
3209
3209
2951
3344
2644
3068
3110
3299
3299
3109
3110
2665
2756
2068
2975
2419
1660
3209
2068
2068
2068
2068
2068
2068
3688
3790
4045
4045
3333
3599
3671
4013
4111
3130
3425
3392
3354
3434
3840
3296
3098
3368
3127
2713
2950
1659
3269
1995
3209
3209
3209
3209
2805
3400
3400
3026
3544
3980
2068
2041
2394
3325
2041
3127
3376
2948
3336
3291
3098
3361
3242
3415
3401
2068
2068
2900
2904
3355
3592
2900
3291
3252
2858
2665
3299
2068
3576
3546
3132
3546
3126
2951
494
2653
2656
2656
2656
3780
3676
3676
3676
2745
2990
1796
2677
3357
3337
2720
2756
3543
2068
2068
3402
3355
3134
3547
2980
2720
2708
4201
2665
3209
3299
3401
3391
3133
3100
3296
3293
3381
3736
2665
3982
3982
4007
3133
3236
3108
3209
3853
3853
2829
3299
2653
3780
3736
3820
3790
2990
3209
3381
2653
3625
3595
3306
2608
2898
2593
3284
3736
2653
2653
3401
3441
3106
2625
3235
3301
3059
2680
479
3626
3301
3034
3315
3424
2653
2656
2656
2653
3400
2900
2900
2900
2904
3567
2722
2955
2953
3454
3446
3353
3239
3657
3131
3483
3589
3623
4090
3468
3469
3470
3471
3471
3913
3474
4297
3921
3923
3911
3955
4888
4888
3514
3561
2990
3697
3489
3489
3697
3505
3698
3493
3603
3495
3588
3487
3855
3856
3855
3897
3961
3667
3492
3517
3517
3507
3590
3786
3662
3649
3628
3638
3517
3588
3519
3721
3964
3964
3522
3489
4917
3700
4898
4896
4898
4037
4894
3536
3849
3849
3816
3849
3489
3518
3486
3245
3460
3068
3111
3544
3890
2900
3812
3465
3613
3550
3613
3515
3649
3482
3599
3560
3435
2456
3588
3628
3675
4048
2068
3626
3626
2900
3885
3516
3096
3096
3386
3379
3493
3786
3386
3407
3982
3850
3611
3819
3581
3518
3649
2717
3541
3780
3111
2656
3780
3780
3780
3441
3982
3587
3486
3612
3571
3108
3144
3145
3229
3230
3462
3550
2609
3600
3514
3494
3539
3494
3494
3541
3186
3780
3646
3518
3622
3637
3614
3730
3516
3095
3966
4017
4089
4059
3658
3588
3518
3666
3580
3208
2526
3495
3486
3100
1658
2888
3736
3666
3623
3467
2892
3433
3061
3578
2841
3208
3645
2840
474
3494
2568
3607
3308
3217
3593
3851
3186
3657
3281
3435
3553
3494
3662
3269
3780
3780
3780
3780
3131
3498
3810
3297
3055
3430
3513
4015
2994
3541
2898
3623
3359
3358
3038
3736
4016
3681
3333
3131
3182
3568
3669
4161
3767
3181
3180
3254
3380
3690
4035
3506
3816
3696
3492
3506
3571
3849
3849
3693
3536
3534
3703
3526
4222
4168
4134
3732
3717
3941
4222
3941
3536
4061
3470
3721
3766
3766
3723
4116
4080
3786
4090
3725
4080
3727
3511
4895
3269
2884
3736
3820
2725
2725
3665
3387
2745
4100
3281
3551
1331
1331
3158
3404
3678
3965
2725
3641
3645
3667
3810
3157
3125
3772
3430
3048
3386
3158
2884
3111
3633
3676
3609
3387
3832
3784
3944
2569
3571
2699
2900
3542
2699
2699
3633
3608
3778
3778
3778
4173
4056
4169
2725
3519
3860
4034
4146
3579
3377
3429
3507
3422
3723
3639
3639
4035
1331
2691
4133
3662
3774
4005
3460
2900
2699
2900
2745
475
2900
3254
3662
2068
4192
4151
3885
3669
3569
3570
3570
3405
4139
3507
3698
4966
4017
3619
4089
3982
3964
3820
3503
3504
3488
3555
4912
3641
3559
4923
4265
4254
4244
4531
4469
4424
4454
4133
3639
3570
3671
3620
3996
4221
3477
4221
3476
3502
3522
3897
3522
4885
3916
3898
3899
4902
3525
3528
3527
3527
3937
3901
4287
3919
3856
3525
3500
4885
4885
3955
4915
4907
4886
3921
3955
3900
3901
3917
4323
3900
4882
3705
3915
4902
3531
3533
4898
4917
4894
3699
3522
3765
4019
3599
3671
3668
3520
4022
4020
4915
3919
3919
3955
3919
3930
3471
4286
3964
3948
3964
3672
3309
3309
3179
3569
4011
4054
4054
3471
4909
3924
4946
4141
3992
4020
4058
2888
2569
4111
4928
3599
3571
3590
4022
4020
3977
3976
4027
3950
3997
3474
4206
3892
4197
3975
4221
4005
3852
4066
3639
3639
3182
3380
3551
3282
3494
4014
3619
4142
3767
3307
3341
3997
3950
3228
4088
3683
3234
3571
3542
3230
3773
4220
4044
3633
4097
3746
2586
3816
3849
4041
3987
3698
3655
3721
4171
3814
4144
3614
3841
2813
3439
3785
3234
3542
3791
3071
3850
3685
4219
3723
3839
4122
4049
4019
3845
3768
3444
3194
3844
3603
3977
3971
4946
3976
3474
3633
3633
4059
4170
3585
3332
3618
2954
4035
4206
4145
3650
4073
4012
3889
3102
3509
3816
4150
3652
3180
3860
3945
3985
4013
3660
3397
3724
3947
4119
3732
3677
3653
3445
3445
4068
4226
4035
3815
4011
3584
4152
4234
3601
4203
4119
3825
3785
3726
4040
3957
4208
4079
4134
3445
4139
3699
4206
4047
4116
3827
4046
4119
4221
3474
4197
4197
3472
4091
3813
3946
3732
3732
4117
3717
4043
4011
3232
3104
4080
4056
4292
4244
4930
4280
4245
4406
4424
4427
4707
4707
4726
4713
4280
3307
1331
4073
3699
4128
4260
3959
4215
4283
4143
3445
3342
4894
3474
3924
4139
3732
3955
3720
4160
3916
4106
3913
3921
3955
3926
4226
4888
4214
4219
3542
4236
4228
4228
4226
4281
4236
4283
4406
4531
4531
4531
4531
4469
4469
4469
4363
4469
4424
4308
4302
4290
4401
4257
4277
4292
4406
4037
3913
3719
4248
4953
3719
4886
3926
4290
4204
4204
3719
3925
4319
3926
3926
4318
3524
4454
4286
4290
4406
4278
3530
3916
3937
4292
4406
4406
4531
4406
4424
4367
4184
4302
4278
4300
4406
4531
4544
4277
4454
4424
4911
4902
4406
4290
3916
3903
4288
4323
3901
3901
3903
4902
3500
3500
4902
4902
3857
4391
4406
3905
3499
4406
4882
4290
4406
4454
4454
4424
4454
4401
4454
4424
4469
4424
4425
4531
4392
4531
4392
4545
4392
4469
4454
4554
4953
4544
4531
4544
4544
4544
4544
4544
4680
4363
4362
4715
4728
4731
4712
4466
4466
4466
4683
4683
4683
4683
4683
171
171
270
86
45
287
3
291
4683
4365
7
322
4459
4392
4363
4361
4361
4361
4465
4657
4657
4657
4657
4678
4469
4361
4429
4469
4459
4464
4657
4392
4511
4544
4363
4544
4544
4544
4361
4554
4554
4363
4544
4680
4511
4544
4544
4459
4544
4544
4544
4544
4469
4544
4554
4363
4544
4554
4392
4544
4392
4424
4544
4554
4368
4392
4544
4362
4544
4544
4544
4361
4544
4510
4544
4680
4511
4544
4511
4361
4544
4510
4680
4466
4683
4721
4721
171
87
85
171
87
171
4758
87
171
4365
4544
4683
4466
4466
4683
4659
4427
4427
4464
4544
4365
4511
4511
4622
4622
4715
4362
4544
4589
4466
4466
4362
4713
4683
4680
4466
4511
4511
4510
4639
289
324
270
324
171
4683
4683
171
171
4365
4365
4365
4683
171
4365
322
4427
4510
4758
170
87
87
4365
4365
320
7
4466
4466
4639
4657
4365
7
170
324
4639
4639
4361
4639
4365
4680
4466
270
171
4467
390
4657
287
171
4683
4683
4683
390
85
4506
4465
274
171
4365
4680
4680
333
4623
4683
4683
4466
4589
4466
289
4683
274
4680
4466
4683
4683
4707
4466
2
4657
4466
4639
374
87
4683
4683
4683
4663
4639
4622
4466
4683
4657
4639
4683
4466
4721
4683
4466
4365
4683
4683
4365
4728
4657
255
45
144
270
4466
4683
4466
4683
4466
4726
4365
4696
4466
309
2
4466
4558
4731
4659
4683
4683
4683
4657
4466
4557
4557
72
4657
4465
4622
3
270
171
204
178
4683
171
171
4729
172
172
255
255
4683
4683
4466
4557
4721
178
4365
4729
4683
4557
4683
4369
4683
2
169
204
204
144
204
204
45
45
278
171
4683
4466
4557
2
204
45
4683
4683
4557
4552
4365
4683
4465
4557
178
171
218
171
171
4721
4683
4721
255
4721
4683
4683
171
4683
4726
4552
255
4466
204
144
172
204
4466
138
4707
4728
4683
4370
4728
2
178
172
4683
4721
4557
4557
4729
4721
171
4683
4721
4683
4683
4557
4683
204
204
4683
204
4557
4557
204
204
4683
204
144
171
4683
4729
178
4721
4683
4751
4756
91
275
275
250
250
338
105
250
26
250
105
250
1278
1278
725
954
4830
783
802
559
1068
1068
807
4779
4810
4784
732
4778
863
1209
1324
900
4763
954
4822
1199
4810
900
4784
900
1083
1068
1278
1278
619
620
863
863
806
1165
1074
1199
1199
1148
1148
4784
4778
1136
1085
599
4792
1491
954
817
1115
1145
1106
1278
559
1426
4835
778
4835
1278
4822
728
553
593
4830
1278
4797
4779
424
1563
1716
1563
1716
1522
1632
253
276
291
297
240
240
241
2325
2857
4871
4871
1969
1968
4988
4871
4872
2760
2759
2325
2325
1911
3015
190
3533
3698
3698
3530
3536
3960
4884
4014
3919
3917
3624
3718
4892
3696
4912
3490
3816
4894
3694
3859
3487
4901
4901
3528
3525
4917
3581
4910
3476
4910
4906
3697
3527
4160
4915
4886
4897
4014
3962
4234
4236
4938
3778
3778
4938
3778
3778
3471
265
72
144
2
4365
4683
4365
204
86
291
4369
3492
3698
1074
1078
860
860
860
1155
860
1278
4982
2760
2857
498
2759
4984
4874
989
2760
498
2704
4982
499
4997
1971
4978
2839
498
498
498
4982
4978
498
498
498
4978
4872
4978
4982
4982
2839
4872
498
2857
499
4982
4978
4873
4978
4982
