204
299
298
298
73
69
232
4777
360
268
42
251
254
299
204
254
254
300
53
193
193
128
128
128
4787
128
237
237
237
237
237
237
204
237
366
366
237
366
128
366
366
366
128
128
237
204
204
299
300
299
237
300
237
237
237
49
306
200
315
346
76
76
132
237
237
237
128
128
128
128
4787
128
57
4787
4787
128
4787
128
128
128
300
204
204
299
193
299
299
300
299
299
299
300
300
300
124
38
70
65
237
237
237
237
128
237
237
237
237
237
237
237
237
204
237
237
52
237
52
128
300
254
237
237
237
237
237
237
237
128
237
237
237
204
298
64
299
237
237
52
254
237
237
128
237
237
237
237
129
260
263
251
251
228
201
407
508
352
228
266
228
251
128
204
237
237
204
298
66
263
237
128
237
237
237
299
204
204
237
237
128
300
237
300
128
128
366
366
366
4787
237
366
57
366
366
128
237
24
73
216
304
164
237
237
237
237
366
366
164
20
101
306
268
47
210
210
47
266
372
173
624
630
630
477
517
383
42
268
263
132
262
263
199
42
216
237
237
300
237
300
102
306
191
237
248
364
5
237
300
128
300
295
76
21
237
128
237
237
306
263
263
362
237
237
132
346
263
230
201
201
268
237
128
237
311
300
268
262
237
193
299
193
216
268
237
237
128
128
366
124
300
128
237
237
21
129
360
262
128
217
268
268
365
251
201
128
237
128
4787
128
300
298
123
70
101
306
207
3
128
237
110
306
262
251
2
237
366
366
300
366
300
366
300
300
128
128
128
366
102
300
102
66
217
4783
199
42
263
371
42
128
237
66
262
268
300
300
128
128
128
128
128
128
65
210
210
300
199
128
128
128
128
128
191
128
4787
360
207
366
199
199
511
498
626
356
1031
356
356
356
1031
1031
1261
2614
2230
3201
3300
2751
2462
2861
4361
4328
3528
3827
4151
4434
366
4792
38
128
263
230
42
394
626
509
509
287
66
193
65
363
128
128
128
128
128
128
4787
3
262
128
4787
128
128
128
193
217
366
128
200
212
366
266
128
128
128
366
128
128
201
128
128
128
207
128
366
128
128
128
128
314
347
268
259
111
172
323
509
168
47
315
111
111
112
199
251
296
47
168
268
111
212
175
4866
712
4866
4866
4866
654
654
630
654
654
630
626
626
1408
1845
1633
2548
2745
3220
3840
3517
3530
2703
3268
2840
2824
1119
2633
2451
2712
2640
2640
1937
1937
2640
1937
1937
1937
2332
1835
1937
1835
1835
1835
2363
2048
2363
2370
1753
1941
1844
1822
2157
2853
3310
2366
2366
2521
2657
2657
252
42
266
47
266
428
47
112
312
312
379
481
431
480
114
381
312
392
293
626
120
372
219
421
317
183
625
222
1031
1031
626
1295
4103
3999
4103
4103
4103
4103
4103
3588
4103
3918
3837
3880
3588
3918
3588
3918
3837
3880
604
806
807
848
1226
848
1226
1369
1214
921
1049
569
1679
1128
930
933
919
897
1236
1691
3588
3588
4103
4103
3588
4103
3837
4103
4103
4103
4103
4103
3541
4103
4103
4103
4103
223
3588
3918
1072
604
810
806
3711
3537
4103
3588
3837
3837
3801
3683
1026
3837
3837
3573
3837
3573
605
785
807
877
1226
921
939
171
400
856
1295
525
115
3837
4103
3588
3837
4103
407
4037
3880
4103
4103
427
4103
508
4103
4103
1072
1072
768
3588
3880
3880
4120
409
42
626
356
356
1031
4103
4103
4103
4103
4103
3837
4103
3837
4103
4103
3837
3880
3837
3880
3880
3837
3880
3837
3573
1072
807
768
769
3588
4103
4103
4103
4103
4103
3880
4120
4103
3982
4268
4103
4179
806
4103
4103
518
172
1072
504
523
626
626
626
630
630
630
630
630
654
630
654
712
116
4103
509
115
1031
1031
1031
626
807
169
626
626
626
4103
499
508
768
4103
4103
4103
3541
4103
3982
4268
4268
4929
499
4866
851
1407
508
4103
807
768
116
511
513
3537
4103
4103
4103
3880
3968
4929
4103
712
3968
4103
4084
3880
1031
4103
4103
3683
571
1044
1027
1027
655
527
850
4866
4929
4268
4103
4103
4103
3880
355
654
4103
4084
771
4103
4084
719
1026
877
877
4103
3902
404
527
856
4084
3712
3712
3712
3712
3712
785
3683
1031
3880
506
1226
878
3712
179
324
434
1502
1398
1398
4866
1398
1398
3853
527
1026
3683
850
527
850
848
848
4103
4208
3789
3540
4084
771
791
771
878
3540
921
939
4084
4084
654
1293
477
630
626
630
630
654
654
654
654
654
630
510
1027
571
1048
934
1295
1855
2244
1631
1597
2077
1597
1617
1763
2348
2399
2337
2870
2385
2419
2419
2243
871
2338
2243
3540
3789
1048
995
878
921
921
1160
791
3683
324
1084
1071
897
919
1080
570
1178
1179
1044
1179
1900
1996
1139
1233
975
1324
1231
1995
2195
1926
1926
912
1811
2226
4988
1949
4887
4887
1163
974
1340
946
946
896
930
930
324
1488
1317
1764
1084
1164
955
919
1571
919
919
897
1084
905
896
655
1180
1164
1036
1071
937
921
939
179
185
1340
1086
1231
972
1162
1099
1099
1324
1324
1230
1292
1926
2733
3016
2224
2770
2723
2181
1104
1166
1098
1124
918
921
921
878
1248
1179
974
1231
2736
2919
2195
2919
2195
1995
3050
2734
630
630
1340
4084
3712
4107
1439
1439
1019
878
4084
3537
3711
3537
4084
4084
4084
3540
3950
4084
3540
3540
655
974
1162
1436
1295
1319
433
570
1571
1223
1197
960
3853
3853
3683
3537
3853
974
974
3624
897
1571
1302
1436
3712
1471
1317
1097
1097
1232
933
1235
1159
921
3853
894
1340
1302
1235
933
1369
4084
4084
4084
4084
3537
3537
3712
3712
974
3751
3683
571
3853
1162
1324
901
3712
1231
1124
1099
1231
1098
1340
974
3712
1097
893
3712
1099
1134
1927
1135
1135
1301
1169
1734
2474
1121
2798
1118
2721
2720
2559
2723
2809
1118
1118
1118
2798
2824
2840
1118
2721
3123
3123
3123
2560
2668
2911
2668
2668
3123
2756
3123
2720
2721
2721
2809
1102
1169
1301
1099
3712
1283
1310
1233
1217
1231
1185
3683
3853
3712
1378
1524
1683
2487
912
912
4107
571
3536
3536
1214
1390
1324
1168
1895
1233
1571
993
1765
1045
356
1419
1577
1231
1231
1169
179
1134
1324
1927
2027
1965
1135
1172
917
931
1288
1029
1124
1797
1577
1098
1231
850
1186
1496
1496
1352
1751
1356
1135
1427
1247
1230
1734
1673
2049
1324
1472
1168
1168
1161
934
1284
1135
1173
1292
1730
1734
3536
1001
921
1160
975
934
571
1231
1340
1124
1230
1734
1001
1044
1301
1132
1577
1734
1734
1098
3683
2104
1231
1098
654
1230
1436
1436
1231
1300
719
3853
1734
2028
1577
1169
851
1737
1228
1230
3853
1734
1031
356
626
1681
1847
3014
4130
4324
4335
4439
4373
1270
4381
4381
4381
4381
4641
919
921
1167
1097
1734
939
1390
1577
1683
2384
974
3087
3056
974
1300
1496
1378
654
654
654
654
654
654
654
654
356
1303
1672
2245
1101
1177
1797
1767
356
626
1031
2237
1302
1050
2049
1754
2397
1118
2809
4884
1166
1173
1496
1228
1324
1231
971
1894
4041
1682
1247
2183
2901
4883
1506
1496
1844
1841
1231
1124
1684
2076
1992
1378
1151
571
1328
1390
1577
1104
2181
3016
2397
974
1851
1496
2363
2363
2363
1835
1936
2540
1936
1937
1937
1835
1937
1835
1835
2640
2640
2824
2798
2798
1841
1851
1844
1496
1324
1230
3536
3853
3853
4107
3853
3853
3536
933
1049
1300
934
571
905
1160
1976
1301
630
630
630
714
850
630
630
654
654
630
630
630
1668
1731
1516
1611
1771
626
3536
3536
1031
356
1608
931
1976
2076
1684
2195
1048
714
712
4866
654
1397
1870
1957
2075
1708
1509
434
630
630
1681
1384
1385
2492
2387
3536
1557
3660
1778
975
1168
630
630
1572
1548
1605
1731
1807
3536
943
1369
1214
878
791
1031
1031
1435
1031
1295
1310
974
1851
1253
1941
630
630
1668
1668
1625
1772
1679
2181
1691
989
1397
1486
1231
971
2733
2064
2064
971
2076
2195
630
1031
1031
1254
1357
1797
3016
1577
1815
1485
630
4866
851
850
1578
654
630
630
2064
1142
1668
1668
1302
1577
1579
1100
1577
434
1530
851
851
851
851
974
1379
1097
1300
1809
1945
1893
433
1471
1851
1380
1941
909
1357
1814
1754
1959
2361
1976
2278
1486
1694
1675
1851
1110
1851
1171
1171
1171
1471
1579
1296
1378
1691
1683
1828
630
1398
968
1256
1389
4866
851
1397
1759
1171
1579
1797
1898
1918
433
1851
1171
1171
1851
1851
1171
1171
466
1623
1658
1639
1625
1622
1382
1689
1250
1893
971
2919
2919
2736
2736
2857
1844
905
2201
1470
2076
971
1895
913
2272
1797
1591
1436
1822
1822
1844
2237
1323
1731
1687
1914
1914
2823
3463
2581
2691
2621
3134
3143
3194
3143
1731
1141
1747
2370
1398
1805
1597
1403
1171
1171
1629
1533
1171
1171
1611
1995
1896
1681
1725
974
1725
1631
968
1618
2423
1533
1533
1171
1171
1611
1661
1917
1914
1822
2195
1296
1778
1735
1936
2364
2363
1937
1835
1835
1937
1835
1835
1835
2363
2363
968
1533
1902
1326
1611
1574
466
1965
1751
1936
1835
1284
1579
1851
1326
1936
2364
2363
1937
1936
1937
1936
1936
2423
1937
2640
2540
449
2361
2048
467
2037
1110
1518
1518
2048
1936
451
2423
1835
2364
1518
1171
1622
1690
1557
1207
914
1843
1744
1684
1383
1644
2217
1622
1996
2047
2226
2487
2028
2720
2720
1936
1675
857
1383
1693
1820
1895
1840
2361
1551
1777
1317
1774
1821
1822
2274
2366
2555
4884
2799
1551
1694
1399
1868
2195
1786
2512
2361
1835
1936
1936
1936
2048
1851
1941
3394
1855
1786
1142
326
1748
858
1747
2363
2559
2834
2363
1936
1835
2048
1231
2195
1996
1996
914
1842
2339
2368
2384
2363
2048
1902
1668
1769
1777
2048
3087
2057
2536
2682
1822
1835
2363
1835
1936
1936
2712
2750
2824
2824
2824
2824
2904
1118
2712
2824
1835
1295
3087
1735
1965
2396
2278
1835
2559
1851
1855
2919
2736
2736
2784
912
2305
1739
2387
1936
1856
1957
2559
2363
1835
2734
2512
1684
2736
2733
3056
2856
2770
1926
2195
327
2230
3160
2929
2614
1700
2474
2368
1515
1643
2736
2856
2737
2737
2463
1948
2292
2292
2292
1948
4887
2753
4970
1928
2451
2824
2824
1835
1835
1602
459
2734
1825
2487
2274
1112
2512
1618
2225
2225
4968
4968
4882
2750
2712
2798
1118
1936
1937
1835
1937
2640
2640
2824
4879
2904
2824
2798
2824
2824
2640
2363
2737
912
1947
2339
2339
1945
1965
1689
1633
1954
2355
470
2272
2339
2090
1937
1835
1937
468
1822
2824
2798
4883
2900
1937
1936
2363
2363
1937
1717
1631
1631
1296
2400
2400
1860
1937
1835
1936
1835
1937
2640
1835
1937
1937
1937
1937
1835
1835
1835
1835
1835
2640
2640
1835
1835
2451
2451
2451
2451
1835
2640
1835
2451
1835
1835
2364
433
3016
1906
1722
913
1683
913
1683
1829
2799
1937
1937
2423
1937
2834
2857
1821
2364
2798
2798
1864
2737
1926
3016
1744
1400
1400
1817
1714
453
2582
1657
1580
1835
1937
1835
1937
433
1683
2226
1869
1937
1937
1835
1771
1527
1527
1937
2364
2712
2712
2712
2824
2640
2640
2712
1835
1945
1914
1835
2047
2058
2339
2292
473
2090
2451
2640
1937
1835
1444
2559
1493
2731
2712
2712
2824
2824
1118
2965
1937
2364
1936
1937
2423
2423
1914
451
2459
2822
2640
1904
1869
1694
2423
1836
1836
2332
1937
2620
2640
2595
2974
2973
3239
2976
3239
3194
2973
2824
2423
1937
1539
913
1445
2900
2901
4881
913
2400
2640
2799
2205
2353
2019
1867
2234
871
2205
2234
2222
872
871
2205
2234
2205
2205
2353
2019
2074
2234
2234
2234
2234
2205
2205
2205
2770
1842
1993
2538
1510
2334
2640
2640
2712
2712
1937
1836
1937
1835
2205
2205
2192
2192
2670
1810
1948
1948
2824
2824
1398
2234
2353
2348
2234
2243
1796
2525
1400
2367
1912
823
1775
1923
2205
2234
2799
2353
2205
4881
1748
453
1597
2192
2192
2192
2234
2192
2222
2205
2063
1937
2451
1835
1835
1835
2363
2712
2205
2058
1864
1781
859
872
872
2338
2243
1520
1723
1817
2364
2451
1119
1118
2798
2271
2025
2007
2185
2241
2241
2529
2304
1021
2097
2191
2019
2191
2207
2007
2207
2304
2321
2191
2097
2012
2185
2199
2180
2306
2199
2170
2254
2118
2123
2123
2169
2207
2477
2304
2420
2420
2286
2411
2477
2420
2304
872
1862
2205
2208
1791
2353
2008
2008
2112
2112
2112
2123
2112
2112
2112
2169
2387
1655
2640
2640
1595
1599
2215
2121
2116
2021
2122
2185
2207
2055
2010
2241
2416
4875
2416
2416
2241
2199
2286
2008
2199
2199
2207
1118
2720
2722
2730
2658
2800
2728
4982
2800
2207
2222
1403
2207
2338
2353
867
2399
2208
4881
2058
2223
2824
2451
2824
2824
2824
2207
2192
2330
871
2321
2243
2205
1745
2400
2451
2451
2451
1024
2824
1763
1763
1520
2559
859
1862
1781
1864
2072
2337
871
2321
871
1811
4990
4988
4968
4988
4887
2590
2533
2478
1836
1937
1118
1723
867
2145
2487
2058
1875
1615
2965
2223
1723
2399
4988
2538
1817
2053
2045
2016
2016
861
2240
2051
2024
2021
2045
2080
2021
2016
2017
861
861
1598
2241
4875
1875
1937
2620
2640
2007
2824
1597
1864
1943
4996
2453
1842
2029
451
1617
2824
2900
2900
2720
2559
2559
2223
866
2214
1817
2451
2712
2824
2824
1116
2901
2721
1616
2304
2419
4971
1748
2293
1903
2387
2016
2016
2080
2053
2016
2712
2640
2750
2798
1118
1118
2559
2304
1400
2241
1599
1991
2461
2276
2213
2215
865
2214
2112
1937
1937
1835
2072
1597
2477
2419
1598
1025
1991
2329
2640
1119
2824
2900
1597
2157
2824
2824
2712
1883
2712
817
1118
2477
867
2419
4996
2063
1599
2329
2824
2712
2798
1616
4993
2214
2075
2459
2451
2753
2243
1850
2640
2640
2156
2824
1118
2798
1118
2965
1118
2798
1118
1118
4884
2720
1949
2366
1400
2824
1118
1118
2798
2798
1118
1118
1118
2304
2420
2205
2411
470
861
2004
2215
2750
1707
2720
2720
2720
2799
2720
2477
870
2525
2387
2066
2080
1980
1990
1983
2634
2582
2809
1118
2809
2799
4982
4881
2537
1824
2824
1990
2763
2597
2712
2750
2721
2304
2420
2754
2286
2420
2477
2136
2477
2477
2420
2420
2420
2420
870
2399
2419
2419
2457
2745
1118
823
1955
1600
2359
2221
2288
2320
2419
2045
2199
2241
2280
1707
2031
2367
2559
867
1446
1632
2525
861
861
2016
1988
2077
2753
2030
1510
1116
1118
4884
1116
1118
2721
1116
2722
2729
4969
4982
2817
2725
2559
2559
2721
2722
2420
2537
2286
2824
1912
1119
2072
2187
4881
2559
2728
2321
2419
2419
870
2168
1599
1599
1599
1775
2031
4875
2722
2722
2722
2722
2477
1447
2442
2320
2323
2247
2122
2114
2168
1988
4993
4989
4982
2725
4982
2420
2853
2080
2080
2168
2021
2979
2187
2208
2193
2440
870
861
2185
2024
2185
2824
2559
2722
2722
2730
2756
2722
2728
2717
2756
2658
2911
2714
2800
2756
2800
2717
2722
1790
2235
2243
472
3310
3773
3642
2525
2750
1955
2440
2419
470
3488
2819
3525
3488
2535
1410
438
2016
2168
2824
469
2016
2215
2016
2045
2216
2359
867
2616
2745
2063
2761
1913
2559
2721
2720
2559
2730
2756
2911
2725
2911
2911
2668
2736
2984
2849
2449
2235
2419
2378
2016
1599
2798
1116
2329
2288
2142
2477
1795
2929
870
2265
2866
2821
3143
3132
2329
2337
1795
2385
1446
2441
2045
1988
2973
2559
2419
2419
1118
2840
3266
3266
3005
3002
2999
4025
2697
1118
1590
1983
2819
2016
2016
1626
1119
2798
1119
3268
3008
3814
3008
3268
2841
2840
3123
1982
1600
2589
2230
2122
2122
2840
2841
2708
3531
2679
3928
1118
1118
2243
2199
1942
3325
1581
2521
472
472
472
3035
472
3025
3344
2847
472
472
2522
2909
2850
2522
3264
2457
2995
3680
3716
3109
3014
2080
2080
2121
2021
2215
2351
2976
1983
2576
2531
2853
3497
3714
3725
3878
3677
3677
2997
3293
2295
437
2021
2063
4879
2965
2830
2830
2830
2661
2830
3021
3023
2883
2725
2672
2830
3035
2522
2672
2672
3023
2725
2661
2830
2830
3021
2882
2908
966
1497
3062
2830
2914
1849
2694
2021
1599
1116
1984
2912
2672
2672
2477
2477
2657
2830
2419
3035
2525
2004
2705
3239
2705
1114
3239
2634
2969
2943
3123
2672
2883
2910
2856
2563
3022
3752
3443
3443
2777
3637
3342
2784
3395
2856
2910
2672
2477
2194
2337
867
870
870
2354
2588
2548
2320
1119
2911
2730
2725
2672
2830
2243
2657
3131
2185
4879
2874
1912
1955
2672
2668
2388
2401
2691
2730
2756
2420
2411
2657
2492
3488
4879
4879
3268
4879
2957
3123
3123
1402
2754
2503
870
472
2106
2583
2907
2243
2835
2839
2394
2668
2771
4181
4175
2879
4102
3916
2740
2477
2388
4879
3239
3239
2883
2934
2157
471
2437
2367
1402
2437
3153
2286
2411
2414
2266
2411
869
2115
2401
2219
2004
4879
2943
1907
2733
2784
2945
3035
2433
1581
3123
2266
2243
2139
2168
2180
2185
2005
3134
2337
865
865
2668
2668
2337
1401
3123
2235
3021
2909
2663
2661
2522
439
3292
2524
2970
3533
2242
2934
1334
2205
3035
2180
2117
2866
2286
2411
2420
2929
2288
2335
3165
3165
3874
3695
3205
2819
2122
2116
2770
2359
2882
4868
3013
341
340
471
3110
3714
3714
2185
2841
2335
2929
2142
2288
2839
2834
2323
1600
3292
3114
3483
2976
2997
2997
3293
3293
2997
3677
3293
2350
3123
3123
3677
2242
3095
3424
2142
3351
2008
2008
2008
2112
2095
2180
2122
2560
3663
4102
4172
3001
3737
3293
1907
2534
1262
2105
3239
2850
2322
2929
3219
2776
2848
3651
3753
3025
2441
2926
3149
2733
969
2144
2411
2180
2180
2571
3729
2651
3432
2903
2303
2623
2286
3123
2383
2112
2359
907
1680
3107
2100
2882
1394
1680
1155
1030
901
3401
3427
3427
3617
4123
3373
4201
4211
3290
2767
3008
2560
2112
2281
2112
2112
2213
2112
2112
2112
2112
2018
2112
1316
2353
2353
2142
2335
1600
3219
1680
1155
1094
3940
4164
3740
4163
4145
4111
4111
2882
2524
3277
3266
3266
4088
3007
3005
3004
3714
3016
2276
2112
2112
2303
2241
3205
3392
3266
2383
2018
2069
2112
2759
3238
3266
3603
3677
3878
3677
3266
3266
2431
2112
2411
2503
3205
3827
4151
4301
2908
3168
3404
3429
3409
3465
3352
3352
3409
4197
3254
4193
3254
3070
3382
3352
3465
3352
3352
3380
1394
966
2180
2916
3266
2112
2253
2112
2008
2321
1155
3201
2929
2939
3515
2673
3266
3266
2253
2112
2112
907
2092
1795
3165
2968
3008
2701
2701
2700
2106
2997
2431
2180
2008
3310
3516
3677
2300
2169
2112
2095
2112
2199
1155
1557
3374
4023
4253
3101
3072
3534
3535
3668
1130
905
1497
1155
2968
2951
3231
3387
2560
2997
2199
2239
2112
2253
2286
2095
3404
2422
2711
2239
2170
2170
2170
2306
2112
2286
2112
2254
2112
2253
3351
2545
2791
3387
2702
2112
2221
2359
2118
2095
2095
2449
1130
1030
941
1497
4151
1412
3310
2295
3603
4114
2170
2170
1557
2169
1497
1610
1610
907
1497
3056
1155
4105
1094
3310
2650
2702
2118
3714
2792
444
3005
3385
3908
3037
3005
3603
2362
2221
1094
2951
3269
2221
1601
2431
2431
1130
4153
4211
3373
3617
4187
4150
4145
1161
901
1050
3427
3504
4112
3401
3453
3306
3012
3384
3604
3005
3005
3815
3748
3509
1764
3374
1557
3212
4153
4164
3427
3427
941
905
1497
3401
1497
3411
3460
2383
2221
3351
3426
3255
1680
2422
3007
2431
1130
3617
4201
3534
3481
2683
2857
4025
3714
3306
4327
3409
2196
3031
2335
2547
4112
4113
3427
3527
2523
3726
2919
3005
3718
3940
901
3481
3497
3093
3460
4088
905
905
3373
1155
3753
3005
1557
3534
3110
3004
1130
3110
3330
1560
1680
1130
3507
3066
2820
2964
3814
3668
3534
2955
3642
3056
3896
1413
3908
3002
3486
3163
3860
3215
3535
3722
3620
3927
2838
3303
442
3610
3536
3536
3536
3731
3801
4084
3566
3797
3567
762
3836
3590
3921
604
3921
3921
3921
3570
3553
3615
3290
2953
3731
3575
3675
3675
3622
3682
3731
3852
3921
3836
3575
4087
3575
3674
3564
4132
3703
3580
3553
3615
3536
3622
3836
806
3921
1072
1072
1072
4084
3567
3731
3711
3731
3811
3682
3661
2641
2460
2362
3452
3326
3351
3465
3686
3613
3624
3536
3613
3686
3535
3674
3609
3622
3682
3624
3624
3488
3861
4111
3686
1130
1497
3352
3352
3382
3380
1050
3409
3383
3458
3675
3578
3564
4105
986
1079
3326
441
3574
3674
3564
2735
1680
2610
3352
3622
3578
3753
2784
3088
1130
3705
3723
3308
3553
3553
3580
3673
3564
3564
3845
3615
3028
3029
3730
2746
3536
3536
3660
3536
3465
3465
3167
3182
3905
3326
3168
3696
3465
3682
3731
3731
3623
3942
3623
3622
3610
3941
3246
3731
3731
3660
3615
4154
3519
440
2609
3069
3512
3465
439
3580
3642
3725
4110
3423
3303
2610
3536
3482
3535
3534
3580
3564
3755
440
3836
3712
3573
1072
4966
2951
3382
2532
3553
3374
2696
3612
3701
3401
2880
3460
2061
4145
4123
3465
3465
3352
3429
3843
3465
4146
4146
4253
3429
3182
3176
4195
4253
3773
3844
3527
4893
4087
3912
4084
4213
4213
3852
4185
3538
3796
4084
4084
3836
3573
1072
3801
3567
3836
3921
806
3573
3836
3731
3712
3807
3564
3703
4107
4107
4132
4204
4185
4173
3460
3678
3716
3337
2696
4145
3536
2936
339
3702
3534
3553
1029
3729
3715
3743
3731
3836
2952
4197
3465
3254
3772
3819
4194
4194
3773
3845
4173
2864
3847
3715
3263
3731
3624
3853
3660
3352
3553
3804
3652
2863
4327
2680
3707
2651
2679
3727
3747
4935
4935
4226
3836
806
4111
4112
4111
3825
4070
3724
4087
3731
4025
1263
4366
4098
3580
3803
3303
2864
3447
3747
1050
3440
2651
3450
2843
3804
3705
3498
4111
3465
3631
3465
3631
3458
4110
4131
4959
3303
3303
3693
3432
806
4025
3600
3566
4893
2917
2643
3894
3864
3933
4223
4567
4733
4566
4325
4367
4290
3772
3705
3624
762
762
572
604
3567
3923
3921
3796
3796
4918
4914
3921
3573
3922
4084
3921
3921
3970
3922
4916
4916
3922
3922
3921
3592
4916
4916
3592
4185
3731
3498
3715
3465
4078
3182
3746
785
762
1072
4831
3921
3921
3921
3741
785
1072
1072
1072
3330
3478
4105
4164
3410
4026
1072
4966
806
806
4832
572
604
604
4961
4832
762
1072
4062
3374
4145
4077
4132
4087
762
1072
762
604
1072
785
4840
604
1072
1072
1072
600
3342
2861
3566
3254
2844
3843
4197
3882
3623
3804
3316
4172
4076
2664
4131
604
1072
3847
4211
3689
3377
3071
762
337
4327
338
1072
3278
4313
4193
4188
4071
4249
4171
4959
3801
4966
1072
1072
4211
3071
3536
3696
2848
3617
4145
4112
3737
4935
3863
3891
3250
3178
3836
4084
3731
4161
4218
4146
3254
3254
4253
3927
4129
4129
4204
762
762
614
762
3278
4935
4153
4327
4111
4187
3819
4167
4313
4038
3176
3529
4150
3102
3069
3295
4102
3731
4253
4119
4125
343
4187
3824
4238
4129
4204
4107
4185
4204
3459
4210
4127
4130
3254
3921
4026
338
3927
4157
3684
4150
4145
4187
3811
762
3254
3071
4201
3853
4150
3955
4166
4145
3684
4153
614
600
604
1072
3567
3566
4109
3824
3684
4084
3538
4084
4276
4105
4183
4222
4289
4223
4542
4393
3863
3933
4223
4461
4610
4498
4498
4437
4233
4429
4671
4437
4517
4587
4935
2665
4176
3712
4832
3921
3933
4227
3101
3712
4185
614
3590
4153
4840
3573
3573
3921
3573
3558
3921
3922
4227
614
3921
3712
602
3567
3567
3540
4937
4314
3894
4940
3741
4277
4376
4394
4471
4440
4341
4362
3928
4184
4936
4184
3934
4084
3921
3923
4271
4937
3921
4384
4361
4213
3921
3970
4916
3570
4213
4284
4287
3921
4330
4936
4223
3796
3796
3922
3592
4278
4291
4334
4324
4455
4361
4434
4358
4449
4393
4610
4610
4610
4610
4394
4629
4697
4394
4384
4271
4228
3596
4502
4309
3922
3922
4916
3921
3921
4916
4916
4916
4271
4916
3558
3796
4892
4384
4914
4916
3592
4918
4559
4359
4394
4331
4550
4228
3938
4459
4296
4368
4324
4388
4368
4309
4286
4498
4232
4373
4609
4460
4609
4501
4392
4315
4394
4311
4337
4453
4355
4441
4229
4455
4498
4297
4394
4392
1265
4392
4733
4629
4733
4615
4733
4395
4471
4956
4514
4614
4400
4715
4744
4557
4667
4491
4422
4630
4419
4537
4537
4413
4413
4413
4683
4946
4412
4410
4696
4768
4768
4280
4283
4471
4470
4396
4956
4436
4587
4381
1270
4587
4464
4464
4431
4610
4615
4629
4609
4460
4431
4452
4462
4462
4436
4380
4394
4392
4446
4392
4392
4436
4471
4395
4392
4733
4733
4733
4455
4427
4392
4629
4368
4733
4392
4471
4431
4431
4392
1269
4325
4733
4234
4470
4455
1269
4236
4470
4392
4396
4394
4392
4455
4396
4396
4395
4395
4518
4400
4557
4651
4621
4419
4605
4541
4751
4736
4764
4544
4644
4538
4749
4544
4549
4630
4648
4765
4719
4665
4734
4405
4640
4234
4234
4549
4365
4733
4236
4395
4460
4506
4395
4470
4395
4472
4645
4423
4233
4437
4671
4609
4394
4609
4606
4518
4395
4733
4521
4491
4609
4715
4395
4518
4609
4551
4445
1268
4765
4764
4774
4729
4537
4413
4413
4413
4413
4413
4537
4765
4758
4619
4410
4412
4946
4766
4720
4701
4635
4736
4477
4733
1269
4954
4682
4766
4683
4699
4946
4762
4429
4661
4775
4683
4683
4765
4623
1274
4430
4396
4765
4765
4683
4766
4683
4413
4566
1274
4430
4606
4455
4954
4766
4746
4764
4754
4683
4640
4597
4690
4430
4699
4413
4413
4410
4711
4411
4945
4690
4736
4631
4774
4956
4436
4945
4413
4699
4427
4774
4614
4945
4660
4622
4233
4236
4755
4234
4945
4945
4945
4619
4458
4635
4429
4429
4729
4735
4436
4436
4400
4755
4691
4658
4621
4534
4634
4740
4651
4614
4429
4671
4945
4640
4436
4772
4671
4576
4665
4422
4491
4734
4721
4428
4656
4477
4772
4626
4436
4587
4413
4413
4661
4492
4476
4525
4565
4952
4630
4422
4718
4684
4729
4685
4538
4759
4575
4667
4404
4413
4580
4634
4667
4381
4578
4952
4951
4537
4641
4641
4641
4587
4381
4381
4538
4537
4548
4537
4419
4529
4529
4419
4419
4688
4688
4643
4643
4413
4729
4694
4587
4565
4665
4565
4643
4491
4627
4951
4665
4587
4587
4529
4537
4537
4529
4531
4643
4545
4529
4531
4531
4541
4421
4665
4537
4531
4529
4531
4630
4491
4405
4640
4437
4660
4576
4413
4662
4419
4546
4422
4643
4565
4643
4525
4404
4565
4643
4640
4413
4578
4578
4565
4413
4413
4537
4537
4951
4530
4660
4537
4638
4614
4517
4643
4643
4643
4403
4945
4403
4404
4565
4418
4561
4491
4614
4634
4545
4643
4643
4634
4608
4529
4525
4643
4560
4608
4560
4524
4545
4643
4545
4422
4688
4577
4561
237
128
67
128
366
366
366
128
366
4787
128
128
284
300
237
300
300
4107
4084
4084
4208
3540
3540
3880
3573
848
848
3541
4103
4103
4084
3968
1145
854
852
4084
1226
878
4929
4179
4084
4084
3573
848
4103
807
807
807
4120
810
854
1214
878
4084
4929
4084
3880
3573
3573
1214
3540
4103
3853
878
771
1072
1226
3837
3918
1226
4103
3573
3918
4268
1226
4103
654
356
630
654
654
624
630
654
654
4866
654
4866
851
630
851
4866
630
356
1864
2414
2304
2241
2754
2477
4875
2477
2477
2416
2476
2366
2756
2756
2756
1842
1842
2292
2668
473
2883
473
2657
473
2657
2419
2440
2522
1600
2112
3921
762
3921
3921
3921
4907
4911
3731
3566
4084
4831
604
3698
3592
604
3921
4939
3832
3863
4936
3858
2643
604
4529
4413
4775
4683
4493
4582
4683
4490
4664
4734
4492
4952
4768
4768
4537
4747
4528
4729
4538
4720
4701
3780
3536
3712
3751
3536
3853
4988
2830
2800
2658
2756
2672
2725
2725
4982
475
2725
2725
4887
2830
2672
2830
2672
2817
2661
2657
2912
2725
2725
4982
475
2830
4887
2725
2830
2672
2912
2725
2474
2720
2721
2721
2363
2363
2048
2363
2363
2363
2824
1835
2364
1118
2824
2824
1119
2824
2824
2824
4884
