243
286
393
42
42
402
209
209
209
169
184
462
469
206
41
206
260
254
5
191
189
189
189
44
189
201
201
4771
4771
5
5
181
225
189
46
185
364
394
392
167
209
209
209
286
245
284
394
196
194
162
194
194
39
39
4770
4770
39
236
194
196
163
260
241
44
243
181
290
260
310
364
364
394
394
394
46
48
2219
2520
2219
110
194
194
2565
214
111
181
196
194
41
194
127
3
227
2520
154
2219
179
194
214
196
47
160
160
2565
2219
243
394
122
265
362
362
375
340
454
554
314
339
455
375
287
287
113
46
189
309
243
394
402
189
153
243
367
394
48
48
5
290
5
4771
236
2858
4771
4771
254
4770
334
227
4771
73
310
394
243
185
48
283
227
4771
243
41
394
246
121
392
458
169
169
460
400
370
370
462
462
462
469
4859
174
174
469
469
469
464
457
284
462
477
42
122
169
477
456
194
46
201
46
4
196
243
394
166
2219
122
165
245
196
75
189
210
166
201
219
194
166
245
9
400
402
2219
160
243
9
287
121
385
471
9
2219
46
44
122
154
39
307
210
311
260
247
284
154
39
2518
154
206
394
281
2520
154
3
284
9
39
113
403
166
121
119
194
154
134
2219
241
289
394
394
392
367
392
168
402
280
392
392
306
287
392
227
283
297
4771
297
297
291
297
280
289
163
282
41
166
42
402
368
154
209
265
191
209
209
168
397
40
75
191
209
114
364
392
120
191
191
4770
167
458
39
392
209
209
385
4771
120
464
464
684
1271
1271
1272
817
1832
3833
4318
4318
4348
4119
3892
4119
4252
4390
4394
4382
4377
4382
4394
191
364
42
310
4770
284
395
401
469
395
464
675
4858
924
709
709
171
388
392
364
42
42
402
457
262
133
4771
263
458
385
362
4770
4771
217
73
458
362
458
121
396
396
400
348
154
5
386
154
236
5
168
397
470
4770
4771
5
255
5
385
280
339
339
170
479
476
638
742
454
475
402
209
458
339
313
470
396
169
397
341
116
402
397
121
397
209
400
463
460
170
477
11
174
174
682
1386
1414
1918
3623
3623
3827
3965
3827
3717
3530
3530
3530
3530
3530
3530
3530
3530
3530
3530
3530
3530
3530
3530
3530
3029
3029
3029
3029
3029
3029
3029
3274
3274
3274
3274
2949
2937
2937
2937
2937
3274
3274
3274
3541
3436
3541
2284
1401
3645
3331
2800
3746
2800
3787
3649
469
470
339
339
397
396
396
396
460
169
340
456
400
462
470
463
470
463
555
454
339
370
370
469
469
174
314
674
116
469
370
370
370
460
460
396
396
454
606
814
396
456
462
184
457
170
462
462
477
170
170
479
478
684
672
1386
673
1364
469
548
548
548
548
548
548
548
548
548
548
548
548
548
494
568
568
568
568
568
567
567
681
646
584
584
774
921
1212
862
893
896
911
1019
994
1266
1465
548
548
548
548
548
548
548
548
548
723
723
657
548
548
548
723
723
460
460
460
477
462
464
548
494
494
568
568
568
548
548
548
548
654
744
716
575
568
548
568
568
568
568
568
790
822
525
477
460
469
478
677
1636
709
548
548
548
548
548
548
548
548
548
548
170
170
548
171
548
548
568
568
568
548
548
631
568
548
477
469
814
672
817
548
717
548
548
548
548
548
4867
4797
548
548
568
568
396
170
568
548
568
568
568
568
646
575
548
548
548
548
4797
631
654
4791
657
738
771
738
462
568
462
548
170
170
170
477
479
568
469
464
173
465
675
675
174
675
171
568
709
924
4860
4858
4860
477
574
175
478
630
480
474
568
474
568
4867
727
4791
723
723
4867
737
697
738
170
554
4859
4859
819
1270
480
723
568
568
814
480
465
716
723
4867
170
653
657
4867
4867
554
4859
4859
4867
657
631
548
723
727
1048
1198
1256
530
910
790
480
685
956
794
956
956
746
666
659
737
4791
4791
654
743
11
4797
554
646
170
4791
170
604
812
790
646
575
4791
758
174
4861
646
741
1048
744
653
597
568
730
951
697
11
575
790
762
476
616
792
1363
1938
3405
2306
2407
1615
476
406
1222
1617
3117
742
406
730
685
1006
812
812
2359
2407
790
646
654
4791
654
654
762
790
752
790
866
790
526
762
4791
746
1222
898
819
675
4860
817
817
822
4860
951
894
894
1272
1831
2686
2413
2398
2671
2536
2671
2536
2924
2578
2691
2924
2924
2924
2924
2248
2248
3009
3009
2850
3009
3056
3056
3056
2973
3009
3009
2973
3141
4791
4791
951
910
898
790
752
849
654
907
476
927
1065
916
970
996
910
1055
1182
530
1156
1965
1136
1110
935
1191
1784
2438
2857
2855
2855
1232
928
1978
1290
975
977
860
858
977
1126
1011
1021
927
1067
1011
1065
905
1282
1674
893
918
893
873
1004
911
1198
1232
957
865
916
822
849
849
819
933
1055
941
1986
1182
1146
1174
1119
1771
2324
1726
2473
1885
1503
1176
1075
890
849
849
752
170
794
934
942
1845
2068
938
2124
880
4859
570
568
567
681
1019
891
873
752
540
597
4812
4812
654
749
4797
548
548
548
743
1207
1207
2359
751
2307
2570
2173
908
530
1282
1110
1184
816
1048
744
744
1182
942
928
951
891
751
1222
700
573
929
1840
1734
1019
529
529
857
1032
1025
1025
525
822
903
670
975
1024
1025
584
584
4797
4797
744
573
4848
744
1213
744
744
1049
790
646
1255
1269
912
540
1204
1306
1152
1072
1463
1573
744
1228
1025
762
1965
1577
1173
1180
1208
1577
1858
1906
432
425
3178
2868
3011
3011
3057
2999
2999
2949
3029
3029
3029
3029
3029
3029
3029
3029
3029
3029
3719
3393
420
3393
3719
3358
3083
3083
422
3358
3358
3358
3393
3358
3029
3078
3078
3011
3011
2979
1762
1172
1208
529
1110
1185
873
1304
1762
1198
744
1048
744
1218
1585
2334
2065
1198
1127
732
584
804
584
1238
1110
1019
1709
1142
914
1405
1500
1078
946
1204
1665
4859
1189
1376
2451
1235
1077
1709
1056
523
903
1262
1214
406
1615
1339
1740
2155
2044
1994
442
1792
174
1077
1764
1689
1119
892
1238
920
849
942
1077
1211
1266
1308
1048
1256
1354
923
806
1292
1025
849
1033
1779
928
1107
1107
575
1256
1212
1175
1073
1205
1115
1218
1740
1834
1689
4859
794
1301
575
1222
920
1762
956
1049
1154
1212
1204
406
792
406
406
1218
1119
575
1712
1915
3534
3951
4338
4394
4383
4389
4445
4546
4544
4544
849
806
1407
1212
1241
849
774
1168
1504
812
1978
939
794
1575
1141
1153
411
410
817
409
1435
1243
2363
1005
849
1689
1490
1776
912
1212
1994
2596
2057
1180
1317
1121
1191
1199
1049
1106
2017
1894
1635
735
2284
1141
1157
1158
1068
584
774
1586
1080
1750
2106
1986
2044
1438
3525
2155
1605
2496
2496
2496
1606
1607
1607
2701
3011
2466
523
1318
645
681
752
645
681
584
774
1202
521
1025
1385
521
923
1027
862
774
1263
1283
704
704
1488
1499
1705
1796
1923
3750
4954
804
1025
1025
1056
1526
1120
704
1363
1801
1795
1917
3230
3472
3405
2939
2570
704
1397
2550
2781
2782
2651
2915
2495
1068
1276
1762
2466
1236
1476
1795
2020
1414
1801
645
645
584
645
752
1434
1968
1029
2063
2466
2466
1832
1548
2049
2550
2782
3750
1068
2063
1020
1414
1378
882
1236
1435
1276
872
1876
1993
1975
1215
1597
1264
966
1361
1613
1293
1365
1488
913
941
1476
1994
2532
1270
1270
1270
1574
1634
1476
1212
1186
1993
1222
1363
2466
1361
2242
1187
1111
1690
2042
1079
998
1801
1938
1774
2359
3541
3487
1663
1921
3541
1488
2281
3019
2413
2865
1867
2336
789
3541
1632
1270
1363
1425
2466
2588
1161
1842
1979
2359
2407
3541
1414
3487
3676
1924
2440
1796
1413
2066
2049
2548
1633
1832
1548
1110
1880
2134
1776
1280
1358
2466
1122
1858
1632
2359
1921
416
2242
1665
1684
1548
1599
3120
3664
3717
3530
3274
3274
3274
3530
3530
3530
3530
3530
3530
3029
3530
3029
3029
3530
3530
3029
3530
1499
914
2438
1877
1361
2812
2939
2812
2671
2536
2924
2359
1814
1924
1559
2049
1924
1357
1832
2017
2307
2307
2398
3487
1413
2372
2937
2066
1564
1663
2537
2587
1604
2937
3676
3534
1663
1839
2782
2588
3274
3274
1605
2990
2949
2990
2990
2990
2937
2372
3274
1613
1563
1799
1924
1924
1919
1459
2243
1979
2407
1783
2066
2937
2937
2937
3274
3274
3274
3274
3029
3029
3676
3274
1794
1750
2071
1783
2066
2071
2372
2372
2372
1412
1473
2049
1988
1186
2126
1684
2034
1744
1293
1135
888
2126
2288
2672
1616
2407
2359
1705
2550
1186
1428
2243
1828
413
1598
2383
2550
2049
2284
2799
2800
1999
1830
2416
1661
3100
1616
1499
1825
1921
2071
1605
1935
1983
3676
878
2413
1113
2537
1839
3010
3010
2924
1988
2899
1305
1817
3132
3676
1842
1794
2126
450
1605
3274
1996
885
1916
2550
1891
3676
878
3458
2383
3534
2383
1605
2990
2990
2949
2999
1607
2853
3057
3040
2949
2701
3040
2173
1583
1402
1690
1605
3274
1983
2281
944
2068
1969
2686
1922
3224
1785
1915
1795
1725
3132
3132
1193
1661
2027
2398
1909
1612
2022
3063
4189
4097
2592
3907
2451
1891
2372
2066
1124
2317
4969
2815
2815
2815
4887
2548
2044
2053
1817
2990
1654
1654
2937
2937
2937
1604
2068
1921
2865
2484
1333
4993
2584
452
1795
2487
2917
1795
2990
1605
2990
2990
2949
2870
2949
3029
3029
3029
3029
3029
3029
3029
2937
2372
2990
1605
450
2765
2780
1402
2657
2900
2782
2782
3623
3750
2782
2782
1832
1605
2990
1413
1661
2284
1692
2990
2990
2990
2990
2990
2990
2372
2066
2937
2812
2396
2812
2812
2413
2479
3066
1243
1917
2990
2990
2990
2990
2949
2990
2990
2990
2990
2990
2949
2949
2937
2937
2949
2949
2949
2949
2937
2949
2937
2937
2949
2949
2949
2937
2949
2937
2969
2324
2306
2939
2812
2173
2317
4966
1082
2781
1931
2990
2990
2990
2969
2306
2022
2967
2689
1995
2066
2939
2429
2438
1916
1891
1891
413
2375
2937
2937
2937
2937
2937
3274
3274
3274
3274
1654
2134
1917
2990
2990
2990
2937
2937
2812
2069
4963
3370
2990
2990
2781
3294
3295
2949
2949
2949
2871
2870
3029
3029
2949
2937
2939
2538
1705
2990
2438
2769
2769
2815
2933
2933
2496
2990
2990
2496
2372
2812
1922
2992
2022
2869
1606
1606
1606
3057
1608
2937
2949
2937
2949
2937
2937
2937
2937
2937
2937
3274
3274
3274
3274
3274
3274
3530
3530
2990
2990
2967
2782
3645
1802
2486
3040
2853
2853
2937
2937
2937
2937
2937
2937
2937
3029
3029
3274
3274
3029
3029
3029
3029
3029
3029
3530
3530
3530
3530
3530
3530
3530
3530
3530
3530
3029
3029
3029
3029
3029
1654
2949
2939
2598
3676
1959
1809
2948
3370
2937
2990
2949
2990
3009
3009
3009
2469
2471
2248
2924
2924
3009
3009
3009
3009
3009
3009
3009
2345
3009
3009
3009
3009
3009
3009
3009
2469
2471
2248
2471
2469
2248
2469
3009
3009
2850
3009
2850
3009
3009
3009
2987
2383
3908
3610
3364
2937
2949
2949
2949
2949
2949
2496
2949
2949
2949
2937
2937
2850
3009
2469
2850
2469
3009
3009
452
2815
2045
3009
2850
2469
2850
2469
3009
2438
2781
3746
3908
3862
3862
4168
3533
3533
2538
2496
2415
3010
2248
2469
2469
2469
2469
3009
3009
2671
2948
3010
1795
2937
2937
2937
2536
2536
3405
2469
2471
2469
2469
2469
2850
3009
3118
2788
2949
2937
2937
2949
3009
3506
2949
2429
2939
2924
2924
2924
2939
3056
3009
3009
3009
3009
2924
2924
2924
3010
3010
2948
3624
2949
2949
2926
1608
1608
2498
833
2329
2186
2187
2973
2973
2301
2924
2078
2790
2248
2248
2469
2151
2973
2973
2850
833
2337
2369
2349
2789
2789
2789
2789
2349
2349
2973
2973
2973
2744
2744
2973
2973
3009
2536
2924
2973
2924
2985
4168
4168
2789
2789
2789
2690
2789
2690
2690
2690
2349
2135
3331
2937
2937
2937
2937
2937
2937
2924
2691
2691
2351
2370
2414
2369
2369
2345
2345
2904
2973
2973
2187
2349
2744
2789
2471
2611
1101
3276
3237
3288
3211
2471
2536
2429
2469
2973
3009
3009
3009
3009
2248
2248
2598
3750
414
2973
2956
3040
1606
2469
2469
3009
3009
3009
3009
3284
452
2589
2949
2949
2924
2656
2948
2248
2468
2924
2924
2948
2536
2924
2457
2248
2248
2429
2924
2924
2924
2924
2924
2691
3009
3009
2973
2973
4981
2855
2855
2548
3907
4318
2937
2937
2095
2924
2248
2948
3009
3009
4992
3028
2937
2937
2937
833
2924
2924
3533
3009
2924
3009
2814
2618
2800
3610
2376
2329
2376
2376
2453
2354
2303
2376
2329
2329
2329
2329
2329
2194
2453
2453
2441
2322
2246
2345
2973
2949
2937
3274
3274
3274
2999
2924
2924
2924
2924
2248
2469
452
2933
3067
2937
2937
2949
2701
2999
2536
1100
3010
2322
2329
3676
3610
3717
2937
2949
2937
2999
2999
3040
3040
2924
2973
2973
2986
3528
2770
2782
2194
2194
2329
2376
2376
2098
2937
2937
3274
2924
2045
2924
3230
2555
2924
2691
2691
2691
2658
2659
4168
4168
2659
2700
2937
2937
2924
2924
2973
2924
2924
2691
2691
2691
3607
3862
2937
3040
2536
2448
3403
3029
2949
2937
2937
2871
3533
2979
3533
3009
452
2779
2924
2691
2691
2691
2691
2949
2949
2949
3040
2454
2376
2934
331
2937
3274
3274
3530
2985
2855
3458
4160
2937
2937
2924
3908
2691
1604
2937
2871
3029
2870
3029
3029
3029
2870
3876
3862
2870
2870
2692
3056
2933
3523
2924
2999
2870
3078
3134
3134
3134
3011
2973
2744
2850
2744
3750
2453
2354
2441
2871
2949
4160
2746
2973
3009
3141
2782
2800
3390
2376
2194
2329
2937
3274
3274
3274
3274
3274
3530
3274
3274
3274
3274
3274
3134
3011
2907
3009
3509
3676
2937
3530
3029
3274
3274
3274
3274
3530
3530
3530
3530
3530
2937
2937
2731
3300
2973
2973
2744
2555
2973
2973
2973
2973
2973
3009
3009
2973
2973
2973
3623
3623
3827
3029
3876
3862
3862
3862
3862
3862
2691
2973
2769
2329
2555
2187
2973
4168
4168
3862
3179
3009
2973
3623
417
3506
2441
2453
2194
2937
3274
2691
2691
2248
2937
3274
3429
3029
3029
3029
3029
3029
2718
3211
3300
3178
2718
2973
2973
2973
2187
3274
3274
3876
2937
3274
2691
2691
4065
2738
3151
2973
2973
2973
2095
2246
2691
2924
2691
2691
3274
3876
2744
3300
3300
423
2973
417
3664
2691
2691
2691
2349
2299
2555
2691
2691
2921
3721
3331
2194
2329
2130
2329
3274
3274
3029
3029
2924
3300
2850
3056
2810
3056
3623
2441
2369
2329
2949
2949
3300
3300
422
422
3300
2732
2719
422
2732
2732
3300
3288
4168
3862
2973
3746
3787
3069
3069
3523
1604
3029
3029
3876
3056
2651
3965
3965
3965
3965
3965
3951
3623
3965
2299
3029
3029
3029
3623
2376
2194
2329
2691
3862
3862
2810
3056
3056
2651
3623
2369
3026
3274
3274
3274
2691
3083
3083
422
3404
422
3399
2719
2732
422
422
3404
3737
4199
4229
4168
4168
3862
3623
3623
2194
2578
3029
3029
3029
2691
2691
3862
3862
3876
3862
2973
3717
3274
3530
3530
3029
3029
3029
3274
3029
3029
3029
3029
3029
3530
2691
4168
4168
4168
2850
3965
3965
3664
3274
3274
3029
3083
2194
3029
3029
3029
3530
3530
3530
3530
3530
3530
3530
3530
3530
3391
3731
3530
3530
3530
3029
3274
3530
3833
3907
2194
3717
3530
3029
3029
3029
3530
3530
3530
3530
3530
3530
3530
3530
3530
3530
3530
3530
3029
3530
3029
3029
3029
3029
3029
3862
4168
4168
3664
2577
3029
3029
3029
3029
3029
3029
3908
4924
3951
4338
4338
4382
3029
2691
3056
2555
3841
3951
2973
3528
3787
3528
3787
3528
3396
3733
4081
4209
3528
2831
2821
3335
3528
3528
2651
3623
3965
3951
3951
3623
3965
3956
2329
2194
2299
2453
3274
3530
3029
3530
3530
3530
3530
3530
3274
3078
2651
3331
3069
3731
3391
3391
3652
3393
3652
3652
3530
3530
3624
3623
2299
3908
3029
2691
2856
2933
2856
2856
2821
1093
2732
2732
3399
3234
2821
3285
2803
2821
2803
2856
2829
2831
2965
2821
2970
3176
3096
3434
2777
3907
3750
3750
3827
2329
2691
3029
3029
3274
3530
3083
3495
3234
2856
3285
2850
3649
2800
2329
3029
3029
3029
3530
3530
3530
3530
3530
3530
3530
3274
3530
3530
3530
3530
3530
3029
3029
3393
3029
3029
3234
2732
3459
3111
4209
4224
3050
4238
3110
2995
2951
1094
3234
3876
4168
2933
2973
3907
3623
3623
3965
2369
3029
3029
2732
422
3358
3311
3023
2810
3827
3827
2691
3530
3394
3274
4168
3862
3862
3234
422
2351
2658
3717
3530
3530
3083
3358
3404
1093
2973
2744
2744
3645
3965
3717
3029
3029
3530
3530
3530
3530
3610
3717
3358
3358
3862
3862
2973
2973
2810
2252
2744
2744
3787
2351
3717
2691
3234
4168
2252
3623
3029
3029
3530
3862
3083
3719
4069
3215
3749
3113
2773
2963
2876
2744
3725
2800
3029
3530
3862
3862
2831
2810
3623
2555
3862
3862
3892
3862
3862
3862
3862
3862
3892
3530
3530
3530
3530
3530
2744
422
2744
2744
3056
2341
2341
3530
3029
2850
3624
3029
2691
3862
3862
3404
3115
3820
2829
3023
3965
3530
3393
3029
2187
2850
2744
2744
2369
2349
2369
3530
3530
3652
3530
3530
3862
3862
422
3404
3083
3404
2850
3862
3530
3358
4168
2744
2850
3473
3473
2820
3528
3965
419
3530
3530
3530
3030
3031
3951
2821
2970
4168
2252
2349
2789
3530
3530
3530
2744
3862
4168
3862
3862
3862
3862
3862
3473
3831
4211
4224
3907
3965
2354
3530
3083
3862
3862
2961
2744
4318
4348
3623
3721
3721
3721
3721
2690
3530
2691
3862
3862
3862
4168
4168
3862
3528
3530
3358
2578
2970
2187
3530
3530
3530
3530
3530
3530
3393
3393
3084
3393
420
3393
3393
3084
3530
3652
3393
3393
3393
420
3862
2892
3657
4168
3862
2930
2789
2789
2789
2789
2651
2349
3358
420
420
2721
2721
2722
3391
420
3393
3862
3965
4318
3965
3530
3530
2970
4168
2840
3481
2963
3473
3787
3725
3862
3530
3530
3530
3530
3530
3302
3335
2866
2744
2349
2349
4924
4382
3957
4119
3530
3530
2603
3530
3530
3862
3862
3862
3862
2700
3862
2892
3096
3096
2838
4168
2744
3048
3342
2841
3722
3169
3426
4192
4176
3838
3756
3473
3717
3530
3530
3530
3530
3530
3530
3530
3530
3358
2690
2659
2690
2690
2659
2659
2659
4168
2659
2875
3862
3862
3862
2744
3297
3448
3490
3174
3739
4116
4116
3490
3528
3069
3530
3530
3530
3530
3530
3530
3530
3530
3530
3866
3749
3114
2690
2690
2659
2744
3907
3030
3530
3652
3862
3862
3862
3862
2789
2789
3721
3530
3530
3652
3652
3530
420
3652
3652
3862
3862
2690
2892
2850
4168
4318
4379
4249
2878
3752
3698
2888
3939
4131
4079
3126
3246
3530
3030
3275
3530
2690
2789
2690
2789
2744
4168
3396
3725
3951
2690
2690
2349
2349
2789
2690
3862
3862
2850
3862
3048
3645
3530
3530
3530
3530
3530
3530
3530
3530
3530
3530
3530
3530
3530
3530
3530
3530
2349
3530
2349
3862
3862
2789
3862
3530
3530
420
2349
2789
2690
2789
2789
3096
3122
2889
3650
3939
3694
4108
3201
3464
3734
3512
3512
3721
3827
3965
420
420
2349
2603
2349
2690
2789
2789
3096
3725
2800
3652
2789
2789
2789
2690
2789
2789
2789
3862
3862
3827
3749
3469
3530
2603
3862
3862
3862
2789
3862
2841
3190
3342
4377
3750
3966
3826
3530
3530
2876
2789
2789
2789
4168
2881
3530
2789
3540
3722
3746
4915
3530
3530
3530
3530
2789
3721
3965
3530
3530
3530
3190
3932
3473
3892
3530
3530
3530
3862
3892
3249
3786
3530
3862
3862
3862
3892
3892
3862
3375
3939
3694
4176
4042
4265
4197
4239
3939
2841
3722
3446
3446
3637
3325
3505
3431
3733
3965
4069
3530
3530
3459
3530
3530
3530
3530
3030
3217
3658
3122
2842
3722
3490
3427
3685
3246
3851
3530
3530
3530
3892
3862
3862
3892
3657
3756
3827
3530
3892
4119
3446
3900
3706
3428
4318
2802
3530
3721
3892
3892
4348
3395
3787
3862
3862
3862
3892
3937
3490
3666
4315
3727
3113
3530
3530
3717
4126
2882
3325
3069
3652
3391
3530
3530
3122
3540
3900
3787
3530
3892
3756
3827
3530
3530
3030
4072
3890
3530
3530
3939
3543
3721
3951
3114
3391
3530
3722
3965
3721
419
4924
3642
3530
2884
3053
3391
3530
3275
4348
4342
3619
3951
3951
4338
4382
3530
3530
3530
3717
3587
4000
4197
5001
3805
4323
3980
3978
3980
3980
3980
3980
4036
3978
3980
3978
3980
3736
3807
3703
3721
4036
3978
3987
4332
4902
4059
4053
3552
4036
3978
3978
4036
4036
4235
4235
4316
4367
4908
3790
4894
3576
3859
3655
3681
4235
4036
4036
4036
4036
3980
4334
3990
4361
3990
4334
3991
4359
4375
4334
4312
4235
2721
3965
3524
3434
3658
3275
3170
3563
3751
3628
3743
3569
3836
3583
3415
4214
3951
3965
4233
4067
3681
3815
3530
4097
3170
3697
2885
4235
4897
4075
3786
3650
3729
3031
3628
4312
4235
3584
2772
2995
3530
3493
4312
3552
4902
3786
3494
3890
3493
3939
4116
3965
3867
3836
3921
3581
4283
4056
4897
3786
3965
4119
3031
4036
4066
3681
3743
3815
2881
3050
3729
4224
4999
5001
4106
3721
3721
3672
3589
4150
4309
3217
3391
3552
4107
3743
4247
3965
3530
3951
3530
4126
3826
3951
3921
3740
3787
2801
4114
3902
4199
3717
3827
3951
3683
4214
4909
3797
3821
3951
4036
4036
4224
4315
3859
3951
3965
3826
3717
4075
4903
3821
3060
3951
4239
3827
2879
4171
4040
4171
3069
3786
2722
4367
4352
4332
4374
3977
5002
5003
4361
4354
3990
3991
3988
3980
4328
4328
3990
4361
3990
4361
3978
3978
3978
3980
4036
4036
4154
3550
3797
3800
4047
4197
4272
3970
3993
4069
2721
3731
3956
3951
3951
3717
3680
4239
4211
4225
4382
3206
3581
3493
3956
3956
3951
4152
3980
4130
3721
4309
3786
3790
4894
3524
4252
4252
4315
3721
3951
3552
3743
4377
4908
3956
4249
3721
3957
3951
4315
3957
4307
4382
4252
4252
3958
4249
4036
3489
4197
3069
4172
4352
4315
4036
4382
4382
4382
4394
3795
3549
3729
4119
4924
3493
3951
3522
3797
3391
3957
3743
3050
4081
3727
4231
3939
4352
4374
3729
3658
2682
3980
3731
3978
4361
3987
4036
4338
4338
4382
4382
4254
4344
3960
4394
4394
4338
3951
4215
3650
4036
4036
4036
4036
3978
4036
3978
3980
3978
3978
3990
3978
3990
3990
3990
3990
3990
3990
3978
3978
3978
3978
3978
3978
3978
3978
3988
3978
3978
3978
3978
3978
3978
3978
3978
3978
3978
3978
3978
3990
4361
3990
3990
3990
3990
3990
3990
3990
4354
4334
4924
4096
4172
4215
4320
4036
4036
3980
3978
3978
3980
3978
3978
3978
3978
4036
3980
4036
4261
4252
3939
3786
4036
4036
3978
3980
4036
3980
4036
4036
4036
2682
2995
3552
3967
4304
4047
4316
4367
4036
4036
4036
4036
4036
4036
4036
4036
4036
4332
4036
4036
4208
3650
3731
3522
4147
4215
4036
3433
3650
3951
3934
4036
4036
4252
4063
4030
3413
4036
4249
3786
4382
4252
4252
3939
4304
3994
4374
4011
4334
4269
3694
3174
4239
4224
2773
4172
3829
3426
4249
4252
3729
3729
4171
3978
4013
3680
4162
4171
4338
4162
4309
4192
4036
4036
4036
4036
4118
4252
3958
4252
4228
3729
4267
3869
3932
4036
4171
4162
4382
4172
3201
4150
3485
4225
3112
3939
4238
3128
3682
4042
3113
3858
4242
4288
3989
4069
3112
4094
4338
4338
4131
3112
4069
3726
4338
2721
4207
4197
4191
4271
4996
4036
3939
3174
2888
4131
4271
4036
4239
3680
4275
4242
4036
4036
4036
4036
3980
4225
2801
4328
4280
3978
3988
3991
3958
4131
3661
3174
3958
3958
4390
4382
4382
4253
4253
3959
4394
4454
4544
4544
4650
4650
3485
2888
3799
4382
4372
3980
3978
4253
4253
3694
3411
4360
3980
3980
4023
4036
3978
3978
3978
3990
4253
3980
3978
3978
4328
3980
4360
3978
3978
4361
4382
4382
4382
4382
4249
4254
4337
4451
4452
4452
4303
4303
4382
4338
4338
3958
3958
4338
4254
4354
4379
3978
4383
4382
3978
3978
3959
3959
4354
3980
3978
3978
3978
3978
3978
4383
3978
3978
4382
4383
4338
4361
3990
4361
3990
4254
4314
4338
4394
4394
3959
4394
4376
3959
4388
4256
4386
4383
3959
3990
3959
4254
3990
3988
3990
3990
3990
3990
3990
3978
3978
3988
3990
3990
3990
3990
3990
3990
4338
4386
3990
3990
3959
4344
4388
4390
3959
4394
4394
3961
4394
4390
4338
4394
4338
4390
4389
4390
4255
4394
4255
4394
4444
4314
4394
4394
4454
4388
4452
4256
4256
4395
4446
4491
4393
4392
4573
4615
4491
4571
4574
4495
4548
4615
4735
4735
4494
4494
4695
4410
4476
4646
4627
4621
4613
4613
4406
4613
4410
4601
4452
4439
4339
4450
1250
4498
4439
4498
4390
4256
4445
4394
4444
4448
4388
4388
4395
4395
4452
4339
4339
4397
4446
4395
4394
4388
4395
4395
4451
4302
4395
4440
4439
4388
4394
4256
4395
4445
4445
4440
4393
4440
4302
4397
4397
4387
4456
4438
4615
4735
4636
4736
4607
4463
4695
4410
4461
4408
4410
4410
4748
4494
4494
4494
4494
4570
4570
4495
4495
4698
4481
4482
4463
4410
4490
4485
4301
4437
4427
4432
3960
3960
4456
4482
4599
4427
4497
4495
4491
4491
4445
4445
4621
4410
4595
4641
4627
4627
4644
4479
4646
4613
4601
4406
4478
4621
4622
4613
4494
4454
4456
4461
4410
4937
4613
4461
4461
4572
4591
4399
4595
4410
4408
4410
4491
4548
3960
4444
4410
4595
4461
4595
4524
3960
3960
4456
3960
4410
4491
4732
4595
4613
4621
4598
4410
4410
4613
4621
4459
4459
4576
4479
4572
4627
4410
4573
4498
4479
4478
4399
4491
4485
4748
4615
4406
4495
4571
4574
4485
4456
4410
3960
4406
4552
4491
4442
4480
4598
4548
4410
4620
4548
4579
4410
4410
4695
4596
4638
4615
4429
4603
3960
4574
4548
4498
4544
4552
4552
4575
4744
4754
4574
4574
4711
4544
4576
4749
4570
4435
4499
4676
4476
4476
4711
4735
4646
4666
4754
4676
4552
4583
4711
4695
4755
4574
4594
4641
4552
4410
4603
4615
4615
4410
4638
4735
4646
4583
4552
4570
4716
4463
4544
4554
4410
4410
4695
4695
4463
4410
4463
4463
4748
4463
4607
4669
4606
4606
4574
4479
4575
4666
4749
4606
4603
4731
4744
4744
4436
4650
4695
4748
4476
4476
4758
4463
4463
4463
4645
4410
4463
4433
4711
4748
4463
4463
4695
4735
4711
4698
4718
4525
4494
4744
4744
4676
4606
4695
4494
4463
4463
4463
4758
4676
4606
4676
4698
4481
4606
4602
4644
4574
4748
4480
4627
4627
4476
4695
4716
4754
4463
4718
4463
4258
4258
4463
4606
4606
4669
4758
4695
4676
4749
4711
4649
4607
4463
4607
4638
4736
4731
4258
4736
4731
4463
4463
4463
4735
4748
4463
4607
4744
4748
4607
4744
4463
4463
4463
4463
4607
4758
4463
4607
154
2219
2519
4771
42
4770
4770
4770
4770
399
209
2858
73
73
230
185
48
201
201
681
749
4791
723
727
568
646
723
723
723
4791
660
568
568
723
654
752
723
568
717
548
548
752
574
568
681
568
573
646
645
548
738
570
631
494
567
4791
4791
568
681
645
568
752
548
4797
752
4791
548
4791
752
4797
4859
815
469
675
1270
819
682
174
682
682
1272
2671
2973
2973
2904
2744
2973
2973
2973
2732
3358
3393
3358
2914
2769
2933
3358
452
2814
3399
2815
3285
3528
3056
3393
3862
2659
3980
4357
3990
4334
3978
3978
3978
3978
3978
3987
4312
4359
4332
4363
4354
3987
3978
4361
4361
4361
4312
3978
3978
4036
4036
4370
3990
3978
3978
3978
3980
3978
4382
4382
4382
4382
3957
4382
4382
3978
4613
4438
4595
4595
4410
4461
4638
4601
4638
4627
4410
4461
4613
4621
4627
4352
568
744
741
744
716
575
744
574
2856
2856
2734
3234
3451
4880
3451
2856
2803
3311
2803
3288
2933
3451
1092
2856
2921
2921
3311
169
339
3530
3274
2937
2937
2937
2937
2937
2496
3274
2949
3530
3530
2937
2937
2937
2937
2937
3029
3530
3029
3530
3530
3530
3530
3530
3530
