51
85
85
19
419
423
47
433
329
333
338
505
542
661
105
53
226
4823
4823
4823
98
4823
4823
225
53
53
310
4823
4823
4823
4823
4823
4823
4823
4823
98
105
53
226
98
226
53
105
160
29
94
58
360
433
323
320
240
93
225
126
105
53
132
226
98
98
98
4823
98
4823
4823
4823
4823
4823
4823
4823
226
160
4823
4823
226
4823
226
4823
4823
98
4823
47
4823
33
161
252
225
225
98
98
98
105
105
105
225
105
105
53
53
132
226
126
105
105
53
98
98
105
160
51
4823
53
51
105
53
105
225
225
225
1
136
288
292
452
144
395
677
503
144
201
139
288
105
132
4823
53
150
93
225
53
105
4823
160
227
310
4823
4823
4823
4823
4823
4823
4823
4823
4823
4823
98
4823
4823
4823
4823
98
98
4823
4823
4823
225
41
29
48
4821
65
310
98
4823
4823
132
15
187
406
198
201
204
451
510
451
514
205
761
761
536
924
924
924
4860
697
512
213
603
223
455
332
207
23
283
505
520
515
514
310
4823
105
226
98
93
132
262
324
153
53
236
236
55
4823
226
226
4823
421
236
53
98
226
53
55
61
249
459
360
132
83
172
154
309
390
525
265
105
98
4823
98
98
153
240
253
92
33
4823
4823
405
217
98
98
98
4823
4824
162
47
98
187
51
51
60
226
298
4823
9
458
51
288
292
226
98
98
98
310
421
227
4821
419
322
324
298
400
6
4823
4823
6
4823
513
4823
4823
4823
4823
4823
4823
4823
4823
4823
4823
4823
94
204
20
440
216
223
408
333
334
226
423
423
336
4823
4823
4823
4823
4823
98
173
297
452
4823
361
4823
4823
4823
4823
4823
400
451
98
98
446
7
359
98
4823
215
626
714
627
748
672
627
539
921
1459
2002
2804
371
3501
3439
375
4087
4131
3287
3110
3559
3886
4131
4823
47
162
47
175
4823
4823
224
397
391
664
394
795
670
397
604
423
4823
171
403
520
4823
4823
98
98
4823
4823
352
386
8
4823
4823
4823
4823
4823
4823
406
4823
4823
451
201
513
4823
11
4823
4823
4823
511
144
4823
4823
4823
400
4823
4823
4823
4823
4823
4823
4823
249
142
204
144
443
1178
1250
776
743
142
447
459
202
449
529
392
214
142
250
523
637
142
447
11
637
657
989
690
690
690
690
1188
925
811
811
811
672
1458
1921
1270
2866
473
2850
3749
3082
3849
3552
3437
2796
3278
3137
2808
1996
1546
1345
1124
1570
491
1690
1692
1830
2539
2847
2830
4891
2884
2889
4987
693
521
224
523
523
205
512
510
693
519
205
626
735
4860
528
394
533
515
205
529
613
714
743
613
527
660
516
693
535
536
444
604
394
921
607
627
1012
207
645
645
645
645
645
645
645
645
645
645
645
645
4828
645
726
645
726
645
645
645
4828
4828
645
4828
4828
4828
4828
583
583
583
583
583
655
583
583
655
571
4834
4834
4834
548
976
4966
4839
699
612
737
642
856
1395
1042
645
645
645
645
645
645
645
645
645
645
645
645
645
645
726
645
645
645
645
645
645
645
645
645
442
693
645
645
645
726
726
726
583
726
726
726
645
645
645
645
645
645
645
4828
645
645
645
4828
4828
4828
4828
4828
583
583
583
583
583
583
616
638
664
395
996
1442
1625
992
604
645
645
645
645
645
645
645
645
645
645
702
693
645
645
645
4828
4828
4828
4828
570
645
645
645
4828
4828
4828
615
626
795
921
921
645
645
645
645
645
645
645
645
645
645
645
645
645
645
645
645
645
645
645
645
4828
4828
4828
645
4828
570
583
570
570
583
645
645
645
645
645
645
645
645
727
727
651
651
645
727
727
727
645
4828
570
645
645
645
536
741
693
583
661
761
208
743
714
395
395
517
395
925
811
4864
714
645
781
992
627
921
921
735
583
4828
512
394
645
645
443
4828
570
4828
645
645
727
645
645
645
726
645
726
727
651
443
989
801
801
690
766
743
645
583
583
583
780
393
208
4828
645
645
645
645
536
645
645
727
645
924
772
727
645
645
727
645
645
727
645
645
650
726
731
4828
4828
583
781
1243
1583
723
723
213
727
727
727
651
645
645
1178
208
776
727
443
583
583
645
645
765
1243
4828
583
583
727
645
645
795
996
993
583
645
726
726
726
726
726
4828
776
650
727
776
536
645
583
583
727
1178
1257
774
1758
1963
1734
1583
1014
1014
773
771
1758
723
645
992
570
650
1243
782
1667
992
583
583
651
726
726
651
726
651
583
583
655
544
776
670
583
651
651
651
1250
801
724
1431
714
811
395
811
748
811
539
811
672
4828
645
4828
609
795
812
4867
2340
1955
1931
817
2306
2155
2394
2394
2136
2164
2221
2699
2767
2586
2586
2586
2429
824
2114
2102
2274
651
727
651
650
578
570
544
571
4834
4834
583
544
727
583
891
719
796
703
915
792
915
892
979
635
958
1020
1460
893
903
903
1030
1001
1645
1770
2369
2318
891
907
1441
568
635
703
703
4844
674
673
726
908
1394
1136
906
958
856
856
810
577
1134
4828
635
642
890
890
961
635
909
891
1150
721
810
915
583
571
655
707
924
924
666
979
919
566
567
1151
919
902
901
853
1058
1399
1820
1202
1951
1527
1008
975
857
720
792
655
544
571
989
908
567
1151
1460
560
1171
1460
4864
707
979
726
4840
726
4834
810
719
744
571
726
726
726
726
726
726
726
726
726
726
726
726
726
726
726
1250
723
902
992
1666
992
1667
1734
782
650
737
920
890
593
726
726
726
726
726
1011
1020
726
997
579
1442
4867
915
726
1394
1392
1456
594
737
4839
546
543
4834
583
726
792
1178
591
599
544
544
571
4834
726
726
726
726
726
726
726
726
726
726
726
726
794
745
745
787
903
846
919
655
726
845
897
857
566
1020
726
904
795
551
726
907
1053
1050
932
931
1189
1175
1366
948
1777
2515
2514
2513
1073
1075
2257
1927
2933
1094
3361
3361
3387
3011
3011
1095
1095
1095
2775
2775
1073
1053
1203
1065
726
920
894
4839
961
902
783
932
726
726
726
1065
1000
1363
1128
1231
1122
726
726
787
4834
4834
4834
4834
903
848
893
1126
1213
1389
4967
1126
748
926
888
1689
1011
1203
1257
1044
1162
1219
1253
1388
1196
1227
1039
4968
903
889
888
900
963
1015
1243
956
1161
1124
1414
1235
1235
1323
1205
1051
931
1161
1323
1323
846
852
1196
920
4846
548
1051
1044
1033
1307
1230
726
787
726
794
4838
4834
903
584
544
4834
975
1062
927
852
864
1187
794
1041
1189
598
1055
1052
916
853
726
921
917
1691
1110
782
1062
1625
687
852
983
917
1352
786
1219
921
854
1290
724
1258
1120
911
787
1064
539
672
1314
1270
1271
3161
3502
3913
4169
1273
4389
4392
4462
4525
4665
548
4834
4842
4855
1160
4834
4834
888
990
934
1474
1413
559
1124
1067
700
1189
811
811
811
811
811
811
1168
541
1795
1664
2002
553
571
1473
1299
811
367
921
812
812
921
554
1291
1819
2484
2515
1120
912
794
1309
787
1067
1007
1473
934
1777
1063
1431
1181
1287
4826
959
1000
1000
4834
4834
928
1008
1527
1820
1713
1367
567
1242
1235
1292
1292
1731
2257
1187
1185
1039
1002
4834
4834
787
787
4834
787
787
787
4834
4838
4838
4832
4838
787
4834
4832
839
1389
888
1255
4866
925
4864
1188
1188
4864
4866
4864
925
4866
4861
1530
1586
1407
1590
1408
1673
1737
811
787
787
1163
921
983
976
976
851
1037
4864
4864
1188
465
690
1537
1834
1978
769
1952
1584
811
4859
805
1596
1736
1746
2908
1918
3358
3250
2372
4834
554
4834
1053
1042
848
925
925
1528
1453
1576
1576
1219
4834
4834
4834
4834
4834
4834
544
655
539
539
921
755
4966
1235
1316
1191
1186
584
1302
468
1406
1745
1737
1881
2657
4966
1054
1135
1411
925
4855
1439
1030
1163
811
1628
893
556
898
1689
1820
898
1744
1571
1299
4864
690
690
690
1522
4864
925
1167
1476
1530
1450
1012
1015
1504
4861
898
771
1780
801
1257
1257
801
801
801
1537
1504
1421
587
1066
1232
1431
1170
690
801
1576
977
1066
556
953
1647
1527
774
1754
802
767
1184
1349
1764
1170
1421
4867
1682
1563
4968
1112
1112
665
802
1398
1288
1257
1257
690
692
690
1570
1183
1576
1659
1413
1412
1583
1316
465
1317
1792
1408
1594
1710
1631
1594
1720
1512
1529
1512
1560
1047
1400
1611
1228
4857
1537
1229
561
1252
1180
1744
1257
4867
1655
1587
1690
1269
1181
888
1697
1697
1425
2147
2823
2913
3118
2333
1638
2863
3221
1515
1135
1362
1111
1431
1649
1814
1954
2015
1345
1670
1450
1375
1244
1030
468
4867
1735
1667
1735
558
1980
1594
1183
1587
1454
1979
2876
1765
1570
1673
1881
2321
1135
1181
1665
1069
1818
1892
690
1592
1395
1763
1245
1440
1239
1730
1522
1836
1377
481
1560
957
1665
1861
1832
1836
1644
1594
1644
4853
1432
1344
1564
1057
1594
1512
1594
893
1164
1621
934
2117
2088
1734
1407
1408
1657
1588
1059
1233
1647
1507
1431
1594
1590
1720
1663
1588
492
1541
2009
1499
948
1612
767
1521
1551
1521
1595
4853
1690
934
1069
1665
1742
1735
1455
1362
1852
2340
2220
1627
1924
1655
1793
1111
1705
912
556
1566
2107
1571
1742
1391
2005
1433
1553
1579
1789
1794
2416
2954
2002
1414
1292
1927
2051
2392
1840
2257
1667
1412
1181
1287
1876
1398
1439
1713
559
863
1829
1459
1613
2010
1369
1590
1552
973
1069
1860
1852
934
1475
1400
1018
1364
1364
2331
1854
3399
1852
2804
1720
1554
1665
1696
1254
1363
2049
883
2317
1871
1863
1674
1753
1501
1371
1929
1632
1472
1510
1698
1384
1757
1719
1782
1958
1886
2105
1610
1884
1819
1111
1348
1927
2603
1091
1371
1307
1621
1567
1869
2049
1531
1728
1912
1913
2578
2577
2722
2722
1917
2865
3249
3732
3358
1965
1566
1459
1665
1963
1720
2002
1585
951
1431
1069
1883
1452
1735
815
1668
1955
1298
1695
767
1875
1751
1875
1875
1994
1071
2168
2039
1926
1780
1694
995
1735
1827
879
947
1839
1580
1292
1738
1400
1712
1593
1679
1650
4868
1513
1778
470
1755
1550
1552
1984
2138
2333
1930
1775
1292
1954
1129
1770
1596
1761
1818
1736
1409
775
1648
1348
1072
1071
1780
1131
1977
1933
2107
4886
885
4991
4991
1752
1730
1954
1558
1758
1952
1694
1876
2051
2297
2257
1609
1815
2362
2033
2929
1542
1791
1911
1991
1796
2297
2595
3406
1939
1987
881
2125
951
913
2340
1729
1879
1752
860
2114
2080
2337
2301
2301
2394
2102
2102
2102
2102
2114
2102
2102
2076
2102
2102
2102
2114
2114
2187
2114
2132
2301
2156
2156
2128
2102
2102
2128
2102
2114
2102
2049
2105
369
2954
2048
2093
2377
1348
1927
2102
2132
2187
2301
2187
1542
1888
1888
1888
1884
948
2337
2337
2156
2102
2114
1616
1959
2702
2137
2581
2447
2447
1654
1987
1348
1620
2156
2102
2301
2301
2156
2187
1955
2220
2234
2140
2140
2187
2128
2187
2128
2128
2080
1914
2487
1996
2051
2187
1165
1931
1934
1932
1931
2102
2102
2102
2114
2114
815
2136
1773
1633
1071
1731
2296
2296
2176
2245
2256
2111
2218
2270
2312
2296
822
2142
2187
2301
1952
2068
2184
2087
2328
2311
2586
2102
2296
2236
2247
2243
2231
3262
3263
3227
3263
3225
3263
3262
3262
2063
2312
2538
2474
2223
3393
3180
3180
3085
2311
2453
2102
2102
815
2102
2074
2220
1853
1853
3166
3063
3225
3141
3141
2978
3277
3042
3000
2707
2649
1859
2138
2032
2296
2360
2418
2359
2405
2354
2675
2077
2184
2188
2190
2538
2415
3070
2251
3058
2425
2422
3262
2144
2330
2537
2259
2258
2684
2145
2128
2102
2140
2301
2160
2080
2367
2439
2329
2220
1828
3114
4876
2184
2215
2051
2392
2392
2063
2301
2080
815
2311
2273
2331
1912
1551
2301
2117
2326
2275
822
2156
2140
2301
817
2155
2394
2306
2081
2368
2271
2272
1826
2318
1871
1796
2954
3323
2041
2194
1774
2054
2081
1853
1886
1749
2476
2236
822
2394
2156
2156
2439
882
2006
500
2296
2236
2382
2334
2360
2360
2360
2236
2176
2176
2176
2176
2343
2343
2382
2382
2382
2382
2360
2360
2360
2360
2055
2396
2063
1901
2392
2366
1774
2394
2367
2105
1797
1936
2595
1927
1835
2259
2220
2334
2334
2384
1089
2063
1927
1872
2136
950
2311
2311
2397
4977
2037
1166
2382
2382
2343
2296
2236
2267
822
2515
2311
1797
2194
2360
2412
2457
2647
2977
2973
3040
2701
2575
3063
2155
2366
2396
2339
2414
2394
2366
2428
2802
2802
1900
831
1773
2755
2755
2818
2484
2396
1989
2369
2183
2431
2431
2653
2158
2394
1956
2334
1427
2524
2188
2276
882
1794
2092
1434
2431
2603
2581
2603
2738
2586
2586
4881
2830
2124
2775
2392
1075
2392
2775
2563
3180
2223
3233
3233
2908
2471
2360
2360
2592
2382
2347
2392
2464
2312
2598
2586
1684
2848
2848
2519
2236
2236
2475
2599
2733
2774
2972
1075
1075
2775
2397
2316
2586
2119
2543
2542
2991
2258
2962
2311
3097
3334
2255
2502
3006
2518
2518
2670
3146
2699
2586
2311
2321
1917
1917
3547
3752
1953
2139
2157
818
2570
2572
3002
3160
3160
2728
2157
2321
2673
2247
2642
2270
2270
2270
2447
2139
2268
2513
2563
2644
1917
2566
2587
2955
2360
2360
2346
2592
2236
2033
2431
2775
1797
2733
2981
1076
2962
2684
2563
2586
2617
2778
1104
2157
2157
2726
2258
2536
2223
2176
2408
2360
2360
2506
2431
2596
3061
2560
2157
2513
2538
2563
1684
2908
2324
2418
2431
2977
2238
2820
2594
2355
2256
2427
2318
496
2926
2382
2343
2343
2176
2417
2343
2431
2306
1853
2586
2768
2222
2752
498
2360
2408
2176
2862
2775
1099
2982
1096
3178
3178
1857
3322
3054
2401
2894
2840
3711
497
499
2194
2359
2310
2157
2538
3249
3504
1917
1917
1917
1917
2855
2855
3161
2855
1271
3272
3563
2716
3645
471
2987
2382
2631
2598
2565
2717
2382
2346
2236
2310
2726
2623
2157
2767
3249
2910
475
2466
2033
2466
1099
3178
3258
3153
3505
4166
3101
4126
1854
3322
2165
2865
3541
2382
2343
2800
819
2802
3106
2804
3094
2670
2146
2527
2792
2669
3166
1854
2699
1917
2322
2645
2120
2733
2962
2343
3140
2873
2872
3515
2782
3155
4161
3760
2972
2157
2324
2346
2382
2763
2880
2874
3515
3515
3157
3515
2872
3337
2872
3140
2438
2726
2804
3399
2091
2675
2933
2821
2121
3758
2811
3861
2856
1272
1272
1272
1272
3511
3511
3511
3854
3511
3511
2586
3184
2754
1634
2487
2699
2891
2884
2891
2891
2841
3049
3049
3464
3931
2891
2841
2842
3003
2744
2945
2841
2841
2841
2893
2957
3561
4097
3846
3537
1272
1272
1272
1272
1272
472
1271
3102
2382
2343
2343
2346
2346
2177
3274
3166
2910
2718
2705
3534
3534
3013
4215
3154
3337
3337
3337
3337
2730
2177
2466
3132
3066
3066
2889
3010
3010
3045
3153
3258
3258
2742
2936
2891
3014
3014
3105
2742
2743
3179
3107
2945
3107
3567
3203
3650
3470
2906
371
3733
3436
3732
3358
3868
2404
2456
1100
2929
3178
3258
3010
2936
2938
2222
2889
2520
2403
2989
1640
3194
3125
1095
3258
3045
3259
3047
3016
3702
3206
3288
4162
2746
3017
2745
3259
1096
3127
3166
2742
2223
3249
1918
1917
3497
3025
3424
2359
1092
3178
1095
2743
2742
2767
2889
3849
3748
2237
2468
2433
818
3258
3258
2359
2239
2033
1095
3011
3146
3146
2223
2224
2889
2987
2855
3313
2990
2988
1095
2576
2787
2504
2223
2952
2952
2884
2884
2594
2540
3014
3505
2222
2952
2951
2732
3009
3153
3696
3514
3756
3767
3932
3016
4063
3471
3166
2589
2926
2915
3330
3330
2910
2957
2868
2123
2582
2993
2572
2583
2582
2780
3264
3011
2504
2504
2504
2952
2724
2632
2768
1678
2419
3178
3106
3671
4175
2940
2742
3170
2348
2754
3124
1095
2255
3019
2223
2223
2423
2243
3104
2508
2930
2756
2802
2434
2728
3042
3387
3179
2633
1095
2576
3146
3107
3003
3072
3074
2936
3103
3103
3077
3543
1640
3467
2852
3054
2939
3203
2750
2936
2651
2231
3061
3338
2224
3399
3234
2572
3002
2952
3167
3098
3727
2322
3102
2714
2927
2637
2787
2572
3740
2750
3323
1856
3323
3250
3733
3550
3793
4090
3773
2704
3117
2764
2583
2572
2701
3322
3122
2891
3032
2735
3040
3389
3079
3336
3364
1095
3362
3362
3362
3362
3337
3362
1094
1095
3362
1095
3361
2434
3740
3759
3322
3234
3063
3063
3225
2422
2422
2910
2651
3696
3012
3843
3757
4147
3844
3697
3337
3236
3062
2806
3462
2715
2820
2945
3322
3283
3206
3418
3170
3049
3173
3049
3075
2385
3299
2793
3046
3740
2425
2662
3183
2754
3544
3420
3885
3186
3891
3891
3186
3420
3420
3028
3140
3088
2205
1095
2583
2583
3002
3063
2572
3740
2905
2905
2745
3282
3143
3168
2904
3398
3396
3240
3435
3211
3496
3520
3737
4150
4230
4124
3219
4892
3373
3279
2620
2977
2647
3042
3042
3063
3141
3063
2420
3567
3322
3236
3180
3168
3356
3454
3456
4214
3214
4240
3769
3786
3247
3445
2841
3372
2773
3337
3158
2871
2871
3482
3872
3015
3015
3000
2977
2977
3042
3270
3111
3469
3337
3002
3063
3063
3732
3248
3362
3337
3158
3697
3154
2820
3337
3337
2572
3042
3531
3233
371
3777
1856
3926
3477
3168
3654
3791
4238
4212
3867
3289
3475
371
2594
3489
3337
3060
2978
3740
2425
3203
3399
3171
2844
3161
3361
3337
3060
2240
3277
2648
3042
3122
2423
3234
371
3733
3432
3556
3546
3361
3277
2906
3225
2425
2844
3154
3154
2649
3060
3225
3277
3227
2905
3346
4095
4159
3681
3348
4213
3295
3460
3496
3533
3412
3412
3271
3115
3500
3423
2120
3909
3696
3154
3407
2650
3277
2978
3277
3225
3422
3371
3481
3337
2649
3263
3227
2231
3042
3260
3199
3277
3225
3094
3391
3386
3696
4101
2745
2648
3236
3263
3225
3122
3416
3416
3356
3441
3777
3436
2836
3173
2823
3337
2872
4120
3262
3263
3262
3412
3475
1637
3525
3492
3417
3751
2121
3275
3277
3116
3911
3371
3177
2572
3397
3463
3171
2122
3028
2872
3158
2803
4893
3239
3549
2871
2572
4893
3391
3491
3235
3525
3699
3218
4273
4274
3212
3213
4027
4196
4205
3446
3416
3453
3396
3509
3509
3494
3239
3459
3503
2322
3312
3074
3498
3843
3046
3388
3740
3470
3471
4120
3416
3442
3210
3168
3458
3219
3207
3396
3208
3697
478
3331
3235
3029
3435
3331
3475
3077
3697
3515
2906
3493
3493
3211
3458
3098
3311
3157
3257
3924
3197
1856
3209
2911
2979
2993
3029
3863
3536
3493
3457
3462
2846
3463
4266
2945
3421
3535
3517
3356
3486
3458
4120
3775
4050
3697
3346
3918
3474
3207
3311
3157
3345
3473
3208
3680
4176
3346
3793
2121
3175
3492
3207
3778
3115
3553
3680
3767
3775
3844
3517
3783
3476
3115
3922
3311
3419
3845
3145
3549
3309
2837
2871
3557
3485
3485
3533
2715
1272
1272
1272
1272
1272
3161
3645
3502
2821
3471
3692
477
3656
3245
3850
3694
4103
4138
4280
4211
3828
3990
4350
4330
4326
4036
4332
4041
4332
4327
3704
3722
3656
3922
3646
3677
3598
3599
4937
3625
3625
3678
3622
3734
3728
3677
4915
3811
3634
4913
3945
3631
4906
3625
3625
3625
3908
3908
3678
3678
3754
3688
3660
3624
3571
3625
3677
3770
3973
3945
3631
3948
4930
4935
4910
3808
4911
4287
3808
3808
4118
4965
3884
3884
3617
3677
3462
3646
3012
3414
3196
3651
3941
3384
3653
3656
3354
4064
3245
3477
3704
3495
3704
4937
3457
3847
2811
3563
3646
3703
3722
3657
4101
3538
3528
3665
3207
3238
3072
3678
3754
3754
3675
3651
3782
3941
3652
3477
3646
3646
3571
3163
3689
3223
3526
2784
3646
3572
3678
3678
3047
2747
3526
3681
3516
3701
3563
3661
3354
3763
3688
3678
3734
3754
3754
3555
2822
3220
3300
3701
3592
3852
3837
4163
3658
3745
3745
4139
4159
3288
3623
3716
4937
3911
3773
3285
3703
3459
3272
3645
2323
2809
2946
3716
3731
3718
3591
2704
3712
3713
3848
4089
3499
4239
3569
4148
3590
3660
3512
3513
2838
3513
4166
4126
2811
477
3413
3713
3548
3403
3754
3622
3197
3768
3604
3715
3610
3488
2704
3660
2809
3712
3300
3669
3872
3678
3466
3012
3433
3964
4214
3413
3724
4178
4125
3940
3681
3794
3711
3285
3908
3935
3615
3804
3625
3625
3625
3908
3935
4965
4173
3797
4930
3824
4269
4322
3813
4270
4151
4151
4259
4269
4269
4322
4290
3618
3813
3608
4211
3866
3742
3865
4206
3916
3707
3754
3720
3449
4092
3678
3679
4069
3466
3844
3156
3465
3860
3877
4097
4089
3758
3747
3328
3245
3452
3878
2941
3777
3886
3555
3660
2940
3885
3885
3465
3860
3891
4940
4940
4940
3877
3218
3604
3744
4102
3488
1272
1272
1272
3272
3540
3555
3754
4126
3027
3860
3189
3860
3795
2851
2812
3881
3717
3662
3678
3544
3440
3885
3700
3647
3647
3189
3186
3861
3891
4940
3189
3895
3891
3860
3891
3189
3887
3186
3920
3551
3649
3644
3605
3903
3904
3099
3519
3208
3908
3887
3860
3903
4108
3777
3777
4107
3462
4028
3774
4092
3941
3440
3647
3699
3729
3861
3507
2941
3433
3420
3885
3217
3494
3297
3853
2839
3553
3772
3349
3908
3908
3908
3725
2944
4162
3918
3429
3643
3596
3634
4937
3708
3864
3877
4089
3861
3188
1272
1272
1272
1272
1272
1272
3739
1272
3953
3895
3895
3896
3896
4947
4245
4298
4386
4305
4940
1272
3904
4097
4097
3272
4129
4095
4094
4933
3581
3971
4282
4905
3606
3606
4913
4921
4018
3984
4021
3820
3812
4322
4322
3984
4016
3986
4365
4278
4338
4021
4021
3635
3992
3992
3992
3977
3994
4370
4011
4005
4374
3986
4362
4369
4372
4012
4372
4016
4016
3986
4018
4322
3638
4269
3641
3806
4909
3630
4940
3573
3290
3763
3678
4042
4902
4094
3609
4005
4004
4370
4371
4378
4364
3995
4278
4905
4024
3975
3031
3629
4142
3654
3272
3630
3999
4110
4277
4007
4036
4007
4315
3580
4928
4094
4032
4062
4062
3726
3851
2323
3502
2323
3908
3908
3678
3973
4902
4061
4924
4210
3973
4031
4001
3582
3971
4082
4034
3999
4225
4024
2944
375
3442
4097
2942
3073
3931
3883
3621
3973
2944
4134
4125
1272
3540
4061
4933
3967
4047
4124
3674
4098
4043
375
4215
3272
1272
3433
4134
3929
3645
3907
4068
4068
3884
3780
3908
3884
3780
3902
4123
3460
3934
3881
3745
3169
3214
4182
3352
3771
3647
3647
3725
4167
4135
4135
3576
3865
4140
3727
4178
4136
1272
1272
3511
3511
3511
3511
3511
3511
3757
1272
1272
3511
3351
3754
4076
4275
3969
4084
3584
3874
4159
3928
3942
3719
3169
1272
3853
3110
3514
4140
4178
4180
4129
4207
4130
3908
3884
4126
3843
4138
4112
3724
3724
4107
4170
3856
4091
3905
3645
3925
3925
3618
3679
4190
3757
3670
4091
3854
3400
3502
4127
3828
4191
3559
3511
4065
4065
3837
3915
4222
4196
4181
3554
3884
4007
4177
4105
4105
3788
3905
4026
3215
3884
4126
4231
4127
3480
4267
3707
4284
4328
4007
4276
3822
3788
4192
4240
3835
4270
4187
4236
4224
3874
4273
4122
3933
3420
3921
4046
4264
3186
3920
3891
3877
4940
3927
3898
3900
4158
4343
4409
4668
4775
4752
2839
4212
3838
3558
4964
3618
3999
4364
3990
3430
4192
4267
3917
4118
3642
4039
3698
3294
4318
3988
4289
4897
4897
4280
4046
4327
3990
4904
4204
379
4904
4117
3982
4235
3739
4201
4938
2817
4943
3511
3511
3739
3739
3739
3739
1272
4940
4164
1272
3511
3739
3888
4948
4334
4354
4331
4377
1275
4310
3739
4195
4257
4942
3898
378
4065
4264
4268
3739
3995
4288
2817
4331
4201
4941
4367
4367
4087
4259
3990
4369
4363
4369
4367
4014
4259
1273
4349
4278
3927
2817
2817
3874
3822
4337
3815
3822
4018
2817
4331
2817
4331
4180
4386
3430
4107
4361
4948
4263
4263
4111
2816
3287
3875
4922
3821
3898
3913
4373
4373
3981
4012
4012
4379
4379
4012
4375
3814
3814
3814
3820
4922
4018
4257
2817
3986
4375
4375
4375
3944
4359
3899
4131
4305
4109
4386
4132
4348
381
4349
3963
4263
4368
4246
4243
4331
4310
4304
4388
4360
3900
4386
4298
4264
4354
4299
4397
4402
4590
4444
4413
4666
4414
4651
4624
4626
4419
4763
4763
4487
4493
4493
4493
4725
4725
4725
4954
4954
4725
4587
4588
4527
4491
4588
4588
4588
4588
4491
1275
4392
1276
4589
4706
4560
4444
3961
4454
4391
4406
3876
4401
4470
4354
4335
4377
4304
4303
4394
4451
4343
4397
4376
4304
3961
4391
4399
4308
4263
4404
4388
1276
4377
4377
4513
4514
4411
4419
4959
4763
4487
4781
4493
4493
4493
4493
4588
4588
4588
4588
4588
4588
4588
4588
4500
4619
4498
4546
4538
4624
4675
4595
4383
4493
4513
4383
4590
4453
4513
4414
3962
3958
4481
4478
4667
4622
4523
4652
4512
4514
4386
4588
4588
4588
4954
4954
4493
4725
4565
4564
4564
4662
4954
4954
4588
4619
4491
4527
4563
4527
4588
4588
4619
4588
4588
4588
4383
4587
4527
4588
4588
4588
4588
4491
4527
4478
4569
4588
4588
4588
4569
4482
4249
4588
4588
4588
4588
4588
4588
4954
3959
4249
4355
4527
4588
4458
4523
4588
4588
4588
4588
4482
4588
4588
4587
4679
4587
4491
4619
4619
4563
4588
4588
4588
4482
4735
4469
4619
4563
4619
4588
4478
4523
4478
4414
4619
4600
4603
4672
4383
4588
4527
4548
4552
4527
4679
4559
4619
4563
4563
4565
4563
4464
4626
4588
4563
4470
3958
4587
4588
4498
4498
4498
4621
4627
4627
4463
4413
4621
4670
4462
4463
4571
4538
4801
4487
4502
4621
3960
4619
4552
4588
4588
4616
4494
4680
4765
4954
4629
4621
4669
4543
4575
4498
4502
4619
4493
4781
4961
4588
4588
4638
4520
4767
4768
4703
4680
4423
4588
4563
4539
4582
4502
4623
4493
4665
4570
4725
4588
4493
4725
4688
4493
4493
4493
4493
4713
4494
4496
4680
4493
4516
4546
4543
4681
4681
4708
4637
4790
4643
4643
4643
4254
4417
4725
4765
4950
4716
4765
4689
4679
4493
4493
4502
4738
4689
4689
4493
4659
4565
4629
4464
4769
4504
4677
4750
4494
4708
4679
4493
4496
4493
4774
4680
4496
4953
4417
4559
4708
4763
4747
4549
4433
4544
4765
4765
4493
4763
4582
4488
4734
4559
4703
4636
4767
4520
4765
4723
4783
4681
4529
4661
4559
4708
4689
4713
4669
4635
4421
4675
4689
4675
4493
4763
4774
4742
4713
4744
4774
4774
4685
4681
4716
4681
4724
98
4823
47
4823
4823
4823
4823
4823
98
4823
336
98
98
4820
98
98
4823
4823
787
4834
726
726
645
726
645
727
645
583
583
645
645
645
726
727
727
570
583
645
4834
651
544
655
726
4834
645
645
726
726
726
726
655
655
787
645
583
583
583
645
4840
726
4840
583
4834
4834
645
645
727
726
645
645
726
726
726
727
645
4840
4834
4834
4840
4828
655
645
645
726
4834
651
4828
4828
651
4834
645
811
627
811
811
4860
211
925
666
811
690
4864
811
1257
772
707
772
801
627
1955
2270
3056
2218
2500
2538
2504
2453
2270
1096
1095
1095
1095
2455
1095
3011
4975
3178
4974
2917
4987
2748
3337
2572
3042
3989
3625
4927
3820
4174
3974
3976
3608
4363
4014
3596
3981
4070
3908
4068
3708
3708
3799
3600
4911
3613
4910
3613
4022
3824
3637
3808
4902
3977
3996
3996
3978
4908
3708
4018
3981
4899
3980
4929
3975
3607
3511
1272
4940
3188
4940
3895
1272
4940
1272
3891
3189
3189
3901
3901
4943
4943
1272
3885
3186
3189
4940
3891
3901
3189
3887
3891
4007
3990
4588
4588
4800
4954
4954
4513
4498
4621
4763
4491
4689
4588
4588
4588
4588
4588
4426
3908
3908
726
726
726
745
787
726
726
726
3105
3065
3065
2889
3065
2889
2684
2976
3105
3066
3105
2684
3066
1096
3064
1097
3066
3010
2629
3064
2976
3066
2976
4588
4588
