158
158
4762
4762
31
304
27
81
4758
168
49
276
186
186
158
112
175
175
175
175
175
175
158
158
175
175
175
175
175
175
175
175
175
175
175
158
175
158
175
165
165
158
158
41
177
178
85
73
312
312
78
158
158
215
175
112
175
175
175
175
175
175
175
175
175
112
175
175
112
158
158
414
175
175
175
158
175
175
414
414
175
303
175
243
243
98
175
175
175
175
175
175
112
175
112
175
215
215
112
112
112
215
215
112
175
175
175
175
175
175
158
175
175
175
175
175
175
215
175
165
158
158
169
203
242
286
182
189
737
808
439
181
218
237
175
158
175
158
158
158
102
175
175
175
158
158
158
175
175
175
175
175
175
175
175
175
175
175
4762
175
175
175
175
175
175
158
4762
158
98
175
175
175
175
175
215
119
139
140
237
229
180
317
46
9
506
523
711
512
512
195
12
206
204
301
2
504
119
169
272
238
382
175
175
175
175
175
112
175
119
139
175
73
169
139
102
112
215
158
4762
169
175
119
112
139
74
2
316
3
175
175
158
219
242
383
239
126
122
175
175
175
169
37
175
175
4762
414
175
157
169
49
74
175
175
175
175
149
175
175
112
175
4758
112
219
49
219
242
242
124
175
175
158
175
229
107
207
25
177
177
42
289
177
42
175
136
84
4762
277
41
175
175
175
175
414
414
4762
175
175
175
175
165
175
303
139
229
164
81
49
256
175
2
242
175
175
31
31
266
272
175
112
112
23
31
237
97
175
177
242
175
175
175
42
43
175
175
219
3
74
175
318
276
205
911
1536
1512
1707
1888
2261
2638
2655
3053
372
3417
373
4135
374
3807
3845
4354
4248
2985
2729
1327
4004
3481
4358
97
284
4762
414
175
237
318
318
204
420
511
911
4846
194
239
384
207
27
77
304
304
78
218
175
175
175
175
175
414
84
279
124
175
175
278
175
414
213
278
175
289
343
45
175
175
175
175
175
135
175
175
175
6
175
175
175
175
414
4763
175
175
175
135
126
44
502
747
741
866
205
47
48
417
293
125
238
346
336
316
454
349
48
204
443
528
1022
1442
1442
1600
1774
1790
2590
2229
2828
2600
2782
3270
3701
3326
2665
3305
2751
2666
1986
2360
2294
1417
1815
1752
1237
2322
2415
493
2561
2271
2719
2719
2560
301
502
417
296
292
384
46
126
205
231
500
506
737
384
794
189
232
45
419
241
750
503
183
454
456
528
448
711
457
384
749
1512
919
1512
456
882
1102
1102
867
1211
1310
1310
920
1118
1429
1019
1146
1125
1378
1378
1378
1242
1242
1437
1741
1559
1399
1729
1197
1007
1614
1614
1612
1408
1789
1614
882
4973
1310
1139
1310
1201
1209
1310
1099
1201
1099
456
519
817
1211
1429
1211
1276
1310
882
1310
863
1089
1005
920
920
652
1118
1146
1157
585
1242
1530
509
911
793
1834
1664
1312
1102
1304
867
882
1310
4973
513
1102
1304
920
951
882
1276
652
504
834
911
1512
1209
1209
1201
1310
1102
1304
1099
1304
1099
949
502
1276
1018
1011
1124
1114
1201
1201
863
1304
863
1099
1304
1204
1204
1139
1204
1204
1011
1209
1139
528
502
190
1146
517
195
911
750
1457
1552
1209
866
911
1536
1536
951
588
1457
1304
1304
834
834
951
863
1304
1304
1099
1139
1201
1201
1201
1310
1201
1310
1020
1548
1548
1443
1471
1577
1577
1201
1201
951
911
511
518
1089
1201
1095
711
1089
1209
1274
1139
1201
1204
834
1201
1139
1139
817
863
1312
1139
1201
1341
1225
1156
1221
1220
1225
990
4846
862
1573
783
517
1139
1201
1095
1304
1099
1099
1443
747
1304
1089
1337
741
1304
518
871
990
1146
1304
1095
969
1003
535
1365
1125
950
863
1279
1276
1276
1429
969
1090
1304
188
1124
1378
1104
808
4856
1472
1931
2389
2038
880
460
1471
1758
1947
1932
1091
1312
990
1104
768
388
1642
1761
1337
1337
1304
1201
1201
1304
1304
1225
1337
1281
1304
1225
1123
1222
863
863
1564
879
750
1536
1600
1553
963
992
1220
1225
1120
359
1365
1724
1367
2557
2894
2472
2472
2949
2989
2596
2596
3005
2635
2448
2643
2839
2543
2568
2568
2568
939
2386
2155
2148
2616
1304
1304
1220
1221
1597
1464
584
584
1242
1204
969
587
1408
1408
1803
1803
973
1109
1399
1220
1386
1398
1920
1064
1631
1407
2068
1858
2249
1208
1399
1928
2058
2259
1734
1941
1858
1858
1858
2249
1859
2035
1872
1956
1956
2770
2770
1407
1407
1973
1920
1103
1556
961
1008
1145
1729
1016
1003
1542
1757
1826
1632
1408
1035
1408
1921
1028
1004
1702
995
1635
960
1008
1196
977
1914
1928
1538
963
1542
1386
1803
972
1056
1533
587
1597
1242
4847
1022
1318
1263
1991
1819
2081
1398
1039
1226
1038
2259
1941
1857
2249
1858
1844
2198
1844
2502
2199
1990
1392
1648
1390
1270
1640
1054
1281
1464
969
843
1542
1973
1037
1734
1734
1858
1858
1941
1845
1734
1916
1552
1542
1146
1514
1612
1808
1635
1533
1242
1276
1211
863
1140
1201
1201
1140
1058
1819
1819
1664
1375
1594
1966
757
593
1221
961
1383
1034
1399
469
1397
1397
1433
1429
1429
1432
1542
1819
1407
1225
1789
1112
1376
1664
1564
1429
1035
2058
1992
1767
1789
1036
1009
1579
1531
1242
1242
1397
1399
1768
1777
1273
973
1634
1110
1378
1140
1429
1429
1276
1276
1433
1433
1406
1429
1429
1432
1225
1224
1383
1270
1036
1768
1276
1819
1162
1039
1039
1231
1777
1542
1355
1039
1533
1579
1276
1973
1342
1893
1363
1239
1730
1502
1806
2330
1381
2492
2821
2821
2769
2790
2607
2791
2607
2554
2835
2605
2853
3262
2882
2883
2883
3043
2886
2761
2881
2881
2762
3043
3043
1181
1181
1181
2552
2554
2554
2607
2607
2790
1805
1380
1233
1433
1767
1867
1721
1376
1399
1928
1819
1380
1341
1397
1433
1433
1433
1598
1993
1730
1840
1844
1429
1225
1224
1241
1464
1042
1992
1914
1915
1867
1602
1350
1826
1613
1603
1701
1494
1764
1822
1819
1234
1321
1058
1166
1502
1782
1900
2094
1292
1321
1286
1701
1742
1399
1295
1039
1348
1295
1819
1315
1518
1639
1396
1417
1862
1596
1417
1723
1518
1548
1598
1527
1639
1395
1038
1220
1207
1915
1729
1928
1529
1973
1239
1343
1857
979
1612
1921
1430
1341
1221
1495
1223
1464
1242
2058
1580
1242
1242
1634
1542
1973
1200
2259
1396
1713
1220
1780
2034
1572
1805
1805
1390
1914
1225
1571
1347
1348
1420
1088
1225
1462
1223
2259
1572
1242
1302
1632
1224
1781
1742
2265
1257
1550
1973
1713
979
2249
1914
1639
1707
1786
1980
3392
2577
4141
4357
4479
4479
4515
4515
4965
4629
4629
1335
1538
1242
1242
1518
1785
1701
1730
584
1464
1754
1679
1805
1037
1916
2316
2068
887
1535
592
1730
1600
1480
1600
1537
1888
2252
1399
1399
1295
1596
1921
1707
1324
470
1722
1768
1584
1862
1174
2554
2790
2769
1819
1838
1638
1838
1610
2259
2259
1941
1844
2365
1224
1887
2107
1755
2435
2201
1862
1804
1873
1495
2259
2259
1941
2259
1858
1731
1838
1242
1464
1464
1848
1764
1392
1918
1924
1862
1396
1815
2092
2041
2296
2314
2555
2554
2552
1396
1736
1706
1941
1941
1241
1514
1241
1462
1224
1224
1531
996
1531
1706
996
1223
1223
1531
1223
1242
1034
1036
1464
1396
1869
1593
1500
1553
1762
1811
1715
1750
490
491
1241
1324
1780
1742
1741
1941
2213
1858
1858
1706
1450
1521
1499
1989
2061
2090
1475
2469
2038
1763
1749
1482
1946
1526
3008
492
1241
1676
1867
1805
1815
1915
1633
1451
1623
1622
1499
1241
1464
1464
1378
1722
1537
1010
1867
1962
1417
1614
1873
1437
1762
1748
1964
1981
1559
1167
1851
1826
1662
1706
2260
1941
1858
1858
1858
1941
2249
1858
1858
1887
1774
1915
2058
1822
1991
2081
1038
2218
1910
1632
1558
1501
1553
2259
1941
2213
1628
1747
1937
1928
1037
1749
1365
1596
1574
1947
1607
1607
1607
1550
1577
1037
1855
1350
1780
1955
1862
1563
1931
1854
1650
1613
1742
2260
1992
1415
1415
2218
2232
1744
2418
1818
1474
1677
1677
1677
487
1677
1375
362
1724
1834
1780
2034
1804
1928
1587
1920
2058
1677
1443
1577
1558
1641
1237
1813
1630
2081
1037
2068
1667
2051
1854
1451
1778
1677
1833
1770
1715
1715
1923
1964
1737
1523
1915
1941
979
1858
1858
1734
1845
1845
1815
977
1855
1613
1858
1858
1858
1858
1887
2218
1558
1724
1814
1813
1873
470
1688
1726
2431
1690
3144
3199
3456
1976
2434
3015
480
3224
1626
1993
1937
1700
1977
2654
2472
2266
2472
2383
3161
1940
1035
1766
1846
1851
1858
1858
1237
1834
1862
1927
2082
1724
1920
483
1939
1846
487
1813
1896
2844
2873
489
1858
1794
1946
1826
1873
2106
2359
2230
1757
1710
1728
1750
1853
1852
1873
1799
1650
1766
1905
2631
481
1751
2265
1682
1766
1908
1766
1719
1455
1625
1803
1840
1900
1955
1325
1452
1817
1858
1858
2249
1858
1952
1872
2200
2759
1759
875
2098
1811
1892
2249
2213
1858
1873
1651
1933
1035
1833
1455
1945
1901
1752
2215
1863
2515
2494
2409
1474
2089
1953
874
2311
1988
1814
1169
1652
1618
1916
1858
1858
2058
1840
1792
1930
1828
1952
1888
2232
1972
1677
1683
1993
2260
1952
1955
2215
2294
1967
1840
1787
1917
2294
1037
1481
1876
1325
471
2036
2294
2390
2392
1176
2605
2605
2835
2605
2541
2835
2106
2670
2068
1845
1873
1955
2232
2409
1891
1734
1858
1734
1858
2081
2249
2269
1930
1752
2322
2296
1645
1953
2198
1734
1858
1930
2435
2159
1734
1844
1844
1844
1844
1844
2058
2488
2254
2253
3185
1793
2254
470
2435
2091
2123
1734
2428
2035
1952
1753
1753
1870
2837
2837
4999
1172
2436
2515
2294
1983
2295
1936
1845
2269
1901
2094
2361
2550
2035
2837
1870
1872
1953
1174
2436
2554
2382
1176
2805
1185
2645
1907
2365
1783
2093
2271
1955
1482
2377
1979
1978
2753
1489
1788
1955
1944
2173
1792
1901
2556
1759
1949
1905
2255
2379
2160
2159
2894
928
1944
2302
2310
2040
2382
2358
2358
2359
2358
1866
482
2660
2660
2660
2666
2660
2660
1475
1845
2383
2065
2159
2035
2035
4975
1788
2409
2296
2198
2081
2428
1456
1174
2555
2471
2471
2471
2502
1481
1922
1876
1953
2418
1689
483
1661
2801
2303
1874
2390
1905
2470
2266
2270
1872
1901
2040
2198
1945
1474
2263
2382
1176
1177
1177
2382
2408
1955
2529
2472
2094
2271
1753
1753
1753
1175
2392
2490
2390
2392
2470
1901
2502
2498
2428
2392
2392
2605
2605
2555
2554
1866
2660
2550
1974
2550
2661
3056
2498
2059
1874
1791
2605
2555
2631
2860
2646
2667
2358
2064
1872
2489
2306
1844
2269
2322
2384
1176
2129
942
2448
2448
2597
2635
2129
2129
2386
939
2129
2386
4865
4860
2129
2386
942
942
2376
2448
2448
2597
2129
2386
2129
2386
2796
2129
2449
2386
2159
2093
1980
2638
2389
483
1176
2805
1188
2605
2129
2448
2386
2448
2386
2448
2250
1870
2093
1870
2541
4999
2129
2449
2448
2495
2386
4975
2430
2407
2692
3272
2905
2383
2384
2531
2448
2495
2531
2448
2386
2386
2989
1793
2261
2433
4886
2949
2866
2448
2448
2386
2129
2105
2660
2360
2490
2384
1176
2386
2094
2660
2386
2894
2738
2472
4886
2155
2448
2386
2386
3033
2635
2635
2250
1984
1176
4977
2555
2554
2554
2448
2673
2969
2466
2466
2191
2188
2516
2673
2595
2386
2866
2448
2386
2497
2182
2466
4865
2446
2503
2386
2191
2673
2969
3235
2192
2192
2192
2193
3293
2933
2933
3293
3293
3241
3241
3241
3241
4865
2189
2444
2440
2855
3181
2855
2440
2444
2444
2495
2557
2894
4865
2557
1793
1829
2911
938
2933
3293
3241
3241
3293
3241
3282
3241
3242
3241
2430
1712
482
2337
2914
2354
3153
2169
2170
2136
4860
4860
2934
2466
2497
2512
4864
4866
3085
2136
2439
2193
2933
3157
4860
2821
2759
2759
2759
2757
2758
2757
4861
2386
2471
2383
2148
939
2448
939
2643
2557
2269
1489
2060
4860
2385
2490
1176
2605
2605
4991
2448
2147
2129
2148
2386
2129
2037
1783
2660
2382
2462
2605
2597
2448
2635
2063
2597
4886
2989
2596
2989
2989
2616
2495
2129
2129
2049
1956
2837
2770
2261
3166
2655
2466
4980
2635
2557
2269
2635
2837
2302
2433
2180
2597
2555
3161
2635
2448
4975
1956
2060
2630
2525
3198
3068
3003
3003
3003
2524
2673
2937
2526
2673
3068
3198
3068
2850
3003
3003
2338
2524
2338
2338
2497
2468
2295
2497
2989
2596
2596
2448
2093
1753
2415
2338
2605
1186
2790
2767
2468
2523
2880
3003
1657
1984
2497
2605
2835
4980
2759
2738
2625
2495
2837
2488
2271
2271
1877
2272
3003
2987
3068
2180
2850
1176
2461
2554
2596
2252
2673
2466
2595
2596
2977
3032
2911
3058
2911
3293
3038
3293
3241
2989
2989
2188
2495
2338
2596
3178
2977
2623
2605
4886
2495
2751
2295
2498
2607
2607
2759
939
2568
2770
2353
2595
1176
2835
2835
5000
2588
3003
2675
1661
2756
2837
2386
1979
2510
2568
2595
2805
2062
2853
2835
2552
2568
1956
1653
1186
4877
2552
2835
2552
2555
2555
2769
2445
2440
2397
2915
3052
2397
491
2182
2338
3003
2736
2373
2767
2444
2635
2446
2616
2798
2798
2523
3068
2752
1712
2906
2906
2434
2434
2434
2434
2555
2552
2552
2759
2837
2837
2568
2564
1975
2789
2661
2801
2821
2834
2769
2445
2441
2891
2856
2974
3288
2441
2441
2441
2891
2891
2441
2441
2444
2441
2441
2856
2211
2495
2495
1483
2599
2338
2063
3484
368
4025
3471
3471
1831
2063
2271
2545
2691
2973
2467
2135
2845
2901
2821
2635
2503
2413
2451
2524
3003
3010
2850
1985
2189
2568
1712
2554
4877
2848
4976
2758
2758
2834
4976
4976
4976
2448
2447
2584
2135
2755
2989
3264
2767
2757
2837
2396
2447
3198
2935
2338
2462
2596
1661
4866
4866
2791
2807
2769
2792
2440
2639
2595
3006
3032
3122
3266
3153
3229
1656
2978
2837
2837
2172
2414
3068
3068
3068
2986
3198
2666
2554
2607
363
939
2825
492
2524
2970
3198
3235
2834
2834
2763
2762
2762
2763
2763
2791
4976
2807
2763
2762
4976
4976
2763
2881
4976
4976
1830
3469
2481
3074
3418
3704
3704
3437
3014
3001
2666
2441
2037
2720
2898
2639
2585
2958
3271
2545
2720
2987
2935
1696
3003
3003
2595
2902
3411
366
2568
2753
1883
3076
1712
2434
3289
2607
2945
2762
2881
2881
4976
2761
2761
2820
3057
2818
2810
2770
2671
3375
2616
2739
3068
3212
2978
3412
3471
2189
3208
2396
2987
1660
2646
2978
2614
1830
2543
2728
472
3068
2899
2434
2945
2503
2862
3201
3146
2664
2649
3150
2651
1182
2434
2434
2579
3003
3068
2899
3018
3337
3700
3430
3393
1178
2748
1180
3262
2902
3484
2984
2984
2936
2354
2927
3482
3772
3670
4091
4255
2149
3012
3325
2723
3325
2557
2719
2719
2718
2718
2561
2718
2924
2703
3063
3063
2706
3365
2708
2924
2924
2954
2979
3111
3057
2717
2717
3063
2561
2474
2454
3670
3633
3885
2639
2858
3068
2525
3153
2169
2525
2970
3394
2945
1526
2414
2893
2563
3704
3718
3718
2650
3047
3599
3236
3236
3028
3028
3027
3314
2584
2936
2925
2596
2771
2711
2771
2979
2712
2760
2761
2764
2760
2979
2924
2924
2760
2712
2770
2771
2979
3111
3380
2922
3059
3098
3060
3244
3093
2777
2532
2533
3008
3008
2936
2596
1180
2906
2770
2770
2770
2770
2441
2979
2979
2544
2718
2924
2415
3153
3160
1976
3338
3369
1182
2882
2760
2895
2820
2713
3051
4139
3836
3622
2814
3061
2816
2817
2819
2772
2895
2770
2855
2643
2929
2149
2728
2413
1885
3067
3012
2764
4976
2762
1181
2760
2771
2924
2711
2924
2719
1488
2461
2906
4866
3484
2768
2761
2354
2938
2906
1181
1181
2988
2988
2712
2855
2908
2924
2892
2585
3018
2972
3113
1181
2900
368
2910
2544
2397
2915
2915
2718
2718
3266
1660
2760
2713
2930
2149
2936
3009
2768
2609
2886
4148
2885
2609
2612
2888
2889
3095
2891
2703
493
3471
3111
3111
2533
2453
3402
3320
3806
368
3446
3320
2909
2855
2908
2908
2910
492
3116
2977
3112
2977
3568
3853
2609
3071
4034
937
3062
2954
3325
3084
2882
2928
3412
2915
2915
2149
2397
2933
2136
2192
3229
1660
3234
3234
3234
2881
2881
2609
3059
3402
2615
2855
3059
2952
2953
2952
3063
2717
2721
2893
3370
478
3602
3634
2626
3158
3299
2839
2397
2924
2192
2196
2461
3089
2974
2855
365
3300
4135
368
2397
3222
2981
3999
3061
2579
2741
2144
2942
2881
3341
4025
3380
3181
1326
1327
2655
2479
2742
2742
2959
3856
2999
3461
2939
479
368
1830
3469
3470
3111
2851
3043
2559
2615
2878
3014
3200
3324
3262
3262
3236
3236
3262
3262
3262
3262
2883
2883
2883
3034
2965
3308
3234
3300
3819
2878
2933
3293
3129
2933
2397
2136
2919
3769
3045
4131
3048
3985
3367
2922
3234
3166
2480
3266
3262
3034
3207
3222
3313
3666
2954
2952
3209
3211
2717
2831
3016
2652
3043
2772
3380
3129
3182
2967
2144
3112
2693
3820
3823
3859
3831
3017
3225
3089
2439
3272
4055
3182
4025
3034
3257
3060
3257
4044
2397
3318
3189
3449
3427
3396
3379
3399
3582
3458
3624
4047
3136
3902
3854
3398
3222
3410
3261
3366
3454
2940
3282
3182
3182
3032
2940
2940
3038
3241
2911
2776
2839
3469
3819
4135
4044
2855
3318
3427
3101
3398
3710
4124
4000
3576
3702
3592
2704
2480
2893
3633
3028
3385
3771
3455
2664
3150
3718
3718
3152
3237
2940
3032
2940
3122
2439
3380
3069
3236
3385
3806
2911
3182
3293
3182
2639
3086
3028
2747
3431
2747
2747
3236
2940
2747
2747
2747
4077
3182
3130
2933
3187
1326
1326
3721
1327
3481
3844
4220
3336
2814
3712
3815
3192
3345
3598
4039
3674
3712
3318
2747
3611
3571
3028
2940
3241
3241
938
2933
3181
3053
2253
3364
3303
2579
3242
2747
3241
3241
3241
3182
3241
3470
3470
3470
3819
2974
3469
1326
3008
2665
3337
3609
3708
3311
3051
4044
2777
2933
3181
3069
3386
3599
3241
3157
3241
2940
2933
2933
2933
3312
3244
3372
3873
3787
3376
3109
4104
3105
3579
3578
3578
3099
3196
3593
3166
2995
3260
2747
3043
2883
2883
3149
3282
3282
3241
3293
3293
2974
2933
2933
2813
2477
3286
3236
3241
3293
3157
3241
3241
2933
2193
2940
3241
3181
2150
3241
3293
3293
3297
3185
4135
3819
2829
3367
3337
4077
3293
3819
3819
2933
2933
3300
3470
3470
3355
3296
3255
3256
1327
4004
4004
2717
2717
493
3065
3422
3430
3072
3293
3241
3293
3241
3255
3188
3131
3241
3354
3110
3285
1654
3660
2648
3327
2959
3777
3633
2648
2981
3864
2858
3320
3700
3771
3771
3981
3819
3358
2995
3442
3819
3819
3807
4055
4135
3414
3413
3591
3861
3108
3625
3626
3847
3813
4000
4057
3389
3389
3363
3396
3435
3440
3486
3103
3426
3104
3399
2706
3328
3632
3691
2990
3225
3368
3030
3707
3094
3197
3357
3435
3711
3415
3582
3427
3383
3360
3589
3065
3771
3324
4044
3185
3185
4135
3101
3072
3376
3674
3620
3430
2965
3486
3425
3578
3592
3254
3458
3426
3166
3447
3404
3850
1326
3054
3417
2953
2214
2809
4044
3819
4135
374
3359
3425
3397
3361
3302
3409
4218
3431
3227
3708
3425
3465
3426
3589
2893
2819
3431
3049
3771
3295
3433
3377
3573
3303
2916
4253
3245
3408
3437
2746
3776
473
3567
3981
3711
3593
2743
3652
2563
3152
3771
3432
3573
3254
2996
3143
3704
3718
3704
3820
2651
3838
3361
3303
3700
3696
372
3481
3417
373
4052
2721
3473
2582
4259
3692
3483
3810
3450
3487
3641
3489
3811
3491
3743
3493
3749
4931
3936
3977
4897
3499
3940
4246
4246
4921
4294
4296
3971
3587
3542
3542
3653
3587
2995
3604
3511
3563
3512
3581
3515
4889
3534
3614
3627
3649
3663
3879
3554
3523
3912
3527
3832
3794
4932
4889
4889
3728
3728
3728
4967
3614
3690
3540
3655
3648
3542
3543
3515
3531
3884
4066
3546
3548
3694
3879
3794
4899
4899
3557
4930
3513
3557
4221
4221
4899
4910
4910
4910
3726
4061
3723
3723
3883
3511
3392
3531
3426
3820
3850
3082
2778
4024
372
3573
3574
3507
3702
3588
3489
3587
3623
3606
3786
3595
3579
475
3604
3586
3586
3613
3813
2920
3432
3139
3641
3381
3381
3328
3534
3517
3866
3437
3483
3434
3609
477
3603
3605
4888
3541
3067
3458
3443
3316
3451
3612
3582
4967
3437
3050
2610
3343
3344
3575
2981
3653
3580
3963
3786
3804
3531
3517
3690
2562
3668
3403
2842
3664
3649
3637
3811
3814
3488
3061
3642
2815
4133
3336
2982
3605
3635
3663
3564
3655
2580
3520
3627
3104
3253
3818
3373
3522
3635
3664
2813
3461
3704
3692
3485
3686
3701
3854
3509
474
3623
3689
3786
3210
4147
3680
2990
2817
2963
3459
3301
3580
3506
3607
3627
3807
3693
3694
3663
3906
3838
3000
3718
3704
3506
3817
2746
476
3811
2744
3704
4967
3706
3049
3831
3621
3779
3712
3642
3195
4134
3642
3195
4132
3718
3803
3803
3719
3803
4073
4029
2581
3872
3724
4924
3728
4889
3730
3728
4889
3724
3728
4889
3726
3726
3732
4904
4910
3557
3557
3552
3553
3738
3951
4196
3743
4221
3750
3736
3552
4291
3738
3556
4910
4221
4194
4252
3748
4241
3796
3756
3960
4223
4105
3964
3518
3758
3758
4201
4006
4127
3731
3367
4131
3048
3684
3684
3571
3697
4000
4165
3703
3836
4003
1329
3688
3689
3728
3249
3772
3809
3686
3665
3756
3195
3842
2957
3566
3681
3803
3607
3805
3567
3831
4352
4027
3258
3491
3814
3811
3718
3728
3818
374
3844
4152
3820
3081
3775
3081
4945
4289
4207
4352
3884
3795
3359
4057
2982
3466
3657
4889
4110
3663
2745
2730
4248
1329
4248
3760
3804
4105
4080
3831
4315
3820
3844
3789
3054
2650
3857
3617
3618
3855
3855
3195
3328
3681
3362
3251
3724
4889
3724
3724
4133
4035
4071
3448
3528
3783
3832
3529
4898
3511
3882
3514
3885
3824
4946
4942
4318
4409
4434
4414
4427
4364
4275
4027
3364
4138
3995
4119
3910
4109
3908
3910
3528
4898
4898
3527
3950
4898
4931
4339
3739
3956
4914
4914
4917
4917
3955
4298
3918
3926
4332
4306
3926
3881
4912
3954
3880
3933
3526
4342
3914
3935
3928
3969
3936
3937
4282
4282
4294
4246
3524
3926
3918
3943
3943
3936
3926
3917
4340
3919
3919
3923
3955
4917
4912
3554
3552
3551
3957
3957
4910
3726
3548
3832
3961
3654
3786
3872
4893
3547
4928
4049
3969
3939
3970
3970
3929
4282
3943
3970
4332
3929
4330
3877
3979
4014
4931
3548
3082
4202
4112
3784
3617
3979
3996
3969
3939
3988
3990
4923
3992
3994
3994
3995
4108
3547
2983
2889
3576
2578
3477
3964
4966
3872
3731
3495
3547
3995
4108
4041
4919
3987
4049
3990
4015
3908
4109
3990
4919
3990
4237
3908
3874
369
4052
2650
3862
4072
2707
3690
3837
2810
3875
4036
4038
4076
3994
4107
4110
3714
3960
3624
3608
4239
3845
3054
3046
1329
3769
4290
4079
3961
3477
4904
3726
4062
4966
4966
3723
3832
4252
3353
4137
4067
3137
3666
4190
4074
3905
3963
3906
4350
4289
3829
2818
4028
3716
4247
3756
2815
3647
3797
3191
4934
4140
3885
4192
3767
3987
3995
4109
4109
4018
4304
4304
4301
4113
4068
3673
4114
4116
3598
4178
4098
4122
3862
4275
3905
3135
4075
4966
4064
4139
2887
4083
3417
3644
3715
1329
4164
3624
4153
4129
3811
4145
4183
4144
4064
4130
4147
4191
3888
3479
4136
4013
4190
371
2811
4281
3762
4201
3763
4136
3765
3723
3992
3494
4179
3347
4046
4157
4167
4164
3723
3849
3194
4165
4145
4104
3767
4017
4237
4043
3928
3748
4175
4174
4153
4231
4196
4250
3734
4183
4129
3192
3902
4192
3845
4207
4355
4424
4217
4207
4359
4313
4432
4414
4434
4468
4468
4658
4598
4203
4183
4158
3105
3561
4910
4143
4282
3971
4332
4355
2612
4067
4219
4143
4910
4061
3733
3557
3500
4351
3250
4901
4017
4331
4241
4241
3920
4325
3949
4158
4245
3973
3970
4194
4245
4233
3912
3950
4342
4291
4222
4256
4208
4423
3896
4946
4209
4469
4416
4586
4581
4479
4123
4321
4274
4357
4326
4274
4281
4211
3735
4321
4332
3929
4368
4514
4256
4897
4288
4123
4316
3736
3557
3970
4300
3970
3936
3970
4334
3942
4368
4420
3970
4209
4423
4368
4352
3950
3951
3919
3739
3739
4325
3898
4521
4002
4364
4407
4123
4279
4275
4209
4369
4412
4412
4433
4368
4368
4332
4914
3738
4354
4357
3926
4341
3952
3952
4345
3918
3943
3935
4420
3926
3933
3919
3926
4324
3739
4915
3738
4358
4514
3918
3524
3919
3739
4354
4361
4340
4523
1332
4275
4275
4501
4364
1333
4357
4427
4364
4412
4479
4270
4424
4514
4401
4515
4581
4212
4515
1333
4407
4414
4424
4581
4417
4417
4417
4434
4417
4476
4476
4710
4216
4553
4554
4475
4382
4556
4700
4458
4722
4589
4664
4745
4664
4664
4664
4718
4664
4664
4664
4651
4651
4651
4697
4693
4581
4479
4212
4965
4216
4598
4629
4629
4408
1335
4412
4424
4407
4364
4581
4965
4965
4433
4433
4213
4213
4581
4652
4418
4418
4417
4501
4433
4417
4417
4407
4652
4581
4501
4417
4581
4501
4412
4412
4213
4365
4515
4412
4965
4213
4652
4652
4965
4465
4710
4214
4722
4708
4589
4748
4650
4664
4664
4651
4651
4664
4664
4664
4651
4725
4651
4725
4745
4650
4655
4385
4551
4468
4413
4410
4412
4745
4417
4435
4470
4965
4563
4965
4214
4681
4515
4434
4410
4410
4410
4513
4418
4681
4654
4477
4526
4965
4475
4501
4501
4693
4642
4651
4718
4664
4664
4664
4664
4664
4664
4664
4651
4651
4651
4643
4664
4664
4664
4651
4651
4693
4413
4413
4413
4651
4664
4651
4651
4664
4651
4664
4651
4720
4963
4527
4718
4697
4642
4697
4478
1335
4501
4693
4664
4651
4651
4718
4631
4407
4571
4477
4414
4651
4651
4478
4379
4693
4718
4960
4963
4555
4651
4651
4664
4664
4718
4651
4606
4664
4664
4651
4725
4664
4380
4710
4965
4664
4664
4651
4436
4957
4651
4553
4723
4957
4437
4729
4374
4571
4651
4664
4664
4664
4651
4693
4736
4651
4374
4374
4718
4664
4965
4651
4571
4651
4725
4745
4589
4650
4702
4708
4700
4552
4651
4468
4965
1334
4965
4606
4604
4738
4624
4708
4664
4725
4702
4725
4664
4965
4629
4664
4664
4664
4664
4702
4702
4664
4605
4605
4720
4624
4725
4745
4748
4712
4664
4664
4736
4664
4458
4681
4714
4664
4650
4650
4650
1335
4664
4624
4648
4604
4963
1335
4629
4648
4664
4664
4745
4732
4732
4745
4664
4748
4732
4732
4732
4736
4664
4664
4467
4736
4702
4648
4637
4637
4732
4650
4731
4618
4728
4589
4629
4437
4664
4732
4732
4748
4745
4748
4664
4664
4604
4642
4732
4732
4725
4748
4708
4650
4648
4729
4963
4216
4438
4711
4607
4664
4732
4732
4745
4745
4745
4664
4732
4732
4736
4732
4736
4623
4472
4732
4544
4664
4736
4736
4736
4732
4664
4664
4732
4731
4604
4745
4650
4404
4731
4654
4714
4732
4664
4732
4732
4732
4658
4605
4648
4467
4472
4732
4748
4748
4732
4728
4729
4728
4748
4745
4729
4664
4738
4732
4732
4732
4732
4604
4732
4745
4732
4732
4637
4732
4748
4732
175
175
175
4757
175
175
175
175
175
175
81
175
175
78
175
175
175
175
175
1462
1304
1304
1310
1304
1125
1209
1201
1139
1310
1201
1209
1140
1139
1514
1304
1201
1378
1204
1514
1209
1276
1310
1462
1146
1201
1429
1291
1241
1140
1304
1429
1211
1201
1310
1125
1241
1466
1304
1464
1201
1310
1201
1209
469
1479
737
1479
1443
1569
1467
1442
1443
1550
2472
2190
2516
4866
2891
2974
2891
2189
2512
2764
1181
1181
2988
1753
1753
2881
2762
2881
2560
2758
1753
2271
2795
2271
2628
3858
3943
4889
4889
4178
3923
4910
4893
3906
4931
3936
4239
4926
4926
4332
3563
3739
3726
3726
3725
3563
4904
3514
4903
4909
3514
4905
3512
4906
4909
3523
3513
3523
3550
3551
3551
3736
3514
4013
3939
4246
3502
3995
3990
3515
3883
4306
3917
4919
3967
4926
3883
3979
3906
3515
4207
4423
3886
3840
4318
3081
4944
4923
4732
4651
4642
4527
4475
4693
4732
4664
4651
4651
4651
4697
4651
4664
4664
4966
4889
4889
1429
1429
1429
1433
1466
1433
2770
2770
2795
2794
2757
2764
2764
2838
2770
2770
2770
2770
2770
2770
2770
2795
2837
2770
2764
2764
2837
2770
2770
2770
2770
2770
2770
3241
3241
