46
272
345
293
340
444
450
346
48
187
455
209
14
215
255
215
87
97
239
110
2
2
3
3
3
324
416
70
59
273
136
3
2
3
285
285
46
311
408
312
442
424
346
401
253
276
340
53
167
167
167
88
56
104
282
4753
56
56
1
204
255
391
390
373
179
2
112
391
399
340
311
311
340
408
298
335
151
275
233
24
167
24
27
27
121
2
204
88
255
167
111
175
152
403
38
113
241
285
27
53
167
113
111
27
27
269
311
122
123
279
279
380
386
528
445
380
510
518
380
319
319
260
298
2
311
269
311
344
285
27
179
311
311
27
227
136
112
112
70
93
61
70
59
58
231
21
70
26
91
294
311
269
285
227
82
148
70
311
46
311
122
122
344
444
444
185
444
187
415
501
187
507
209
14
762
513
513
526
526
14
503
434
315
209
209
340
202
444
186
502
285
416
75
309
232
204
269
311
181
27
122
122
235
204
204
285
340
122
416
205
120
122
122
318
318
442
210
113
179
235
202
131
299
419
235
230
75
298
122
88
88
312
293
50
391
243
315
54
116
230
116
178
340
180
403
113
151
276
401
99
260
312
331
331
412
169
100
233
173
390
168
311
340
48
344
444
442
444
145
408
444
297
122
340
148
409
225
406
225
17
287
225
177
287
139
18
274
331
424
442
412
116
443
133
115
401
424
442
206
178
144
73
293
279
292
340
331
144
97
108
411
411
56
444
346
450
132
4757
331
445
446
523
4841
4841
1451
1575
1483
2380
3385
3834
367
4295
3808
3077
4215
4352
4294
3759
4334
4338
4352
56
340
340
294
61
206
434
434
14
412
613
4841
750
4841
4841
523
528
456
48
292
424
48
444
341
86
97
40
399
444
299
124
61
21
334
109
184
334
444
181
184
186
187
287
26
239
244
26
101
273
444
432
434
214
406
58
101
273
419
177
132
510
451
504
445
514
528
528
400
48
442
444
200
200
434
186
187
432
380
400
444
432
181
12
443
379
518
444
451
209
203
744
797
917
1598
1634
1933
2485
473
3267
2722
2456
2609
3597
3657
3657
3657
3657
3657
3657
3211
3587
3587
3587
3587
3587
3587
3587
3400
3011
3364
3011
3011
3011
3011
3304
3304
2967
2967
2982
2518
2957
2657
2495
2424
2083
2180
1696
1696
1527
1991
1991
2417
2537
3136
2892
2418
2419
2568
445
504
200
200
379
411
184
186
185
185
386
379
237
187
434
510
510
510
420
452
380
415
415
14
526
683
380
4840
420
14
501
501
501
507
186
186
186
435
523
457
451
502
187
455
184
451
209
502
503
186
451
504
435
523
4841
1575
4841
1651
14
633
633
558
633
633
633
712
636
712
679
636
636
636
712
712
675
675
771
675
849
849
572
967
1052
1052
1370
1295
1584
1492
1050
997
997
1277
1006
1020
1277
636
636
548
548
633
633
676
676
557
625
589
589
539
626
548
557
589
186
185
507
187
209
445
633
712
4812
712
623
4812
633
706
626
706
1207
632
926
959
712
636
712
675
735
849
849
1125
1164
582
505
186
14
245
917
795
525
679
679
4815
558
636
636
626
633
679
633
186
451
548
514
548
636
735
771
771
636
636
804
675
735
209
511
4841
4841
1451
626
597
548
548
620
557
676
557
1076
620
706
712
735
186
186
712
706
4803
675
675
771
909
909
548
548
626
548
630
818
861
861
609
4813
4813
801
209
675
209
626
451
504
451
505
504
849
537
613
4840
682
4841
4840
830
195
613
675
457
4841
750
1450
750
14
645
762
523
804
419
456
771
456
632
630
818
630
1086
625
589
589
4791
851
504
446
682
838
797
1538
456
625
849
771
4840
435
4840
848
625
630
451
623
722
589
589
446
190
190
589
589
818
676
1086
630
1310
1315
1226
1010
582
1122
435
520
846
846
846
846
740
452
801
599
861
861
1207
682
526
630
504
645
451
1076
505
435
739
1125
909
645
630
887
513
1451
909
1207
1216
4967
623
623
712
1011
1122
1077
537
926
909
887
446
740
797
921
466
1683
828
883
846
446
740
841
1128
465
528
740
994
529
957
457
846
436
1054
1125
967
1207
861
861
1207
1207
967
967
1125
1122
1122
1122
1207
861
682
841
1122
195
4840
750
1522
1522
1122
750
1122
582
582
750
465
1894
1936
1896
1959
1921
1669
2209
2209
2520
2072
2072
2072
2072
2072
1937
2266
2133
2696
2403
2500
2151
2151
4861
2351
2322
2128
2373
2351
861
861
1122
996
582
967
1052
1164
1207
582
528
968
1006
972
1069
1100
582
1100
1032
1119
1005
1107
1744
1784
1540
984
2001
1926
1846
1971
1971
978
1018
1410
1018
1010
1130
997
1121
1271
957
1019
1002
968
974
1019
990
1013
588
1531
1007
1069
1007
1203
1709
582
821
1001
993
974
1050
1164
1164
579
196
981
1153
1561
1645
1036
1151
1290
1420
1815
2074
1848
2319
1746
1380
1254
1292
1069
1164
1132
1052
503
846
1055
1033
1617
1978
1636
1408
1060
190
623
675
4805
4820
1070
586
1203
1052
623
623
1207
4968
1207
623
4816
620
620
636
682
1031
982
790
739
881
1320
828
1226
1119
588
1540
1015
1450
4974
4804
4967
1032
1235
1018
1122
1070
869
841
740
4804
979
1166
1607
1110
1495
588
1008
997
579
579
1164
1131
973
682
1010
1271
1466
1052
1052
623
623
4804
623
4804
4804
1090
4804
4804
1310
1310
4821
1099
1420
1127
623
1248
1170
1291
1206
1159
1321
4804
1495
1584
1207
1107
487
1257
1266
1345
1674
1903
1903
2364
2503
2833
2860
2860
2637
1715
1987
1987
2793
1663
3005
3011
3349
3349
3011
3364
3400
3565
3400
3210
3565
3565
3210
3210
3209
3299
480
1995
3209
3209
3246
3210
3246
3246
3062
1664
1664
2860
2860
1718
486
1355
1495
1745
1118
1118
1298
1674
1310
4967
4804
4804
1667
1735
1844
1925
1315
1344
1026
1422
962
1133
983
1353
1277
1678
1531
1003
1708
1678
1273
1729
1090
1840
682
1260
1242
2263
1284
1213
1678
1529
1529
1437
1404
1288
740
846
1652
1839
1714
2094
2094
489
485
744
1316
1623
1720
1384
1020
1733
1202
579
1235
1171
1874
1548
1910
957
1245
1576
1026
1370
1399
1584
1164
1465
1561
1018
1400
1296
4804
1230
1584
1240
1299
1289
1292
1385
489
1348
1720
838
846
1315
1310
530
1271
1718
740
1310
1909
1369
1204
740
869
682
838
1783
1385
4804
1879
1483
472
2954
4336
4415
4263
4421
4576
4393
4662
4393
579
578
1678
1229
1734
1285
1370
1210
1412
740
1351
1352
846
1839
1641
1212
1451
1563
1598
1563
1777
469
1726
1437
1370
1841
1876
1524
1127
1584
484
484
2503
1354
985
986
1679
1534
1427
1494
1903
1915
1371
846
2307
1602
1040
986
1492
1025
1025
1717
1173
1757
1984
1780
2094
1935
1527
484
2378
2491
2308
2308
2436
1715
1715
1986
2637
1819
1708
1387
4823
572
1051
4795
4823
962
962
1295
1295
1465
1602
1295
1123
1295
1492
1341
1350
1735
1598
1598
1453
1731
1854
1750
2469
1886
1460
962
1584
1465
1529
1602
1043
1575
1563
469
1880
1880
1795
2041
2098
1669
828
1575
1525
1928
2469
2481
2455
1489
1910
1639
1586
1895
1975
1814
1634
1524
1904
1633
469
4785
4795
1052
1052
1052
1634
1575
1438
1916
1527
1819
1724
1633
1933
1892
2481
1888
1492
1916
1706
1634
1602
1041
1353
1633
1586
1117
1827
1759
1929
1392
1851
1020
1166
1522
1328
1679
1722
1453
1532
1305
1634
484
828
4853
1538
1538
1107
1328
1716
1229
1541
1547
193
466
1527
1482
2307
1608
1811
1916
2094
1173
466
1539
1366
1365
784
1696
1696
1696
1527
1527
1453
757
1647
1683
2307
1964
2263
797
1696
1793
1538
1605
1651
1527
1527
1438
1543
1351
436
828
1696
1452
1696
1696
1838
1928
1934
2004
2264
1934
2469
1633
1724
1633
1353
1637
1931
1722
1765
1708
1527
2003
485
1035
795
1697
2469
2307
485
1558
1722
1722
1882
2858
2841
3462
2805
2805
2805
3401
3401
3401
3657
3587
3587
3400
3587
3400
3400
3587
3587
3364
3587
1764
1698
2367
1714
1328
884
1896
1320
1669
1937
2520
436
1116
1750
1838
1934
1525
1698
1483
1916
828
1320
1205
1696
1904
1946
2495
2264
1750
1957
1957
1697
2495
2926
3152
472
1957
1817
2453
1527
2256
2083
2308
2424
2611
2495
2495
2495
2495
2424
2083
1328
1723
1597
1838
1838
1928
1002
484
1034
883
1947
2083
2426
2636
2957
2967
2967
3304
3364
3304
3011
2083
2083
986
1820
2044
1947
1853
2083
1946
1946
2083
1628
1722
1934
1483
1117
1877
1777
1546
1723
1059
1541
4867
1967
1182
2479
466
874
825
1454
1928
1541
1117
484
1726
1726
1740
1953
1892
1934
1819
2434
2892
1920
1381
2058
1366
1366
466
1731
1938
1527
2180
2256
2180
1686
1696
1618
653
1789
1957
1366
2236
2266
2072
1483
1528
1983
1939
1994
1696
1617
986
1878
2219
2308
2256
1057
1861
1484
1928
1880
1696
1057
2484
1953
2566
1953
2308
2424
2491
1986
1986
1715
1715
1715
2437
1986
1986
2437
1320
1685
2307
1916
2308
2424
1853
757
1922
1922
1925
1894
1991
2801
1607
1934
1880
2310
2424
2424
1058
1366
1415
1669
1988
1215
2001
2361
944
3834
2002
3193
2263
1880
2424
2264
1830
1863
1845
496
497
4874
4993
2469
484
2094
1867
2424
1946
1946
1662
2936
2804
1853
1978
1697
2307
2299
1800
988
2202
1969
1880
1994
2299
1724
2424
2424
2424
2491
2850
2967
2518
2967
2967
2967
3011
3011
3011
3011
2982
2424
2424
2424
1968
2571
2066
2307
2469
1485
1884
1884
2754
2829
1884
2453
1483
2424
2424
1904
469
493
2299
2424
2495
2424
2495
2495
2495
2424
2264
2873
1320
1959
1959
1959
847
2263
493
1726
1724
2491
2495
2491
2491
2611
2424
2495
2495
2424
2495
2611
2611
2843
2982
2611
1986
2850
2611
2636
2843
2843
2843
2793
2843
2657
2657
2657
2657
828
2006
1320
884
884
891
1863
989
2413
2469
1866
2424
2424
2424
1205
1320
2001
2469
2417
1994
2264
878
1921
2321
1484
1752
1752
1726
2310
2495
2495
1662
2957
2957
2926
2805
2805
2805
1946
2006
1880
2491
2424
2495
2495
2657
1320
1830
1846
1528
2424
2491
2453
1366
1817
2611
2850
2793
2518
2518
2967
3304
2611
2982
884
1953
1723
2491
2367
2393
496
496
497
2567
2491
2491
2491
2491
2495
884
493
1479
2064
2436
2436
2436
2436
1715
1715
2495
2425
2426
2657
1662
2495
2636
2804
2804
2926
3304
2805
3304
3304
3364
3364
3401
3401
2491
2491
1892
1884
1888
470
1715
1715
1715
1715
1662
2636
2804
2982
2982
2957
2926
3011
3011
2967
3304
3304
2967
3011
3364
3400
3400
3587
3400
3587
3587
3587
3587
3587
3400
3364
3364
3011
3364
3364
3364
3364
1946
2611
884
2324
2405
1918
1993
2101
2537
1662
2491
2657
2491
2265
2220
2181
2181
2181
2353
1921
2072
2220
2333
2333
2200
2200
2128
2265
2338
2333
2200
2333
2200
2265
2265
2135
2181
2181
2181
2181
2181
2266
2181
2207
2265
2265
2265
2265
2265
2265
2220
1094
1953
2526
1928
1817
1662
2850
2850
2793
1987
2793
2491
2611
1986
2850
2657
2495
2181
2265
2181
2181
2181
2265
2265
1969
1971
2299
2333
2181
2181
2181
2181
2333
2367
2469
2892
1992
3367
3369
2918
2242
2209
1791
2491
2000
2181
2266
2181
2181
2181
2181
2265
2265
1896
2072
2101
1880
2636
1662
2936
1479
2209
1479
2181
2181
2181
2181
2181
2265
2265
1794
2382
2657
2657
2636
2611
2114
2418
2611
1479
878
2072
2072
2072
878
2333
2333
2135
2220
2200
1977
2072
2072
939
2266
1936
2551
2843
2843
1715
1715
1715
1715
440
682
2627
2543
2471
2534
1683
1921
2181
2181
2181
2181
2181
190
2373
2297
2265
190
2626
2738
3067
3067
3256
3189
2176
2176
3067
2117
2471
2119
2443
2928
4860
2191
2265
1921
1977
2333
2072
2246
2869
2403
2168
3189
3300
3189
2176
3189
3146
3164
2176
1484
2537
2804
2804
2957
2926
2636
2804
1669
1478
2043
2517
2515
1320
2488
2738
2338
2338
2471
2471
2502
2739
3066
2196
2966
2181
2362
2498
1183
2833
2833
482
2181
2072
1977
2181
2373
2265
2135
2135
2162
2101
2101
2324
2624
1791
2572
1986
2437
1986
2181
2181
2114
2190
2200
2128
2041
1969
1794
2657
1986
1921
2428
2072
1936
2072
1977
2072
2072
2209
2520
1177
2266
2072
1977
2072
2072
2072
2209
2085
2520
2134
2211
2373
2373
2509
4872
4997
2469
3046
3864
2957
2804
190
1977
1937
2072
2188
2230
1846
2434
2636
2804
2926
757
1921
2072
2242
2052
2072
953
1971
2065
2892
2405
436
190
436
865
1320
1959
190
190
682
682
846
740
682
846
1911
884
885
1669
1901
2572
2534
2850
2804
2967
2967
2967
1986
2072
2072
2072
2072
2266
2181
1969
496
2537
2957
2926
2982
1986
1987
1479
2498
2236
1253
1320
2578
2578
2579
2957
2793
2518
1986
1987
2437
2437
2072
2191
2317
2237
2418
495
1884
1320
913
682
891
530
2181
2843
2982
3304
1977
483
2072
1329
2115
878
2043
2602
2372
3147
3115
2348
3029
3189
3189
2982
2957
2085
2520
2297
878
2072
2085
2673
2604
2604
2631
2843
2437
2072
1178
2537
2967
2793
2967
2982
2518
2209
2860
2520
2336
2325
2418
878
2459
2459
2673
2603
1987
1986
2793
2437
2398
829
1882
2253
2957
2805
3304
3401
2236
1971
1884
2041
2518
2967
2085
470
2072
1660
2518
2518
2967
2967
2967
2967
3005
2518
3121
3369
2518
2437
2362
4861
497
2892
2072
1987
1663
2803
1664
1715
1715
2860
2474
2442
3065
2909
2455
1669
2072
1959
2967
2518
2520
1194
2534
2105
2351
1884
2892
2744
865
846
846
2926
3304
2805
2805
3364
2805
3401
2805
3401
2805
2805
2805
1664
2860
4986
2322
2538
1660
2805
3152
2967
3304
3364
3364
3364
3401
3364
3364
3587
3364
2926
2957
2860
2860
2472
2502
2697
2755
2502
2502
2502
2534
2472
2451
2132
2120
4859
2351
2754
473
3267
3005
2918
2902
3585
3390
3390
3367
2937
2519
2567
682
2736
2739
2471
3275
2918
2902
2860
2500
4862
2754
1884
2418
1901
1320
874
2926
2805
2072
2459
2606
2926
2805
1796
1663
3010
3011
3005
3349
482
482
2860
2833
482
2373
2474
4861
2739
3304
3304
2677
2967
3304
2459
2460
2604
1872
2833
2474
2519
2120
682
1896
878
878
2459
2673
3364
2460
2556
2860
2860
2860
2534
2754
2731
1478
2844
2937
2924
885
2736
2546
2459
4981
2608
2744
846
740
682
682
3304
3304
3011
3011
2520
2740
2799
2448
2448
2444
2754
1959
2736
682
2518
2518
2740
481
1995
2740
2860
481
481
3110
481
481
481
2833
3002
2631
4858
2892
3254
3136
2956
2538
2805
3011
3011
2918
2441
2754
3303
3583
2593
2955
2955
3583
2485
2897
2626
3011
3011
3011
2754
436
1640
846
2603
2604
3390
4875
2447
2151
2455
473
2488
2598
2805
2805
2805
2673
2740
480
2740
3299
481
2650
3110
481
481
2740
3299
3243
4121
4011
2986
2960
2631
2483
473
828
2072
3011
3010
3005
2673
2673
2604
3369
2914
3367
2194
2891
3152
3152
3401
3011
3364
3364
3364
3011
3400
3364
3364
3364
3587
2673
2986
3029
2914
2403
2583
2897
472
2805
2805
3400
2740
874
3011
3400
3011
3587
3587
3587
3587
3211
3587
3744
478
2789
3437
2991
2840
3744
3657
3011
2805
3401
2677
2732
874
2891
3646
3400
3011
3364
3587
3587
3587
3657
478
3211
3211
3587
3587
3587
3587
3587
3364
3364
3400
3400
3400
3364
3400
3365
2918
2564
2858
2043
3400
3011
3011
3011
3011
3364
2253
3762
2589
3873
4336
4336
3304
2603
2448
2543
3778
3559
2118
2418
3108
3108
3108
3108
2718
2708
3444
3751
2568
2857
4988
4868
3108
3108
2455
473
2722
3371
3371
2485
3253
3559
846
846
1320
1320
2805
3587
3400
3587
3587
3587
3587
3587
2805
2905
2455
2744
2956
2992
3239
3438
479
3565
3565
479
3587
3587
472
2754
682
2526
3400
2673
2800
3004
4871
2800
2759
4871
481
481
2650
2650
2800
3059
3079
4988
3079
4871
2800
2760
2758
4989
2798
2948
3064
2810
2895
3051
2829
2829
2456
682
2517
3011
3364
3152
3401
1995
2650
2650
2800
3135
2877
2568
3136
828
3364
3364
3364
3587
3364
3587
3587
3587
3364
3587
3152
3401
3401
3657
3462
3657
3349
3400
3565
3400
3400
2650
481
2650
3162
3773
3813
3579
3175
3245
3145
4988
4871
3079
2876
2869
3004
4860
2675
2483
2891
3267
2738
3011
3400
481
1995
3209
2917
3004
2156
2456
3267
2517
3364
3364
3364
3275
2902
3369
2650
3110
2517
2944
3267
3401
3401
480
3209
3299
4871
2195
2697
2697
1888
3253
2609
3364
3364
3587
3587
3364
3152
3646
3597
3246
3210
3369
3390
2472
2697
2878
2908
2856
2856
494
2517
3435
2604
2650
2639
2908
2483
3364
3400
3152
3369
1995
2656
2994
2996
2653
3736
3397
3813
2617
2697
3108
2570
3364
3587
2902
2902
2760
2878
2891
2755
3836
3078
3836
3078
3836
3078
3078
3585
3072
479
3587
3587
3657
3587
3080
1995
2556
2697
2444
2515
2924
3364
3400
3170
2721
3400
2937
3369
3390
3299
3407
2654
498
3135
2897
3152
3210
3349
2556
2154
2856
2856
2488
3066
2409
3152
3587
479
3587
3587
3007
3007
2740
3299
3299
1995
2152
3836
479
3210
2960
3080
2154
2949
2713
2964
2568
3303
2990
3657
3401
3657
3578
475
475
4989
2775
2403
2909
2802
3067
3657
3401
3401
2556
3390
3367
3321
3680
3680
3390
3390
2922
2950
4010
3551
2732
3253
1959
3657
480
3585
3390
4869
3080
3691
4334
2721
2608
2898
3301
2992
3147
3587
2937
3664
3078
3390
3045
3002
3321
3108
3657
3209
3007
2774
2187
3587
3657
3587
3657
3462
3587
3565
3565
3565
3565
3644
3565
3565
3565
3211
479
3565
3565
3565
3565
2939
2809
2885
2960
3321
4980
3258
3189
2199
3256
2829
2802
3209
3382
3382
2994
3676
3383
3302
3382
3565
3390
2584
3864
2955
3587
3587
2774
3275
2949
3053
3813
2769
3254
494
3072
3646
3657
3462
3587
3587
3210
2917
2168
3259
2912
2802
3943
4933
3877
3838
3587
3657
2556
3587
3587
3078
3078
3836
3078
3117
3390
2763
3008
2961
2948
2168
3150
2943
3306
3279
3296
3436
3234
4101
3128
3846
3688
2714
3567
3211
3587
3587
3587
3211
3587
3587
3587
3210
3189
3189
3189
3189
3168
3189
3189
2348
3260
2715
3390
4006
3321
3080
2943
3336
4007
3231
3333
3133
3134
3763
3108
3009
3587
479
3211
3438
478
3657
3587
3747
2789
2745
3780
3736
3149
3147
4878
2196
3538
3596
479
479
3390
3078
3078
3078
2168
2168
2625
3657
3587
479
3211
3211
3644
479
3644
3078
3078
3189
2778
3191
2971
367
4338
4354
3175
3359
3182
4059
4066
3181
3772
3292
3359
3587
3447
2841
3587
3189
3189
3188
3256
3259
2971
2717
3158
3865
3164
3164
2176
2176
3189
3189
3367
3321
2199
3367
2943
2829
3587
3211
3587
3587
3587
3211
3587
3657
3744
478
3744
3744
3744
3744
3611
3611
2912
3646
2176
3078
3680
3300
3367
3211
3211
3644
3067
3067
3149
3189
3189
3093
2777
3399
3851
3982
3180
4153
4112
3394
3376
3357
3095
2625
2456
2526
3382
3644
3067
2138
3185
3189
3189
3189
2779
3108
3136
479
3067
2176
3067
3189
3067
3189
3189
3829
4006
473
3210
3780
3211
2187
3078
3664
3321
3189
3321
3225
3120
2780
4334
2829
3158
2897
3211
3211
2617
2176
3189
2176
3442
3176
3657
2176
3586
3335
2892
3778
478
3657
3657
3744
2176
2787
3303
3657
478
3657
3350
3194
2922
3072
3657
478
3211
3836
3792
3335
3430
3744
3078
3836
3836
3792
3792
3836
3374
3576
3230
4045
3329
4146
3784
3839
2781
3294
3296
3098
3412
3315
3629
3098
2717
3055
3583
2994
3744
3744
3286
3463
3657
3611
3657
3596
2919
3593
2895
3354
3392
3098
3100
3361
3357
3386
3211
3463
3646
3792
3836
4006
365
3268
3229
3267
3438
3792
4086
3356
3338
3100
3368
3864
3381
477
3387
3792
3836
371
2951
494
3836
3078
4006
4006
3295
3417
3552
2685
3283
2655
3211
3657
3447
3324
3236
3814
2956
3438
3438
3744
3744
3025
3586
3338
3283
478
3836
3425
3267
3747
2789
3447
3379
3072
3747
3744
3421
3235
2625
2954
3780
3485
3646
3392
2722
2625
2992
3795
3245
477
3096
3418
3438
2789
2841
371
4268
3548
2955
2589
3869
1334
3438
3744
2840
2609
3482
3483
3637
3832
3530
4214
3720
3472
3959
3479
3478
3974
3969
3923
3957
3958
3958
3513
3636
3514
2625
3470
3708
4885
3897
3856
4900
3530
3860
3722
4160
4285
4004
3471
3897
3897
3856
3525
3703
3701
4149
4040
4080
3496
3675
3522
3519
3668
4004
3668
3720
3905
3901
3900
3901
3914
3718
4904
4902
3914
3722
3897
3780
2831
3070
3063
2811
2841
3127
3616
3552
3550
3944
3513
3671
3671
3601
3660
3371
2722
3856
3764
3675
3563
477
4268
3434
3360
3125
3897
4900
3429
3136
3026
2817
2841
3745
3503
3897
3602
3282
3564
3241
2889
3896
3722
3856
3430
3381
3072
3575
3853
3546
2955
3671
4012
3826
4080
4889
3528
3940
3430
3253
3792
475
3502
3832
3675
3765
3613
2814
3054
2817
3551
3764
3860
3722
2625
2898
3606
4897
3342
2589
2919
3625
3860
3723
3467
3844
2955
2840
3371
2840
4088
474
3371
3826
4040
3254
3639
3380
3347
4075
3435
474
3371
3785
3946
3703
4204
3420
475
3721
3721
2976
3865
3726
3598
2955
3567
2609
3429
3527
3736
2716
3371
3645
2456
2815
4005
4058
3544
2745
3430
3422
3525
4902
3899
4902
3899
3937
4903
3916
4882
4321
4306
4286
3720
4061
4165
4882
4223
3901
3902
4286
3900
4160
3720
3961
3470
3810
4134
3532
3717
3733
3614
4193
4222
4905
2994
3302
3241
3943
2589
2589
2609
3681
3885
3344
3445
3881
3814
3947
3461
3741
2685
3598
3764
3469
3182
2991
2685
3430
3701
3701
3071
4242
4215
2685
2787
3371
3722
3637
3864
4898
3741
4184
3316
4179
3559
3873
4934
4253
4253
4253
4298
4298
4176
3721
3325
3637
2956
3889
3857
3759
3722
4941
4175
4400
4352
3725
4203
2888
4086
3943
3890
2589
2745
3532
3437
3739
3765
3054
3445
3283
3574
4142
3500
4902
3981
3592
3734
3721
3301
4160
3900
3897
3519
2685
4336
4935
3878
4331
4520
1339
4396
4294
4336
3583
3827
3399
4001
4159
4001
4159
4197
3951
4886
3471
4914
3912
3934
4914
4286
4306
3902
4286
3933
4317
4273
3923
4886
3955
4223
4914
3719
4914
4328
4888
3473
3958
4141
4909
4909
4198
4888
3911
3952
4947
3913
3918
4310
3934
4328
3928
3935
4882
4288
4321
4882
4882
3863
3765
3330
3827
3530
3520
3971
3912
4218
3473
4261
3921
4316
3472
3472
4027
4128
4004
4944
4242
3982
2746
4004
3948
3472
3471
4128
3969
4081
4081
4001
3654
3564
3860
3983
2685
3732
3530
3527
3990
3979
4000
3950
4027
4159
3993
3992
3950
3920
3971
4027
4011
3634
3301
2745
3380
4135
3990
3398
3026
2589
4025
3977
3969
4330
3469
4134
3233
4128
4184
2746
3881
4182
4298
3229
2685
3937
4902
3530
3916
2710
3230
4079
3819
3551
3307
3889
4127
3102
4176
4330
3980
2888
4005
3720
4061
3681
3966
4057
4336
3684
2685
4144
3950
3979
4081
4020
2654
4307
4298
4307
2818
2817
4219
3549
3194
4085
4109
3686
4338
3889
4101
4153
2884
3397
3040
3577
2815
2815
4111
4052
3820
3419
4168
4168
3529
2994
3689
2569
3873
4336
3669
3040
3820
3751
4336
3676
4222
3614
4122
3724
3937
3979
3620
4047
3685
4145
4146
4081
3645
3746
4208
3710
3971
4159
3969
3969
3720
3584
3143
4219
3714
3708
4224
3718
4298
4161
4170
4202
4298
3879
3880
4253
4935
4300
4186
3880
4409
4512
4190
4682
4715
4715
2884
4059
4165
4336
4903
4128
3912
4300
4418
3180
3326
3718
3974
3969
4154
4002
3719
3719
3719
3925
4331
3971
4218
4141
4224
4141
3709
3719
4160
4286
4336
4291
1334
4935
4342
4331
4403
4412
4422
4413
4389
4263
4354
4398
4398
3879
4243
1334
4410
4882
1334
3912
4263
4417
4197
3958
4352
4352
3906
4198
4261
4267
3473
3473
4274
4340
3955
3913
4336
4263
4294
4318
3909
4310
4326
4345
4404
4294
4409
4590
4344
4294
4299
4461
4598
4397
4403
4263
4344
3909
4344
4331
4326
4312
4315
3934
3926
4275
3927
3928
4272
4314
4309
3934
3926
3933
4326
3933
4398
4412
4329
4317
4186
4461
4651
4352
3880
4294
4352
4350
4460
4470
4294
4416
4350
4521
4389
4598
4577
4460
4520
4460
4421
4404
4399
4590
4512
4577
4423
4397
4397
4397
4553
4552
4425
4469
4367
4573
4364
4712
4450
4659
4364
4369
4733
4733
4685
4685
4672
4547
4540
4612
4540
4563
4612
4612
4633
4612
4653
4633
4421
4349
4426
4426
4953
4603
4416
4603
3880
4598
1338
4409
4421
4457
4651
4397
4422
4422
4421
4468
4468
4407
4553
4572
4396
4397
4572
4422
4421
4422
4422
4421
4546
4419
4419
4397
4397
4576
4546
4421
4425
4422
4407
4358
4422
4406
4466
4366
4728
4597
4652
4685
4719
4694
4547
4480
4653
4571
4685
4626
4540
4703
4685
4703
4652
4660
4659
4659
4659
4728
4721
4187
4694
4701
4397
4572
4463
4462
4469
4424
4512
4636
4506
4187
4362
4469
4608
4683
4526
4557
4396
4576
4562
4480
4480
4480
4540
4612
4612
4612
4612
4633
4633
4612
4612
4562
4612
4653
4703
1340
4462
4653
4540
4562
4653
4562
4612
4633
4633
4566
4562
4540
4562
4562
4557
4696
4393
4458
4571
4562
4562
4540
4563
4394
4394
4621
4636
4540
4552
4653
4480
4612
4612
4710
4653
4571
4612
4562
4633
4633
4673
4612
4593
4612
4480
4459
4457
4612
4612
4566
4552
4553
4540
4367
4612
4663
4712
4731
4451
4364
4540
4636
4612
4673
4557
4712
4659
4710
4696
4540
4612
4364
4190
4540
4540
4652
4652
4661
4369
4573
4595
4662
4659
4696
4359
4662
4659
4659
4659
4685
4685
4659
4659
4661
4393
4659
4702
4659
4545
4464
4612
4478
4540
4659
4708
4612
4659
4674
4612
4659
4659
4661
4694
4685
4450
4482
4480
4659
4701
4369
4368
4726
4701
4652
4733
4612
4659
4659
4659
4674
4679
4682
4393
4377
4480
4672
4672
4694
4693
4694
4626
4626
4604
4695
4695
4695
4695
4731
4612
4659
4659
4703
4695
4369
4369
4674
4685
4464
4715
4679
4540
4626
4604
4604
4604
4604
4679
4950
4701
4626
4361
4661
4540
4604
4672
4547
4733
4661
4727
4731
4362
4685
4674
4674
4702
4695
4547
4685
4694
4654
4604
4604
4702
4695
4702
4718
4712
4695
4189
4612
4727
4695
4659
4540
4540
4478
4679
4674
4674
4685
4623
4679
4595
4595
4737
4695
4695
4695
4604
4652
4702
4703
4731
4713
4695
4694
4695
4685
4674
4595
4733
4594
4728
4604
4604
4604
4733
4626
4626
4719
4685
4626
4695
4685
4626
4626
4604
4626
4695
4604
4693
4695
89
173
94
4760
424
414
21
61
61
297
346
347
91
105
75
285
227
75
309
964
862
1076
1086
630
675
572
589
589
1086
623
609
849
849
1086
861
1052
589
849
589
4812
636
1052
1066
675
4821
675
632
645
4785
706
840
623
804
4812
712
1076
1076
849
964
4785
675
1052
679
623
960
861
712
4793
572
557
838
1451
526
4841
1605
797
748
797
917
917
1451
884
2502
2534
2471
2697
2471
2471
2471
481
3210
3210
3209
496
496
497
3209
496
4874
2650
497
2567
3108
2576
3565
3390
4878
4128
3500
3908
3901
3471
3955
3911
3473
4313
4885
3896
3937
4885
3916
4904
3900
4160
3900
3900
3900
3960
3923
3969
3976
4159
3916
4328
4914
3958
3923
4128
3921
4298
4935
4934
4353
4179
4253
4934
3923
4612
4469
4562
4480
4540
4653
4652
4653
4652
4612
4540
4562
4612
4612
4695
3500
632
4804
4967
4804
4804
4974
4804
4804
4981
2711
482
2650
2650
4981
2800
2711
4871
4871
3079
2833
3004
2650
4871
4871
4871
4871
4871
187
132
3587
2967
2982
2982
2957
2982
2982
2424
2967
2611
3587
3587
2843
2843
2804
2804
2967
3011
3587
3011
3587
3587
3587
3587
3587
3587
