479
159
471
471
471
557
755
410
661
555
780
889
437
437
478
470
216
11
343
303
440
11
437
341
213
437
213
437
437
211
462
362
244
462
468
352
468
362
468
362
352
211
213
462
447
303
343
437
437
152
244
244
244
159
479
684
218
224
755
466
471
541
563
437
437
474
59
468
216
300
226
300
352
557
12
12
352
352
543
152
152
152
447
152
152
152
152
58
152
267
447
469
437
558
558
474
474
474
468
468
468
352
468
474
474
244
152
547
437
215
547
547
462
474
468
468
468
468
226
468
59
59
152
152
474
434
213
214
59
468
468
474
59
479
566
156
567
567
567
567
567
464
221
464
567
567
567
567
152
437
558
479
628
566
300
300
437
558
479
474
474
244
468
244
211
211
267
352
211
213
267
268
343
343
343
267
362
211
547
300
352
152
479
541
479
548
628
59
468
468
352
352
303
563
469
628
463
672
672
672
480
552
749
219
222
222
220
985
1195
924
772
772
780
780
761
555
565
219
563
566
156
555
156
379
58
244
244
468
214
684
463
468
628
566
730
563
547
470
547
548
566
244
59
541
468
463
541
461
561
755
468
362
471
672
156
761
761
464
156
468
474
213
468
672
541
547
684
268
152
267
548
156
244
545
352
352
558
474
468
547
300
352
541
545
300
461
661
156
672
156
567
567
12
352
468
268
672
558
558
558
656
558
730
211
214
684
268
567
559
58
244
300
152
447
213
267
152
267
472
414
267
11
11
469
322
462
684
218
409
156
761
461
561
156
211
409
557
466
749
550
545
11
557
352
672
567
150
558
761
545
12
557
12
231
557
684
440
684
410
224
761
156
155
657
758
796
1012
1051
1976
2807
1886
393
3581
3913
3911
4217
4319
4142
3427
3427
4126
470
557
469
153
761
300
546
156
761
758
761
748
660
660
859
761
656
551
656
656
542
12
542
469
656
567
546
542
343
567
300
732
567
303
656
672
219
343
555
303
11
542
567
11
11
231
343
224
11
542
542
11
378
343
267
267
378
761
267
844
985
2301
2301
729
218
224
552
219
219
219
567
555
672
156
755
782
749
379
464
844
219
1195
1195
877
877
857
1268
1750
2037
389
2661
2750
2752
3585
3748
2881
3387
3236
3030
3035
2890
2890
2890
2587
2402
2233
1475
1608
1606
1606
1677
1767
1776
1462
2939
3134
2393
2544
1950
2459
2433
464
156
749
219
219
552
776
552
844
748
844
222
780
220
814
758
464
657
780
729
219
219
464
748
758
844
219
219
985
844
464
985
844
985
758
748
1632
815
805
780
919
919
919
1243
919
919
654
1243
1243
1243
1084
1113
605
1102
1253
603
1366
1517
1366
1327
1081
608
1031
967
609
1031
654
870
919
919
919
919
919
919
919
1367
919
919
222
219
867
1243
1243
1243
1243
654
919
919
919
1367
981
981
1243
1243
983
1084
981
927
1335
985
780
748
1632
902
2138
748
919
919
919
654
844
919
985
919
919
919
1298
654
654
654
919
1298
985
889
660
976
919
919
919
919
919
919
919
870
844
919
1243
655
981
981
919
919
595
1367
919
919
919
595
595
595
919
985
919
919
985
985
985
985
889
985
1195
780
924
924
877
919
1243
2138
924
976
1243
981
760
919
2301
2301
1298
919
919
919
919
919
919
919
595
919
1195
1542
1542
1542
772
919
655
748
876
919
1243
919
919
1195
981
919
919
919
877
877
919
919
919
1367
919
748
919
1367
1078
957
1549
957
606
859
2301
2494
2301
595
595
1367
919
595
595
1367
1367
2301
220
2247
1243
1367
985
985
985
2301
2365
981
595
1367
1367
660
1632
919
1367
1367
1367
1244
919
919
1367
956
919
985
220
1076
1113
1367
1554
1542
2494
2805
2478
2477
2494
1542
2301
2494
2941
2301
892
901
1367
2301
2301
2429
2301
605
595
919
919
595
919
919
919
605
605
919
2138
1076
1076
1367
919
919
2301
2494
924
807
821
1085
605
957
970
1085
859
1051
2368
2151
3163
3163
3163
3146
3281
3243
3248
3248
3108
2711
3033
3033
3033
2275
3033
2277
2277
3013
605
595
919
957
957
605
605
1102
1102
1113
595
971
1057
1056
609
1163
929
938
1184
1162
1326
1160
971
1066
1055
974
1553
1559
945
1170
1345
1326
1202
1313
1235
1277
1276
945
997
945
1173
945
945
1173
1173
1173
1173
1198
1760
1926
1926
1948
1926
609
974
962
1057
980
979
1032
1163
1163
1066
892
973
974
974
973
1055
973
1057
1057
980
608
1074
967
1032
1163
1184
1579
937
1517
980
1055
1057
609
929
1163
1632
927
927
772
857
1326
1055
1228
1360
1509
1326
1326
1181
1228
1277
1276
1276
1365
1276
1170
946
946
946
946
946
1173
2017
1444
1173
2017
1582
1225
1165
1219
1165
1116
1222
967
1056
1102
605
877
1075
1182
1509
1509
1509
997
997
945
945
1470
1559
877
1160
1243
1084
1236
1057
1184
919
919
919
919
919
919
919
919
2301
1228
1326
901
901
2490
3066
901
1185
1031
608
1313
937
1184
1367
919
892
1228
1160
1182
957
609
609
1051
902
2301
609
974
974
1747
926
1236
1031
1163
1206
1206
927
1230
1500
927
1244
1517
877
608
1326
1335
1206
605
919
919
919
1228
919
1267
1204
1326
1228
1277
1163
1206
919
1226
1116
1228
1222
1228
962
609
1228
1184
1414
1244
962
1356
1165
1213
1157
1224
1213
1356
1356
1356
1563
529
529
1654
529
529
529
529
529
1654
1763
1790
2107
2394
2394
2298
2394
2107
2101
1723
1932
2802
2115
2834
1131
1130
2432
2432
2032
1943
2063
1873
1995
1379
1794
529
529
1794
1654
1165
1356
1220
1074
1326
1313
1345
1170
1345
1345
1326
937
937
1360
1356
1078
1078
919
1121
1170
1279
1493
1581
1582
957
1267
1253
1102
1313
1313
1313
1345
1345
1276
946
946
946
945
1864
1031
1074
1466
974
603
1074
1201
1360
1360
1360
1226
1213
1165
1121
1213
1224
1621
1777
1417
1121
971
603
1414
1326
1226
1006
1219
1116
1360
2301
2494
1224
1676
1702
1432
1702
1702
1224
1218
877
1157
1213
1676
1702
1222
1078
1120
1313
1365
1864
1170
1345
946
937
1222
1469
1165
1417
1652
1170
1170
946
946
609
1078
957
1204
1500
1102
1326
1213
1230
1230
1360
973
1202
1118
1169
1157
1676
981
1204
1279
1366
1366
1165
1356
1202
1202
1252
1676
1226
1360
1702
2301
1267
1267
1229
1276
901
1102
2301
1078
1120
1493
1366
1218
2301
1542
1236
1345
946
1170
946
946
1170
1276
1345
1202
1046
1268
2434
3133
4112
3946
4319
4315
4186
4340
4565
4627
4627
1294
1230
1253
1252
1074
1441
1592
1253
1102
1165
1356
1356
1509
1559
1559
974
957
1592
1188
1224
1268
821
821
1579
1051
2226
1365
1517
937
1226
609
821
805
821
1517
1734
1913
529
1790
529
529
529
1165
1652
1170
1345
1170
1170
1652
1170
1801
1276
945
1345
1313
1345
1276
1170
945
945
2017
2017
1253
1592
1356
1356
1225
1563
1892
1677
1833
1204
1276
1276
1276
1276
1276
1276
945
1864
1173
1801
1120
937
1253
1006
1342
1342
1342
1509
1674
1509
1665
1677
1475
1681
1681
2394
2394
2394
2394
1790
1790
1706
1731
1500
946
1665
1113
1253
1253
1230
1500
1500
1441
1253
1253
1500
974
1517
1360
1665
1541
877
1268
1567
1567
1610
2021
2531
1253
603
1414
1356
1864
945
945
946
946
945
1212
877
851
852
2164
3056
3467
2621
2621
2639
2494
775
1866
495
1284
2894
3428
1592
1366
1102
603
2370
997
1345
1864
1170
945
1864
1170
1541
1764
1772
852
852
1253
1102
605
805
902
1414
1170
1170
1182
1706
1665
1599
1274
1460
1830
2460
2612
1414
1165
1236
1414
1274
1500
946
1864
945
997
945
945
946
945
1864
946
945
945
945
945
1621
775
1864
1559
1360
1509
1532
1444
1360
1444
1432
974
877
1542
1542
1542
1345
945
1279
1750
1567
937
1360
852
1864
946
946
1360
2494
2494
1542
877
1542
1542
1542
1182
1542
1542
1541
1493
945
945
945
1506
2494
2125
1606
851
851
1680
937
1747
974
1892
1913
1432
1432
1542
2125
3214
2508
2125
1661
1677
1661
1661
1731
1706
1541
2370
2368
2226
902
532
1224
1493
775
1542
1606
974
974
1554
877
851
877
1706
1706
603
1509
1509
974
2490
2490
1745
1541
1606
1661
1745
1651
1638
1638
2083
1713
1567
494
945
945
946
945
945
945
945
997
945
1614
1614
1348
1363
1279
974
1182
1706
945
945
945
945
945
945
945
1279
1493
1532
1567
2370
1609
775
1457
1342
852
1567
1784
2770
3930
3208
3917
2861
2904
3430
3034
3034
3021
3035
1567
1801
1414
1356
2941
2490
2490
2490
2621
2479
2479
1661
974
1766
1753
1414
945
945
945
1750
2226
1356
2429
2429
2429
1661
851
1475
1475
1753
1745
1745
1783
2862
3456
1745
945
945
2226
1954
2528
532
1607
1681
1475
974
1661
609
1661
1612
974
1680
1681
851
1661
1608
1681
2402
2800
1766
1279
1975
1766
1608
1475
1475
1772
1825
494
1414
946
1747
1493
1621
2225
1506
1953
945
945
945
945
945
945
945
1866
1199
1225
1442
1898
2125
2490
2429
1953
1461
1559
1747
1747
1893
847
1607
974
1497
2083
1498
1434
1918
1356
1563
1565
1225
2125
2667
3214
2059
2477
1661
945
1869
1225
1607
1607
1611
1766
945
945
974
1279
2226
2152
2806
3086
1866
2029
1342
1342
1607
2478
945
1198
1559
1493
1358
1681
1607
974
1333
1333
2162
1607
1559
389
1850
2357
2797
1976
1681
1914
1914
2394
2394
2394
2394
2394
2394
2394
1914
2394
2394
2394
1475
2621
1614
1621
531
1563
1225
974
1614
1614
1553
1614
1509
1173
1173
2017
903
1907
2758
1975
494
2642
1582
1475
997
2226
2083
1225
1509
1614
1614
2017
2017
997
2017
2017
2017
945
945
2368
2982
2893
1887
393
2340
1886
2078
2058
1981
1614
997
945
1477
1852
2070
1951
1948
1948
1758
1172
2029
2394
1563
1225
1639
1981
1773
1509
2127
1833
2394
1225
1639
1757
1172
1629
1852
2642
2394
2394
1790
1790
1681
1914
2587
2394
2394
2298
2890
2587
2587
2587
1173
2017
1852
1200
1952
1708
1866
2383
1333
1333
2383
2688
3196
3451
495
1852
1765
1475
2127
2226
1869
1563
1565
1475
2045
1476
3163
3163
2429
3163
2104
2053
2508
1681
1681
1681
1681
2233
1681
2233
2587
2587
2233
2233
1681
2478
1363
2478
2621
2621
2368
1582
1757
1582
1866
1225
1582
2478
2478
1614
2162
2190
2394
2107
2479
2621
2017
2017
2017
1444
1333
2629
2642
3054
2192
1981
1640
1641
997
2106
1475
2478
2621
1581
1582
1866
2758
1444
1830
2394
1914
2587
2587
2587
2587
2890
2587
2232
1454
1914
1805
1952
1853
2070
1818
2057
1914
1914
1914
1681
2621
1964
2621
2793
1977
1914
1914
2394
1914
2394
2394
1790
2100
1681
1475
2233
2642
2402
3065
1681
2017
2162
1333
2687
2394
2394
2402
1682
1682
3035
3021
3035
1475
2621
1749
2770
1565
1225
1582
2806
1870
1582
2557
2555
3080
3033
3335
3248
2277
2557
2277
2277
2557
3060
3060
4874
2277
2277
2555
2555
2557
2555
2320
3335
3108
3108
2997
3078
2277
3282
2555
2555
2277
2017
1852
1976
3340
3531
1981
1914
1914
1914
2587
1914
2394
2557
2557
2555
3080
2017
1749
1948
1852
1358
2394
1442
3060
3033
3080
3027
2277
2555
1582
2162
2358
3568
4036
4036
3532
2621
1454
1225
2320
3335
3060
1582
2320
2288
2320
3163
1582
2806
3054
2045
2479
2479
3080
2320
3282
3078
2557
3399
3053
1681
2233
1914
1914
2358
2587
2557
3087
2286
2479
3060
2277
2555
3033
2277
3086
2806
3032
2860
2587
1217
2100
2394
2394
1790
1790
1790
2321
2318
3391
3113
2319
3061
3060
3361
3248
3282
3282
3361
3335
4879
3113
4879
3013
3013
2557
2598
3391
3391
2319
3395
3395
3403
3202
3403
3403
3403
3403
4879
3060
3059
3013
3114
3130
3013
3013
3013
4874
3163
3163
2316
2555
903
3091
2997
2556
3202
3403
3403
3403
3403
3403
3403
3403
3403
1499
2071
2040
2321
3280
3279
3333
2268
3366
2263
2263
3061
3058
3113
3058
3061
3061
3395
3395
3130
3130
3130
3395
3061
529
1898
2052
2052
2513
2513
528
2052
2513
3061
3078
2479
2276
3013
3033
2555
3033
3033
2806
2808
1582
2989
3159
3061
2394
2394
2394
2394
1225
3335
3033
2277
2277
2277
2277
2277
1552
1960
2233
3361
1442
3361
2288
3361
3248
2479
2479
1225
2288
3163
3146
3248
3248
3146
3033
2277
2277
2277
3013
1582
1748
947
1926
1926
2460
392
3427
3303
3391
3248
2997
3033
2997
1582
2285
2768
2679
3329
1790
3061
3108
3079
3063
2152
1979
2860
2318
3111
3365
3329
3392
3392
3391
3111
3404
3111
3366
3366
3366
3392
3392
3333
3392
3357
3061
1640
2446
3088
3243
2482
2997
3079
1757
1852
1552
2747
3334
2394
2394
2394
1623
2479
529
2052
3060
3329
3357
2907
3205
2587
2890
2394
2394
2394
2100
529
2394
3248
3013
2277
1757
2340
1952
1949
1831
3003
3357
3111
3365
3329
3329
2598
2587
2587
2587
3245
529
3243
2277
2204
2318
3245
3278
3347
3242
3201
3201
3403
3403
2233
3088
3281
2951
3013
3210
3243
3281
2483
3058
2394
529
3146
2997
2587
2890
2890
2587
2890
2587
2587
2479
529
1790
1763
529
3060
2275
1958
1748
3280
3281
3281
1914
2394
3061
2100
3248
1172
3357
3466
1640
3065
3061
3013
1955
3357
2446
3033
3214
2679
2394
2298
2298
2298
2435
1790
1790
1442
2275
2074
3650
1790
1790
1790
1763
529
2107
2107
2107
1790
2107
1809
3013
3013
3013
3033
3033
3114
2753
3357
2295
3365
2269
2587
2394
2394
529
529
1898
3059
3013
3033
1957
2747
3111
3111
3366
2832
3065
3065
3430
3430
2904
3065
1790
1763
1790
1790
529
2052
1172
3033
2558
3430
2394
1682
2214
2587
2890
529
1654
529
3013
3013
3130
3395
3013
3059
3062
3059
3059
3059
3013
3013
3013
3059
3033
3013
1284
2750
2748
2394
2479
3146
3146
3146
3913
3913
3086
2479
495
389
3058
3061
3465
3465
2479
394
1654
2711
1284
2688
2750
2383
2343
3357
3365
3436
2800
3281
529
2340
2832
1763
1790
1790
1794
1794
1654
1654
528
1812
1654
1654
1654
1654
529
2052
3013
3013
2319
2890
2587
3532
2435
3281
3146
3146
2052
2052
2052
2052
2052
3013
3404
2691
3280
3279
3281
3278
3034
3061
1654
1654
1654
3060
3013
2688
2385
3280
3240
3242
3403
3436
3433
2263
3281
1748
2179
2513
3075
3365
3365
3366
3366
3366
2263
1682
3146
529
529
1654
2340
3033
3033
3013
1831
3404
2263
3111
2394
1654
529
1654
1654
2432
2432
2432
1654
1654
2052
2052
2052
2513
2513
2052
2052
1654
2432
528
1654
528
2806
2806
3086
2343
3045
3842
2939
1867
2268
3281
3146
3033
2688
3736
4112
3184
1286
3586
2434
2163
3123
3404
2890
3196
3392
3392
3392
3146
3146
2483
3033
3196
2748
3568
2904
2904
3278
529
529
1997
2432
2513
2513
2668
3199
3199
4120
4120
4120
2711
2806
906
2905
2586
3365
3650
1790
3146
3146
3059
3061
2806
3141
3013
3205
1642
1682
3144
2997
906
3091
3013
3340
3111
3568
2904
1654
1997
3365
2638
2960
2961
3284
3579
3717
3330
2904
3065
3146
2641
3365
3366
2852
2960
3197
3492
3103
3452
3030
2812
2961
2589
2890
3146
394
2893
2893
3484
2319
1644
3867
4084
3939
4143
4240
4238
4269
3946
4314
1790
3033
3333
3867
3208
3568
4000
3059
1950
2459
4897
4897
4884
537
2459
4884
3362
3577
3455
3538
4136
3041
4900
2874
3098
2915
2922
3195
3577
535
2866
2749
2884
4227
4920
4137
2661
3736
3947
3366
3366
3366
3366
2263
2263
3021
3065
2754
2401
2999
499
3841
3541
502
3057
1647
1647
2804
3399
3059
2263
3907
2101
2960
2161
4888
4890
1902
2181
2929
2979
2381
2513
949
2929
2867
4897
2381
4977
952
2929
2875
3506
2915
2915
3781
3191
3725
3546
3725
3196
3398
3706
3748
3278
3930
3034
3146
2379
2379
2179
2179
3114
2161
2928
3033
2459
4895
2297
3436
3035
3144
3430
3715
1723
2093
2115
1682
4953
4963
4963
3539
4004
4167
2969
4077
3042
3701
2783
2876
2979
2400
3013
906
906
3033
3340
2905
2544
2749
2263
2319
2379
2432
1997
1943
2995
2929
4890
4888
4888
3584
2263
3035
3065
3240
3146
2379
2513
3239
3242
3878
2219
1997
2065
3013
3114
3114
2077
3124
3447
3035
3076
3035
1997
3879
3059
3114
3033
3033
3033
3028
3394
3587
3146
3031
3013
3033
3033
2883
2589
3430
2585
2772
3388
3558
2567
3783
4196
3042
4977
906
2883
3030
3146
2875
2893
2829
2938
3868
3908
3913
3879
3868
3021
3130
3130
3114
3031
3033
3436
2268
3347
3447
3242
394
3146
2967
3701
3073
2950
2870
3242
3208
1836
2112
3086
3033
3033
2263
3433
2263
3242
3144
906
3347
2432
2682
2640
3033
3908
3347
3059
3307
3923
2871
3097
2922
2873
4020
3529
3386
2853
3912
4111
3120
3308
3033
3013
2263
3406
3395
1642
3130
3347
1887
1887
3913
3913
3033
4042
4042
4078
4017
3133
4112
3436
2651
3146
2967
3130
392
393
3484
2741
3718
2999
3841
499
2263
2852
3913
906
3086
3913
3028
3034
2032
3201
3033
3395
3387
3716
2804
2802
2804
2115
1647
2115
2943
2112
2115
1844
3347
3611
3574
3086
3913
3033
3202
3403
3403
3403
3398
3433
1151
2903
3569
3354
3150
2840
2115
3913
3304
3304
1286
2268
3050
3086
3895
3781
4167
3097
3455
3896
3429
3446
3447
2852
3387
1154
2876
3033
3403
3033
3433
3406
3868
4195
3939
4245
4245
4173
3889
4058
2943
3567
3395
3879
3913
3403
3403
3611
3611
3191
3725
3611
3114
3781
3191
2973
2974
4119
3378
3918
3918
4153
4153
3787
3739
4055
3781
3909
2961
3030
3879
3403
3242
3403
3403
3403
3403
3403
3403
3506
2556
3496
3913
3913
3781
2973
2974
3746
4168
3787
4168
3231
3763
3378
3590
3362
3514
3576
3981
2961
3009
3452
3363
3197
3541
2442
3523
3403
3403
3403
3403
3130
3114
2880
2943
3913
3611
3403
3191
399
3021
2801
3452
3149
3408
1646
3149
3403
3725
3202
3895
1887
3132
3581
4058
2969
3191
4047
4115
4087
4087
4125
3794
4047
3122
2263
3487
3937
1646
3403
3403
3403
3202
3202
3130
1887
3896
4099
3864
3923
2943
3452
3403
3403
3403
3403
3403
3654
3913
3496
1887
2938
3197
3284
3236
2881
2861
3523
3913
3403
3403
3130
3446
3197
2120
3433
3403
3403
3403
3403
3202
3725
3741
3741
4035
4087
4041
4157
4160
3233
3894
4079
3922
2974
2974
498
3385
3208
2942
2537
2819
3236
3403
3403
3403
3130
3403
3121
3536
3386
3085
3403
3403
3403
3403
3403
3130
3130
3403
3403
3403
3913
3913
3669
4986
3284
2967
3403
3913
3403
3403
3654
3913
3922
3725
2974
1887
3880
3446
3194
3896
2896
3452
3452
3103
3403
3403
3403
3403
3725
3121
3981
3403
3919
3857
3121
3868
3868
3236
3725
3748
2884
3567
3913
2871
4099
3868
4113
3452
3492
3911
3725
3746
3753
1643
3913
3913
3913
3725
4041
4055
3232
3739
3471
3894
4147
4147
4147
4168
4168
3920
3920
3775
3739
3378
3949
3686
3686
3470
3484
2871
4048
4181
3783
3912
3716
3758
3546
2783
3913
3857
3746
3191
3266
3845
3984
3859
4160
3573
3150
3911
3913
3581
4119
3913
4054
3909
3103
3913
3919
3378
3739
3894
3893
3100
4000
1643
3690
1887
3427
3686
3753
3523
3913
3913
3739
4119
3266
4197
2740
4098
2899
3149
3487
3739
3378
3261
3233
499
3574
3363
3150
3919
3919
3857
3378
3924
3137
3546
3919
3378
3856
3716
3857
3208
1643
3857
4054
3753
3747
3774
3868
3492
3330
2751
3894
3748
499
4173
3747
3859
3859
3756
3284
3982
3581
3581
3378
3740
4137
4137
4318
4318
3208
3574
3716
3936
3378
3705
3950
3950
4198
3815
4172
3815
819
819
626
626
693
626
626
626
626
624
624
624
4080
3986
3986
3705
4947
4198
3978
4198
4909
4069
4068
4149
4068
4100
4204
3811
4170
3958
3816
3817
3811
3811
4069
4069
4068
4068
4068
4068
4131
4100
4044
4158
3986
3986
3780
4022
3646
3811
3817
3811
3811
3811
3814
3809
3814
3814
3809
3809
4287
4287
3809
4287
4287
4170
4198
3846
4068
3868
4924
3911
3546
2977
3852
3378
3122
3763
4079
3780
3705
2969
4066
3894
3894
4947
3894
3861
3835
4204
3834
3780
4147
3701
393
3378
4054
3794
3984
3646
4068
4100
2897
4035
4035
3982
3739
4069
4198
3762
4066
4099
3574
3919
2853
4198
3722
4068
3389
2819
4113
4041
4041
3840
4042
3986
3705
4080
4158
4158
4068
4068
4100
2898
4923
4924
3884
4198
3722
3780
3780
3873
4147
4147
3780
4047
4091
4091
3929
2969
3722
4198
3811
3722
3748
3690
3986
3834
4067
4074
3947
4116
3546
4198
3811
3815
3950
2969
3317
4920
2854
3586
3747
2882
3586
4158
4044
3986
3039
3038
4195
2783
3492
2881
2882
3894
3263
3834
3834
3040
3937
3262
3811
3817
4115
3841
4158
3515
3939
3581
3853
4095
4068
3783
4035
3861
4168
4168
3570
3122
4125
4124
4047
4125
4124
3856
3948
3760
4068
4149
4068
4069
4068
4068
4068
4068
4022
4068
4287
4287
4287
4287
4287
3809
3809
3809
3960
3816
4172
4172
3809
4255
3809
4255
3816
3958
3809
3809
3815
819
819
3815
3815
3815
4172
4250
4131
4131
4044
4147
4250
4159
4067
4250
4287
3176
3515
3541
3938
2855
4227
3853
3780
3475
3780
2871
3427
4142
3470
3986
4044
3374
3939
4246
4237
3739
3811
3811
3815
4047
3717
4240
4273
3794
3779
4100
4173
4058
3889
4246
3747
3950
3811
4147
4147
4158
4068
4195
3581
4181
4919
4173
4919
4245
4246
4245
4245
4256
4226
4239
4922
4182
3889
4245
3811
3739
4168
4147
3870
3263
4068
3388
3811
3541
3427
4142
4126
4147
4044
4147
4035
4173
4181
4195
3541
3570
3870
4044
3913
4173
4041
4168
4047
4196
4121
4160
4157
4068
4068
4068
4068
4068
4091
2977
4114
3811
3889
3811
4170
3978
4069
4287
4225
4225
4256
4240
4238
4256
4289
4260
4268
4241
4234
4270
4319
4319
4168
4115
4147
3817
690
626
4840
626
626
3817
3817
3817
3816
621
819
3816
621
3816
3958
3958
3958
3958
3958
621
819
819
819
3958
3958
3816
621
819
621
621
819
819
626
690
626
624
621
621
819
819
819
819
819
819
819
3958
621
3958
3958
3960
3809
3809
3814
3814
4287
3817
3817
3815
4125
4158
4158
819
3817
819
819
626
819
819
819
626
624
624
819
819
3817
819
3817
3811
3889
4035
4087
3749
3271
819
819
626
626
626
626
626
626
690
626
690
4017
2784
3262
3901
4273
4131
4068
4068
4149
819
690
626
626
4840
819
4840
698
4840
4840
626
626
819
626
626
2977
4058
4055
4237
3760
3038
4158
4147
819
2977
4047
2855
3794
690
626
3388
3811
3815
4125
4152
819
3581
2824
3880
819
4058
3374
4168
4318
4287
3809
4250
4067
4149
2783
3739
4157
4157
4157
4077
2968
4153
4080
3263
3470
4058
3889
3929
2975
4091
4124
3815
3815
3042
2969
4125
4124
4289
4318
4318
4318
3039
3947
4240
3471
4250
626
626
4840
626
693
3889
3889
3929
4087
3749
4078
4147
4240
4840
2784
4114
3950
3946
4147
4153
3787
4068
4287
4004
2821
4124
4091
4125
3880
4147
4153
4147
3739
4269
4147
4250
4250
4131
3866
3767
3866
4238
4318
4318
3475
819
3767
4125
4269
4318
4344
3815
4250
4168
4147
3475
4147
4160
626
3816
4124
4157
3471
3838
4147
4125
4250
4840
3739
4172
4147
3925
4250
626
626
626
626
819
3232
4168
4168
4250
4255
4255
3809
3767
4087
3232
4153
4058
4241
4217
4260
4260
4241
4268
4186
4482
4401
1291
4281
4281
4716
4087
4250
398
4287
3809
4250
626
626
4241
4230
4157
4082
3796
3809
3809
3809
626
626
3796
4152
626
819
819
819
819
3815
626
626
624
626
4344
626
3809
819
3816
3809
3946
4315
4341
4289
4260
4289
626
4266
4217
4234
4324
4402
4324
4313
3880
3946
4338
4260
4319
4314
4268
3941
3809
819
819
4186
4289
624
624
624
4314
3809
3809
819
819
621
819
624
819
621
4315
819
819
4267
4186
4202
3816
819
3816
621
3816
4268
4241
3941
4338
4430
4438
4126
4319
621
4268
4234
4234
4268
4234
4241
3958
3816
4241
4338
819
621
819
819
819
819
819
4338
621
621
621
819
3816
3958
3958
4186
4324
621
621
3816
621
4319
4231
4241
4314
4319
4315
4338
4426
3945
4319
4338
4186
4183
4303
3945
3941
4426
4426
4430
4323
4337
4186
4270
4323
4186
4406
4337
4397
4397
4279
4588
4526
4499
3942
4351
4443
4499
4541
4541
4636
4683
4534
4516
4517
4454
4777
4706
4751
4364
4944
4449
4689
4689
4612
4656
4936
4607
4452
4277
4277
4391
4588
4620
4620
4430
4627
4389
4234
4565
4426
4323
4591
4234
4233
4337
4420
4402
4406
4232
4438
4270
4397
4397
4337
4420
4402
4484
4551
4551
4234
4420
4339
4323
4234
4323
4337
4337
4469
4277
4179
4554
4554
4541
4541
4714
4714
4629
4595
4939
4573
4564
4595
4516
4610
4516
4462
4939
4515
4595
4938
4930
4930
4356
4435
4440
4401
4482
4595
4270
4397
4276
4392
4276
4588
4234
4425
4179
4588
4582
4340
4356
3942
4527
4596
4452
4559
4575
4610
4459
4522
4648
4763
4361
4450
4670
4459
4637
4637
4607
4642
4451
4461
4463
4642
4939
4335
4452
4463
4461
4575
4606
4689
4452
4637
4404
4459
4606
4477
4627
4389
4575
4606
4630
4459
4482
4431
4388
4180
4484
4575
4689
4637
4606
4449
4398
4500
4588
4459
4670
4601
4637
4936
4612
4757
4637
4453
4514
4588
4591
4689
4608
4449
4670
4352
4462
4350
4689
4380
4477
4498
4433
4481
4611
4689
4689
4689
4655
4452
4689
4689
4494
4399
4606
4363
4615
4449
4575
4575
4515
4649
4683
4637
4445
4526
4563
4558
1291
4481
4281
4615
4401
4620
4446
4193
4683
4683
4563
4465
1291
4752
4584
4446
4934
4589
4620
4362
4706
4362
4687
4356
4563
4936
4744
4763
4930
4939
4465
4587
4587
4498
4556
4556
4450
1291
4350
4589
4435
4649
4357
4627
4356
4650
4443
4690
4705
4190
4627
4556
4459
4934
4516
4464
4629
4629
4629
4934
4629
4525
4659
4659
4763
4763
4534
4627
4643
4752
4690
4937
4433
4558
4381
4474
4382
4586
4190
4477
4933
4597
4771
4532
4628
4622
4525
4525
4517
4597
4628
4934
4611
4577
4354
4597
4622
4517
4517
4516
4659
4357
4706
4409
4400
4393
4435
4589
4631
4771
4655
4641
4629
4691
4691
4659
4934
4763
4763
4407
4480
4655
4934
4400
4281
4655
4763
4759
4936
4597
4687
4597
4516
4536
4354
4358
4587
4597
4582
4582
4535
4393
4597
4628
4659
4638
4639
4281
4937
4577
4417
4655
4435
4629
4691
4683
4193
4562
4586
4525
4516
4525
4582
4582
4525
4466
4464
4193
4517
4628
4690
4354
4623
4641
4691
4763
4638
4659
4464
4660
4691
343
268
343
267
211
352
153
226
352
11
479
211
59
352
244
244
919
919
919
867
919
919
919
919
654
919
655
919
595
919
1113
919
919
919
919
983
1243
655
605
595
919
919
919
1084
1253
1084
919
595
1113
857
976
772
857
877
877
877
877
924
2370
2479
3130
3061
3061
3130
3130
3062
3061
1952
2513
1943
2221
1943
2070
2070
1948
2432
1853
1951
1925
1951
2433
2433
2076
4900
3913
3809
4069
4840
3816
3809
3817
3817
819
3817
819
621
3811
4909
3816
4287
4149
4287
4149
4170
3814
4287
4909
4170
4170
4170
4170
3809
3958
3809
4198
626
626
626
4840
626
4069
4287
819
626
819
819
4287
819
4022
4318
4256
4256
4245
4226
4226
4256
4239
4182
4260
4182
626
4628
4276
4606
4721
4556
4606
4573
4444
4768
4357
4459
4938
4606
4716
4149
4068
1084
1084
1243
2179
2513
2513
2513
2513
2379
2179
2543
1899
1925
2400
2180
2543
2400
2513
2181
2161
1925
2400
2179
2513
1925
2179
2543
1925
2179
2179
2180
945
945
1276
1864
