151
227
111
101
58
144
169
170
121
215
179
161
414
64
64
347
91
161
161
156
162
4757
248
4757
91
91
250
275
268
329
378
4746
248
4757
4750
162
257
85
322
399
391
399
290
144
145
120
169
285
161
378
4751
4751
4751
4751
4751
91
250
250
91
347
64
4751
414
163
283
108
247
90
64
4757
4757
248
162
261
91
250
250
283
63
63
429
226
168
4750
275
275
347
4751
4751
347
155
4750
377
377
154
4754
154
4751
164
164
275
275
347
4746
151
108
378
377
377
154
4757
4751
249
175
285
3
241
241
51
323
317
346
346
399
294
9
51
240
51
240
275
162
166
4752
305
416
175
4757
33
305
305
164
91
329
268
268
250
268
275
250
250
105
91
105
268
275
275
275
261
230
305
257
166
275
268
275
82
4757
7
286
241
228
228
4755
399
399
399
399
399
399
290
218
290
290
291
291
259
215
274
219
504
457
344
221
52
234
234
139
274
274
3
121
234
234
139
215
162
347
4757
4757
64
92
4751
63
310
4
275
313
298
414
154
162
5
329
329
4751
4751
3
138
172
171
347
151
111
313
52
52
51
51
3
275
4757
91
240
170
4751
4
282
92
108
108
313
4751
170
4751
64
275
154
76
5
275
80
144
4751
168
170
241
228
241
51
347
250
275
92
240
76
305
58
287
288
391
288
171
64
168
288
290
51
121
91
275
329
91
105
250
105
105
91
4753
92
51
226
314
134
287
52
4751
204
52
4751
144
145
53
414
64
64
268
51
4751
4753
241
64
64
91
391
399
399
64
6
169
45
105
268
268
234
52
52
229
319
4840
1451
1451
1522
1482
1366
1992
2677
3046
3047
3448
3829
3791
4184
4290
4259
3196
3395
4125
4406
4751
251
247
275
321
53
234
241
52
253
254
272
386
796
381
254
200
177
283
226
97
171
50
64
64
91
347
288
51
144
64
275
268
250
51
64
391
290
105
91
290
8
399
323
399
274
105
64
64
250
51
250
250
218
64
314
8
64
250
250
105
250
172
317
391
272
323
272
399
399
294
399
290
290
344
48
502
399
399
399
51
399
218
218
218
217
399
399
272
399
399
294
399
399
399
274
255
234
52
399
8
8
218
171
53
297
399
399
323
8
51
171
178
234
399
399
323
297
399
399
274
274
528
1443
1499
1499
1616
1598
1880
2326
2326
2232
2481
1888
2625
3387
3301
3441
2740
2740
481
481
482
2833
2757
2386
2362
2364
2364
2364
2359
1916
1916
1720
485
485
1718
1594
1754
1818
493
2434
2419
2273
2325
2702
2325
323
8
323
323
53
221
323
215
399
399
215
399
291
291
291
206
255
218
51
8
323
323
215
297
399
323
139
229
452
323
201
380
206
229
255
274
399
399
274
272
317
316
317
4755
399
8
297
399
297
255
8
297
399
297
399
399
399
274
9
294
297
399
297
399
272
297
399
399
399
399
399
399
399
297
272
381
196
1605
386
796
1482
255
594
543
719
693
737
693
602
555
559
593
553
593
602
601
601
597
593
549
4815
734
562
565
4800
4800
4805
4781
1066
567
569
1421
4795
4808
1505
1342
1295
1584
579
1123
1131
1012
1101
1119
1230
1129
543
595
721
690
721
595
595
595
603
694
689
689
604
817
4776
738
738
607
690
611
688
4776
274
255
9
594
4819
555
553
618
559
618
622
620
1076
602
548
628
4809
705
772
615
549
559
559
563
792
4805
964
1025
274
274
291
235
501
796
921
766
4853
543
543
608
695
596
200
658
693
693
399
399
399
399
399
610
294
4790
4824
735
550
559
734
274
229
796
1522
610
737
693
663
693
737
4819
4809
658
723
814
608
704
637
710
399
290
399
710
798
674
714
4806
849
607
663
721
722
690
845
725
910
806
816
729
832
732
816
805
399
312
737
723
612
399
399
399
274
297
274
294
399
712
219
318
400
796
1451
666
1533
1443
710
796
380
1522
274
792
122
1451
455
707
238
711
293
801
699
701
802
806
805
805
4779
805
833
816
812
311
740
846
1712
1859
607
641
763
200
221
412
452
312
715
802
800
723
46
632
729
776
4775
740
311
612
805
902
4813
208
799
812
887
957
1294
1310
646
206
198
1128
786
846
526
444
729
811
844
4770
630
292
740
444
851
631
642
504
699
873
537
848
871
4800
851
870
853
299
1374
1482
4809
873
819
859
1136
862
4791
618
510
887
4778
537
187
850
570
890
514
740
846
1474
1792
1476
1762
1941
446
740
1474
1911
1943
1941
740
823
14
764
873
189
517
1360
1128
506
570
731
816
844
833
4833
900
1000
4823
4772
960
961
646
905
813
813
900
504
846
1911
457
1451
1451
1451
1598
1598
872
870
906
906
1538
1365
1377
1894
1977
1477
2476
2394
2072
933
1775
2109
2109
2237
2107
2181
2181
2207
4778
834
4830
823
961
570
1506
576
4796
4830
1154
1021
1021
1071
997
999
1202
906
1050
990
1281
1069
1006
1619
1639
1127
1225
1733
1814
1832
987
2271
1969
1110
1110
969
1004
1286
1132
1154
1132
1164
1132
613
586
1531
1641
1069
1007
585
1013
1129
1356
1343
995
1343
999
1202
1529
1132
869
1006
1023
1013
997
1297
1286
575
528
666
974
1023
978
1108
1410
1793
975
1031
983
1200
1679
1938
1544
1830
2074
1350
1404
1404
1047
1031
1098
1121
1053
4795
1102
1054
1006
1160
1321
1352
1842
1685
457
1533
624
4800
863
4972
996
1119
579
1504
1000
1080
1076
900
1000
1000
1087
4784
898
777
899
603
552
740
740
740
1055
1005
908
797
1582
1959
1310
1294
1356
1015
1492
796
1208
1126
1019
1107
1110
823
996
1356
353
766
203
1075
1495
1003
1708
1343
1343
1114
1123
1312
1346
1370
819
1297
740
1343
1285
1272
1342
1508
1087
1136
1073
1087
1136
1104
624
1155
1104
1105
1018
4968
1144
1109
4971
4971
4974
584
982
1270
1466
1074
1207
1159
1048
1064
1038
993
1019
1141
1005
1202
573
859
1277
1197
1350
1206
1210
1261
1380
1409
1939
2057
2335
2203
2204
2204
2479
1194
1178
1180
2428
2493
2496
2917
2917
4868
4979
4977
4871
2917
2917
2917
2647
2498
2498
1194
1194
2521
2204
1254
1391
1262
1032
1100
1118
1437
582
580
1033
1262
1103
1208
1145
1216
1243
1043
1214
1815
1145
1217
1424
1426
1491
4807
4807
1578
1745
1639
1315
1419
1576
1602
1464
1534
1379
1313
1252
1305
1210
1236
1170
1036
1585
1241
2178
1292
1032
1468
1515
1153
1090
1090
1157
1204
740
1474
1264
1411
1674
1840
486
1289
1261
1380
1712
1345
1260
487
1247
983
1119
1540
1586
1465
1162
1319
1232
1467
1384
1227
1278
1148
1388
1434
1220
1217
1432
1134
963
1257
1247
1301
1268
1674
1386
1432
1773
1521
1494
1168
1290
1039
1147
1451
1107
1259
846
1268
1217
4971
1200
4838
1090
1230
1149
1240
766
1248
1494
1474
1474
1049
1832
984
1148
1585
1598
1575
1990
1883
2470
2644
2586
3769
4302
4263
4348
4393
4635
4603
4395
4603
4456
4359
4359
1222
487
1281
1644
577
4808
1250
1299
1168
1166
587
1811
993
1699
1281
1296
1451
1451
1443
1643
1726
973
2041
1118
1369
1252
1010
1603
1522
1328
1651
1465
1312
1799
1804
1178
2479
1107
1387
985
1200
1578
1424
1279
4808
1587
1409
2057
1799
1474
1755
1411
1224
1635
985
1465
1219
1505
1318
1298
1046
1546
1617
1588
993
1652
1674
1852
1915
1955
1801
2398
1803
2398
1194
1652
1242
1430
1679
4764
1422
4820
1067
4974
1422
4974
4971
1220
1283
1431
577
1431
1428
1429
1229
1602
486
1400
1770
1676
1904
1686
1689
1695
1819
4971
1426
1426
1342
1431
1515
1812
1932
1690
1654
1825
2110
1999
2067
2383
1477
1958
1722
1957
1485
2417
1490
2801
4763
1246
580
1197
1245
1353
1453
1656
1853
1656
1734
4763
4764
4764
4763
4764
4796
4796
4823
4823
1557
1575
577
1772
991
1594
1464
1755
1452
1750
1838
1458
1991
1439
1173
1576
1602
1731
1353
1060
1744
1397
1558
1639
1698
1034
1056
1351
1234
1233
1545
1768
1227
1499
1654
1475
1770
1874
1904
1482
1305
1321
1586
1305
1474
1941
1792
1747
1792
1116
1942
1764
1515
1878
1709
1640
1943
1595
1418
1656
1295
1698
1746
1711
1824
1413
1822
1965
1822
1476
1623
1623
1623
1614
1754
1594
1396
921
1817
1560
1295
1214
1809
1708
1840
1314
1678
1499
1825
489
1858
1468
1057
1597
1531
1592
1614
1854
1782
1677
1857
1686
1996
1456
1695
1853
1750
1525
1541
1744
1060
1242
1229
1942
1295
1061
1724
1879
1314
1854
1839
1975
1839
1794
1405
2004
2296
2315
1692
3284
3186
3152
1986
2437
1664
2637
483
2503
2860
483
1853
1576
1815
1873
1475
884
1959
1959
1959
1477
2377
1688
1650
1677
1857
1535
1858
1377
1372
908
1896
1782
1996
1841
1677
1779
491
2424
2957
1779
1535
1991
2417
1708
485
1903
1703
1720
1495
1677
1721
1689
1839
1839
1913
992
1707
1841
2094
2094
2359
483
1841
1750
1653
1720
1996
1916
1714
1841
1947
1897
1838
1602
1709
1785
1539
1965
1721
1686
1457
1117
1844
1767
2235
2235
1943
825
1457
1935
1532
1608
1824
1691
485
1678
1630
1957
1750
2327
2272
1867
1175
1045
1823
1943
1965
2423
1943
1761
1750
1910
1393
1656
1782
1002
1817
1666
1366
1817
1894
1894
1365
1930
1787
1903
1720
1782
1532
1875
2392
1759
1597
1951
1934
1999
1607
1882
469
1940
2382
1329
1940
1852
1702
1915
2045
2398
2398
1180
2398
2047
1803
2398
2398
1959
1706
2097
1810
1800
1034
1817
1685
1618
1043
1798
1954
1819
1666
1723
1929
1903
1352
1366
2310
1035
1894
1978
1637
1932
1798
2337
2337
2643
1817
1796
1879
1691
1714
1855
986
1877
1845
2432
1526
1415
1979
1984
1996
2180
2264
1988
1819
2178
1757
1714
2367
1738
1878
1980
2223
1180
1703
1915
2362
2428
2388
2364
2364
1903
1215
1786
2392
2097
1928
2524
2597
2417
2580
2580
1486
1885
1697
2417
1967
1903
1838
1366
2365
1416
1920
1720
1916
2044
1896
1959
1959
878
856
2097
2307
2110
1920
1920
1703
1920
1919
1916
1919
1919
2364
1918
2364
1919
1919
1916
1922
1477
1091
1925
2217
1738
1485
2058
1915
1931
1058
1957
1935
2398
1477
1978
1544
2065
1476
2067
1476
1984
1994
2436
1752
1915
1920
1916
1959
1926
1954
2327
1408
1458
1801
1918
1918
2504
2362
1959
2435
2083
1925
2272
1968
2325
2309
1870
1870
1919
1916
1922
1762
1477
2327
2309
1870
2398
2398
1194
1919
1916
1916
2256
484
2299
1715
1957
1928
1975
2092
1182
2094
2299
2364
2316
2503
2503
2503
2628
2860
482
482
2757
2628
1872
2663
1872
1918
1931
2873
1382
2058
2053
1819
1870
2006
2181
2181
2181
2353
2370
2181
2181
2181
2181
2181
2181
2181
2275
2181
2181
2181
2181
2181
2181
2181
2181
2353
2072
2101
2181
2181
2181
2181
2181
2181
2181
2181
1968
2382
471
2233
2383
1918
2396
2045
1919
2181
2181
2339
2181
2181
2040
1877
2365
2181
2181
939
939
2181
2181
2064
2219
2645
3068
2899
2068
2377
1692
1848
2353
2181
2181
939
1937
2181
1959
1683
1798
484
1477
2181
2339
2339
2181
2181
2181
1329
3242
2364
2094
1870
2181
2178
2181
1477
1477
2181
2181
2266
2181
2236
1478
1966
2074
2861
1918
1181
1178
1194
2489
2802
2738
2738
2739
2190
2333
2265
2515
2072
2181
2407
1477
2285
2802
2265
2188
2014
2181
2329
2802
2755
2697
3216
2198
4875
2548
2548
2606
2838
3205
2974
2338
2338
2190
2019
953
2132
953
2211
2200
2333
2181
2181
2181
2181
1798
1798
1368
2261
2380
2596
2641
2701
2701
2641
3155
2173
2168
2263
2308
1919
2516
2673
2844
2849
3049
2531
3185
2409
2330
2738
2755
2191
2191
2190
2373
2191
2373
2474
2906
2194
2352
950
2133
2736
2319
2509
4993
4993
4990
4993
2737
2329
2284
2265
2266
2012
2107
2002
1647
1798
1927
2453
2286
2396
2045
2396
2396
2257
2407
2353
2101
2181
2188
2236
2181
1798
2524
2045
2459
2072
2072
2072
2377
2385
1477
2394
1477
2377
2266
2181
2135
2181
2262
1845
1846
1883
2382
2526
2677
2736
1382
1966
2265
1684
1927
1882
2308
2489
1180
2377
2072
2107
2207
1795
2273
2515
2802
2802
2802
2924
2944
2802
2802
2802
2802
2802
2912
2912
2912
2924
2924
2944
2944
2944
2791
1985
2572
2256
2359
2396
1977
2101
1877
2219
484
2396
1382
2311
2338
2515
2528
1946
2426
2362
2396
2428
2438
2043
2333
2220
2181
1798
1756
1892
1989
2944
2802
2912
2802
2913
2802
1919
2364
1178
2236
1657
2287
2071
2603
2604
2344
2565
2918
2640
2638
2638
2701
2394
2333
2236
1798
2459
3083
2604
2902
2364
2479
2394
2207
2362
2256
2364
2383
1178
1194
2521
1966
2375
2368
2071
2070
2396
2512
2428
2220
2528
2861
2093
2299
1862
2236
2232
2093
2359
2469
2308
2387
2429
1194
1971
2571
2756
1180
1194
1180
1180
2428
1180
1194
2208
2249
2246
2246
953
1485
2517
2341
2944
2529
2428
1176
2413
1775
2208
2237
2066
2538
2802
2912
2436
1715
1986
1194
1194
1180
1194
2204
2509
2239
2066
2425
2299
2637
2637
2364
2203
4986
2204
2130
2297
4861
2906
2317
2317
2317
2317
2317
2128
2211
1775
2109
2014
2096
1697
2580
3281
2372
2387
2899
3313
3272
3044
2604
2052
1968
2802
2678
2534
2755
2377
2387
2899
2431
1775
2524
2580
2580
2827
1885
2582
2341
2944
2944
2802
2299
1847
1796
2498
2498
4993
4986
2204
2203
4986
2033
2052
2739
2362
3111
2394
2069
2311
2202
2014
2016
2912
2738
2844
2071
2946
1715
2191
2191
2377
4986
4986
4986
2317
952
2470
2382
2566
2470
2603
2604
2941
2173
3164
3067
1994
2252
2536
493
2924
2924
2924
2912
2912
2912
2316
2316
2069
1194
2204
1798
941
2361
2260
1885
2517
2533
2802
2187
2204
1194
4986
4981
4981
4986
4986
4993
4996
4981
4990
4994
4981
4990
2306
1797
2063
2273
495
3108
3254
2219
2673
2503
2904
941
2417
2897
2586
2743
3253
2590
3048
1881
2232
2485
472
2924
2316
1775
2580
1881
2944
2849
2946
3084
3084
2387
1486
3034
2912
2436
2925
4986
2205
4981
4981
4989
4989
4989
2846
3348
2817
3678
4984
2337
2494
2105
1889
2580
2924
2673
2498
2900
2918
2190
1797
3171
2924
2936
2503
2503
2503
2503
2503
2070
2231
2547
2306
2021
2253
2551
2912
2862
2436
2498
2063
2386
2757
2833
2833
482
3109
2665
2665
3415
3736
3736
3820
3780
3209
2437
2598
471
2924
2924
1660
1872
2757
482
482
2665
3446
2650
482
482
482
1183
1183
2833
2496
1183
2503
3389
2337
2337
2526
2935
2386
3460
2725
3659
3741
2727
2726
2726
2726
2727
2726
941
2697
1658
2725
2879
2317
1816
2325
2870
2870
2703
3055
3194
3398
2870
2713
2775
2763
2713
2720
1885
2456
3665
2725
2841
3782
1886
2592
2732
2924
2912
2924
2912
2944
3066
2503
2503
2628
2628
2860
2740
1528
1886
2420
3136
2569
3690
3736
2752
3079
3079
1183
1183
1183
2833
2317
2470
2935
2698
2498
4980
4978
498
499
2702
2702
4991
2758
2824
2715
4975
2821
4996
4996
2824
2798
2703
2758
2761
4984
4984
4980
2824
2714
2774
2948
2961
2948
3053
3192
2781
3374
3190
499
1528
3034
2744
2898
2603
3137
1715
4984
4984
4978
2317
498
498
2797
2798
2702
2418
2849
2628
2628
2757
482
1987
3005
2967
1183
2663
2663
4987
2771
2770
3431
3678
3835
3579
3176
3841
3980
3593
3981
2894
2836
4991
2317
2165
2797
2105
2214
2827
2754
2829
2944
1183
4994
4979
2558
2796
2797
2768
2702
2898
2138
1872
2663
2118
2604
3313
4983
4979
2357
3060
1715
2559
4977
4977
2773
2211
2149
2702
2744
3048
1872
2757
482
2843
2805
2118
2647
2899
3313
2317
2230
2230
2246
2246
2567
2937
2518
3313
2874
2248
2260
2230
2981
2604
2821
2615
4868
4029
3690
2881
3269
4150
2817
3091
2948
1887
1872
482
3122
2809
2778
2537
2538
2680
3423
3664
2899
3542
483
2860
2860
2474
2336
4979
2297
2351
2351
2165
3149
2531
2628
2361
3060
2937
2559
3154
2616
3145
3753
2798
3055
1658
3111
2647
2118
2380
2246
2230
2230
950
2965
3288
3080
2529
2860
2740
2547
2918
4977
4871
4863
2361
3309
2918
2149
2948
2943
3379
2975
2768
2703
2722
2538
2803
3587
3447
2918
2948
3120
2380
953
3067
2906
2198
2803
4858
2157
1797
3545
3545
3585
2246
3052
3175
3852
3775
2526
472
2176
2615
3389
2961
2229
2979
3046
2659
2419
2990
3136
3639
3136
3080
1183
3542
3121
3275
3369
2681
2561
2940
2940
2380
2473
1664
3246
2860
1183
1183
1183
3079
1183
1183
1183
2917
1183
1183
2927
2863
3093
3025
3399
3121
3442
2380
2596
2701
946
2548
3034
3247
1188
3163
3433
3040
3736
3420
3162
3245
3318
2598
2732
3303
2833
1183
3124
2943
3357
2815
2949
2718
3217
1889
2344
3005
2740
2561
2895
2415
2133
2966
2196
3460
2682
3656
3757
3754
3805
3077
1183
2905
4856
4858
2917
3310
4858
2638
3008
3120
3225
3252
2261
949
3094
3236
3126
3099
3127
3100
3556
3660
4053
4112
4034
4151
3356
2393
2833
482
2757
2917
2638
2640
2638
2940
2638
2638
2638
2640
3120
2638
3369
3369
953
3238
3315
3356
4151
4051
4127
3563
3484
3681
3053
2538
3388
1183
2833
3109
3109
2665
3110
3110
3446
3381
3736
3419
1188
2885
3155
2344
2344
2940
2133
2744
1183
2833
3542
2638
2638
2990
3256
2909
1183
2650
2650
2650
3079
2941
3079
2833
2833
3585
2638
2380
3291
3046
3395
4125
3359
3176
3370
3182
3669
3230
4170
3574
3772
3360
3413
3095
2757
3364
3186
2917
2940
3118
3093
2701
2596
2042
2708
3445
2951
1183
1183
3155
3118
2701
2638
3545
3390
3390
3545
2042
482
481
482
481
481
3299
3209
3209
2656
2656
2860
2617
3585
2701
949
482
482
3079
3015
2141
2198
2940
2606
2701
950
3294
3421
3227
3982
3230
4007
4079
4046
3102
3599
3484
3097
3096
2745
494
2681
2833
2945
2917
2198
3011
1995
3155
2638
2638
2548
3279
2721
2892
2833
2548
2548
2799
4875
2638
2696
2701
2701
2641
3545
3442
3053
482
1186
481
2906
2151
3390
3390
946
946
3442
3335
3336
3306
2979
2218
3056
494
2833
2650
482
2833
2777
2799
2548
3118
3306
3413
480
2974
3355
3412
3281
3346
3672
481
3209
3175
3626
2456
1659
2740
481
3334
3307
3052
3069
3109
2650
2650
482
3836
3390
3107
494
1995
3542
3442
3390
3664
3384
3354
3355
3325
3106
3130
4051
3785
3827
4138
3330
3126
3417
3098
3338
3376
3546
3368
3404
3814
3099
2950
3307
2699
3243
3110
3110
2617
3209
3209
2889
2889
3353
3214
2978
3434
3127
3566
3377
3358
3096
3378
3405
2650
2650
3565
3390
3442
3385
3442
3296
3585
3402
2625
2650
3109
3836
3425
3450
3484
3548
3386
3436
3254
3299
3381
3736
2655
3792
3395
1332
3379
3217
3310
3390
3367
3133
3412
3840
3548
2587
3217
3397
3063
2650
3349
479
3391
3361
3234
2570
2716
2668
2665
2668
3586
3410
3411
3434
3426
494
3299
3416
3586
3235
3136
3381
3415
3392
2831
3346
2665
3374
3295
3278
2990
3377
1659
3346
3446
3446
2656
3134
3548
2745
2993
3254
3608
3736
3545
2898
3282
2665
3415
3210
3395
1332
1332
3280
3387
3371
2954
3559
3455
2953
2725
3026
3078
3211
3484
3514
3515
3635
3764
3468
3470
3668
4197
4270
3474
3474
4221
4946
4946
4221
3474
3482
3513
3605
2814
3523
3856
3937
3937
3856
3525
4917
3695
4880
4899
3809
4884
3901
3708
4885
4886
3522
3856
3528
3703
3703
3703
4892
3816
3698
3513
3649
3514
3523
3488
3668
3962
4884
4884
4884
4903
3716
3706
4258
3897
3856
3528
3528
3346
3186
3792
3351
3634
3462
3547
3582
3562
3516
3675
3613
3622
3514
3482
3671
3856
3297
3665
4901
3505
3486
3515
4048
2653
2255
3132
3125
3125
3278
2976
4894
4892
3844
3165
3576
3576
3828
3657
3856
3856
3523
3858
3378
2653
3415
3594
3211
2787
3497
4917
4893
3144
2811
3295
3831
4088
3465
3208
3663
3671
4012
3573
4896
3695
3816
3036
3609
3061
2840
3667
3589
3637
3764
4146
3752
3683
4017
3684
4087
4049
3488
3666
3522
3495
2746
3605
3624
3101
2953
3672
3026
3140
3810
3496
3764
3430
3163
3578
3447
3625
3885
3316
3567
3662
3283
3773
3445
2725
2817
3415
479
3568
3552
3660
3698
3696
3145
3646
3549
4884
3948
3844
3419
4080
3227
2959
3744
3466
3813
3439
4893
2668
3576
3131
3130
3745
3292
4065
3178
3945
3178
3790
3380
3380
2569
2585
4911
3527
3525
3527
3527
3527
4898
4269
3938
4305
4305
4224
4214
4166
4165
3716
4305
3907
4224
4160
3471
4054
4044
3722
4134
4164
3816
3724
4203
3725
3717
3938
3407
3433
3317
3743
3642
3641
3241
3422
4122
3784
3748
3196
4124
3234
3786
3324
3656
2683
3819
3897
3860
3125
3815
3559
3583
2954
3452
3386
3380
3590
2682
3807
4292
3610
3437
3765
3784
3614
3820
4892
3406
367
3882
3673
3754
3076
3737
2683
2684
3833
4178
4280
4244
4257
4257
3778
3961
3133
3131
3579
3444
3671
3524
3736
4044
3639
1331
4277
1335
4119
4155
3734
3787
4028
3673
1332
2996
3549
1332
2813
3791
3229
3737
3812
3623
3767
4093
2710
3607
3232
3326
3527
3544
3634
4089
4032
4918
3742
3834
4885
3718
3856
3527
3961
3781
2684
3886
3862
3861
3878
4243
4551
4466
4466
4462
4469
4425
4953
4401
4249
3643
3820
3659
2953
4016
3997
3997
4206
4206
3474
4915
4885
3919
4885
3719
4323
4882
4320
3934
3911
4279
3719
4882
4318
4288
4914
3955
3924
4218
3477
3474
3474
3926
4315
4315
4279
4914
4319
3925
4882
4305
3906
3705
2682
2724
3569
3671
4013
3990
4906
3996
3996
3922
4910
3956
3956
3956
3923
4270
3472
4915
4907
3922
4022
3837
3576
3790
3650
3144
4022
4000
4197
4197
3956
4946
3999
3999
3997
3997
3997
4058
3654
4122
4122
2588
3946
3703
4205
3996
3997
4206
4197
4081
4020
3997
4206
4003
3977
3977
3923
4206
4206
3980
4283
3763
3820
3966
2887
4123
3947
3342
3593
3040
3686
4011
3233
4206
4206
3433
3964
3832
3946
3717
3882
3790
2884
4277
2726
4283
4215
4088
3549
2953
4269
4205
4205
3668
4171
4101
3231
3332
3618
2887
3785
4036
3328
4337
4182
4182
3805
4060
4057
4106
4106
3519
4089
4064
4065
4192
3647
3647
3452
2730
2726
3773
2589
3647
3129
4119
4156
4156
3976
4084
4206
4215
4280
3982
4024
4125
4137
4096
3887
3772
4156
3230
4065
3687
3574
4111
4148
4883
2921
3347
4142
4062
3685
4124
3826
4052
3269
4065
2726
4164
3710
4258
3037
3398
2884
2726
3452
2588
4139
3970
4075
4093
3452
3710
4134
3986
4138
3889
4139
4258
3347
3645
3333
4147
3729
3232
4258
3564
4034
4099
4153
3710
4156
4206
3476
4946
3720
3180
3039
3710
3709
4165
3709
4168
3398
4170
3105
4172
4280
4356
4466
4406
4466
4466
4254
4933
4358
4551
4406
4531
4469
4469
4469
4425
4406
4425
4953
4953
4469
4458
4457
4585
4545
4359
3845
4134
3984
3710
3923
4197
4244
2886
4143
4165
3938
3975
4946
4202
4206
4197
3472
3720
3919
4030
3956
4221
3474
3453
3474
3452
3719
3716
3887
4237
4356
3647
3887
3862
4237
3887
3862
4356
4357
4466
4462
4525
4468
4422
4308
4237
3647
4262
4263
4356
4232
3455
4551
3956
3956
4325
4422
3878
3474
4266
1335
4290
3716
3911
3913
4184
4888
4271
4227
4262
4279
4887
4229
4404
4408
4286
4317
4455
4525
4358
4248
4401
4325
4277
4245
4466
4466
4531
4531
4531
4469
4469
4531
4289
4272
4306
4408
4466
4249
3926
3910
4888
4315
4262
3925
3925
3919
3919
3919
4318
4305
4245
4310
3925
4259
4466
4466
4462
4290
4466
4406
4406
1335
4263
4248
4343
4454
4347
4389
1337
4425
4425
4425
4469
4531
4247
4421
4531
4462
4469
4469
4531
4466
4421
4531
4511
4466
4421
4397
4651
4466
4406
4454
4401
4454
4454
4424
4462
4510
4466
4469
4425
4406
4454
4506
4531
4462
4469
4469
4531
4531
4531
4531
4469
4469
4697
4625
4715
4465
4661
4511
4544
4428
4544
4680
4544
4365
4428
4707
4380
4536
4949
4952
4378
4482
4378
4536
4377
4536
4377
4377
4540
4651
4525
4468
4700
4714
4395
4395
4393
4546
4359
4531
4468
4469
4511
4531
4349
4349
4525
4635
4393
4421
4462
4525
4462
4462
4462
4525
4462
4510
4531
4511
4462
4462
4401
4469
4531
4531
4466
4510
4531
4510
4469
4466
4468
4426
4349
4468
4457
4406
4469
4469
4525
4426
4425
4424
4457
4469
4469
4545
4462
4466
4525
4510
4426
4361
4510
4506
4365
4365
4673
4639
4508
4383
4948
4536
4377
4482
4482
4536
4536
4377
4383
4383
4365
4596
4596
4367
4459
4392
4424
4953
4424
4424
4424
4424
4383
4529
4531
4531
4424
4425
4531
4511
4531
4603
4712
4426
4696
4393
4469
4469
4469
4953
4424
4424
4531
4511
4466
4364
4710
4585
4369
4531
4462
4544
4511
4531
4531
4511
4511
4714
4457
4950
4378
4378
4378
4378
4536
4536
4536
4578
4536
4377
4540
4695
4536
4536
4483
4536
4536
4536
4380
4424
4424
4510
4536
4483
4483
4483
4482
4612
4469
4469
4424
4363
4531
4377
4378
4378
4483
4511
4531
4544
4457
4457
4483
4377
4482
4483
4458
4457
4531
4531
4511
4424
4483
4531
4531
4531
4377
4482
4603
4483
4469
4953
4953
4531
4531
4536
4478
4457
4482
4536
4377
4540
4383
4578
4469
4964
4478
4377
4483
4362
4603
4578
4378
4469
4469
4469
4469
4482
4728
4377
4554
4554
4544
4544
4953
4953
4392
4424
4483
4536
4536
4383
4544
4536
4536
4563
4587
4953
4482
4536
4603
4395
4365
4424
4536
4380
4385
4612
4707
4707
4458
4395
4428
4458
4545
4482
4359
4562
4612
4385
4639
4544
4544
4596
4536
4458
4563
4383
4365
4464
4395
4578
4536
4949
4378
4544
4596
4673
4536
4383
4385
4536
4614
4614
4441
4999
4544
4378
4536
4392
4465
4584
4482
4380
4612
4729
4536
4614
4614
4562
4383
4378
4359
4360
4359
4378
4482
4578
4574
4578
4536
4536
4578
4536
4959
4574
4482
4536
4536
4383
4395
4578
4383
4386
4473
4960
4465
4657
4428
4639
4359
4361
4378
4378
4949
4949
4959
4536
4959
4628
4536
4464
4428
4951
4951
4628
4578
4383
4950
4544
4392
4715
4367
4624
4383
4949
4536
4536
4578
4578
4536
4473
4473
4473
4578
4508
4383
4589
4585
4536
4536
4587
4536
4536
4383
4385
4482
4536
4949
4482
4589
4639
4579
4587
4585
4657
4639
4361
4508
4952
4657
4386
4383
4657
4657
4508
4639
4508
4639
4428
4707
4578
4574
4367
4959
4508
4529
4507
4639
4639
4579
4473
4508
4639
4639
4508
4751
91
247
250
105
105
275
250
250
247
250
250
142
105
80
64
64
92
4821
1422
900
4784
4782
777
845
4769
569
570
4776
722
767
899
732
4810
643
4805
4774
728
4833
4834
4833
4796
612
722
4792
1084
4793
601
4823
1423
607
4813
4800
4782
4803
4804
642
4764
1422
1422
1073
816
898
836
552
4816
4822
4833
777
4800
4805
1422
1422
1066
4796
694
600
4823
4778
550
728
1066
567
777
1712
1451
1451
514
1451
1443
1499
1443
1499
1451
1477
2474
2333
2534
2333
2317
2151
2317
2373
2190
2190
2190
1756
2558
2558
4977
4977
1968
1969
2559
2558
4997
1969
2702
2181
1183
2940
3716
3524
3524
4286
3716
4915
3919
3922
4315
4315
4885
3897
3938
4911
4911
3937
3937
3937
3937
3937
3901
4882
3916
4882
3856
3924
3997
4221
3474
3706
3527
3719
4907
3955
4904
4886
4886
4244
3762
3762
2684
3861
3762
4179
3795
4244
3861
4182
4254
3762
3762
4946
4959
4378
4378
4365
4950
4540
4377
4383
4536
4563
4483
4378
4401
4482
4482
3527
1148
624
1104
1199
4973
4970
1209
4972
1846
4984
499
4997
4993
4993
2536
4997
499
989
4873
4978
4873
4980
4873
4978
4997
499
4980
4997
4982
4993
2536
1971
499
4873
1971
4982
4870
4978
4982
1971
399
228
399
399
399
4469
4466
4531
4531
4462
4531
4469
4469
4469
4469
4469
