286
286
493
493
493
494
226
225
557
495
582
582
802
268
376
376
51
393
340
340
392
393
275
243
243
339
339
339
339
339
341
341
341
339
340
238
255
443
443
443
239
371
555
556
229
561
226
492
488
464
276
52
53
54
54
239
343
255
220
312
341
340
340
346
341
221
340
393
393
343
376
376
257
286
430
312
397
255
397
341
461
51
51
371
8
555
55
339
243
339
339
443
54
276
276
275
55
55
53
276
276
257
54
243
55
238
275
339
339
375
252
275
286
55
276
276
54
443
252
275
238
281
558
502
487
487
434
169
491
1237
851
820
708
434
502
243
255
268
299
269
555
55
52
243
268
269
371
443
339
446
339
339
342
340
340
346
346
162
339
341
397
340
346
181
48
339
346
430
281
494
494
270
339
339
346
339
287
319
555
228
564
234
565
671
506
583
584
803
169
851
917
958
821
569
587
890
169
169
502
224
892
494
462
170
574
726
339
443
342
339
276
376
270
563
238
563
558
500
320
54
239
443
464
563
339
561
54
243
500
505
496
583
573
220
339
464
554
495
562
169
168
459
275
243
443
339
558
505
255
54
555
464
312
253
558
502
339
54
49
446
392
339
346
339
453
494
443
339
339
243
243
488
557
255
571
496
280
10
280
487
49
339
340
243
341
564
494
493
494
226
503
227
227
503
561
572
339
555
227
225
495
443
346
340
341
341
341
340
393
49
461
312
51
494
10
464
561
502
392
465
557
376
376
492
492
561
170
393
343
393
392
340
280
486
51
503
376
376
393
341
341
393
571
376
221
504
557
561
562
346
562
553
890
713
1339
1342
1342
712
1234
1342
1825
411
2725
412
1851
414
3528
3014
4280
4336
3099
3572
3652
3997
255
267
493
493
493
487
339
505
502
169
169
807
710
1082
1082
168
890
226
461
226
226
503
376
393
393
342
340
339
340
226
562
225
435
342
346
339
820
393
221
346
392
340
578
742
742
559
221
461
340
434
168
340
341
340
227
340
393
342
393
446
340
340
434
168
578
490
861
1140
670
670
580
573
820
742
803
489
565
582
573
796
726
580
583
820
917
1337
928
4885
4885
4883
4885
407
407
746
903
1799
2344
3092
3550
3738
3738
3924
3726
3663
3475
3522
3171
2842
2517
2528
2014
1591
1644
1689
1478
1536
2888
3106
3887
3442
2954
2930
2930
2876
442
726
491
796
506
670
890
580
879
820
726
169
587
569
804
890
935
824
584
892
804
168
1082
802
584
879
1116
802
879
917
879
840
849
935
1339
1339
713
1339
1119
584
719
614
651
719
715
728
754
596
719
736
736
739
772
772
605
658
612
616
595
772
616
772
732
768
768
768
732
773
771
774
852
776
852
776
775
707
852
707
707
707
707
707
1148
1488
1263
1581
1394
1235
1394
1030
1041
1176
1037
1674
1310
651
719
612
719
596
651
651
662
596
657
651
651
748
662
676
609
4858
748
748
600
597
754
728
662
662
4816
779
802
719
719
617
768
732
732
733
774
699
4841
699
595
737
736
738
738
738
825
852
1028
764
768
732
732
732
771
771
852
852
852
707
1147
1031
802
1237
937
2160
2348
937
935
719
662
662
785
722
612
684
596
612
715
728
850
715
662
1082
768
764
732
771
764
764
825
732
764
917
169
932
1342
1339
596
728
662
596
754
596
662
754
728
612
4858
4858
662
662
662
722
738
738
825
825
850
764
825
773
771
852
852
852
1028
728
728
728
596
662
662
4858
940
940
941
4853
4816
858
4853
4853
4816
4853
816
825
728
662
840
1116
879
852
852
569
958
849
964
588
407
4883
4883
4883
662
764
1385
710
1342
1342
1339
852
1028
963
713
662
825
1140
1237
771
662
662
662
941
4816
4816
748
4816
748
4853
4816
4816
1337
928
928
1350
1350
4816
662
852
852
852
935
814
902
852
569
662
662
941
861
825
748
4816
4816
1090
1337
231
4816
4816
4858
662
1082
4816
826
888
1278
873
1027
1027
1237
1497
2181
1497
4816
4816
4816
4853
4816
662
798
798
922
851
895
941
826
852
852
877
662
826
895
707
852
852
852
662
1028
888
876
1680
1118
707
798
888
888
4841
4841
699
4868
895
1278
4853
895
958
1028
707
707
888
922
1764
1764
2146
2635
2181
2181
956
1960
2478
1497
1027
1385
707
1385
2181
2348
2348
1385
707
707
707
4853
748
988
988
4858
888
707
707
707
1147
941
707
639
798
798
798
988
1495
822
817
746
407
1264
712
1154
712
1328
1027
707
1027
1027
639
1680
968
1849
2732
2509
2722
2448
2990
2370
2263
2588
2247
2946
3117
2639
2676
2676
2638
984
2336
983
941
940
941
1027
1278
639
707
1148
1147
1148
707
988
1029
1058
1007
1023
1038
1052
1006
1127
1058
1177
1169
1260
1058
1025
1543
1303
1357
1014
1066
1015
1661
1879
2661
2659
2659
1193
1024
1529
1187
1041
1041
1042
1002
1039
1002
798
1187
1747
1607
1135
1058
1033
1036
1037
873
1260
1310
1041
642
1037
1058
1528
1046
1027
1059
1062
1005
1005
1045
1147
1147
1147
958
4883
810
1271
1177
1013
1284
1284
1357
1014
1064
1064
1355
1409
1309
1434
1071
1782
1760
1538
1538
1265
1332
1050
1039
1147
1147
707
1148
1295
1187
1084
1084
1061
1426
1733
1637
508
1090
1059
699
776
699
699
1397
1556
1235
1147
676
826
4841
798
798
826
798
798
798
676
676
676
697
798
1285
1064
1275
2348
2189
2348
2348
873
643
1041
1256
1302
1006
1387
4841
699
699
1008
1133
1193
1278
1176
873
1937
2075
1497
1135
1383
1549
643
1310
1232
1179
639
636
1327
1147
1232
1190
1337
1041
1039
1329
1329
707
798
798
622
676
826
699
699
699
699
699
888
699
699
1375
1424
1141
1271
1322
1146
1147
4841
1064
1185
1275
1064
1185
1186
1010
699
643
1179
1147
1185
1169
1330
1416
1307
1230
1269
1200
1841
1418
1202
2895
2912
2912
2912
1215
2746
2788
3276
3403
3402
3402
3145
3145
3402
3401
3401
1217
3031
3040
3031
1380
1229
1238
699
1357
1257
1302
1012
1182
2181
1228
1387
888
699
888
1243
1428
1708
1985
699
1375
1375
1424
1465
1465
1465
1424
1425
1559
1233
643
1674
1143
1697
1636
1660
1265
1192
1182
1199
508
1270
1064
1272
1297
1287
1914
1939
1276
1230
1580
1348
1507
1304
1192
1192
1184
2181
1509
1294
1297
1373
1977
1866
1403
1402
1198
1199
1296
1286
1336
1349
1336
1322
1397
1341
1425
1528
1183
1336
1075
1243
1427
1397
699
1424
1375
1375
1375
1278
1065
1581
1147
1327
1275
1024
1332
1332
1336
1424
1278
1279
1197
1394
1270
1074
1185
1324
1424
1234
1305
1199
4882
2189
1278
1424
1014
2191
1327
1034
1424
1272
1342
1194
1075
926
1024
1729
1355
1065
1306
1358
1342
1234
966
1801
3514
3101
3930
3989
3990
4384
4408
4424
4472
4485
4467
1179
1147
1147
1374
1580
1321
1197
1148
1465
1265
1538
1381
1084
1384
1383
1373
1373
1346
1580
1388
712
407
4883
712
407
712
1390
1596
1695
1778
1853
637
1488
1583
1594
1154
1234
1680
968
967
637
1179
1866
1921
1224
1182
1308
1243
1355
1487
1375
1298
1272
1509
1265
1876
1419
1583
1438
1820
1580
1355
1354
1428
1327
1488
1488
1183
1281
1566
1552
1061
1201
1420
1972
2407
1212
2194
2581
2026
1510
1636
1289
1376
1424
775
1424
1424
1424
699
1375
1488
1375
1601
1263
1375
1565
1327
1327
1263
1549
1488
1403
1472
407
959
4881
4885
4883
407
407
1264
407
1533
1573
1648
1622
1745
1535
2500
589
1424
1424
1424
1154
1601
1179
1348
1067
1263
4883
959
4883
4883
4884
1577
1763
2578
2145
2790
2635
2181
965
408
2171
1794
2567
2826
2548
2698
3461
518
3624
1344
1424
1236
1465
1380
1674
1425
408
1474
1750
1479
1605
1516
1424
1465
1424
1155
1155
707
707
707
707
711
1139
636
1559
1186
2176
1344
1633
636
1398
1499
1500
2935
2889
3397
1298
1281
1416
1775
1775
1557
1426
1426
1547
965
2161
1786
1786
1335
1060
1555
1305
1305
1594
1833
4885
4885
4885
923
4885
959
594
1499
1641
1011
1284
1473
1545
1281
973
2623
1577
1764
4884
1529
1577
1438
510
1636
1415
1303
2183
2070
2395
1350
509
1469
1011
1786
1200
1866
1883
1822
1568
1494
930
1808
2395
1713
1720
2395
1533
2349
2191
1449
1507
1472
1415
594
1568
1833
1747
4885
4885
842
1570
1619
1720
1697
1551
1711
1637
1614
2189
1714
1473
2394
1713
1621
1475
1772
1626
1726
1754
1627
1515
1628
1425
1544
1487
1085
1548
1563
1382
1697
1543
1245
1639
1024
1489
2348
1673
1673
2007
1617
1450
1331
1542
1542
1916
2041
2808
3660
2829
2770
2770
2973
3457
3068
3078
1676
1428
1599
1808
975
2348
2182
2635
2722
2723
1686
1476
1992
1706
1015
1579
2444
1200
2349
2348
2425
1623
1514
1785
1722
1673
1671
1649
2957
1795
1713
2246
1912
3350
2547
2548
1582
534
2014
1607
1034
1721
1476
1713
1748
1392
1883
2181
2162
1655
3078
1560
1883
1930
2574
1712
1659
1753
1562
1828
1399
1532
2444
924
1672
1647
1705
1559
1246
2391
1574
2029
1865
2147
2191
1672
1621
1624
1705
1736
1629
1866
1762
1587
1833
1534
1501
1792
1688
1780
2511
2813
1331
1739
1566
1782
2030
2506
2008
2181
1730
1526
1539
2454
1991
1383
1426
1582
1621
1849
2732
2509
2018
1690
1866
1553
2042
1410
1786
1873
2131
4906
1898
1607
2113
2476
1910
1571
1360
2341
2934
411
2677
2480
3030
3030
3030
531
2863
3030
2181
1486
1819
1921
2193
2349
1613
1544
1629
1734
2444
2002
2452
1819
1747
1727
1988
1566
1637
1728
1539
2190
1487
1384
1487
2246
1850
2986
412
3083
1850
1840
2315
1763
2076
1487
1018
2597
2287
4904
2659
2659
2507
1970
1746
1868
1331
1981
2009
1544
1071
2028
1450
1588
1760
1967
1741
2523
2287
1727
2580
2704
2674
2747
3050
1247
1019
1019
4982
2866
4972
2362
2418
2937
513
2845
2826
2826
516
516
516
3737
3957
2937
3002
2131
2577
974
2500
1849
546
1868
974
2386
2116
2190
2190
2349
2020
2626
2117
2054
2528
2529
2054
1717
2608
2623
1552
2635
2635
2246
1966
1966
1782
1907
1876
1897
1433
1061
1906
1754
1922
2722
2722
2349
1828
512
411
1493
2483
1513
2009
1692
2405
409
2426
2516
2190
2300
2597
1537
2513
1502
1502
2458
2675
2057
2730
2623
2132
1492
2182
2416
4977
2714
4970
2708
2930
2771
2721
976
2626
1491
2702
1070
2863
2939
2797
2797
2029
1433
2527
2984
2911
2635
3002
2690
2615
3610
2551
2259
1656
3119
3018
2635
1984
1940
2073
1760
1069
1864
1649
2914
2094
2096
2461
2461
2096
2207
2364
2366
2314
2350
2414
2461
2461
2244
2334
2461
2350
2461
2314
2096
2096
2461
2090
2108
2423
2514
2138
2359
2088
2184
2184
2184
2184
2314
2088
2096
2094
2184
2475
2287
2115
3098
2595
1691
2969
531
2096
2096
2184
2184
2096
2287
2287
4970
2287
2595
2184
2188
2096
2461
2350
2313
1845
2641
3398
2172
3016
3278
3095
2448
2722
2635
1782
2090
2090
2514
2088
2096
2090
2090
2461
2096
2190
981
1987
1781
2466
2371
2207
2090
2207
2088
2188
2049
2593
2701
2939
2023
2489
2184
2434
981
2466
2244
2461
2414
2434
981
2588
2143
1717
1209
2372
2372
2643
2644
2644
2644
2559
2724
2234
2215
2373
2838
2269
2207
2213
2447
2294
2644
2346
2215
2599
2676
2184
2346
2892
2796
2268
3077
3451
2227
3420
2249
2249
3141
3420
3420
3421
2227
2294
2540
2589
3044
2278
2499
3044
2540
2234
2743
981
2360
2461
2715
2734
3058
3231
3280
3280
3343
3407
3343
3224
3405
3342
2888
2847
2404
2421
2503
2983
3049
3049
2620
3048
3323
3176
2289
2271
2202
2645
2724
2539
2539
4892
2223
3415
2278
3142
3331
3378
2271
2135
1203
2706
2960
2214
2219
2269
2466
2096
2294
2588
2588
2588
2946
2732
2300
3957
2825
2401
2212
2939
3030
3030
2949
2003
2423
2461
2216
984
983
2284
2937
2043
2838
2863
2366
2728
2310
2370
2366
2263
2423
2423
2514
2434
2434
2263
2448
2448
2602
983
1879
2410
2659
3090
3298
3298
2353
2796
2263
981
1072
2300
2342
2072
2192
2838
1209
2448
981
2588
2282
2597
3585
2590
2837
2892
3026
2903
3026
3026
2603
2892
2795
2621
2621
3048
3048
3026
3026
3026
2264
3025
2903
2203
2560
1717
2910
3030
2370
2443
2461
4985
4970
3118
2839
2731
1202
2399
4891
2837
2903
2016
2526
2838
2746
3030
2746
2149
2234
2602
2792
2954
2738
3102
3026
3026
3026
3026
2892
2892
2843
2397
2599
3098
2603
2838
2504
3038
3115
3116
3226
3226
2439
2439
3280
3280
3343
3280
2990
2233
983
2732
2370
2555
3051
3070
2560
4894
2234
2951
1658
3050
2704
2413
2298
2288
2523
2504
2983
2617
2203
2990
2837
2558
2144
2973
2247
2638
2831
2504
2448
2684
2504
2970
3110
2788
2857
2638
2708
2669
2561
530
3040
1215
1215
3031
2743
3024
2499
2498
3117
2499
3350
2889
2644
2264
3049
3026
2172
2953
2281
2724
2247
983
2718
2848
3248
2264
3026
2477
2973
2973
2973
2973
2973
2973
1215
3040
3031
2469
2638
548
2192
2770
2984
2911
2450
3031
2743
3281
2277
2962
2962
2543
2539
2543
2496
2744
3074
2735
2638
3350
2826
516
3426
3785
1215
2723
3032
2553
3136
3111
2667
3115
515
4964
2892
2591
3022
2539
2953
2695
3032
3032
2638
2826
3426
3426
3065
516
3471
3426
3841
3026
3026
2620
2892
2956
2234
2793
1692
2788
2959
2960
1222
2706
2744
2698
2975
3188
2990
2448
3032
2487
2601
2795
2795
2264
3025
2504
3038
2862
3169
2274
2237
1222
2742
2540
2548
2548
2548
3091
2983
3038
2618
2618
3269
3269
2620
3113
2739
2662
2507
3397
2891
3026
3026
3026
2621
2621
3048
3028
1222
2666
2946
3085
2936
3638
2266
2938
2221
2958
1220
1218
1222
3094
1218
1222
3073
2726
2716
2866
4010
3149
3987
3950
2264
2990
2723
2979
2698
2698
516
2698
516
516
516
516
3822
3988
3560
1363
3659
2830
3988
3092
2679
3026
3048
1850
3426
2683
3026
3026
3026
1650
2554
3111
2735
3737
3737
3737
2266
2811
1692
2617
1216
1218
3094
3267
3009
3193
2999
2925
3094
2726
2716
2639
516
3426
3026
3026
3056
2435
3153
3111
2540
2726
2726
3043
2739
2973
1657
3028
2716
3058
3073
2248
3426
2343
3282
2621
2973
2973
2931
3026
2971
2061
3465
3255
3146
2758
3833
3591
2973
2723
3322
3026
3026
3048
3029
2971
3171
3467
3255
3599
3429
3216
526
3401
3028
3032
2725
2726
3113
3025
3017
3606
3952
3955
4935
4029
4235
4241
2804
4341
4295
4362
4341
4362
3024
3026
2276
3039
3639
2798
2539
2930
2930
2930
3149
2709
2875
4239
4193
4233
4233
4302
4276
3845
4102
4254
3516
3061
3161
4254
4233
4254
4116
4191
3166
3065
3550
3969
3922
4162
4192
2802
4029
3337
3101
3930
3048
3048
3048
3026
3113
2957
2973
3073
2698
2698
2967
3637
519
3918
2758
3872
3428
3428
3428
3428
2787
2700
2947
3113
3039
2971
2874
2991
2944
3063
2869
2916
2985
2944
2900
2900
2929
2821
2875
3060
3062
3349
3410
3197
3214
3454
3605
3392
3392
3393
518
517
517
3761
3761
3048
3038
1651
3169
2915
2916
2536
2539
2874
3036
2639
2930
3861
2620
2620
2984
2770
3457
3457
3123
3402
2985
2869
3172
3096
3845
4113
3812
3163
4142
3525
3000
3525
3133
3008
2875
2499
982
3330
2981
3043
2698
516
516
4156
2685
3046
3025
2916
1218
2992
2944
2868
3117
2875
3924
3924
3038
2973
3188
2553
3094
3267
3184
2619
3215
2973
1218
3055
2497
3281
2930
2833
4236
2842
2968
3401
3401
2553
3136
2946
2498
2498
2498
2498
4191
3025
2968
3032
2928
3043
2498
2498
3144
2618
3009
3145
3033
3518
3518
2710
3034
3845
4014
3380
2237
2685
3928
3111
3086
2879
2948
3156
3029
3579
3014
3084
3348
3232
3016
3120
2277
3097
2277
3097
2733
3249
3049
3052
3043
1652
2618
2554
3009
3096
2711
3214
4193
2818
3178
2968
3401
3431
3117
3085
2498
3043
3117
3323
3365
2255
3338
3457
2437
2438
3070
2438
3228
3267
2916
3073
3049
2992
3191
3281
3117
4145
2819
4173
3644
4254
3658
3656
3636
3457
1653
3830
3846
3161
3198
2248
2498
3042
3323
3375
2228
3457
3404
3274
2726
3529
3082
3136
3516
3929
4172
3164
4113
3298
3818
3323
2619
3366
3111
3279
3274
412
413
3572
3625
3957
3957
3470
3470
3568
3047
3184
2618
3232
3160
3111
3136
3685
3169
3190
3226
2437
3117
2848
3068
3170
3403
3403
3403
3402
3428
3428
3401
3402
3402
3402
3402
3428
2437
3297
3295
2716
2726
3534
3330
3280
3174
3280
3138
2498
517
3323
3033
3853
3853
3518
3146
3794
3794
3720
3071
3117
3440
3099
3656
3119
2880
2726
4009
3305
4185
2818
4193
3842
4156
4254
2827
2619
1653
3145
2881
3162
2278
4116
3323
2809
3628
4018
3967
3182
4939
3183
3338
3475
3416
3522
3232
3492
2224
3280
2883
3393
3199
3201
2884
3280
2498
3304
3775
3643
3511
3511
4176
4214
4253
4278
3211
3856
4100
3546
3302
3399
3465
3145
3224
2439
3280
3343
2439
2439
2439
3280
3343
3280
3198
3280
3082
3348
3117
3622
3753
3982
4100
3245
4247
3503
3801
3684
3804
3727
4254
517
3945
3399
3217
3757
3599
3467
3362
3613
3568
3172
3226
3226
3224
3224
3142
3321
2948
3403
3233
3136
3162
3280
3456
3155
3475
3428
3428
2852
2852
2852
3428
3224
3403
3428
3428
3136
2439
3280
2278
3280
3817
1851
413
3652
3732
3811
3307
3944
3495
3530
4251
4255
4187
3848
3298
2255
3069
521
3428
3407
3407
3138
2249
2278
3333
412
4302
4239
4156
2798
3428
3224
3406
3343
3280
3343
3082
3348
3045
4138
2682
3466
3647
3774
3726
3402
3224
3348
3439
3138
2249
2726
2230
3720
2881
2228
3407
3139
2249
3141
2249
3395
3438
3468
3554
3603
3582
3496
3497
3499
4175
3862
3642
3749
3605
3835
3835
4211
3403
3145
3329
3233
3433
3407
3344
2249
3117
3957
3656
3189
3342
2249
3420
3420
3434
3343
3142
2226
3280
3280
3420
3529
3812
3886
3033
2224
3348
3138
3348
3280
3138
3082
3203
3594
3558
3623
412
414
3737
4254
4254
4101
3429
3429
3480
3230
3420
3420
3420
3535
2921
1652
3420
3460
3486
2920
3013
3628
3522
3202
3942
3774
3540
3522
3202
4217
3842
3484
3465
2852
2852
3014
3623
2919
3480
3068
3348
3348
3580
3348
3582
3582
3592
3581
3211
4213
3991
4244
4170
3742
3243
3486
3594
3538
3546
3595
3556
3870
4296
4153
3512
2997
4217
3472
2710
3363
3170
3457
3380
3485
3724
3082
3529
3507
3531
3595
3595
3303
3315
3982
3756
3462
3428
3631
3348
3083
3510
3348
3813
3818
3428
3480
3580
3533
4039
3609
3208
3821
3924
3478
3769
2762
3492
413
414
4261
4239
1653
3528
3528
3531
3238
3584
4146
3099
4156
4259
3780
3195
3428
3324
3532
3391
3389
4011
3940
2886
3428
3794
3647
3438
3494
3557
3317
4205
3467
3438
3765
3470
3255
3629
3237
3939
3484
3611
3437
3948
3835
3761
3988
3606
3743
3599
3324
3765
3500
3835
3847
3987
3722
520
517
4152
4243
3520
3663
3529
414
3424
3733
3837
3947
4227
4235
4236
4295
4295
4362
3930
3517
3194
3580
3798
3786
3690
3691
3692
3697
3711
3903
4105
4267
4121
4127
4209
4127
4209
4127
4127
4127
4912
4209
4209
3702
3776
3934
3761
3694
4050
4050
4062
4050
4060
4922
4077
4078
4913
3715
3693
4931
4090
4264
4315
4313
4924
4125
4930
3694
3694
3893
3893
3893
3893
4076
3898
4351
4351
3716
4918
3686
3763
4049
4046
4196
4195
4111
4063
4062
4356
4359
4917
4091
4352
4359
4401
4401
4919
4919
4365
4076
4050
4931
4922
4153
3479
3553
3392
3601
3830
3244
3793
3800
3819
3827
3692
3839
3788
3912
4060
4039
3738
2801
3693
4022
3708
3814
4261
3620
3593
3634
3753
3314
3694
4078
4078
4255
3720
3458
3494
3924
4049
4049
4048
4230
4921
4194
3620
3506
3324
4048
3697
3694
4077
2710
3096
3616
3603
3069
3666
3164
3700
4213
4140
4229
3694
4921
4913
4918
3627
2810
3795
2828
4079
3859
3826
3670
4220
4081
3820
4144
4144
4015
3602
3554
4112
4022
3857
3976
4060
3847
3686
4228
3715
3693
4279
4236
4295
3618
3194
3712
4095
3857
4021
4185
4237
3865
3830
3985
3774
3726
4100
3318
3913
4918
3147
3915
4218
4231
4243
2800
3485
3922
3924
2801
4276
3736
4023
4023
2917
3865
3706
4087
4923
3761
3470
3736
2710
3863
3774
3706
3164
3888
4077
2917
3194
3774
3927
4161
4008
2923
3884
3459
4180
4179
3783
2760
4001
4001
3930
4076
4366
4398
4398
4403
4398
4052
4053
4053
4366
4365
4393
4393
4401
4070
4359
4092
4313
4267
4297
4942
4309
4071
4094
4093
3673
4297
3677
4390
4297
4267
4121
4196
4041
4086
4024
4312
3895
3897
3897
3671
4182
3895
3895
3898
4320
4072
3561
3794
3146
3963
3971
4935
3936
3726
3833
3802
3742
2762
4269
3100
3652
2993
3210
4249
3616
3963
3968
3975
3180
3965
3921
4932
4095
4123
4212
3918
4234
4341
4341
3315
4001
3900
3853
3553
3964
4939
3936
3726
3977
3711
3815
3977
4006
4911
3779
3639
3653
4018
3183
4098
3182
4941
4941
4941
4939
3182
3182
3183
4177
4087
3728
3728
4220
2712
3210
4237
4076
4939
4019
3263
3100
3301
423
3930
4272
3896
2925
417
3653
3952
3653
3748
3729
2758
3914
3493
3952
3874
3244
4082
3883
4269
4231
3388
3313
3530
4398
4054
3893
4398
3759
3382
3383
3493
4125
3580
4063
4315
4069
4051
4074
4086
3969
3970
4934
2804
2804
4327
4029
4029
4029
4940
4283
4283
4281
4381
4375
4373
3990
3876
2830
2804
3911
4125
4127
4042
4127
4127
4065
4067
4314
4304
4264
4045
4126
4148
4305
4304
4313
3681
3681
4313
4304
4130
4209
4109
4912
4304
4305
4045
4308
4126
4148
4199
4199
4912
4912
4912
4209
4257
4126
4209
4209
4209
4263
4263
4304
4298
4298
4305
4305
4298
4353
4353
4391
4070
4925
3976
3667
4210
3991
3898
4120
4044
4044
4127
4199
4209
4209
4912
4209
4209
4912
4198
4109
4043
4044
4264
417
3530
4221
4341
3720
4195
4198
4127
4127
4127
4127
4127
4127
4042
4127
4127
3525
2926
2999
3868
3959
4362
4295
3930
4362
4076
4076
3899
4127
4127
4042
4042
4198
4044
4127
4127
4127
4127
4042
4127
4042
4127
4127
3608
3493
3592
3263
4221
3915
4216
4295
4248
4169
3781
3993
4203
4028
3845
4306
4127
4042
4127
4127
3653
3213
4166
4260
4911
4147
3964
3914
3652
4341
4120
3493
3554
3730
4295
4246
4919
4919
3894
3894
4382
3034
4120
3239
3496
3212
3905
4132
2712
4225
3992
4256
4278
3553
3183
3554
3602
4221
4181
4105
4158
4103
3959
3881
4210
4327
4029
4029
4295
2804
4295
4341
4341
4341
4251
3518
4235
2804
4295
4341
4278
4273
4127
4042
4127
4042
3561
4149
3530
4160
3914
4112
4081
4327
3312
4042
3783
4181
3881
423
3992
3504
4307
4076
4365
3844
3853
2996
3935
4180
3884
3652
4248
3504
4272
3135
4225
4341
4320
4320
4364
3895
3853
4165
3518
4295
4362
4362
3099
3992
4128
4141
3495
4216
4295
4295
4362
3904
3671
3926
4316
4170
4170
4262
4364
4127
2711
3581
3978
3386
4165
4099
3910
4365
4042
3245
3895
3742
4232
4311
4127
4127
4127
4127
4127
4128
3767
3518
3242
4059
4094
3672
4093
417
3496
4134
3504
4320
4159
4328
4178
4939
4283
4328
3973
418
4375
4033
4377
4377
4478
4605
4592
4293
3780
4319
423
4073
4389
4320
4127
4209
4127
4328
3747
4134
4312
4071
4390
4127
4127
3518
4202
4127
4109
4121
4121
4121
4263
4201
4209
4127
4209
3672
4362
4127
4071
4263
4263
4002
4341
4343
4284
3973
4341
2804
4327
4325
4029
4940
4341
2804
4127
3973
3973
4281
4381
4282
4379
4347
1364
4374
420
4293
4362
3990
4281
4036
4109
4109
4347
2805
4325
4209
4209
4201
4155
4093
4209
4209
4209
4209
4209
4209
4298
420
4209
4159
4343
4937
4159
4267
4263
4263
4130
4339
4286
4937
3990
4417
4408
3997
4378
4293
4299
4300
4406
4347
4384
4209
4304
4304
4299
4031
4209
4263
4130
4109
4209
4209
4209
4209
4126
4199
4126
4197
4305
4304
4304
4286
4209
4263
4130
4197
3973
4328
4328
4336
4373
424
4378
4375
3990
4409
420
4375
4417
4406
4417
4424
4409
4469
4282
4381
4381
4381
418
4376
4399
4477
4335
4596
4432
4461
4524
4534
4531
4580
4534
4630
4497
4497
4766
4626
4948
4667
4667
4589
4750
4667
4626
4667
4649
4649
4626
4626
4626
4408
4282
4484
4522
4034
1368
4371
4426
4300
4425
4425
4287
4335
4484
4033
4033
4423
4477
4342
4408
4285
4033
4281
4420
4408
4376
4424
4376
419
4406
4372
4415
4342
4416
4335
4334
4495
4524
4658
4644
4530
4441
4949
4626
4626
4441
4626
4948
4948
4667
4626
4949
4441
4949
4946
4499
4607
4761
4431
4383
4383
4441
4342
4330
4469
1367
4495
4468
4376
4423
4494
4460
4525
4471
4531
4333
4477
4533
4425
4949
4626
4626
4626
4948
4667
4948
4692
4750
4514
4514
4626
4500
4500
4514
4637
4649
4639
4441
4626
4399
4371
4626
4626
4667
4626
4500
4651
4477
4626
4625
4626
4626
4533
4383
4426
4626
4626
4626
4626
4667
4033
4287
4405
4626
4626
4580
4777
4649
4342
4477
4626
4441
4649
4639
4649
4500
4649
4637
4637
4441
4626
4626
4471
4422
4514
4639
4649
4477
4477
4626
4520
4485
4477
4531
4580
4567
4383
4626
4514
4649
4514
4649
4477
4949
4514
4739
4477
4528
4626
4676
4034
4383
4626
4626
4628
4441
4499
4529
4944
4630
4377
4471
4528
4497
4626
4383
4946
4438
4663
4766
4631
4626
4426
4649
4946
4626
1368
1368
4649
4667
4501
4606
4499
4440
4650
4649
4946
4658
4441
4530
4650
4948
4626
4667
4637
4625
4432
4461
4645
4637
4946
4497
4529
4658
4515
4515
4721
4643
4426
4474
4426
4626
4626
4626
4667
4639
4739
4441
4667
4739
4443
4750
4637
4773
4948
4533
4637
4618
4515
4767
4637
4481
4630
4664
4752
4752
4518
4488
4626
4948
4667
4625
4667
4750
4750
4667
4948
4667
4626
4949
4607
4722
4948
4625
4625
4667
4628
4628
4607
4580
4563
4471
4567
4522
4438
4635
4949
4626
4949
4530
4750
4637
4748
4750
4724
4431
4773
4478
4521
4567
4748
4442
4667
4501
4750
4626
4497
4722
4696
4481
4556
4498
4634
4664
4471
4649
4637
4750
4750
4638
4442
4697
4600
4637
4442
4441
4530
4662
4595
4753
4754
4501
4950
4752
4773
4649
4530
4766
4667
4750
4530
4750
4739
4739
4443
4501
4530
4443
339
339
340
51
50
340
346
339
339
430
340
505
340
48
346
339
339
339
339
339
1424
1424
798
748
988
662
662
732
707
707
600
4816
4816
676
738
4816
852
852
852
1465
988
707
707
4816
707
852
662
622
676
676
740
1424
699
662
773
852
776
776
988
774
699
852
852
1424
1424
738
798
4816
4841
4858
733
772
4841
1424
676
748
775
699
1424
1424
771
707
707
616
612
676
699
748
732
764
988
707
707
662
407
1342
712
713
810
407
407
4885
4885
4883
4882
841
1295
508
4882
746
2349
3019
2610
2610
2215
2536
2540
4892
2540
2540
2724
2610
2930
3402
3145
2992
2954
2659
3267
3145
3402
4904
2659
2930
2930
3038
3402
2553
4057
3694
4061
4127
4390
4125
4125
4199
4199
4209
4209
4065
4392
4263
4073
4382
4366
4051
4051
4051
4403
4075
4055
4402
4091
4355
4315
4349
4317
4298
4359
4199
4127
4912
4127
4127
4127
4397
4403
4263
4127
4044
4912
4393
4926
3694
4200
4029
4934
4941
4941
4941
4939
3972
4283
4283
4283
4941
4200
4940
4941
4200
4127
4127
4626
4626
4441
4498
4626
4626
4459
4626
4750
4635
4441
4626
4421
4626
4608
4054
4054
699
699
699
699
699
699
699
2661
2875
3054
3094
2930
2915
2991
2708
2915
2659
2930
2875
2991
3054
1219
2930
2708
2708
2706
2659
2930
2708
2870
2659
2663
2871
