423
423
423
423
423
423
423
423
439
439
455
11
714
676
423
423
423
423
423
423
423
423
423
423
423
423
423
423
423
423
423
423
423
423
423
423
423
423
423
423
423
423
423
135
136
145
136
423
423
423
423
423
423
423
423
423
423
423
423
423
423
423
423
423
423
423
423
423
423
423
423
423
423
423
423
423
423
423
423
423
423
423
423
423
423
423
423
423
423
423
423
423
423
423
423
423
423
423
423
423
423
423
423
423
423
423
423
423
423
423
423
423
423
423
423
423
423
423
423
423
423
423
260
371
481
251
368
82
273
165
288
258
276
259
423
423
423
423
423
423
372
423
423
423
423
423
423
423
423
423
423
423
423
423
423
423
423
423
423
423
423
423
423
423
423
423
423
423
423
423
423
423
423
423
423
423
297
297
296
132
235
447
573
203
484
6
302
168
169
324
854
253
589
401
261
312
372
372
488
562
227
423
423
423
423
423
423
423
423
297
423
423
260
297
372
423
423
423
423
372
423
372
423
297
372
406
439
454
423
423
423
303
479
214
336
331
372
423
423
423
297
372
423
423
423
423
423
423
372
395
423
423
423
423
423
423
423
423
423
423
423
423
296
261
260
337
481
10
423
423
423
423
295
423
423
423
136
136
136
454
136
136
423
423
136
423
291
423
423
423
423
423
423
423
423
423
423
423
423
423
423
423
297
303
423
423
455
224
423
261
337
423
423
423
423
454
488
423
423
423
423
423
342
423
423
136
481
423
423
423
136
294
423
423
134
454
261
423
373
590
806
324
1528
1340
502
1787
2671
2284
3397
3331
381
3444
383
3721
3721
4061
384
4324
4274
4074
387
1344
3853
3853
4333
423
423
423
423
423
342
400
373
221
798
82
324
1374
323
336
56
423
423
423
423
423
423
250
423
423
423
423
423
423
454
9
9
423
423
251
423
423
427
236
423
454
249
307
423
423
423
423
423
251
423
423
423
142
423
423
423
423
423
423
423
423
423
214
331
237
233
369
359
450
213
137
137
363
537
9
556
144
142
439
231
419
141
15
307
4790
171
1489
1524
1515
1781
1873
2616
3482
3478
2873
3714
2814
510
3406
514
3197
2831
2897
1652
2604
1910
1778
1883
2334
1954
2762
3172
2601
3455
3093
3424
3424
2742
225
157
188
480
193
213
536
333
806
555
796
495
82
56
809
325
219
482
333
322
324
305
58
120
312
87
3
88
817
274
1507
1340
1507
1528
482
961
1300
1300
961
1440
1301
1301
961
712
1439
1153
1153
1161
1316
1316
1316
1444
1546
1807
1094
1076
1024
1686
1623
1043
1819
1917
1772
1925
1077
1917
961
1301
1301
1301
1301
1242
1301
1301
1300
1242
1133
307
273
872
1440
1509
1440
1406
1301
961
1301
872
872
648
712
969
712
712
1153
1132
1484
1444
1699
367
322
811
1817
1674
499
1300
1300
967
961
1301
1301
120
1300
1301
712
712
961
1406
712
94
321
324
1528
1301
1301
1301
1301
872
1300
1300
1301
1300
1406
233
1406
1443
643
1152
1132
1301
1301
1300
1301
1300
1300
872
1133
1320
1301
1320
1133
1055
1313
1242
87
120
88
1160
5
274
324
169
169
1489
1301
450
324
1528
1507
1152
1132
501
1300
1301
165
319
712
1300
1301
1301
1133
1301
1301
1301
1301
1301
1301
1301
171
1702
1702
1569
1677
1702
1493
1301
1301
712
324
82
272
1034
1301
1242
40
1016
1313
1301
1301
1301
1242
319
1301
1398
1301
872
872
499
1301
1301
1371
1336
1336
1330
1336
648
1037
4871
1557
1551
446
56
1301
1301
1242
1301
1300
1128
1569
450
1300
872
1151
359
1301
93
1568
1035
1161
1301
1301
1251
1226
1375
1786
1355
872
872
1406
1359
1440
1440
1048
1103
872
272
1132
1316
1128
165
1495
1561
1855
1941
1657
1728
440
1677
1903
1582
1940
648
498
1010
1128
1554
812
4875
1729
1316
1316
1301
1301
1301
1406
1406
1336
1316
1484
1301
1336
1009
1571
872
872
1559
1559
169
1507
1475
502
1051
1037
1298
1336
1150
964
1378
1825
2596
2979
976
2273
2107
2490
2541
2123
2190
2190
2597
2669
2982
2375
2983
2479
987
2808
2808
2301
2255
2399
2558
1301
1301
1336
1330
1445
1570
1484
1484
1444
1242
1048
1484
1925
1925
1936
1823
1756
1720
1024
1336
2006
2006
1818
1145
1823
1925
2005
2466
2466
1025
1808
1969
1758
2391
1727
2412
2412
2466
2466
2457
1026
2281
2730
2736
2988
2987
2987
1925
1843
1843
1843
1084
1130
1194
1270
1022
1822
1017
1336
1925
1979
2084
2002
1925
1925
1925
1925
1414
1384
1030
1819
1414
1021
1270
1686
2006
1952
1969
1094
1045
1803
1818
1823
1936
1821
1076
1484
1444
1546
452
452
1395
1365
1818
1401
1758
1395
1365
1195
1639
1923
2412
1922
1839
2466
2466
2391
2457
2363
1203
1937
1850
1672
1323
1195
1415
2006
1484
1570
1251
4874
1818
1818
1080
2391
2391
2466
2466
2412
2391
2391
2391
4778
1818
1161
639
1771
1771
1414
1024
1484
1406
1440
872
1406
1301
1301
1301
369
1818
1818
1674
1674
1673
1893
4872
1384
1538
1511
1395
1808
1808
1507
1371
1359
1525
1438
1359
1359
1818
1818
1843
1336
1534
1158
1718
499
1610
1463
1979
1727
2407
1415
1771
1867
1623
1292
1699
1628
1571
1371
1808
1076
1818
1030
1543
1571
1807
1316
1301
1440
1438
1440
1359
1359
1525
1818
1438
1438
1438
1336
1253
1395
1195
2006
1076
1406
1401
1195
1401
1401
1486
1818
1818
1268
1365
1076
1623
1406
1818
1281
1746
1360
1283
1717
1370
1832
1856
2138
2579
2589
2640
4889
2866
2964
1218
2964
2818
2678
2710
2678
2770
3050
3269
3050
3294
3057
1214
1216
3114
3114
1212
1212
3050
3050
3050
2818
2818
2818
2837
2703
2887
1573
1573
1360
1359
1415
1969
1240
972
1808
1969
1401
1280
1048
1359
1592
1525
1525
1332
1953
1776
2303
2458
1463
1669
1253
1570
1520
1195
1923
2245
1922
1969
1606
1929
2103
1929
1800
1095
1708
1639
1639
1818
1281
1278
369
1334
1513
1882
1870
2448
1263
1278
1401
1095
1526
1297
1401
1401
1708
1401
1401
1559
1279
1632
1638
1587
1420
1759
1904
1513
1280
1569
1239
1591
1513
1759
1758
1336
1769
1025
1076
1969
1708
1818
1323
1263
1025
2332
1925
1771
1563
1256
1041
1666
1654
1445
1523
2134
1623
1523
1546
1572
1818
1843
1283
2010
1591
1835
1298
1946
2055
1756
1573
1746
1323
1639
1336
1332
1401
1639
1591
4875
1336
1269
1654
2391
1756
1546
1541
1771
1256
1717
1756
1841
1403
1677
1818
1780
1839
2412
1655
1801
502
1993
2892
1343
2750
4942
4549
4580
4580
4704
4580
4735
4735
4735
4722
1527
1546
1546
1419
1146
1734
1776
1484
1520
1672
1200
1746
1080
2391
2391
1853
1729
1801
1694
2007
1475
1475
1528
2293
2105
2284
1024
1808
1401
1587
1771
502
1378
503
1341
1024
1280
1792
2538
2964
2886
2865
1818
1852
1239
1725
1654
2292
1853
1727
2466
2457
1253
1868
1832
1850
1857
2579
1948
1849
1745
1666
2292
2391
2412
2407
1727
1725
1725
1523
640
1520
1672
1639
1201
2076
1280
1927
1638
1426
1913
1913
1962
2440
2678
2776
2703
1405
4875
1734
2412
2412
1520
639
1253
1458
1253
1253
1699
1368
1699
1734
1812
1763
1253
1699
1523
1572
1808
1867
1444
1426
2007
1667
1634
1476
1743
1741
1453
1680
525
2762
1592
1341
1805
1526
1756
2407
1727
1727
2466
1734
1562
1562
1621
1885
1967
2247
2409
926
1657
1781
2003
1478
2760
2813
3026
2763
1253
1024
1969
1573
1883
2245
1544
1667
1682
1774
1620
1253
1520
1570
1316
1938
1938
1564
1025
1904
1587
1605
1745
1807
1743
1688
1481
2809
1076
1746
1771
2002
1516
1734
2412
2412
1727
2466
2466
2412
2412
2412
2466
1870
1993
2352
2407
1639
1758
1758
1639
1891
1925
1925
1548
1738
1515
2407
2412
1727
1871
1924
1994
1952
1080
1781
1786
1587
1559
1750
1738
1494
1693
1677
1702
1080
1490
1093
1800
2304
1927
1561
1737
1670
1640
1929
1936
2352
2407
1982
1794
1911
1961
1494
2092
1642
1855
1637
1773
1636
1744
1612
1589
1830
2353
1817
1946
2055
1849
1923
1737
1979
2084
1629
1548
1493
1703
1621
1810
1810
1823
1726
2391
1853
1798
1657
1744
1451
2117
1636
1619
1453
1844
1892
1831
1519
1715
1930
1922
2412
2352
2466
2466
2391
2391
2391
2085
2006
1468
1929
2466
2466
2466
2466
1869
1904
1703
2104
1954
1901
2120
2560
1653
1713
2460
2664
2935
3481
2992
2834
3112
3112
512
2942
1477
2303
1994
1891
1126
1660
976
1660
2107
927
2490
1730
2002
1704
1681
1929
2466
2412
1902
1380
1422
973
1896
973
1843
2286
2117
1848
524
1901
1774
2834
2893
1732
2466
2526
1879
2103
1745
1997
1997
519
1079
1987
1697
1680
1687
2407
2085
1913
1621
1678
519
2463
2974
1698
1841
1711
1678
2117
1678
1714
1958
2283
1823
1970
2304
2304
1787
1755
1742
2466
2466
2352
2466
1777
528
2390
2796
1903
932
1899
1741
1978
2352
2466
2466
2120
1642
1761
1979
1840
1958
1518
2689
2334
2829
1797
1984
2430
2363
1814
1469
1966
933
2344
2084
2260
1202
1816
1704
2391
2466
2466
2407
1970
2526
378
1826
2401
2365
2065
1402
1612
1762
2332
2407
2055
2882
527
1910
2084
1953
2355
2487
2121
2005
1992
2355
1342
3241
2671
1910
2618
1865
2952
2710
2710
2678
2710
2710
2678
1997
1660
2391
2391
2425
1745
1913
2423
1825
2391
2466
2391
2466
2391
2282
2282
2688
1811
3041
2440
1518
1947
1937
2391
2466
378
1391
2186
2391
2466
2363
2466
2466
2466
2466
379
380
3024
3510
2707
3211
1785
1888
2286
1893
2391
2391
4888
2354
2906
2742
2927
2791
2868
2464
2328
2346
1983
1997
1987
2452
2294
2391
2457
1482
2829
1424
2463
529
2824
2729
2906
1643
1863
1209
1210
2537
2537
2952
2864
2950
1997
2282
2354
3025
3139
527
1930
506
2934
2859
3446
3026
2859
2520
2206
1845
2057
2689
2719
1580
1997
2604
2344
1896
2186
975
2186
1767
526
526
2004
2395
2537
2395
518
2758
2758
2758
2758
2000
2000
2000
2897
2758
518
2058
2391
927
1662
1767
1027
2869
4987
1878
2390
2440
2076
2391
2391
1519
2063
2678
2107
2107
2107
2363
1872
2583
2672
1947
2092
1846
2635
2980
2453
1945
2246
2618
2604
927
1660
2281
528
2206
2618
2391
2629
2247
2294
2000
2537
2894
2894
2000
926
2882
2664
976
2447
2600
2600
2600
3424
1865
1865
1865
2618
1863
1660
2206
1203
2527
2363
2417
1865
1865
2710
2776
2818
2758
2758
2666
2207
2463
3042
3042
2441
2487
2744
2751
2710
1864
2833
1652
2981
1998
518
2107
2730
2295
2337
2442
2570
2762
2537
2537
2301
2558
2444
2398
2300
2190
2301
2301
2301
2444
2301
2255
2255
2255
2301
2301
2301
2301
2301
2444
2398
2398
2301
2042
2301
2255
984
2301
2444
2349
1826
2906
2611
2285
1470
1988
2952
2952
2710
2952
2255
2444
2398
2398
2398
2398
2442
2906
2906
2906
2419
1392
2301
2444
2398
2255
2301
2347
3334
2135
2634
2963
2087
2552
2537
2228
2398
2301
2228
2398
2301
2398
976
2708
2751
1649
2605
2490
984
984
984
2398
2255
1942
2000
2666
1865
2537
2952
2398
2928
2000
2349
976
2190
2107
2706
2255
2444
2558
2558
2131
2597
2648
2458
2463
2952
1210
2776
1210
2818
984
2041
2079
2331
2331
2024
2257
2399
2042
2123
984
984
984
2042
2241
2331
2331
2255
2581
987
984
2042
2040
2070
2070
2566
2566
2565
2565
3183
3143
3185
2373
2373
2373
3084
3084
3084
2255
2257
2967
2581
3064
3231
3308
3022
2967
2720
2255
2186
2131
2255
2661
2933
2661
3058
3039
3143
2373
2373
2373
2373
2373
2373
2373
3002
3084
3438
2453
2604
983
2569
2385
2426
2267
2253
2070
2042
2042
2331
2331
2257
2257
2257
2226
2070
2070
2172
3185
3231
3185
2241
4885
2782
2777
2777
2641
2641
2777
2241
2042
2235
2235
2255
2558
2444
2558
2648
2979
2869
3026
3334
2290
1865
1865
2952
2710
2710
2591
984
2255
2301
2255
2558
2301
379
2599
2000
2000
2274
2710
2289
984
2190
2490
2398
2273
2273
2190
2706
2492
2558
2301
2301
987
2869
2988
2868
2791
3196
3595
3023
2042
2638
2661
2661
4993
2597
2791
2928
1650
2041
2190
2776
2510
2190
2444
2230
2927
3139
2896
2272
2272
2265
2298
2298
2298
2406
2272
2038
2267
2272
2267
2038
2267
2298
2298
2298
2380
2266
2266
984
2257
2290
2454
2241
2273
2123
2190
2398
3025
2906
2602
2300
2952
2864
2886
2880
2255
983
983
2298
2461
2524
2241
1865
2678
2638
2782
2190
2399
2301
2856
2660
3093
2600
2862
2004
2298
2265
2267
2041
2265
2952
2190
1210
2190
3015
2041
2240
2704
2909
3019
2815
2371
3005
3005
2373
2373
2373
2373
2541
2541
2255
2581
2348
2541
2492
2495
2124
2710
2492
2581
2894
2454
2527
2964
2964
4991
2669
987
2791
2276
2628
2952
2678
2678
4977
2979
2288
2634
2980
2950
2869
2558
3083
2115
2808
2275
2952
2711
2678
2678
2818
987
2742
2086
2864
2702
2776
2678
2776
2776
2776
4889
2581
3022
3308
3207
3145
3308
2571
2079
2406
2298
1684
2409
2788
2967
2597
2581
2808
3490
3479
983
2265
2135
2453
3112
3112
2665
2665
3112
2665
2776
2776
2703
2824
2868
2856
2808
3438
2908
2834
2974
2834
1215
2887
4889
2581
2967
2967
3069
2173
2070
2967
2967
2967
2967
2967
2967
2967
2967
2967
2967
3069
2669
2581
2581
3332
3478
2406
2420
3115
2937
2937
3373
3373
3421
2552
3424
3482
2034
2024
2257
2070
2636
2420
1215
2648
2581
2872
2811
2406
2298
2329
2298
3042
2257
2808
1651
2818
2702
3038
1215
1216
2641
1218
2641
2641
2641
2648
3022
3427
2129
2711
2541
2509
2641
2641
2780
2581
3022
2038
2038
2385
980
2879
2980
2257
2967
1218
1215
2887
2967
2581
2610
2704
2656
2877
2210
2322
2402
2267
1684
2492
2791
2868
2990
2763
2298
2267
2267
2038
2109
2897
2818
2703
2660
2669
986
3026
2406
2070
2040
2070
2837
2964
4890
3114
3114
2866
2866
1216
2641
2881
1216
1216
2641
2641
2978
1214
2641
1215
3622
3423
3371
3291
3817
3746
3746
3181
3181
2070
2897
3022
3023
3704
3512
2612
3704
3901
3962
3482
3704
2298
2038
3332
2298
2298
2628
3115
3009
3449
986
3446
3702
2692
1651
2665
2954
2818
1217
3114
3114
1216
2881
2881
2917
2931
3099
2847
2958
3398
3237
3063
2854
3503
2298
2725
2492
3009
2938
2257
3024
2581
2298
2991
2981
2954
3034
3410
2668
3595
3303
2267
2691
3112
3114
2581
2700
2699
3141
3257
3338
3484
3485
2702
3112
2665
2752
2298
2267
2691
2831
3254
3338
2697
3141
2831
3268
2770
2770
2088
3115
3211
3024
2253
2624
2700
3346
2748
3615
4944
4164
3022
2380
2772
3346
2772
2597
3240
3240
3240
3240
3240
3240
3639
3718
3504
3504
3902
3871
4156
3639
3718
3239
2985
3010
2849
3707
3707
3504
3455
2632
3652
3615
3226
3700
2610
3815
2267
2267
2267
2267
2267
2070
513
3055
3446
3172
3027
3028
3746
3727
3864
2683
3077
3270
3204
3204
3191
3339
2700
3304
2612
2267
2772
2879
3092
3092
2733
2733
3363
3363
2881
2641
3398
3092
3239
3639
2738
3398
3398
2733
2733
2985
3356
3090
3445
3316
3453
3121
3059
2997
3026
3497
3290
3290
2267
2879
3111
3404
3398
3398
3398
3398
2967
3092
3639
986
3240
3639
3438
2362
516
2834
3043
3044
2702
3050
2799
3363
2910
2739
3080
3984
4057
3845
2844
3013
3819
2644
3099
2931
2984
3398
3308
2982
2649
3022
3803
3446
2745
3511
2426
2641
2641
3114
3055
3398
3398
3639
3092
3639
3424
3797
2624
2980
991
3115
2788
2881
2624
2896
3042
3046
3055
3057
3057
3363
3308
2173
3639
2989
2749
2831
2835
2981
3050
2963
3115
3069
2195
3064
2195
3100
3240
3718
2402
2991
2986
2931
2193
3064
2253
1648
2850
2917
3057
3791
4099
2957
4032
4175
2645
3122
2967
3718
2601
3373
3010
3214
3290
2632
2962
3104
2937
2937
2963
2726
2173
3069
2173
2173
2173
2763
2561
2494
3365
4898
2940
3192
2917
3263
2958
2375
3239
3456
3173
2835
4897
2024
3373
2198
2198
2195
3248
3143
2253
2948
2267
2991
3020
2976
2930
1213
1213
3018
2985
2775
2929
3308
2734
3399
3456
3399
3504
3662
2614
2763
2885
3460
3634
3667
2498
3089
3509
2376
3064
3639
2111
2948
2386
2173
3341
3069
3509
3376
3519
2937
3248
3627
3362
2646
4069
3595
3513
2267
2403
2918
3192
2937
2803
2172
388
1344
388
2745
3027
3027
3498
2684
2685
3851
2551
3359
2937
3088
3423
3450
3214
2885
3057
2656
2387
3156
3479
3097
3420
3198
3198
3203
2767
2770
3203
3203
3198
3050
4897
3050
3090
3154
3118
2966
3376
3448
2202
2977
2373
2373
3183
2198
2253
2918
3073
3791
3074
3468
3270
3318
2926
3322
3999
3614
2402
2767
2800
3422
3627
3543
3012
3239
3399
3709
3707
3718
3303
3044
3359
3057
2926
3316
2373
2373
3231
2267
3365
2915
3860
3860
3597
3483
3142
3405
2173
2566
2963
3368
2564
2937
2803
3160
3138
3126
3192
3308
3011
3486
3345
3625
3129
3370
3435
3645
3131
3133
3133
4149
3137
4020
3461
3011
3481
516
2674
2940
2371
2373
2371
2373
2371
2371
2371
2373
2373
2371
3089
2376
3450
3519
3519
3368
3308
3609
3625
3162
3163
4131
3166
4085
3606
3723
3170
3718
3614
3181
3447
3339
3140
3466
3178
3257
3180
2764
2764
2957
3439
2371
2371
2371
2875
2173
3356
3481
3203
3140
2940
2372
2373
2373
2371
2610
3043
3339
3339
3458
2701
3175
3339
2875
3339
3339
2701
2937
2373
3086
3143
3011
3852
3802
4040
4124
4273
4238
4238
3845
3678
3678
2845
4071
3982
4070
3814
3870
3694
3609
2701
2992
3698
3339
2371
2373
3002
3039
3183
3231
381
3397
4023
3709
1343
2875
3339
2373
2373
2373
2373
2373
3519
3519
3519
3448
2172
3510
388
3488
514
3256
3355
3701
2948
2643
3368
2997
2977
3231
3365
511
3270
2948
2565
2373
2371
3183
3183
3185
3126
2807
3060
3879
3881
3651
3281
4141
3873
3645
3522
3522
3224
3486
3703
3803
3488
4039
2701
3057
3295
3269
3406
2371
2373
2373
2373
2373
2172
3183
3143
2844
3614
3181
3339
2948
2565
2565
3084
3084
3183
2566
2371
2373
3231
3185
2373
2373
2373
3302
3510
3519
3519
3478
3318
3256
2937
2373
3448
3519
3183
3183
3376
3376
3519
3330
3302
3288
3426
3802
4124
3853
3718
3707
3291
3817
3268
3367
3122
3084
3084
2565
3084
3426
3543
3216
3084
3361
3390
3011
3173
2726
3360
3120
3488
3701
1647
3354
3399
2735
2613
2722
2697
3176
3176
3442
3448
3370
3497
3178
3448
3429
3429
3429
3519
3348
3833
3380
3137
3282
3717
3963
4024
3387
3799
3844
3327
3329
3415
3412
3392
3414
3472
3816
3686
3396
3435
3902
3362
3465
3647
2841
3260
2686
3272
2925
3119
381
3349
3412
3215
3392
3131
3462
3740
3816
3695
3817
3176
510
3368
3376
3863
3376
3390
3122
3379
3674
3481
2697
3086
3393
3392
3286
3433
3495
3131
3435
3999
3403
3501
2936
3212
389
3213
3362
3497
2957
3368
3429
3376
3429
3163
3392
3393
4029
3707
3872
3457
3458
3460
510
3392
3416
3686
3695
3181
3118
3458
3505
3458
3277
3408
3411
3623
3709
3304
3442
3430
3502
3746
2682
3096
3512
3292
2936
3694
3703
3798
3261
3727
3182
3466
511
3432
3495
3731
3498
2765
2765
3746
3335
3701
3813
3626
3709
3338
3520
3331
4103
3213
3863
3831
2614
3901
3699
4164
1647
3060
3520
3643
3522
3607
3800
3619
3780
3786
4132
3527
4921
3986
3987
3988
3939
3966
4014
4014
4146
4014
4014
3988
3540
3523
3523
3541
3572
3682
3552
3679
3553
3553
3552
3552
3720
3568
3684
3570
3618
3692
3691
4914
3635
4915
4921
3862
3679
3552
3568
3660
3568
3660
3660
3706
3569
3805
3805
3638
3542
3523
3673
3552
3684
3888
3979
3842
3862
3691
3545
3669
3596
3596
3876
3754
3613
3848
4002
4002
3753
3563
3565
3565
3628
3646
3629
3629
3551
3679
4000
3568
3454
2723
3364
3364
3119
4018
3863
3169
3606
3607
3723
3608
3800
3572
3654
3656
3610
3552
3285
3668
3552
3570
3683
3673
3608
3182
3485
3394
3605
3870
3983
3871
3568
3706
3814
3747
3060
3602
3469
3520
3685
3618
3685
3654
2614
3131
3179
3277
3460
3683
3131
3818
3746
3270
3320
3806
3650
3168
3845
3541
3656
3656
3654
3805
3684
3706
3569
4022
2993
3641
3603
3681
3683
4086
3524
3620
3732
3678
3013
3996
2846
3845
2843
3618
3681
3693
3618
3638
4074
3684
3570
3686
3804
3335
2925
3693
3618
3826
3733
3727
3727
2993
3096
3716
510
3810
3714
2614
3654
3638
3705
4039
3792
4133
2841
3648
2994
3643
3652
3717
3717
3569
3684
3600
4055
3691
3693
4066
3814
3851
3864
3727
3717
3293
2696
3652
3524
2764
2765
3719
3182
3468
3483
3604
3844
4056
3013
3675
4037
3013
3741
3633
3864
2765
2765
2765
2921
3075
3076
3837
3719
3660
3660
3660
3660
3568
3660
3660
3660
3660
3660
3629
3628
3628
3551
3628
3848
3876
4111
4931
3790
4155
4109
4186
4036
4932
3964
4111
3790
3767
3592
3848
4003
4109
3776
4153
3775
4066
4034
3785
3856
3783
3706
3569
3571
4106
4106
3818
3719
3659
3647
3631
3468
2746
3696
3698
3357
3167
4150
3801
4098
3899
3853
3846
3805
3720
3806
3664
2746
3615
3524
3779
3675
3440
4021
3726
4022
2921
3569
3631
3364
3110
385
3494
3489
3780
4086
3620
2765
3568
3335
3721
3832
4040
3860
3860
3795
3860
3980
3598
4041
4042
3554
3554
3451
3164
3801
4133
3695
3660
2922
3680
3793
4116
3899
3853
4270
3855
3805
3865
3736
3492
384
3335
3508
3807
389
3866
3077
3735
3470
3869
3869
3675
4087
2920
4029
4092
3660
3660
3719
3660
2846
2848
2924
3476
3577
3831
3862
3635
3546
3553
3552
3552
2746
3808
3835
4062
4182
4199
4583
4646
4484
4413
4211
3494
3708
3657
3985
4078
4009
4078
3905
4009
3560
3811
3594
4921
4152
3594
4921
4902
3768
4938
3585
4933
4932
4912
4913
4925
4302
3916
3530
3775
3916
3751
4096
3589
4918
4922
4918
4919
4919
3913
3987
3978
3529
4906
3987
3987
4014
4014
3557
4940
3932
3935
4291
3558
4935
4919
4300
3587
3583
3957
3755
4912
3957
4933
4049
3875
4901
4901
3628
3628
3862
3888
3167
3963
3705
3706
3979
3559
3904
3965
4939
3986
3971
3971
3987
3987
3936
3971
3530
4195
3916
3577
3578
4051
3578
3862
3483
3597
4100
3075
3735
3559
4939
4939
3986
4146
4146
3966
4078
4078
4078
3985
4004
4051
2842
2646
3961
4072
3836
3784
3719
3660
3719
4051
4051
3985
4004
4005
4936
3777
3965
4146
4005
4077
4078
4146
3986
4078
4007
4077
3409
4061
3831
3480
4068
4175
4133
3569
4025
3648
2645
3996
4185
4117
4078
4078
2922
3632
3671
3132
3734
4051
3859
389
3074
4280
3073
384
3602
4055
4942
3551
3628
3828
3719
3629
3629
3823
3776
4052
4159
3874
3900
4069
4137
4105
3384
3612
3979
3981
3597
3883
3649
3676
4064
3526
4034
3996
2924
3741
3677
4944
4114
3700
4192
3567
3985
3985
4078
4078
3991
3110
3110
3598
3880
4100
4020
3077
3998
3217
4007
4063
3743
4068
4229
4058
4094
3382
3719
3629
2959
2922
4067
3213
3996
4068
4280
4125
4035
3165
3402
3620
3855
3566
3828
3646
2919
3457
3792
4944
4214
4059
3529
4129
389
4156
4164
4139
4106
4024
4059
4024
3629
3991
3776
3874
4184
4139
4113
4120
4093
3629
4112
3744
4059
4024
4134
4076
4007
4007
4009
3986
4153
3742
4119
3166
3788
3789
3789
3876
3661
4129
3745
4158
4192
4042
3598
3840
4583
3858
4183
4199
4162
4412
4531
4534
4646
4646
4736
4735
4183
4139
4229
4159
3628
3628
4001
3987
3988
3987
3840
3402
4191
3782
4001
3628
3646
4003
3848
4009
4183
3220
4036
4927
4194
3775
4206
4919
4919
4208
4229
4929
3537
3971
4142
4929
4929
4920
4152
4919
4110
3964
4062
4160
4607
4160
4062
4182
4468
4468
4696
4469
4580
4244
4946
4164
4211
3858
4946
4164
4468
4003
4160
3530
3986
4639
4581
4160
3988
4929
4244
4317
3876
3876
3971
4015
3971
3558
3988
3971
3936
4285
4285
3966
4182
4607
4468
4317
4155
3769
3954
3768
3580
4919
4586
4468
4229
4484
4471
385
4318
4211
4182
4276
4332
4350
4468
4562
4468
3975
4933
3591
4199
4211
4261
3930
3761
3931
4935
4923
4940
3932
4549
4263
3931
3761
4923
4924
3769
3585
4187
4318
4469
4302
3931
3956
3579
4161
4652
3919
4468
4167
4315
4315
4582
4333
4334
4413
4576
4484
4434
4580
4583
4583
4746
4332
4580
4469
4469
4580
4311
4484
4531
4583
4469
4732
4696
4683
4738
4683
4615
4615
4682
4737
4760
4713
4770
4760
4770
4772
4614
4760
2504
2145
2145
2145
2145
2145
2145
2145
2145
2145
2145
2145
2145
2505
2145
4469
4580
4469
4737
4737
4735
4735
4735
4704
4722
4444
4583
4576
4322
4469
4737
4735
4696
4732
4758
4469
4469
4682
4760
4760
4683
4582
4732
4696
4581
4576
4696
4469
4605
4732
4469
4582
4581
4738
4469
4340
4735
4738
4469
4758
4682
4760
4706
4488
4737
4760
4713
4770
4760
2504
2504
2145
2145
2145
2145
2145
2145
2145
2145
2145
2145
2145
2504
2504
4760
4760
4604
4646
4531
4739
4490
2145
4683
4738
4708
4469
4760
4469
4760
4760
4735
4738
4531
4531
4490
4770
4760
4760
4760
4708
4770
4735
4772
4582
4605
2145
2145
2145
2145
2145
2145
2145
2145
2145
2145
2145
2145
2145
2145
2299
2145
2145
2145
2145
2145
2299
4644
4604
4738
2145
2145
2145
2145
2145
2145
2145
2145
2299
4604
2505
2145
2505
2145
2145
4450
4169
4605
2145
2145
2145
2145
2145
4744
4595
4579
4450
4553
2145
2145
4450
4760
2299
2145
2145
4489
4772
2145
2145
2145
2145
2145
2145
2145
2145
2145
2145
2145
2145
4772
4737
4735
2145
2145
2145
4615
4734
2145
4713
4760
4604
4604
4760
4604
4646
2145
2145
2145
2145
2145
2145
2145
2145
4489
4644
2145
2145
4735
2145
4646
2145
2145
2504
2504
2504
2145
4760
4713
1352
2145
4646
4735
4595
4735
2145
2504
2504
4770
4770
2145
2145
2145
2145
2145
4737
4735
2145
2145
2145
2145
2504
2504
2145
2145
2145
2299
4750
2145
2504
2504
4760
2145
2145
2145
2145
4760
4760
4760
2145
2504
2504
2504
4704
2145
2504
2145
2504
4489
1354
4735
2145
2145
2145
2145
2145
2145
2145
2145
2504
2504
2504
2504
2145
2145
2145
4604
2145
2145
2145
2504
2145
2504
2504
4760
4752
2504
2504
4735
4766
2145
2504
2145
2504
2504
2504
2145
2145
2945
2504
2504
2504
2145
2504
4614
2504
2145
4760
4489
4737
4760
4737
2504
2145
2145
2504
2145
2145
2504
2145
2504
2504
2145
2145
2145
4760
4489
2145
4646
2145
2145
2145
2145
2145
2145
2145
2504
4760
2504
2504
2504
4489
4760
4760
4760
2145
2145
2504
2145
2504
4737
2145
2145
4752
4752
2504
2504
2504
2504
4760
4760
4760
2504
2504
4760
2145
2504
2504
2504
2145
2504
2504
2504
2504
2504
2220
2504
2504
2504
2504
423
423
423
423
423
423
423
423
423
423
439
423
423
423
423
423
423
423
423
1458
1301
1301
1301
1301
1161
1301
1301
1301
1301
1301
1301
1301
1301
1328
1301
1301
1316
1242
1460
1301
1406
1301
1458
1161
1301
1459
1570
1570
1301
1301
1463
1440
1301
1301
1460
1570
1458
1301
1570
1301
1301
1301
1301
501
1507
168
1475
1548
1489
1569
1524
1548
1677
976
2024
2399
2257
2967
2173
2967
2257
2257
2868
1212
1212
3055
2906
2906
1213
3114
3114
2742
2641
2600
3424
3424
3424
3022
3192
4908
3660
3660
3992
3589
3848
3560
3884
4919
4905
3529
3975
4195
3975
3553
3583
3551
3628
3629
3553
3552
3552
3628
3616
3553
3552
3552
3552
3616
3644
3613
4900
3574
4901
3875
3749
3552
3985
3966
4190
4936
4004
4936
3552
3720
4935
3913
3986
3977
4195
3551
3578
3979
3552
3858
4607
3808
3835
4182
3867
3867
3966
2504
2145
2145
2505
4772
2505
2220
2145
2145
2145
2145
2145
2145
2145
2145
3719
3660
3660
1438
1359
1438
1525
1427
1438
2961
3398
3092
2881
2641
2868
2868
2961
2961
2737
2961
2741
2961
3398
3171
3171
2960
2961
2868
2641
2868
2987
2961
2987
2961
2961
2741
2565
3084
