53
121
254
51
51
297
345
317
276
315
455
14
172
172
178
218
290
228
322
313
290
290
204
138
217
172
217
138
138
288
217
87
265
217
87
288
87
87
87
87
4758
87
217
286
241
87
390
170
170
170
3
171
86
53
234
311
344
444
424
272
254
205
234
204
172
45
171
288
87
288
391
288
288
87
391
391
87
288
290
170
241
241
241
170
3
53
241
170
241
240
240
139
53
274
311
171
171
287
171
171
287
87
171
171
86
86
170
171
170
172
171
171
217
171
171
171
171
288
168
171
171
171
53
241
171
45
217
171
171
171
171
287
171
234
246
122
279
280
332
332
245
433
197
130
419
279
332
279
170
138
274
121
223
242
287
287
170
255
121
144
171
4758
171
4758
4758
288
390
87
288
171
390
241
322
330
322
240
87
288
171
288
87
121
52
234
234
52
179
171
288
171
288
288
87
234
259
223
222
181
133
412
434
185
12
434
510
510
203
740
666
1451
4841
196
198
448
349
315
260
203
234
246
243
315
200
502
169
287
171
171
286
269
252
287
252
242
222
229
218
178
171
52
246
86
171
205
288
242
246
202
432
346
171
87
254
242
260
334
124
400
243
171
171
217
288
242
246
171
269
241
241
240
254
319
171
87
288
288
274
171
288
171
288
4758
205
87
288
276
206
133
331
279
280
124
290
288
171
241
331
274
274
311
340
311
222
4758
171
340
241
280
202
3
171
288
170
286
286
390
241
240
314
50
50
290
50
291
228
259
179
182
9
319
334
202
10
319
171
4755
297
51
277
228
87
290
228
288
331
332
228
292
124
87
290
399
290
322
290
311
290
311
346
424
244
334
319
448
524
748
1482
1366
2041
1797
3184
3172
3448
3829
4006
4185
4340
4252
3691
4098
4339
218
290
291
228
400
288
346
319
244
381
447
796
766
748
197
386
340
297
293
340
391
391
391
291
340
400
317
322
322
332
391
47
332
286
48
412
504
322
201
228
321
321
400
321
290
322
322
48
322
391
391
49
330
330
240
240
330
447
50
419
528
846
436
183
341
442
185
445
503
451
332
201
434
201
443
184
12
379
386
413
446
739
803
1469
1469
1598
1575
1726
1940
2382
472
473
2609
2609
477
3657
3364
3349
1664
1715
1994
1994
1994
484
2256
2180
1677
1707
1779
489
1754
1954
1975
1991
2744
2570
2418
2273
2273
2273
1756
129
200
12
434
504
186
509
507
419
506
413
209
517
189
750
509
433
392
501
510
503
504
245
796
524
514
519
445
740
514
765
682
528
191
524
383
923
796
1328
208
1132
1131
1017
582
1132
1344
1122
1164
579
579
1584
1127
1016
1586
1117
1685
1812
1059
1642
1225
974
993
1160
1159
1034
979
1122
648
1132
1398
1344
1344
1356
1356
994
1111
1111
1356
188
503
1131
1465
579
1246
1246
1122
1122
583
1343
1120
971
1119
999
1164
579
1297
997
1608
1015
613
199
531
921
1817
921
796
648
1356
648
1122
457
648
682
648
994
994
1164
1122
1122
1122
1012
1122
613
350
4837
1482
1344
929
1315
1344
1111
1356
1012
583
456
583
582
997
997
998
1017
648
1009
1315
1356
1315
1315
1356
821
1356
1356
682
1154
1356
457
740
740
191
743
740
666
649
1450
1450
1443
1344
1164
385
1481
468
582
998
796
1111
841
784
1164
1356
1315
1356
1315
1356
1315
1398
1356
1315
808
1612
1612
1612
191
1315
582
796
196
994
582
1356
1356
525
971
1356
1398
1356
1027
1469
1356
1356
1356
1129
1315
351
1356
1098
1119
1110
1070
585
1069
385
828
1320
437
1356
821
1129
1315
1356
1356
1129
1129
846
762
522
996
1120
682
740
740
530
385
998
1356
996
1119
921
1365
994
1120
1098
1098
1226
1419
1419
1120
585
1356
191
189
1202
1202
1098
846
1553
1911
2383
1477
1959
1592
4849
883
1760
1941
439
585
908
1120
437
757
826
1320
1127
1356
1315
1398
1356
1315
1315
1315
973
1016
1294
760
581
581
1315
1315
1315
1640
1592
750
1522
1482
1022
973
1049
1069
1022
4836
1377
1836
2228
2101
2242
2242
2071
2673
2301
938
2334
2246
950
2867
2634
2151
2158
2131
2149
2360
2297
973
1356
1356
585
1049
1114
1437
1709
1586
1127
1356
1006
1038
1267
1090
1496
1153
1399
1467
1268
1301
1318
586
1006
1038
1546
1984
2006
2053
2001
1815
1292
1292
1275
1827
1827
1929
2074
2074
2064
2064
2074
2064
2064
2064
2250
1926
1861
2262
988
1845
1969
1969
1204
1547
1233
1248
1100
968
1032
1733
1733
968
1119
1157
1546
1544
1204
1038
1090
1247
1031
978
993
1166
1001
1001
1036
1323
1040
2001
1059
974
1300
1157
1235
1036
1200
761
1608
1608
4841
1498
1170
1290
1349
1827
1929
1170
1170
1299
1349
1827
1929
1984
1815
2001
1815
2250
2064
2064
2250
2064
2250
1927
2058
2250
1927
1175
1866
1587
1409
1371
1262
1494
1001
1399
1709
1016
1027
1248
1589
1860
1759
1984
2074
2074
2074
2074
1984
1823
1029
1349
1466
1584
1108
1031
1467
1315
1245
1419
1315
1245
1398
1534
1245
1054
1349
1349
894
536
1479
1478
651
1110
968
993
1384
985
1420
1098
1245
1119
1404
1390
1046
1010
1159
1107
1317
1817
874
1561
1042
1931
1988
1018
1108
993
1635
1744
1807
1807
1807
1619
1807
1226
1679
1469
1006
1292
1015
1807
1709
1534
1534
1245
1349
1576
1495
1003
1170
1349
1827
1635
1807
1245
1168
1391
1299
1494
1404
1298
1561
1349
1040
1744
1245
1653
487
1380
1240
1254
1577
1355
1718
1824
1949
1918
2396
1416
2479
2398
2479
1180
2398
2428
1194
2362
2364
2364
2359
2359
2359
2094
2364
2503
1872
1872
2833
3079
3019
4868
4988
4981
4979
4871
1183
1183
2496
2399
2428
2428
2428
2428
2428
1180
1517
1868
1603
1166
1170
985
1043
1815
1043
1043
1420
1043
1215
1729
487
1010
1230
1245
1316
986
1735
1964
2367
2367
1010
1666
1789
1586
1043
1043
1043
1043
1815
1043
2001
2250
2001
2064
2001
1160
1020
1057
1922
1793
1166
1197
1168
1860
1767
1299
1345
1266
1264
1519
1734
2097
2327
1667
1316
1070
1793
1060
1349
1168
1168
1197
1391
1350
837
883
1397
1808
489
1688
1594
1418
1520
487
1469
1296
1519
1699
1594
1349
1119
1843
1275
1043
2001
1815
1815
2001
1043
1494
1045
1254
1667
986
1815
1815
2250
1925
1056
1641
1495
1706
1607
1608
1349
1240
1117
1807
1729
1250
1494
1494
1043
1261
1652
1229
1277
1735
1578
1814
1260
1799
1494
1827
1494
1809
1168
1767
1411
891
1678
1708
1827
1929
908
1586
837
1227
1603
1879
1842
1411
1553
4849
1321
1815
2250
1815
2250
1925
1815
2001
1043
1494
1482
1651
471
2732
3452
4249
4415
4389
4421
4421
4603
4603
4394
4394
1117
1811
1043
1070
587
1809
1608
1586
1306
1380
1413
1759
1780
2006
1780
588
1909
1548
1856
1575
1575
469
985
1366
1778
1276
1679
1387
1168
1235
1651
469
1482
1059
1674
1623
2045
2362
1803
2398
2398
1266
1951
1815
1815
1815
1815
1773
1815
986
1984
2064
1815
1043
1043
1043
1815
2064
2064
2064
2064
1003
1909
1674
1746
1804
1912
1595
1242
2178
1531
1984
1043
1815
1984
2001
2074
2064
2001
2250
1773
1843
1832
1608
1173
1587
1939
1393
1984
1840
1759
1858
1754
1677
1714
1714
1714
2094
2359
1919
2363
2364
1858
1818
1607
2250
1242
1438
1811
1789
1117
1607
1607
1002
1811
1811
1811
1041
1932
1729
1858
1634
1562
1575
1524
1722
1456
1484
2417
1532
1807
1352
1799
2250
2064
2064
2250
2064
2064
1575
1562
1675
1859
1656
1657
2377
2377
1477
1959
1669
1726
1791
2384
2597
2524
2990
1909
1812
1709
992
856
2074
1043
2001
1815
2064
2001
1815
1559
1854
1904
1453
1690
1608
1118
1437
469
1817
1842
2001
1815
1759
1754
1755
2097
1557
1880
1933
2469
2537
1855
1391
1351
1034
1634
1685
2250
2250
2064
2074
2064
2074
1815
2064
2001
2064
2074
2064
2064
2064
2097
1726
2001
1830
1851
1929
1929
1174
1757
1820
488
1543
1562
1499
1499
1499
1815
2064
1735
1752
1633
1215
1757
1665
2064
2250
2064
1767
1640
1760
1712
1583
1712
1499
1612
1045
1499
1632
1558
1879
2053
2064
2064
1860
1474
1474
1779
1675
1676
1755
1988
1988
1978
1623
485
1688
1688
1712
1942
2233
1943
1792
1839
1754
1779
1839
1818
1839
1634
1894
934
1684
1894
2178
1785
1876
1558
1553
1779
1547
1544
1562
1583
1675
1616
1839
1899
1685
1984
1984
1042
1748
1479
1839
1452
1779
490
1695
1750
1455
1687
1934
1723
1500
1953
2064
2064
2250
2064
2064
2064
2074
2074
2074
1848
1984
1848
1044
2003
1637
1759
1818
2064
2064
2064
2064
2064
2074
2074
1875
2097
1983
1633
1309
1975
1777
1539
1409
1665
1628
1854
2110
2699
2699
2725
3293
1662
2936
2804
2967
2518
2437
1724
986
1060
1746
1959
1997
2072
1937
1478
2394
2071
1779
1543
1457
1695
1617
2064
2064
2064
1752
1894
1840
1683
1479
1966
1779
1675
1686
1686
1457
1849
1695
1854
2861
3242
1899
2074
2064
1684
2469
2453
2178
1677
1996
1996
1543
490
1305
1857
1956
1978
1910
1841
1654
1857
1721
1996
2180
2308
1650
986
1782
1457
1689
1721
1686
1904
1750
1934
1408
1925
2053
1964
2097
1817
1860
1630
2064
2074
2074
2064
2064
2064
2064
1880
2003
1979
1993
2335
1474
1921
1684
1630
1935
1931
2006
2053
1677
1770
1694
1546
1525
1928
1935
2327
2263
1824
1913
1972
1867
1792
1941
2423
1859
1959
1650
2074
1954
1711
1707
1596
1693
1650
2074
2064
1978
1952
1894
2002
2109
2320
1880
1975
1175
1939
1596
878
2074
1861
1931
1786
2097
1841
1707
1544
1794
2092
1989
1596
1823
2382
1366
2253
2337
2041
1841
2094
2094
1919
1919
2094
2094
1919
2359
2359
1714
1714
1919
2359
1677
2072
1984
2097
2097
1702
1381
1042
2074
2074
1984
2074
1984
2250
1925
2217
1775
1819
493
1720
1934
1965
2310
1677
2074
1778
1934
1979
1984
2074
2074
1848
2058
2074
1927
1848
1927
2064
2064
1826
2261
2621
3193
3385
2563
2675
2178
1770
1686
2074
1848
2074
1998
1967
1877
1877
1877
1968
2252
2319
1485
1916
1915
1810
1686
1853
2004
1984
1485
2178
1903
1866
1686
2262
2413
1845
1786
1656
1714
1703
2364
2363
1841
1714
484
2094
2094
2359
2299
484
484
484
2250
2217
1786
2272
2219
2272
1990
1881
2326
2092
2232
2485
2754
2624
2384
2097
470
1677
1485
1894
1954
1920
1182
1841
1853
1947
2101
2099
2098
2099
1819
2307
1965
1996
1841
1841
1996
2180
1714
1714
484
484
1714
1714
1996
878
1044
2043
2394
1478
2101
2375
2262
1862
2065
1850
2235
1477
878
1848
1989
1485
1919
2359
2459
2085
2074
1848
2250
2058
1794
1476
1965
1476
1691
1686
2378
1946
1848
1656
1686
2043
2085
2217
2324
1990
493
2058
1928
1916
1714
484
484
2094
2094
2299
484
1798
2110
1714
1790
2392
2392
2392
1756
1819
1714
1714
1714
1996
1478
1819
2394
1477
2041
1714
2094
2094
2094
2094
2359
2364
2359
1714
1686
2180
1965
2180
2850
1714
2058
1882
2326
1490
1919
2094
2256
2436
2436
2437
1663
1715
1686
2394
1878
2110
1980
1866
1862
2259
2296
2000
2317
2211
2020
2249
2162
2266
2317
2317
2298
2298
2211
2317
2373
2373
2317
2298
2211
2020
2211
2211
2162
2162
2260
2260
950
2373
2317
2317
2211
2211
2148
1738
1786
470
2677
2383
2044
1714
1714
2094
2094
1714
2094
2317
2211
2020
2020
2321
2305
1968
1967
2178
1919
1382
2373
2248
2020
2248
2317
2211
1737
2232
2552
3242
2681
3309
2899
2394
1999
1866
2020
2103
2373
1737
2016
2016
2016
1937
1737
941
2067
2264
2459
2085
2020
2162
2317
2190
2020
2635
2645
1996
2180
1714
1714
2434
484
2317
2245
2237
2459
2373
2317
2211
2131
2298
2320
2361
946
2315
484
1918
1919
2094
1919
1918
2362
2362
2257
2257
2739
2739
2739
2471
2297
2265
2353
2190
2190
2189
2016
2373
2554
2373
2120
2120
2317
2572
2755
2739
2556
2443
2443
3081
2856
3081
3081
3081
3081
2373
2474
2474
4858
2866
4860
4858
2519
4862
2373
2242
2099
2360
2020
2108
943
2799
2152
2856
3065
3150
3081
3081
3262
3262
2139
3081
2307
2083
1996
2275
2842
2529
2849
2176
3066
2965
2138
2534
2116
2739
2137
2118
2474
2502
2968
2928
2442
2442
3081
2534
1416
2508
2311
4993
2536
4982
4986
4993
2536
2191
2190
2071
2191
2297
2249
2211
953
953
941
2380
2201
1888
2067
2534
2094
2094
2094
2094
1866
2016
2248
2360
2360
2149
2360
2149
1877
2263
1714
2281
1981
2181
2105
2124
2226
2071
2459
2112
2016
2520
2546
938
2320
2602
2336
2149
2149
2360
2351
2432
1846
989
1970
1969
2453
2643
3984
2526
2739
2236
2214
2229
2215
2201
2494
2264
1946
2601
1918
2191
2105
2230
949
2002
2066
2315
2287
2755
2533
2738
2411
2924
2755
2755
2755
2755
3066
3066
3066
2912
2924
2924
2802
2832
2534
2083
1994
2245
2350
2301
2361
2230
2368
1967
1877
2801
2181
2094
2094
2094
1870
2070
1195
2479
2297
2544
2802
2315
3060
484
2299
2094
2094
2359
2359
1181
2094
2243
2297
2297
2324
2261
2392
2392
2566
1999
2802
2755
2912
2790
2790
2554
484
484
484
2350
2396
2301
2158
2253
2755
2528
2529
3260
3300
3224
2403
3065
3065
2180
2546
2574
949
4861
2517
2350
2629
3024
2471
2094
2398
2602
2246
484
2299
2299
484
1994
484
484
2069
2396
2362
2362
2428
2119
2322
1845
4867
2517
2341
2341
1714
2094
2534
2364
2301
2431
2802
2610
1985
2843
2119
2297
2417
2802
1994
2151
2067
2264
2359
2359
2359
2359
2359
2364
2364
2365
2576
2219
2700
2364
2364
2362
2362
2428
2364
2364
2359
2364
2364
2428
2120
2519
2445
2444
2152
2908
2453
2802
2924
2935
2531
484
2094
2094
2479
1177
1383
2474
4861
2151
2570
2801
2790
2790
3066
2424
2495
2636
2636
2936
2657
2636
2362
2362
2364
2362
1180
2509
2202
2158
2801
2873
2299
2436
2435
484
1994
2398
1180
2398
2519
2519
4860
2697
4858
4858
2474
2474
2519
2519
2519
2519
4858
4858
2500
2576
2484
2483
2456
2094
2900
3083
3084
3318
3367
3367
2347
2070
1884
1883
2471
2502
2068
2904
2900
3389
1180
2133
2484
2484
2891
1881
2066
2802
2912
3185
2308
2517
2428
2380
2495
2362
2362
2316
2388
2362
2204
4986
4986
4986
2521
1180
2204
1194
1195
4986
2193
2576
2502
1994
484
3111
2359
2372
2604
3084
4986
4986
2204
4986
2536
2445
2755
2924
2944
2924
2844
3006
2982
2472
1194
1194
1194
2474
2120
1884
2644
2944
2529
3189
2139
3067
2965
2965
2372
1846
4870
2536
2537
2185
2533
3066
2186
3066
3066
1715
2673
2428
2428
1180
2638
2500
2448
2576
2470
2739
2187
2755
2094
1194
1180
1194
2498
4981
4986
4981
2497
4986
4986
4986
4993
4993
4997
4986
4986
2204
4981
4986
4986
4986
2450
944
2960
2571
494
3639
2744
2552
2531
2937
2603
2576
2754
3253
2589
2980
3048
3371
471
2743
2526
2595
2436
2481
2912
2912
2912
2603
2902
2565
2448
2754
473
2879
2495
2495
2937
1180
1180
2498
4981
4982
4997
2767
2774
2715
3270
2817
3593
2451
2450
2986
2485
2551
2912
2698
2362
2937
2467
2474
2474
2823
2823
4859
2662
2998
1986
2793
2876
2911
2799
2193
2677
2186
3242
2657
1194
2498
2935
2503
2637
2905
3349
2653
478
3587
2636
2636
3084
2253
2935
2981
3060
1715
3062
3246
3246
480
1664
483
2905
482
2299
2358
3313
2675
2784
2979
2556
483
3672
3346
3656
3782
3741
2685
4227
4262
4262
2364
2448
3049
3460
3608
3284
3672
2474
2273
2273
2567
2567
2393
2393
2273
2393
3158
3396
3282
3444
2710
3843
3108
3059
2713
2949
3217
3195
3396
494
2419
2721
2831
2724
2959
3557
2566
2584
2729
3066
3066
3066
3066
2138
2138
1663
2636
2829
472
2990
2992
3239
3382
3446
3286
2650
2650
482
1692
2474
2138
3460
2503
2637
1756
1756
496
2325
2325
2713
2798
4980
4982
499
2870
2720
2567
4978
499
2702
2870
2951
3053
2943
2943
3359
3095
3090
3374
3252
2455
2829
2608
3387
2530
1659
2804
2604
4872
4873
4872
4872
4858
1756
2870
2447
2393
2567
2892
2981
1715
2793
2936
2805
1872
1183
1183
1986
2824
2824
2824
2961
2921
3835
3617
4017
3851
2716
3634
2948
2798
499
4858
2878
2931
2445
2042
2754
2393
2897
2138
2556
4873
4981
2498
2647
2702
2870
2325
1756
1756
2625
2138
2803
2636
2939
2902
4873
4982
3147
3189
3388
2496
2647
4871
4858
2866
4860
2870
2858
2862
2803
2861
2437
2559
3585
4858
4858
2445
2444
2441
2419
2531
2862
3389
2774
2445
2441
2444
2731
2663
2936
2761
2795
3540
2747
2771
3145
2887
2818
499
2914
2830
1715
2893
2798
2675
2830
2898
3836
3310
3367
3585
3836
3005
4860
4860
2474
2775
2447
3247
3247
2939
3137
3260
3542
2902
2809
3348
2811
2719
3056
3149
2699
1872
1183
2565
2444
2444
2138
2196
2997
3189
2518
2403
2348
4989
4988
4996
2156
3423
2348
4858
2943
3570
3570
3345
3217
495
3371
2990
2956
3462
3665
476
2943
3357
2152
2445
2997
2968
2443
2926
4860
2347
2564
3442
3367
3320
2444
2976
3813
4064
2619
2979
2954
2965
2772
2902
2778
2909
2978
3691
3046
3283
2898
2898
3625
3301
2196
2998
3585
2929
2622
3367
2419
2957
2917
2932
2947
2697
3364
3152
482
2833
482
3079
2650
2833
2860
1183
3079
3079
3274
3120
3064
3001
3367
2856
2856
3150
3150
3081
2829
2965
2764
3245
2654
3736
3381
2668
2833
3366
3196
3196
3583
2146
2775
2564
3052
3357
4050
3056
3194
3661
3283
3158
3424
1660
3011
4871
2775
2152
3065
2856
2196
2997
3672
4177
3795
4178
4179
4330
4175
3808
2860
2805
2928
3542
3664
3262
3262
3093
2780
3413
3238
3093
2909
2814
3426
3362
3386
3356
3377
3328
3329
4051
4148
3333
3839
3325
3359
3609
1664
1664
3585
3224
3258
3262
3224
3224
3262
3262
3224
3053
2152
3206
3367
3365
3359
3569
3340
3412
3885
3333
3332
4034
3745
3547
3133
3158
2608
2990
1659
2905
2860
1995
3209
3010
3382
2795
2810
3262
2146
2139
2146
2909
2444
2608
482
3664
3357
3150
3413
2953
3005
2740
480
3110
3300
481
3110
3262
2780
2856
3175
2255
3691
3822
367
3621
3360
3945
3845
3179
4154
4208
3232
3181
3841
2997
3061
3610
3109
3262
3262
3262
2856
2856
2442
3265
3444
3397
3439
3344
2860
1995
3261
3081
3081
3262
3262
3275
3367
3027
2255
2608
1663
3349
3400
3744
3061
2895
3320
3150
3150
2442
3283
3010
2752
2968
3081
3262
3150
3081
2856
3291
3416
3226
4023
3965
3846
4143
4079
4053
3946
3554
3097
3125
3278
2608
2570
2725
1186
2945
3160
3011
3262
3150
3262
2442
3081
3054
3253
3136
3109
3081
3081
3081
3262
3081
3081
3081
3150
3150
3081
3449
3367
3267
2942
3349
3008
3081
3320
3081
3081
3442
3367
3097
3306
3236
3171
4098
3283
3396
3444
3254
1995
480
3246
3081
3081
3081
3081
3236
3292
3541
3081
3277
3417
3579
3440
3077
3400
3279
2789
2831
3152
3321
3842
3397
3792
4200
1995
3209
3836
3294
3099
2786
3400
3367
3367
364
3279
3355
3325
3645
3134
3333
3946
4138
3729
4114
3983
3746
3392
3315
3098
3127
3556
3378
3629
3233
4101
3395
3307
3307
3737
3734
3186
3587
3152
2782
2889
3367
3417
3412
3292
3394
3551
3815
3342
4153
3254
3446
4006
3449
3449
3404
3321
3772
3186
3246
364
3295
3375
3339
3553
3101
2829
3346
479
3437
2988
1332
3342
2625
2617
3664
3829
3134
3338
3660
3869
3380
3653
2654
2665
3596
3402
3339
3814
3102
2956
3025
3299
3381
3323
3586
3417
3566
3439
3430
3169
3416
3450
2745
3401
3392
2725
3565
3392
3772
2625
3744
2956
3069
3210
3211
2456
3660
3443
2992
4086
478
3844
4139
3773
3210
3447
4303
4130
3450
2722
2589
3559
4227
4341
3673
3120
3657
3646
3547
3582
3467
3637
3832
4062
4061
3470
4128
3971
3893
3893
3998
3893
4085
3976
4085
4206
3895
4209
4012
3752
3515
3752
3488
3667
4889
3498
3488
4899
4897
3941
4040
3496
3764
3810
3897
3900
4886
3951
3668
4044
3858
4899
3536
4894
4894
3536
3717
4117
4080
4013
3513
3636
3515
3624
3487
3668
4054
3964
3960
3522
3500
3937
3500
3916
3914
4904
3499
3499
4258
3939
4205
3855
3667
3967
4897
3792
3641
4207
2781
3543
3578
3546
3182
3745
3484
3563
3616
2977
3752
3599
3785
3489
3946
3567
3487
3764
3496
3675
4122
2919
3385
3546
4025
3574
4139
3487
3510
3732
3430
3688
3576
3646
3339
3488
3667
2787
3602
3584
2961
3595
3462
3764
3467
4040
3036
3162
4207
3324
3790
3611
2813
3638
3552
3330
3825
3726
4894
4897
4204
2569
3673
3641
3447
3667
3765
3784
3637
4090
3728
3615
3483
3945
4109
4087
3982
2977
3764
3832
3860
3467
3316
2991
3663
3496
3764
3103
2727
3869
3025
3667
3722
3723
3765
4049
4026
3743
476
475
3744
3297
475
3826
4080
3606
3689
4121
3789
3026
2656
3744
3427
3601
3946
4040
4040
3431
3665
3549
3519
4054
4026
3626
3826
2667
3656
3448
3427
4153
4149
3145
3576
3435
4034
3130
3547
3767
4161
3180
4097
4161
3688
3422
3670
3780
3700
3703
4037
4896
4894
4894
3700
3703
3624
4894
3940
4883
4911
4911
3939
3499
3905
3718
4318
4286
4224
4214
3716
4306
3905
4306
4287
4223
4903
4904
4212
3969
4128
3970
3721
3469
3468
4166
3710
4164
3725
3614
4166
4203
3717
4258
3939
3347
2654
3441
2724
3557
3642
2840
3613
3983
3613
3842
4124
4334
4112
3602
3726
3831
3795
3833
3741
3434
3860
4062
3766
3574
3485
3741
2685
4026
3676
3732
4086
4175
4185
3863
478
3944
3722
3783
3614
4012
4149
3789
3174
3817
4179
4330
4179
4179
2684
4179
4179
4179
4934
4330
4253
4332
4351
4179
4044
3811
3812
4146
3383
4036
3699
3243
3722
3625
4124
4252
4339
4135
3725
4203
3853
4086
4179
4174
3438
3745
3302
4117
4028
4330
4088
4034
3181
4093
2886
4172
4047
3700
3700
4893
4037
3533
4059
4033
4089
4004
4330
3521
4884
3897
3523
3523
2724
2684
4237
3741
4237
4934
4935
4353
4461
4520
4397
4590
4460
4340
3681
3574
4138
4027
3992
4083
4083
3999
4003
3995
4884
3961
4885
4907
3969
3955
3954
4914
4223
3901
3902
4318
3910
4273
3972
4210
4216
3902
3919
3955
4297
3958
4909
4221
4159
3969
3977
4021
3976
4209
3953
3953
3957
3972
3473
3958
3958
3923
4316
3926
4275
3925
3909
3918
3901
3905
3914
3914
4902
3520
4004
4062
4147
3330
3825
4081
4027
4081
4081
3977
4001
4157
3973
3893
4221
4206
4001
3479
4004
3970
3995
4054
4175
3229
4170
2655
3407
4027
3970
4159
3977
3976
3994
3994
3894
3992
3993
3992
3980
2888
3549
4231
2685
4164
4037
4891
4891
3979
3992
3977
3977
4083
4081
4083
4000
3894
4084
4000
4000
4159
4084
4003
3227
4268
3325
3741
3780
4123
3827
3729
3979
3890
4097
3741
4026
3977
4083
3564
3766
4090
4145
4144
3993
367
3820
4335
3970
371
3846
3983
3869
3703
4258
3532
3532
4205
3406
3391
4171
4045
4024
4017
3655
4127
4099
4099
4101
4333
4337
3982
4016
4059
4066
3470
3469
3619
4096
4145
3965
4227
4227
4227
4227
3040
2723
4237
4101
3710
3993
3993
3894
3994
4084
4337
4176
3620
3846
3736
2816
3615
4237
4084
2618
4058
4048
4340
4111
4148
4151
3533
4883
2921
3420
3965
4097
4145
4334
4138
4163
4203
3885
4227
4203
4166
4258
3717
4105
4129
4201
4227
4227
4341
3331
3971
3564
3180
4227
4227
4340
4061
4219
3332
3724
4100
4203
4143
3999
3471
3965
3231
3128
2654
3728
4154
4258
3894
3839
3468
4136
4047
4168
4003
3999
4156
4159
4159
3105
3812
3130
4165
4224
4224
3714
4129
3179
3645
4148
371
4331
4345
3879
4418
4186
4520
4522
4512
1340
4662
4190
4682
4662
3179
4166
4252
3939
3712
4166
3976
3972
4418
4176
3326
3398
4154
4258
3938
3716
4085
4085
3326
3327
3999
4159
3971
3912
3923
4214
4003
3998
4206
3893
4398
3893
3712
4260
4211
3716
4262
4522
4522
4935
4417
4935
4159
4353
4356
4572
4422
4422
4422
4348
4334
4336
4415
4353
4340
4347
4452
4496
4904
4157
3975
4412
4352
4209
4209
4209
4336
3707
3905
4157
3973
3477
4216
4157
4216
3475
4263
3480
3478
4353
4404
4185
4213
3913
4914
4297
4279
4403
4186
4357
4390
4414
4590
4400
4340
3474
4520
4577
4572
4403
4522
4418
4318
4310
4186
4350
3911
4275
4887
3957
3911
3957
4217
4390
4271
3954
3955
3929
4310
3925
4326
4412
4422
3956
4315
4315
3955
4340
4452
4522
4522
4294
4412
4389
1336
4415
4415
4390
4389
4422
4522
4460
4411
4390
4416
4349
4421
4422
4412
4419
4421
4522
4463
4463
4187
4187
4426
4545
4361
4459
4526
4625
4663
4366
4585
4585
4718
4713
4627
4737
4646
4686
4950
4687
4686
4649
4649
4702
4703
4703
4611
4703
4631
4703
4633
4651
4525
4468
4359
4603
4603
4349
4603
4394
4577
4590
4414
4421
4359
4397
4397
4463
4187
4525
4505
4505
4546
4590
4572
4572
4572
4505
4525
4636
4546
4546
4598
4187
4396
4426
4397
4426
4572
4463
4359
4426
4462
4366
4366
4718
4728
4595
4595
4709
4652
4652
4592
4592
4616
4654
4720
4694
4694
4954
4954
4652
4448
4632
4632
4683
4625
4188
1340
4651
4685
4396
4591
4468
4426
4469
4359
4651
4512
4462
4587
4715
4457
4608
4552
4419
4636
4593
4538
4592
4685
4649
4679
4604
4720
4702
4695
4695
4649
4448
4633
4633
4612
4703
4653
4703
4612
4652
4397
4653
4703
4653
4701
4600
4703
4593
4660
4505
4694
4571
4566
4394
4394
4592
4701
4701
4701
4651
4636
4636
4506
4636
4593
4703
4631
4701
4612
1340
4608
4359
4703
4600
4679
4631
4660
4633
4702
4633
4538
4615
4392
4359
4702
4703
4612
4478
4681
4694
4459
4703
4188
4566
4663
4681
4526
4652
4703
4703
4702
4703
4611
4702
4702
4703
1340
4701
4612
4603
4702
4685
4538
4954
4609
4465
4633
4449
4361
4467
4362
1340
4608
4190
4603
1340
4603
4659
4718
4718
4713
4467
4955
4636
4660
4659
4660
4685
4359
4603
4702
4687
4695
4964
4364
4467
4726
4660
4719
4558
4954
4955
4678
4595
4721
4694
4694
4720
1340
4362
4464
4188
4726
4573
4394
4680
4450
4663
4450
4687
4682
4603
4694
4693
4654
4654
4737
4735
4735
4735
4685
4735
4740
4741
4741
4741
4698
4627
4394
4698
4659
4726
4594
4681
4362
4710
4712
4625
4718
4393
4566
4719
4646
4744
4717
4646
4725
4740
4740
4646
4646
4692
4654
4685
4712
4731
4646
4736
4717
4717
4654
4737
4726
4687
4710
1340
4682
4710
4545
4450
4744
4685
4685
4735
4735
4735
4594
4685
4685
4594
4700
4451
4674
4685
4190
4190
4674
4594
4594
4660
4686
4744
4646
4655
4362
4731
4699
4595
4717
4623
4714
4714
4682
4717
4725
4741
4735
4692
4189
4594
4712
4189
4674
4625
4735
4595
4718
4718
4714
4658
4740
4654
4740
4714
4718
4740
4594
4737
4718
4725
4646
4727
4731
4950
4594
4735
4594
4735
4594
4737
4594
4735
322
240
322
390
288
288
241
376
87
321
121
288
171
4758
265
265
1344
1398
1356
994
1344
1356
1356
1398
1122
1433
997
1315
1356
1398
1202
1356
1398
1343
1017
997
582
1271
1016
1356
1315
1245
1398
1529
1765
1529
1344
1356
1639
1598
1481
195
1451
1574
1469
1443
1443
1450
1647
2085
2472
2502
2474
4860
2472
2474
2119
2219
4982
2917
2559
2558
2392
1877
1968
4981
2392
1968
4872
1968
1756
2273
1756
3108
3369
3705
4896
4084
4213
4904
4915
3970
3969
3949
3911
4221
3960
3504
3913
4911
3703
3526
3528
4889
3899
4900
3498
3809
3856
3916
4885
3916
3900
4322
3504
3993
3994
3976
4881
3977
4917
3704
3969
3977
4001
4159
3527
3979
3624
4227
4934
3861
4934
4253
4934
4237
4330
4330
4253
4298
3893
4744
4531
4703
4695
4604
4701
4593
4467
4744
4588
4695
4448
4701
4190
4195
3533
1529
1529
1229
1970
989
4982
4997
4982
4872
1846
2325
2325
1846
1971
1969
1971
1971
4982
2325
2325
4870
4872
4872
4982
4870
1970
1971
1846
4872
4870
1969
2064
2074
2001
2001
