480
844
844
985
219
222
219
567
776
776
780
758
758
4860
4860
220
221
221
221
1554
1024
219
219
219
4860
219
219
985
985
985
4860
985
985
985
985
985
985
985
985
219
985
219
480
219
219
4860
219
219
840
552
222
220
844
480
219
480
844
219
4860
4860
220
985
1024
1024
2301
1024
985
1024
1024
2301
2301
2301
220
220
985
220
480
464
464
219
219
844
219
844
1195
772
220
985
219
219
219
219
219
4860
985
4860
4860
4860
219
219
4860
219
4860
4860
4860
553
4860
4860
219
985
985
985
4860
985
844
219
219
4860
4860
4860
4860
4860
219
480
219
219
672
782
729
729
566
661
379
411
780
379
222
840
672
219
219
219
219
219
219
219
4860
219
219
219
219
219
219
4860
4860
4860
985
985
985
985
985
985
985
985
985
772
1195
1195
985
985
985
985
844
464
219
480
219
219
219
219
985
985
219
220
219
840
782
552
552
222
222
222
222
222
222
222
222
222
780
780
924
859
1632
660
748
657
155
567
780
780
219
480
672
156
156
761
780
219
219
219
4860
219
219
222
219
840
219
782
840
219
4860
222
222
219
844
219
219
219
4860
782
219
729
480
222
985
222
219
219
219
672
567
156
555
749
729
985
985
219
4860
4860
840
219
985
844
772
772
480
219
222
220
985
985
985
220
4860
985
985
985
844
219
220
840
672
156
219
732
672
672
729
222
985
985
985
464
985
222
220
219
222
222
222
4860
219
219
222
218
732
219
985
985
985
985
985
985
985
219
985
1195
772
924
857
772
772
844
219
552
844
844
567
672
985
222
672
220
985
985
220
480
156
985
221
985
220
985
464
672
156
219
566
156
985
221
859
1024
221
222
220
2301
222
222
219
985
985
985
156
565
154
758
660
858
1632
896
2284
1886
1886
1887
3581
3527
4173
4197
4197
3133
3484
3427
4273
221
985
985
156
985
985
567
155
555
657
565
748
660
660
658
568
413
222
220
220
221
859
221
985
985
222
565
222
1024
985
1024
1195
565
221
772
222
223
1024
222
552
552
222
1195
761
1024
221
1024
223
379
1024
985
1195
222
222
2301
859
1554
772
1195
1195
772
772
772
222
758
552
222
889
2247
2247
552
222
222
222
552
223
222
222
222
222
222
568
155
552
222
222
222
222
749
222
222
761
222
222
889
889
2301
806
806
806
1457
1805
2434
1333
1831
2661
2884
3861
3585
3584
3748
2881
3567
3008
1682
1682
1682
1644
2575
1790
2394
2394
2394
2233
2233
1681
1681
1981
1981
1639
1639
1639
1607
1606
1606
1606
1706
1706
2029
2053
2544
1948
1926
1748
1817
761
776
222
222
222
222
222
222
222
749
222
222
222
379
222
222
780
780
758
660
657
658
758
758
758
780
780
780
222
222
222
222
780
413
660
379
889
222
780
222
889
379
222
780
780
780
222
222
222
379
758
758
1632
1632
660
1632
1264
780
593
4825
593
593
4825
4825
4825
4825
593
593
593
593
4825
4825
4825
4825
4825
593
593
593
779
779
779
779
779
4822
4822
841
4822
4822
4822
4815
4815
4815
4815
4815
919
919
1078
1084
1084
1243
919
1243
981
957
981
981
593
4825
593
4825
4825
4825
4825
4825
4825
4825
4825
4825
4825
4825
4825
4825
4825
4825
4825
4825
4825
4825
4825
4825
379
222
222
222
780
222
889
4825
4825
4825
779
779
779
841
779
779
779
779
593
593
593
779
779
779
593
4822
4822
593
593
779
593
593
4822
841
4822
4822
4822
4822
919
919
222
748
658
2365
1051
901
2365
593
593
4825
4825
593
593
413
593
4825
4825
593
889
593
4825
660
4825
779
4822
841
4822
593
779
779
593
779
593
889
748
1632
1632
4825
4825
4825
4825
4825
4825
4825
4825
4825
779
779
4825
4825
779
4825
779
779
593
779
841
222
889
593
779
779
841
4822
4822
4822
4822
4822
4822
4822
4825
4825
4825
4825
4825
4825
779
779
779
779
4825
4027
4027
4825
4825
889
780
841
4825
4825
4825
889
889
780
4822
814
780
858
1632
806
413
779
2365
1049
1632
4822
4822
658
4825
779
2247
2247
889
4822
779
4825
4825
4825
4825
4825
4825
4825
4825
779
4027
4027
889
2301
2013
2013
2013
2247
4825
4822
4822
4822
2247
660
4822
4822
4825
779
4825
889
841
4027
4825
4825
2247
4825
4825
4825
779
779
779
2365
4825
4825
841
841
919
4822
889
2247
2395
2493
2301
4825
4027
4027
4825
4825
779
779
220
859
779
2247
4822
4822
4825
4825
779
2247
2365
4822
4822
4822
779
841
841
1051
1671
4822
779
779
779
595
595
779
779
841
841
4027
779
924
4822
4815
779
2301
806
2494
2495
2805
2478
2494
2395
2301
2301
2494
2515
2477
2301
2365
4822
2247
2301
901
900
4822
4815
4825
4027
779
779
779
779
4822
4815
4815
779
4822
4822
779
779
2247
2301
2301
1632
805
1457
4822
4822
4822
919
1051
1264
2226
2226
2429
2620
3066
3066
3066
3066
3066
2479
3146
3088
2373
904
3032
3032
2622
2671
2320
3078
2354
4825
4822
919
4815
4815
919
595
4815
779
4822
958
957
1084
1084
1113
4822
958
972
919
958
958
1074
1253
1253
1081
1081
1335
1206
1414
937
1198
1582
1172
2052
1172
971
1549
971
1243
1243
1243
1243
1084
919
958
957
957
958
960
975
1085
981
1243
981
1243
981
981
958
1253
1267
919
972
605
981
1113
1113
919
919
919
859
605
605
980
1031
1031
1081
980
1032
1163
1366
1366
1366
974
609
974
1182
1228
1160
1057
1057
981
981
4815
4815
4815
2301
972
1031
1031
1074
1500
1500
1500
859
975
4822
595
595
595
981
957
1084
4815
779
779
779
779
779
779
779
779
779
4825
4825
779
779
4825
779
2301
980
605
2395
2370
2429
2490
2666
919
1243
981
605
1113
1632
595
595
595
841
979
1066
841
981
1243
2370
1113
779
971
1441
1267
981
981
959
1243
919
919
919
841
1084
957
902
919
1078
919
779
779
779
779
779
779
595
595
979
595
595
841
595
595
595
605
1081
604
1084
779
595
967
1057
980
1032
1057
972
1441
595
981
919
779
929
928
1228
1160
1326
1252
1120
1165
1201
1165
1225
1442
1442
1442
1442
1442
1442
529
1379
2219
2219
1728
1995
1995
1873
523
529
1442
1442
1252
1118
1118
1417
981
605
1253
1084
1267
926
1121
841
595
595
841
937
1170
1533
1173
974
841
595
595
595
595
4815
4815
1081
1335
1500
901
981
981
1078
1078
981
1057
609
609
980
1118
1118
1326
980
1224
1224
1665
1184
1417
981
1078
1081
967
609
1032
973
926
2301
1157
1224
1676
1702
1432
1702
1213
1121
1165
1313
1224
1121
1213
929
841
2365
927
1078
919
979
1056
1184
1517
981
1224
595
595
919
595
919
1081
1243
919
1031
1165
929
1163
1213
595
919
1170
1243
609
1160
1201
929
595
1652
967
1165
2493
957
901
595
929
919
2301
841
1224
902
1057
1326
2301
2301
2301
1074
1056
1366
1163
595
1652
858
1671
2434
3123
3847
4197
4197
4338
4315
4338
4339
4502
4553
919
919
1517
1243
1366
919
4815
4815
1055
1160
2301
1074
1500
972
919
919
1652
806
806
1457
1351
1671
959
2016
1253
1078
609
957
805
1264
1671
858
1078
1356
1356
1442
1163
1517
937
1366
1206
1414
595
595
1224
1118
1228
1356
1356
2301
1592
919
929
1366
1414
1345
1365
919
4815
973
973
609
609
1165
608
1677
1606
1607
1608
1913
1356
1442
1442
1677
1078
1366
595
595
4815
595
595
4815
595
595
595
595
919
919
919
595
919
919
1084
919
1676
1457
1655
1457
1764
1764
1772
1612
2021
595
595
595
1224
919
1078
1201
1206
1414
919
2184
849
2125
2508
2627
3459
3467
3066
2478
2666
1457
2184
1866
1866
494
495
2612
1907
595
1084
4815
1165
1706
1335
2184
2059
1764
2184
2184
595
595
595
595
4815
4815
4815
4815
858
1264
919
1253
608
1677
1558
919
2184
1866
2083
2190
1592
609
1356
957
1078
2085
1500
1500
927
1500
1457
1671
1253
1441
926
609
609
609
971
1457
849
1655
2125
1335
1801
1764
847
1267
1074
2184
609
2301
2494
2494
2639
2125
849
806
2013
849
1074
2125
1677
2184
1279
1253
2301
2494
2494
1661
2125
2184
1078
1253
1204
1165
1356
1432
1432
2125
1455
2195
2125
1455
2195
1455
1661
1606
1661
1661
1661
902
2226
2226
1592
1078
1198
1457
2494
2125
1441
957
806
849
1655
2184
1706
2184
1228
1031
1441
2490
2490
2125
2184
1661
1766
1612
1638
1567
1567
494
2021
847
1764
1567
1500
1500
1500
603
1706
1267
2125
1078
1500
1764
1279
1432
1655
2429
1753
1661
1665
1201
2184
847
2164
3092
3568
3649
3917
3447
2907
2768
3430
3065
2832
2446
2446
1764
1764
1170
1671
1606
2495
2490
3066
3066
2490
3066
2479
2479
1661
1497
1610
981
1414
1706
2226
1356
2429
2429
1766
1476
1476
1638
1753
1568
2106
3399
1610
603
2226
1830
1745
1606
1608
1639
1639
1639
1607
957
957
1766
1078
1267
1457
1074
1661
1639
1639
1981
2040
1640
1611
1170
1356
1611
1608
1639
847
1764
494
1567
1267
1333
1558
1671
2085
1713
1567
603
1253
1198
1198
1219
1582
2494
2490
1772
2083
1253
1253
1592
2085
2508
847
1204
494
494
1953
1612
1707
1688
1257
1225
609
2195
2515
2508
2805
2508
2494
2493
494
2184
1226
1607
1606
1611
2370
1267
1267
2226
2226
2398
2620
1671
1356
609
1608
1608
1500
1441
1279
1558
1608
1608
1074
1173
1333
1333
1745
1567
2037
1333
895
1865
1671
2508
1608
1475
1975
1442
1442
1442
1913
1442
2490
1764
1558
1398
1356
1608
1204
603
1074
1236
494
2016
1776
1665
1441
1764
2642
1639
2058
2232
1360
1074
603
974
1414
974
1414
2797
2797
3340
392
2391
2735
1671
2642
1608
1772
603
1198
1198
1199
1199
1359
1757
1506
1805
1225
1356
1639
1772
1784
1074
1198
1635
1356
1182
1198
2017
1198
2642
1356
1565
1608
1681
1681
1623
1790
1681
1681
1639
974
1199
1558
1199
1333
1866
1333
1333
1831
2162
2162
2162
495
3398
2162
1866
1558
1671
1639
2083
2016
1356
1565
1639
1639
1639
1568
1783
2429
2490
2490
2490
3066
2490
2429
1706
2627
2058
1639
1639
1639
1639
1639
1639
1639
1681
2040
1681
1639
1639
1681
1681
1639
1681
1681
1681
609
2478
2490
1173
1582
937
1866
1182
1475
2478
2666
1414
1866
1609
1442
2490
3066
1414
2037
1805
2508
2629
3056
2615
2106
1474
2045
2679
1414
1454
1475
1639
2478
603
2017
1866
1869
609
1830
2495
2805
1639
1681
2394
1623
1681
2478
2642
1454
2490
1688
1199
1199
1271
1551
1475
1913
1639
3066
1333
2106
2793
1869
1442
1442
1442
1442
1442
1639
1639
1981
974
1474
1640
2904
494
1333
1866
2104
3055
1442
1981
1981
2040
2040
2233
2040
2040
2233
2233
2233
2233
2587
2890
2890
1682
2890
2890
2890
2587
2587
2587
2587
1611
2478
974
1454
1225
974
974
1784
1475
1182
3334
3248
3280
3280
3281
3329
3329
2321
2321
3335
3334
3360
2263
2264
3329
3361
3361
3361
3357
3357
3245
4902
3243
3248
3248
3392
3392
2296
3329
3357
2295
3329
3329
3357
3163
1199
1865
2785
3467
1681
1681
2394
1913
1681
1611
3346
3346
2294
2294
3246
1198
1301
1199
1225
1582
3365
3248
2321
3361
3361
974
1866
1398
3003
3907
4036
3465
2479
3066
1475
974
3249
3329
3329
3245
3249
3243
3066
3066
2736
895
1773
2479
3066
3246
2295
3280
2295
2295
3392
495
3053
1681
1639
1981
1975
3392
531
1639
3066
3066
2479
2479
2479
2479
2264
2320
3361
3163
2806
937
3399
1681
1356
1442
3333
2268
2268
3436
3401
3395
3078
2598
3280
3333
2295
2295
3066
2322
2269
2598
4874
2597
2554
2295
3333
2268
3403
3403
2556
2556
2556
906
906
906
2556
2556
3212
3395
3025
2597
2275
2275
3033
2275
2275
3282
3025
3329
2794
3163
2321
2598
2226
2982
2808
3091
3091
906
906
906
906
906
906
906
906
2127
1474
2768
3333
3146
3146
3146
3347
3242
3408
3403
2270
2268
3436
3406
3401
3401
3130
3401
3403
3302
3033
3026
3026
3279
1225
1442
1442
1172
1442
1442
1442
2052
3279
3392
3066
3365
3248
4874
2175
2230
3163
2017
1955
1333
3392
3395
1913
1442
1442
1360
3280
3248
2321
2321
2320
2284
2162
1681
1681
3146
3278
2481
3087
3281
2479
3249
3278
2479
2479
3146
2479
2354
3282
2510
1582
1442
1172
2357
391
2641
2268
3088
3105
4874
2399
1582
1707
1452
3278
3281
3248
3163
2631
1582
1582
1853
3239
3242
3347
3240
3240
3240
3333
2268
3242
3242
3242
3242
3242
3240
3240
3146
3240
3240
2263
3395
1783
2040
2040
1442
3146
3248
1582
1199
896
1981
1681
1442
1442
3086
3240
3240
3399
3399
1914
1975
1225
2479
3060
3078
2320
2391
1629
1749
1333
3003
3240
3242
3242
3240
3242
1681
1914
3146
2458
3394
2480
3146
3146
3146
3654
3086
1887
2806
906
906
906
1981
3146
3078
3044
3146
3146
3654
3146
1565
3248
1681
1681
1681
1681
3465
1442
2982
2354
1172
3146
3146
1975
2394
1442
1582
3240
3467
2045
3395
3025
1333
3466
2040
2479
3459
1563
1623
4036
1563
1623
2570
1621
3459
2394
529
1442
1442
1442
3044
2275
2275
3026
2997
3026
2460
3146
3347
3347
1563
1565
3395
2340
2599
2162
1778
3240
3242
2679
2071
2214
2214
2214
1442
1442
1442
1898
1582
1833
2192
2860
2040
1682
2192
1914
1442
2597
2275
3013
3202
3202
3013
2275
3013
3013
3202
3202
3202
3202
3202
2275
3202
3025
2597
2597
2275
2527
2492
2607
2162
2162
2162
2883
3669
1442
3464
3412
3510
3496
1887
2479
1271
3242
3401
3401
3465
2479
3464
1225
2710
2162
2162
2383
2661
2162
2162
1831
1708
3240
3347
3242
1640
3202
2797
2214
529
1442
1442
1172
2052
1442
1442
3115
2275
3403
1914
3465
1623
2233
2479
1442
1442
2275
2268
2268
3146
3146
3146
1641
3464
3395
1442
1442
3130
3202
2275
2528
2434
3146
3913
3913
906
3347
3242
3433
1172
1442
1956
3240
3242
3242
3242
2268
2233
2233
2233
1914
2587
2587
1442
2982
2737
2711
1831
1333
2268
3433
3242
3403
2233
2040
529
2052
1654
2052
2052
2052
2052
2052
2052
2052
1172
1886
3339
1831
1901
4884
3385
1979
2268
2040
2233
2233
2479
2570
2753
2162
3184
3283
3485
3736
3740
389
389
1832
3242
2394
2394
2162
2434
3240
3240
3146
3412
3496
3032
1284
2750
2752
3650
2679
2679
3146
529
1654
2052
1997
2052
1997
2451
4120
2968
4196
2052
2052
2893
3141
2816
2383
2750
1831
3242
3568
529
3510
1887
3202
3395
1887
2275
3242
2862
2904
2040
2402
2233
2233
2233
1640
3146
2893
2893
2808
1884
389
2758
3053
1641
2587
2587
2275
3403
1790
1810
2695
2960
3021
3021
3197
3463
3463
3463
3284
3541
3541
3760
3541
3690
3104
3664
3463
2214
2214
2284
1888
3242
3399
1623
1790
3035
3035
3030
3035
2961
3284
3284
3589
3035
1645
2960
1790
1931
2812
1379
2587
2402
3654
3412
2785
1886
3242
3146
1379
3208
4085
4924
4227
4137
4137
4112
399
3947
1623
2799
3347
3907
3208
4920
3561
2597
2180
2180
2180
2179
951
2917
2869
4136
2543
2696
2585
2325
951
2543
2401
3124
3536
3886
4020
4137
1831
2641
3485
3242
3242
3347
3347
3347
2233
2402
1682
1682
2893
3196
2747
2939
3856
3870
500
3452
2801
1932
520
1794
3930
4899
3242
3242
3209
1623
2432
2513
1925
2513
2513
2772
1995
2432
2052
951
2432
2432
2052
2696
2652
3199
2876
2583
3031
3574
3574
2977
3165
2988
2748
3451
3753
3242
3146
3146
3568
2904
1654
2052
2052
3202
3202
2513
2696
1926
2558
3347
2890
2890
2298
2890
1644
2832
2862
2852
529
2587
2587
2432
2470
2440
3176
3923
3845
3781
2970
4077
2968
2784
3073
3701
2630
2052
2893
2806
3032
2275
2275
495
1284
389
2163
3403
1790
2052
1995
1995
2640
2513
2711
1925
3584
3585
2854
2394
2587
2890
1641
3403
3412
2432
2432
3146
3649
2904
1654
2630
2275
2275
2379
2179
2385
3447
2298
1790
2890
2890
3456
520
3510
3510
3013
3063
2275
3063
1903
3205
3496
2452
2275
2275
2275
3649
3913
2032
1647
3354
3842
2840
3295
4129
4167
4120
2585
2275
2343
2394
2890
2890
2890
3496
2585
2630
3196
2401
3867
3868
3582
3582
3582
3867
1682
3008
3202
3202
3130
3202
2275
2482
2483
2890
2890
906
3568
3654
3510
3510
2451
3767
3414
951
2586
3208
2862
3202
2997
2275
2275
3403
2287
3347
3456
1682
1887
393
1995
1943
3032
3868
3510
2275
2711
2916
2916
2778
4963
1900
3536
2747
2852
2861
3912
1887
2978
3574
3091
2275
3403
2556
3913
3395
3202
1886
1887
3654
2275
4955
3031
3486
3121
2969
2847
1832
3242
2834
1887
3539
3033
1886
392
2163
3428
3529
3870
3751
3403
3086
3205
3654
3141
1887
3347
1995
1887
1887
1867
3065
3430
2890
2890
2219
2219
2219
2892
523
2219
2219
2219
2590
3574
2976
2784
1887
3108
906
906
906
906
3026
2748
3403
502
3749
2824
3749
3696
3363
3291
3496
2641
3131
3184
2890
2782
3339
2916
3611
2969
4963
4975
2873
2944
2384
3587
2852
1873
2440
906
906
3026
3242
3568
3208
4923
4920
3938
3939
4181
3086
1723
3403
1682
2219
3582
3086
2782
3694
3574
2782
906
3033
3611
3725
3725
3875
4055
3739
3378
3378
3266
3918
4153
4118
3782
3031
2960
2890
2960
3030
2219
906
906
906
3091
906
906
906
906
3086
3574
906
3091
3654
3026
2978
3922
4055
4118
4153
3263
4168
4168
4168
4168
2754
533
906
1722
2892
3492
3197
3021
3035
3463
3021
3463
1643
3589
3717
3104
3774
2537
3364
906
3086
906
906
3033
2847
3881
1931
3582
3091
906
906
3706
3201
1719
2892
2961
2801
2590
2892
3654
906
906
3033
906
3574
392
392
3580
3527
3120
3611
3191
2973
3984
3796
3859
3949
2974
3191
3781
2876
906
3878
1682
906
906
3694
906
906
3033
1886
2944
2946
4972
3133
2590
906
906
906
906
1887
1887
1887
3031
3669
3035
2890
3035
3035
3035
3463
3463
3463
3144
3387
2881
3587
906
3546
3026
3033
4896
3030
2943
2943
2556
906
906
906
906
3741
2977
2977
4091
4124
4087
4087
4152
4119
3266
3378
3570
3725
3611
3611
391
3706
3867
2892
2802
3085
3076
3201
906
906
906
2556
3546
2766
2461
2892
2556
906
906
3302
906
3026
906
906
3546
1887
2749
2546
1642
3035
3582
3654
3026
906
1887
3875
3919
3725
1887
2751
951
536
3447
3030
3030
2892
2556
906
906
906
3725
3191
3981
906
4035
4041
3050
2751
4000
4923
3021
1682
3021
906
498
3330
2384
3715
3144
3035
3919
3097
4973
4000
4195
3030
3030
2961
3582
3654
3031
3197
3021
3144
3654
3582
3741
4087
4157
4152
3232
3918
3894
4066
4158
4080
3263
3741
3875
3875
3739
3739
3739
4119
4119
3266
391
3193
3097
3208
2903
3035
3021
3021
3021
3021
3144
3144
3387
4045
2783
3042
3165
4041
1887
3739
3229
4055
2974
3875
2974
2961
3034
3144
3654
1887
3229
3582
3725
3909
2961
3582
4035
3739
3590
3378
3378
2751
2634
3021
3463
3589
3589
3104
3690
3690
1886
393
2965
2751
2942
3582
3654
3232
4055
3506
3775
2873
3932
3558
3452
3758
3758
3739
2974
3378
1957
3072
3363
3363
3236
4035
2975
4041
3739
2873
3208
3021
3582
2977
3920
2999
3463
3284
3589
1642
4041
3882
4195
3463
3197
3144
3104
3781
3590
3762
3775
3917
2903
3492
3284
3541
3330
3782
2752
3378
3748
1464
4181
3387
3104
3584
2974
3882
3463
3463
3284
3851
1887
1887
3581
2884
3736
1286
3736
3903
399
3208
2783
3582
3839
3840
3570
3780
3780
3950
4172
4250
4250
4172
3816
3958
3958
3960
3960
3958
3958
3958
3958
3960
3780
3661
3763
3762
4947
4198
4909
4915
4947
4947
4947
3831
3709
3709
3777
4198
4198
4170
4287
4287
4912
3811
3811
3811
4947
4947
3683
3625
3625
4022
3709
3709
3897
3780
3780
3780
4947
3834
3815
3811
3811
3811
4909
4069
4068
4068
4068
4068
4068
4068
4022
4022
4915
4198
4947
3831
2119
4181
3868
3527
2977
3042
3851
4168
3191
3475
3262
3475
3780
3661
3518
3705
3831
3378
4111
3831
3709
3777
3780
4147
3158
3330
3104
3739
2752
2974
2974
2974
3831
3709
4119
2895
2977
4035
3042
3869
3884
4198
4069
3661
3709
4119
3463
3717
3104
4035
3487
2853
3709
3950
3831
3045
3389
3040
4035
4124
3374
3912
3584
3895
4079
3705
3897
3709
3709
3709
2878
3909
1643
3909
2854
3777
3780
4147
4147
4080
3780
2970
3191
3122
4091
4091
3121
3777
4198
4172
4198
3762
3777
3986
3777
3709
3230
3847
2784
3492
4198
4198
3950
3781
3949
4924
3716
4111
2881
3104
2882
3982
4020
3777
3352
3932
3362
3783
4004
4924
2881
3936
3861
3518
3518
3709
3458
3330
4087
4168
4170
3815
3853
499
3518
3208
3696
3717
3664
3262
2882
3751
3615
3292
3492
3527
4168
4153
3768
2973
4054
3798
3191
3122
3799
4087
3462
3856
3133
4022
4022
4022
4022
3625
3683
4947
4022
4022
4068
4068
4068
4287
4287
3809
4250
4250
4068
4068
4067
4250
4250
4250
4250
4250
4250
3816
3816
3815
4172
4147
4044
4044
4021
3986
4147
4066
3986
4068
4068
3457
3491
3492
3541
4920
4227
4924
3748
3690
4168
3263
2966
4042
3304
3573
3661
4004
4087
4920
4227
3938
3739
3811
4172
3853
2974
3690
4137
399
3052
3986
4181
4195
3880
3938
3104
3840
4147
4147
4147
3191
3709
3149
4923
3581
4920
3104
3939
3938
3938
4225
3938
3939
3939
4195
3880
3815
3811
4168
4147
4042
3378
3949
2837
4227
3815
3690
3304
3427
4197
3986
3986
3176
4181
4181
4920
4920
3581
3815
3580
3845
3986
3541
4920
3939
4168
4147
2974
3682
4175
4119
3859
4022
3625
3625
3625
4114
4114
2969
3929
3939
3581
4287
4287
4909
4947
4947
4227
4225
4137
4137
4112
4137
4137
4237
4226
4260
4260
4418
4320
4273
4143
3841
4143
3903
3042
3811
3960
792
3960
3811
4170
4170
3978
4287
3814
3814
3814
4287
4287
4287
4287
4287
4287
4287
4287
3809
3959
4255
4255
3959
4287
4287
4287
3809
4287
3814
3814
3814
3958
3958
3958
3958
3958
3958
3960
3814
3959
3959
3959
3959
3809
3809
3809
3809
4287
4287
4287
4250
4287
4287
4068
3646
4068
4068
3811
3811
4147
2973
3897
3507
3817
3817
4224
3817
3958
3958
3960
3960
3960
3960
3960
3960
3958
4255
3817
3958
3816
3811
3939
3929
4157
3560
3180
3817
3816
3816
3958
3816
3958
786
626
619
3817
3817
3192
4017
4124
3475
3525
3847
3986
4022
3865
3817
3816
4224
4224
3816
3817
3817
4224
3960
819
3816
3816
3816
792
3817
4017
3815
4157
3870
3191
3923
3932
3986
3686
4004
3670
3730
4137
3039
819
819
621
792
3760
4124
4147
4054
4119
3816
3527
3525
2740
3489
3880
4041
4168
399
4022
4068
4022
4068
4022
3815
4152
3261
3232
3231
2969
4167
3455
3894
3894
3266
3150
4181
4091
4091
4047
4172
4250
2969
4168
4054
3799
4137
4112
4112
4112
3984
3700
4112
3233
4021
4224
4224
4224
792
4228
4124
4160
500
3137
4147
4137
3682
621
4125
4078
4047
3705
3263
3918
4022
4022
3177
3507
4172
4125
4047
3122
3580
3705
3266
3837
4054
399
4044
4068
3865
4039
3039
2898
4112
399
3901
3894
3816
4129
3799
3896
4112
4197
4147
4044
4158
4080
4158
3261
4068
4172
3799
4119
4168
3896
3859
3894
792
4160
4147
3894
4119
4044
3960
3958
4224
3816
4118
4196
3263
4068
4131
4250
4067
4068
4919
4152
4160
4153
3527
4919
4289
4245
4245
4260
4318
4320
4471
4596
4596
4565
4552
4553
3794
4131
3901
4068
4068
3958
3958
3958
4273
2824
4075
4100
4068
4068
3960
3039
4118
3960
3816
3816
3809
3809
3809
4239
3958
3960
3960
3958
4112
3960
4068
4172
3809
4919
4112
4245
4260
4112
4245
4137
3880
3940
4241
4186
4268
4186
4314
4059
4197
3901
4919
4197
4260
4068
3958
3958
4314
4245
3960
3960
3427
3880
4067
3958
3959
3960
3959
3960
3959
3959
4287
4126
3809
4240
4271
4226
3809
3809
3809
3809
4267
4266
4241
1287
4319
3901
4197
4173
4260
4471
4341
4126
3959
3809
3809
4226
3940
4318
3959
3959
3809
3809
3809
3977
3959
3977
3959
4287
4287
3809
4287
4287
4287
4287
4287
3809
4287
4261
3809
3809
3809
4289
3809
4260
1287
1287
4318
4344
4269
4197
4269
3946
4289
3946
4471
4314
4316
4319
4338
4241
4333
4418
4344
4186
4341
1289
4187
4323
4392
4187
4323
4188
4323
4185
4276
4588
4526
4499
4474
4489
4498
4479
4404
4232
3942
3942
4180
4391
4185
4276
4184
4185
4315
4186
4323
3944
4555
4551
4338
4414
4316
3945
3945
4315
4430
4338
4186
4186
4186
4186
1290
4234
4319
4234
4471
4186
4234
4338
4186
4338
4186
3945
4338
4234
4418
4234
4234
4234
4430
4324
4187
4185
4419
4562
4558
4499
4489
4489
4179
4179
4394
4497
4489
4489
4488
4489
4499
4276
4276
4277
4277
4188
4596
1289
4489
1289
4336
4323
4323
4338
4471
4234
4324
4392
4588
4484
4282
4188
4319
4319
4184
4312
4500
4404
4232
4409
4408
4406
4404
4185
4276
4276
4402
4180
3942
4179
4179
4391
4276
4334
4179
4326
4332
4332
4391
4180
4326
4185
4482
4484
4312
4184
4186
4188
4414
4430
4184
3942
3942
4312
4312
4232
4471
4418
4471
4391
3942
4185
4489
4180
4179
4527
4323
4396
4180
4232
4232
4185
4279
4279
4330
4276
4179
4179
4279
4591
4402
4404
3942
4328
4482
4527
4312
4392
4275
4484
4484
4188
4423
4326
4422
4406
4406
4310
4391
4482
4276
4406
4406
4391
4346
4527
4312
4396
4402
4426
4527
4489
4276
4350
4349
4419
4279
4276
4187
4423
4402
4596
4426
4396
3944
4419
4467
4349
4185
4489
4414
4346
4416
4489
4187
4551
4310
4232
4232
4187
4187
4279
4346
4421
4277
4276
4350
4558
4188
4500
4481
4310
4588
4189
4591
4404
4419
4276
4555
4277
4277
4393
4442
4502
4555
4339
4497
4489
4489
4486
4536
4536
4499
4411
4536
4474
4409
4405
4405
4499
4438
4421
4327
4535
4486
4527
4588
4190
4428
4469
4565
4188
4442
4498
4442
4498
4442
4442
4577
4474
4411
4474
4577
4442
4541
4282
4282
4441
4490
4442
4474
4474
4486
4276
4477
4277
4188
4565
4188
4526
4393
4477
4489
4489
4536
4536
4474
4405
4407
4435
4485
4485
4417
4187
4565
4410
4281
4407
4432
4498
4479
4489
4187
4536
4526
4552
4484
4591
4542
4407
4409
4474
4552
4281
4428
4542
4281
4536
4582
4535
4189
4588
4474
4474
4468
4577
4535
4535
4535
4409
4417
4409
4474
4407
4582
4717
4717
985
1195
985
1024
1195
1024
1195
985
985
1024
219
985
985
985
219
4860
985
219
219
985
595
4815
779
779
4825
4825
4825
4825
4815
4815
4825
4825
4825
779
779
4825
4822
4822
4822
4825
779
4815
4815
4825
4822
4825
779
779
779
779
779
4815
595
4825
841
4822
4822
4825
841
4822
4822
4822
595
4815
779
779
4825
841
779
779
779
779
4825
779
4825
4822
4822
4815
595
4822
4815
4825
4825
4825
4815
4825
593
779
779
595
4815
4825
859
859
2013
1457
806
806
806
2494
2226
3066
3202
3401
3212
3202
3202
3401
3395
3395
3395
1948
2052
1995
2432
1312
1271
1995
1312
2052
2052
1926
1758
1903
3086
3816
4947
621
4250
3811
3817
3814
3958
3814
3977
3960
3978
4909
3809
4022
4022
4069
4069
4069
4022
4069
3646
4069
4069
4909
4287
4287
4287
4287
4287
4947
4224
3960
3958
4224
4224
4069
4022
3958
3809
3816
3958
3958
3958
3817
4947
4226
2855
4245
4225
4225
3938
3938
4182
4137
4225
3939
3939
3938
3958
3942
4498
4481
4185
4311
4276
4312
4185
4276
4288
4312
4185
4179
4180
4479
4022
4022
841
595
595
595
595
595
595
595
2052
2052
2052
2052
2052
2052
1172
2052
2052
1172
2052
2052
2052
2052
2052
2052
2052
2052
1758
2052
1172
2052
1758
1758
1172
1172
2052
2052
2052
2052
2052
595
1681
1681
2040
3021
3021
3021
