213
194
45
291
6
43
310
394
309
387
457
479
48
283
282
297
4771
5
334
5
5
160
4771
4771
290
5
4771
5
236
5
4771
297
4771
127
110
4771
4771
4771
47
189
208
9
209
393
306
41
358
311
160
4771
153
4771
4771
4771
4770
4770
4770
236
236
4770
4770
4771
4771
3
4771
185
201
289
280
5
297
110
194
46
4
4
289
289
46
46
44
7
4771
4771
4770
227
4771
4771
4771
4771
154
134
48
4771
3
4771
230
283
4771
4771
4771
39
236
73
4771
4771
213
297
4771
227
3
4771
4770
4771
154
154
241
358
253
265
287
287
115
472
482
176
313
287
183
219
253
4771
4
4771
213
46
232
207
358
4771
47
160
213
44
46
5
5
4771
5
4771
5
4771
5
236
236
39
280
280
280
5
236
334
39
73
213
45
194
194
44
4
71
236
4771
5
232
282
208
292
292
219
9
400
403
403
402
369
477
11
812
788
720
742
666
388
368
246
281
477
357
245
166
368
368
457
179
4771
4771
4771
297
4771
3
283
232
207
5
292
245
207
4771
283
283
4771
257
230
4771
4771
358
227
292
309
367
392
4770
46
258
195
245
165
265
115
398
164
4770
230
4771
292
358
309
311
289
201
349
75
4771
8
4771
4770
39
44
4771
207
4771
236
8
245
4771
246
367
112
9
165
362
4771
4770
4770
297
292
291
43
43
7
286
209
209
4771
7
311
46
265
7
4770
5
5
297
280
280
348
297
5
280
297
282
282
43
9
260
310
246
4771
394
166
46
260
310
167
282
4771
4771
4771
263
253
165
282
7
265
4771
4771
334
9
9
4770
334
364
42
362
236
385
114
471
480
686
733
733
684
998
1016
485
1930
2320
3833
3833
3907
3907
4168
4168
4168
4168
4168
3907
3956
3907
3907
3907
3907
4771
4771
289
289
236
236
281
166
471
471
114
606
760
759
484
362
555
6
260
263
260
310
310
4771
4771
4771
4771
4770
4770
260
286
210
115
133
236
287
4770
9
284
5
9
400
400
403
387
297
4771
236
456
115
334
334
236
5
334
284
4770
4
280
280
280
280
392
472
284
456
456
456
184
2331
2331
209
209
168
460
400
400
403
403
403
460
281
471
456
209
387
403
400
475
392
388
400
400
462
462
463
2359
1615
1394
1394
1284
1828
2809
2787
3392
3392
3392
3827
3530
3721
3530
3029
3083
2795
3299
2736
3237
2656
433
1886
1665
1181
1577
1575
1941
2006
1401
447
3725
3474
2828
2862
2862
2897
345
167
456
395
403
403
400
403
244
403
339
167
460
456
592
115
403
456
404
742
406
388
588
617
395
170
460
460
462
340
677
478
183
170
117
10
400
462
455
462
477
184
455
469
117
677
759
807
1634
638
4867
737
4867
771
771
698
660
717
723
745
691
632
632
750
4808
696
4853
727
745
4867
712
553
631
542
630
502
496
507
636
609
662
609
609
662
662
662
669
4820
643
753
852
1033
1024
977
896
1015
1229
1145
975
1709
975
745
745
705
739
739
718
739
691
4797
723
4804
4790
4790
4853
4838
4853
845
698
698
699
4850
845
845
656
462
184
706
691
749
540
4847
990
561
500
982
982
4867
745
688
745
745
740
725
724
762
791
769
745
631
630
688
535
630
573
612
640
757
716
646
856
11
604
677
590
2685
1775
590
740
740
4850
727
745
712
709
740
737
4867
4799
10
455
739
343
771
630
605
572
632
688
652
726
629
11
794
617
1016
660
4805
797
660
771
4832
4832
740
654
846
846
846
846
740
652
630
724
761
726
11
630
726
498
570
573
573
757
773
698
660
4832
4799
4850
855
811
4787
800
800
845
845
798
800
845
477
761
666
699
656
469
4859
570
573
670
678
709
709
734
788
1756
588
725
2282
478
793
1016
791
757
969
484
845
726
761
469
678
775
845
800
800
845
4805
845
4805
4805
798
4838
798
798
2359
2018
1615
1618
999
1394
2181
656
569
573
573
677
2181
736
775
757
845
800
4805
469
845
798
798
845
1222
2018
845
845
798
802
855
855
845
4853
791
1223
1198
1309
770
575
2180
2281
2331
845
845
845
800
800
724
809
2359
1615
4859
791
315
744
4859
800
762
2331
773
640
573
800
1006
1116
590
1836
724
763
764
764
1037
981
4814
4848
496
1217
845
812
751
744
716
810
2359
2173
2064
2047
1392
2643
2851
2851
2173
2359
2173
2309
2529
2331
899
1013
1028
2331
1775
2282
662
662
640
4838
979
979
4787
979
763
687
773
644
646
2180
575
790
763
802
4787
2173
2812
1222
1016
1016
792
1013
1006
821
866
1634
825
1851
3123
3123
2536
2536
2924
2691
2351
2659
2248
3010
3009
3009
3009
3009
3009
3009
3009
3009
3009
3009
4838
979
4787
1198
575
574
680
708
754
610
811
1001
529
529
529
1014
911
970
524
858
1429
1210
1267
890
1460
1428
926
1010
1134
1237
1293
1121
1889
2314
2314
1019
1674
1532
1502
1767
1587
898
1031
1023
861
911
1015
994
1465
1357
1500
891
900
1228
1282
730
1256
1159
1143
1210
1022
975
858
862
909
821
957
891
1228
908
976
590
752
584
1615
794
927
927
1782
964
1843
1065
874
934
935
1238
1293
1881
2068
1972
945
1986
1977
948
1204
530
906
708
707
1007
2323
1542
1821
1384
1566
938
1582
872
1544
766
615
561
4833
566
1282
1709
528
681
802
1037
982
983
984
984
983
1040
979
979
979
4788
846
990
2331
958
1166
2634
1775
2413
2536
2671
1775
1267
1256
996
925
894
1116
1007
1043
1043
1217
929
1573
1587
1126
529
2632
2796
857
766
1741
1576
920
530
908
925
525
849
806
790
1007
524
2359
908
1054
915
921
754
1038
1038
4812
986
1040
1007
765
766
766
1117
966
1043
1045
1125
1240
1125
4951
4951
1209
1201
1310
916
732
1057
1462
1779
1462
1204
1879
1475
1770
1043
1145
525
1070
1266
1737
1105
1751
948
1076
1106
1597
1305
1725
2493
2573
2367
2270
2473
1893
2287
1101
3180
1094
2679
2679
2821
2821
2821
2957
2957
2957
3079
2714
1102
1082
1082
1263
1215
1306
530
1184
873
916
859
1965
1073
1048
1118
1007
1043
934
1269
1218
1283
1120
1043
1346
1240
1345
4802
4824
680
680
1310
1185
1005
1159
1439
1427
522
1385
912
941
1864
1824
1073
1615
1074
1306
1153
1154
1816
1174
1072
1385
1033
1201
1324
1574
1779
1978
2323
1106
1168
1205
1504
1503
1304
1078
1078
1615
1190
1077
1168
1220
1310
1049
1296
1185
859
1462
1261
1174
1318
1407
1116
4951
4954
1199
1351
796
1301
1072
804
774
1105
1020
1204
1235
1220
4950
1253
1317
1025
1214
946
1281
1152
1220
1574
1079
2018
1152
2796
1129
935
923
2359
1050
1189
825
1263
1074
2173
2173
2064
1141
1157
1216
4948
1077
485
2589
3230
3536
3884
3956
3524
4251
4156
4251
4919
4250
4250
796
1078
1354
1253
1107
754
4802
1304
1834
1799
871
1187
1793
1309
1195
1218
1016
1728
1728
319
1828
2229
3063
1024
803
1287
1709
1613
1772
1713
952
1080
1817
2473
2492
1292
1269
1346
1110
1419
1175
669
1078
2128
1726
1635
2173
1376
1127
1255
1191
1151
747
4842
1779
1842
2124
2124
1080
1572
1257
1441
1885
1875
1875
2184
2184
1205
1208
1385
1257
972
4825
4833
4949
972
4826
972
4954
4855
796
1356
519
1203
1319
4849
1034
978
1029
850
1180
1414
1494
1414
1488
1413
1983
1437
1399
2645
1345
1345
4841
952
851
1025
1319
1293
4865
1494
1494
1991
2569
2978
2977
2851
2851
1801
413
1796
2635
2653
3027
2665
3108
3207
1179
4841
1212
1586
1208
1185
1499
2164
1488
1874
4826
512
4822
511
4822
669
510
680
4820
1801
2229
1231
1503
1737
1526
1241
1033
413
1695
2135
2587
3207
522
2034
1143
1405
1494
1237
1110
1169
413
1004
913
1841
1861
1845
1842
1996
1845
901
1142
1494
780
1728
1076
1795
1412
920
960
1202
1979
2407
2570
2643
1394
1394
1618
1394
1964
1394
780
1394
1160
1026
1490
1079
2064
2047
1770
1394
1494
1069
920
1068
1750
1635
1842
1394
780
2530
2011
2011
1577
1764
1740
1575
1339
2685
3123
3123
1851
1378
1158
1154
1029
2011
1770
914
1394
1394
780
1339
442
1202
1820
1734
1501
2323
2536
1394
1740
1666
1642
1743
1366
1783
1413
1564
1924
1598
1548
1988
1185
1135
939
2124
1029
1029
1160
1740
1186
1230
1838
1683
2685
442
442
1399
1405
1989
1842
1412
2164
2165
2760
3432
3539
2935
1654
2937
2949
3057
2702
1832
1317
319
1172
2663
2536
2536
2536
2851
2691
2691
2323
1707
1558
1707
1439
1575
2229
1750
2663
2634
2634
1666
1877
1559
1693
1743
1437
2019
2955
2668
1743
3123
2478
2297
2903
442
1172
1762
1858
1500
2142
1642
1707
1693
1279
1830
1582
1558
2155
2052
1698
1876
1666
1642
1689
1693
1563
1796
1405
1121
1490
1854
2148
1833
1563
1236
1109
1585
1528
1975
1888
1888
2047
2536
1758
1436
1662
1437
1276
1376
780
1990
1576
1718
1796
1917
442
1308
1748
2767
1726
1986
1124
1392
2529
2977
2541
2812
1110
1437
2144
1738
2285
1997
3123
1286
1211
3284
3284
3123
2592
3010
2326
1875
2124
1778
1584
1120
1003
1490
1788
1665
1358
1800
2538
1918
2020
2652
2654
2725
3119
2558
780
1778
1857
1818
1892
1809
1893
1892
1931
1809
2536
2536
1501
1268
1268
1830
1299
1137
1384
1848
1784
3063
2318
2495
1155
1280
1795
2068
1762
3123
3284
2144
2535
3123
882
913
882
324
3063
331
331
3907
3429
3833
2363
2285
1783
938
1527
1787
2004
1869
886
2361
2283
2006
1725
2375
1665
1983
2182
1193
1585
1596
1308
2106
1566
1971
1887
1122
1722
2067
2067
2415
1778
1857
1333
2027
2287
2497
1690
1318
1528
1913
2362
1787
1712
1917
3120
3120
2787
3392
3027
3027
3027
3027
2782
3750
3645
3120
2653
1711
2617
1738
2851
1924
321
2023
2375
1778
1762
1992
2536
3123
2535
2536
1438
2495
2335
1738
1857
1780
1857
1665
2041
1333
1976
1703
2851
1848
2851
2851
2671
3123
1771
1969
2538
1986
2134
1288
2851
937
2049
1437
1817
1081
2536
2924
1124
1305
2589
2569
2483
2483
2134
1653
2372
1880
2444
1333
1857
1641
2851
1193
1794
2495
2169
1857
943
2549
2542
2530
1333
1333
2287
1898
2029
2671
2164
1885
1123
1911
4886
2024
4888
453
1871
1288
1288
1886
1800
2643
2691
1825
1931
1892
1809
1893
1331
1983
1935
1995
3040
2851
2618
3120
1400
3118
1081
2155
2054
3153
2868
2642
2851
2851
1866
2182
2324
1784
3123
2242
1288
1818
3009
3009
3009
3009
2866
2866
2349
3009
3009
3009
3009
2850
3009
3009
3009
3009
3009
3009
2866
2866
2866
2248
2248
2850
2850
3009
2850
3009
3009
2850
1890
2318
3119
2977
2066
2027
2028
1931
2027
2036
3009
2850
3009
2850
2850
1724
1910
2125
1925
2422
2850
3009
2850
3009
3009
3009
3009
1970
2653
3177
2138
3517
3517
2691
2691
1857
1972
2866
2850
2850
2850
2866
2866
2850
2536
1909
3123
1936
2022
2924
2850
2850
2850
2850
2603
2850
3009
2136
2811
1894
1892
1818
2451
1927
2924
2924
2536
2850
2850
3009
3009
3009
2536
3010
3010
2567
2029
1081
2415
1893
2349
2603
2605
2744
2973
2973
2973
3009
2603
2349
2850
2850
2603
2247
2850
2345
2603
3009
3141
3009
2850
2347
2555
2603
2973
2973
2973
2252
2252
2252
3056
2252
2252
2744
2252
3009
2973
3231
2973
2973
2973
3009
2973
3141
3141
2850
2850
2536
3009
324
324
3010
2866
2850
2850
2850
2850
2744
2850
2744
2744
1400
2480
2066
2603
2349
2658
2690
2349
2349
2349
2744
2850
2744
2744
2973
2973
2973
2973
2973
2973
2973
2252
3056
2252
2252
2744
2266
2313
2597
2597
4982
4959
3009
2850
2924
2850
2866
3009
3009
3009
3009
3009
3009
3010
2065
2899
2452
2973
2973
1892
2115
1809
1892
2422
2866
2866
3010
3009
3009
3009
1890
3027
1333
1726
2603
2349
2248
2866
2691
2324
2866
2924
2924
2468
2691
2691
3009
3009
3009
1887
2314
2315
2550
3833
3907
3119
2603
2266
2248
2022
3010
3063
2384
2066
2349
2660
3009
2248
3009
3009
1723
449
1601
2555
2349
2349
2349
2349
2349
2555
2349
2349
2603
2349
2349
2349
2349
2603
2349
2349
2349
2349
2349
2349
2349
2973
2973
2109
2042
2184
2248
2248
2248
2866
2125
3369
447
2349
1809
2691
2492
3009
2349
2349
2349
2728
2119
1809
1893
2313
2065
2973
3009
1940
2024
2026
2710
3120
2436
2349
2349
2349
2349
2349
2349
2007
2349
2660
3009
2603
2973
2349
2351
2691
2690
2789
2866
2866
2850
2850
2578
3141
3009
324
2341
2691
2691
2691
2691
2973
2473
2691
3009
2183
2244
1953
2367
2367
2973
3009
2004
884
2341
2351
2691
2036
2037
2659
324
2349
3018
2327
1944
2003
1889
3120
2569
2691
2978
2118
2445
2975
2037
1088
3009
1869
886
2780
2977
2185
2421
2185
1289
3009
2973
3009
3009
3056
2900
2744
2349
2349
2349
1944
2691
2380
2973
3010
3009
2645
3456
3028
2349
2349
2349
3344
2499
2990
2372
2372
2038
1289
1082
2438
2313
3009
2865
2182
2430
1994
2066
2573
2270
3141
2973
2973
2973
2973
2973
2973
2973
2973
3009
3009
3009
416
3027
3827
3458
3827
2690
2975
2691
3607
4065
4168
4168
4168
2691
2903
2934
3344
2973
2973
2975
2975
2975
2438
3009
3065
3027
3027
3027
3623
3027
1749
2349
2349
2349
2349
2071
1082
3429
3833
2448
2672
2599
2599
2599
2557
3009
3009
3009
2762
2973
2975
2691
2691
2975
2691
2573
2313
3009
2555
2744
2690
2690
2341
2691
2243
2973
2270
2267
2267
2973
3009
3027
2782
2648
2341
2658
2789
2789
2789
2349
2973
2691
2317
2973
3372
2349
2349
2349
2349
2603
2603
2349
2691
2421
3009
3009
3009
3392
3120
2744
2744
2349
2744
1102
4981
2822
2270
2874
2874
2910
4960
2822
4983
3429
4168
3343
2863
3649
4114
3746
448
2349
2691
2691
2689
3750
3827
2903
3027
3965
1245
3026
3965
3717
3343
3343
2648
2349
2390
3027
2648
2349
2349
2351
2691
2691
4065
3009
417
417
3750
2744
3386
2372
3517
2691
1102
2957
2910
2910
2910
2910
2951
2892
3658
3217
2819
3429
4168
3458
3623
3827
2349
2349
2762
2691
2691
2691
4168
3876
3876
3009
2349
2937
2044
2691
2691
2248
3876
3876
3027
3119
3343
2349
2998
2990
1102
2349
1090
2806
3234
2719
3212
3494
3115
420
3029
2372
2372
3119
3287
2349
2349
2935
2015
3211
3460
3495
3486
2802
2802
2803
3236
3311
3311
4881
1903
2691
2975
331
3876
2603
2744
2757
3517
2748
2748
2748
3882
3965
3951
3951
3951
3951
3884
2448
3392
2349
3397
3468
2748
2761
3386
3010
2775
2996
2997
2862
3023
3396
3396
3733
4269
2771
3023
3022
2875
2875
3023
3285
3285
2774
3392
3827
3951
2761
3539
3965
3392
2648
3536
2349
2349
2349
2349
2349
2349
2935
3011
3876
3750
3392
2849
3069
2801
3114
3642
3335
1093
1093
1093
2807
3027
2603
3517
2991
2829
2829
2836
2829
2836
2829
2930
2820
2875
2965
2910
2910
2829
2836
3024
2820
2930
2930
2930
2831
2829
2836
2820
2840
2837
2776
3048
3481
3164
3096
3096
2985
2848
3721
3721
3721
2349
2658
3432
1605
2822
2819
2831
2973
3024
3024
3024
3066
2349
2059
425
2581
2937
2935
1097
3079
2965
2930
2875
2875
3434
4224
2878
3752
3246
3096
3122
3096
2970
2930
2819
2850
2850
3009
2666
2782
3623
3343
3664
2744
2973
2910
2910
2957
2930
2820
2836
2862
2827
3721
2744
1605
3517
3607
3607
2910
2910
2910
2658
3432
1606
2674
2957
2821
2973
2973
2836
3024
3965
3516
3091
1603
2957
2957
3607
2973
3009
3009
3009
3285
2349
2955
3607
2875
3009
3009
3458
1098
4065
2951
2679
3110
4118
2951
3657
4269
4238
3096
2840
2771
2638
4065
2875
2875
2666
3392
3516
3517
3517
3861
3862
3862
3862
3862
3517
3517
3517
421
2973
2973
2930
3009
2349
2690
2850
3432
2957
4168
2951
2892
2876
3430
3396
3286
3517
3015
2973
3009
3009
3009
2810
2744
2744
2744
2349
2723
2248
2866
2821
2821
2821
3022
3517
2691
2973
3009
3395
3733
3473
3023
3965
3492
2800
2935
2784
3843
2248
2840
3176
2850
3129
2744
2252
2949
2973
2973
3876
4168
4168
4168
4168
3398
3473
3831
3832
3752
3833
1245
3026
2349
2949
4065
4065
2837
2973
3907
3907
3907
3474
419
419
3522
2721
3786
2744
1093
3862
3862
4065
3876
4168
4168
2349
3180
2690
2659
3331
2723
3029
3274
3180
1093
1093
2958
2958
3079
3079
1094
1094
2789
2838
3096
3876
4168
2837
2744
2744
3056
2252
3750
2744
2679
3657
3110
4118
3821
3115
3642
3079
4168
3119
3908
3026
2789
1609
3176
4168
2840
3512
4238
3431
3484
3727
3649
3623
2789
2937
3134
2875
2892
2850
3056
2744
2744
3517
3387
2748
2748
2761
2761
2761
2761
2748
3861
3861
3862
3304
2870
2973
3016
3862
3862
3862
3862
2850
2850
2837
3164
3176
3342
2248
3009
3744
3247
2882
4075
3168
3169
3205
4099
4192
4176
4239
3170
3049
3528
3237
3237
3288
2679
2850
2850
2850
2850
2850
2850
2789
2850
3164
2850
4168
4168
3176
3048
3247
3851
3170
4239
3739
3617
3613
3620
3463
3297
3026
3523
2744
1093
3311
3486
2719
3460
3214
2719
3529
2722
3216
2892
2850
2850
2850
2850
2973
2915
3606
3311
3862
3862
3862
2850
2850
3056
2744
2973
3311
2803
3312
2789
3336
3335
3862
2850
2850
2973
3297
3907
3907
3907
3907
3395
2880
2880
4131
2842
3722
3692
4131
3696
3744
2744
3606
2784
3373
1093
2744
2744
2850
2252
3009
3876
331
3733
3966
3536
2744
3336
2744
2252
2850
2838
4168
4168
4168
3048
3623
2734
2737
2734
422
3404
3358
3358
3084
2744
1093
2744
3862
3862
2252
2252
3473
2744
3335
2958
2744
2744
2850
2252
2252
3342
3190
3096
2841
2841
2842
3489
3174
3897
3203
3464
2882
3512
3481
3866
3721
3468
3336
1094
2958
2961
2973
2744
2744
2850
2850
2252
3056
3744
3965
3516
2252
2252
2252
2973
2744
2973
2973
2252
2850
2850
3876
4168
4168
4168
4168
3827
3216
3213
2875
2973
4168
4168
2252
2252
4168
3342
2884
3684
3342
3907
3907
3721
3396
3787
3289
3459
3336
3096
2252
2252
2252
4168
3876
2881
3606
2252
2841
3732
3750
3517
3517
3387
422
3404
3164
3866
3652
3965
2937
422
3862
4072
4081
2788
3861
3399
2803
3862
3862
4168
3831
3459
3404
3862
3096
4168
4168
3862
4168
4168
3342
3722
3490
4239
4239
3202
4172
4271
4197
4163
3617
3272
3685
3168
3427
3444
4075
3933
4150
3907
3907
3932
3468
2761
3110
2719
422
3029
3029
3078
3096
3096
3096
3164
4168
3197
3490
3170
3491
3169
4075
3247
4150
3752
3312
3394
3862
4168
4168
3907
3775
2892
3722
3827
3335
3862
3862
3125
3425
3170
3464
3325
3721
3387
3404
3749
3469
3517
4168
3907
3907
3431
3484
3862
3862
3096
4168
3446
3249
3169
4075
3966
2772
3737
3312
3274
3133
3197
4194
4177
3933
2892
3459
3111
3029
3195
3190
3490
2887
3674
3216
3862
3195
3445
3827
3212
2802
3212
3606
3831
3539
3861
3516
3749
2882
3522
3731
3536
2748
2876
3486
3486
3393
3446
3204
3731
3530
3858
3861
2748
2748
3195
4168
3721
3053
3539
3404
3539
3717
3907
3907
4168
3965
3965
3965
3965
3387
3539
3358
3030
3530
3646
3618
3586
3743
4106
3980
4036
4036
4036
4036
4036
4036
4036
4036
4036
4036
4036
4036
3980
3867
3626
3679
3721
3596
4235
4283
3969
3573
4909
4909
3740
3845
4021
4029
4332
4361
3978
4361
3978
4036
4312
3597
4909
3984
3794
3794
4242
4198
3656
3867
3711
3703
3867
3596
4049
4036
4036
4036
4332
4036
4352
4354
4352
4334
3990
3990
4334
4361
3990
4328
4372
3994
4365
4235
4051
3597
3597
3387
2748
3387
3539
3861
3096
3096
3096
3907
3327
3562
3621
3563
3628
2878
3867
4214
3836
3596
3646
3965
3596
3894
3625
3743
3681
2876
3302
3170
3717
4130
3053
4072
4909
3740
4275
3604
2841
3190
3030
3543
3596
4051
3666
3965
3206
3529
3358
2841
4084
4009
4050
3740
3216
2892
3861
3242
3242
3275
3734
3965
3683
4214
4215
3795
3740
3578
2772
2748
3539
2761
3862
3606
3448
3595
3847
3743
3743
4197
3563
3744
3752
3096
2841
3752
3895
4066
4036
3969
4072
3536
3845
3845
4192
3965
2748
2748
3096
4051
3595
3847
4106
3174
3110
2784
3031
3965
3652
3170
3697
3583
3570
4147
3485
3485
2748
2777
2682
2748
2761
3530
3717
3203
4192
3740
3657
3882
3620
4312
4312
3721
3215
4214
2748
2802
2761
3562
3530
3858
3797
2993
3111
3190
3463
4216
2881
3247
3247
3744
3247
2841
4069
3113
3536
3555
3996
4908
3794
4373
3597
4371
4359
4357
4361
3978
4360
4361
3978
3978
3978
3978
3988
3988
3990
3978
3978
3978
4360
3980
3980
4036
3978
4036
4036
4036
3553
4288
3549
3795
3553
4288
4181
3795
4237
4360
2876
3748
3518
2761
3882
2761
3951
3530
3681
3628
3680
3832
2963
3907
4201
3569
2841
2761
2761
3893
4915
3882
3951
3826
3391
4036
3247
2722
3965
4173
4201
3740
3748
3861
3862
3862
3749
4915
3719
3275
5001
4197
3743
3743
4198
3096
2748
2748
4168
3907
2748
2761
3524
3524
3890
3882
3893
2761
3893
2761
2761
3524
3524
2748
3524
3861
3861
3862
3862
3862
4318
2761
4036
3170
3614
4224
3726
4231
3794
4915
3552
4069
3907
3907
3907
3962
3795
4232
3096
3862
3524
3861
3862
3524
2748
2748
2748
4168
3882
3907
4224
3657
2841
2761
2748
3463
3170
3698
2963
2682
3174
3692
4126
3794
4373
3096
3744
3096
3096
3524
4036
3524
3524
4036
4361
3987
3573
4897
3722
3951
3882
3951
3951
3956
2761
2748
2748
2748
3861
327
332
4313
4924
3956
3951
3469
2887
4215
4036
4036
4036
4036
4036
4036
4036
3987
4361
4361
3978
3978
3990
3990
3978
3978
3978
3978
3990
3978
3990
3978
3980
3980
3980
3990
3990
3990
3978
3990
3978
4036
4036
4036
3978
4036
3978
4036
3980
3978
3978
3980
3978
3978
3988
3978
3978
3978
4361
3988
4361
4352
4362
4036
3524
4107
3247
3829
3800
4036
4036
4036
4036
3978
3978
3978
3978
3980
4036
3980
3980
4036
4036
3978
4036
3861
3861
3862
3861
3861
3722
3744
3434
4036
4036
4036
4036
4036
4036
4036
4036
4036
4036
4238
4238
4036
3815
3536
3965
3996
3996
4327
4036
4036
4036
4036
4036
4036
4036
4036
4036
4036
4036
4036
4036
4036
3096
4036
3114
3744
2682
4180
4215
4192
3434
3096
2880
4229
4192
4036
4036
3862
3939
4279
3758
3800
4168
3907
3907
3965
3862
3862
3096
3614
3965
4310
3994
4362
4277
3989
3217
4036
4239
4192
3423
3743
4179
4200
4043
4042
4036
4168
3861
3861
3149
3149
3939
3247
3247
4036
4036
4036
3170
3967
3247
3939
3951
3951
3951
3951
2959
3965
3174
4289
4036
4036
4036
4036
4036
3862
3862
3862
3862
3862
3861
2841
4126
3490
3680
3815
3951
3692
4036
3692
3112
3965
3816
4191
3739
3792
4355
2682
3755
4036
3247
3246
3247
3907
3816
4216
2962
4131
3951
4288
4328
3799
3217
3902
4191
3433
3951
2786
4218
4036
2995
3907
4208
3951
3956
3553
4288
4197
4265
3417
4240
4328
4036
2841
4176
3803
4180
3692
3816
4358
4036
3939
3898
4217
3411
4288
4036
4036
4036
4036
3980
3937
3902
3830
3988
3988
3988
3988
3978
3862
2682
3937
3739
4288
3862
3862
3862
4318
3862
2748
3524
2748
3524
2748
3862
3862
327
332
332
332
4340
4250
743
4248
3861
3862
4104
4101
3907
4360
4360
4036
4036
3862
3892
4318
2959
3489
3774
4361
4361
4036
4093
4126
4328
4036
3980
4036
3978
3978
3980
3962
4036
4036
3978
3980
3951
4036
3988
3951
3978
3978
3862
3956
2761
2748
2748
3956
3893
2761
2748
3882
3907
3861
3149
327
4156
4156
3913
3907
2761
3956
3956
4924
3861
3524
3951
3951
4156
4334
4036
3980
2761
4156
4915
4036
4036
4348
3907
3978
3978
3980
3980
3980
4318
3980
3980
3980
4915
4915
3956
3980
3892
2761
2748
3962
3978
3988
3978
3605
4019
4156
3962
4924
4295
3907
3962
3980
3149
4093
332
4318
3524
2748
3951
4318
3978
3862
3524
3980
3978
3988
3980
3980
3978
3978
3980
3978
3978
3978
3990
3990
3978
3988
4318
3978
3978
3988
4318
4348
3962
4377
3956
4315
4924
4924
4924
3956
4915
4924
4309
3605
3956
4318
3891
327
4261
4295
4157
327
4295
2756
3916
4318
4244
327
4318
4093
4093
4020
4019
4019
743
2194
3020
2615
3183
2105
2105
2105
2147
2523
2582
2582
2582
2582
2582
2582
2582
2582
2260
3152
3152
2582
2259
2147
4156
4156
4156
4019
4248
4250
4248
4296
4251
4251
332
4924
4296
4315
4019
4019
327
327
4156
327
4244
4156
4156
4020
327
4093
4295
4348
327
4244
327
4244
4924
4093
3878
332
4318
4295
332
4251
4097
327
327
4244
4019
327
4019
4020
3914
2105
2105
3008
2582
2582
3152
3152
2259
3152
3152
2582
2259
2259
3152
3152
3152
3008
2147
2988
2240
2896
165
4250
4340
3152
2582
327
4340
4156
4020
4019
4019
4348
4348
327
4020
4020
479
327
2896
327
4097
4296
3152
2325
309
2259
2259
2582
2216
2582
2260
2260
2260
2582
2582
3152
3008
3152
3152
2582
2582
3152
3152
3008
4318
2582
2260
3152
2582
2260
3008
4340
332
2582
2582
2582
2582
2259
2259
327
4326
4296
4348
2147
2259
2582
2582
2582
4296
4340
4340
4296
2582
327
2147
2259
2582
327
4093
2259
2147
4296
2582
2582
3152
3152
3008
2260
2147
2147
3008
2582
2194
4156
2260
2582
2582
332
4340
4340
4156
4248
4326
2409
2615
4340
11
2259
2260
3039
3039
346
327
2260
3039
4326
327
2325
2582
3039
2260
4340
2582
3008
3152
3008
2240
170
554
4248
3152
835
4248
4248
4248
3293
2953
3004
2523
2379
2896
2147
2259
3008
3039
3008
2582
2582
4248
4250
2260
2582
2582
345
2240
2240
2240
2260
3003
3003
3008
2240
2240
3152
2582
2240
2582
2582
2240
4298
743
743
2260
3008
2147
4251
2260
2896
836
2240
2988
2523
4250
4298
4250
2582
2582
2582
2582
2582
2582
2582
2582
2216
2216
2582
2260
2582
115
4250
3004
3003
2582
2216
3008
368
2523
2523
2523
4298
183
2582
2582
2216
2582
2582
2582
2582
2582
2988
2523
2582
2582
2582
3008
2260
2896
2231
4250
2409
4248
3003
2582
2260
2582
2582
2582
2260
2582
2582
2582
2582
2582
2260
2409
301
248
2582
2582
4298
3039
2980
2582
2582
2582
2260
2582
2615
2582
3152
666
2105
167
2379
2260
4876
4876
170
3003
3003
2443
368
3362
2582
2582
2147
2615
2523
166
2582
2582
2147
3152
2216
2846
2582
2523
2953
2582
4876
2582
2582
2582
2582
2582
280
289
236
236
73
236
289
236
236
4770
236
73
4771
5
4771
5
5
4825
4825
979
986
979
4838
800
535
642
668
4853
4853
656
656
1036
845
845
636
640
640
4805
4822
1036
643
979
680
744
656
4831
1040
4812
990
511
4820
1041
4832
496
635
577
639
4838
612
981
662
640
511
4822
809
4831
798
561
4787
543
501
4812
979
4838
4853
640
510
512
640
559
644
740
4796
4800
642
4838
800
632
630
511
642
4853
1728
1016
999
1728
1394
1394
1967
1394
1728
2536
2973
3141
2973
2973
2973
2973
3141
2973
2874
2679
2679
2821
2930
1869
4888
2821
2957
2957
2314
2819
4978
2827
4978
3009
1093
3862
3978
4036
3946
4036
4361
3990
4036
3978
3978
3978
3978
4036
3980
4334
4373
4283
4317
4365
4893
4902
4352
4357
4359
3987
3978
3990
3990
3978
3969
4036
4036
4036
4036
4036
3573
4361
3978
4036
3978
3978
4036
3978
3861
3524
3524
2748
3524
4915
3524
3524
2761
3893
3524
2748
4915
3524
3524
3524
2761
3524
3524
2761
4036
2582
4020
2582
2582
554
2582
2582
3008
2582
2582
3152
3152
2582
2582
2582
4250
3996
3794
4953
765
1007
1043
1044
1041
765
1041
1041
2819
2829
4961
2874
4983
2827
2819
4971
4982
2819
4970
2819
2829
4971
4971
2819
4985
4971
2597
2829
2860
4985
889
887
4971
4971
