63
57
241
346
227
544
684
563
844
480
233
233
62
264
60
342
251
251
60
233
233
251
251
209
251
251
251
251
251
342
251
342
251
263
263
251
251
251
263
148
266
556
551
562
545
213
217
243
233
233
293
251
197
85
4791
4781
4781
4781
4781
4791
4791
4791
85
233
361
209
295
427
313
209
148
209
342
264
295
295
63
259
343
251
207
4791
416
207
233
207
207
207
228
293
207
233
263
207
233
207
251
251
207
207
263
233
233
207
233
207
405
251
251
243
11
461
461
661
561
780
464
219
379
561
409
661
251
251
233
63
243
267
293
417
209
243
148
251
251
251
251
251
251
251
342
251
350
350
350
251
342
8
342
342
350
167
4791
4781
57
243
243
243
243
251
350
167
243
62
266
11
466
225
224
224
224
656
224
224
224
732
782
552
552
219
877
1262
1195
567
567
156
566
471
782
437
153
156
672
672
219
251
251
251
251
251
447
263
243
244
251
268
268
462
233
233
251
240
267
251
251
251
167
628
563
558
207
298
268
153
555
555
555
749
780
476
4791
4791
251
267
544
4791
316
245
313
323
245
298
461
251
4791
4791
233
9
251
447
63
476
470
197
350
684
351
461
555
555
4791
4791
209
342
257
345
168
269
440
12
562
216
557
251
557
11
461
461
4791
251
251
342
8
427
8
8
264
264
245
251
63
11
214
244
565
85
470
156
251
474
217
732
62
264
60
233
251
661
156
227
555
555
251
264
4791
556
225
197
440
365
544
350
350
156
156
156
844
1195
807
1274
1268
1274
1274
1046
389
2385
3303
392
3582
4036
3867
3867
4000
4256
4237
3536
3903
399
3939
46
251
9
749
4781
556
463
156
555
154
156
567
555
780
814
961
804
815
657
657
346
216
460
468
546
4791
251
251
251
4781
468
661
470
251
350
4781
251
427
557
561
251
60
556
755
755
755
224
342
251
264
342
60
264
661
264
342
557
251
4791
60
342
342
264
342
730
780
342
755
755
755
755
552
224
224
985
924
755
780
656
656
656
684
556
755
755
755
755
224
552
552
552
218
555
755
672
558
729
224
224
755
732
684
684
672
755
224
755
755
552
552
1195
1542
852
852
1541
494
2162
2688
2988
3451
3753
3690
3696
3492
2943
2590
2590
2115
2802
2115
2562
2112
2112
1928
2467
1928
2112
1847
1379
1564
1217
1217
1356
1356
1592
1665
1965
1980
4896
4894
1818
1958
1926
1924
379
552
732
156
732
224
782
224
552
224
224
224
224
224
761
224
732
732
780
780
732
379
755
480
844
772
379
780
961
4871
567
782
224
552
552
224
379
780
780
780
379
379
755
755
552
379
755
224
552
755
224
552
782
222
224
552
224
224
755
755
552
224
552
480
876
961
1046
807
828
224
779
593
4825
593
4825
779
593
593
779
779
593
779
593
593
779
4822
4822
4822
4822
4822
4822
919
919
1078
1078
1078
1113
1113
981
870
890
981
981
1204
981
779
779
593
4825
593
779
779
779
4825
4825
779
4825
4825
779
552
552
222
779
4822
4822
4822
841
4822
593
593
593
593
779
779
841
841
841
593
593
593
4822
841
867
919
552
219
876
815
1083
1264
1083
779
779
779
4825
593
593
593
779
4825
593
4825
224
224
755
755
552
779
4825
815
593
593
593
593
593
593
593
219
1542
924
1046
775
779
4825
4825
4825
779
779
779
779
779
593
593
593
593
593
224
224
779
593
4805
841
4822
841
4825
779
4825
779
779
779
779
779
779
4825
779
779
779
219
844
4825
782
224
223
984
1195
4822
1195
844
1588
1212
877
852
779
464
760
1262
1262
1268
1274
844
841
841
1541
924
593
593
221
780
4822
779
779
4825
779
779
4825
779
779
779
1542
1542
1542
852
852
4825
593
4822
876
772
1262
841
4825
779
779
552
841
4825
4825
219
1542
779
779
4822
779
779
779
841
841
595
841
1367
867
867
796
1597
2013
806
779
779
779
779
779
779
779
1542
876
779
1195
4822
779
841
859
867
4822
779
779
841
1262
838
804
824
841
595
4822
4822
595
841
859
841
779
924
841
4822
4822
841
877
1542
1542
2125
2642
2628
2629
1456
1542
1542
2125
2508
2508
806
841
796
4822
660
1632
1264
1051
4822
4822
779
779
779
841
867
4822
919
4822
779
867
867
841
779
841
2125
2125
877
877
1212
1274
1274
1541
1212
807
841
870
870
1653
1325
2357
2284
1976
2501
2496
3118
3066
3066
2490
2429
2152
2340
2556
3302
3063
2275
2275
2275
2275
2599
3013
2275
779
779
841
595
841
867
4822
1243
919
4822
779
867
958
958
975
1076
981
958
1113
960
605
870
1367
958
972
1074
1500
1253
605
980
1081
1081
603
1500
603
1500
1500
603
1366
946
1581
1817
1757
1922
1757
1922
972
972
1297
1066
972
1243
890
654
981
981
841
972
1441
1441
958
958
975
1113
1076
981
1367
981
981
981
981
960
605
1297
981
841
972
958
1076
1113
1113
1243
919
919
877
972
605
979
1074
1074
1500
979
979
1031
603
603
1206
1206
1366
1366
1500
603
1414
974
609
1031
609
1031
981
1113
919
919
919
1195
2013
972
1074
1500
1500
1500
603
1500
877
972
4822
4822
1085
957
981
919
595
595
841
595
595
595
779
779
779
1542
1542
1031
660
1669
1051
1052
2195
867
870
870
1367
605
605
804
595
595
595
595
595
979
980
972
975
981
957
660
659
1542
4822
972
1074
1441
841
981
981
1264
981
981
1243
1243
919
919
919
595
1113
980
838
981
1243
1078
919
919
841
4822
4822
4822
4822
595
595
1031
4822
4822
595
981
979
927
959
1243
841
1031
1031
1031
1031
972
1074
979
1046
1243
1078
595
972
1160
973
1055
1313
1118
1181
1360
1444
1898
1898
1898
1898
1898
1898
1416
1565
1854
2221
1968
2772
1151
2630
1130
1154
1968
1968
1898
1898
1898
1228
1160
841
981
1081
1081
1081
605
981
1297
1031
1074
1222
595
595
595
1055
1345
1252
1170
974
4822
595
4815
919
919
927
603
603
1335
927
1335
927
1335
1253
981
1367
981
1078
1078
1078
609
1031
1074
1074
1228
1542
609
1252
1120
1592
1184
1202
919
1078
927
959
1031
1031
1074
1542
1456
1118
1165
1356
1342
1356
1118
1257
1542
1057
1252
1121
979
603
927
975
1081
603
603
1081
1335
1084
919
1074
973
1517
1366
975
957
595
595
595
4815
919
972
603
1078
1243
919
919
1201
1074
609
609
4822
595
1184
1084
1031
973
1031
1327
1165
1084
1074
1542
1542
926
1765
919
603
603
603
1078
919
1456
1204
1367
1417
1078
1201
2125
1542
1655
1163
1366
1366
1366
4815
1252
1274
775
2383
2661
2884
2855
4237
4246
4298
1289
4341
4336
4482
4431
4431
4388
4484
919
919
919
1206
1078
603
1121
1078
919
1243
609
609
1074
603
1500
1500
1074
595
1220
919
1541
851
1541
851
1541
1274
1333
1805
2434
1081
981
919
1204
1356
775
1750
1750
1085
1113
1201
1342
1898
1172
1074
1163
1366
1517
595
603
603
603
603
603
1500
1500
1414
1669
919
1219
1228
1444
1165
1213
1224
919
603
603
603
603
603
1500
603
603
1206
1366
1517
919
919
1031
1074
1500
1500
1257
1165
1356
1356
1225
1225
1898
1898
1213
1671
1213
603
1206
919
4822
4822
919
919
919
919
919
919
1204
919
1031
1213
852
1764
1541
1610
1475
1606
1731
1567
775
1078
1078
1160
603
1500
1500
1500
847
847
2164
1452
2770
3003
3054
2195
1567
494
1461
2190
2057
3051
533
919
1267
1181
981
603
603
1102
1567
1981
1567
1568
919
919
919
4822
775
1488
1078
1102
927
1218
1224
1567
494
2029
1907
1499
1078
609
1267
1204
1764
603
1500
1500
1500
1500
1500
1224
1567
959
1253
1031
1074
1074
1074
1500
1500
1074
1074
1297
1441
1204
847
2058
603
603
1500
1365
2083
1750
1074
1074
1500
1335
1074
2125
2125
1655
852
1655
1500
2059
2059
494
1533
1253
1074
2508
1074
2184
1764
1267
1253
1253
1219
1356
1165
2642
2106
2059
2642
1356
1356
1676
1356
1799
895
2204
1686
1213
1078
1652
1297
2508
1074
1441
852
847
847
1676
1713
1500
1500
1500
1597
2033
1676
1892
1432
1706
1681
1681
1661
1776
1474
1612
1500
1253
1500
1500
1500
1500
1267
1204
1078
1500
1500
1220
1500
1074
1892
1676
1702
1224
2162
1772
1474
2071
2768
3456
3034
1682
1682
2960
2576
1638
1267
937
962
2508
2501
2033
2667
3286
1892
1476
1432
1500
1500
1592
1805
1226
2225
1977
1356
847
2394
1893
1702
1981
2832
2862
1500
895
2057
2758
1224
1563
1764
1913
1441
1432
1267
1253
1866
1500
2015
2044
2575
2044
2127
603
1975
2044
1913
1612
2021
1517
1830
1224
2037
1500
1766
1500
2021
494
1801
1801
1506
997
2508
1672
1607
1677
1253
1500
1224
1784
1783
1441
1609
1830
1680
1358
2070
1228
1506
1236
2642
2627
2627
1454
2125
1500
1592
1356
1674
1500
1803
1253
1170
1865
2641
2785
3142
1325
603
1500
1500
937
1253
1279
1493
1356
1500
1345
2528
2460
1475
1830
495
2661
2401
389
1225
1565
1565
1898
1898
1898
1565
1898
2501
1500
1592
1444
1561
1578
1500
1500
1500
937
2357
1333
1833
1360
1706
2106
974
1500
2434
1182
1500
1976
1500
1414
1500
1414
1500
1885
392
392
393
2641
3123
1224
1563
2015
1801
1801
1279
1749
1629
1760
1817
1551
1757
2017
2162
1444
609
1914
2233
1681
974
1665
1708
609
1500
2017
2051
1477
1477
1342
1898
1898
1565
1565
1806
1771
1517
1279
1852
1749
1552
1279
1552
1493
2460
2460
3196
1955
2766
2747
2531
1493
2106
1776
2434
1680
1898
1563
1981
2372
2282
2501
896
1493
1918
1783
1563
1563
1563
1563
1563
1217
2394
1500
2667
1976
1804
1170
1864
2460
1414
974
2615
2372
2190
2190
1898
1981
2708
1500
495
495
1454
3003
1454
603
1914
2890
2233
1831
1336
2372
946
2051
1707
1563
1964
2664
2680
1563
1623
2708
2045
1336
1852
2070
1629
1926
1817
1817
1817
531
1565
1563
2057
2627
2193
1831
1225
1225
1898
1898
1563
1217
2298
2575
2828
2531
2753
1767
2053
1225
2298
1771
2026
1728
2112
2112
2024
2506
974
2460
1360
1182
937
1279
2402
1565
2275
2712
2799
4898
2147
2185
2368
2599
2275
2275
2275
2712
2599
2686
2275
2275
2275
2799
2275
2712
2512
2140
2373
2355
3044
3044
2607
3044
2275
2275
2712
2607
974
1493
1749
2383
1832
3056
2394
1563
1565
1565
1563
2712
2712
2712
2608
2799
974
1199
1477
1749
1629
1749
1898
945
2607
2986
2986
2599
2275
1747
2753
4889
3092
3650
3459
3054
2192
3055
2712
2145
2712
4898
2356
2745
2660
1559
2458
1831
2587
2845
2617
3044
2608
2608
2608
2948
2434
2770
2042
1565
2608
1200
2372
2501
2226
2948
2599
2712
2275
3142
2736
903
1683
1563
1898
1898
2144
2397
2625
4876
2626
2626
4877
2948
2251
2490
2337
2629
2353
3055
4881
2315
2344
2948
2599
2275
2608
2491
2625
2626
3113
2263
2263
2263
2263
3433
3433
3433
3433
2263
2948
4877
3013
3013
3395
3395
3130
3025
3013
3013
3143
2948
2341
2709
391
3201
3403
3433
3436
3436
3436
2269
2269
2269
2263
2223
2890
2334
2522
2303
2691
3029
3110
2318
3113
2948
2602
2314
2314
2314
3061
3061
3061
3404
3406
2263
2263
2281
1507
2017
1917
1917
1917
1759
1759
1759
2948
3044
3055
2667
2512
2799
2712
2799
4899
2799
3142
3340
945
2753
2491
4881
1565
1565
4877
2353
4898
4898
2599
2275
2275
2275
2275
2641
1749
1960
1217
2017
2186
2142
2152
3286
2174
3255
2501
2489
3166
4901
2275
2275
2275
2599
2599
2275
2275
1173
1757
2019
1964
2384
3522
2163
2244
2137
3142
937
2893
945
2078
2402
2333
2239
4877
2339
2710
4899
2275
1477
1853
1949
2309
2859
2311
3174
2306
2693
2693
2397
2426
2662
3083
3083
2859
3138
3125
2306
2693
2693
2240
2465
2314
4877
2386
1565
3066
2368
2764
2141
1581
1749
1552
1629
1778
2298
1565
1898
1172
1172
1917
2797
2240
2259
3065
1566
1565
2017
1922
3070
2948
2599
2275
1888
1951
1958
1948
1958
1951
2688
2679
2675
3083
2240
2426
1623
2368
1898
2490
2275
1853
2344
2626
2689
2621
3281
3333
3394
3239
3394
2269
3436
2764
2763
2858
2275
2522
2429
2516
2621
3467
3146
3146
1898
2496
2358
1771
1898
1898
2893
2017
1757
1852
2666
2516
2621
2479
1565
1898
3066
3013
2310
2192
3399
2638
2609
1581
1284
3003
2753
2516
1565
3053
1565
1898
1551
1760
1819
2666
1565
1898
1898
1898
1898
3059
3395
3395
3395
2057
2625
2304
3029
3185
1565
1172
2017
2340
3013
1200
1950
536
2241
3138
1644
1644
1644
2960
2890
1898
1898
2017
2017
2275
1640
1682
2101
1682
1898
1898
3013
3130
3395
2319
3130
3062
3025
3025
3062
3025
3025
3130
3063
3302
2275
2531
2989
2880
1898
3459
3459
3459
3650
3907
3464
3146
2690
1462
1958
2688
2626
3061
2317
3053
3053
3650
3459
2710
1954
2633
2753
1819
2762
2693
2692
2426
2575
2516
1898
2385
2298
1898
1759
1759
2432
1759
1898
3013
3013
3061
1564
3066
3459
3286
3467
1759
1917
3013
3013
2662
2954
2691
3064
2990
2516
1644
3459
3061
1898
1898
3013
1462
3124
3084
3084
3278
2269
3329
3391
2904
2763
1757
1922
2558
2074
3081
3138
2261
2261
2689
3467
2846
2275
3033
3114
3196
2404
2662
2516
3113
1898
2432
1898
2432
2432
2432
2432
1898
3141
3411
2810
1901
4978
3193
2866
2544
3064
1771
3459
3202
2758
2687
3669
2749
2749
2751
2752
2586
3196
2905
3174
1564
2905
2888
3126
2689
3467
3467
3467
3464
3033
2275
2938
3113
2860
2890
2621
2432
2432
2432
1906
2583
3523
4078
4004
2432
2640
3032
3411
3146
2633
496
3174
3053
2621
395
3464
3025
3422
3411
3130
3185
1682
2024
3467
2482
3086
3086
2809
3196
3138
3205
1644
3013
1806
2360
2221
1928
2221
2112
2112
1928
1928
2562
2115
2115
1649
2957
3198
3488
3488
3488
2957
2958
1150
3488
3488
3524
3490
3491
1646
1644
3459
2385
2692
3203
2904
1379
2360
1928
2743
2743
2743
2743
2115
2115
2955
1649
2117
2115
1943
2562
1943
1928
2221
1928
2221
2743
2221
2065
3467
3650
2846
3303
3526
2318
3067
1908
3568
3649
3487
3884
4111
4097
1898
2275
3113
3399
3447
3399
3025
1926
2179
4953
2379
2379
2697
4953
4962
4963
2916
2966
4196
2696
4953
4962
2916
3199
2967
3523
4963
4962
4962
2382
1901
2754
3398
3758
3587
3884
2883
2884
3110
2262
3203
3204
3008
1728
2590
3141
1956
2461
3045
535
4958
2992
2992
2992
1150
1339
2991
1929
2032
2221
3076
3033
2318
3204
2360
2621
2640
2640
2640
2640
2640
2640
2640
3539
2583
1906
2583
2585
2698
2585
3539
2640
2585
3199
2967
3574
3574
2967
3725
3725
4035
2977
2640
3303
3290
2999
1957
3290
3856
2318
2621
1908
1644
3467
2432
2432
2640
3025
2640
2640
2585
3202
2696
1905
2343
1388
2001
2425
1847
2425
1682
3035
1124
1968
2583
3523
3523
4004
3845
2970
2970
3191
3191
3191
3122
2969
3192
3042
2783
3539
2967
2640
3059
2287
3302
3013
2758
1901
2754
3113
2319
1906
2630
1968
2583
2585
2585
2378
2378
3774
3768
2690
1644
2960
3459
3651
2630
2583
2691
3430
2432
2432
3130
3130
3130
2640
2640
2378
2748
3034
2001
2079
1847
3008
1968
3465
3650
3062
3395
3130
3202
2543
1904
3365
1682
2583
3539
3202
3202
1908
1682
1151
3238
4135
2992
3277
4121
4167
4114
2977
3130
949
2400
536
1388
3465
3467
2967
3202
2988
2502
3568
3907
3907
3650
3650
2589
3395
3395
3130
3395
3130
2295
3365
2024
3403
3076
2690
3467
2583
3530
2968
2967
4963
3075
3399
1124
3061
3302
3395
3130
3113
3404
3436
3404
2589
3146
3146
3278
3279
2630
2630
3202
3568
1968
3105
3201
2967
3199
3199
3199
4963
2697
2751
2297
3030
3021
2881
3347
2967
3546
3202
3130
3113
2263
3456
3030
2319
3395
1887
3412
3582
3907
3650
3199
3199
3781
2969
2969
3122
3283
2384
2750
2262
2630
3209
4120
3395
3303
3133
3522
2750
1463
1463
3015
1463
3524
3932
3352
3352
3391
2691
3395
3650
3510
3299
3532
2262
2630
3333
3278
2571
2319
3009
2961
1728
1968
1968
1968
2580
2534
2032
2065
1968
1968
1154
4987
3574
2783
3146
3412
3907
3433
3433
3436
2263
3130
3391
1151
3161
3160
3139
3175
3213
4886
3160
3139
3139
2552
3139
2644
1968
3146
3183
3736
2748
1847
1968
3611
3167
2967
3611
2974
2969
2969
3031
2927
4964
952
2748
3021
2943
3523
3574
2268
3406
3404
3404
3456
3561
3917
3930
3561
3333
2221
3009
2319
1728
1154
3907
2319
3242
3574
2977
2977
3725
3394
3395
3725
3725
3725
3725
2974
2974
3857
3775
4119
4119
4119
4119
3261
4075
4119
3611
3430
2112
2467
1928
2467
2467
2467
2112
1928
2453
2269
2268
2269
3333
2269
2269
3436
2269
3394
3546
2268
3907
3907
3433
3725
2974
2974
2974
4119
4160
4118
4168
4119
4119
3611
4953
2634
2263
2221
2065
1943
2834
2121
2116
2116
2115
2115
2115
2562
2115
2115
2121
2120
1649
2891
3488
3488
3932
3269
2325
3277
2269
3333
2269
3395
3395
3051
3021
2065
2348
3907
2268
2268
3574
4982
2802
1943
1841
2348
506
2834
2269
2534
2348
2269
2269
2977
3436
3725
2967
3133
3303
399
3527
3781
3191
3191
3191
3191
3191
3191
3191
3191
2973
2973
4041
3949
3859
2973
2973
2973
2974
3191
2974
2974
2974
3191
3191
3133
3366
3236
2112
2743
1929
2269
3436
2269
3433
3406
3422
1887
2916
2965
4979
3205
2032
2269
3433
3436
3436
3436
3299
3907
3406
3167
3611
498
2467
2743
1928
2112
2115
2562
2562
2562
2115
2115
2115
1647
1648
2804
2943
501
3436
3523
3209
3433
3433
3199
2115
2112
2961
1134
3523
2263
2269
3433
2263
4041
4035
3929
4124
4124
4087
4041
3686
3949
4119
4119
3378
3922
2974
2974
2974
2974
3051
2937
3290
3290
3462
3205
1139
4987
2263
2319
2263
3436
2269
2263
4035
3725
3398
2738
2834
2263
3433
2263
3433
2263
3436
3406
2263
3436
3433
4035
3582
3299
3781
2743
1151
2115
2115
4120
2263
3907
3433
3433
3433
3299
4041
2974
3920
3922
2974
3903
2766
4962
3109
2743
1848
506
2115
2977
3433
3433
3433
3433
3922
3725
3191
3191
2974
3144
3433
4041
3857
3611
3456
3568
2115
2115
2590
2804
2977
2967
1463
3135
3491
501
3205
1728
2804
2115
3920
2966
3199
3568
2115
2115
2115
1841
1848
3561
3922
2967
3781
2874
2813
2804
2943
4036
3867
3867
3907
4041
4041
4119
4119
4075
4119
3266
3918
4153
4118
3857
3920
4119
4119
4119
2974
2974
3949
2974
3199
3199
3456
3238
2115
2115
2115
2115
2801
3291
2977
2977
3929
4114
4035
3167
3857
4119
3725
4119
3781
2974
2974
3725
2974
2974
3781
507
2991
3907
4036
3510
4041
4982
3857
3725
2974
3034
2562
3867
3374
4119
3739
4119
2974
3775
2877
1648
2115
1649
3085
1649
3488
3488
503
3453
3524
3524
3135
3557
3568
3132
3527
3191
3199
2965
3463
3907
4036
3867
4055
4119
3229
2974
4982
2927
4042
4120
2857
2783
3197
4119
2974
4119
3775
4120
2091
507
2091
2591
4124
4124
4041
4119
2974
3109
2115
3907
3929
2974
2877
1649
1649
2958
3488
2957
2958
2958
4041
3134
3561
3085
1646
3453
2974
2974
3135
2937
3290
3462
3670
3007
3530
3046
1648
2957
2958
2957
1646
2591
4119
4119
2937
3135
3462
2825
534
3362
3561
3198
3356
4041
3576
2974
2966
2091
2115
1649
3104
3132
3582
3582
4119
3584
3585
4111
3586
3456
2977
3491
3589
3739
3378
3378
3894
3894
4080
4066
4067
4250
4250
3809
3809
4250
4250
4250
4287
4250
3378
3378
2970
3135
3612
3897
3897
3986
3897
3897
3897
3518
3518
3518
3897
3709
4022
3709
3777
3780
3897
3897
3897
3518
3518
3518
3518
3518
3378
3378
3378
3897
3897
4147
3950
3777
3986
3986
3986
3986
3865
3986
3986
3986
3986
3705
3986
3897
3536
3897
2648
2852
3907
4035
3929
4124
3330
4119
3590
3378
3378
3378
3378
3378
3378
3897
3229
3853
3518
3518
3378
4153
3907
3198
3211
3488
4119
3739
2974
2974
2974
2974
2974
2974
2974
3897
3518
3518
2974
2552
4124
4124
501
3589
3897
3897
3897
3774
3518
4119
2784
1649
1647
3085
3488
3488
3198
4124
3696
2974
3518
4119
3518
3277
4120
4041
4087
4041
3739
3781
3378
4119
3378
3518
3518
3518
3518
3037
3587
2120
3488
3387
3664
3518
4168
3263
3894
3191
3191
3191
3122
3122
4091
4124
3191
2970
2969
3897
3705
3518
3518
3781
3352
3518
3518
3775
2752
3447
3042
2850
3705
3518
3894
3269
2739
3139
3758
2881
2881
3670
3491
3589
3191
3191
3378
3518
3193
3682
2966
3447
4167
2958
2958
3589
3191
4119
4119
3518
3518
4141
503
4087
4168
3897
3780
2974
3268
3446
3518
3929
2958
3198
3356
3518
2970
2974
3518
3530
4091
3907
4118
3261
3191
3191
2973
3191
2973
2974
4125
3122
2973
4054
4041
3799
2739
2739
2870
2992
3536
3897
3897
3897
3897
3897
3705
3986
3986
3986
3986
3986
4066
4021
4158
4158
3894
3894
4066
4066
4158
4066
3986
4066
3986
3986
3780
3705
3894
3894
3894
3518
3263
3894
3518
3894
3894
2962
2552
3160
1150
3046
2958
3488
3488
3869
3881
3589
3524
3524
3524
4118
3052
2970
3903
399
4119
3266
4087
3447
3206
3881
3355
3524
4080
2974
2973
2973
3524
3269
3861
2974
3193
2870
3161
3561
3867
3488
3206
3705
3696
3894
4168
3191
3518
3069
3649
3868
3527
3561
3881
3206
3981
3930
3208
4000
4000
4000
3780
3705
4118
2970
4167
4119
2974
3022
3649
3269
3932
3932
3804
4137
4137
3585
3266
4078
3907
3867
3649
3582
3524
3739
2739
2873
2970
3518
2958
3488
4087
3561
4118
2973
3191
3845
4196
2974
3859
4119
3705
4091
4047
4114
4114
3867
3777
3488
3777
3709
3986
3897
3780
3839
3206
3883
3912
3885
4000
4084
4182
4426
4319
4289
4237
4119
3524
4042
2752
4124
3811
4172
4170
819
3809
3777
3709
3709
4022
4022
4068
4022
3699
4021
4021
4068
4068
4068
4149
4250
4044
3699
3709
4068
4068
4068
4149
4149
4287
4149
4287
4068
4068
4100
4044
4044
4044
4068
4068
4021
4044
4068
3865
3615
3986
3865
3986
3777
4087
4118
2973
3266
3894
3950
4198
3811
4170
4149
4067
4149
4250
4044
3777
3709
3709
3561
3999
4124
4041
2973
3040
3777
4172
4067
4250
3809
3815
3811
3811
2969
4078
4124
4118
2974
4020
3266
3894
3518
3811
3811
3815
3815
3811
3811
3958
4172
4170
4170
3809
4172
4091
4078
4087
3488
2992
3869
3195
2992
2966
3266
3949
2968
4091
4087
3122
3122
4196
2974
3811
3390
4125
4119
2969
2973
4119
3518
4000
3527
3213
2854
4105
4091
3857
4118
3378
3986
3894
3894
3894
4004
3780
4119
4119
4119
2969
4078
3195
3266
3261
4119
3907
3999
3999
3999
4047
4091
4125
3705
4080
4080
3233
2973
2973
2973
3798
4111
4924
4129
2854
2974
3894
3815
3811
3815
3816
3816
3815
3867
4000
4119
3122
2992
2992
2969
2854
4138
1143
3859
3455
2974
3918
4119
4119
3705
3894
4196
1150
4125
4054
3798
4891
2966
3893
4119
4891
2854
3894
3894
3894
3894
3266
3041
4153
4129
4111
3918
4147
4167
3527
4111
3893
3894
3894
3918
3233
3859
3986
4167
4119
4119
2974
3918
3894
3894
3041
4119
3233
3859
3894
3809
3809
4287
4250
4066
4167
4135
3894
3894
4158
4158
4066
3894
4000
3859
3859
3261
4000
4000
4181
4000
3882
3882
4000
4228
4285
4289
4314
4315
4430
4323
4599
4327
4340
3859
3894
2855
3986
3986
4250
4250
4105
3041
3859
3263
3986
3986
4066
3809
3809
3859
3894
3809
3835
3986
4066
4195
3809
4067
4250
4080
4287
4066
4066
4062
4924
4924
4923
4924
3885
3886
3883
4052
4195
3940
4178
4241
4230
4245
4195
4097
4227
4237
4000
4085
4097
4143
4182
4066
4067
3885
4922
4227
4067
4250
3939
3939
4066
4067
4149
4100
4149
4149
3986
4227
4237
4084
4920
4923
4084
4044
4044
4068
4182
4181
4271
4238
4418
4195
4237
4149
4239
4289
4341
4315
4256
3938
4143
3939
3699
4195
4237
4068
4068
4044
4044
4181
4068
4068
4068
4068
4068
4068
4068
4068
4044
4921
3940
4044
4044
4068
4143
3940
4226
4256
4256
4257
4256
4333
4289
4333
4257
4256
4257
4344
4226
4238
4271
4289
4260
4289
4336
4336
4341
4261
4289
4319
4319
4289
4178
4315
4315
4186
4313
4324
4288
4380
4443
4443
4481
4406
4391
4276
4275
4489
4728
4683
4575
4462
4606
4705
4454
4532
4521
4670
4370
4583
4600
4560
4460
4460
4460
4261
4266
3941
4352
4501
4281
1291
4380
4471
4270
4289
4289
3945
4268
4335
4400
4399
4303
4313
4261
4268
4268
4268
4311
4324
3941
4303
4315
4178
4333
3941
4178
4333
4303
4336
4471
4315
4315
4315
4418
4268
4425
4315
4268
4178
4268
3941
4482
4344
4288
4288
4179
4554
4587
4660
4374
4463
4630
4560
4689
4524
4606
4705
4670
4630
4463
4606
4606
4606
4574
4452
4930
4554
4350
4392
4430
4426
4426
4514
4337
4315
4186
4178
4397
4425
4233
4501
4479
4433
4186
4338
4338
4311
4274
4288
4437
4437
4324
4288
4308
4443
4471
4460
4460
4363
4705
4456
4533
4533
4537
4533
4929
4725
4574
4574
4574
4560
4600
4601
4457
4601
4574
4460
4930
4186
4186
4560
4670
4560
4560
4457
4560
4560
4574
4186
4324
4363
4689
4363
4363
4337
4391
4270
4186
4363
4363
4470
4670
4670
4721
3945
4339
4288
3945
4670
4337
4185
4642
4670
4944
4430
4288
4560
4426
4370
4648
4574
4930
4504
4547
4524
4460
4574
4560
4670
3942
4351
4399
4941
4648
4648
4324
4186
4560
4479
3945
4187
4324
4588
4426
4619
4538
4538
4533
4324
4312
4549
4549
4426
4430
4670
4928
4401
4308
4426
4574
4936
4728
4930
4441
3942
4474
4430
4578
4179
4187
4400
4430
4417
4644
4587
4276
4276
4456
4414
4504
4179
4670
4630
1291
4281
4720
4533
4668
4324
4445
4357
4573
4644
4546
4644
4930
4611
4660
4660
4276
4456
4533
4670
4497
4479
4434
4533
4452
4496
4477
4533
4563
4649
4644
4705
4484
4484
4454
4705
4606
4597
4464
4517
4517
4517
4606
4517
4566
4581
4566
4371
4533
4576
4484
4533
4649
4534
4545
4430
4474
4415
4535
4558
4558
4417
4597
4597
4597
4566
4517
4597
4590
4514
4565
4350
4597
4597
4566
4707
4606
4357
4350
4588
4391
4437
4588
4587
4644
4533
4568
4581
4463
4462
4462
4569
4569
4566
4556
4531
4549
4279
4588
4573
4556
4597
4392
4548
4547
4531
4375
4533
4532
4532
4597
4588
4595
4728
4589
4468
4562
4395
4346
4532
4616
4581
4395
4374
4534
4346
4417
4562
4569
4534
4586
4582
4717
4571
4588
4562
4571
4628
4714
4581
4587
4586
4683
4566
4557
4566
4374
4569
342
57
342
4791
4791
295
4781
4791
85
260
251
251
251
251
919
595
779
779
593
4822
4825
4825
4825
593
779
4822
779
841
4822
779
4825
841
779
919
779
4822
779
4822
919
4822
779
4822
779
779
919
779
4822
919
593
779
779
779
593
4822
1541
1541
1541
1212
1542
851
852
852
852
1655
1799
3061
2948
2948
3061
3061
3025
3025
2314
2432
1154
1130
1130
1926
1817
2630
1968
1749
947
2640
2179
2179
1924
1924
1924
2275
3114
3907
4149
3897
3897
3986
3986
3777
3709
4068
4068
4100
3897
4044
3897
3986
3705
3897
3986
3986
3897
3986
3897
3986
3709
3615
3986
3897
4170
4170
4170
4170
3897
4068
4066
4170
4149
3709
4067
3557
4085
3885
3885
3886
4923
3561
4000
3882
4250
4288
4721
4687
4456
4363
4446
4460
4444
4460
4574
4670
4670
4457
4601
4468
3897
3705
3897
4822
4822
4822
595
4822
4815
4822
1757
2640
2640
1917
948
2432
948
2432
2640
2378
947
2640
2640
948
2640
2378
2432
2640
1759
2640
2640
947
1924
2432
948
2052
2640
1759
1917
948
1917
2378
948
1917
948
948
3436
2115
3198
3488
2115
3488
3488
