254
418
418
187
187
187
418
418
418
286
286
254
254
187
187
254
187
254
254
254
254
254
418
254
187
418
418
418
418
418
254
254
418
254
254
254
254
254
254
286
286
286
187
187
187
418
418
396
254
254
254
254
254
254
254
187
418
418
187
254
187
254
254
254
254
418
418
418
187
254
254
254
254
254
187
418
418
187
254
254
254
254
254
254
254
396
254
254
254
254
254
254
254
254
254
254
254
254
254
254
418
396
254
396
396
187
254
254
254
254
254
254
396
396
418
418
396
396
254
254
254
136
136
286
426
286
254
286
254
254
396
254
254
254
254
254
254
254
254
254
254
254
254
418
418
418
418
418
396
418
418
418
187
418
418
418
418
396
418
418
254
254
418
254
418
396
254
254
254
254
418
286
286
286
286
286
286
286
286
286
187
187
187
187
286
187
286
286
187
286
316
158
286
418
418
418
418
418
286
286
418
396
418
418
286
418
254
254
254
254
187
418
254
254
254
254
396
254
254
254
254
254
254
254
418
254
254
418
418
418
187
254
418
418
418
418
396
254
254
396
418
254
418
254
418
254
254
418
418
187
187
254
254
418
254
254
396
254
254
254
254
418
418
254
254
418
418
286
418
254
254
254
396
418
254
254
254
187
187
286
286
286
187
187
286
286
286
254
396
418
254
418
254
187
418
418
418
187
187
418
254
286
254
418
187
418
254
418
418
254
187
187
418
254
254
254
418
254
254
187
396
254
254
187
286
286
286
187
286
418
418
418
418
418
418
418
396
418
8
265
320
320
320
798
1382
1792
2079
375
375
3334
3471
3628
4331
4375
4366
382
383
4300
4375
254
254
418
254
254
418
418
396
418
418
396
286
345
12
557
254
339
187
187
187
187
187
254
187
187
187
254
187
254
187
187
418
418
418
254
187
286
286
418
187
187
286
286
286
286
286
418
187
187
418
254
418
418
187
254
286
286
187
418
418
418
418
418
254
286
286
286
286
286
286
286
286
286
286
286
286
540
286
286
286
254
286
187
187
187
286
286
286
286
286
286
286
286
286
286
187
286
418
418
286
286
286
187
187
418
286
286
286
254
286
254
187
187
418
286
286
286
286
286
286
187
187
317
4758
447
447
447
447
1478
1879
2665
2663
2889
2840
495
496
3850
2708
2805
3097
3097
3097
3288
3078
3077
1206
2723
2697
2735
505
507
508
2353
2085
1985
1985
1422
1573
1488
1908
2690
2855
3350
526
3016
2778
2767
254
286
136
136
418
418
254
418
286
286
286
286
286
286
286
242
286
187
286
286
254
136
286
286
286
286
286
418
2
286
254
360
254
418
187
286
286
286
286
286
254
216
254
286
286
286
286
286
286
286
426
286
286
286
187
286
286
187
426
286
286
286
286
286
286
286
286
286
286
286
286
286
286
286
286
557
86
202
174
265
798
286
656
654
850
654
850
654
774
789
741
775
745
775
774
4806
4806
740
772
596
642
709
590
599
680
755
760
733
4832
614
733
4790
4809
4797
986
1047
1139
991
1090
1022
981
1356
1069
1380
1245
1356
791
4783
654
654
850
654
654
774
851
851
851
850
852
846
846
850
850
782
850
4819
4819
846
187
286
426
656
774
789
738
646
640
602
601
604
4803
771
723
809
751
855
685
740
595
595
716
607
683
613
686
943
286
187
187
254
556
12
924
837
565
654
654
868
4785
657
216
868
654
654
286
286
286
286
286
850
286
850
713
713
594
595
709
187
286
265
265
850
850
654
654
654
850
654
751
868
4819
932
868
776
594
710
286
286
286
842
874
713
685
763
685
846
654
850
782
850
932
934
780
869
825
870
870
870
869
870
286
286
850
4819
870
286
286
286
187
286
187
286
286
679
286
136
235
265
320
444
447
446
842
549
235
320
187
679
8
265
576
709
286
715
286
4819
4819
819
846
825
846
870
846
846
825
869
782
187
4764
442
912
1580
846
679
685
392
418
8
235
286
685
846
846
4819
187
909
870
825
870
363
187
870
846
1151
872
576
782
782
1161
1222
1297
1283
1127
242
875
1333
919
64
184
50
870
870
826
826
944
286
4766
286
904
874
613
125
4819
897
403
903
839
755
932
909
897
235
804
370
889
1099
1155
4786
1101
4800
1101
640
280
1222
825
403
280
839
840
1099
316
4764
354
1593
1563
1952
922
1757
83
67
70
1732
1753
913
351
891
758
845
897
342
574
910
1107
797
807
825
825
826
825
847
4826
4787
814
840
770
942
1127
770
945
1151
4826
144
354
1593
79
446
446
446
320
1370
686
1124
862
770
201
805
956
1765
1931
1961
1473
2286
2144
1588
2151
2303
970
2258
2395
2270
2051
2359
825
825
824
1326
952
807
894
894
835
824
861
1083
1083
1029
633
632
993
860
1041
1125
1441
1014
1126
1521
1375
1050
1167
1405
1058
1226
1779
2342
2854
1014
1016
1334
1507
1308
1022
861
1033
1034
1116
111
1183
1817
1766
1133
996
1145
634
1356
1465
1427
1136
1242
636
1027
1119
1116
72
1126
1109
990
633
1029
954
938
317
318
1051
1166
1220
1053
1415
1522
1282
1247
1305
1057
1389
1291
1063
2034
2260
1858
1603
1185
1312
1247
1243
989
925
727
1121
70
1288
1077
1812
1464
1671
1825
428
167
4802
691
601
902
635
634
1070
4782
4787
4801
605
4826
1100
4801
4825
4826
4777
4788
4777
823
4827
66
30
4762
1263
1173
924
355
1325
921
1283
1322
1367
1004
1138
86
1170
1097
1288
1529
1183
1231
1032
1296
399
808
32
605
1742
1737
1219
1032
1246
1054
1017
700
1045
988
1170
1043
363
1260
1019
1147
1047
4789
1100
4799
4825
4825
4825
1169
4802
900
901
901
1220
1095
1094
1307
1086
4962
4811
1032
1304
1175
1035
4799
1169
1317
1067
1265
1067
1076
1288
1094
1056
993
925
1155
1016
1462
1603
1252
1269
1269
1674
1750
2036
2513
2249
4865
2650
2598
2847
2649
1208
1208
1200
2895
3115
3006
2869
2869
2826
2868
2944
2944
3006
2869
3006
2910
2598
2649
2649
2649
2602
1221
1190
1189
1182
1166
1004
1118
1035
1036
1249
1189
1315
1170
898
898
1211
1369
1255
1539
678
1395
1435
1435
888
4814
4791
1057
1406
1375
1367
1510
1461
1378
1460
1505
1138
1412
1531
1531
1251
1213
1253
1247
1280
1738
2305
1186
1182
1505
1148
1282
1311
1311
1412
1264
4764
1562
1276
1274
1273
2084
1807
1487
1221
1570
70
1275
1318
1303
1175
1314
1380
1405
1239
1020
1172
1487
1361
1258
1278
1719
1160
4958
1233
1411
4837
1232
1140
942
953
1401
1175
1289
1335
1517
1297
1358
1316
630
1213
1749
1068
1290
1457
320
1530
1773
354
1289
1294
4958
1057
203
1311
1699
4959
1306
565
1412
1184
912
70
1024
1390
1355
4958
1327
320
1372
1878
1881
2890
3375
3722
4291
4366
1348
4423
4542
4580
4740
4740
4728
4740
4630
4740
939
1517
1322
1459
1045
887
1412
1603
1761
1702
1000
1621
1417
1447
1442
1214
447
447
447
1259
1525
1165
1893
1003
1044
1545
1380
1279
320
798
950
1021
1180
1571
2156
2847
2847
1530
1390
1409
1337
1392
4774
4805
4791
1191
1730
2513
1571
70
1816
1274
1337
1337
1278
1021
4794
931
1266
1413
1065
1061
1940
1894
1543
1508
1573
1424
2409
2409
2425
1208
2668
1208
2649
1426
1625
1439
1389
4790
834
4832
4807
4811
795
4811
4962
4843
982
1141
1045
1410
4774
938
628
1244
1711
1214
1715
1467
1734
2344
1713
1689
524
4962
1432
4829
1287
984
626
1058
1291
1494
1599
1491
1683
2364
1471
1755
1969
921
1725
1617
2218
2620
3322
3018
4808
1168
1131
1462
1245
1406
1602
1977
2011
1953
1397
696
1084
888
4790
888
4809
4809
614
727
1381
1371
1047
1239
1543
1632
1385
1403
1558
1613
1454
2007
2690
1516
1638
1567
1519
1655
1428
1464
1463
1459
1511
1375
1001
1929
1929
1966
1414
1532
1062
1423
1596
1633
1536
1739
1640
1339
1839
798
1414
1053
1489
1414
1593
1757
1594
1537
912
1555
1756
1452
626
1889
1216
920
1753
1573
1419
1910
629
1037
1850
1849
1863
2155
1576
1949
1578
1952
1573
1422
1937
519
1564
1573
1508
924
705
892
1310
1373
1515
1038
1985
1605
1569
1550
1910
1508
522
1460
1962
1811
1778
948
1658
1682
2040
1795
1689
514
514
1709
1635
1954
1678
1745
1489
1463
1946
1625
1445
1740
627
1407
1614
1805
1595
2039
1581
1815
1601
487
1774
2306
1955
2220
1684
2983
3246
3480
1650
500
2727
3286
3188
2737
3188
3155
2219
1378
1309
1801
1739
916
1114
916
916
1990
1473
1690
1611
1891
1667
1336
522
956
1015
924
1931
1959
1960
1927
1776
1582
1689
2914
3337
1703
1336
2572
2440
1219
2137
2083
2083
2085
1809
1872
516
1709
1584
523
1798
1824
1695
1920
2469
2469
2905
2861
2040
1453
1062
2111
512
1974
2017
1912
1679
1685
1454
1244
1217
1256
370
1862
1704
1764
1611
1489
1874
1823
2461
2293
1753
1074
1698
1787
1560
1285
1424
2468
1985
1569
1712
1455
1616
1965
2139
2036
2096
1065
2037
1952
1909
2008
1579
921
1712
1257
2243
1837
2040
1622
1328
1527
586
705
1673
1907
805
1864
1828
2354
2111
2040
1506
1631
1748
2112
1623
1539
1813
1470
1622
2515
1381
1947
2634
2122
1341
1424
2267
2421
1973
2668
2668
2865
2668
2757
2668
2668
1208
921
1737
1806
1192
1994
1940
1111
1777
1840
1226
1376
1815
1483
1528
1759
2041
2354
1006
957
2462
1624
1675
2034
1829
1291
1376
1830
1830
374
1673
2274
1738
2468
2615
1060
1591
1875
2854
2313
1455
2401
2445
1064
513
2337
2453
1391
1483
2305
2268
1871
1842
2410
1876
2401
2530
1208
2421
2424
2814
1200
2928
505
2893
2354
1656
1780
2314
2104
1735
1885
1481
1688
2620
2840
1482
2620
2620
2620
1979
2354
1942
1772
1193
1209
2421
2354
2370
1707
1931
1475
1114
1114
1321
1856
525
1642
2421
1972
2421
1972
1868
2083
2632
2722
2893
2422
2722
1869
2632
2397
1394
914
1112
1855
1729
2410
2218
1847
2424
1230
1394
1892
1815
2648
1659
2034
1063
1941
2008
1951
1950
2037
2682
2467
1720
2421
2424
2632
1549
1842
1991
1991
1394
524
2432
2422
2422
1200
2814
1659
1648
2526
1784
2427
527
2766
2757
2425
2422
1972
1972
1394
913
914
2305
2757
2757
2668
1208
2649
1972
1972
2353
1708
2793
2860
3156
1455
1688
1815
1880
2430
2580
2861
505
2735
2736
2736
2736
3070
3188
3078
3288
3070
2806
3210
3129
2808
2422
2038
2846
2347
2341
1008
1483
2422
2102
2270
2270
2255
2098
2062
2051
2051
2051
2270
2270
2059
2058
2050
2051
2270
2052
2270
2270
2052
2270
2043
2098
2309
2348
2058
2058
2051
2052
2270
2051
2043
2052
527
2627
1792
2008
1755
1973
2668
1973
2631
2043
2043
2043
2091
2043
2361
528
2557
2059
2052
2098
2065
2051
2270
1229
2450
2153
2813
2108
2510
2080
2352
2152
2098
2057
2043
2098
2098
2270
1549
1675
1768
2018
1990
2043
2126
2043
2091
2042
2058
1890
3001
2893
2029
2757
2043
2305
2042
1961
2033
2058
2052
2066
2270
2066
2119
1660
2102
2863
2722
2530
1208
1208
2061
2254
2254
2254
2055
2358
2292
2292
2087
2300
2091
2126
914
2099
2254
2050
978
2290
2058
2074
2254
2254
2264
2239
2240
2240
3007
3007
2687
2687
3362
3362
2271
977
2256
978
975
2587
975
978
2292
2256
2058
2059
2059
2059
1822
2205
1770
2447
971
971
2687
2687
2687
2687
3248
2791
3249
2463
2740
2631
2062
2393
2307
2157
2177
2171
2171
2075
2074
2254
2055
2358
2358
2358
2256
2173
2173
2415
2161
3253
2587
973
973
2074
2404
4974
4990
2849
2849
4990
2075
2056
2056
2050
2065
2065
2066
970
1907
2205
1933
1885
2074
2757
2757
2668
1199
2204
2126
2098
2348
2059
978
2066
2148
1376
2620
1973
2308
2118
2309
2144
2080
2118
1990
1945
2110
1990
2066
2051
2359
2051
2092
4874
530
2589
3042
3099
2718
2115
2546
2076
2359
960
1859
1882
2683
2071
1208
1473
1663
2348
2290
1848
526
2062
2068
2167
2167
2221
2307
2068
2068
2254
2263
2252
2263
2263
2166
2166
2221
2165
2165
2307
2242
2002
977
2678
2923
1199
1114
2348
2362
2450
2580
2814
1209
4967
977
2176
2251
2454
2003
2697
1199
1200
2604
1975
2292
2292
2270
1822
2610
1967
2449
2165
2167
2166
2167
2221
2167
1869
2697
1208
2257
2364
2055
2393
2390
2390
2375
2883
969
2883
971
971
971
2286
2358
2257
1769
2300
2544
2391
2684
2893
2596
1990
2290
2697
2679
505
1969
2847
2649
2649
960
1861
1983
2372
967
2668
2055
1199
2292
2251
2465
2428
2022
2304
2258
1884
1471
506
1688
1651
2510
2865
2895
2767
2955
2417
2865
2649
2865
2865
2865
1208
2598
978
975
2640
2514
975
2007
2279
2307
2157
2307
1200
2534
1010
2121
2359
970
3065
3185
2167
2263
2795
2724
3002
2865
2649
2865
2649
2602
4970
2258
2613
2862
2867
3155
3155
505
2605
2602
2602
2389
2448
2954
2161
2389
2434
2434
2434
2389
2389
2175
2151
2303
2403
2258
2620
2840
3310
2046
2400
2554
2742
2639
2639
968
2290
2765
2068
2054
977
2054
2080
2554
2500
2312
2303
2620
2620
2840
2840
2620
3184
2165
2165
2165
2167
3068
1983
372
2651
2821
2658
2602
2598
4865
2823
978
2258
2264
2697
2412
2286
1473
2658
4967
2403
2403
2263
2254
2375
2372
2387
3069
2358
2173
1473
2602
2823
2823
2434
2426
2890
3042
2785
2890
2393
2390
2225
2812
2177
2231
1652
4981
4976
2690
2167
2221
2166
2263
2263
2263
2735
2735
967
2649
2602
1822
970
2491
2492
1885
2046
2254
2167
2054
2602
2598
2910
4867
2911
2602
2882
2827
2897
2911
2825
2825
2825
2882
2360
1831
2403
526
2611
3476
3739
2450
2393
2698
2505
2311
2261
2780
2625
3050
3017
3947
3543
2518
2663
2664
491
2221
2735
2121
3184
2521
2165
2157
968
2618
2684
2505
2840
3373
2263
2971
2420
2822
2910
2868
2825
2911
2911
2911
2962
3135
2878
2871
2828
2528
2528
2258
2840
3184
2221
2375
2821
2544
2377
2256
1831
3104
2221
3019
504
504
2736
2736
2736
967
2402
2206
2360
2403
1792
2991
2166
2936
2971
2910
2403
2896
3313
3313
2945
2945
3314
3091
3866
4121
3825
3825
3092
2710
3487
500
2562
2562
2221
2221
3376
2738
3159
2945
3314
3866
4121
3314
3314
2945
2945
3313
3313
2945
3062
3115
2736
2742
2079
2079
2298
2171
2928
2992
3760
3830
4925
3935
3935
4135
4135
2756
2756
970
2264
2667
2761
2845
2434
2402
2935
2935
2778
3109
3416
4152
4162
3016
3467
3267
2831
3467
3285
3184
3687
3699
1645
2903
4085
1885
3050
3783
2166
2263
2221
2166
2157
2229
2698
3187
3187
3187
3312
3097
3051
3184
3485
3739
3093
3093
4100
3625
3336
3336
3044
3313
3159
3313
2434
2964
2263
2644
2821
2774
2774
3109
2774
3109
2767
2828
2775
3036
2833
2961
2916
2897
2897
3036
3012
3109
2775
2953
2775
2828
3015
3015
3105
3154
3474
3023
3244
3512
3106
3321
3321
2835
2774
3322
3373
3052
3766
2390
2922
2724
2828
2828
2828
2434
3108
2774
3109
3012
3109
2955
2157
2736
2806
3070
3078
2796
3371
3426
3006
2736
3210
2775
2961
2881
3135
2988
2951
3711
3706
4084
3430
2879
4073
3138
2961
2828
2434
2303
3012
2403
2491
2840
3089
3089
2157
3115
2911
2868
2944
3036
3012
3012
2778
3464
2333
3210
3210
2264
968
2742
2897
2826
2375
3315
3270
2910
2910
2826
2953
2175
2619
3109
3018
3543
3074
3077
3078
3067
498
2264
2944
2108
2500
2434
2492
2586
2491
2491
3016
2375
3425
2618
2832
975
2491
2586
2171
2390
2881
2820
2869
4014
4177
2776
2871
3743
3723
3136
3233
1886
3210
3078
2909
3046
2831
3052
3185
2760
2107
3339
2500
2512
3312
3312
3312
2415
2954
2826
2434
2538
2448
2402
2315
2177
3070
2311
3113
2375
2910
2638
2962
3742
3840
3012
3417
2763
2541
3006
2173
2514
2514
2492
2586
2640
2171
3027
2161
2157
3312
2805
2206
968
2826
2916
2916
2514
2423
968
2448
3365
3037
4078
3038
3012
3256
2781
3185
3271
3374
3664
2937
3244
3308
971
974
2231
2238
2187
2703
3253
2932
1831
3104
2503
2930
2514
3904
3904
4050
2656
2786
2891
2159
2820
2909
3079
2758
3309
3229
3041
3350
3200
3781
3093
4036
2161
3115
2929
2206
3098
2639
2965
2944
2978
2372
2514
2264
3353
3190
3288
3115
3044
3006
3336
3336
3115
3115
3006
3044
3006
3044
3044
3228
3136
2952
2503
2503
971
971
971
973
3007
3051
2231
2820
3768
3751
4014
2946
3824
3887
3649
2909
2921
3258
3017
3071
3044
3474
3267
3234
3039
3013
3256
3476
1886
2349
4999
3219
2944
3046
971
973
2231
2231
2763
3527
3900
3876
3897
3897
3628
3313
3390
3253
3253
3044
2969
3253
971
2834
2835
3307
3142
2447
2586
3512
3242
3483
3670
3412
3721
3303
3303
3151
4250
3754
3177
3445
3350
3078
3078
3313
2944
971
971
971
2395
971
971
971
971
3308
971
3058
2930
2758
3633
3475
3670
3909
3772
3834
3634
3689
3182
3474
3526
3209
3115
3313
3314
3314
3091
3866
3866
3866
4121
3825
2947
2938
3682
2225
2225
2307
2375
2587
2800
3313
3313
2512
971
971
3052
2231
2239
3313
2945
2945
2945
3336
2225
3313
3313
2945
2986
971
971
3360
3048
383
3903
3728
3706
3706
3707
3775
3841
3299
3776
4012
4077
3864
3243
3313
3427
3448
2869
4877
3007
3024
2687
2885
1832
3380
4187
3835
3313
3313
3290
3007
2687
971
2503
3058
3058
2503
3208
3078
3314
2945
3097
3097
3096
3096
3769
3826
3095
3288
2832
2930
971
2586
2945
3288
3336
3201
3043
3362
3204
2687
971
973
3359
3395
3629
3923
3841
3473
3301
4205
4112
3401
3638
3437
3241
2801
3680
3311
3313
3201
2869
3055
3496
3479
2687
971
971
3007
3359
2498
3323
2945
3007
3007
3007
2437
971
3007
971
2687
2687
2503
2503
3728
2945
3469
3097
2239
2932
2986
3058
3007
3007
2503
3144
3175
3143
3415
3051
3912
3457
2945
2945
2945
2945
3136
3007
3007
3290
3447
3235
3479
3007
3344
3436
3716
3367
3367
3097
3096
2873
4076
3456
2913
3097
3097
3175
2950
3038
2966
3314
2945
2945
2945
3133
3058
3688
3680
3097
3009
3172
3058
2968
2986
3345
3364
3522
3472
4114
3151
4207
4192
3883
4193
3483
3407
3475
3484
3524
3551
3914
4195
3302
3659
2872
2950
2761
3681
3866
3866
3103
3518
3479
3431
3431
3429
3307
375
3434
3410
3454
3303
3475
3241
4095
3886
3314
2945
3535
2741
3172
3334
3172
3499
2986
3473
2841
3336
3314
3450
3379
3524
3639
3759
3439
3303
3853
3866
4121
4083
3094
2967
3230
3231
3038
3256
3133
3058
3172
3452
3146
3453
3759
3783
2771
2772
3080
2945
3501
3196
3409
3531
3303
2612
3428
3625
3091
3625
3406
3395
3295
3434
3242
3660
3866
3294
3395
3749
2612
4121
4121
3408
3540
3383
3866
3321
3408
3654
3758
3721
1644
3367
3091
3091
4083
3482
3748
3053
2802
4053
3495
4083
3343
3758
4117
3091
4121
3502
383
3231
3347
3334
3757
2784
3542
4132
4181
4181
3516
3547
3339
3734
3639
4013
3718
3700
3713
3812
4074
3608
4088
4045
4880
4880
4880
4045
4045
4880
4880
4013
4055
3750
3039
4902
3957
3980
3979
3976
3963
4006
3792
4953
3929
3574
3589
4020
4295
4019
4019
3955
3588
3588
3966
3966
4310
4892
4160
3917
4055
3854
3895
4903
4902
4922
4031
4019
4030
3589
4342
3996
4317
4359
3955
3586
3588
4903
3382
3246
2967
3295
3661
3676
3551
3638
3604
3604
3603
3553
3645
3895
3640
3402
3927
3735
3686
4898
3784
3767
3602
3863
4121
3033
3764
3911
3236
3654
3836
3613
3618
3240
2948
3363
3490
3296
3745
3957
3957
4903
4923
4081
4121
4083
3406
3734
3572
3606
4903
4252
3682
2879
3344
3505
3432
3569
3464
3905
4157
3403
3817
4895
4893
3791
3681
3696
3675
3860
3574
3701
3554
3713
3703
3601
3708
2876
3920
3297
4115
4890
3606
3955
3581
3782
3750
3787
4195
3544
3122
3547
3887
3585
3583
3606
4036
3419
3536
3736
3906
3632
496
493
3894
3838
4178
2772
3532
2952
4121
3870
3777
3690
4203
3919
4160
3742
3746
3635
4883
4015
3849
4149
3816
3629
2782
3860
3552
4116
4137
3613
3625
3451
3635
3180
3571
3777
3778
4165
4167
4165
3492
4053
4179
4249
1344
3999
3962
3963
4001
4353
3963
4904
4351
4319
3974
4312
4028
3558
3809
4881
4262
3974
3974
3996
4259
4058
4063
4009
3755
3556
4241
4108
4011
4190
4206
4218
4318
3751
3751
3887
3124
3844
2750
3462
4148
3634
3553
4215
382
3837
4120
4176
3364
3900
4936
3845
3956
3755
3911
3774
3936
3851
2754
3852
3849
4053
4109
3383
3770
4314
3021
3890
3713
3553
3554
2946
4244
3723
3539
4301
2749
3897
3856
3626
3876
4933
4933
3877
4931
4322
4276
4331
4928
3608
3453
3635
3711
4201
4118
3966
3825
3591
3782
3837
4288
4375
4174
3815
3840
3383
3539
3527
3903
2803
3634
3231
3107
3628
3674
3626
3771
3712
4094
2657
4185
4255
3237
4035
4001
3630
3429
3921
3394
4031
3527
3471
4885
3995
3957
3977
3950
3858
4933
4925
4925
4925
4931
4336
4947
4625
4510
4559
4452
4393
4393
4525
1347
4933
3092
3829
3852
3491
4046
4880
4045
4045
4880
4019
4019
4919
4885
3985
4332
3971
4308
3563
4044
4067
3985
4344
4303
4332
4212
4912
4067
4880
4067
4880
4880
4254
3951
3951
4059
4041
4024
3562
4346
3974
3997
3970
3383
3844
4094
4169
3402
4063
4046
4046
4046
4065
4046
4880
4880
4880
4067
4045
4918
4019
4065
4065
4063
3627
3363
3396
3740
2989
4063
4088
4088
4045
4880
4045
4045
4045
4045
4046
4046
4049
2656
3702
3648
3544
4183
3966
4310
4018
4046
4045
4046
4088
4018
4880
4045
4045
4045
4045
4088
4045
4045
3430
378
3522
2946
3778
2657
4162
4209
3915
2655
3478
4167
4185
4205
4045
4045
3824
4882
3713
4216
4302
3539
3492
3478
4371
4134
379
379
3432
3634
4181
4351
3797
3968
3608
4223
4113
4075
3181
3922
2657
4207
4158
4159
379
3856
3856
3856
4123
3709
3881
3607
3609
4049
2951
4172
4092
3936
3936
4135
4277
4180
4086
3851
3936
4214
4174
4045
4045
4045
4045
4045
4931
379
4034
4102
3232
3404
4155
4925
4130
4045
3841
4125
4124
3776
3883
3772
3968
3743
3202
3684
3889
4125
4300
4193
3405
3202
4125
4134
4219
3556
4333
3768
4037
4178
4135
4181
3545
4136
4063
4171
2657
4189
3804
3813
3837
3883
4193
3239
4333
2988
3398
3152
3779
3703
3237
4003
2871
3771
4129
4224
3556
4045
4880
4880
4045
3811
4186
4163
3805
3996
3809
3996
4316
3896
3238
3399
4224
4931
4322
4540
4393
4510
4559
4931
4926
4947
4947
4393
4506
4393
4451
4393
4393
4941
4393
4393
4393
4393
4610
4630
4623
4484
4662
4240
3557
4182
4241
4067
4088
4314
4162
4147
3809
4319
4045
4045
4240
4045
4088
4059
4058
4267
4104
4880
4045
4880
4189
4880
4135
4040
4262
4277
4313
4322
3935
4925
4925
4313
4277
4925
4322
4947
4947
4601
4596
4548
4577
4301
4313
4277
4366
4439
4322
4366
4189
4557
4880
4067
4296
4577
4296
4880
4044
4375
4375
3996
4880
4211
4331
3951
4090
4313
4373
4067
4044
4275
4564
4564
4295
3563
4546
4596
4564
4439
4479
4311
4288
4314
4625
4540
4949
4506
4949
4393
4452
4506
4314
4044
4312
4564
4947
1347
4254
3563
4212
3951
4373
4298
4298
4298
4267
3987
4026
3992
4314
3563
4266
4366
4948
4625
4596
4375
4948
4941
4941
4375
1348
4439
1347
4941
1347
4378
4439
4451
4451
4393
4393
4506
4428
4390
4506
4559
4393
4393
4510
4558
4448
4559
4559
4510
4413
4550
4580
4558
4941
4451
4525
4389
4389
4451
4506
4463
4544
4393
4451
4941
4941
4627
4949
4559
4506
4393
4949
4506
4949
4949
4393
4949
4711
4745
4746
4623
4699
4515
4467
4467
4467
4940
4506
4699
4680
4680
4680
4680
4680
4623
4680
4680
4680
4680
4699
4699
4699
4699
4699
4580
4658
4658
4608
4746
4740
4740
4664
4525
4662
4506
4393
4949
4510
4559
4525
4479
4658
4608
4664
4392
4559
4544
4559
4596
4601
4658
4617
4559
4559
4506
4500
4559
4479
4452
4506
4506
4510
4559
4506
4559
4393
4558
4617
4601
4525
4636
4414
4941
4393
4393
4596
4601
4451
4393
4415
4452
4393
4635
4559
4559
4596
4559
4590
4618
4676
4463
4940
4626
4699
4623
4680
4680
4680
4680
4699
4680
4680
4680
4680
4699
4699
4940
4940
4491
4467
4622
4633
4394
4394
4394
4389
4394
4389
4451
4680
4680
4506
4467
4451
4393
4506
4559
4949
4664
4711
4636
4677
4664
4451
4451
4393
4394
4389
4394
4559
4506
4625
4463
4745
4623
4623
4506
4559
4467
4559
4559
4506
4625
4625
4708
4525
4678
4699
4680
4680
4680
4680
4680
4680
4680
4699
4699
4699
4699
4699
4680
4701
4680
4699
4699
4699
4451
4451
4699
4680
4680
4699
4680
4680
4940
4451
4451
4451
4394
4393
4699
4701
4680
4699
4506
4949
4506
4600
4600
4699
4699
4680
4699
4563
4525
4949
4949
4510
4610
4699
4506
4949
4506
4699
4680
4728
4701
4393
4394
4394
4506
4506
4699
4699
4600
4680
4699
4699
4699
4699
4491
4393
4739
4699
4739
4701
4650
4740
4680
4680
4393
4949
4633
4451
4680
4699
4699
4633
4633
4467
4467
4394
4393
4452
4394
4699
4699
4699
4680
4467
4680
4680
4491
4395
4394
4680
4680
4740
4722
4463
4451
4680
4699
4680
4940
4680
4680
4610
4740
4680
4610
4736
4680
4628
4699
4940
4622
4623
4467
4609
4467
4680
4563
4699
4680
4940
4696
4740
4680
4680
4680
4680
4467
4940
4940
4680
4680
4680
4680
4940
4940
4680
4680
4467
4680
4680
4395
4734
4623
4680
4680
4699
4678
4680
4609
4609
4940
4467
4680
4662
4740
4662
4680
4680
4680
4680
4465
4680
4680
4680
4680
4680
4623
4680
4680
4680
4680
4740
4680
4467
4622
4680
4680
4734
4623
4680
4622
4740
4603
4680
4680
4680
4680
4680
4680
4680
4623
4680
4743
4467
4701
4680
4623
4680
4680
4678
4467
4718
4750
4623
4744
4467
4680
4680
4680
4680
4680
4680
4680
4680
4680
4680
4680
4465
4622
4623
4680
4680
4395
4680
4680
4680
4680
4680
4680
4680
4680
4622
4622
4680
4395
4623
4623
4623
4603
4680
4623
4734
4622
4680
4623
4623
4465
4623
4680
4622
4622
4623
4680
4623
4623
4680
4680
4680
4680
4622
4623
4622
4680
4680
4623
4623
4680
254
187
418
187
418
418
396
418
418
418
187
418
418
418
418
187
187
418
806
795
4826
824
825
846
932
4819
725
727
846
846
846
4777
870
870
755
761
846
825
824
695
4788
727
846
846
1102
1102
1102
4806
767
4960
846
872
755
4788
728
4840
733
888
795
795
4825
825
847
936
738
603
4791
847
846
733
692
834
835
757
695
850
820
727
825
593
825
4832
614
846
442
320
446
324
447
446
1633
4758
912
446
1659
2415
2358
977
977
2434
2932
2434
2173
2358
2358
2358
3016
2944
2944
2826
2944
2765
2766
2868
2944
2819
4864
3109
2148
3115
2046
4262
3588
4353
4295
4340
4019
3987
4065
3951
4912
4885
4884
4359
4352
4351
4349
3961
4349
4349
4349
4920
4344
3981
3974
3957
4880
4046
4045
4880
4317
3962
4040
4046
4067
3961
4909
4909
4336
4928
4926
4933
4933
4933
4230
4936
4322
4933
3856
4931
4926
4928
4045
4680
4680
4680
4940
4739
4699
4699
4940
4699
4699
4701
4680
4525
4699
4680
4353
4957
4802
1095
676
1159
4960
677
902
529
2828
3109
2819
2819
4990
4976
2817
2774
4875
2828
2828
2774
2774
2774
2774
2819
2774
2774
2828
2828
4990
4976
2768
2774
2920
2768
2817
529
2774
2817
2767
286
286
286
286
286
4393
4510
4559
4506
4559
4559
4393
4393
4393
4393
4393
