558
564
656
656
656
552
755
755
552
222
780
222
222
462
544
478
468
418
323
316
298
298
298
243
298
168
63
63
63
245
57
298
159
298
243
243
558
684
218
218
755
656
410
410
563
461
656
159
371
371
371
320
342
342
251
60
342
418
320
341
363
352
267
243
153
298
63
477
549
558
558
684
558
684
243
148
263
251
209
361
371
314
361
240
159
298
341
371
470
371
148
263
263
251
209
361
462
371
148
437
371
148
148
148
361
730
684
732
156
156
156
567
464
844
219
567
567
567
567
156
156
156
243
298
684
684
684
732
243
148
470
684
684
148
57
57
63
63
63
342
251
63
251
427
251
60
263
251
251
557
684
684
243
148
63
251
63
684
558
684
672
729
218
782
552
552
552
552
749
379
222
552
222
889
220
221
221
889
889
222
219
219
156
222
222
656
461
552
222
379
243
243
243
243
57
434
558
684
218
148
672
672
732
434
434
243
656
672
168
541
371
672
732
410
379
552
361
361
470
410
156
729
567
567
732
209
243
243
672
240
313
218
551
267
352
156
156
240
323
251
313
437
684
218
251
313
263
661
410
323
156
729
672
672
672
434
209
251
209
267
299
558
656
656
218
782
552
552
168
684
552
549
156
782
251
63
351
62
351
259
9
351
427
168
478
259
558
672
656
755
672
323
755
672
8
755
656
755
661
213
434
316
656
567
558
656
672
315
8
251
732
782
8
552
755
755
567
251
672
219
219
464
772
772
924
807
1460
2340
393
3581
3581
4058
3911
4173
3889
4334
4418
4257
4059
3880
4334
8
558
656
557
60
661
219
480
222
480
985
772
924
772
772
464
844
844
656
558
656
656
552
782
260
8
251
216
552
567
761
60
251
761
342
782
156
782
729
782
782
552
346
251
323
761
251
8
60
552
561
729
251
62
296
8
60
844
296
567
567
219
219
219
844
985
844
567
552
552
782
156
156
729
552
552
661
567
761
552
749
672
749
755
379
222
552
782
222
220
221
221
739
1588
1274
2083
2905
2750
2884
4020
2748
3585
3982
3716
3716
2881
3716
3716
3330
3330
3330
3330
3330
3330
3330
3716
3387
3236
3236
3387
3236
3387
3236
3236
3387
3034
3034
3034
3144
3034
3034
3065
2832
2832
2800
2402
1975
1975
1913
1434
1907
1955
3051
3135
3134
1786
2895
2873
480
219
156
156
749
782
782
782
552
552
464
379
379
552
480
480
480
480
464
844
567
749
379
889
889
220
567
772
464
222
780
379
379
552
552
552
552
844
464
1195
219
379
222
780
219
222
222
222
219
552
219
219
464
464
814
773
772
1268
889
4015
4104
4104
4015
4104
4104
651
4015
4015
4015
4015
4015
4015
651
651
651
651
651
651
593
594
594
594
1483
861
4816
600
983
959
960
982
1243
1204
928
1074
1188
4015
4015
4104
4104
4015
4104
4104
4104
4104
4027
4027
4027
4104
4104
4104
4027
4025
552
552
552
222
222
480
4015
651
651
651
4825
4825
4015
4057
4015
4015
4051
779
824
652
4057
4015
651
4057
651
651
651
860
918
982
222
552
220
464
814
2301
772
4015
4104
4104
4104
4015
4015
4015
4015
4015
4015
782
219
4104
844
4104
4015
4057
754
754
4057
4057
4023
651
4057
222
889
772
814
924
4025
4027
4104
4104
4015
4016
4104
4027
4016
4162
4057
651
4057
552
222
651
4057
593
651
651
754
860
860
4104
4104
4104
4104
4016
4016
4027
4027
4027
4027
4027
4027
222
651
222
4104
219
219
219
222
219
651
222
220
221
985
772
772
220
221
985
651
985
772
814
924
814
222
594
220
464
4023
844
480
4057
480
754
4027
4027
4027
4027
4027
4027
4027
4027
4027
219
219
985
985
221
660
844
4027
651
754
772
844
985
754
4027
4027
219
4016
4027
4027
4027
219
220
220
4027
4025
4016
4016
4027
4027
595
653
921
1410
1367
842
844
772
2301
2301
2301
2301
985
844
4027
4027
4027
4027
4051
985
220
4016
219
860
219
4027
222
844
985
596
860
860
4027
4811
220
924
860
779
595
4825
4016
4825
651
652
869
4027
222
652
860
4051
219
985
221
859
1052
2429
2301
2301
2301
219
2301
2301
2301
901
985
985
869
772
4811
985
2301
2301
2301
842
594
3639
4027
4027
4051
4005
868
868
868
867
842
654
4051
4016
985
2301
918
221
772
924
924
924
918
924
870
982
982
924
2138
2368
2522
2559
2362
900
900
3066
3163
3087
3084
2689
2303
2689
2445
2573
2251
3079
3108
3108
3033
3033
3033
3013
3013
3033
2271
2344
3013
4027
4027
869
1367
872
868
4816
4816
3639
890
219
979
1066
972
957
980
1367
980
1032
1244
1032
609
1414
1366
1163
1517
937
1198
1925
1823
1823
967
1031
1236
926
956
981
981
1076
981
653
1031
1441
926
980
1031
979
606
957
1204
968
957
972
1081
605
893
653
967
608
980
605
4816
4816
600
221
929
929
609
974
929
1057
1162
1184
1170
945
997
1582
1356
1165
1116
1326
971
4816
4816
922
219
2301
967
609
1414
974
1366
974
1414
220
4825
651
593
593
969
971
1081
4816
4051
4825
4051
4051
4051
4016
4016
4016
4016
651
985
1057
929
2395
2301
2301
2301
2301
921
1244
957
1366
604
924
595
779
779
1032
609
926
869
1549
221
2301
985
4825
1031
1074
1500
971
957
957
975
983
1009
600
982
4816
605
985
957
981
982
861
861
4016
4016
4825
4825
4825
779
609
779
779
595
597
4804
929
1184
1113
4016
1057
1326
1162
1202
967
1236
779
957
600
4051
609
1356
1356
1165
1213
1734
1674
1563
1771
1382
2590
2943
3009
1645
3030
3021
3021
3144
3021
3021
3236
3236
3236
3236
3236
3236
3284
1643
3492
1643
3589
3492
3492
3452
3452
3452
3452
3492
3363
3492
3492
3492
3103
2961
2961
2801
3009
2828
1356
1356
1213
1188
1366
604
1081
1160
1892
595
4825
779
779
1252
1279
1301
946
599
598
597
4853
4853
4804
1163
1366
1188
1267
1188
1253
1267
1267
1201
1182
1057
1892
985
1165
1598
1591
1056
1121
1267
1084
1084
605
1160
1160
985
2301
1676
1734
2044
2394
2394
1702
1913
220
1121
1892
1913
1326
1074
1163
1113
1009
609
1121
1345
1549
1704
595
919
919
598
600
1184
1009
4816
600
609
926
1252
1252
823
921
1084
1213
1228
1165
1234
1313
1702
609
1913
220
2301
599
823
2301
1113
1356
2301
595
1397
983
973
985
221
985
221
1252
1313
823
1598
1460
1832
1286
4333
4319
402
4315
4565
4190
4662
4617
600
600
1078
1078
1224
4816
4804
1157
1356
2301
603
1414
2301
1734
1244
1120
924
739
807
4868
775
805
1051
959
4816
1913
1224
1668
960
1084
2587
2587
2589
1213
1365
1801
1517
598
4853
1201
2394
1563
1165
2301
1499
1244
1517
1417
1113
4804
4853
1201
1201
1360
1559
974
2394
1892
1913
2587
2832
2832
1640
2832
1682
1682
1682
1682
3030
1433
1267
937
4804
593
4853
4804
4804
4853
4853
600
600
600
920
920
600
600
959
4853
1228
1224
1588
1588
1567
1567
1528
1638
1830
2528
4853
4853
600
600
1084
1244
937
1274
1025
858
494
494
2434
3142
2429
900
2301
1588
1825
1830
2460
2810
2754
3529
1704
1253
1102
1356
1433
1366
1541
1567
1772
1567
858
4804
4804
4804
1483
868
1274
2138
1113
2394
1913
1662
1496
1567
494
1830
3196
3398
959
2394
1441
1541
600
974
1366
1567
1102
1500
1182
974
1182
1360
1360
1074
1074
976
660
1517
1567
1567
1253
609
1541
2587
2301
859
660
859
609
1632
1541
1078
1335
974
2301
859
1913
1046
1705
1253
1253
2394
2394
1219
859
1632
1052
1632
2301
1893
1893
1753
1461
1893
1567
2138
2239
2444
1684
1399
1604
859
1975
603
660
4855
1046
1702
1432
1113
974
1414
2301
2301
1893
1567
2446
1475
1475
2083
494
1772
2679
494
1830
1567
1496
1567
1366
974
974
1567
1253
1267
1869
1279
1674
603
2301
2190
2460
1434
1674
1541
1567
1567
2162
2384
2854
3936
3567
3567
3567
3716
3716
3716
3716
3716
3716
1643
1643
3236
3236
3330
3330
3387
3387
1567
1253
1198
1975
805
2301
900
2301
900
2429
3163
2301
1074
1638
1475
494
1953
1267
1496
2394
2301
2301
2301
1893
1476
1641
2904
1641
1638
1612
1612
2127
2832
1642
3758
2401
1612
2138
2528
1498
2800
2800
2832
2832
3065
2832
2832
2832
2904
2832
2800
858
1638
1074
1610
1612
2083
1500
2587
609
2301
1611
1683
2904
3065
3034
3034
3034
3387
3387
3387
3236
1981
2800
1198
1342
2402
1981
1981
1683
2832
1641
1683
1567
1567
2083
494
1335
1556
1668
974
1713
1517
1206
1271
1556
1565
1654
859
2301
2395
1528
1830
1335
1206
2587
1653
1457
1567
494
1830
494
1434
2132
2895
1563
1356
2017
1850
4873
805
1567
1517
1498
2233
2446
2233
1981
1475
603
2436
1253
2021
2138
2207
2251
2445
494
1462
1444
1225
2446
1681
974
1198
1397
1786
2402
2800
1414
1198
2083
1830
1460
1981
603
2383
494
1832
494
2800
2832
3008
3008
1682
3035
3030
3035
3035
1682
1682
3035
2301
603
1434
2394
1682
2800
1981
2436
1414
974
946
2368
2057
2558
1500
494
494
1582
2800
2832
1414
2138
1565
2419
937
937
946
2339
3086
3581
2151
393
1573
1668
2832
1641
974
1271
530
1823
1823
1823
2052
1830
2587
2394
1225
2832
1641
1641
2904
3430
3430
1474
974
2190
2105
2890
1563
1551
2052
1812
1460
1682
2890
1567
2832
2800
2832
3065
3065
3144
3144
3144
3021
3021
3236
3236
3236
3236
3034
2832
2832
2800
1602
1786
1786
1499
1830
2127
2528
2688
3196
3398
2528
2528
1460
2800
2832
1772
1632
2558
1644
2832
2832
2832
2832
2832
2832
2832
2679
2904
2301
2559
2362
2362
2395
1604
1499
1632
1567
2832
2832
3065
2832
3065
2832
3065
2904
2832
2904
3065
3065
3065
3034
3065
3008
3065
3065
3065
3065
3144
3065
3144
3065
3065
2904
3065
3065
900
937
2301
900
2301
2395
1271
1758
1172
2460
1565
2832
2832
2832
900
2301
1864
2460
1954
1682
1641
2490
2490
1198
2127
1668
1750
1850
1582
2904
2904
2904
3034
1642
1642
3567
3567
3567
1641
937
494
2832
2832
2904
3065
3065
2301
974
1812
2758
2832
2832
2460
901
2429
3065
3008
3065
3144
3144
3021
3236
3008
3034
900
494
1528
2832
1582
1786
1823
1823
1823
1823
1682
2832
3065
2832
2832
2301
2558
2429
945
1682
1682
1682
1682
3035
3030
2904
3065
2904
3065
2904
2904
2904
3034
3034
3034
3034
3567
3567
3567
3387
3387
3387
3387
2832
2832
1830
2528
2989
1656
1682
3035
3030
3035
2904
3430
3034
3034
3034
3034
3034
3236
3236
3034
3034
3236
3236
3236
3236
3236
3236
1643
1643
1643
3330
3330
3330
3716
1643
3387
3387
3236
3387
3387
3387
3387
2904
3065
900
1757
2832
1623
1565
2522
2766
2904
2832
3065
3008
2333
2333
2258
2409
2409
2573
2445
3084
2333
2397
2333
2333
2397
2337
2309
2253
2333
2333
2252
2333
2309
2323
2258
2258
2409
2403
2409
2409
2403
2258
2334
2333
2253
2323
2309
2333
2309
2333
2419
494
3526
1638
2454
2904
3065
3065
3144
3144
3144
1682
3065
3008
3065
3065
2904
2258
2258
2240
2258
2258
2258
2309
1812
1823
1644
2252
2258
2258
2258
2258
2333
1198
2528
2895
3422
3654
3913
3105
2620
2620
1866
1682
1898
2409
2403
2258
2240
2258
2409
2309
2309
900
2445
2465
1668
3430
2904
3430
2429
3066
2429
2258
2409
2240
2240
2240
2258
2333
1976
2434
3065
2904
3065
3008
2258
1464
3065
2490
2490
2689
2445
2522
2490
2252
2397
2309
2333
2397
2689
2689
2522
2465
2251
2522
2661
3065
3144
2890
2960
2960
2960
2444
2811
2410
2859
2317
4876
2465
2416
2715
2240
2403
2403
2240
2444
2314
2316
2310
2444
2414
3110
3366
3403
3403
3242
3408
2268
3436
2244
3061
3061
3406
3395
3130
3061
2323
2559
2490
2344
2445
3108
906
906
3242
3242
3242
3242
3394
3242
3242
3242
2268
1826
3051
3430
3034
1642
3034
2904
3034
2416
2303
3084
3210
3064
2831
2692
3110
2253
2311
2662
2317
3061
3391
3111
3406
3403
2403
1564
1995
1873
2802
2802
2590
2623
2490
2490
2258
4874
2309
2309
2143
2354
2573
2465
1582
3398
1866
2243
1682
3035
1682
2240
2258
2258
2397
2397
2271
2366
1823
897
3065
3008
2406
1623
2405
2573
2466
2303
2303
2573
2620
3163
1442
2403
2466
2490
2621
2689
2689
2621
2621
3087
2337
2554
4878
2316
2052
4985
2513
1830
3484
4059
3034
3034
2811
2689
2573
2522
2143
3108
1758
533
3430
3034
1642
2444
2445
2445
2620
2156
2522
3063
1812
494
2895
3487
2759
2759
2759
2759
2759
2954
2444
2759
2759
2759
2759
2759
2759
2759
2415
2755
2415
2755
2761
2312
2317
3065
3034
3034
3034
3034
1682
2689
3084
2445
2621
2403
2258
1823
1823
3051
3034
3034
3144
1682
3035
2429
1995
2251
2755
2755
3715
3840
3585
3034
3144
3034
1682
3008
3035
3035
3084
3061
2602
2213
1786
1823
2528
2759
2759
2759
2444
2759
2248
3065
3034
3034
2303
1644
3084
2204
2241
2303
2689
3281
3278
3347
3347
3347
3201
3242
3242
3034
3034
3084
3087
2948
2990
3084
3084
3088
3146
3146
3146
3144
3035
2429
529
1957
3021
3144
3034
3034
3034
2620
2828
3163
3033
1823
1786
2689
3084
2690
3281
3146
3008
3008
3144
3035
529
2462
1333
3422
3034
3567
3567
3716
2251
1823
2688
2501
3034
3034
2479
897
3084
3034
3034
3144
3021
3144
3034
3021
3021
3021
3411
3582
3021
3021
1379
3013
1823
3015
2303
3035
3021
3197
3030
3030
3030
3009
3060
3202
2287
3130
3196
2755
2954
2831
3034
3144
2620
1379
3061
2356
3013
2528
1463
1463
2462
2759
2759
3034
3034
3567
3567
3387
3567
3716
3567
3716
3567
3567
3567
3030
3009
1654
3033
2502
3034
1642
3716
3236
3567
3387
3387
3387
3387
3387
3387
3387
3387
3034
3034
2943
2943
3130
3395
3406
3111
3061
3061
2276
3061
3130
3026
3033
3013
3013
3013
2688
2750
3669
3021
3105
3146
3913
3913
3913
3913
3240
3013
1823
2759
3138
3113
2317
3654
3105
3146
2943
3033
3013
3196
2810
1464
2831
2415
2759
3034
3567
3084
2690
3108
3034
3567
3142
3197
3197
3236
3021
3103
2943
2591
2943
2590
2590
4874
3059
3013
2261
3034
3034
3350
3034
3387
2690
3087
3146
1378
2802
3059
3013
3013
2811
2889
2303
2990
3281
3281
3387
3105
2319
2943
2943
2943
3061
3196
3522
3084
3278
3240
3333
2811
3204
3281
3087
1741
3514
2939
2759
2759
2759
2759
3236
3387
3236
3236
3163
2801
3108
3033
3033
3033
2810
2761
2848
2759
3144
3144
2801
1646
3452
3291
2943
2943
1646
3291
2943
1646
1646
2802
3913
3913
2557
2895
3557
3565
3386
3015
3567
3236
3236
3163
3033
3196
3736
1286
3847
1286
3804
1286
2905
3847
2414
3236
3236
3236
3196
2759
2759
2759
3146
3146
3913
3026
3033
3033
2754
2748
2906
2385
3567
3567
3567
3281
2801
3452
3452
3452
1646
1647
3149
1646
1646
2801
3452
3388
3178
4136
3086
3086
2483
3196
2748
2759
3084
3236
3197
3021
3146
3146
3146
3913
906
3913
3114
3669
3716
3716
3716
3236
3387
3236
3387
3236
3236
3387
3387
3387
3387
3146
906
906
906
3108
3847
3776
2163
3567
3567
3236
2801
2759
3236
3236
3236
3387
3330
3330
3330
3330
3330
3747
3747
3768
3841
3690
3853
3664
2881
3236
3567
3716
3340
3133
2759
3016
3840
3236
3236
3387
3716
3330
3330
3747
3717
3330
3717
3330
3716
3330
3330
3330
3387
3387
1643
1643
1643
3236
3236
3913
3146
393
3485
3067
3236
3236
3236
3236
3387
3387
3422
4137
4112
4318
4333
4333
3236
3146
3033
3204
3527
399
3061
2895
3524
3045
3101
2873
2873
3455
3896
4130
2873
2654
2682
2537
4900
3045
2754
2749
3740
4020
4138
2905
3736
4112
2759
2759
2811
2759
3567
3387
1643
3330
3330
3330
3330
3330
3567
2961
2754
2939
3774
499
3841
3541
1643
1643
1643
1643
1643
3387
2829
2905
2811
3422
3387
3281
2725
1823
1130
1823
2652
2834
1646
1646
1647
1647
2725
2873
1648
1130
2121
1130
4957
2654
2640
2640
2916
3050
3574
3277
3523
393
3100
3398
2751
2811
3281
3236
3387
3716
3716
3452
3085
3057
2725
4973
3108
2873
3135
2759
3387
3387
3236
3330
3387
3387
3330
3387
3387
3716
3716
3716
3716
2853
2853
2853
3284
1643
3284
3236
3236
1647
1646
3057
2820
3914
2871
3845
4167
2903
3040
2718
1130
2120
3108
906
4973
3130
392
2750
2749
1285
2694
3236
3236
1646
3291
3363
2834
4973
3026
2748
2884
3281
3387
3387
3387
3496
3146
3913
1647
3291
3280
3280
2752
3716
3716
3452
3492
3452
2834
3130
3395
3395
3413
3736
3585
3387
3387
3387
3387
3387
3758
3840
3982
3492
3492
3913
3913
3130
3395
3108
3202
3302
3202
3101
2691
3585
3146
1648
3086
3202
2750
3387
3236
3716
3913
3452
3492
3749
3572
3363
3354
4175
4196
3523
2319
3045
3385
3387
1643
3146
3146
2696
3108
2750
2262
3582
3582
3911
3911
3911
3582
3913
3582
3527
1643
1643
3330
3716
3716
3406
3452
2319
3395
3033
3185
2295
3387
3236
2287
2884
3236
3278
3654
3913
3363
3515
3784
4961
4973
3903
3716
3492
3284
2319
2556
3202
3202
2849
3366
2849
3716
3330
1643
3330
3387
3347
3347
3452
3452
3452
3452
2556
3582
1643
3492
3086
3395
3302
2966
3049
2727
2873
3536
3576
3716
3716
3716
3852
4111
3586
2432
3031
906
3130
3329
3436
3716
3716
3716
2319
3913
3913
3913
3913
3913
3913
3913
3006
3486
2871
3845
3304
3776
2885
3716
3452
3913
3913
1131
3406
3581
3880
2749
3706
3718
3751
499
3239
1643
3240
3913
3913
3913
906
3913
3913
2873
3716
3492
3347
2916
3404
3716
3716
3716
2853
3936
3716
3284
1643
1643
1643
1643
1643
1643
1643
1643
1643
3284
3284
3284
1643
2482
3071
3389
3086
3913
2381
2266
3242
3403
3403
3398
3357
3363
3541
3541
3760
500
3841
3541
3541
1643
3913
3903
3427
3804
3387
3330
3031
3913
2966
3781
2871
2944
3545
3045
393
3936
3716
2853
3716
3330
3492
1154
3201
3403
3392
3029
4112
4240
4919
4173
1643
3716
2263
3330
3716
3582
3911
3911
3911
3347
3913
3071
2967
3539
2876
3201
3403
3199
3725
3725
3875
3266
3918
4075
4152
4041
4041
2916
3585
3330
3716
3330
3330
3330
3330
3330
3716
3492
3347
3347
3242
3242
3347
3347
3347
3347
3347
3199
3913
3913
3913
3395
3031
3725
4055
4157
3787
3739
3739
3782
3045
3386
3330
1643
3330
3717
3747
3747
3330
3664
3748
499
3760
3354
3242
3242
3347
3403
3427
3936
1643
1643
3913
3913
3913
3913
3242
3242
3100
3716
3330
1643
3717
3330
1643
1643
3717
3913
3913
3242
2967
2287
393
3581
3880
3889
3845
3781
3122
4091
4124
4047
2973
3191
3781
3330
3982
2854
3330
3242
3242
3242
3408
3403
393
2992
3269
399
3242
3242
3242
2268
3242
3242
3913
3913
3403
3913
2966
3100
3716
3747
3330
3330
3330
3330
3330
3716
3747
3747
3747
2881
2881
2881
3840
3840
2268
3936
2268
3911
3913
3408
3913
3330
3330
3717
3436
3433
3242
3242
3242
3611
3694
3073
3042
4035
4087
3859
3233
3266
3378
3781
3781
3753
2751
3133
3541
3589
3436
2263
2268
3242
3242
3242
3611
3045
3135
1643
3403
3408
3433
3242
3403
3242
3242
3913
3913
3669
3492
3760
3747
2263
3911
3913
3913
3408
3581
3725
3574
3611
3880
3398
3362
3536
3330
3717
1151
2268
3408
2268
3581
2970
2881
2268
3741
3922
3134
3527
3747
3716
3747
3747
3408
3762
3776
2853
3747
3716
3574
3538
3006
3527
3747
3747
3717
3582
3911
2974
3560
3747
3911
3913
3911
3911
3911
3911
3546
4035
4124
4157
3918
4147
3780
4118
3546
3725
3875
3229
3544
2974
3686
3775
2777
1144
3903
3749
3747
3747
2891
2881
3747
3840
3747
3936
3277
3073
3523
3919
3875
3875
4119
2974
3781
2974
3717
2881
3936
3911
3911
3913
3911
3389
4035
2884
3717
3911
4173
3229
3229
4119
4119
3427
3150
3748
3748
3582
3911
3880
2966
3269
3582
3911
3913
3911
3919
4055
3894
4273
3700
3749
3717
2853
3982
4041
3191
3261
3386
3717
3541
3747
3747
3694
3741
3229
2741
3747
3911
3919
3669
3104
3748
3982
4042
3527
3664
3747
2977
3378
3753
4112
3579
3717
3840
3875
3740
3753
499
3939
2841
3748
2974
2974
3717
3717
2854
3880
3581
3518
3804
4112
4273
4333
3717
3747
3853
3585
3518
3986
3780
3811
4170
4172
3815
819
819
819
626
819
819
819
819
819
819
3986
3709
3897
3584
3815
4170
4170
4170
4287
4067
4067
3811
3811
3816
3816
3811
3817
4170
3978
4287
4287
4149
4149
4068
4068
4044
3834
3780
3811
3811
3811
3811
3811
3815
3809
3809
3958
3809
3814
3809
3809
4287
3814
4170
3978
3760
2884
3527
3701
3073
2854
3229
3661
3705
3262
3950
3986
3894
4066
3894
3894
4020
3740
4170
4134
3780
3780
3748
3581
3739
3191
2973
4170
4287
3949
3135
2783
4120
3861
3570
3811
4170
4066
3577
3388
3748
3165
3811
4170
4909
3450
3490
3527
2977
2977
3590
3804
4066
3894
4158
4044
3978
4149
4149
3276
3736
3868
4111
3811
4198
3780
3950
3780
2970
2969
2784
4042
4067
3811
3811
3753
498
3986
3835
3686
4273
3277
3541
3811
3811
3950
3859
4020
2882
3586
2882
4041
3740
4020
4158
4068
3573
3948
3755
2899
3914
3982
2752
3586
3894
3894
4068
4149
2821
3586
3815
3811
4042
399
4158
399
1286
3861
3016
3949
4287
3354
3701
3586
3739
3016
2969
3042
4078
3042
3856
3136
3870
4287
4287
4170
4287
3978
3809
3809
3814
3809
3809
4255
3816
3815
4172
4250
3809
3958
3958
3958
3816
3816
3816
3816
3817
3815
4170
4250
4131
4067
4100
4147
4250
4067
3809
3760
3760
3690
4112
4112
4138
3016
4168
3739
2871
4099
4316
3261
4044
2977
4112
4112
4138
4170
3815
3122
3751
4273
3137
4149
4068
4106
4182
4173
3947
3762
3586
3811
3950
4059
4149
4137
3889
3768
3939
4112
4273
4245
4239
4239
4182
3889
4182
4230
3811
3782
3950
3774
4080
4287
4240
3811
4059
3880
3889
4390
4044
4147
2784
4173
3947
2977
4112
3856
4149
3841
4237
3592
3121
4099
3700
3798
4124
4287
4287
4078
3783
4004
3815
3841
3816
3816
4170
3811
4273
4269
4289
4260
4309
4241
4425
4414
4471
4333
4138
4158
4120
626
626
819
626
819
3816
3816
3816
3816
819
3960
3816
3816
4255
3958
3958
3960
915
819
819
3816
621
3816
3816
3816
3816
3816
621
819
819
819
621
819
819
621
819
621
786
819
3960
3958
3960
915
792
3959
3809
3809
3809
3809
3809
3939
3815
4080
4158
4250
3817
819
819
819
819
819
621
819
819
3816
3817
819
3811
4195
4182
2975
3842
3817
3817
819
3816
819
819
819
819
819
4141
3767
3811
4168
4273
4044
4287
4287
3817
617
626
819
819
819
626
690
819
3817
626
819
3041
2977
499
3856
3803
4147
3817
4082
2783
4273
3984
626
819
4173
4170
4067
4160
819
3889
3842
4316
4173
3889
4035
4273
3809
4287
3809
3809
4129
4087
4160
3739
4042
4175
4080
4153
3918
3889
3889
2784
2784
3192
3816
4172
4168
4077
3042
4289
4077
4273
4152
3817
819
819
690
3569
4182
4182
4182
3042
2968
4170
3262
3538
626
4114
4077
4142
4080
4118
4160
3039
4136
2824
3042
4078
2969
4147
3263
2824
2897
4250
4250
3809
3749
3900
3900
1287
4322
4054
2823
3575
3756
4333
3779
4067
4147
4147
4147
3809
819
3929
3796
4091
4125
4147
819
3232
4168
3799
4250
819
626
819
819
3816
4098
3575
4250
3809
4172
4255
3809
4182
4125
4087
3796
4182
3940
4341
4922
4226
4230
4241
4341
4422
4482
4281
4617
4586
4582
3900
4091
4250
4333
3809
819
819
4230
4230
4124
3796
3809
819
819
3799
819
3816
3816
3816
3958
4241
819
819
819
4172
819
3809
3816
3816
3816
3946
4303
4318
4226
4230
4309
4268
4186
4324
4313
4315
4315
3889
4319
4319
4260
3940
4344
4309
3809
4344
819
4314
3946
819
819
4331
4331
3809
819
819
621
819
819
819
4314
819
819
3946
4303
4418
3958
3958
3816
915
4309
4178
4333
4471
4396
4266
4418
4267
4241
4234
4335
4303
4314
4260
3958
4266
4267
915
721
792
915
3960
792
792
792
721
792
915
3960
3960
3959
3958
3958
4319
4303
792
915
4241
4241
4234
4331
4331
4471
4390
4338
4471
4331
4418
4426
4319
4378
4315
4336
4268
3945
4268
3945
4323
4313
4423
4396
4425
4234
4324
4234
4233
4234
4337
4288
4324
4276
4350
4541
3942
4577
4650
4498
4442
4358
4358
4660
4934
4610
4569
4606
4601
4460
4560
4460
4460
4460
4584
4460
4461
4452
4186
4430
4324
4279
4276
4615
4426
4565
4341
4234
4596
4471
4323
4430
4234
4234
4234
4234
4324
4324
4324
4184
4288
4234
4270
4234
4234
4234
4186
4184
4324
4323
4426
1289
1289
4335
4406
4565
4430
4323
4324
4277
4324
4308
4337
4184
4275
4276
4541
4935
4465
4659
4610
4934
4575
4606
4452
4452
4933
4606
4461
4610
4934
4610
4575
4446
4584
4355
4650
4193
4493
4233
4934
4610
4233
4397
4288
4184
4185
4324
4425
4388
4332
4397
4350
4184
4312
4481
4232
4232
4270
4551
4460
4601
4547
4547
4560
4363
4363
4363
4460
4452
4452
4584
4363
4574
4642
4612
4452
4401
4180
4452
4452
4574
4452
4452
4452
4452
4446
4501
4600
4560
4574
4574
4404
4441
4627
4187
4452
4560
4574
4601
4600
1294
4627
4180
4527
4560
4288
4452
4547
4460
4460
4351
4452
4452
4642
4460
4446
4446
4584
4363
4452
4560
4564
4276
4340
4460
4363
4479
4288
4404
4560
4541
4460
4443
4409
4490
4501
4332
4606
4484
4642
4584
4443
4489
4584
4435
4490
4601
4654
4441
4407
4560
4560
4515
4935
4637
4683
4644
4587
1291
4650
4356
4469
4666
4584
4584
4745
4610
4610
4650
4650
4637
1296
4584
4494
4650
4392
4535
4363
4670
4670
4650
4935
4363
4584
4651
4361
4584
4584
4446
4934
4610
4498
4549
4547
4584
4606
4587
4683
4357
4606
4611
4358
4363
4584
4584
4745
4752
4547
4715
4190
4370
4606
4569
4569
4556
4610
4934
4575
4459
4706
4706
4364
4721
4721
4354
4363
4745
4745
4494
4362
4587
4728
4936
4641
4598
4562
4522
4670
4648
4364
4706
4706
4517
4556
4777
4934
4934
4535
4752
4670
4706
4556
4575
4641
4752
4652
4354
4349
4934
4655
4655
4361
4449
4557
4934
4934
4464
4706
4706
4689
4362
4361
4193
4577
4721
4281
4363
4631
4689
4584
4670
4739
4364
4556
4752
4655
4933
4582
4556
4587
4587
4464
4721
4721
4721
4706
4595
4689
4610
4490
4683
4450
4934
4610
4641
4641
4587
4587
4660
4683
4706
4751
4706
4587
4459
4556
4659
4610
4670
4364
4610
4648
4706
4532
4459
4610
4706
4706
4706
313
209
342
251
656
60
60
251
60
558
755
251
251
342
63
243
57
243
168
4804
4016
4016
4027
4027
651
594
4027
4027
4027
4016
4027
633
651
4027
4005
868
4027
594
4027
4825
4057
868
823
651
4804
651
779
594
4804
4023
4027
4825
4016
651
651
4016
4027
593
4804
4804
651
868
651
4016
1483
4027
651
4027
868
4025
985
924
220
772
4855
221
924
221
739
739
1262
2362
2319
2317
3058
3406
3061
2317
2317
1646
3492
3492
3363
1823
1823
1823
3363
1823
1823
1647
1823
1823
2873
3033
3284
3913
3347
819
4287
3959
3809
3816
819
819
819
819
4170
3811
3809
4170
4172
3809
4170
3816
3958
3958
3958
4170
819
819
626
626
3814
4255
3816
819
819
819
621
4260
4289
4226
4260
4245
4239
4256
819
4460
4276
4600
4549
4560
4452
4935
4452
4935
4460
4560
4460
4460
4460
4739
4287
779
4825
779
4825
779
595
4825
823
1741
1823
1647
1647
3057
1690
2958
1823
2082
2082
2121
2802
1823
2120
2082
1741
1741
1741
2082
552
672
3387
3034
3034
3034
3034
3034
3034
2832
3034
3065
3330
3387
3065
3065
3034
3034
3034
3236
1643
3236
3330
1643
3330
3330
3330
3330
