47
280
418
418
443
182
436
447
183
490
12
500
512
210
282
45
277
84
302
86
209
209
305
48
49
5
4
246
246
274
167
49
215
49
305
305
282
47
403
442
436
436
436
437
46
250
47
212
209
209
146
146
175
175
18
160
319
84
146
284
279
306
4800
315
282
212
4
277
316
47
47
47
47
403
315
2
166
257
15
146
146
146
52
122
141
215
212
146
331
146
122
159
73
78
42
147
251
122
122
214
122
43
146
2
168
46
403
250
266
323
323
414
236
502
449
235
414
414
414
371
371
266
305
209
331
331
47
182
305
166
331
403
47
122
4
368
4
369
73
17
297
402
246
367
18
160
73
247
312
316
47
47
305
245
4
73
246
47
331
403
180
180
442
488
182
183
488
183
12
12
184
439
493
512
186
749
715
583
583
13
561
486
124
500
500
443
250
490
439
493
122
3
3
315
368
212
331
403
335
166
304
304
403
209
176
122
280
304
3
250
176
180
250
447
447
183
147
147
331
280
250
430
388
127
250
42
3
315
335
43
43
332
418
261
395
124
124
43
138
37
147
210
47
403
78
42
166
250
436
138
266
442
304
180
430
176
42
16
42
4800
385
47
443
443
332
442
182
182
6
403
182
406
371
443
73
159
367
246
367
5
383
367
256
386
45
5
285
180
436
436
430
138
447
133
169
436
436
182
199
44
176
169
418
371
47
443
133
176
169
328
442
442
169
442
436
436
388
160
180
131
185
128
4852
4852
643
791
1468
2190
3001
3019
4039
4086
4038
4110
3892
4339
4329
4261
4294
4319
4259
169
47
443
418
297
484
407
486
13
132
186
4852
584
128
128
491
502
127
443
47
443
443
182
487
86
84
302
281
442
388
287
18
160
125
69
442
323
442
487
488
488
490
256
138
302
396
138
84
81
182
317
487
18
402
367
84
81
388
256
397
414
408
438
438
431
510
502
440
182
183
442
397
397
439
439
490
484
446
440
182
199
126
199
183
447
14
488
488
13
196
191
191
683
791
1388
1640
1819
2691
3021
3477
3277
2583
3471
2929
2929
2929
2929
2986
2986
2986
2986
2986
2986
2986
2986
3036
3036
3140
2774
2774
1574
2909
1574
1573
2614
2614
2398
2398
2135
1884
2412
2031
1932
1832
1788
1788
1621
1635
1687
1561
1671
1613
477
2516
2408
2178
2553
2812
131
131
397
414
201
488
488
488
490
490
446
201
183
490
126
501
501
184
236
127
414
12
201
512
495
191
414
683
440
512
340
12
12
439
488
439
439
127
128
562
439
201
493
375
487
408
500
493
518
439
408
438
491
128
128
791
4852
646
512
591
591
591
591
591
591
550
550
550
550
591
591
591
550
550
550
550
591
550
550
550
550
592
576
576
529
4830
782
883
883
796
795
543
883
1151
1357
550
550
591
591
591
591
591
591
591
560
560
634
591
591
591
560
560
439
439
439
439
184
506
591
550
550
550
591
591
591
591
591
591
560
591
591
591
550
591
550
550
591
550
550
592
579
579
500
439
583
491
643
711
129
591
591
591
591
591
591
591
591
591
591
488
408
591
485
591
591
591
591
591
591
591
591
550
591
500
583
128
643
379
591
560
591
591
591
591
591
560
560
591
591
550
591
488
439
550
591
550
550
550
591
592
592
591
591
591
591
591
560
633
633
634
634
634
634
500
550
500
591
408
408
408
439
438
550
495
186
749
749
4852
4852
191
496
186
591
502
128
643
379
584
13
550
642
128
591
127
445
591
445
591
560
560
560
634
560
560
634
634
634
438
449
186
684
499
378
404
560
550
591
128
127
749
591
560
560
408
560
634
634
560
196
186
186
634
560
560
591
633
560
720
740
945
828
765
592
502
640
727
727
760
760
595
507
634
634
633
633
633
684
495
560
438
592
408
560
561
562
130
592
592
592
560
589
642
379
592
560
560
636
560
591
550
752
689
634
196
752
592
560
617
684
649
378
701
1219
712
730
727
617
727
433
711
711
595
595
752
129
720
595
760
727
714
592
592
634
633
633
560
560
592
592
592
685
579
579
560
560
729
727
573
683
643
190
379
791
579
584
573
579
796
643
378
1105
1219
1271
713
1271
1271
1527
1588
980
980
1657
1527
1527
1271
1527
1960
2023
2209
1982
4862
2106
2106
2106
2260
2187
2081
2081
2260
634
634
685
765
731
592
576
621
634
767
431
880
880
883
543
881
765
881
900
828
881
910
1018
1021
1052
1153
857
1184
1654
2473
2473
910
910
910
910
894
785
795
543
785
721
880
1260
880
880
880
880
877
543
1357
883
543
883
881
1012
767
752
910
880
880
883
579
621
621
499
900
900
959
959
900
847
922
1038
857
1302
1302
1685
1099
1182
1059
1038
883
579
621
575
438
760
910
889
850
1040
965
850
909
583
591
550
550
550
543
883
881
576
636
636
636
636
560
560
560
591
591
550
684
847
840
711
129
730
946
730
784
747
543
541
881
379
521
636
560
900
889
910
689
883
129
649
595
591
899
910
1344
543
983
543
883
837
774
774
579
620
883
603
982
837
726
576
576
591
560
591
591
636
591
889
591
591
521
4844
522
1052
1038
883
636
918
1039
922
1047
909
910
591
983
782
560
910
1160
1056
1100
1100
1218
1164
1164
1735
1870
1721
2062
1848
1848
1630
2280
2280
2280
2495
2399
1574
2759
2759
2774
2774
3140
3051
3051
3367
3367
3366
3246
3367
2835
1945
1945
1945
2704
2835
2704
3246
2704
1576
1944
1942
1848
1848
1851
1258
1160
1218
1357
882
1021
881
923
1218
699
636
636
521
1235
1176
1261
1126
740
1054
616
551
619
602
922
1052
543
1191
1357
1354
1013
1191
1059
1154
847
1173
186
1183
1272
1511
922
1183
1191
1015
1362
542
923
924
684
714
1218
1500
1687
1618
1636
1333
1422
191
1058
1284
1687
1038
883
1052
785
621
959
1183
1235
883
1342
521
689
1050
599
530
922
782
621
532
959
910
1059
1183
591
1110
834
1058
940
1140
1038
1038
1500
923
1501
186
727
742
521
727
785
1258
760
4844
1161
837
906
684
727
684
749
1235
1038
591
1272
1638
2216
3732
1246
4369
4311
4537
4206
4718
4380
4718
732
578
1191
1197
1144
732
529
1059
1056
130
909
909
727
1333
1036
1148
190
190
791
189
1409
792
1287
1012
641
1516
1060
1371
883
1262
1618
1629
1338
1100
1038
1235
844
567
4844
1047
1164
1483
1143
727
1824
780
985
1235
1420
577
619
1047
1212
1328
919
959
1787
1516
1700
1635
1885
2261
2261
2261
1991
2061
2061
2061
1848
1529
1197
985
594
550
593
594
550
551
619
1221
960
532
1228
4970
530
4830
1012
619
924
1176
646
646
1435
1530
1539
1638
1428
1863
551
527
1024
1416
1022
1307
986
646
189
651
1371
1464
1278
586
771
1271
730
646
1638
1428
1428
1399
2436
2752
1333
1426
1012
1291
1529
1052
1388
1371
1412
1435
794
594
602
602
602
575
1388
792
1022
1719
1532
473
1371
1435
1640
1640
1863
2436
1420
1787
1260
1388
1415
844
1052
1435
1011
1481
1154
959
919
1156
1154
898
910
342
988
844
1566
1410
1436
889
1388
1602
730
378
378
378
889
737
1368
1194
882
959
649
378
1532
645
473
1436
1436
1495
1787
938
585
343
4853
800
727
1621
1621
1610
1610
1622
1410
981
587
977
474
1145
1625
434
1637
910
378
378
1275
1532
1632
1022
959
889
727
730
1622
1368
1620
1534
1534
1639
1638
1412
1607
1640
1428
1435
1577
1435
1052
965
1040
1435
1436
786
1604
1274
1422
910
711
1533
1428
1595
1164
1409
1566
1566
1816
2352
3676
3483
2847
2897
2897
2775
2775
2775
2775
2775
2986
3215
3215
3140
2774
3036
3215
3036
3036
1410
786
1345
1687
4850
946
1271
946
1271
1527
1833
727
1260
1659
1534
1638
1647
786
1577
1422
730
946
946
1621
1412
1832
1932
1682
1372
1668
1668
1537
1832
2409
3035
1818
1610
588
1863
1623
1788
1788
1885
2261
2261
2261
2261
2261
1932
1885
1788
4851
1372
878
1534
1668
1639
1260
1882
889
730
1659
1682
1932
2031
2227
1572
2398
2614
2909
2614
2774
1536
1788
1184
938
1788
1701
1536
1832
1885
1832
1832
1566
1566
1640
1638
1481
1172
794
959
1577
844
882
1116
1172
1597
1675
711
714
711
1539
1640
882
882
1991
1286
1396
1566
1638
1640
1640
1684
1839
2178
1495
1098
926
792
1002
378
1530
844
1623
1788
1788
1788
1373
1534
909
587
1436
1669
588
1983
1960
1271
1638
1538
925
1310
1788
1620
889
1238
1229
1308
1882
1788
840
1323
1537
1428
1468
1534
909
1711
1540
1988
1540
1882
2261
2261
2261
2280
2061
1630
2061
2061
2261
2061
2061
946
910
1746
1495
2261
1788
1373
981
850
850
1238
1105
1793
476
878
1638
1371
925
1885
1885
911
800
1309
1271
1040
1040
857
1972
2795
2325
1507
2617
1511
1468
1885
1682
1040
1578
1652
2235
4991
2473
1654
1428
1618
1735
1266
1885
1790
1790
1932
1949
2031
1536
1040
1670
1672
1617
1062
1578
1755
1653
1371
2261
1933
1371
1885
1885
1885
2261
2261
2467
2135
2398
2399
2399
1574
1574
2399
2395
2227
1885
1885
1885
1204
2268
1673
1838
1670
1749
1896
1822
1819
2458
1863
1863
1464
1885
1885
1412
344
1919
1337
1885
1932
1885
1932
1932
1932
1885
1607
1790
946
713
713
713
1219
1147
1838
794
1577
2261
2261
2261
2261
2261
2261
2261
2261
2261
1932
2261
2261
2331
2227
2261
2261
2261
2261
2031
2331
2331
2331
2280
2261
2261
1932
2261
2261
712
1195
946
713
713
712
1578
1654
1685
1428
1099
2261
2261
2261
1219
946
857
1428
1896
1991
1682
1271
1271
1319
1749
1468
1468
794
1057
1932
1932
1932
2409
1608
2773
2847
2410
2847
1790
1040
1464
2261
2261
1932
1932
2261
946
1040
1654
1793
1789
2261
1428
701
977
2261
2261
2280
2394
2467
2624
2398
2261
2227
713
1464
1539
2261
1345
2447
4880
4991
4991
2447
2261
2261
2261
2261
1932
946
1953
1219
1302
2261
2261
2261
2061
1630
1630
1932
2261
1932
2331
1932
1932
2031
2409
2409
2773
1572
2847
2847
2614
2909
2973
2973
3036
2261
2261
1428
1896
2574
1287
2061
2061
1630
2061
1932
2409
2409
2227
2227
2412
2773
1574
1574
2398
2398
2614
2398
1574
2774
3140
3140
3215
3215
3215
3215
2986
2986
2986
3215
3036
3036
1574
2774
2774
2774
2774
1790
2261
713
1578
1535
1292
1231
771
2378
1790
2261
2261
2261
2081
2081
2219
2228
2228
1527
1271
1527
2081
2081
2081
2081
2081
2081
2262
2262
2081
2081
2081
2081
2081
2081
2262
2219
2228
2298
2228
2228
1960
2228
2053
2081
2262
2262
2262
2081
2262
2081
1219
1540
2304
1372
1105
1932
2261
2261
2280
2280
2280
2261
2261
2261
2261
2031
1932
2219
2262
2219
2219
2219
2262
2262
2235
2473
1844
2081
2219
2219
2219
2228
2081
1345
1896
2408
1645
2203
2207
810
1598
1527
1463
2261
1633
1960
1527
2219
2228
2228
2228
2262
2262
1271
1271
1343
1468
2409
1932
2409
771
1527
771
2219
2228
2083
2228
2219
2262
2081
738
1988
2331
1932
2331
2261
2262
2178
2261
771
1271
1271
1271
1527
1271
2081
2081
2081
2081
2081
1271
1527
1527
979
1960
771
1877
2331
2331
1933
1847
1848
1848
770
727
2083
2147
2147
2259
1219
1271
2083
2083
2298
2298
2083
711
2081
2259
2262
711
2083
2146
2146
2069
2089
2239
2089
2248
2069
2081
2306
2259
2560
2449
2072
2259
2081
1271
1271
2081
1271
1972
1982
2078
2531
2239
2239
2239
2089
2392
2238
2238
2305
1669
477
2409
2409
2409
2412
2031
2227
1271
1657
1657
2276
2298
730
2305
2146
2262
2262
2147
2071
2071
2071
2146
2379
2379
2298
1337
1786
1727
1727
1727
1723
2228
1527
1271
2219
2259
2081
2053
2053
2053
1527
1527
1578
2799
1463
2081
2261
2061
2261
2228
2219
2053
2081
2081
2081
586
2235
1468
2261
2261
1271
1493
1271
771
771
1271
1527
1527
1527
1599
1064
1960
1527
1527
1527
1527
1657
980
980
1833
2081
2187
2081
2081
1950
2473
1654
1428
1766
3160
2412
2409
727
772
1527
1527
2053
1983
1654
1839
1932
2409
1608
981
1271
1527
1527
2053
1527
2170
2235
1540
2408
1536
727
727
727
730
730
1657
711
727
727
727
727
727
727
760
760
713
1159
946
713
2147
2147
2261
2409
1884
2398
2398
2061
1527
980
1527
1527
1960
2219
2235
1780
477
2412
2412
2135
2261
2280
771
1785
2053
1219
946
1535
1535
1819
2409
2135
1884
2261
2280
2061
2061
1527
2259
2187
1983
2178
2291
1896
730
727
727
712
727
2083
2331
2227
1572
772
1844
1657
346
2083
772
1657
2137
2137
2277
2256
2509
3259
2238
2239
2227
2412
980
1599
2260
713
1657
980
2270
2076
2355
2493
2331
2061
771
1795
476
2467
2135
1572
2227
1884
1527
1851
1658
2187
2235
2447
1657
980
980
2137
2322
2280
2261
2135
2061
1493
946
1714
1697
2412
2897
2847
2775
2053
2473
1822
586
1884
2398
1588
738
1657
2031
1884
2394
2399
2467
2398
2467
2585
2467
1583
2207
2394
2061
1870
2106
4991
2408
772
2280
2495
1942
1943
1630
1848
1848
2259
2481
2152
2072
1399
713
1657
1159
2467
2394
1598
1493
2259
1983
2106
1863
2770
2707
730
727
727
2773
2773
2847
2847
2973
2897
2775
2897
2897
2847
2897
2897
469
1848
1065
2320
2269
1885
2410
3035
1573
2847
2909
2973
2973
3036
3036
3036
3036
3036
2412
2412
2062
2062
2148
2071
2071
2146
2071
2072
2072
2259
2072
2084
4862
2073
2073
2073
1822
2691
2871
2585
1835
810
2512
2512
2512
2323
2196
2073
2447
727
2146
2147
2071
2263
1583
2264
1806
2084
2259
1819
1399
2178
713
1003
714
2773
2847
980
980
1999
2773
2847
1507
2464
1934
2396
2822
1575
2062
2341
2062
2042
2042
2259
2259
2106
2147
2614
2614
1835
2412
2614
980
1833
2076
1802
1994
2259
2073
2073
727
713
1657
772
2270
2270
2909
1859
2071
1901
1901
2062
2306
1399
2621
1657
2137
2257
2298
713
2146
980
980
1065
2799
2515
760
760
130
760
2614
2614
1574
1573
1599
1809
2048
4868
2385
4868
1399
713
2146
727
2135
2135
1809
1809
1945
467
1901
1902
2330
467
1901
2330
467
2183
2911
2323
2073
2178
2390
2559
2516
2269
2410
1573
2909
1835
4868
1399
2571
2569
3188
2569
3477
1244
1817
2566
2083
1574
1573
1573
1819
727
760
727
2076
2355
2512
2562
2465
2106
2436
459
2305
2216
2897
2847
2897
2270
2561
1945
1945
1945
1809
1902
2330
2330
467
1945
2772
3706
4181
3323
2122
2303
2138
2459
2459
730
1657
1574
1934
2815
2137
2137
2355
2324
2078
2918
2072
1937
2897
3035
2775
1574
2774
2774
2909
1574
3140
2774
2774
2973
3036
1890
2022
2315
2022
1982
1243
2571
2352
2897
2897
2774
2522
714
1574
3140
2774
3036
2986
3215
2986
3425
2986
3621
463
3817
3789
3510
3679
3679
3424
1574
2897
2973
2120
2620
714
1817
3483
2774
1574
3036
2986
2986
2986
2929
3677
3383
3425
2986
2986
3215
3215
3215
3036
3036
3215
3215
3051
2774
3140
2483
810
2122
2480
1657
2774
2395
2774
1574
2909
3036
2030
4946
3732
3897
1246
4199
1573
2137
4868
2146
4945
4015
2072
2178
2553
2553
2690
2669
2812
2894
2676
3469
2812
2160
2371
1070
2670
2553
2436
2800
3447
2568
2568
1819
3324
3480
727
760
946
730
2897
3036
3215
3215
3215
3215
2986
2986
2897
2615
2436
2515
2708
3318
3452
3466
3457
3366
3457
3457
3215
3036
1938
1819
730
1280
3036
2137
2472
4991
1071
1071
2473
1828
467
2330
1808
1808
2473
2812
2343
2371
1074
2371
4978
2160
2335
2344
2404
3058
2999
3124
2782
2932
2458
2458
2437
730
2137
2774
3036
2897
2775
1945
1902
2343
2472
4991
1982
2812
2390
730
3036
3036
2774
3215
3036
3036
2986
3036
3036
3036
2897
2775
2775
3035
3175
3175
1575
3140
3367
2774
2774
2364
1901
2358
2716
3686
3654
3173
4080
1081
3713
1067
2371
1074
1982
1982
4991
4861
2667
2459
2800
3112
2146
2774
2774
2330
467
2835
1927
4991
2880
459
3021
2137
3036
2973
2973
2205
2323
2512
1902
467
2276
2276
2871
2973
2973
2835
2835
2772
1070
2072
2071
2449
1400
2832
2459
3036
3036
3036
3036
3036
3035
3471
3708
1576
2704
2207
2512
2072
2072
2188
2450
2899
2450
2690
2276
460
2196
2343
3093
4861
2459
2774
3140
3035
2207
1945
3206
3860
3672
3119
3860
2679
3654
3209
2071
2553
2707
2774
3215
2355
2323
2335
2423
2459
2146
2974
2578
2440
2440
2440
2650
2512
2512
3003
3215
3215
2986
2986
2986
2449
1945
2071
2071
2496
2298
2298
3036
3036
2939
2293
3140
2137
2319
2512
2772
3433
4061
2406
4980
2480
3035
3246
1575
2071
2880
2899
2450
2146
2146
2298
3035
3215
3457
3215
3036
2972
2256
1945
1945
2772
1945
2880
2440
3215
3246
2310
2449
2880
2781
2734
4978
2812
3447
2883
3035
2775
2775
3675
3676
3478
2344
3018
1982
2450
2305
2146
3035
2775
2775
2071
2512
2918
2325
2579
2578
2512
2512
2778
2916
3322
3255
3402
2571
713
2775
1944
2512
2512
2533
2071
1767
4192
2800
1820
2870
3240
3240
2277
3215
2137
2512
2650
2512
2128
2303
2608
2669
2929
2704
2257
1798
2146
2986
2929
2986
2929
3175
2986
3367
3051
3366
3051
3599
3366
3051
3051
3457
3457
3367
3367
464
3366
2322
2780
2859
2310
2885
2223
2531
2239
2531
2069
2458
2305
3321
3816
3404
3806
3710
2970
3404
3466
3051
2512
3571
3294
3447
3036
2986
1655
2918
2781
3094
3631
4990
2866
2690
2977
3483
3035
3175
2986
2986
3321
1070
2531
2452
2305
2298
4098
4252
4941
4110
3215
2929
2146
2986
2986
2650
2440
2440
2440
2239
2512
2782
2999
2790
3094
2034
2481
2745
3273
3317
3312
3400
3618
4077
4163
3168
3799
2778
3617
3425
2986
2986
2986
2986
2986
2986
2986
2704
2346
2299
2239
2239
2238
2699
2239
2509
2256
2780
2885
2958
2608
2071
3058
3290
3340
3231
3075
3110
3837
3341
2553
2516
3215
3457
3457
3319
463
3383
2986
3690
3817
2966
3642
4040
2238
2277
2346
2560
2963
3483
3215
3457
2512
2650
2578
2650
2531
2239
459
3035
2986
3457
3599
3425
3599
3457
3599
2512
2578
2239
3038
2143
2932
3825
4294
4310
3130
2747
3391
4091
3721
4096
3451
3236
3058
2986
3675
3643
2986
2238
2239
2238
2089
2560
2312
4985
2690
4014
2245
2238
2245
2248
2239
2239
2885
2608
2531
2325
3018
2582
2986
3383
2986
2986
2986
3383
2986
2929
3621
3690
3690
3424
3621
3424
3679
3679
2305
3483
2245
2650
2578
2531
2912
3383
3383
2633
2069
2069
2238
2239
2239
3394
2790
2789
3578
4054
4180
3869
3665
3376
3356
3153
3153
2604
2437
2216
3466
3611
2146
2146
2305
2239
2239
2239
3394
2690
2516
3599
2069
2248
2379
2299
2379
2239
2239
2609
2608
2871
3316
3816
3383
2146
2440
2608
2608
2531
2444
2749
3394
2751
3815
2458
2670
2570
2986
3425
2957
2248
2239
2248
2912
2748
2929
2248
3878
3350
2390
4945
3383
2929
2929
3383
2089
3332
2571
3035
3383
2986
3482
3030
2778
3994
2929
3425
3425
2440
3576
3350
2984
3621
2440
2974
2974
3329
3329
2440
3442
4054
3228
4162
3073
4167
3597
4076
3442
2749
3312
3372
3372
3352
3573
3372
4985
2920
3139
3845
3621
3621
1076
3612
2929
3679
3424
3446
3124
2788
2597
3620
3339
3312
3069
3289
3060
3067
3207
3424
3483
3449
2974
3330
3696
1082
3863
3021
3207
3715
3833
3373
3417
3069
3331
3294
3393
3817
462
3449
3280
3834
2792
2389
2440
2440
2958
3280
3629
3437
3234
4153
2554
3860
3599
3175
3708
3629
3224
3664
2516
3207
3466
3621
3621
3000
3878
3417
2866
3621
2875
3620
2871
3677
3817
3708
2916
3994
3817
3621
3436
3395
2604
3732
2632
3319
3471
3339
3477
2604
3203
4196
4870
3817
3290
3427
3319
3453
3643
4192
4064
3458
2568
3732
4308
4261
3319
3690
3484
3691
3580
3649
3646
3803
4164
3491
3548
4075
3769
3937
4032
4149
4934
4896
4058
3769
3769
3586
3596
3509
2583
3992
3526
3908
3551
4916
3557
3557
3844
3804
3492
4246
3549
4938
3698
3698
4915
3561
4212
3565
4016
3663
3539
3595
3584
3698
3836
3548
3549
3548
3992
3918
4890
3931
3930
3918
3930
3918
3963
3918
3836
3882
3120
3256
3576
3365
2789
3643
3416
3581
3234
3969
3820
3587
3588
3970
3705
3591
2926
3447
3552
3777
3584
3108
3817
357
3341
3307
3307
3552
4909
3443
2516
3369
2788
3592
3109
3836
3698
3587
2682
3364
3817
3226
3698
4093
3884
3257
2643
3831
3226
3610
3864
3447
3587
3634
3900
3636
3698
4914
4909
478
2567
3049
3680
4074
3803
3487
3709
4013
3027
3173
2598
3255
3521
3844
3771
2604
2754
3851
3521
3841
4067
3598
3789
3658
3818
3488
3419
3477
461
3478
461
3229
3617
2926
3900
3537
478
2710
3381
4143
4043
3691
2801
3478
3633
4056
4930
4019
2714
3680
3992
3804
3313
4209
3346
4015
2832
3680
460
3443
3554
2714
3000
2926
3077
3277
3374
3227
4111
3227
2708
3257
2971
3561
3928
3525
3928
3882
3918
3919
3526
3919
3956
3754
4245
3770
3756
3756
3921
3933
4890
3933
4245
4244
3526
3700
3988
3804
3669
4154
4174
4174
3774
3820
4208
3782
4224
3120
3806
3460
2660
4015
4015
2801
3865
3076
2921
3186
4272
3359
3636
3226
2660
3480
4015
3669
3491
3238
3510
3480
3257
3781
4016
3994
3892
4291
4153
3332
3478
3844
3819
4294
4909
2660
4198
462
4264
2660
4265
4274
4941
4941
4941
3892
4301
4345
3804
4113
3648
3113
4083
3928
4262
3804
4227
4294
4310
4259
4158
3778
4089
3833
2661
3853
3732
2708
4174
3789
3890
3709
3308
2678
2554
4116
3228
4917
4919
3652
4046
4169
3770
3452
3492
4244
3908
3804
3897
4263
4359
4360
4360
4256
4407
4553
4366
4199
4015
3346
3627
4023
4002
4008
4008
3494
4893
4892
4075
4894
4075
4324
4246
4234
3754
3933
4343
4335
4296
3927
3939
3910
4932
4234
4246
3492
4246
4296
4326
3986
3769
3978
3938
3978
3769
3952
3926
4327
4316
3914
4324
3935
4332
4296
3924
3956
3930
3930
4890
3957
3918
4946
4055
4122
3900
4224
3547
4027
4075
3986
3986
3769
3950
3914
4937
4894
3974
4075
3549
4110
4941
4054
3430
3549
3967
3990
4021
4020
4149
3901
4103
4022
4081
2860
3844
3107
4265
4016
4915
3554
3988
3976
3901
3975
3974
4933
4008
4023
3974
3527
4008
3974
4150
3578
3318
3461
3420
4134
3973
4144
3667
4067
3467
4006
4022
3892
3804
4164
4057
3998
4198
3454
4315
4309
3892
3228
4153
4919
4919
4915
3918
4049
3167
3232
3342
3255
3604
4083
4136
3074
3892
3892
3876
4047
4111
3492
3491
4079
4090
3227
4263
4091
3480
4210
3974
3976
3901
4927
2858
3892
4301
3892
3876
3302
4164
3697
2895
4031
3653
4090
4294
4157
4077
3869
4099
3899
3731
3227
2787
3722
4157
4135
3731
3608
4183
4220
4185
3845
3996
3809
3897
4263
3723
3731
3728
3469
1246
2969
4208
3820
4115
4154
4184
4934
3724
4219
4119
4118
3347
4103
3077
4079
4170
4140
4058
4928
4058
4022
3992
3899
3726
3756
4241
4245
3755
3755
4301
4118
4189
3870
4301
4301
4257
4941
4288
4255
4255
4267
4404
4379
4497
4497
4766
4749
3996
3724
3756
4263
3758
4020
4075
4301
4255
4180
4228
4184
3978
4149
4166
4933
4085
3493
3493
3933
4255
4033
3981
3978
3755
3978
3755
3492
3492
4245
4199
4195
4199
4359
4345
4360
4428
4378
4761
4584
4591
4591
4310
4353
4444
4301
4301
4417
4370
3919
4199
4075
4311
4359
3494
3769
4347
4347
3753
3769
3926
4899
3925
3986
4231
4200
4894
3914
4359
3893
4329
3933
4335
4234
4297
4370
4554
4329
4551
4411
4267
1248
4255
4256
4450
4379
4415
4311
4267
4335
4267
4255
4297
4931
4334
4323
4331
3947
3923
3927
3927
4325
4334
4332
4297
4335
4300
4335
4444
4415
4334
4334
4256
4428
4426
4361
4302
1248
4258
4369
4553
4371
4356
4476
4369
4436
4601
4426
4428
4369
4428
4492
4665
4584
4363
4633
4406
4483
4589
4427
4454
4485
4952
4501
4696
4717
4705
4662
4385
4387
4626
4626
4385
4774
4674
4770
4532
4532
4637
4508
4508
4538
4531
4462
4643
4643
4643
4643
4528
4643
4761
4735
4760
4717
4717
4757
4618
4205
4257
4426
4409
4551
4665
4665
4429
4429
4483
4498
4761
4760
4696
4543
4501
4485
4551
4427
4485
4498
4761
4498
4761
4761
4735
4443
4423
4488
4485
4205
4735
4761
4683
4655
4696
4543
4498
4589
4499
4384
4662
4663
4674
4542
4506
4508
4508
4508
4462
4599
4549
4508
4531
4531
4532
4528
4580
4536
4536
4626
4626
4611
4455
4487
4508
4549
4454
4487
4501
4543
4475
4475
4453
4407
4499
4454
4771
4384
4385
4626
4386
4385
4206
4206
4528
4562
4562
4562
4531
4531
4538
4538
4528
4643
4571
4643
4560
4599
4462
4518
4528
4578
4499
4462
4595
4599
4643
4528
4462
4571
4536
4382
4562
4562
4599
4651
4615
4385
4716
4733
4595
4562
4528
4562
4562
4380
4716
4499
4621
4528
4564
4528
4562
4518
4462
4653
4528
4595
4518
4462
4643
4643
4643
4560
4599
4528
4562
4717
4748
4560
4560
4386
4577
4382
4528
4664
4518
4385
4455
4456
4382
4385
4531
4380
4518
4643
4386
4625
4643
4653
4625
4531
4560
4385
4654
4528
4528
4742
4738
4517
4785
4663
4764
4408
4626
4626
4748
4408
4643
4643
4626
4515
4953
4626
4626
4609
4716
4643
4524
4626
4692
4655
4951
4531
4531
4626
4471
4538
4626
4524
4951
4643
4626
4613
4649
4953
4626
4562
4562
4643
4508
4774
4778
4644
4549
4391
4775
4538
4626
4643
4626
4612
4508
4497
4718
4508
4508
4950
4950
4508
4532
4508
4508
4531
4505
4951
4951
4951
4951
4388
4560
4626
4524
4953
4951
4785
4459
4517
4515
4718
4749
4508
4531
4505
4505
4505
4505
4505
4508
4538
4549
4508
4767
4609
4531
4505
4950
4508
4770
4609
4712
4388
4717
4604
4524
4517
4951
4951
4508
4532
4508
4649
4505
4505
4951
4951
4951
4611
4388
4951
4497
4951
4712
4531
4518
4531
4951
4531
4508
4517
4524
4532
4387
4508
4764
4764
4465
4951
4951
4951
4505
4740
4951
4953
4456
4389
4951
4508
4531
4391
4391
4710
4391
4676
4457
4505
4505
4541
4391
4508
4508
4542
4515
4508
4951
4515
4508
4508
4505
4508
4951
4541
4541
4951
42
42
101
296
443
160
297
297
18
316
436
160
312
69
3
122
4
3
315
550
560
560
560
560
550
592
560
560
560
560
634
592
550
560
633
576
560
550
560
591
591
575
550
550
522
550
591
592
602
591
634
591
591
550
550
560
560
550
550
602
550
575
550
636
575
633
550
633
550
591
186
379
583
4852
190
499
605
749
434
499
4852
713
2071
2259
2071
2071
2071
2071
2071
2330
2704
3246
2704
1780
1780
4991
2835
1780
2473
1807
2473
2812
2553
2106
3367
2512
2256
3990
4917
3754
3930
3998
4894
3926
4898
4931
3909
3698
3918
3883
3526
3919
3526
3492
3526
3933
4244
3550
3494
4149
4928
4025
3524
4296
4246
4896
3939
3990
4932
4301
4288
4941
4302
4264
4941
4274
4895
4643
4717
4562
4562
4531
4599
4575
4643
4674
4528
4562
4462
4643
4462
4951
3928
591
591
560
591
591
521
591
591
2371
2472
1902
2183
1728
1803
1071
2473
1070
1070
1074
1727
4991
1728
1828
2371
1828
1070
1070
490
126
3036
2398
2227
2227
2227
2227
1884
1789
2398
2261
2986
3036
2331
2331
2227
2227
1884
1574
3215
1574
3215
3215
3215
3215
2986
2986
