228
112
382
169
170
170
517
413
512
490
117
725
743
111
111
266
251
42
41
263
268
199
363
364
364
263
263
360
263
263
307
307
307
261
263
191
201
360
360
360
111
214
513
518
624
430
413
424
402
402
46
296
296
210
268
111
266
200
41
41
307
307
263
271
307
166
263
199
199
266
266
266
200
167
287
41
41
200
307
307
42
379
312
215
486
513
363
360
364
360
263
360
111
210
210
3
363
363
296
111
210
200
111
315
363
191
363
363
360
360
191
3
228
363
111
217
210
360
191
3
191
412
513
354
487
487
323
718
747
790
982
749
710
625
500
364
200
212
223
223
504
363
360
364
111
223
214
360
360
268
263
263
263
263
307
271
271
191
360
307
41
307
5
248
271
261
5
287
249
412
486
412
263
263
261
263
111
489
513
174
175
12
12
706
706
708
725
754
718
783
405
714
714
714
718
723
711
117
400
480
405
412
400
596
117
117
360
360
263
263
210
312
489
174
3
174
174
495
412
111
111
360
394
513
263
411
266
191
427
480
510
477
521
200
263
412
495
490
500
711
718
419
363
363
360
263
400
403
111
210
504
168
41
199
174
400
360
111
41
268
268
360
271
360
266
408
360
263
263
364
363
119
492
200
595
514
322
175
508
487
268
263
307
363
307
12
171
170
171
170
415
594
519
481
415
594
263
504
506
511
222
360
5
263
307
307
307
263
230
41
42
41
312
171
595
423
415
400
268
403
477
266
266
423
169
404
596
42
266
251
201
271
322
508
251
170
266
266
199
307
307
199
595
251
166
504
477
520
353
271
116
117
723
525
1041
1041
1041
1041
1436
1041
1521
1790
3201
331
3288
333
335
3653
4094
4216
4162
3520
3895
3893
201
167
401
401
169
487
262
511
500
626
711
718
629
1022
828
626
723
482
381
169
383
415
251
42
199
263
263
345
263
517
359
512
323
263
271
263
710
42
41
271
268
263
624
706
754
596
167
42
307
722
718
263
307
307
519
263
199
263
199
263
263
307
722
718
624
405
1057
1018
707
707
677
521
710
754
642
510
12
117
677
706
708
677
708
710
405
782
815
433
433
433
433
433
952
850
527
2245
3205
2683
3941
3819
3819
3715
2917
3192
3231
3269
2996
2896
1917
2275
1695
1514
1575
1644
1689
1904
2433
3276
3773
2676
2674
2674
2674
2724
722
117
522
706
754
707
711
642
406
749
708
725
718
714
754
747
406
725
642
754
710
718
1022
522
642
776
405
743
776
405
405
820
711
825
628
1243
797
1243
1319
725
670
4861
583
669
4800
794
794
4812
586
667
667
540
1015
693
4846
4837
1013
4798
582
4798
4798
1015
4841
667
610
781
601
599
550
599
554
4829
786
4811
4855
556
4802
831
839
883
981
4816
1095
881
1053
925
939
889
890
921
1027
570
995
1454
1245
694
670
845
669
584
583
4798
780
4799
780
4798
4799
4845
4845
4837
1013
4837
4845
4859
808
701
4830
832
4830
794
695
808
743
670
583
1015
763
601
4841
4840
605
999
4965
999
4861
633
763
763
799
813
795
810
854
610
1017
538
601
4841
727
682
746
620
620
841
1220
920
725
406
1021
859
1616
1867
773
671
780
780
694
844
844
764
585
844
4800
794
405
732
780
790
781
612
679
682
762
762
755
716
612
405
711
629
1436
1041
701
832
4830
832
757
1012
4830
794
794
844
845
845
4830
884
780
844
763
827
755
755
405
728
806
619
728
750
684
792
854
794
832
832
757
780
884
1007
4814
4814
836
835
875
875
835
875
695
875
710
806
832
808
1057
405
820
648
746
718
994
723
525
712
952
952
952
433
4830
728
1238
627
1041
1041
1041
684
838
772
797
4830
785
1018
776
824
884
846
884
884
695
876
836
695
836
835
695
695
782
815
815
4862
4863
695
794
648
721
684
1022
357
356
810
718
695
884
884
432
926
836
695
695
994
782
432
874
695
1064
845
829
875
926
1234
1241
1291
1026
848
828
774
1024
775
875
875
695
835
884
884
800
1137
814
783
1043
4814
768
842
556
828
884
1032
983
791
792
792
792
846
877
1145
1199
628
1199
811
1055
1075
1246
1240
1034
1365
599
983
1241
835
1043
714
877
831
879
1198
814
1489
1489
1889
2219
1907
1756
821
819
862
830
877
774
812
774
1024
1865
1865
1238
798
556
798
835
836
837
1064
1064
1032
839
883
841
841
4814
852
622
801
1136
801
1064
1648
356
850
850
850
850
952
1436
1436
527
852
852
771
885
622
1519
1521
2074
2322
2242
2347
2528
2360
2303
2240
2337
2921
2918
2316
2586
2788
2870
2870
2385
2205
2385
836
837
837
1226
1369
623
879
950
880
881
883
837
920
1036
1090
1571
933
937
944
940
1071
958
1498
567
1071
957
1610
1200
1242
1254
1309
1143
1524
1997
4996
2514
2514
1492
1286
1767
1498
1174
1027
568
938
937
934
1137
1439
1470
1670
1097
1036
1571
944
887
1058
1160
1245
1174
1048
887
953
1050
892
885
1037
1165
916
896
896
1054
1219
1220
994
994
714
1085
960
1020
1475
1562
961
1279
1088
1232
1209
1311
911
1820
1143
1896
2076
1823
1284
1324
1250
916
1001
1219
1219
879
882
759
985
1485
1888
1786
965
1804
1567
994
994
1183
1360
4847
4855
4849
1300
1045
933
981
1008
1073
1127
1211
1083
1211
1083
1083
1008
1008
1063
4820
4820
801
1184
1088
1087
1865
1023
2093
1614
1058
571
935
1258
1177
894
1318
4960
4960
1386
1145
1488
1492
1226
570
1156
1805
1617
830
1097
993
941
571
1210
1080
566
623
1082
951
949
958
947
782
1174
569
623
1082
981
1138
1083
1034
1009
1138
4960
4960
4960
4960
1386
1078
4960
1386
1215
1148
1038
1232
1224
1079
1082
1240
1340
1283
1163
1086
1168
1164
1737
1363
571
566
880
1283
1498
1419
1231
1230
1102
1166
1104
1994
2181
1307
2396
2640
2640
2640
1937
450
1986
2629
2631
2976
3239
2841
3267
3154
3206
3133
2978
2595
2595
2595
1392
1104
1166
1386
1242
902
1177
1081
1471
1024
1135
1318
1240
1366
1234
1378
1141
1673
1142
1386
1372
1372
1368
560
1095
1150
1095
1254
1312
1029
1157
1608
1375
1593
1523
1523
1324
1452
1474
1125
994
1098
1232
1247
1195
1356
1634
1611
1172
1134
1175
1391
1503
893
1452
1320
1320
1756
1166
1195
1195
1187
1507
1506
1506
1305
1185
1103
1172
1191
1321
1196
1305
1101
1045
961
962
1029
975
1321
1124
1335
1126
1045
1387
1148
1372
1337
1216
1369
1310
922
950
1280
1180
1286
1205
1101
1325
1148
1371
1061
1169
890
1166
972
1168
1100
1368
1436
1727
1321
759
1865
1241
1148
1277
1617
1219
1719
1367
1186
1243
1249
1392
847
1097
1140
1209
1277
1239
1195
1041
1436
1674
2305
3161
341
4162
3828
1264
4358
1265
1265
4325
4454
1267
1051
979
1219
1173
1495
1196
1169
1095
1095
1284
1823
1797
986
1680
1766
1225
1225
1356
1291
1301
952
952
433
952
952
952
1259
857
1631
1520
1795
947
881
1726
1253
527
1042
628
1521
1631
948
1061
1345
1830
1122
1471
1335
1292
1310
969
1368
1289
1247
1125
1231
1323
1704
1726
1440
1522
1390
1139
1311
1141
1203
882
882
1284
1897
1900
1787
1783
1994
1476
1512
1749
1351
1959
2368
1348
1518
1227
1353
1354
4844
4825
1368
1429
1430
1432
1376
882
1374
1437
1275
1370
1390
1275
561
951
942
882
1190
1416
952
433
1530
433
433
433
433
850
850
1380
1455
1426
1381
1676
1769
2156
719
1339
1418
1418
1436
1053
1229
1229
1207
562
433
850
433
433
4863
822
1706
2438
2547
2486
2219
2072
325
851
1911
1993
2793
3488
3488
3722
439
3743
2744
1187
559
564
1095
1577
1158
962
851
434
1527
434
1509
1356
1338
1062
559
4816
4816
4817
883
883
557
1302
1436
1280
1152
1344
1500
1346
1420
1053
851
1442
1408
2377
1412
2196
1346
1452
1659
1711
1563
1478
1309
963
1522
325
1747
1130
1505
968
1902
1918
1705
1900
898
1046
433
1491
742
1251
433
1293
1435
1442
1379
1094
1727
1398
1331
1897
1025
1907
822
1489
4863
1767
822
1531
851
1227
1290
1129
1756
1490
465
1251
1539
1059
1161
1132
1702
1345
1736
1508
822
1887
1686
1594
1606
1621
1621
1660
1380
860
859
1354
563
1427
1427
325
822
1537
1469
742
4862
1530
816
1540
1641
1593
1930
1561
1487
899
2093
1667
1479
1620
1639
1668
1591
1551
1426
1483
1697
1443
1493
1739
1313
908
909
1317
1407
1304
1560
1565
964
1569
1634
1737
1493
1596
1383
1383
1796
1516
1420
1105
1398
1493
1511
2075
2964
3432
3652
2838
1628
2876
3075
2767
2766
1380
1228
1319
1594
862
2093
2093
2092
2347
2584
1605
1591
1619
1731
1768
1518
859
1815
860
2093
1660
1777
1425
1381
1639
1383
1486
1400
2873
1731
1639
859
2377
3308
2569
3488
942
1636
1728
1720
1719
1687
1591
1639
1047
1302
1351
1865
1860
2401
2885
1141
1760
1425
1817
1675
1486
1681
1482
1738
1303
1441
859
1499
1572
1424
1622
1421
1570
1927
1290
1812
1826
1490
860
1578
1668
1546
1622
1438
1553
1306
1708
1509
1720
1681
1409
1294
1644
1690
1869
2246
1815
1323
1898
1996
1490
1956
823
862
1260
1303
1684
1832
1915
1765
964
1047
1604
2145
2322
2233
1294
1644
1306
1784
1664
1524
1030
1570
1851
1842
1663
1526
1744
436
1971
1782
2227
2541
2449
3200
2208
1749
1836
1836
1937
451
2423
1937
2092
1396
1646
1106
1976
2142
990
1785
1461
1668
859
1856
1928
1326
1469
1444
1707
2064
1462
1552
1684
2142
969
1497
969
859
2519
3216
331
333
2519
1769
1722
1706
1998
910
1806
1807
2028
4994
2514
2514
2225
1812
1384
2104
1780
1777
1775
1609
1893
1550
1532
817
2076
1683
1827
1997
2209
1552
1754
2370
2102
1986
2404
1758
1807
1841
2292
474
1947
1822
1743
2819
1261
2941
3525
3488
3488
3488
3488
3620
3659
3014
2950
1851
1748
2329
1445
2145
1821
1857
862
1953
1870
2094
2093
2142
1868
1972
823
2087
1977
2471
1977
1656
1916
2092
1317
2092
2288
2235
1926
912
2236
2197
2217
1934
967
1908
1993
1779
1932
2347
2347
2093
1721
2237
2449
1402
2362
1694
1775
2295
2295
326
1872
2158
2093
1825
2209
468
1772
1931
2083
863
2359
1979
2268
2092
1735
1401
2093
2274
1949
476
2048
2802
2716
1999
4999
2093
1447
1399
2461
1996
4999
451
1835
1835
2050
970
2284
2823
1584
2347
2950
2538
2682
2818
1601
1817
2833
2766
1588
2347
1840
2075
1107
971
1925
1807
1957
1837
2271
2054
2054
2054
2054
2053
2053
2081
2205
2205
2243
2337
2353
2008
2205
2353
2205
2337
2337
2271
2271
2054
2069
2069
2069
2018
2242
2242
2271
2271
2271
2144
2144
2205
2271
2271
2271
2144
1941
1946
327
2948
1601
1914
2498
451
2054
2271
2144
2069
2054
2048
2048
915
2048
2221
2001
2054
2054
2054
2205
2271
1944
2537
2525
2860
3349
3355
2751
2572
2347
2219
1895
2070
2070
2069
2271
2054
2069
2070
2100
2271
2094
2235
817
2217
2347
2002
2069
2069
2144
2271
2054
1912
2460
2158
2334
2293
2400
2144
2347
2242
2347
2222
2337
2337
2242
2235
2337
2059
1656
1752
2002
2180
2180
2180
2180
2199
4868
2376
2376
2933
2071
2106
2008
2002
2002
2486
2419
2180
2180
2502
3011
2788
2002
2025
2169
2117
2458
3045
3191
3241
3195
3209
3208
3208
2155
2155
2155
3232
2502
2376
3011
3011
3285
3158
3011
2994
2374
3011
2242
2243
2353
2519
2921
2905
2315
3086
3080
3126
3126
3126
3151
2832
3191
1450
2871
2063
2198
2253
2299
2296
2258
2508
2497
2794
2639
2008
2007
2199
2286
2376
2376
2376
2138
3045
3232
2149
3209
2317
3209
2008
2439
2455
2510
1121
2222
2002
2008
2461
2271
2243
2337
2337
2337
2585
2322
1894
3659
2058
2222
2008
2333
1836
1836
2332
1685
2069
2235
2243
2385
2385
2048
3525
2392
2106
2332
2213
2215
2018
2303
2218
2242
2069
2069
2018
2347
2347
865
2528
2528
2385
2870
913
1811
4984
2589
3441
3201
2265
2306
2347
2235
2224
1926
2638
2063
1581
2198
2104
2572
2242
2399
1811
2047
2366
2059
2180
2118
2123
2123
2446
2256
2180
2118
2118
2123
2169
2254
2254
2123
2123
2123
2390
2256
2239
2199
2411
1655
2402
2540
2303
2242
2235
4882
2048
2400
1626
2581
1831
2475
2419
2198
2239
1913
2101
2247
2540
2540
2540
2195
2994
2385
1795
2674
2533
1415
2123
2123
2123
2123
2118
2118
2450
1352
3011
3160
2180
2247
2299
2380
2163
2482
2872
3151
3128
3128
3128
3079
3126
3080
865
2994
2385
2322
2276
2713
2769
2430
4868
2376
2374
1590
2447
2764
2369
2376
2385
2048
2047
2281
2282
2163
2207
2113
2300
2007
2861
2823
2337
2870
3109
2299
2572
2941
2281
1983
3355
1990
3043
2788
2517
2366
2061
450
2595
2620
1937
2595
3011
3011
3158
2151
3084
3158
2422
3308
2117
2253
2508
2254
2711
2324
2384
2994
2851
2870
3488
2914
2759
2253
2123
2437
2915
2915
2876
2915
2915
3028
2620
2595
2712
2398
2788
2387
1581
2708
1627
1584
2475
2712
3011
2375
2993
2989
3034
3034
2376
2989
3011
3011
3011
2586
2851
439
3525
3488
3014
3941
2620
2573
2573
2825
2962
2428
2897
2810
3525
475
2118
2458
2138
2376
2751
2751
2546
2878
2851
3525
3488
3488
3014
2535
3014
3014
2388
2123
2254
2508
2118
2281
2994
3201
2811
2633
1112
1112
2750
2510
3011
3722
3129
2425
2113
2647
2825
2463
2148
2169
2169
2253
2349
2299
2250
2964
2820
2376
3034
2750
2396
2376
3488
3488
3488
2940
2299
2250
2164
2884
2942
2894
2497
2507
2652
2453
2183
2744
2746
2123
2123
2123
2123
2124
2465
2342
2750
2959
2585
3089
2819
2853
2124
2306
2286
2592
2750
3078
2813
1120
2768
2750
2959
3018
2574
2831
2523
2844
2953
2853
2390
2713
2573
2788
3722
3488
3488
3488
3488
3488
3488
3488
3942
4043
3012
3706
4098
3927
4098
2683
3526
2123
2539
2519
3014
2533
2123
2123
2446
1942
2327
2887
2586
3722
3722
2535
2124
3330
1628
2713
2707
2982
2965
2840
2771
3050
2561
3664
2797
3216
2429
2788
2535
3014
2123
2123
2861
2713
2430
2428
2376
3216
3217
2148
2925
2876
1586
2713
2520
2567
2959
2918
3488
3013
1262
2107
2915
3028
2921
2123
2972
444
3341
3491
2605
2608
442
3231
2915
2573
3306
2254
2254
2254
1582
1589
3044
3226
2602
2625
3389
3046
445
3144
2325
2878
331
3216
2550
2249
2903
3345
4021
3879
4937
3928
2645
2645
2645
4176
4176
4177
3529
4177
3011
2254
2649
3278
3331
2864
3034
2674
2674
2674
2674
2674
2674
3203
3908
3908
4110
4070
4181
4157
2674
3203
3651
3024
2669
3025
3025
4110
3753
3025
3456
2913
4077
3927
2642
2681
2644
2644
3928
3013
3827
339
2254
2508
2254
2508
2550
2571
2915
3018
3722
3722
2534
3505
3555
3438
4066
2604
3008
3461
3461
3471
3076
3037
3308
2539
3278
2854
2717
2717
2800
3023
2799
1116
2721
2911
2674
2674
2728
2731
2723
2883
2662
2934
2882
2934
2909
3074
3443
3218
3138
3058
3743
3732
3620
3750
3750
2497
2380
3265
3028
2797
1116
3034
2376
2674
2667
2788
2674
471
2497
2255
1584
2708
1583
1583
3132
3154
2559
2770
3031
2671
4157
4192
3826
3022
2562
3468
2945
3468
2736
2670
2559
2375
2918
3136
2148
2875
3722
3488
3488
3446
2534
2485
2256
1118
2973
3239
2800
2674
3055
2674
3620
3715
2296
2915
2425
2825
2965
2840
2760
2164
3311
3028
2982
2719
2375
2375
2674
3706
4098
2896
2838
3153
2704
4890
3155
3055
3033
3033
2151
3089
3457
2256
3311
2878
3031
3011
3089
3033
2507
2380
2943
2841
3293
3460
3814
3123
3663
4199
4062
3032
3034
2534
2952
2962
2910
2733
3722
3527
2650
3653
3447
3448
2961
3155
3135
3269
3274
3034
2138
3034
2985
2710
2495
2430
3033
3498
2163
2887
3123
2671
4026
2909
3908
3515
3339
2838
3206
2138
3055
3089
3089
3033
2318
2125
2923
3191
2748
2876
2481
2966
2311
2966
3128
2840
1116
3018
2686
3153
3048
2375
3055
3458
3726
3515
3203
3203
3841
4077
3505
2876
2680
2651
3818
2907
3404
2315
3158
3089
2125
2956
3191
3075
2176
3234
3216
3214
2427
3297
2663
3458
4183
2665
2773
331
3702
2689
2484
3123
3054
2784
2993
3520
3920
3520
3512
441
2747
3506
3510
3439
2125
2686
2895
3155
3018
2428
2962
3139
3075
2872
3151
2482
2151
3110
2767
3423
3148
2626
3148
3147
3471
3461
3147
3154
3150
3150
2976
3240
2899
2738
3050
2520
2986
3021
2317
3080
3208
3080
2317
2151
3620
2507
3293
3878
3878
4088
3002
3846
3007
3603
2737
2151
3162
3307
3841
3269
2919
3018
2663
3411
4109
3515
4070
4110
3773
3844
2535
2942
3678
3239
2857
2882
3158
3753
2125
2641
3489
3862
3040
3040
3863
3847
2894
2820
3273
3335
3448
3448
3283
3128
2856
3095
3189
3169
3056
3086
3033
3701
3170
3410
3625
3625
3829
4044
3101
4131
4166
3901
3451
3445
2909
3386
444
3267
3151
3126
3128
3126
3126
3126
3126
3128
3126
3126
3275
3079
2427
2961
3085
3188
3635
3455
3503
4122
4201
4097
3760
3611
3427
3453
4110
3732
3336
3498
3141
3470
2624
3491
3509
3437
3822
2879
3151
3151
3151
3151
2149
3165
3743
3238
3048
3297
3107
3086
3443
3702
3423
3461
3469
2601
2601
2601
3530
3151
2622
3469
3471
3297
3126
3126
3158
3086
3384
3522
3895
3524
3343
2936
3291
3838
3363
3252
3770
3176
4067
2778
3441
2894
3678
3229
3461
3126
3126
2317
3208
2149
3288
331
4070
3725
3844
3330
3461
3151
2155
3126
3126
3126
2962
2961
2317
3907
3717
3393
3463
3462
2917
2976
3151
3297
3061
2317
3208
2986
2126
3008
3016
2155
3151
3080
3208
3208
3195
3186
2740
2740
3342
3375
3073
4149
3910
4211
4044
3670
3637
3168
3493
3533
3720
4025
2622
3268
2893
3447
3317
3126
3126
3196
3085
2803
3527
3413
3191
3208
3232
3208
3318
3126
3287
3209
3080
3208
3126
333
3882
3714
2997
3284
3358
3196
2961
3080
3271
2427
3062
3405
3406
3167
3288
3524
3620
3844
4110
3773
3354
3225
3225
2983
2155
2155
3208
3167
3701
3652
2155
3063
3465
2936
3278
3489
2971
3261
3851
2916
3432
3392
3429
4183
4110
3413
3341
2601
2601
3653
3658
2847
3517
3335
3417
3358
3360
2961
3376
3064
3503
3475
4182
4178
3887
3803
4150
3824
3873
3465
3409
3409
3430
3734
3426
3705
4190
3254
3705
4129
4219
3478
2997
3532
3029
3325
3017
3088
2984
3357
3301
3099
3377
3829
3067
2935
3181
3382
4078
3339
3530
3335
3417
334
3380
3358
3291
3745
3471
3225
3360
3466
3670
3464
3068
3705
3717
3345
3656
3718
3360
3920
3524
4190
3725
3678
3360
335
3647
3383
3504
3842
3163
3844
2843
3737
2945
3412
3604
3066
3504
3255
3842
3263
3316
3412
3007
3463
3259
3342
3403
2776
3772
3229
3061
3256
3506
2602
3486
3062
3337
3605
2625
3260
3843
3609
3680
1263
3508
3350
2624
3604
3257
3368
3609
3533
3122
3889
3463
3716
3636
4175
3738
3192
3415
334
334
3617
4077
4130
4130
4167
3528
1263
1263
4177
3828
3707
3087
3360
3715
3617
3724
3553
3713
3623
3852
4143
4083
3799
4047
4037
3945
4050
3945
4049
4920
4920
4050
3945
3945
3723
3724
3723
3750
3561
4902
4902
4910
4906
3779
3577
4045
4045
3640
3856
3704
3556
4914
4934
3952
3571
3949
3572
4914
3561
3776
3911
4045
4959
4045
4101
3810
3898
4171
3640
3676
3582
3650
4893
3585
3837
3999
3918
3589
3558
3997
3794
3922
3922
3970
3970
3995
4892
3785
4270
3783
4198
4901
3700
3577
4190
4021
3350
3088
3051
2679
3428
3535
3686
3686
3624
3623
3723
3671
4004
3779
3876
3819
3819
3621
3674
3581
3536
4154
2611
3647
3427
3183
3839
4893
4045
4045
3176
3603
3258
3053
3715
4926
3778
3700
4004
3754
3255
3338
3320
3604
3648
3623
3754
4046
2560
2880
3304
3376
3678
3611
2665
3676
4111
4163
3886
3576
3662
3809
3845
3478
3747
3729
2679
3710
3536
3536
3902
4107
4150
3583
2774
2848
4038
3915
3342
4192
3622
3704
3710
3779
3533
3563
3886
3675
3621
4105
3528
1263
3508
3316
3697
3601
3682
3710
4109
4078
3727
2651
2643
3519
3680
3628
2779
4071
3805
2844
3004
2843
4175
2844
3331
3052
2642
3715
3819
4181
4112
3640
3640
3387
3727
3104
3567
3572
3716
3496
4111
2997
2606
3709
3104
4183
3896
4046
2879
3424
3730
3758
3373
2775
3022
4117
3303
4038
4161
3326
3881
3897
2699
3828
4198
3782
3599
3598
3597
4155
3599
3911
3911
3597
3783
3783
4892
4895
3994
3794
4318
3954
3541
4120
4208
3538
4214
3797
3789
4208
4208
4120
3994
3800
3541
4028
3742
3880
3836
3902
3684
4169
3804
3804
3802
4186
3803
4204
4168
4212
3792
3677
2998
3812
3331
3864
3894
3858
3604
3820
4041
4001
3496
4238
3895
4142
4091
4153
3830
3302
3038
3039
3879
3864
3038
3818
3557
3601
4083
4085
3438
4127
4176
4176
3180
3897
3640
3878
3653
336
3864
3832
2917
3660
3711
3683
3751
2938
3809
2997
3038
3890
3862
3847
3041
3862
3864
3865
4941
4941
3040
3040
4022
4137
3918
3105
3106
4107
4199
4153
4078
4100
3864
3852
3850
4090
4142
4148
339
3808
4072
2880
3847
3890
4021
3890
3401
3629
4066
3814
3653
4022
3926
3428
2780
4144
4219
3001
3909
4195
3327
4101
4155
3911
3599
3916
3397
4039
3653
3572
3360
3921
3569
3922
4905
4927
3836
3927
3879
4937
2645
2645
2645
3929
4275
3930
3930
4938
3931
4288
4277
4246
3164
4267
3106
3927
4167
3685
3949
3944
4049
4920
4920
3572
3951
3951
4934
4934
4934
4009
4931
4897
4897
3952
3954
3954
4897
3798
4009
4207
4050
4133
4934
4897
4934
3571
4009
3977
4009
4930
4133
4036
4053
3945
4921
3976
4134
4925
4925
4052
4057
3798
4897
4897
4932
4897
3956
3970
3970
3997
3994
3589
3712
3612
3690
3887
3810
3588
3919
4007
4007
4007
4930
4053
4133
4134
3945
4133
4133
4050
4896
3919
4019
3757
3327
2780
4176
3603
3588
4037
4037
4920
4049
4920
4049
4049
3944
4037
4007
3468
2782
3728
4041
3740
4177
4177
3828
4177
4100
4100
4170
4037
4037
4037
4049
4037
4047
4007
4920
4920
4034
4049
4037
4049
4034
4034
3708
3653
3399
2610
2780
3004
4172
4177
3685
3254
2561
3916
3875
2644
4199
3179
3944
3944
3944
4920
3890
3399
3712
4112
4005
4007
336
2999
4217
4176
3588
336
3342
3760
1263
4152
3597
3785
4241
3811
3597
2880
3588
3365
3400
4106
3854
4192
2773
4158
4188
3372
4105
3653
4022
3342
4061
4161
3905
3800
4084
4083
3740
3769
4124
3928
3928
3928
4176
2645
4176
4176
4176
4176
4125
2842
4176
2645
4176
4176
4106
4168
3944
4049
3944
4049
2846
4022
3327
2781
3814
4192
4041
3928
4195
4049
3900
4160
3691
4267
3685
3071
4105
4198
3998
4102
3878
4081
3249
4038
4117
3524
4187
3759
3803
4026
4172
4176
4249
3790
3792
4220
3878
4157
3460
4176
4177
4177
4162
3371
3586
4102
3326
4157
4177
4176
4177
4084
3538
3824
3807
4145
3823
4247
3792
4049
3755
3365
3366
4126
4172
3178
4150
3597
4034
3719
4186
4042
4247
4265
4053
4034
4920
4049
4049
4093
2881
2842
4097
4213
3797
3789
3797
336
3364
3178
3373
4249
4139
4221
4116
3866
3866
4138
4224
4246
4246
4277
4282
1267
4453
4625
4505
3867
3737
4121
4142
4302
4892
4186
4050
3945
4050
4094
3893
4096
4185
4214
4892
3945
4053
4165
3910
4034
4133
4052
4028
4052
4051
4935
3945
3945
3945
4260
4177
4049
3793
4028
4006
336
4176
2646
4273
4224
4176
2645
3928
4275
3930
3930
2645
2645
4050
4224
3932
4936
4277
4285
4285
4293
4184
1264
1264
3867
4177
4151
4288
3529
4050
4050
4293
2646
4273
4050
4053
4139
4216
3797
4134
4134
4050
4925
3945
4925
3789
1264
4925
4139
4273
4940
4137
4179
4051
4006
3976
4940
4274
4940
1264
4285
4285
4148
4267
3867
4237
4288
3933
4284
4287
4925
3798
4932
4237
4298
4925
4057
3976
4048
4925
4207
4925
4925
4009
4052
4009
4052
4932
4932
3798
4939
4925
4051
3976
4052
3932
3868
4216
4216
3164
4328
4327
4216
4938
4324
1264
4246
4285
4226
4324
1265
1265
4388
4285
4285
4336
4226
4216
4272
4278
3934
4371
4566
4234
4615
4510
4393
4446
4551
4460
4615
4615
4746
4661
4759
4632
4762
4762
4768
4622
4762
4752
4759
4752
4752
4759
4752
4759
4285
4285
4229
4566
4379
4568
4388
4369
4226
4388
1266
1266
4384
4325
4277
4278
4323
4334
3934
4285
3933
3934
4939
4277
1265
4277
4388
4277
4246
4246
4365
3938
4278
4384
4384
4228
4231
4510
4606
4746
4661
4753
4759
4762
4759
4753
4762
4632
4632
4762
4762
4759
4753
4753
4235
4494
4591
4392
4442
4278
4322
4753
3934
4359
4388
4459
4232
3937
4277
4378
3935
4498
4234
4566
4501
4374
4378
4461
4296
4759
4762
4762
4762
4768
4759
4632
4638
4402
4670
4493
4759
4718
4718
4670
4715
4752
4759
4753
4759
4291
4388
4759
4759
4759
4759
4718
4235
4376
4762
4739
4762
4759
4390
4337
1267
4762
4762
4759
4759
4759
4322
4310
4336
4759
4752
4567
4491
4752
3934
4441
4753
4753
4752
4752
4752
4718
4718
4740
4707
4753
4759
4759
4566
3937
4707
4759
4752
4376
4376
4759
4230
4325
4447
4468
4394
4395
4278
4759
4670
4752
4707
4718
4334
4753
4670
4718
4323
4559
4762
4707
4454
4278
4753
4762
4753
4753
4716
4603
4716
4615
4282
4603
4574
4615
4762
4321
4718
4645
4745
4746
4609
4768
1267
4401
4235
4768
4433
4455
4752
4406
4744
4469
4716
4494
4401
4401
4235
4606
4753
4661
4401
4768
4759
4632
4402
4632
4233
4233
4625
4740
4235
4235
4615
4606
4400
4698
4645
4768
4369
4283
4369
4762
4762
4762
4632
4752
4759
4753
4762
4759
4622
4952
4638
4634
4696
4442
4492
4401
4400
4694
4402
4373
4615
4625
4745
4745
4382
4455
4762
4632
4632
4632
4762
4759
4406
4406
4632
4762
4759
4759
4518
4595
4632
4632
4406
4759
4753
4746
4645
4395
4453
4624
4446
4448
4698
4752
4759
4762
4759
4687
4622
4638
4402
4402
4392
4323
4633
4280
4453
4395
4402
4715
4759
4759
4759
4759
4733
4595
4753
4423
4625
4609
4236
4625
4234
4752
4740
4952
4952
4698
4698
4395
4389
4599
4599
4753
4687
4743
4733
4743
4427
4759
4759
4427
4647
4752
4694
4661
4762
4406
4694
4406
4759
4759
4599
4622
4622
4622
360
360
263
379
42
263
271
263
345
199
307
403
307
271
261
360
263
360
263
263
1282
4844
1083
836
1011
695
884
601
4803
4803
738
695
695
1008
799
876
4811
4811
4833
1150
837
839
4817
695
883
4818
4830
1034
1067
803
803
1433
4835
4830
599
745
4810
4810
1011
997
552
798
4802
1433
1150
800
1083
695
4966
800
603
1065
603
559
1008
4845
555
1432
4835
1149
679
4817
4816
4798
780
802
1434
836
538
610
836
4803
4815
4830
952
1041
952
629
714
952
850
433
433
433
4862
742
759
1193
4862
850
860
2138
2376
2376
2374
3034
2989
2138
2989
2376
2376
2376
2674
3239
3267
3239
2802
2716
2982
3239
3239
4984
2514
2674
2674
2282
3148
3010
3794
3776
3911
4049
3994
3949
4896
4009
4010
4925
4053
3589
4911
4052
4270
3597
4907
4905
4905
3925
3783
4907
4908
3591
3570
3570
3569
3569
3952
3789
3970
4008
4037
4920
4049
4920
4920
3777
4907
4052
4037
3919
4036
3591
3919
4893
3041
3928
3865
4942
3865
3865
4941
4941
4938
4938
3931
4941
3041
4942
4941
4116
4920
4049
4759
4762
4744
4609
4759
4768
4371
4759
4952
4695
4753
4752
4371
4759
4439
4155
4155
1365
4826
1386
1365
4794
4795
4834
2453
2722
2824
4880
2674
4883
2716
2517
2512
2514
2517
2512
2796
2813
2511
2802
2517
2517
2511
2516
2796
2517
2517
2511
2513
2517
