225
31
31
204
59
61
132
106
102
458
1144
74
116
69
197
327
52
4812
4815
94
339
130
339
274
197
328
327
342
4815
197
50
325
136
126
26
49
210
339
110
214
190
479
132
57
62
4807
66
58
87
52
252
4814
224
4814
52
4814
52
4814
4812
224
4814
71
174
32
174
126
31
239
274
238
117
59
29
56
62
50
4806
16
252
4814
52
52
224
4806
4814
71
50
72
71
74
209
252
4814
347
342
52
4814
4814
224
174
325
325
87
4814
52
16
252
348
13
34
135
159
352
452
771
561
311
4863
771
335
475
301
213
129
79
205
30
68
4814
197
174
77
56
63
130
345
327
197
326
4815
4815
4814
343
4815
24
4814
4812
4814
337
47
31
31
31
92
72
72
49
267
343
322
238
112
168
176
235
335
147
556
478
620
4862
1371
1180
649
4862
706
465
459
68
58
67
304
465
706
315
50
87
72
34
4814
204
214
50
11
221
2
67
197
71
31
4807
79
4809
52
320
163
316
316
476
365
4814
4814
34
34
172
352
103
938
304
224
4812
4815
328
221
118
4814
21
22
64
4807
194
228
4815
4814
4814
59
47
337
13
225
132
52
36
479
369
335
352
103
52
52
52
327
340
59
59
88
214
214
88
61
26
56
250
32
340
88
4815
50
4815
197
50
197
327
4815
4815
24
4809
4809
32
56
107
4807
31
158
52
366
475
343
62
204
88
305
91
4815
4815
4814
204
377
71
4819
352
4815
343
4814
197
250
369
4814
200
6
271
4815
574
155
279
484
384
1188
1264
1572
1154
1154
3450
3450
3105
290
4014
293
3755
1154
3755
1155
343
59
59
47
4815
352
471
279
939
631
4864
311
557
482
88
88
56
61
52
4815
4815
4815
4814
22
203
6
103
4815
4814
103
4815
39
4815
4815
373
149
620
651
4819
4814
4815
4815
939
4814
4815
250
4814
52
4815
4815
4815
327
771
938
149
771
726
1370
280
449
479
273
771
380
456
452
6
478
4862
379
478
620
4862
728
1589
1391
1373
384
384
1152
1600
1911
1326
1681
2606
2854
3168
2673
3083
3083
3083
3204
1824
1685
1685
1685
1685
1685
1685
1587
1587
1587
1587
986
986
1173
1065
1114
1065
1064
1027
1037
1091
1091
1755
1713
440
4974
4974
1855
1874
4863
706
585
380
620
279
620
938
623
954
4862
1371
561
631
558
382
694
4863
673
483
4862
561
4862
734
4863
4862
4863
726
625
1188
484
1264
589
489
589
528
528
528
528
589
563
570
488
527
605
688
675
4827
589
521
521
4853
4853
570
525
522
4857
494
4840
714
499
4844
714
4844
1249
4962
4854
1227
1163
511
802
506
554
829
830
1302
1059
589
589
605
528
528
589
528
528
528
665
665
4827
652
628
665
665
628
628
628
628
628
628
628
1144
4863
589
521
4853
524
4852
526
4850
750
4852
4848
4848
562
562
563
564
607
594
594
595
546
488
521
565
525
565
4860
536
4860
553
754
506
153
4867
627
1264
1280
279
564
564
529
589
564
521
483
564
589
528
528
1371
591
1371
564
521
487
580
521
562
594
523
525
728
625
1190
4827
4827
528
528
528
528
528
528
591
607
635
591
635
593
592
564
564
573
594
4862
544
544
521
535
493
598
552
654
528
628
528
628
628
635
635
639
687
614
617
617
617
617
617
544
628
628
628
4863
4862
493
4860
1143
765
4864
1180
1180
1180
528
4864
483
1190
493
616
485
628
280
1370
1413
544
635
593
617
617
617
617
617
617
617
687
687
614
738
1611
1391
1373
1357
628
628
598
4824
1370
765
579
635
617
617
4862
671
617
617
617
738
617
617
628
608
592
590
617
628
715
791
792
703
1180
1369
727
1589
617
617
617
639
590
4862
1143
545
593
1143
501
4844
593
593
1378
654
551
551
551
687
545
742
1264
4864
590
608
609
752
759
759
4848
4850
671
705
617
1143
546
4856
590
726
1611
1611
1611
1283
3201
2405
2405
1589
1611
1986
2405
727
627
603
4849
1589
1356
2015
4844
4844
687
687
687
614
614
609
653
4843
4854
4861
1280
503
640
609
696
1589
1986
1371
384
384
384
766
627
631
680
754
1280
1264
1264
3382
3382
3200
3200
2903
2903
3219
3282
3150
2303
2007
2002
2254
1979
2002
2002
2177
2099
1979
614
696
546
764
754
4856
4854
4854
1249
4844
696
757
900
844
802
848
854
1034
844
513
801
680
937
937
1538
836
1448
1448
853
799
935
1599
836
836
836
943
1385
1349
871
872
872
2199
1727
2199
2199
945
937
937
900
951
854
958
515
769
719
900
1449
1449
947
947
519
519
854
1166
769
828
515
947
1300
1417
554
517
801
956
832
832
4834
4841
4841
726
801
953
839
825
1355
799
799
850
846
835
859
1409
1545
944
1545
1385
985
933
1385
1698
1668
1036
934
916
858
806
769
1313
4854
1249
4849
727
800
825
980
1599
836
1599
1599
1599
836
980
1540
1589
726
519
833
4858
714
905
1302
829
802
4854
613
752
750
750
756
752
4832
613
613
659
612
688
665
644
1611
800
838
840
3152
1611
2867
627
680
828
1258
1300
947
742
758
833
4820
840
825
851
547
1030
769
1280
4864
1611
1364
1528
1335
1056
842
948
506
1049
4851
758
514
738
769
958
794
1249
1249
4832
749
749
646
749
4848
4848
4820
833
833
840
4820
884
969
721
952
721
952
840
803
514
752
850
850
862
799
806
862
851
800
799
799
1128
983
752
806
976
864
977
972
1126
1118
1076
1366
1354
1890
1044
1044
2023
2023
2023
2023
2023
2023
3156
3156
3156
3156
3122
4942
2023
4479
3156
3156
3156
2023
1044
1044
1044
864
976
1132
833
953
1035
1447
1128
1447
825
984
709
796
710
1096
1032
868
1104
1441
1640
710
677
1108
1133
4957
981
4960
4962
835
804
1409
1412
1412
1626
1626
555
1059
1528
1073
1136
1166
862
896
935
799
976
972
971
1132
1179
1482
808
1031
868
1245
959
1185
806
917
862
917
979
1589
978
1090
988
1114
1173
1212
813
1118
1078
1391
813
1145
879
1172
805
1302
853
982
1259
1258
979
879
1070
1033
1031
1483
519
1102
952
969
1110
1138
1251
838
1048
4846
916
987
805
858
988
905
1120
1032
514
896
864
1062
813
709
1117
979
878
1589
727
677
721
627
627
979
1302
1253
1105
983
835
1611
1391
858
1384
847
927
952
905
1090
1190
1439
2388
3755
3851
4429
4423
4445
297
4462
4462
4846
4846
858
1120
1102
882
4962
4962
1040
860
1079
837
1540
837
678
1095
1074
766
1373
1373
384
1190
1264
1258
1264
1154
1417
1128
979
1302
1103
1264
1264
1140
1212
1826
1836
935
944
813
1384
1045
1545
881
1599
943
943
943
1108
1090
863
967
1446
984
1611
1151
1177
805
935
808
1545
1599
836
836
1032
1318
1046
4957
4957
917
933
933
809
1388
1066
1071
1066
1173
1685
1685
1685
1945
1066
1066
1066
1071
1071
1626
1545
964
964
713
961
1127
1038
903
964
970
4957
1207
1256
510
1046
1272
1140
1383
827
1066
1188
1357
766
1188
1182
1504
1028
1028
1089
1089
1037
1091
1038
952
981
1095
1113
1168
1114
1599
836
836
1545
1545
510
1188
1611
1611
1839
2432
2320
3201
3201
2405
2015
1323
1498
1399
1092
1243
1248
1083
930
4961
1274
4961
1058
1065
1599
1626
1263
1871
1775
1362
1597
931
4958
4958
963
4960
1249
4845
941
941
1323
1264
983
1259
851
1114
1066
1245
1095
1374
1348
1398
1130
1106
1275
863
1333
1449
1383
1611
1626
1626
836
1599
836
1626
1626
836
836
836
836
836
1188
1188
1335
1528
935
827
827
863
1449
1357
1611
1611
1263
1599
836
385
1548
1264
851
1362
1626
827
1611
1986
1611
1611
1611
1611
1611
1611
1611
1570
385
1105
1626
1448
1611
1611
1114
1114
1114
1611
1570
1332
1335
1335
877
1578
934
1611
1611
1283
1611
1611
1027
986
1027
1027
1363
1027
1027
1027
1114
1114
2512
1264
3382
1264
1264
949
1199
1147
1323
1611
1114
1449
1363
1373
1611
1027
1027
2512
1027
1317
809
1355
518
2867
2015
1027
1027
1570
1027
1141
1141
1028
1027
1027
1089
1089
1028
991
1504
1398
1130
1085
1571
1398
1626
1626
1626
1626
836
836
836
1599
980
1379
1029
1260
1173
1027
1065
836
836
836
836
836
1147
1366
518
3152
1027
2512
1028
1089
1037
1027
1027
1095
1353
1464
1563
2210
2654
3087
3545
2844
2855
2855
2855
3083
3083
1514
1073
811
1264
876
2867
3200
3200
3201
3200
1363
1141
1363
1089
1028
1141
1141
1141
1028
1028
836
1599
1599
1600
1264
1388
3219
3152
986
1363
991
1210
991
1028
1028
1141
1027
1028
1028
1027
1027
1028
1037
991
3276
1028
1028
1028
1089
836
836
3382
1101
1402
1027
876
986
876
1685
1685
1587
1611
1363
1141
1449
1027
1028
1028
1028
1028
1028
1028
1089
1528
1439
825
1363
1028
1141
1210
1587
1587
1690
986
1028
1548
934
1141
1561
1210
1210
1587
1587
1587
1210
1563
1141
1192
1089
1332
1306
1225
1482
1264
1611
1089
1626
836
1428
1428
1626
836
1200
821
821
1828
1711
1283
2015
1504
1089
1037
1037
1089
1335
1574
1057
1540
1731
1609
986
1449
1398
1130
1543
2512
1037
1091
1453
2208
1446
934
1547
1986
1283
1609
1986
1141
1537
836
1089
1029
876
1685
876
986
986
837
3382
836
1528
1376
1264
2509
3382
2996
1600
1037
1578
887
876
986
825
1504
1052
1615
1335
1639
1627
1042
876
876
876
1538
1203
1911
1429
1037
986
1540
2388
1439
2310
1439
1091
876
1685
1945
1945
2023
2023
1945
2023
2867
1574
980
1121
873
1826
1141
836
1599
836
836
980
1454
1264
1264
1572
1091
1633
3152
1435
1610
1196
2051
1264
2509
1232
3382
1599
1695
826
836
943
1419
943
943
943
3450
1154
3450
3450
2509
1154
1154
1130
1685
1587
1210
1599
1599
1695
1599
1599
3152
871
1482
1678
1874
2199
1874
874
1089
1610
873
1063
991
1561
980
1385
1640
1037
1101
1151
1826
1561
872
1342
821
1754
1645
1945
1836
1685
1685
1945
1945
1945
1945
2023
2023
1685
1685
1685
1685
1685
1685
1594
811
821
1712
1788
1627
1121
1499
1856
1735
1326
1416
1705
1244
1214
1771
1399
1042
1091
1685
1089
1264
2509
1826
2405
1685
1685
991
991
3382
3152
3382
1440
989
1091
1283
1685
1685
1685
1685
1685
1685
1685
1685
1685
1685
1685
1685
1685
1685
1685
1685
1685
1685
1685
1685
2405
809
3201
2867
3382
1054
1584
1525
1675
1517
861
1418
1685
888
1599
1455
1130
1089
1091
1504
3201
3201
1624
1290
1498
1572
1283
2014
2210
1547
1561
1561
1695
1282
1685
1685
1685
3201
980
1500
821
1091
1091
1587
1092
1130
1283
3353
1685
1685
1945
2023
1945
1587
3201
2043
2051
3200
1452
1575
1788
1788
1788
1945
1945
1685
1685
1101
1091
3353
888
1323
1945
2023
2023
1685
1685
1210
1690
1790
1690
1690
1685
3201
1399
1524
1091
2320
1561
1690
1587
1685
1824
3204
3204
3204
1824
1824
1824
1210
3201
1525
1522
1890
1175
1176
821
991
1945
1945
2227
2227
2273
2185
3044
3044
2455
2177
1960
1960
2455
2455
3190
3190
2126
2455
2455
2227
2227
2227
2185
2185
2185
3044
3044
2455
2455
2412
2227
2226
2233
2412
1676
1678
2683
1522
2320
1945
1945
1945
1945
1945
1945
2023
1945
1685
2185
2227
2185
2273
1419
1678
1874
2310
889
2226
2185
2185
2185
2455
810
1544
1375
3087
2902
2903
3441
3201
2305
1945
889
3044
2455
2262
893
2185
2185
2185
3200
3382
3382
1561
3200
3200
2185
2185
2273
2185
2455
2185
2718
2901
1685
1587
1945
1139
1111
1685
2455
3200
3105
2203
2455
2179
2177
3105
2397
2397
2757
1685
1890
2023
2398
2549
3192
3325
3316
2345
2378
3044
3283
2185
3192
3044
3190
3192
3279
2099
66
2185
3325
3192
3192
2275
2816
1962
1962
2059
2169
2169
2059
2078
2764
2377
11
58
2154
1962
1962
58
2764
2099
3382
2262
3382
3450
2397
2030
2281
1957
1957
1957
2153
1957
1957
1971
2009
1101
1083
1561
1685
3044
3522
3522
3525
3044
3044
3011
2943
3192
2455
3192
3325
2118
1979
1979
1962
1962
1998
1962
1962
3190
1694
1044
1044
1044
1044
1044
1044
3190
2455
3201
2455
2185
2233
2185
2179
3382
2996
1444
1406
2432
3279
1945
1945
2023
3316
2273
2233
2203
2177
2205
1154
433
1685
3044
2023
3387
3044
3283
3044
3044
3200
3219
3200
3200
2256
2558
2254
874
1678
1044
1044
1727
2388
1154
1154
3192
3387
3382
894
1979
1154
1880
1561
3283
2903
3382
2267
2254
1678
1453
1375
3044
2549
3044
3044
3563
3563
2398
2549
2549
2398
2398
2398
2398
3563
3563
3552
3563
3563
2117
2010
1587
2023
3219
3282
874
1627
2509
3192
1685
2023
1044
2764
3044
3044
3563
3276
1945
1945
1836
3283
11
2099
1979
1697
2208
1043
1735
2654
3044
3044
3044
2398
1945
1685
1685
2099
2388
3192
3522
3601
3601
3105
3285
3150
773
2197
773
1971
1972
1587
3200
2383
2474
3450
3200
3561
3450
3383
1836
1828
1685
1685
1685
2903
1044
1710
2077
2171
1727
1727
3522
3601
3601
1945
1945
2023
2377
3044
3192
2902
1690
874
2171
1602
3562
1587
2007
3436
1945
2023
3734
2023
2023
2002
1043
1375
3381
2023
2023
2023
2023
2023
1044
66
2332
2025
2039
2002
1962
1119
3563
2977
3044
3044
3044
2023
1697
56
2267
66
2002
1416
1713
1756
2398
2398
2014
1690
1690
1690
1561
1690
2023
2023
2023
1697
1697
2002
1111
2855
1945
3083
1561
1685
1685
1685
1044
299
31
2332
1962
4807
198
21
4807
2385
2374
2382
2377
31
4807
21
181
31
2332
2170
2002
2170
1415
1767
1767
1298
2903
2903
2903
3561
3561
3450
3450
3527
1415
2476
3325
3047
2320
2903
2903
1044
2077
1771
1767
1913
1771
1271
2003
3552
3044
3044
2398
3560
1044
1154
3441
2023
1044
1044
1044
1044
66
66
2654
1685
2902
3560
2903
1044
1044
2084
2254
2943
3552
3562
3522
3522
1690
1954
2023
1044
11
299
1502
1119
2388
3522
3450
3450
3285
3371
2975
1690
1044
1044
1044
1106
3044
2398
2398
2549
2549
1824
1685
1824
1824
1685
1824
3560
1044
3450
1959
2007
2683
1761
2943
3192
3325
1587
1044
1044
1044
1044
1044
1044
1044
1044
1044
3450
3450
3450
1270
440
440
3166
1756
1068
3563
1824
2903
2254
432
1705
2683
2683
2683
3661
1296
1761
2698
2526
2943
1685
1887
3563
3563
3044
3561
3561
3450
2254
1616
1857
2943
3087
1690
3560
3601
2023
1044
1044
1044
1044
1044
4555
3466
3498
3458
4310
1044
1044
3450
3450
3450
1603
1789
3044
3522
1824
3561
3105
3105
2374
3450
3450
66
3044
2855
1587
1690
1690
2397
2557
3450
1959
2683
1761
3044
1690
1824
1044
3044
2023
3286
3204
3204
3111
2890
4160
1690
1690
2683
2683
3044
2930
1945
3286
3083
3083
3204
3204
3204
3286
3204
4565
1824
3601
2903
1154
3450
2560
3522
2023
4146
4061
2647
4005
4005
4033
4013
4013
4939
1156
2023
2154
3269
3436
4061
2902
4807
2297
441
441
440
1855
441
441
441
3480
3859
441
441
4561
3413
441
441
440
1294
1294
2778
2646
3661
4033
2526
2683
2398
2398
2976
3317
3044
1824
3083
3450
432
2336
1875
3570
4279
2967
3286
3156
3156
3286
2930
1962
2526
2560
2902
3601
4476
1855
4974
4476
4476
4500
4671
3478
3159
1044
1044
4555
4500
4500
4476
441
4476
4671
3159
4671
4500
4500
4476
4476
3595
3739
3564
3125
3885
3857
3672
4210
3672
2007
1682
2349
1214
3317
3601
3156
1690
1044
2199
4500
2199
59
59
4476
441
4476
4974
441
1310
3044
3204
3204
2855
2855
2855
3156
1824
4671
3471
3467
3612
3337
4277
3746
3746
3789
3870
3789
3710
3870
3710
4316
4284
3904
3457
3124
4500
4671
2197
1972
441
2332
1857
1603
1857
1527
1294
2943
1824
1044
1044
1044
3156
3159
2197
441
1855
4974
2961
3536
1690
1690
3601
3561
1044
1044
4942
3562
3523
1690
2023
4942
2023
3160
2451
1962
441
2526
2919
3204
2919
3204
3601
2903
3561
4807
2171
2154
2171
2154
441
2978
2855
2903
3124
66
2002
1962
2930
2855
3122
3405
3648
4184
3405
3868
4000
4315
3159
3450
1913
3204
3105
3471
3450
2157
2275
3093
3990
2903
2903
2902
3083
1981
4942
1962
1962
3285
2976
3386
2978
1959
2976
2855
2023
3105
3465
3803
3537
441
441
3087
2855
2023
3105
2002
2007
2007
2171
2154
2942
2009
3067
2977
3083
3285
3523
4942
3122
3122
2002
3990
3450
2197
4745
3125
2671
4745
441
3660
1762
1756
2811
2873
1472
4769
3885
3857
2002
1962
441
2953
1998
2855
1955
3734
3450
3450
3105
3561
2026
3595
3749
4211
3970
3711
3710
1154
2683
2560
3083
3450
3561
3500
1962
1154
1154
1154
1762
1875
2050
3918
3917
2275
3156
2903
3561
2197
3450
3105
441
2742
3122
3285
1962
3148
3083
2673
3156
3156
3156
3156
3156
3156
3286
3156
3156
3156
3156
3539
4219
4047
3450
3105
2059
2025
2169
2025
1962
1962
2025
2349
3148
3328
3108
3744
3744
3745
2800
2746
3105
2683
3755
2550
3523
3565
3450
3450
3741
3711
3748
4226
441
2767
440
2855
1476
3083
3498
3885
1971
2059
2953
2953
2975
4936
4061
4061
4124
4124
4006
4380
4938
3285
3286
1981
3083
3442
1962
3561
3885
3857
3885
3857
3105
1971
1962
3164
3857
3819
3819
3695
3695
3841
3841
3856
3709
3951
3949
3739
440
3204
3204
3156
773
773
1972
773
773
773
780
2009
1971
3539
2281
2008
3105
3561
3885
3819
3819
3848
3709
3696
3948
3952
3694
3848
3709
3709
1214
1755
3012
3286
3204
2745
3083
3083
4183
3389
3537
2009
2557
2178
2557
1962
1962
2209
3286
3286
3561
2009
1972
2683
2496
3286
3204
3286
3286
3286
3286
3561
2009
3885
2025
3885
1154
1154
4345
3164
3685
3857
3753
3753
3753
3753
3753
3870
3870
3870
4044
4034
4034
4044
4185
3710
3870
3870
3870
3753
3753
3753
3847
3753
3857
3753
2683
2855
2873
3286
2197
2009
1971
2059
2154
2025
1154
3450
2671
4888
2683
3286
3286
2153
1957
1957
1957
3105
3105
3450
3595
2288
3204
3083
2743
2673
3145
3156
1957
3672
2169
2154
3450
3204
3156
3070
2153
1972
2154
2059
3819
3857
3820
3820
3820
4297
4297
4044
3695
3695
3841
3857
3857
3857
2768
2257
2902
3156
3405
3156
1998
1957
1957
1957
1955
3671
388
3093
2153
2059
2059
2153
1957
1962
1957
2025
2153
3450
3105
2606
3405
2811
4198
2187
3561
2154
2153
3450
3819
3819
3819
3819
1154
1214
440
4882
3204
3204
3165
2059
3672
3105
3819
3857
3847
4041
3819
3752
3819
4146
4229
3083
2059
2768
4182
388
2811
2879
3526
2957
4146
4228
3204
290
3672
3695
1214
3083
3105
3536
3105
3672
3949
3951
3951
4034
3949
3787
4910
4065
4233
4202
3819
3847
3847
3847
3819
3848
3841
3848
3752
3695
1154
3478
3543
3545
3765
3465
2742
2864
4210
3742
3105
3450
3752
3951
3695
3695
3841
3819
3847
3753
3847
3847
2745
2673
3536
3450
3819
4887
3951
3544
3286
2745
3896
3819
4028
3848
3847
3695
436
4146
2890
4183
1154
3450
3478
4887
290
3672
3709
3695
3695
3847
3164
3819
2257
2957
3568
2967
2643
3695
3856
3819
3695
2819
3130
2798
2745
3998
3820
3949
3798
3819
439
3672
3672
3672
3819
2871
2744
3949
2498
4229
3672
3685
3841
3168
3819
3545
4228
3111
3695
3841
3168
2702
3318
4229
2673
3450
3847
2665
2742
2920
3450
3527
3536
2960
3661
3661
4013
3851
2646
4210
2423
3168
3787
3787
3688
4908
4911
4912
4117
4375
4088
4899
4365
4898
3700
4140
3700
4088
3700
4899
3700
3995
3698
3698
3168
3699
3701
3720
3719
3719
4086
3700
3700
3701
4901
3720
3720
3720
3721
4913
3930
4912
4905
3719
4906
4908
3688
3720
4901
4064
4064
4088
4085
4085
4901
4901
3720
3701
4140
4089
3700
3700
4086
3388
4229
2877
4251
3820
3672
2563
3848
3841
3995
4028
3995
3849
4028
3698
3688
3841
3787
3720
3415
3869
4901
4911
3698
3995
4910
290
3848
3841
3847
3847
3753
3847
3847
3881
3720
3721
3882
3328
3896
3963
391
3787
3720
3698
2671
3458
2673
1021
3847
3718
4086
3723
3433
3915
3896
3896
3822
1023
2961
3428
3728
4910
4908
4908
4905
4906
3719
3719
4908
4061
2646
2879
4901
4908
4910
3855
4065
3953
4910
3789
3753
3870
3870
3870
3870
3870
3710
3712
3753
3742
3963
3789
3711
3711
3753
3719
3719
4140
4908
4908
3718
3695
3695
2683
4210
2745
3718
3689
4907
4908
3870
2646
2778
4033
2673
3948
3640
3857
4910
4908
2665
3859
3274
4255
4217
3815
3550
3753
3582
3841
3721
3719
2746
3998
3948
4098
4901
4927
3886
3338
3870
3275
4908
3108
2897
2606
4908
3749
3882
3699
3537
4210
3820
3948
3709
3847
3753
3753
3870
3753
3753
3753
3753
3870
3870
3753
3710
3870
4044
3857
3753
3870
3870
3753
3753
3753
3857
4044
3857
3820
3998
3871
3598
2683
4140
4099
4089
4089
4089
3700
4394
4402
3700
3700
4102
4913
4898
4898
4365
4088
4088
4064
4086
3719
4906
4374
4912
3719
4908
4908
4065
3953
4912
4912
3699
3765
2798
2890
3637
4124
4061
4033
389
3688
4202
3952
3633
3127
3755
1154
3841
4906
3699
3998
4061
4012
4124
4005
3637
3949
3720
3689
4064
3847
3870
3753
3870
3870
3870
3661
3661
4013
3881
4184
3719
4911
3091
4014
4408
4124
3717
2702
4906
3995
3995
4910
4065
3753
3721
3825
4378
4345
4297
3092
3092
4006
4124
4124
4006
4005
4124
4124
4006
4006
4408
4408
4380
4014
4408
4901
4086
3709
3948
4272
3337
3841
3882
3868
4006
4086
4279
4013
294
3755
4122
4908
3953
3820
4229
4014
4408
4229
3792
4124
4345
3880
4282
3091
4380
4380
3949
4908
3753
3753
3753
3870
3870
3476
3882
4044
4034
3699
3712
3753
3463
4224
4263
4901
4901
4901
2890
3701
3700
4297
3088
4124
4005
4005
4013
4005
4005
4940
4387
4455
4455
4462
293
3919
4005
4005
3661
2665
4272
3701
3701
3700
4899
3699
3700
4140
4101
4089
4130
3677
4089
3677
4089
3700
4140
3700
3700
4106
4899
4381
4102
4133
4925
4116
4089
4900
4101
4101
4898
4896
3998
4908
3753
3870
3753
4910
4910
4910
4901
4896
3701
3699
4898
3700
4105
4105
4901
4901
4901
3701
4229
3091
3717
3950
4297
3753
4013
4901
4901
3701
4927
4088
4927
4927
4088
3701
4140
4175
4088
3701
4901
3459
3754
4202
4296
3851
3851
4905
4098
4901
4139
3701
4129
4928
4088
3701
4901
3701
4088
4088
3701
3701
4927
3701
4899
4901
4251
3716
4927
3754
2890
3753
3870
3582
3851
4065
3847
3742
3789
3970
3970
3870
3476
4044
3701
4897
4251
4034
3710
3710
3753
3697
3882
3699
4345
3887
3661
4206
4014
3820
3948
4163
3851
3700
4064
3768
3701
4206
4206
3949
4044
4910
3970
3970
4201
3274
3800
4028
4088
2801
4938
4938
4258
3672
3742
3857
3857
3672
3857
4088
4912
3970
3712
4277
3870
3870
3870
3710
3870
3870
4034
3847
4005
4005
4013
4005
4005
3870
3964
4005
4033
3949
4912
4927
3701
4927
4088
4938
4380
3820
3461
3527
3948
4225
3849
4005
3870
3710
4105
4014
3753
3753
4316
4281
3710
3851
3870
4048
3695
3700
3335
3898
4117
3857
3753
3712
3753
3857
3753
3753
294
4202
4272
3948
4044
3710
3661
4913
4216
4913
3987
3898
3845
4013
4013
3851
4044
3710
4088
3567
3845
3753
3127
4013
4013
3800
4926
4163
4281
4281
4044
3700
3700
4034
3949
3891
3859
4044
4913
4217
3859
3800
4044
4122
4899
4899
4140
4129
4913
3335
4048
3939
4913
4118
4402
4938
4034
3949
3949
4380
4455
4455
4387
4455
4455
4455
4455
4462
4462
4740
4740
4740
4408
4122
3851
4898
4374
4088
4899
4455
3513
4034
4319
4375
4898
4140
4034
4898
4898
4105
4206
4102
4089
4455
4140
4089
4140
3919
3700
4375
4898
4005
4005
4455
4005
4005
4388
4387
4005
4455
4462
4462
4462
4462
292
4450
3919
4429
4455
3919
4369
4089
3700
4899
4450
292
4450
4140
3700
1155
3700
4089
4176
4102
4105
4105
4089
4450
4102
4137
4455
4455
4429
4899
4899
4925
4455
4455
4462
4429
4462
292
294
4014
4455
4455
4462
4076
4450
3663
4101
4455
4106
4081
4089
4109
4900
4102
4130
4105
4106
4925
4925
4106
4106
4109
4101
4101
4101
4462
4455
4106
4106
4900
4101
4100
4101
4455
4423
4462
4423
293
293
4455
4077
293
293
292
292
4455
297
4455
297
292
292
4077
4462
4462
4462
4462
4462
4462
4665
4665
4740
4740
4740
4677
4740
4740
4740
4740
4699
4699
4699
4699
4699
4699
4699
4699
4699
4699
4699
4699
4699
4699
4699
4699
292
4462
4740
4665
4462
297
4462
293
297
4462
4453
4462
293
4462
4462
4462
4462
297
293
4462
4462
293
4445
292
4455
292
4462
4462
4462
4462
4462
4462
4740
4740
4740
4740
4740
4665
4665
4699
4699
4699
4699
4699
4699
4699
4699
4699
4699
4740
4740
4740
4740
4740
4740
4462
4699
4699
4462
4462
4462
4740
4462
4462
4462
4740
4740
4740
4462
4740
4462
4462
4462
4699
4699
4699
4699
4699
4699
4699
4699
4699
4699
4699
4699
4699
4699
4699
4699
4699
4699
4699
4699
4699
4699
4699
4699
4677
4462
4699
4699
4699
4699
4699
4462
4699
4699
4699
4699
4740
4462
4665
4699
4699
4699
4699
4462
4462
4740
4462
4699
4462
4699
4699
4699
4462
4699
4462
4699
4699
4739
4699
4740
4462
4699
4699
4699
4665
4665
4699
4699
4699
4699
4740
4462
4665
4462
4740
4740
4740
4462
4740
4462
4699
4699
4699
4740
4462
4699
4699
4462
4699
4699
4462
4740
4699
4699
4699
4665
4740
4740
4462
4532
4740
4740
4462
4740
4740
4740
4740
4740
4740
4699
4699
4740
4677
4677
4665
4532
4699
4699
4699
4699
4740
4677
4677
4699
4740
4740
4677
4677
4665
4665
4740
4665
4699
4699
4699
4740
4740
4740
4740
4699
4665
4665
4699
4699
4740
4740
4677
4740
4699
4740
4532
4699
4699
4699
4699
4699
4699
4699
4699
4699
4740
4699
4699
4699
4699
4699
4740
4699
4740
4740
4740
4699
4740
4740
4740
4740
4740
4532
4740
4699
4699
4699
4699
4699
4699
4699
4699
4699
4699
4740
4740
4699
4699
4699
4665
4665
4740
4740
4740
4665
4665
4740
4699
4699
4699
4699
4699
4699
4699
4740
4740
4740
4699
4699
4740
4740
4740
4740
4740
4699
4740
4740
4740
4699
4699
4699
4699
4699
4740
4665
4740
4740
4740
4740
4740
4740
4740
4740
4699
4699
4740
4740
4740
4740
4740
4740
4665
4665
4740
4740
4740
4740
4740
4699
4740
4740
4699
4740
4740
4740
4699
4699
4699
4699
4740
4740
4740
4699
4740
4814
59
21
4814
4815
4815
4814
4814
4811
52
4815
224
197
349
302
4809
903
712
696
659
687
687
617
567
4844
4844
4844
628
628
690
617
617
499
536
617
614
614
941
696
617
499
628
749
749
690
749
688
714
903
903
628
494
494
536
903
909
4858
537
499
4993
941
592
645
617
4848
526
524
689
750
614
687
617
537
714
963
487
4845
529
529
4853
713
687
525
569
614
964
714
617
1611
766
1143
766
1357
384
1611
1391
1357
1611
628
3201
2060
2010
2385
2374
1962
2382
1961
1961
2010
1044
3156
3156
3156
4500
1788
4942
3156
1712
1044
1874
1874
1855
441
3561
4089
3720
3700
4088
3700
4140
3701
3720
3700
4140
4101
3701
3701
4898
4898
3700
3720
4936
3090
4005
4005
4124
4007
4124
4124
4124
4076
4124
4380
3092
4124
4010
4408
4124
4140
4088
4699
4699
4699
4699
4699
4699
4699
4665
4740
4699
4699
4665
4699
4462
4699
4699
4699
905
710
833
4847
710
905
905
4847
905
905
1044
4500
2199
1044
1044
1044
1874
1044
2199
1044
1044
1044
2199
1874
2199
2199
2199
2199
2199
1044
1044
2199
1874
1044
2199
1044
1044
1044
2199
2199
2199
1044
2199
1044
2199
2199
1044
1727
2199
3753
4106
3753
3870
4085
4927
4206
4106
4900
