101
4795
237
4795
257
301
321
219
187
453
9
9
130
20
50
221
299
4798
231
91
86
130
27
407
378
4798
61
61
145
151
4796
255
4797
88
130
130
221
217
104
101
132
166
388
301
293
293
382
212
130
86
87
129
129
231
262
83
57
83
83
83
84
86
86
210
65
69
150
25
25
130
162
4796
74
164
164
291
133
130
217
129
86
129
86
84
86
88
87
86
87
94
104
49
86
217
161
231
151
83
86
131
263
107
87
87
20
87
86
129
130
101
382
223
243
227
114
369
751
670
403
389
122
188
88
217
34
65
212
129
221
152
133
101
217
145
232
151
145
217
231
384
151
384
151
83
151
217
4796
4796
4798
151
83
145
82
379
263
66
34
130
130
82
217
151
71
104
156
128
234
230
426
173
430
414
441
508
10
728
182
183
722
184
186
295
187
224
180
297
219
187
186
453
3
217
231
231
48
104
40
222
320
222
213
242
86
85
87
217
3
104
231
46
130
224
253
431
431
164
294
207
219
295
295
114
218
217
83
52
407
208
253
128
74
150
150
72
187
224
51
83
151
14
280
222
83
217
130
297
84
127
191
219
270
219
295
51
83
86
83
412
243
212
67
4799
5
372
372
319
270
372
275
61
110
319
382
258
152
151
151
322
148
412
412
149
408
25
243
133
320
300
373
187
187
297
295
83
299
300
219
199
52
106
110
223
277
89
310
265
132
295
84
83
245
270
83
83
380
321
295
379
187
295
295
185
737
673
821
889
890
1713
2141
2489
2680
3199
3542
3542
3543
3885
3956
4507
348
3160
2944
3199
4372
129
67
74
83
83
379
187
187
326
363
360
364
796
796
295
361
4803
25
4803
237
294
373
245
52
83
354
83
370
44
382
398
151
354
106
32
388
232
168
42
171
521
187
83
83
408
277
255
55
44
245
167
4800
408
4796
4796
7
359
355
403
403
726
424
830
325
429
414
406
396
169
668
701
440
520
520
187
360
403
445
187
374
389
369
414
453
167
554
666
777
838
461
4854
1346
1901
2510
2783
2908
2795
2795
3753
3240
3240
3400
2968
474
474
1920
1919
2367
2367
2367
2417
2417
1909
1916
2237
1870
1870
1791
1636
1636
1706
1649
1878
1434
1645
2501
1457
2954
3513
499
2827
3104
2847
557
295
324
381
536
511
517
451
524
452
738
441
441
427
446
553
453
324
193
722
453
530
738
518
9
453
193
508
459
459
515
360
650
504
525
540
508
427
564
781
666
527
555
537
670
424
738
651
853
651
654
689
687
687
767
687
767
687
611
611
710
689
710
4815
4815
689
611
611
577
577
632
632
710
633
633
1105
629
629
1105
4955
1080
4956
1185
1185
1425
1261
1476
1358
1244
1270
1129
602
1096
1039
608
660
687
620
4815
689
620
687
620
4824
4824
4824
4824
4824
4824
767
767
767
767
621
767
767
767
724
195
415
689
617
615
780
617
759
760
4816
759
611
611
611
658
621
574
574
676
611
577
577
617
632
633
729
769
918
4838
649
361
531
855
1056
1054
117
687
687
621
687
689
611
687
621
620
687
621
781
687
687
767
660
577
633
580
660
577
613
838
650
822
767
767
767
767
767
767
767
767
767
665
621
618
618
767
618
4824
660
658
660
659
657
777
660
657
577
633
748
769
729
767
767
767
767
767
767
621
618
618
788
800
800
767
767
800
800
767
460
641
767
767
727
781
625
633
730
770
772
772
877
767
574
830
808
4851
641
699
737
796
574
543
660
633
662
4824
4824
4824
767
767
767
767
767
4824
800
800
800
1288
846
750
767
633
699
830
771
460
676
767
767
4824
424
787
767
800
4824
846
767
767
693
784
712
767
767
787
813
640
923
917
854
830
1057
1288
799
800
767
767
720
802
1222
1025
4824
662
590
460
4824
4824
799
866
769
4824
800
787
772
855
4955
753
718
861
803
804
760
615
637
638
800
1025
639
769
835
718
1288
1288
848
1899
1451
1702
1079
1288
876
1882
4812
814
854
753
851
797
1288
4955
4824
800
800
800
800
800
854
4840
4956
4822
769
1024
788
719
800
1288
870
364
733
880
918
593
795
918
651
857
1747
2028
2289
2322
2479
2555
2527
2455
2187
2197
2538
2138
1979
1936
2101
1959
800
800
800
852
646
4840
1417
1415
1415
4840
800
993
1035
1096
1238
1096
1170
1171
1709
1171
1166
603
1171
1257
1564
938
1586
1349
1243
1365
1364
1323
1014
1182
1182
1182
1794
1751
951
2181
4878
4879
1035
1511
936
936
967
967
1099
599
1096
1270
806
1509
971
607
1063
1171
1096
1096
1170
602
1462
1276
1099
601
1063
1169
1653
993
1003
1349
1352
600
600
1472
1415
1261
734
941
1167
1072
1019
1271
941
1266
1232
1213
1248
1667
950
1794
1794
2009
1797
1993
1927
1678
1755
1618
1439
1133
1163
1135
1199
1328
1415
1417
838
1079
1116
1019
1697
1869
1013
1013
1765
1182
1762
1762
838
1238
627
1048
1048
828
1488
1199
1171
1185
716
803
779
716
803
803
803
800
720
720
720
4824
720
717
1079
941
941
1056
814
1057
2305
1058
603
602
979
1243
1523
822
806
761
862
863
1072
1266
1081
778
1238
1087
857
1079
1352
1511
1565
1720
1199
1199
1243
1270
1322
1397
4838
715
1096
838
1198
1244
1270
1292
1185
803
716
720
803
803
804
804
863
941
715
863
863
1070
4809
1045
825
1167
1232
1168
1329
861
1247
1266
1133
1232
1135
1135
961
1127
863
941
1064
4956
1135
1126
1137
1162
1214
1178
1302
1546
1227
1227
1406
2310
2332
2565
1808
2512
3039
3318
3111
3420
3005
2974
2690
3147
3147
2620
2699
2628
1174
1263
1210
862
1167
1010
1477
600
1535
1247
1229
1229
922
861
863
1395
1179
1561
1779
1928
863
791
1095
825
1252
4956
4956
1364
1364
1010
1009
1009
1089
1462
1616
1488
1462
1168
1133
1247
1203
941
1359
1224
1163
1326
1383
1895
1210
1136
1089
1201
1486
1365
1135
1272
1247
1135
1247
1247
1079
1234
1559
1554
1577
1705
1551
1225
1275
1051
1232
1412
1353
1213
824
856
1243
1243
1276
1187
1019
1214
1269
1366
1810
1269
1039
4845
1047
640
1253
1066
1255
1364
596
1471
1329
1019
1232
1178
1213
493
831
1101
1725
1270
1214
1631
1213
1213
1070
992
1330
1275
1574
1427
1042
1095
1364
857
1247
1199
968
1412
822
1378
1163
847
1288
1082
1248
1366
1667
4809
1364
1338
1346
335
2945
348
4324
4465
4231
1312
4716
1317
1317
4423
4678
4716
1319
1256
1415
1248
1198
1248
1397
1185
1113
1133
1695
1631
1502
1599
1724
1427
1480
1129
1517
879
1346
1078
1556
1562
1709
1247
607
1302
1078
888
1424
1705
1887
2326
1247
1667
1269
1719
1364
1298
1365
1300
1182
1980
1095
1281
1439
1228
1755
1803
1207
1353
1692
1817
1290
1298
1300
1298
1365
1014
1182
1517
1179
1415
1185
1252
1272
1134
1016
1016
1487
1406
1479
1553
1552
1776
1647
1879
1884
1577
1576
1692
1410
1182
1014
1176
1043
4809
825
1131
1043
828
1047
1066
1255
1384
1423
1215
1419
1255
1423
1593
1185
1554
1180
1445
1435
1605
1467
1582
1454
2502
1131
1131
1176
1345
1101
1486
1230
1014
1014
1014
1794
1445
1528
1826
1448
1868
2001
1848
1451
1451
845
882
1453
1691
1912
2879
2523
2794
2794
1823
1211
1424
1113
1293
1569
1010
1300
1428
1648
1606
1469
1338
1176
1113
1113
1113
1113
1113
1108
334
1087
597
1009
1019
1576
494
1356
1468
1518
1859
2879
2681
2879
1822
2879
1476
1439
1199
1616
1452
1014
1008
1014
1765
1014
1394
1008
1008
1767
1767
1767
1686
1498
1685
1573
1134
1330
1209
1209
1016
1551
1511
735
1566
1365
1300
465
1570
652
1209
1444
1393
1209
1288
1451
782
1172
1539
1200
1216
1722
1494
1330
841
1706
1624
1635
1541
1684
1196
1705
492
492
1527
1698
1701
1624
1706
1651
1637
1626
1577
1602
858
1281
1281
494
1438
1779
1534
1543
1532
1564
1650
4856
1578
1601
1683
1476
1019
1333
1564
845
1529
1578
1664
1662
1580
1433
1690
1665
1832
1639
1674
1483
1688
1675
1010
1393
1393
1032
1013
1386
1013
1869
1854
1016
1592
1634
1486
1386
1386
1386
1534
1817
1082
1466
1574
1579
1638
1829
1378
1540
1570
1886
2695
3203
3621
3331
2835
2756
2921
2921
3040
1910
1605
1617
1652
1657
1656
898
2305
2305
2479
2014
2555
1637
607
1431
1580
1580
1582
1616
1182
1014
1795
1411
1545
1057
2305
898
858
1706
1581
1793
1682
1672
1433
1579
1583
2460
2814
3069
1579
1765
1681
2541
2410
1629
1907
1923
1970
1650
1682
1650
1637
1433
1580
1582
1684
1629
1831
845
1580
1793
1791
1791
1970
1871
1909
2797
1791
1637
1402
1659
1793
1791
1791
1791
1870
1793
1637
1482
1672
1593
1667
1654
1815
1475
1513
1518
1014
1767
1391
1464
1453
1929
2181
1696
2239
1526
1728
1728
1665
1579
1336
1494
1913
1548
1657
1625
1660
1859
1756
496
2350
1545
1406
1915
1797
1547
1550
1680
1451
1767
1489
1755
1776
1636
1662
1659
1580
1182
971
1684
1851
1747
1850
2229
1055
1405
1134
1657
1636
1122
1584
1810
1335
1981
2202
1831
1503
1181
1788
1668
1662
1599
1873
1670
1752
1712
1630
1558
1906
1809
2298
2267
2512
2037
2267
1656
1599
1710
1693
1734
1379
1662
858
1013
1724
1661
1697
1810
1674
4858
1898
2464
1689
1454
2262
2022
1447
1013
1660
1745
1632
1013
1924
1015
1182
1964
1015
1182
1182
2086
2243
1713
2141
1850
1713
1455
1745
1636
1791
1765
1765
1765
1758
1758
858
1877
1984
1784
4872
4879
4979
2161
1994
1896
1360
1872
2193
1886
1869
2009
1583
1754
1139
1872
1799
2123
955
2462
1666
1840
2325
1897
491
1809
2815
2554
2226
1636
1928
2189
1813
2665
2257
2192
466
1729
1967
2666
2523
2143
1837
1796
491
1858
1555
1827
2309
1846
1923
1861
1656
898
898
898
2305
898
858
2202
1485
1447
491
1907
1923
1970
1970
1916
1916
1916
1916
491
490
1909
1909
1916
1916
491
1848
1758
1451
2322
1656
2289
2189
2362
2142
1679
1761
1761
1906
1761
1869
1758
1925
2182
1884
2479
2418
1964
1980
1797
1604
1881
1448
1607
1872
2368
1611
1855
491
491
1970
1908
1451
2305
1852
2179
1801
1484
491
1855
1727
1971
491
2160
1809
489
2869
490
1809
1870
1814
1608
2305
2142
500
2642
502
502
2847
1841
2160
1970
1870
2502
2053
2132
2314
1845
2037
2325
1970
1907
1907
2012
2412
2100
2563
2921
2160
1853
1726
2781
2681
2879
1867
1807
1871
2316
2417
2861
1910
1910
3026
474
474
474
3026
2861
1614
3042
2418
2191
466
1360
2122
2009
2303
2036
1809
2511
2244
2222
2477
2497
2443
2263
2353
2265
2511
2217
2354
2245
2265
2208
2413
2342
2342
2102
2187
2219
2219
2208
2514
2245
2265
2208
1890
1891
1828
2157
1900
1640
2160
490
1809
1809
2498
490
2298
1970
2245
2514
2220
2514
2413
2327
4958
4879
1973
1140
2222
2244
2222
2048
2313
2009
1864
2749
2021
2851
2800
2171
1608
1678
2514
2342
2220
2342
2477
2477
2219
2305
2049
900
1866
1696
2479
2514
2514
2220
2514
2511
2409
2695
1907
1908
1916
2160
2219
2159
1658
2311
2049
2049
2263
2204
2313
2313
2289
2164
1607
1658
490
1972
2210
2343
2828
3232
2967
2480
2111
2344
2455
2414
2552
2218
2674
2868
2194
1959
2220
2218
2457
3274
2988
2870
2883
2883
903
903
903
2778
2778
2217
2043
2131
2473
2500
2522
1946
2131
2289
2353
2222
2086
2348
2538
902
903
902
902
902
2778
2901
2778
1821
2855
2368
1916
2443
2397
2891
2984
2280
3089
3089
2987
2466
2962
2887
2480
2274
2225
2339
2987
2897
2779
2883
2883
2106
1860
2483
4983
4983
2217
2220
2133
2413
2194
2313
2048
2048
2198
2035
1787
2879
2319
2458
2734
1845
2431
2215
2514
2264
2166
2040
2204
891
1891
2226
1916
2796
2497
2102
2627
2445
1380
2497
2306
2288
2545
2101
2194
2302
2463
4986
335
1752
2472
2255
1871
3232
2229
1937
900
1679
1753
2366
2867
2454
2440
2049
1955
891
1715
2351
2442
3083
2278
2964
2964
2965
2867
2457
3084
3150
3087
3083
3087
2894
2894
2965
2964
2803
1640
2886
2368
1909
2247
2049
2048
2642
2642
2350
2012
2104
490
2298
2039
2063
2803
2456
2964
2597
490
2107
1408
2311
2194
1959
2086
2782
1995
1305
1641
3082
3087
2964
3038
2458
1909
1909
2443
1976
1711
2459
2397
2396
3007
3007
2540
2556
2557
2557
2557
2558
2901
902
1909
2291
2004
900
2455
2308
2540
2540
2540
2226
2445
2121
2681
2554
490
2226
2165
2635
1954
1936
2203
2397
2397
3007
1809
1809
1809
1809
2516
2035
3131
1450
2359
3032
2162
2879
2681
1820
1449
1909
2307
2397
2498
2390
2431
2566
4882
2352
2001
2431
2566
1808
2628
1988
908
904
2779
2474
2541
2879
2872
2280
3046
1917
2165
1146
2317
1960
2949
2683
2456
3038
3083
1612
2910
2756
2829
2619
2699
2125
2035
2297
2597
2818
2358
1613
2226
2367
2482
2131
2522
3030
2175
2224
2085
2085
2131
2110
2030
2030
2005
1960
468
3280
2498
2471
2519
2959
2490
2490
2490
2540
2471
2879
2879
2320
3197
2116
1969
2407
1141
2286
2476
2400
2456
2894
2965
3150
2798
2736
1713
2755
2567
1149
4974
2485
2487
1959
2387
2990
2861
2406
2700
2519
2450
2031
3132
3288
2965
2965
2891
2397
2553
2435
2045
1150
1149
2110
1959
336
2891
2892
2540
2984
3089
2281
3272
2308
2126
2879
1822
1822
2879
2949
3082
3082
3080
3080
2282
2861
2861
2316
1150
2138
2383
2031
1822
2965
2988
2457
2987
1150
2973
3043
4974
2786
2787
1158
3043
4981
2489
2557
498
3734
3127
3766
2966
2965
2316
2397
2131
2387
2854
2184
2183
3008
2507
2011
1306
2185
3153
1922
2420
2278
2894
2891
2527
2547
2738
2387
2388
3029
2553
2829
2396
2396
2977
2975
3043
3043
3271
3903
2876
2534
4077
2716
2812
2348
2557
2135
3280
3082
2562
2396
2540
2540
2085
2348
2489
2154
2964
2835
2316
2316
2921
2396
2558
2558
2348
2854
2623
1967
3080
2910
1910
1946
485
478
3340
3229
3229
2591
3504
3662
3231
3551
3771
3531
3551
3740
3512
3678
3678
3400
2910
2255
2157
1822
2501
3046
2814
2849
3229
2591
2591
3662
3231
3229
3229
3350
3350
3367
3229
3229
3299
1613
2547
1713
2348
1773
3196
3011
2856
4276
4132
4332
3910
4324
2396
2199
2987
1609
3952
2880
2131
2827
2664
4147
498
2649
4147
4147
4147
4166
3747
4133
4161
4147
4147
2651
2904
2658
4036
4147
4147
4147
4147
3921
2509
3024
4150
3949
3548
1732
2936
3087
3087
2281
3046
2280
3089
474
3040
2348
2523
3267
3525
3526
3527
3512
3512
3512
3740
2579
3539
3228
3112
3116
3358
3069
2030
3086
2638
2617
3007
2716
2716
2716
2647
2716
2651
3271
3271
3078
2980
4970
2649
2709
2658
2810
2801
2711
2745
3200
2929
2774
2533
3027
2760
2720
3047
3155
2726
3321
2844
2730
2388
3215
2795
3089
3007
3117
2396
2744
2811
2085
2085
2713
2650
2135
3266
3046
2679
3026
3340
1613
3040
2756
3331
3318
2540
2874
2840
3129
2535
4111
2933
3714
2934
4088
4088
4045
4046
2535
3939
2533
2830
4873
2198
902
2538
908
2388
469
2946
2988
2280
3043
2974
3151
2836
2906
2538
2647
470
2984
2910
3030
2540
2716
2974
2984
2804
2910
3138
2693
2173
2475
2647
3314
2453
3429
3144
3026
2814
3146
2540
2173
2383
904
2383
2493
3921
3089
2756
3298
907
2199
2383
3269
3331
3480
3003
4152
4177
3847
3527
4085
3932
4067
2876
3015
2348
4147
3528
474
2540
2831
3233
2523
2731
2544
3234
2520
2547
3044
3240
3040
2475
2475
2746
2348
3510
2913
3269
3026
902
3069
2540
2540
4036
4036
2535
3363
3457
2984
3025
2339
2540
2383
904
2696
2779
3089
3089
3089
2280
3040
2540
2557
2556
3241
2974
2383
2859
3149
2557
2774
3456
3353
4074
3200
2839
4147
2672
3508
3069
3189
2912
2557
3027
3047
2489
2473
2987
2870
2920
2969
2338
2173
2680
2550
2550
2520
904
2903
3721
2763
3019
4110
2472
2935
2185
3089
3620
2540
3129
2636
2472
2472
2489
2510
3524
3667
3667
3527
3526
2987
2756
2540
2557
2490
2959
2490
4147
2898
3480
2556
2660
2953
3240
2969
3136
474
3360
3116
3228
3539
3113
3116
3360
3360
3113
3111
2941
3471
2557
2550
2550
2550
2521
903
903
2779
2883
904
2388
2969
4085
2995
3674
3674
3866
3771
3740
3447
3771
3771
3518
3518
2540
2540
902
2935
2728
2504
3340
2840
2982
2557
2930
2720
3393
3018
3200
3536
3767
4147
4147
3429
3189
3240
2840
3047
902
2521
3921
3089
3033
4323
4300
4323
4323
4323
3358
2969
2338
3040
2547
2520
2901
2941
3321
3301
3321
2540
2558
2721
3142
3088
2915
3049
2915
3050
3278
3308
3383
3059
3755
3901
4114
4248
3928
3097
3333
3418
3621
3229
2591
3360
2901
2901
2901
2901
2901
2901
2901
2901
3301
3342
902
2490
2550
2959
3047
2720
3028
2915
3506
3326
3500
3102
3382
3849
3641
3704
3762
3919
2914
4147
2671
3508
3224
3367
3229
3229
3504
3504
2591
3662
3662
3231
3231
3574
3620
4036
2778
2913
2901
2556
2991
2897
2730
3350
3398
3367
3460
2901
2901
3088
2730
3921
3401
3398
3398
3228
3228
3229
3227
3227
3227
3227
2913
3228
3228
3227
2520
2901
2475
902
3155
2472
2472
3199
3199
3543
3721
3364
2765
2765
3013
3715
3715
3715
4164
4081
3938
4163
4079
4079
4163
3791
4164
4164
4164
3710
3715
2915
2765
3296
3142
3013
3089
2912
474
3113
2778
2901
2901
903
2897
2489
2489
4166
3797
4147
1774
3228
3398
2901
2778
2901
902
2550
2550
2550
2959
2680
2550
3088
3343
3534
2591
474
474
3401
3400
3400
3400
3400
3400
3753
3189
2778
2959
2779
903
2550
2591
3401
3539
3539
2778
2778
903
903
2883
3402
3403
3623
3404
3965
3660
3926
4153
4255
3378
3690
3599
3048
3049
3278
3049
3049
2733
3127
3033
2996
3111
3729
2969
2778
2901
2901
2897
2746
3103
2794
3733
3091
2778
2883
903
2901
2897
2897
903
903
903
3199
2490
3418
2764
3733
3004
2969
3469
2883
2959
2883
903
2550
2550
3293
3293
3293
3278
2472
3199
2388
4147
3127
2639
3229
3229
3227
3227
3477
2778
2778
2778
3049
3088
2765
3049
3050
3844
3248
3856
3308
2667
2856
4092
2591
3401
2968
3136
3667
2733
3678
3642
2968
3400
2726
3963
3747
3941
2591
3229
3229
3459
3885
2490
3311
3899
3400
2547
2490
2490
2959
2959
3543
2959
2725
3926
3686
3484
3102
3066
4113
3827
4249
4249
4178
4099
3248
3373
3247
3334
3433
3553
3259
3465
3902
3310
3468
3931
2639
4085
3401
3400
3401
3401
2969
3240
3471
2844
3728
2771
3432
3374
3333
3627
3646
3411
3163
3056
3056
3049
2915
3057
3653
3689
3531
3460
2520
2550
2550
2490
3384
2520
3088
3088
2915
1610
3471
3543
3553
3629
3919
3056
3059
470
3361
3662
3662
3662
3231
3678
3512
472
3543
3199
3199
3412
3572
3096
3795
3422
2520
2959
3542
3484
3373
3387
3523
3417
3734
3767
3747
4177
4152
3442
3540
3540
3522
3326
3669
3096
2876
3531
3531
3531
2725
3623
3623
3484
3050
4166
4092
3543
3623
3553
3215
3662
3662
3662
3231
2844
2503
4092
3662
3400
3490
3572
3708
2733
472
2954
3889
3662
3662
3678
473
3484
3691
2733
2795
3525
4092
3400
472
2550
3215
3183
3183
4154
3400
3662
3662
3737
3199
3199
3199
3199
3542
2937
346
3798
3909
3910
3442
2912
3753
2795
3631
3555
3589
4038
4932
4932
4139
4140
4065
4065
4065
3969
3969
3969
3969
3969
3969
3969
3719
3717
3693
2795
4062
4062
4912
3993
3992
3975
3974
4907
3972
4013
4055
4055
3968
4060
3564
4060
3966
4043
4893
3974
3974
3977
3979
4260
3763
3584
3763
3717
4893
4029
4142
4042
4042
3968
3968
3996
3568
4306
3568
3568
4306
4325
4343
4894
4912
4054
3975
2996
3949
3941
2844
3403
3778
3637
3762
3555
3825
3555
3825
3589
3582
3720
4017
3598
3911
4893
4013
3896
3862
3389
3231
3678
3375
3629
3708
3708
3930
3786
3708
3930
4089
3170
4921
3587
3979
3176
3766
3624
3624
3769
3678
4145
4030
4921
3763
4166
3889
3885
3231
3231
3678
3490
3708
470
3764
3974
3988
4085
4105
3471
3482
3482
3555
2764
4051
4136
3584
3587
3972
3988
3584
4085
2632
3231
2912
4021
3604
3603
3985
4249
3825
4080
3710
4081
4121
3939
3937
3937
4088
4110
2933
4020
4054
3992
4922
3774
3187
3763
4013
3933
3009
4927
2771
3540
4019
4038
4182
3589
4923
3843
3911
4095
472
3102
3637
3715
2908
4136
3717
3867
4133
4276
2876
3889
3540
4019
3545
3901
3062
3763
3763
2841
3231
3926
3704
3966
4042
3637
4016
3009
3730
3889
3347
3678
3637
3603
2932
3905
3974
4105
3623
4222
3100
3849
3704
4164
4120
2769
4081
3712
3713
3661
3715
4121
3251
4047
3450
3766
3450
3771
4893
4894
3992
4894
3975
3975
4886
4298
4298
4024
3562
3562
3562
4206
4294
4339
4294
3562
3562
4206
3562
3562
4140
4139
4139
4137
4182
3813
3812
4252
4182
4124
4214
3817
4337
3984
2579
3771
3674
3531
3231
3231
4270
3547
472
472
472
4125
3704
3963
4183
2944
2944
4090
4252
3482
4271
2634
3253
472
4137
4056
4164
4164
3512
4151
3658
3863
3905
4910
2579
4222
4323
3231
3512
2795
4038
3862
4182
4164
3988
3586
4274
3543
3542
3231
4323
4341
4300
4324
4301
4224
4323
4323
4323
4059
4015
3100
3018
3750
3379
4129
4085
3910
4084
3512
3932
2944
4093
349
3814
4187
4105
4222
3543
4323
3660
3543
3910
3199
3527
3847
3819
3231
4047
4015
4182
3938
4081
4121
4081
4082
4112
3176
3761
4894
3998
3998
3778
3728
2771
2771
4059
4140
3199
3968
4207
4912
3993
3993
3919
3548
3910
4324
4324
4301
4358
4326
4430
4557
4558
4621
4508
4380
3919
3868
3908
3769
3969
3969
3969
3969
3969
4059
3968
4060
4060
4060
4060
4060
4254
4206
4262
4266
4262
3562
4262
4205
4254
4254
4065
4065
4065
4205
4205
4205
4205
4060
4254
4065
3969
4140
3969
3969
3969
3969
4060
4254
4060
4065
4065
4065
4065
4205
4254
4254
4205
4262
4262
3568
3562
3568
4306
4042
3968
3704
3938
4120
3826
3983
3969
3969
3969
3969
4140
4065
4065
4065
4065
3969
4065
4065
4060
4060
4140
4222
4323
3660
3102
3847
4105
4140
3969
3969
3969
3969
3969
3969
3969
3969
3969
3969
4046
2534
3769
4125
4249
348
4114
4346
3983
3969
3969
3969
3969
3969
3969
3969
3969
3969
3969
3969
4141
3969
3969
3728
2876
3483
3231
3512
3512
4146
4121
3527
4154
3814
4213
4140
3937
3740
4146
4050
3791
3969
3969
2995
3885
4137
4038
4120
4186
3976
3872
3543
3199
3847
4372
4142
3885
4323
4014
3641
3909
4325
4338
4345
2841
4142
3761
3098
4153
4182
4045
4210
3767
3706
4189
4195
3674
4323
4323
4097
3250
3250
4140
4932
3102
3641
4120
4122
3251
3910
3910
2838
3909
3377
4209
3969
3969
3969
3969
4288
4323
4323
3250
4079
3542
4038
4111
4125
4163
3969
3543
3761
4125
348
3705
3098
3254
4343
4077
4177
3674
3251
3937
3939
3199
3705
4202
4152
3928
3909
4339
4000
4339
4897
4177
4152
3761
4112
3909
3909
4178
4139
4141
4177
3898
2653
4324
3985
3985
3557
4249
4265
4255
3969
4077
4153
4153
4086
3557
3793
4343
4247
3928
4178
3813
4153
3818
3969
3969
3969
4065
4086
2838
3099
4294
3562
3562
4299
4323
3543
3793
4177
4000
4323
4320
4461
4224
4324
4326
4379
4280
4508
4514
4552
4514
4761
4761
4653
4236
4224
4247
348
3984
4294
3969
4141
4065
4224
4358
3788
3562
4000
4024
3969
3969
3793
4294
3969
4065
4065
4065
4065
3967
348
3969
4065
4065
4294
3969
349
4065
3562
4299
4360
4230
4324
4358
4324
4326
4357
4430
4500
4431
4377
4501
4501
4360
4383
4380
4383
4326
4326
3910
4357
4376
4360
4065
4065
4231
1314
4360
3969
4065
4372
4299
4065
4065
4065
4065
4065
3562
4383
4231
4380
4065
3956
4230
4328
4320
4206
4206
4254
4254
4376
4230
4457
4380
4570
4568
349
4380
3956
4279
4440
4516
4557
4457
4230
4230
4231
3562
4206
4279
4378
4065
4254
4065
4065
4065
4231
4065
4254
4254
4205
4262
4206
4380
1314
4254
4205
4380
4379
4065
4436
4372
4507
4328
4382
4507
4465
4465
4426
4376
4389
4451
1314
4442
4651
4430
4382
4437
4426
4619
4423
1318
4460
4450
4234
4514
4439
4381
4395
4557
4557
4395
4569
4569
4504
4391
4628
4400
4400
4940
4657
4623
4671
4624
4661
4471
4403
4681
4680
4709
4710
4754
4610
4523
4529
4596
4565
4944
4523
4522
4406
4522
4377
4431
4505
4391
4777
4678
4236
4716
4426
4389
4641
4507
4619
4633
4679
4679
4458
4572
4557
4460
4500
4420
4420
4504
4569
4716
4557
4569
4557
4500
4502
4570
4615
4514
1317
1318
4498
4395
4516
4502
4389
4696
4516
4630
4514
4569
4496
4505
4500
4420
4503
4672
4623
4684
4471
4736
4688
4680
4718
4681
4709
4709
4406
4681
4681
4480
4681
4734
4574
4670
4625
4489
4558
4514
4514
4514
4640
4756
4569
4578
4516
4504
4423
4391
4633
4702
4633
4558
4557
4514
4514
4672
4557
4628
4628
4672
4672
4392
4672
4621
4522
4677
4708
4754
4529
4610
4409
4409
4565
4664
4566
4480
4480
4944
4409
4597
4571
4522
4944
4620
4557
4597
4664
4597
4944
4582
4644
4398
4394
4935
4935
4935
4708
4392
4658
4716
4516
4935
4935
4708
4597
4582
4529
4701
4592
4621
4596
4394
4406
4597
4596
4398
4400
4391
4566
4664
4480
4554
4413
4409
4681
4934
4406
4400
4633
4571
4565
4943
4398
4399
4620
4597
4702
4563
4940
4671
4671
4620
4514
4393
4235
4413
4571
4469
4681
4565
4399
4514
4754
4701
4679
4671
4743
4681
4756
4403
4758
4405
4480
4729
4400
4235
4422
4671
4624
4716
4647
4519
4402
4758
4623
4473
4754
4413
4546
4623
4406
4777
4679
4409
4664
4596
4394
4473
4660
4477
4549
4480
4938
4480
4680
4483
4671
4708
4710
4473
4628
4778
4401
4648
4405
4684
4684
1319
4623
4622
4550
4670
1319
1319
4709
4708
4756
4755
4740
4640
4640
4403
4755
4576
4586
4547
4582
4479
4624
4523
4486
4587
4411
4945
4736
4723
4482
4495
4236
4671
4755
4407
4755
4709
4740
4709
4680
4740
4938
4754
4709
4714
4719
4709
4684
4670
4671
4940
4778
4657
4485
4408
4946
4756
4756
4714
4403
4714
4709
4607
4535
4653
4547
4640
4771
4659
4946
4486
4597
4581
4709
4482
4478
4403
4762
4729
4628
4763
4581
4582
4547
4403
4607
4659
4723
4543
4714
4714
4758
4758
4659
4680
4403
4758
4755
4483
4715
4755
4407
4472
4547
4714
4407
4547
4714
4411
4535
4796
240
354
4796
379
255
56
240
382
384
154
83
145
83
84
61
151
162
1176
1043
800
800
4824
720
4824
641
1107
4955
767
767
767
800
660
767
629
629
767
800
716
1080
1417
1417
590
767
803
800
779
779
4824
4955
828
801
633
627
800
4826
4844
590
1176
1113
1113
720
800
767
758
780
780
617
1113
800
4824
1105
1105
1108
1113
632
4952
4815
4815
1108
800
577
577
800
4955
767
1051
847
877
846
571
1056
2637
2637
2273
2085
2991
2085
2045
2111
1959
2480
2716
2691
3149
2791
2642
3151
2981
2847
2776
2847
2040
4147
2540
4065
4264
4893
3969
3568
4060
4065
4065
4065
4065
4919
3993
4262
3998
4920
3993
3995
3993
4886
3993
3995
3995
3993
4915
4207
4207
4207
4262
3993
3969
3969
3969
3969
3969
3969
3992
4920
4205
4065
3969
4140
4065
4060
4140
4224
4326
3910
4301
4326
4360
4300
4324
3969
4755
4754
4649
4754
4708
4405
4663
4661
4684
4522
4755
4529
4702
4582
4582
3977
1047
862
863
862
913
4844
4821
1042
4879
2744
2537
2792
4976
2792
4979
2792
2792
2812
2647
2812
2704
2792
2647
2647
4973
2792
2792
4989
4879
2654
2793
2793
4993
2654
2793
2812
4989
2792
863
1809
1809
