36
125
125
262
261
289
230
171
424
510
707
387
147
32
391
311
4786
237
366
78
128
108
102
254
4786
311
300
128
366
311
366
294
124
34
300
300
300
102
2
273
214
170
230
307
364
248
195
77
193
395
347
366
366
366
366
366
4786
366
237
366
366
4786
87
36
88
192
100
20
254
226
73
73
258
360
364
300
300
314
347
366
4786
347
366
128
366
347
366
4786
4786
193
255
366
366
128
128
347
4786
4786
4787
88
294
294
193
366
347
314
314
128
35
48
228
252
321
494
12
322
323
179
11
427
427
188
300
300
124
66
306
184
4786
193
88
4792
363
71
300
128
300
4786
128
366
366
366
366
366
299
366
237
4786
128
4787
125
39
125
155
366
366
4787
128
366
156
37
202
246
8
9
491
504
520
506
624
706
706
710
630
706
353
400
115
249
126
195
113
400
514
286
300
193
366
195
366
2
4784
366
306
235
186
202
193
347
164
5
4792
300
347
314
186
112
112
170
170
366
366
165
195
228
293
181
322
252
366
237
366
300
219
202
366
74
38
4791
77
253
228
366
366
366
345
4787
128
70
86
166
4786
214
483
172
422
358
478
57
57
347
366
319
345
345
289
373
373
289
266
300
362
269
86
189
360
366
366
366
193
366
391
237
366
366
299
204
204
123
345
426
76
132
115
4786
170
182
366
263
5
264
259
147
366
366
366
261
189
4786
24
321
366
237
366
4786
410
491
366
409
410
249
366
354
353
626
654
654
856
527
1725
1770
858
1520
1520
1943
1597
4301
4366
327
1722
2244
338
237
346
76
366
366
221
354
353
353
509
718
499
354
352
362
360
360
289
366
311
366
366
366
275
200
421
181
366
366
479
366
215
366
366
489
518
624
514
295
366
366
366
625
366
366
410
4786
4786
311
366
366
366
501
322
491
175
702
176
722
417
170
486
175
624
403
322
410
512
175
483
481
624
706
754
809
714
714
714
849
655
1303
1672
1846
1931
2421
2457
1414
2610
2690
1984
2822
2540
1836
2423
1935
2382
5000
5000
4999
1882
1934
1832
1713
1500
1517
1188
1440
1501
1354
1420
1518
1518
1575
1533
2400
2274
1701
1842
1842
1947
2272
179
596
512
624
594
353
506
322
477
521
706
706
322
718
487
708
624
179
487
718
185
179
706
677
179
624
496
710
626
324
718
1031
680
647
546
579
597
579
579
647
550
805
599
4961
602
1034
4961
4822
703
599
4851
605
605
805
997
554
555
4860
1434
4816
4817
4816
4816
880
882
882
1203
1053
563
1417
924
566
921
978
932
1300
1453
4851
647
602
604
604
601
4841
4841
4841
804
4822
4823
1065
1065
1067
4820
582
589
590
610
667
781
1065
707
179
647
4851
4963
999
4826
999
4795
4826
4826
4826
1363
550
682
720
755
795
926
807
838
854
720
745
4829
552
554
4825
4803
883
949
1082
1060
353
499
723
797
356
626
716
716
781
703
612
550
626
679
546
579
539
710
755
179
610
745
554
620
599
648
807
4829
997
754
499
509
590
1015
579
575
579
579
538
575
755
755
755
755
763
844
813
716
728
599
807
185
807
807
745
554
811
811
853
791
574
638
4854
633
781
813
813
813
884
836
832
4800
874
794
780
620
633
633
670
496
706
4833
798
706
630
718
630
630
718
638
718
626
654
811
772
718
667
722
176
749
620
799
813
4821
844
1065
1065
4820
4821
4821
4845
884
695
787
714
714
714
4864
670
4798
811
839
176
718
621
763
844
1065
706
769
4800
694
4798
754
4799
4800
4800
1055
1055
767
844
4798
1213
1328
1028
622
405
820
782
432
794
794
780
1007
926
706
706
1039
844
706
880
880
800
800
982
852
879
839
883
837
1039
1213
524
356
795
1032
1246
1246
4960
4960
1363
4855
1213
770
794
706
877
949
1198
702
783
714
994
1251
1252
1193
782
809
994
994
1193
432
406
855
1198
1057
952
782
880
880
837
837
1011
837
837
1136
841
841
1219
979
526
1054
1137
1136
801
809
994
710
654
654
849
654
630
509
1026
943
526
525
1041
628
1021
1595
1595
1538
1538
1595
866
872
510
119
253
198
228
253
228
2119
202
228
836
837
877
1156
623
1219
1203
1218
1203
950
801
885
916
886
889
939
934
893
931
930
897
895
918
1253
1536
1556
1692
900
945
1071
905
905
1558
988
1568
1464
1610
966
1142
1927
1997
2209
2047
1808
1808
927
1571
1253
919
938
938
925
934
938
1214
918
928
929
930
931
1040
995
1027
571
1027
568
934
891
1132
1526
943
919
944
1044
947
947
1082
1280
1220
710
944
1094
1091
1730
957
1071
1071
959
958
1071
904
1481
1610
1358
1464
1677
1562
1473
1718
1789
1896
1761
1341
1320
1197
1085
1156
1280
1218
1219
1032
432
1097
957
1730
992
1778
1778
1778
1819
1557
1767
1765
710
710
995
1388
4850
1433
1339
1210
1048
932
1219
1008
1076
4960
4960
1211
1211
1083
1083
1008
1008
1008
1009
1067
1127
809
918
1071
953
1022
952
741
776
1026
935
1030
941
893
1145
1246
1387
1387
897
1535
1090
877
1040
1174
356
723
432
1571
1773
1720
1049
571
939
925
1061
1061
1075
1304
787
1174
1059
1061
881
881
1083
1211
1211
1008
1211
1387
1386
1078
1387
1387
1036
1387
1318
1146
1215
1215
1215
1339
1071
958
1202
1076
1037
1165
1087
955
1085
1087
1492
1090
1036
1071
1298
923
1076
1084
1135
1124
1284
1101
1172
1169
1125
1249
1105
2287
2384
1307
1307
2336
1960
1905
1352
2369
2364
2451
2451
2813
2511
2474
2448
2448
2396
2451
2364
1122
2475
2336
2452
1324
1419
1102
1388
1081
1153
1505
892
1504
1535
1167
1362
1076
1362
1173
1140
1141
1682
1758
910
1362
1214
1371
1372
1372
1216
1376
1376
1071
902
1553
1554
1487
1692
1487
935
1159
1719
1158
1523
936
1222
1488
1498
984
1135
1100
1232
1102
1290
1327
1071
1139
1141
1494
1534
1297
1084
1163
1087
1182
956
432
1134
1186
1289
1188
1377
1325
1223
1247
1166
783
1224
1259
1195
1225
1093
1210
1079
1029
1030
1030
1308
1195
1168
963
1207
1461
995
1247
1339
1215
1371
1370
1275
1071
1061
951
1088
1325
960
1194
1289
1428
567
1292
565
1084
1250
1322
1232
1145
1378
1308
1191
787
820
1214
1215
1022
1022
1183
1603
1160
1186
923
956
714
783
961
1313
1329
962
1215
1339
1290
654
1435
1744
1745
2029
3938
4384
4603
4495
4236
4640
1053
1053
961
1175
1356
1053
882
1376
1283
1761
1285
1286
1536
898
1058
1634
1310
718
713
713
654
356
325
1130
1436
1612
942
942
1183
946
1416
1031
1248
1304
1321
1306
1107
956
905
1233
1671
1369
905
1177
1557
1558
1558
1710
1369
1356
1320
974
1323
1230
994
1326
1495
958
905
905
1481
905
1568
1568
1336
1311
1437
1276
1216
1163
1473
1473
1730
1103
1354
1354
1354
1188
1507
1736
1647
2104
1354
1440
1354
1354
1356
1462
1610
560
1281
559
1418
1369
1368
1339
1338
1374
1337
1495
1437
1495
1370
1374
1375
1670
1164
1354
356
714
718
655
1443
1731
1641
1540
1575
1575
1575
1533
1368
1368
1216
1441
1523
1391
1353
1557
1568
1557
1462
1568
1227
712
714
714
1675
1499
1686
847
821
1193
741
1435
1681
1669
1774
1550
1928
1771
1418
1216
1563
1216
1608
1354
905
1481
850
1578
1425
1380
714
1338
560
560
1338
1376
882
882
1150
1150
325
525
1503
1155
1492
1440
1440
1159
1634
1407
1380
1668
1644
1625
1593
1163
1190
929
1711
714
1462
1567
1568
1559
988
1680
1680
1568
1568
1568
1568
988
655
1031
1733
1046
1730
1472
1164
1474
1477
4864
714
714
714
905
988
1435
1483
1031
1492
1423
1487
1164
994
1193
714
714
714
714
714
714
714
1397
1468
1170
1692
900
994
1491
1501
1353
1517
714
1397
1158
1504
1720
1103
1305
1727
994
714
1251
994
994
1531
1500
1531
1531
465
1531
1531
1531
1501
1501
1354
797
1042
1041
1436
1176
1525
1569
1435
994
1517
1638
465
714
714
1531
1531
1354
1518
1593
1344
1286
1528
1018
741
1531
1531
1455
1531
1512
1500
1514
1531
1531
1540
1516
1621
1661
1661
1383
1644
1731
1591
1668
1680
1680
1567
1567
1556
1765
1778
992
1767
1344
1522
1526
1187
1531
1354
1556
1556
1556
1556
1556
1569
1249
1528
829
1531
1518
1540
1540
1575
1540
1518
1522
1712
1579
1579
1870
1400
1401
2711
2811
2158
2450
2471
2634
1980
1579
1159
1143
527
1348
782
983
983
821
1648
1501
465
465
1544
1514
1541
1541
1716
1540
1540
1557
1557
1778
1442
797
1103
983
1238
1501
1501
1649
1798
1649
1540
1531
465
1531
1540
1531
1531
1531
1540
1518
1915
2101
1514
1540
1540
1575
1568
1568
1042
1774
1774
1518
1564
1500
1507
1350
1749
1594
714
1501
1606
1477
1531
1541
1531
1514
1514
1623
1540
1575
1645
1435
1492
1501
1514
1541
1618
1853
1963
1837
1716
1531
1483
973
1716
1716
1513
1695
1832
1728
1695
1695
1551
465
1622
1669
1454
1524
1467
1327
527
714
1383
1568
988
1668
1668
1567
1556
1673
1682
1496
2050
1995
1251
741
1649
1544
1575
1575
1518
1733
1691
1288
1288
1508
714
1500
1719
1668
1669
1668
1518
1575
1532
1759
1965
1780
973
1918
1491
816
1509
1193
1541
1425
988
1540
1420
1348
1507
1348
1716
1500
1742
628
1568
1720
1758
1295
1042
1243
829
1482
1575
1506
1343
1507
1500
1730
1547
911
899
1470
1570
1852
1759
1348
1500
464
1287
1142
1672
1681
1518
1500
1757
1294
1302
1747
1302
1518
1564
1959
1752
1754
1857
1831
1976
1905
814
1537
1766
1646
1994
1830
1716
1778
992
1556
1765
1767
1732
857
1436
1303
1533
1613
829
1681
1527
973
1551
1436
857
1684
1021
992
1802
1804
1557
1630
1801
1464
1464
1464
1319
1631
1763
1520
857
1631
1770
1644
1508
1594
1695
987
1901
1559
1557
1901
1021
1806
1327
2027
2027
2273
2272
913
1544
1509
1703
1823
1620
2275
1737
966
910
1575
1575
1326
1345
1799
1806
2224
1807
1496
1442
1830
1107
1351
1351
1959
1976
1752
2269
1755
1753
2343
2344
1834
1939
1713
1349
1839
1143
1496
1852
1735
1941
1646
1681
1697
1681
1846
1829
1698
1796
2617
1970
1689
1759
1532
1349
1544
1436
1612
1106
815
1713
1349
1915
1816
1573
1573
1614
1142
1355
1611
1491
1950
1950
1950
1950
1959
1351
1950
1899
1749
1749
1958
1950
1834
1950
2200
1999
1958
2200
1950
1950
1252
1344
1252
814
1021
1758
1721
2224
1840
1668
1897
2064
1351
1705
1901
1561
1575
1544
1575
1860
1595
821
1787
1260
1681
1674
1499
1499
1777
1784
1977
1916
1802
1399
1351
1749
1969
1252
1901
1825
1807
1575
1355
1832
1644
1516
1251
1489
1950
1959
2269
1111
1754
1728
814
1399
1870
1595
1992
1646
1735
1945
1945
1830
1932
1351
1899
1575
1533
1252
1930
1295
1932
2104
1831
1958
1958
1776
1636
1694
2087
1978
1959
821
1769
1552
1699
822
2040
2102
2334
1935
1836
2459
2459
2459
1836
1836
2332
1838
821
2224
1775
1704
1909
969
1841
1915
1959
1976
2189
2189
2024
2014
2014
2080
2119
2119
2119
2119
2189
2189
2204
2111
2119
2189
2189
2011
2189
2189
2014
2014
2045
2052
2097
2189
2189
2011
2011
2189
2189
2011
970
1841
326
1914
822
1959
1976
1755
1752
2049
1754
1755
1752
1958
2014
2011
2014
2024
1316
1841
1843
1747
1995
2189
2014
2014
2015
2189
2056
1552
1822
1912
1955
1405
818
847
1511
1959
971
2045
2011
2189
1784
2014
2041
2051
1595
1021
628
1664
1648
1648
2041
2014
2011
2014
2011
2014
1511
1707
1950
1929
1976
1171
1576
2088
2011
1595
1595
2119
2119
2119
2119
1023
1022
717
2063
1754
1814
1831
2014
2011
2204
2204
2111
191
3
2014
983
2011
2011
2014
2204
2011
2111
202
163
2014
4870
2011
2011
4870
2119
41
41
199
287
287
41
2119
202
3
3
131
197
307
197
131
191
202
1573
2189
1021
1319
1199
514
498
394
394
394
42
428
394
423
404
1574
1771
1966
1969
2078
2215
861
2066
2052
2052
2096
2189
2011
2204
2204
2204
2111
111
111
268
268
42
41
307
2204
1685
2398
2226
2487
2463
2184
2184
2111
2011
847
2189
2014
4888
4888
4888
1238
1199
1992
1772
817
2111
1976
1976
1752
2111
2014
4888
2119
2119
2119
1612
1779
2088
2042
2104
2066
2045
983
2014
2045
1595
1595
1595
1648
2119
184
202
1827
2046
1828
2487
2046
1747
1296
1855
2011
2016
1573
2236
212
1631
2032
1966
2016
1538
1238
4888
202
2027
1844
1822
2116
2006
2078
2121
2121
2016
2020
2006
2006
2014
2006
2014
2026
2186
2121
2004
2121
2121
2111
111
1886
1905
983
2097
1825
1941
1725
2204
1754
1905
2384
217
2116
2121
2121
2265
2039
1752
2181
983
48
202
228
1826
1965
1868
1408
1400
2121
2042
2023
2020
1959
2278
1999
202
1747
2082
1599
1891
1924
1598
2191
872
498
4888
498
423
511
1833
1648
191
2119
4867
1648
1891
1943
2016
2279
1812
1751
2200
1751
819
1307
2195
2119
198
1997
2046
2240
1891
1598
1752
1755
1905
3
2116
2204
1955
2403
1825
228
1829
2004
1938
253
817
1755
1110
1889
1109
2336
228
1844
2274
1861
1755
2336
1960
1960
1831
1307
127
197
199
200
287
41
1821
2121
2068
2052
2003
2003
1755
2279
3
117
195
228
1829
2090
2400
2116
2014
823
1655
2403
2392
2392
2403
1960
1960
1960
2439
1685
285
466
2238
1753
2581
2267
5000
5000
1939
1108
48
76
197
41
197
16
76
76
261
261
261
2
132
301
4783
2
76
197
163
253
198
1854
1970
1445
2457
1709
1709
1861
1595
1924
1763
1617
1865
1854
1739
2204
2119
822
1709
1405
2182
596
1698
1698
1903
1970
1409
2274
2004
2121
2016
2020
1861
2398
1770
818
1109
2184
2184
2475
2184
163
163
1401
2037
1490
1406
1861
2182
2398
198
202
2011
2004
2215
2320
2077
2268
200
2336
2184
3
48
1796
1821
1744
2240
866
866
872
872
4888
2231
2225
1828
2398
1856
2121
2014
2022
2006
2011
2382
2382
2332
2382
2423
2382
1406
2336
4867
119
412
1725
1739
2011
2011
4870
2333
2452
2452
2452
4992
2455
2407
2452
2455
2184
1243
1763
1781
1740
2274
2058
2853
2400
1700
2016
451
1025
198
1904
1698
2029
2029
2029
2682
2531
2237
1993
2237
2189
2368
1970
2121
2121
2121
1861
1024
1617
198
1904
1632
2096
2357
2351
1406
1598
2371
2448
2474
2407
2407
2474
2510
2517
2771
3728
3755
2183
2518
4867
1763
1781
1698
2083
2186
2240
1936
1891
1615
1617
345
1319
1520
195
2078
2450
2406
1980
454
1199
872
1199
511
326
1911
2116
1655
1836
1123
2121
1835
2620
1990
3076
3116
2697
3840
2403
2392
1855
326
2042
1942
2363
1937
2822
1984
3114
2763
2620
2620
449
1937
2332
1924
1025
858
1520
2096
2240
2369
2964
3278
4127
4167
4128
3528
3528
3528
4328
4328
1110
198
2119
2438
3863
2350
261
2339
1842
1842
1701
1947
2292
2246
2657
4110
3726
2293
2292
2725
2785
473
2293
1701
1903
1971
3014
2711
2533
4167
2227
2029
2026
2008
2008
4888
2003
451
1983
4867
468
1740
2157
2968
3896
2976
2974
2640
2640
1937
2434
261
1744
2096
2383
1891
915
1810
4885
4885
915
4994
4990
4988
2514
2454
2454
2454
2518
4996
4885
2292
4988
4984
4981
4984
4996
4996
4988
4988
2907
2882
2919
2732
3429
3352
3399
3376
3099
412
1415
2433
2616
2008
1891
1835
2471
2518
2518
2453
2518
345
345
4988
2292
4887
1842
1948
1869
2188
2459
2761
2450
2394
1585
2451
1836
4984
4881
2799
3016
3343
2775
3752
3752
2776
3455
3513
3843
3455
3843
2780
2945
3258
2784
2770
4996
2453
510
511
1948
197
1954
1796
2156
1846
1971
2011
1835
2454
2474
2474
2396
4971
117
1948
1948
1947
2432
1598
1967
2403
1598
1891
2453
2454
2474
2270
866
2403
2448
2448
2448
2753
271
271
1948
436
1628
1990
2284
2459
1924
1025
1891
197
198
198
200
198
2339
2066
2401
1025
2517
163
287
198
2059
1917
2510
2798
3460
4025
2900
3737
4183
4062
2753
628
1903
2459
1615
2731
1521
1845
2289
2431
2216
1890
1599
1956
1988
266
2474
5
263
2234
2097
2052
2220
119
2001
2238
2364
1615
2720
3124
3663
474
473
2860
2552
2364
1617
201
287
394
198
248
2189
2119
872
2070
1982
2192
2192
2474
1121
1121
201
2062
2019
596
4887
2725
2830
4887
473
2682
2197
2157
2996
3715
3819
2733
3094
3352
287
198
2292
2119
42
2613
266
1889
1520
1763
1943
1891
200
2909
2908
2936
3695
2778
3843
1722
1855
2189
2764
1573
1924
2784
307
858
858
1296
2294
1772
470
3507
2695
2289
2640
1861
1595
117
1781
1943
2293
2583
1121
2192
242
2119
2691
3532
2451
2595
2640
2640
2595
2595
2640
2451
2640
2451
2750
2856
3218
3093
1617
1616
199
42
287
287
41
41
42
2355
2119
3266
3268
3004
3004
3002
3007
3677
1614
2245
1748
1743
866
2736
1763
1763
3404
2778
3826
4109
2657
2525
2246
1585
3463
2404
2857
3107
394
41
2119
2206
4888
4935
4935
4935
3931
3931
4224
4935
4245
2191
2620
266
1989
1599
268
1924
3094
3066
3352
3066
1614
413
248
3290
3445
3466
3067
3067
4086
3481
3534
3759
4164
3101
4131
2934
2058
449
1990
2396
510
510
498
510
510
498
498
511
424
3107
510
511
1943
1924
3275
3403
3466
4086
4211
3372
3759
4201
4111
3368
4112
3069
1972
2157
4888
2620
2821
3346
1984
3193
3840
2901
2879
498
4888
4888
4888
268
307
470
2620
2620
1924
511
498
2245
4888
2595
3111
3111
2633
2595
2633
1924
498
3352
42
3465
858
1722
2244
3165
2776
3380
3445
3445
3625
3625
3705
3705
3705
3705
3254
3254
3254
4190
3641
3877
3705
3705
3705
3705
3625
3625
3625
3625
3467
3409
1748
2402
3678
2595
510
511
424
199
287
42
858
1520
2657
2366
2305
3043
3043
42
423
423
394
1943
1943
1781
3021
1633
2761
2874
3118
3502
2206
2712
381
3066
287
287
1763
2822
1113
2705
42
498
287
199
3066
3066
3399
3399
3503
4106
4106
4105
4086
3256
3617
3418
3418
3445
2859
2525
2383
2712
2824
1113
266
423
394
287
266
3404
1261
2431
42
199
199
42
394
307
394
42
42
1520
1616
1410
2840
444
2784
307
1943
287
42
1781
3378
3378
3066
3378
1722
1974
2366
2058
2821
2821
3032
199
3352
1864
3403
3445
3467
2967
4113
4086
3466
2438
3278
3046
199
2759
3822
1743
3030
2957
2909
2676
2061
1601
3132
2216
3377
3067
2505
1985
1596
1924
1617
3377
4105
4200
4200
4105
3069
3617
3723
3624
3823
4163
3403
4113
4113
3067
3067
3618
3257
4044
3504
3067
1520
2830
3309
2964
4173
3016
446
2926
3328
3376
1617
1520
3067
4200
4086
3067
3256
3454
3466
3445
3067
3466
3142
3646
1597
1781
3481
2366
4200
1847
3194
2629
3377
3378
3105
3368
3067
3256
1446
2903
4064
2696
858
1520
2725
2521
2077
3328
3069
3256
3255
3734
3165
3067
2058
3025
3001
3153
3392
4086
4200
3403
3504
2157
3050
3005
3134
3503
3475
4211
3256
3403
2387
3099
3377
3377
3067
2492
2701
4113
2492
2861
3099
3166
3534
1414
3067
3037
2061
3116
4086
3257
2951
2952
2492
3847
2612
1763
3067
3264
3116
3709
1520
1781
1597
2536
2533
2533
1263
1263
3330
3376
3392
1413
3617
3723
3616
3724
3623
4132
4186
3538
3600
3698
4084
4910
4907
4908
4908
3600
4908
3600
4907
3535
3686
3583
2951
4907
4905
4087
3845
3675
3674
4907
4905
4905
3638
4904
3599
4045
4171
3792
4171
4132
3808
4132
3672
3553
3616
3754
3621
3674
3704
3710
3710
3697
3621
3574
3925
4906
4910
4892
3597
4907
3622
2841
4935
2571
1601
3399
3399
1813
3368
3668
3104
3668
3104
3740
3824
3724
3535
3611
3552
4959
437
2537
3754
3623
3686
3104
4188
2077
3368
3257
3467
3829
3625
3625
3466
3829
3913
4171
3829
2840
3377
3400
2530
3617
3912
3553
472
3295
3749
442
3625
3564
3674
4171
3123
2880
3401
3401
4106
3851
2432
2537
3616
3746
3624
3650
3672
3672
3579
3579
3650
2864
2711
2284
3754
3581
3723
3740
3615
4150
4188
3513
3409
3381
3843
3455
3382
3842
3636
3631
3455
3063
3400
2776
2776
2778
3625
3580
3639
4910
3650
3650
3564
3067
4086
2245
3304
3150
3735
3581
3581
3724
3705
3330
3488
4167
2610
4211
2196
3445
4071
3581
3310
4110
3753
2880
2782
3894
3336
3381
3515
3611
3804
4132
3677
3367
4097
4101
3781
3710
3537
3701
3705
471
3724
3603
3436
2377
3724
3825
3734
4907
3387
3376
3503
3102
4164
3829
3705
3625
3705
3455
3381
3625
3381
3705
3705
3705
4190
3842
4154
3253
3381
3705
3705
3382
3705
3625
4194
3254
3253
3503
4194
3714
3642
2245
4910
3598
3783
4892
4915
3783
4204
4186
3597
3785
4213
4265
4910
3538
3852
3698
4910
3710
3622
4132
3672
3854
4132
3804
3650
4041
3624
4187
4132
4171
4907
3460
3814
4064
3863
4127
3330
2533
2950
3616
3372
4123
2663
2664
2208
1722
3256
4071
4904
3451
4935
4224
4275
4128
4937
4211
3754
3580
3682
3625
3381
3705
3705
3705
3705
2682
2533
1263
3829
3714
3804
4132
2425
3447
4224
3931
3622
3336
3672
3686
3104
4004
3553
3625
4171
4088
4935
1862
4106
4935
4935
4224
4128
4273
3931
4128
4273
4273
4224
4224
4224
4935
4935
4245
4224
3621
3622
4164
3759
3823
3343
3504
3734
3878
3931
3564
3896
2208
341
327
3853
3536
4150
3399
4935
2862
4935
4935
1597
4273
859
3343
3808
2425
4935
4935
4211
3724
3381
3455
3625
3381
3705
3726
3255
4190
3254
4907
3409
3705
3258
3696
3451
3621
3621
3585
2697
4905
4910
4106
4937
4128
4128
4128
1264
4167
4128
4293
4293
4277
4292
4437
4325
3939
4167
4128
2533
2523
4041
3778
4906
4907
3600
4905
4911
4910
3591
4915
4914
3540
4910
4083
4892
4911
4910
4907
4907
3568
3921
3540
3793
3970
3970
4892
3592
3994
3592
4270
4914
3638
3100
3553
3625
3705
3705
3724
3612
4188
3912
3585
3778
4927
4910
3785
4084
3852
3638
4893
3621
3912
2861
2425
3622
4200
4106
3705
1263
3621
3621
3912
3698
3710
3600
3600
4910
4908
3600
3573
4910
3912
3778
3875
3475
4163
4042
2029
2029
4132
4198
3776
3697
3778
3700
3600
4910
3912
3585
4908
4910
4910
4910
4908
3710
4907
3852
3778
2359
3710
3710
3451
3897
3705
3705
3458
2029
3853
4113
3376
3843
3633
2777
3410
4070
4113
3912
3700
861
4105
3636
3843
3381
3534
4113
4907
4092
4025
1263
3711
3870
3503
3102
4201
1263
4907
3684
3737
4910
3711
3711
4105
4105
3612
2776
3695
4109
3642
3369
3427
3710
3000
4245
4935
3475
3503
3376
3380
3445
3503
3503
4910
3564
3688
3761
3022
3705
3705
3705
3842
3705
3705
3254
4194
4128
4167
1264
3528
4358
3842
3844
4167
3528
3069
4132
3698
3912
3698
3600
4245
4276
3503
4106
1862
3373
3696
3823
4167
3842
3842
3852
3351
3253
3705
2848
4187
3842
327
3705
3373
4086
4907
2773
3459
3684
4194
4154
3182
3705
3066
4154
3705
342
4145
3853
3759
4154
3842
1263
4204
3902
4241
4172
2843
3725
1264
1264
3939
4190
4190
4910
4157
4175
3705
2664
3939
1263
3369
3803
4123
4145
4145
4154
4907
4907
4194
4105
2847
4129
4190
4212
2563
4219
4188
4190
4186
3600
3600
3600
3700
3792
4109
3873
3802
4249
3792
4249
4313
3254
4105
4105
4289
4340
4936
4936
4226
4330
3934
4440
4383
4640
4623
4734
4660
4936
4186
1263
4910
3854
4910
3600
4289
3459
4105
4107
4265
4910
4910
3254
4907
3538
4084
3852
3793
3785
4340
4910
4907
4910
4328
4907
4121
4265
4358
4358
4277
4128
4128
4293
4293
4128
4330
3934
4292
4333
4231
4384
4285
4328
4367
4277
3939
4367
4892
4910
3567
4285
4371
4293
3558
4908
343
4910
4892
3797
4892
3852
4914
4910
4285
3793
3539
4330
4361
4363
3921
4914
3970
3934
4376
4378
4367
4610
4362
4151
4313
3934
3934
4383
4285
4285
4301
3592
4330
3922
4915
4910
4918
4892
4892
4914
3568
3970
3797
3568
3922
3568
3994
3592
3592
3591
4330
4374
3568
4918
3994
3595
3997
3595
3934
4362
4374
4384
4366
4459
4384
4384
4229
4434
4384
4432
4440
4463
4292
4463
4495
4510
4454
4440
4383
4461
4453
4395
4716
4752
4752
4493
4614
4667
4651
4651
4670
4719
4407
4644
4413
4413
4578
4413
4413
4413
4643
4413
4413
4643
4643
4413
4413
4413
4413
4495
4542
4597
4730
4494
4230
4236
4459
4615
4236
4542
4609
4459
4460
4593
4574
4446
4603
4566
4447
4392
4612
4603
4495
4440
4231
4600
4462
4392
4593
4574
4591
4707
4492
4669
4719
4653
4701
4766
4528
4413
4413
4413
4413
4413
4413
4528
4413
4413
4548
4953
4667
4667
4614
4514
4471
4644
4945
4442
4494
4606
4493
4592
4389
4551
4557
4401
4492
4518
4667
4400
4234
4236
4413
4413
4413
4413
4413
4413
4413
4413
4643
4643
4643
4643
4643
4643
4413
4413
4413
4958
4413
4413
4413
4413
4642
4413
4642
4615
4413
4413
4413
4413
4413
4519
4413
4413
4413
4413
4614
4743
4597
4413
4413
4413
4413
4392
4509
4655
4625
4413
4575
4413
4413
4413
4598
4413
4236
4413
4589
4662
4529
4643
4468
4413
4413
4413
4401
4494
4643
4643
4643
4413
4614
4956
4670
4494
4575
4614
4614
4445
4598
4466
4643
4643
4413
4614
4233
4643
4643
4472
4413
4413
4743
4651
4413
4747
4729
4691
4740
4714
4396
4746
4651
4669
4640
4661
4419
4584
4579
4535
4667
4413
4413
4545
4608
4668
4401
4661
4643
4413
4413
4413
4667
4648
4668
4643
4569
4560
4608
4605
4720
4411
4484
4720
4413
4413
4413
4541
4734
4740
4599
4643
4766
4765
4413
4643
4580
4533
4580
4491
4413
4661
4743
4413
4413
4413
4528
4945
4644
4528
4945
4578
4565
4578
4643
4608
4643
4643
4614
4643
4419
4422
4561
4545
4397
4492
4638
4667
4491
4743
4715
4413
4413
4413
4413
4578
4644
4413
4413
4958
4644
4491
4584
4413
4413
4578
4766
4765
4491
4667
4516
4752
4763
4422
4643
4643
4643
4528
4528
4945
4720
4545
4561
4403
4643
4545
4643
4614
4475
4643
4516
4643
4667
4643
4643
4413
4413
4413
4413
4413
4667
4766
4478
4694
4492
4638
4493
4599
4627
4643
4565
4578
4707
4561
4552
4475
4402
4955
4945
4635
4650
4491
4491
4492
4638
4578
4646
4646
4578
4560
4421
4422
4643
4578
4413
4644
4945
4552
4945
4578
4561
366
73
76
366
366
366
366
366
195
4786
366
366
193
300
254
300
1418
559
801
1008
1008
1008
1065
620
4816
880
4816
580
670
1083
794
1012
4815
4852
1065
1008
837
882
1008
694
4817
1065
1240
1138
1211
1240
803
1095
1418
1418
633
4802
555
4825
1339
1434
4849
1432
4817
560
1062
1055
1009
4830
1364
1127
4965
1127
4826
837
1008
1065
1432
981
560
554
882
4823
804
605
1150
884
4831
4829
837
560
1150
1065
783
654
754
718
714
654
714
176
714
714
4800
814
111
2119
261
261
41
345
200
202
111
2183
2396
2396
2396
4996
1735
2501
2396
1941
2183
2272
4882
2272
2246
1924
4915
4101
4907
4910
4907
4908
4905
4927
3783
4910
3591
4905
4910
3568
4910
4907
4904
3932
4287
4128
4128
4293
3931
3931
3931
3929
4285
4273
4935
4224
4273
4293
4224
3931
4910
3600
4578
4413
4413
4413
4413
4413
4413
4766
4736
4413
4413
4765
4413
4697
4413
4643
4643
1339
1387
1387
1359
1387
1148
1339
1359
1148
1339
2226
2518
4968
2487
2184
2183
4882
4992
2048
2365
2226
2518
4974
2273
914
4968
2048
915
4974
1811
2226
915
1946
1811
1811
2487
2226
2226
2048
914
1810
4992
2048
2226
915
1811
1811
2365
914
3705
3922
3705
3705
3585
3697
3710
4918
3994
