497
716
441
441
748
443
4861
752
2227
544
2117
2109
2146
415
660
2941
691
759
12
518
512
742
508
505
505
510
510
437
518
510
510
195
195
437
518
217
497
508
508
508
391
717
540
542
533
4861
4861
752
527
527
162
432
169
295
167
168
171
2461
521
693
12
518
518
491
517
743
14
742
750
2461
690
2941
176
624
716
427
521
176
510
14
661
748
442
442
442
540
305
508
521
503
510
222
295
295
295
228
305
508
169
262
162
415
168
504
508
174
519
438
508
222
175
228
497
305
295
164
418
222
175
228
228
423
532
526
766
766
766
2146
2145
2048
2326
2314
815
766
2177
505
622
415
422
423
540
508
305
174
434
493
717
508
437
178
518
518
518
178
173
173
195
519
510
517
12
11
173
519
195
437
173
441
389
390
443
390
518
510
487
518
420
540
540
533
117
117
815
2135
2135
2153
2071
2146
2146
2143
2255
2254
2256
2256
2143
2081
2098
2101
526
2225
2146
441
524
2051
2101
2109
508
508
518
510
295
420
540
533
228
542
542
117
532
168
391
508
441
540
508
532
171
519
542
752
2097
2227
2227
427
518
441
538
544
2068
2070
2070
538
503
503
508
518
542
752
2461
167
533
752
177
750
533
526
508
168
177
222
425
325
195
510
417
691
222
510
510
505
510
752
2225
2461
533
2097
538
117
365
766
177
173
11
519
543
117
443
443
442
4861
826
533
533
826
4861
533
518
540
533
752
544
508
173
510
517
543
517
518
742
512
759
693
691
443
746
752
533
526
425
752
2227
2941
661
441
4861
2227
2053
179
2459
759
2461
11
117
526
691
443
2941
179
750
543
543
750
533
179
2464
533
2227
2227
2154
11
2177
2101
2098
914
2291
2291
2291
2291
2234
2129
2639
3212
348
349
3016
3893
3893
3893
4122
4226
4273
349
4122
4122
2461
2461
748
748
748
116
487
752
2068
2070
2070
2070
914
2289
2289
2052
2098
4861
748
4861
4861
826
179
759
750
518
518
437
173
4861
766
2179
766
518
173
11
815
759
743
491
512
518
533
2135
2135
2177
2464
759
14
766
766
518
531
14
533
518
750
518
2464
518
11
14
2330
2070
2154
2146
2474
2287
2154
2154
2153
2227
815
2135
2145
2117
815
2117
2227
830
2109
2153
2117
2135
2032
2387
2319
2144
2144
2033
2263
1721
2291
2291
2129
2680
3741
3386
3759
3567
3755
3770
3723
3711
3434
3375
460
2009
1995
1993
1790
476
1614
1640
1482
1666
2804
3484
3806
3861
2763
3337
3684
2619
766
2117
2146
2135
2135
2154
2098
2109
2143
2314
2109
2081
2081
2143
2146
2098
2048
2098
2146
2146
2146
2070
2289
2146
2146
2143
2255
2146
2048
2146
2255
2255
2070
2289
2431
2431
914
2234
2234
2071
712
641
561
710
669
770
609
668
628
711
764
714
764
633
720
1054
855
633
640
633
642
633
574
764
767
764
684
785
760
760
859
832
891
891
929
658
890
903
903
997
997
1258
1260
1099
589
1095
590
940
590
993
1040
992
973
1775
1558
562
712
855
628
605
561
562
833
4849
732
562
562
1052
834
4819
4819
4804
1053
608
744
557
604
619
829
739
735
729
2146
712
640
571
643
684
721
634
4825
580
4807
844
640
764
643
860
845
860
853
901
944
756
764
715
721
715
791
791
761
891
891
967
969
985
2146
2048
2431
1831
2578
2182
2048
642
732
732
642
804
804
643
669
805
710
768
2314
669
833
2289
795
790
645
836
795
795
809
767
790
2032
2098
2431
2234
2234
676
730
833
669
604
4851
709
619
768
855
893
893
829
779
732
804
845
809
840
841
2313
790
857
760
646
836
892
892
941
731
730
727
667
732
734
894
4793
4793
882
778
4835
737
4835
737
4805
737
2146
886
731
620
2255
2255
2255
791
761
2143
2255
2070
914
1059
2257
2033
2033
2033
834
645
2130
914
2129
2291
2291
814
941
966
2291
819
841
2255
2255
886
734
733
735
882
4827
776
1051
776
775
778
796
4805
2287
2502
2373
2353
2353
819
739
761
814
814
2289
2070
2256
901
2143
736
734
882
2474
853
775
808
4805
2144
2387
2313
784
807
1048
733
2130
802
853
1266
1218
1173
1087
983
2289
2360
3034
4888
784
740
819
778
734
734
860
810
2196
2255
2287
883
811
891
890
2289
822
990
2542
813
891
891
891
895
944
927
2289
2431
2431
891
972
1266
1274
4844
4829
4845
722
2360
1361
4835
2287
2255
1063
890
592
1266
2196
4888
4888
2636
2637
2629
3034
4888
2635
2646
2542
1065
3054
903
3054
2968
2628
3027
2431
658
890
658
778
4796
4812
1104
4818
1114
903
997
592
1098
883
934
971
847
810
847
1049
2587
854
2256
2291
2291
2291
2291
2291
2291
1550
983
971
968
939
971
2431
1831
1831
3444
3079
2579
3458
3458
2579
2579
1831
3486
3486
3486
3486
3486
3486
3486
1831
2648
3245
4857
884
884
981
1204
989
928
1090
1089
1090
997
4810
594
1006
1035
1130
976
937
1005
1174
1240
1262
1225
1201
1240
1566
1011
1362
1293
1291
1248
1811
1841
1716
4973
2569
2570
1028
1567
1566
1345
1119
1040
595
986
937
938
1181
1178
1607
1726
1076
1281
965
1057
977
597
1487
1558
1119
978
945
1240
1197
948
939
1224
1127
943
1001
1001
989
1089
1269
2424
2144
2257
1262
1262
1007
1500
1500
1273
1291
1126
1019
1140
1236
1188
1984
1811
2073
1015
1818
1486
1139
1211
946
936
1089
1089
659
1312
2403
1135
1502
1944
1351
1348
1827
1758
2144
2144
1224
1471
832
932
4813
1131
1323
942
1092
1103
4954
1037
1113
1073
1112
1183
1071
849
1103
1045
1046
4819
1181
2196
1205
1245
2628
3054
3027
2628
597
1077
1487
1349
1257
1005
1190
4852
4858
4846
927
1319
1003
812
992
597
2182
2578
2375
1322
1601
1243
1077
1610
1273
1176
591
1269
1287
967
1121
1094
2403
1487
1022
591
591
1260
1073
1107
4829
851
1110
4845
4845
1471
1471
4791
1294
4845
1471
1429
1401
965
1245
1264
1295
1269
4844
1498
1018
1498
1371
1341
1283
1768
1471
1284
970
1090
1205
1276
1171
1016
1137
1169
1209
1144
1743
2279
1343
2677
2772
2707
2772
2861
2949
466
466
3203
2762
3070
3311
3289
2762
3207
3168
3192
2684
2684
2772
1426
1609
1179
4858
1293
1349
1349
1174
1498
2968
1179
1253
1391
4852
1352
1275
1330
1478
1554
1471
1387
1387
1259
1313
1258
1258
1258
1347
1009
1295
596
1775
1726
1679
1535
1644
1139
1372
1517
1170
2144
1210
1019
1237
1237
1251
1803
478
1141
1217
1201
1450
1085
949
1372
1372
1498
3034
1170
1227
1227
1239
1690
1848
1358
1355
1142
1375
1137
1234
1143
1234
1375
1247
1802
1291
1314
1295
1018
1374
1271
1141
1275
1802
4791
1317
1553
1267
1424
1204
1140
1042
1089
1269
1221
1768
1211
1211
1374
930
1204
1367
1286
590
1270
1850
1247
1137
1399
2291
1616
1375
2144
3027
1361
1368
1291
2578
1134
1568
1399
1251
2431
1288
1426
4888
1515
1268
1327
1216
1238
1212
2129
2129
1812
2801
4104
4104
4931
4268
3956
2713
4271
4271
1303
1303
4269
1176
1311
1134
1141
1678
1232
1217
1090
1258
1017
1850
1822
1962
1491
1602
1277
1265
1228
1173
1172
2291
2257
2258
2291
2291
2291
1233
2234
1829
1831
3212
987
1134
1144
1524
2129
2234
2431
1831
2282
1244
1340
1805
1849
2506
1517
1236
1275
1216
1811
1403
1238
1251
1138
1858
2077
2021
1538
1325
1603
1485
1327
1366
1275
1425
1312
1091
1486
1013
1013
2057
1827
1357
1452
1406
1380
1382
2133
1870
1514
1549
1535
1336
1359
1024
658
1259
1024
586
1025
1313
1099
1387
1474
1267
1485
1485
1099
1425
1425
1529
1099
1452
1330
2291
1721
1569
2263
1721
1721
1721
877
1721
1552
1489
1461
1618
1700
1998
2589
1080
1259
1335
1335
2129
1474
1176
1367
1185
1334
2263
877
2258
2258
2320
2368
1946
3047
3394
3257
2629
2629
1550
1649
1298
2236
2736
2859
3666
3547
2868
454
2805
1265
1313
1175
1258
1426
1559
1314
877
1061
1542
1649
2093
1316
1313
1313
1258
1258
1090
997
997
997
997
1761
2234
589
1009
1707
1230
1238
1385
589
1649
1706
1817
2590
3062
3555
1238
1013
1016
1536
1085
1800
1631
1292
1448
1550
2355
1490
1493
1934
1012
1825
1934
1013
1004
1714
2263
2263
2263
2369
2263
1061
1552
1788
1563
1066
1373
1981
1010
1013
2646
2629
2368
4888
2353
1566
2368
1532
877
1535
1353
1362
2629
2635
1633
2319
1957
590
1243
1243
1815
1805
1806
1342
2265
2476
2265
1690
1774
1676
1656
1669
1282
2578
1831
1229
1404
1213
1213
1550
4888
947
1607
2144
2144
1438
2377
1545
1677
1202
1825
1962
954
1600
2579
1691
1650
1694
1674
1710
1630
1617
1456
1630
1930
1646
1921
2076
1346
1011
1014
1984
1552
1537
1962
1404
1010
1608
1326
1029
1636
2628
1640
1576
1963
1572
1476
1354
1981
1563
2438
2438
3452
3888
2739
3234
3088
3398
3398
3235
2751
1332
1510
2282
1681
2629
3027
2579
2579
2579
3458
1684
1593
1654
1709
1811
1549
1831
1145
2578
3027
1873
1659
1413
1611
1674
1576
1533
2112
3365
1709
1418
1831
2590
3537
2611
453
1529
1990
1790
1714
1783
1756
1411
1683
1599
1761
1381
2629
1900
2440
3089
1187
1765
1854
2062
1682
1489
1738
1953
1186
1812
1389
1831
2106
1526
1462
1576
1346
1463
1771
1353
1718
1860
2606
2578
1513
1596
1590
1712
1350
1363
1805
2475
2228
1607
1764
1889
1788
1576
1664
2284
2902
1742
2077
1931
1855
2606
2874
2486
2629
1953
1706
2077
1954
1653
1491
1292
1599
1710
1831
3444
3246
334
1591
1849
1825
1969
1407
1493
1704
1704
1741
1837
1726
2650
2769
2602
1824
3008
2277
3015
348
2703
1978
2601
2601
2379
2334
1967
2949
2579
955
1728
2021
1865
2640
1824
1351
1428
1596
1831
1856
479
1386
1607
1442
2400
1932
1428
1777
2022
2640
1874
1645
1874
1831
3486
3486
349
3893
348
1997
2703
1436
1900
955
1715
1875
1842
2224
2573
2573
2522
1718
1847
2352
1982
1695
2345
1828
956
1483
1606
2429
2095
957
2341
2019
2292
1597
1794
2412
1991
2828
2645
1760
1772
1772
483
4875
1876
1740
2539
2599
3008
3009
3165
2859
3666
3666
2596
2596
3857
2599
3165
1835
336
2637
2590
3444
1893
1146
2997
1671
1866
3079
3027
2628
1973
2423
2520
1919
471
1629
2194
2005
1687
2629
1827
2579
2629
1831
1770
1926
2283
2741
1961
1791
2057
1943
2580
1444
1864
2579
2579
3027
1188
2679
3212
2678
2090
1729
1949
2893
1662
2505
2018
2193
2579
1861
2292
1666
2931
2590
2590
2927
2637
2558
470
2629
1890
2089
2579
1857
4875
4991
4991
4877
1160
2063
2132
2579
2753
2237
3150
1874
2132
2334
1871
1871
1961
2095
2911
2894
2894
2629
2858
2593
3249
3019
3002
2104
1627
2751
2750
2579
956
2438
2279
2095
1770
1875
2112
2351
2648
2648
2648
2648
2648
3054
2579
2579
2648
2648
1831
2648
2648
2648
2648
2648
1831
2648
1831
2648
2648
2648
2648
3054
2579
2579
2628
2628
2648
2648
2648
2648
2648
2648
2648
2648
2648
2648
1970
1844
3017
348
3455
1660
2654
2334
2648
2648
2648
3054
2648
2075
960
4991
960
2637
2648
2648
2648
2648
1831
2648
1925
2885
481
2708
3650
4038
3405
3458
2579
2637
2283
2628
3054
2579
2648
2648
2648
3054
2628
2648
3079
3246
2518
1015
3461
3054
3054
3054
3054
2648
2648
2614
2933
1951
2334
2410
2448
2648
3461
3079
3461
2648
1831
1831
3332
3246
1831
2719
2568
1799
2365
2365
2365
2365
2365
2366
3149
3149
3485
3245
2365
2579
2853
3054
2365
3458
2183
2365
2365
1831
3485
3486
3054
2365
2365
3292
2366
3879
4039
4039
4039
4039
4039
4039
4039
4039
4039
4039
1831
3486
3486
349
3486
349
3486
3486
3485
3485
3246
1831
2648
3486
3486
3486
3016
4143
4039
4039
4039
4039
4038
4038
4038
1887
3020
2547
2365
3034
3458
3405
3458
3458
3458
4038
3924
3149
3149
3149
3149
3149
3486
3486
3486
3674
4039
4143
4143
3016
4039
3149
2430
2571
2507
1165
3149
2365
3149
3461
2648
1831
1831
1831
1831
3486
337
2322
3857
2585
3149
3149
2253
2601
2601
2601
2430
2579
1831
1831
1831
3245
2272
2599
1687
3034
2380
2579
2579
2579
2579
2579
2579
2579
2579
2579
3461
2579
2579
3458
3458
1831
3485
958
2549
2569
3741
349
348
2104
3292
2579
3246
2235
1926
2276
2345
2878
3051
2134
3458
3246
3245
2550
2292
3354
2807
2365
2579
3034
3034
3458
3458
2365
2365
2365
2579
339
3458
3458
3458
3458
3458
3458
3458
3034
3149
3149
2004
2532
2601
2579
2579
1831
960
4991
2983
2440
2005
1343
2488
3149
2365
3034
2516
2547
2579
2634
2634
2634
2235
3485
3245
3212
2763
3386
3030
339
3034
3458
339
2365
2365
2644
2415
3485
3350
2365
3034
3458
3458
3405
4038
4038
4038
4038
4038
4039
4039
4039
4039
2579
3149
3245
3245
2579
3458
4038
4038
3149
3149
3245
2834
2005
1628
2405
3149
3245
2272
2386
2579
3458
3458
3149
339
3051
3149
3387
2894
337
3486
3018
3034
3458
1299
3458
2824
3405
2871
2658
3486
2574
3354
3490
2017
2684
2949
2861
2808
3485
3486
349
3486
3486
3486
3523
455
2365
3034
3458
3458
2771
3402
2328
3245
3486
3485
2473
3023
2755
3034
2579
2936
3088
2894
3398
3088
3088
3398
2861
2684
2808
2522
3486
2552
2767
3088
1624
3235
1166
2772
3485
3486
4143
3486
3215
3486
3486
3486
3486
3486
3486
3486
3486
3547
2859
3666
2737
3665
2684
3405
3405
4038
4038
3893
4038
4038
2859
2820
2365
3149
3486
3486
3405
3405
4038
4038
3486
3320
2737
2737
2737
2737
3320
2737
2583
3458
3458
3458
2365
339
3485
348
2887
2657
1156
1165
2699
2507
3486
3547
3149
3651
3458
3458
3458
2521
3486
3292
3292
3034
3458
3458
3458
3371
3398
3486
3486
2910
2677
3486
453
453
453
3073
3458
3458
4038
4038
4038
4038
3458
4038
3355
2511
2508
3555
3740
3034
3458
3458
339
3924
3458
3458
2699
3486
3486
3486
3464
3751
3924
2366
3149
1996
2700
3289
2958
1159
3106
2910
3486
3486
4038
2902
3876
3067
3925
3928
3458
3458
3458
3486
3547
2596
2596
453
3666
3666
3666
3666
3874
4104
1300
4104
4150
3926
4150
2743
2592
339
3458
348
3320
3386
339
3458
3458
2767
4038
4038
3486
2596
2596
2596
3924
3452
2887
3458
2766
3289
3312
3337
2837
3366
3765
3774
3312
3486
3893
3486
3713
3320
3458
3458
3651
3458
4038
4038
3486
3486
3486
3486
2957
3398
2751
3458
4038
3486
3486
3486
2737
3741
2743
3458
2894
3398
3486
339
3266
3199
3520
3558
3794
3068
3379
3505
3088
3458
3741
3458
3458
3458
3365
2925
3375
3172
3558
3543
3520
3199
3174
3250
3458
3405
349
3486
3458
3458
3387
3888
3101
3851
3955
3955
4150
4150
4150
4150
4150
4150
4150
4150
3486
3458
3924
3551
3888
3371
3486
2763
3684
3684
3064
3684
3684
3793
4134
4134
4197
4247
4162
4162
3064
4118
2727
2979
2928
4134
4134
4118
4118
4118
3876
3075
3568
3954
3852
3569
3955
3955
3955
3741
4104
4150
3458
3458
3458
3458
3458
2878
2894
3486
3547
3547
2592
3538
3870
3880
3849
3794
3070
2761
2762
3513
2697
2957
455
3458
3650
2925
2787
1160
2781
2980
2836
3337
3011
2779
3692
3793
2836
2905
3011
2956
3247
2921
3447
2792
3473
3369
3449
3305
3112
2796
454
3758
3782
3758
3758
3458
3405
2718
3398
3312
3337
3486
3486
1160
2956
3486
3648
3928
3458
3458
2894
3088
3510
3510
466
2762
3011
2620
2732
2838
2623
2846
4117
2840
4052
3053
3460
4053
3340
2929
3011
3486
3486
3016
3486
3486
3547
453
2596
4118
2592
3924
3458
3337
3049
3070
2788
2820
3486
3684
3770
2987
3405
2894
3651
4038
3337
3311
3405
4038
3236
3398
3289
2849
349
349
3648
3539
4150
2009
3130
3250
3207
4038
4038
3486
3486
3486
3486
3486
4081
3458
3191
4038
2732
3486
3486
349
3458
3405
3183
3311
3311
3877
2913
2916
3774
2623
2845
3110
3215
2592
3873
4038
3003
2794
3547
2592
1622
3893
4038
4038
4038
4038
3650
458
3486
3486
3486
3486
3486
3458
3458
4038
349
3693
4038
4038
2916
2621
2953
3396
4134
3763
3745
3130
3207
3486
3486
3486
3486
349
3486
4038
4038
4038
4038
3130
4038
4039
4038
4038
4038
3070
3337
3486
3405
3070
4038
3486
3486
3385
4237
4135
2727
4081
3874
3569
3538
3398
3236
2738
2710
3129
3233
3016
349
3486
4038
4038
4039
3398
3016
3486
3486
3893
3893
4038
3783
3937
4237
4211
2846
348
4104
4038
4038
3183
4038
3340
3486
349
4122
349
3740
3870
3870
3379
3574
2673
4038
4038
4038
4038
3486
4038
4038
3740
3398
4038
4038
4038
3486
3784
3235
3434
3203
3203
3203
3203
2761
2762
3203
2762
2762
2762
2762
3070
4038
3154
3113
4038
3893
3217
3893
4143
4039
4039
3893
3486
3782
4038
3311
3184
3428
2913
3069
3069
3752
3428
3078
3486
4104
4180
3569
3375
3281
3016
3426
3487
4117
3763
4197
4183
4079
3762
3713
4038
3236
3070
3013
3369
3486
4118
4038
3540
4037
3101
4935
4935
4933
3101
4038
3434
4039
3037
4038
4038
4143
4039
2793
2990
3211
3307
3092
4039
349
3218
3221
3679
3422
3422
3938
4120
3125
4114
3127
4128
3408
3421
3473
3380
3199
3070
4038
4038
4039
4039
4038
4038
4039
4039
4039
4039
3081
4039
3893
3893
3486
3233
3223
3875
3546
4112
3159
3126
3796
3162
3469
3496
4118
3782
3554
3557
3392
2761
2761
3558
3558
3699
2674
2848
4038
4038
4038
4038
3893
3335
3758
3392
4038
4038
3197
4039
3116
1300
3434
3513
3513
2761
2761
2761
2761
4038
3513
3513
2761
4038
4039
4039
349
3893
3680
349
4122
4122
4080
3906
3006
3801
3864
4097
3802
4132
4086
2843
349
4038
2987
3432
2762
4039
4039
3893
4039
3016
3486
349
4197
4098
4118
3097
3203
4038
4039
4039
4039
4039
3893
3893
3486
3937
3665
3432
3562
3702
3575
2762
4038
4038
3306
4143
4039
3893
4039
3070
3013
4039
4039
4039
3893
4039
4039
3463
3305
2797
3522
3406
3367
4146
4146
3125
4158
3771
3229
3231
3730
3882
3854
3067
3392
3070
4038
4038
4143
4039
4038
4143
3486
3857
3569
4037
4039
4039
4039
4039
4143
4039
4143
4143
4039
4039
4039
3893
2918
3022
2952
4143
4038
4143
3893
3893
3893
3893
3348
3536
3536
3232
349
4122
3713
3762
3762
4079
3520
3520
3558
3194
4039
4039
4039
3232
3218
3693
4039
3348
3118
3858
3551
4037
3436
3348
3870
3702
3540
3275
3117
4237
2914
4037
3520
3513
2761
3893
3518
2918
3558
3454
3893
3893
3893
3893
3367
3368
4092
3300
3127
3159
4190
4203
4055
3415
3932
3118
3448
3451
3450
3423
3420
3908
4088
3939
3792
4176
4169
3888
2952
3275
3434
1623
2990
2799
2920
3893
3893
3459
3494
3792
3423
3791
4019
3875
4181
3551
2761
3702
3893
3893
3472
3893
3082
4104
2761
3172
3893
3488
3123
3445
3744
3908
3770
3551
3699
3699
3893
3893
3893
3908
3762
3754
3893
3893
3128
3156
3508
4136
4273
3762
4183
3847
3366
2761
2986
3421
3121
3862
3683
3554
3359
2761
3065
3702
3111
3522
3424
2844
2758
3172
3348
3907
3870
3558
3543
3362
2675
4037
3543
3348
3871
3854
3575
4150
3921
4037
2761
2986
3122
4120
3854
456
2673
3101
3702
3758
3228
4098
3558
3711
3893
3893
3893
3548
2740
3955
4150
4150
4150
4150
4150
4150
4273
3852
3052
3893
3754
3446
3662
3729
3660
3704
3837
3832
3582
4256
3834
4193
4071
4071
4071
4063
4063
4063
4071
4071
4071
3663
3676
3663
3687
4906
4912
4912
4914
3636
3633
3642
4199
4107
4059
4192
4917
4912
3992
4262
4257
4257
4924
4924
3991
4906
3642
4903
4199
3816
4108
4240
4218
4171
4171
3844
3918
3623
3595
4927
4927
3835
3834
3630
3991
4914
4337
4319
4010
3982
4257
4008
4923
4337
4303
3822
3821
3820
4912
4912
3642
4136
3101
3893
3282
2798
2987
3688
3497
3729
3656
3161
3660
3663
4168
4186
3639
4094
3567
3853
4910
3626
3661
3657
4088
3699
3506
3469
3934
4131
4906
4108
3845
3225
3311
3521
3491
2987
4927
4927
4911
4156
4907
4113
3274
3295
2986
4911
3704
3642
4108
2952
2838
3535
3535
2987
3162
2918
3785
3159
4186
3919
3953
4059
3845
4082
3888
3693
3767
3853
3869
3669
3669
3727
4170
4129
3729
3007
2919
4052
3438
3296
4211
3668
3737
3883
3639
456
3742
3413
4174
4910
3301
4150
4150
3921
3359
3748
4164
3749
3883
4117
4131
2710
2738
3853
3575
3687
3546
2844
4156
3929
3848
3848
4175
4175
3067
3852
3282
3852
3723
3853
4183
3124
3844
3620
3707
3767
3576
3611
3630
3723
3379
3159
2952
2761
3702
3161
4237
3886
4108
3707
3437
3702
3655
3932
2840
4130
4145
3514
3733
4102
3685
2760
3808
2760
4180
3640
4294
3818
4895
4891
3818
4016
3817
4903
4303
4303
3822
3823
3822
4337
4008
4257
4257
4256
4256
4257
4126
3824
3824
4257
4257
4256
4256
4338
4265
4256
4256
3835
3835
3836
3727
4187
3842
4172
3843
4187
3842
4189
4188
4172
4215
3823
3184
3752
2761
3852
4933
3955
3851
3723
456
3856
4103
3379
4219
3956
4122
3848
3301
3919
3468
3888
3851
3851
3955
3852
2710
3611
4164
3835
3804
3880
4150
4150
4150
3872
3808
3844
3428
3893
4122
4933
3851
3723
3750
3837
3884
3726
3731
3845
2952
3888
3893
3101
3101
3101
3101
4933
4933
4933
4933
4935
4935
3101
4122
3630
3933
3517
3728
2846
3125
4181
4240
4933
4127
3528
349
4931
4226
4150
4189
4167
2953
3101
3893
3101
3893
3157
3507
3068
3069
3893
3101
4128
3688
3732
3945
4162
3848
3939
3805
4097
4240
4895
4903
4240
3920
3746
2845
3893
4896
3893
3991
4257
3982
3633
4294
4164
3954
3895
3955
4150
4150
4150
4934
4934
4934
4934
4937
4936
4226
4269
4226
4226
4931
3675
3954
4150
4157
3833
4141
4141
4063
4063
3631
4257
4257
4256
4262
4256
3586
4262
4310
4924
4257
4257
4257
4257
4256
3593
4071
4193
4193
4256
4257
4256
4006
4259
4262
4193
4193
4193
4049
4071
4071
4262
3593
4071
3591
3591
4256
4259
4256
4257
4257
4310
4257
4257
4008
4257
3985
4338
3991
3841
3161
4165
4190
4218
3833
4256
4210
4918
4210
4071
4071
4071
4071
4071
4193
4193
4193
3978
4256
4926
3101
3710
3943
4150
3428
3834
4139
4193
4063
4063
4063
4063
4141
4138
4139
4139
3053
2846
3765
3161
4148
4150
4150
4273
4150
4218
4218
4214
4139
4139
4139
4141
4139
4256
4918
4063
4063
4063
4141
4139
4139
4141
4063
3438
3893
3516
3699
3943
3068
3501
4150
4157
3939
3460
3439
2919
3955
4162
4132
4141
4141
4069
4141
3893
3407
3841
4158
3845
4024
4122
3877
4122
4150
3834
3893
3652
3796
4150
3160
4303
4303
4304
3820
4304
3707
3833
3409
4092
4201
4115
4074
2846
3877
4190
3160
4246
3893
3101
3297
3652
3943
4124
4258
3582
3836
4103
4125
4125
3955
3955
4934
4150
4150
4150
4150
4150
4150
3802
3877
4150
4150
4150
4150
4114
4172
4139
4141
4141
4141
3774
3101
3529
2847
3068
4074
4129
3955
4163
4141
3931
4124
4102
4931
4184
3410
4204
3820
3821
2623
3847
3428
3795
2847
4145
4122
4157
3410
4189
2953
3501
4150
4202
4187
4215
4172
3847
3501
3501
4150
4934
4934
4931
4184
3833
2623
3709
4162
4150
4150
4150
3581
3581
3904
3414
3856
3856
4194
4303
4141
3863
3409
4112
3931
3501
4163
3414
4891
4141
3867
3842
3415
3805
3827
4063
4063
4063
4063
4063
4256
2846
3501
3126
3824
3824
4265
4266
3893
4040
3299
3410
4202
4122
4226
4933
4933
4933
4226
4936
4226
4226
4269
4509
4269
4395
4509
4509
4936
3847
4126
4226
3823
3823
4187
4063
4071
4049
4122
4122
4040
4187
3824
3823
4063
4071
3501
4146
4063
4193
4193
4256
4256
4295
4936
4071
4071
4071
4265
4934
4063
3824
4256
4256
4122
4150
4934
4934
4936
4150
4150
4934
4934
4934
4934
4150
4150
4193
4936
4936
4226
4269
4269
4271
4936
4934
4934
3956
4936
4934
3956
4226
4934
4193
4193
4936
4934
4934
4071
4071
4932
4226
4266
4071
4142
4071
4193
4071
4193
4257
3956
4193
3898
4934
4936
4122
4256
4295
4256
3593
4936
4936
4936
4931
4271
4269
4122
4931
4936
4226
4226
4269
4936
3956
4071
4256
4256
4936
4936
3591
4259
4259
4193
4193
4193
4207
3591
4259
3591
3593
4256
4262
4256
4256
4936
4193
4259
3593
3586
4936
3898
4236
4226
4226
4271
4226
4226
4936
2713
4931
4236
4271
4269
2713
4271
2713
4272
4271
4269
4226
4269
4226
4269
4269
3959
4340
4433
4421
4483
4483
4395
4616
4485
4483
4420
4420
4420
4576
4427
4427
4427
4233
4233
4949
4427
4739
4427
4739
4739
4739
4739
4430
4272
4269
1303
4433
4433
4433
4291
4272
4236
4272
4271
4269
4340
1303
4269
4269
4269
4395
4269
4271
4269
4269
4226
4269
4271
4269
4271
4269
4226
4226
1303
4272
4269
4272
4340
4320
4483
4483
4395
4576
4422
4560
4430
4430
4430
4430
4430
4427
4427
4427
4430
4430
4430
4430
4432
4420
4394
4395
4395
4269
4269
4427
4269
3959
4291
4464
4483
4376
4269
4320
4483
4483
4421
4421
4395
4483
4395
4485
4936
4430
4430
4430
4430
4427
4427
4427
4729
4729
4739
4739
4739
4739
4468
4739
4739
4739
4739
4576
4430
4269
4291
4739
4739
4427
4427
4739
4468
3959
4430
4949
4430
4430
4395
4269
4269
4430
4427
4427
4430
4427
4269
4269
4269
4739
4739
4485
4652
4739
3959
4395
4430
4430
4739
4739
4739
4739
4739
4739
4729
4430
4430
4430
4433
4433
4739
4739
4739
3959
3959
4427
4469
4433
4395
4395
4395
4395
4269
4430
4739
4739
4729
4739
4395
4430
4739
4739
3959
4485
4430
4652
4433
4269
4430
4427
4468
4430
4420
4469
4420
4469
4269
4469
4485
4420
4427
4269
4739
4650
4523
4576
4395
4430
4269
4739
4576
4427
4433
4433
4739
4427
4949
4395
4395
4420
4739
4739
4576
4394
4430
1310
4739
4427
4430
4427
4729
4427
4483
4483
4509
4739
4468
4420
4483
4394
4394
4554
4650
4427
4509
4509
4433
4427
4427
4430
4427
4739
4739
4427
4427
4739
4949
4949
4729
4729
4427
4485
4729
4574
4632
4729
4729
4509
4420
4509
4592
4523
4509
4509
4427
4427
4427
4949
4949
4739
4949
4427
4427
4427
4430
4427
4394
4632
4427
4427
4949
4427
4576
4576
4650
4395
4509
4421
4395
4433
4632
4739
4427
4233
4739
4422
4949
4729
4729
4729
4395
4395
4729
4395
4509
4395
4729
4643
4233
4739
4949
4427
4420
4632
4576
4509
4509
4395
4509
4509
4421
4739
4739
4739
4729
4574
4729
4395
4395
4729
4729
4949
4422
4576
4483
4516
4509
4739
4739
4592
4729
4739
4585
4576
4949
4949
4713
4949
4739
4739
4739
4949
4949
4949
508
325
11
748
441
518
173
173
437
716
518
752
510
195
11
437
510
437
518
518
1024
1024
1071
1051
4810
771
822
721
997
928
701
735
803
1103
795
802
891
891
891
1258
4810
928
997
735
997
891
708
4828
851
4829
636
1258
1024
829
760
723
761
891
1052
878
881
891
658
1258
1258
860
1107
4802
4808
893
634
633
634
1313
1105
777
929
1043
1024
1258
645
997
997
633
855
1107
889
4796
715
767
4794
997
997
771
2291
2291
2291
2291
2255
2291
2256
2144
2144
1721
2144
2144
2144
2144
2144
2291
2628
3486
3149
3149
3245
3486
3486
3486
3486
3486
3149
3149
2763
3070
3070
3070
2617
1161
3289
3070
3070
2224
2570
1158
3312
3458
3203
4038
4317
4905
4016
4141
4338
4924
4924
4254
4262
3591
4071
3991
4311
3586
3823
4895
4294
3633
4014
3633
4294
4013
4013
3822
3993
3993
4257
4257
4257
4257
4319
4049
4139
4206
4063
4063
4063
3633
4303
3591
4139
4928
4049
3822
4256
4908
4935
4934
4934
4933
4933
4934
4933
4933
4937
4937
4934
4933
3101
4933
4933
4935
4049
4049
4739
4430
4427
4420
4427
4430
4483
4427
4742
4739
4427
4739
4483
4739
4509
4895
4240
1471
580
4791
1471
1468
888
930
2511
1160
3041
3312
3337
3137
1160
2971
2912
2570
2875
1160
1160
4878
4881
1158
4881
4881
2616
2569
1160
2971
1160
2570
2569
2618
