1066
1404
1119
1119
1066
1119
1119
2686
2846
4904
2846
3470
2665
2665
1165
1165
1165
1245
1231
1362
1241
1236
1236
1241
1241
1362
1362
1362
1362
1181
1173
1241
1181
1241
1421
1362
1362
1031
1362
1362
1362
1362
1404
1119
2686
2742
3473
2900
2863
5110
4128
1119
4128
4330
1119
1031
1173
1031
1165
1129
1245
1236
1072
1236
1179
1236
1173
1236
1231
1245
1245
1228
1245
1435
1066
1119
1362
1031
1241
1119
1362
1236
1173
1435
1119
1165
1119
1119
2686
2686
1362
1362
1173
1241
1179
1236
1231
1241
1241
1241
1173
1173
1173
1031
1031
1231
1231
1241
1435
1231
1362
1231
1072
1175
1272
1241
1231
1236
1031
1119
1362
1173
1245
1165
1245
1031
1231
1241
1173
1241
1066
2686
2686
2900
2820
2820
2795
2795
2795
2828
2828
2820
2825
2820
2820
2820
2820
1231
1362
1362
1119
2686
1119
2686
2489
1241
1362
1241
1165
2686
2686
1066
1119
1241
1241
1241
1231
1241
1236
1143
1179
1241
1111
1179
1181
1241
1181
1267
1241
1179
1119
1066
2768
1119
1119
1452
1362
1236
1236
1231
1241
2686
1119
2686
2742
2900
2900
2768
2768
2768
2820
2820
2704
2744
2846
2665
2665
2818
1529
2818
2818
2820
2820
2900
2900
2665
2686
2892
3470
2665
2686
1175
1031
1241
2687
1231
1031
2742
2742
2742
2900
1362
2742
2742
2768
2742
2742
1245
1245
1231
1173
1119
3473
1165
1241
2686
1231
1231
2742
3473
3473
2897
5109
2846
1179
1031
1031
1119
2768
2900
2820
2820
2795
5095
1241
1179
1362
5095
4344
1241
1236
1119
1031
1165
1241
1031
2686
1231
3470
1245
1231
1236
1308
1119
1119
2742
1241
1245
1119
2686
4330
1236
2687
2768
3470
2820
2768
2820
2731
2820
1231
1181
1031
1435
1175
2768
1119
1119
1119
2686
628
2686
2846
1236
1241
2686
1119
2820
3473
1241
1241
1072
1173
1173
1173
1362
1236
1031
1236
1245
1165
1119
1245
5092
2768
2686
4118
4128
2900
1241
2785
2768
1165
2686
1119
2686
3470
1231
1231
1245
1245
1181
2820
2820
2820
1435
1119
1231
1231
1241
1231
2884
2768
1236
3473
2768
2768
2846
2686
1219
1219
2820
2665
2818
1529
1529
269
269
269
269
269
269
1728
1728
1728
1728
821
3590
4154
3692
4154
3590
1072
1031
1119
1119
2795
1241
2686
2768
2820
2818
2820
2818
1529
3575
2820
2818
2686
3388
1119
2686
2820
1231
1241
1241
1203
1072
1362
2686
2731
2846
1272
1181
1181
2820
1241
1031
2863
2795
1236
3473
2900
2820
2704
4911
1173
1362
1362
1241
2795
1241
1181
1241
1245
2820
1236
1181
1173
1181
1173
2846
2795
2820
2820
2795
3501
3575
3575
2731
2884
2686
2846
2820
2820
2704
2723
2744
2744
2846
2863
2795
2884
2897
3470
2767
2818
2818
1529
1743
1743
1529
1529
269
269
269
4298
1635
1635
2342
1635
1635
1635
267
1914
2536
483
483
513
686
1892
1893
3507
879
879
1913
1913
1913
1913
2380
2382
2420
2358
2358
689
689
2726
2744
2827
2820
2768
2744
2818
2744
3575
2744
2744
2665
2818
2818
3575
2795
3575
2665
2767
2665
2820
2767
3575
2820
2795
2795
2795
2723
2665
3575
2726
3501
2665
2658
269
1529
1743
1529
2234
2234
2318
5196
2234
2318
2318
2234
2234
2318
1996
2234
2234
2234
2234
1940
2234
2318
2234
2234
2234
2234
2234
1940
2234
2234
2234
2234
2234
2234
2234
2234
2006
2234
1976
2234
2234
2234
2503
2503
1852
418
650
2391
1832
418
422
1837
2391
1837
1838
2116
2234
2318
2234
2318
2234
5196
2234
1996
2234
2067
2318
2234
2234
2150
2234
2234
2234
2234
2150
2318
2234
2234
2318
2234
1996
2767
2234
2318
2234
2234
2234
2234
2234
2234
2318
2234
2234
1940
2234
2234
2234
2234
2234
2234
1935
2101
2234
2234
2234
2234
2318
2234
2234
2234
2234
2103
2103
436
436
418
2820
3575
3575
269
269
269
3575
269
3575
2234
2234
1975
2318
2234
2234
2234
2234
2234
2318
2827
3575
2234
2234
2234
2234
2234
2234
2234
2234
2234
2234
2234
2234
2234
2234
2818
2795
1743
2234
2318
2150
2234
2234
2234
1996
2234
2234
2234
2234
2234
2234
2234
2234
2234
2234
2234
3501
1940
2103
2101
2234
2318
2101
436
2103
2234
2234
2234
1996
2234
2234
2234
2234
1996
2234
2234
2234
1996
2234
2818
2234
2050
2234
2726
2818
3575
1940
2665
3575
1529
1529
1529
2234
2665
3575
1529
2094
436
2234
2818
2234
2234
3575
2234
2234
2234
2234
2234
2234
2234
2234
2234
2234
1996
2234
2234
3501
2818
1529
1743
269
1743
269
1743
1529
2234
1940
1940
2234
2234
2818
1529
2101
436
2234
2318
2234
2503
2234
2150
1996
2818
2818
2234
1996
2234
2234
2234
2234
1996
2234
2234
2104
2432
422
436
3575
3575
3575
3575
3575
3575
2234
1975
2051
2234
2234
3501
3575
2818
3575
2150
2234
1940
2234
2234
2234
3501
3575
2234
436
2234
436
436
2234
2101
2818
269
269
3575
2234
2234
2234
2234
2234
2234
2234
2234
2234
2101
3575
2234
2818
436
2108
2234
2234
3575
2818
269
1529
1743
1743
1529
1743
269
3575
3575
3575
3575
3575
3575
2818
1743
1743
1743
2101
3575
422
2234
3575
3575
3575
3575
3575
1940
1940
2234
2234
2234
2234
2234
2150
2101
436
436
436
2237
3575
2103
2234
2234
2234
3575
3575
269
1529
269
1529
2818
422
418
436
269
269
269
269
269
269
3575
3575
3575
3575
3575
3575
3575
3575
3575
269
3575
2818
269
269
269
3513
4285
1741
3575
3575
3575
169
169
169
85
129
129
129
129
129
129
2796
8
129
436
2234
2234
2101
2101
2498
418
2234
2234
2503
2234
2234
2234
2234
3575
2349
2391
2340
1832
1821
2340
436
2391
2348
418
422
2391
2375
2376
579
381
2379
638
1782
2368
690
690
690
689
689
583
2391
2375
579
2391
418
650
1824
1832
1832
2234
381
1837
584
1837
2391
2391
2391
2349
418
1849
650
418
1838
1838
2348
2375
650
418
2391
381
2340
2340
406
436
2503
1852
2818
2348
381
2348
638
577
458
581
579
638
638
638
351
1776
1776
1776
2345
2347
2347
333
2391
1838
436
2234
2234
2818
3575
381
579
638
2352
458
2352
458
2379
381
2234
2234
2234
2234
2391
2391
2348
2234
2234
2234
2234
2234
2238
2234
2234
2234
2234
2234
2238
2318
2234
3575
3575
3575
638
579
3575
3575
3575
3575
3575
3575
3575
418
422
650
422
579
399
1743
2234
2234
2234
2234
579
638
381
2391
1837
418
269
3575
269
2348
3575
2150
1837
2350
406
1838
1838
2348
418
418
422
436
2234
1832
2340
381
3575
579
1838
418
2234
2234
2100
2234
2150
2234
2234
2234
2234
2150
2234
2234
579
2234
2234
2097
2503
2234
579
638
381
418
2234
638
638
638
2347
2347
381
1837
2234
650
2340
418
2234
579
333
333
333
333
2408
689
741
741
741
689
2395
456
456
456
512
622
2541
512
2410
3206
4997
3206
742
456
512
622
622
512
512
456
456
456
456
333
689
333
414
638
2375
2348
2375
638
689
2234
2234
2234
2234
333
333
323
1776
2234
2503
2234
2234
2503
2234
2234
2379
2377
393
418
650
584
2340
418
1849
2375
2347
577
579
689
2818
333
690
2408
1913
333
333
650
418
1852
638
638
577
2352
638
3575
3575
2347
689
619
879
2408
619
2408
2408
269
333
2408
2408
2408
638
1837
638
2340
1817
577
333
2379
351
1837
2234
2234
1852
431
2234
2503
638
436
436
436
333
1837
2379
2379
619
431
418
333
418
689
333
638
2379
2408
638
2408
1529
3575
3575
2234
2234
2503
3575
1852
3575
584
650
2408
269
418
689
2818
269
3575
3575
1838
351
2234
2408
1529
1529
269
269
269
4154
3692
3590
3621
3631
4014
3898
4004
2503
436
2347
422
638
436
2234
2352
333
333
579
579
2375
3575
2408
422
333
1743
690
269
269
269
269
269
2340
1940
2408
619
1529
269
269
1529
1743
333
2395
2395
2408
638
333
2379
351
2503
269
2347
2408
2343
333
2408
1913
431
422
638
333
2340
2503
2503
2347
2347
2352
2352
2408
2377
1913
879
879
2529
2395
1913
1852
638
2234
2234
2234
2234
2234
2318
2234
2234
2234
425
1852
1852
1851
425
425
1852
399
2234
2352
661
1529
1529
4296
4298
3193
1633
1913
1913
1913
2234
2150
2234
1852
1864
418
2379
436
1529
1529
3132
3250
4296
1529
1529
3575
3575
3575
1529
4298
482
1913
1913
1913
2383
1913
2234
406
2503
334
1913
2379
4298
3193
4298
4298
2503
2238
2503
2503
2503
5196
5196
2234
2234
2503
2234
5196
2234
1529
1529
269
269
1852
407
2408
879
418
1913
1529
4298
482
1913
1913
1913
1913
1913
2347
584
584
406
4296
2379
638
619
1529
2375
2375
2352
577
2352
575
2347
1837
584
1743
1529
1529
333
4298
4298
1743
2340
579
1529
1529
1743
3513
1743
1743
1529
1529
1743
269
1743
1529
1529
879
4298
1860
2356
638
3575
1743
381
1529
4296
418
2375
2390
2408
619
619
4296
4296
4296
3575
879
879
1913
879
269
3575
269
3575
1913
418
333
619
2390
4296
2390
2390
269
1529
1529
1529
1913
1913
1860
2352
579
579
3575
3575
3575
1913
879
879
1913
1633
1633
482
482
3193
4938
4298
2379
2379
2371
1783
1529
2340
650
1814
638
689
2356
1837
4298
3575
1913
1913
1913
689
5192
4298
4938
4938
3132
555
2533
5179
4196
5189
2532
2532
2526
3193
2340
2368
1743
879
269
3575
3575
3575
3575
3575
3575
3575
2818
269
269
269
1741
3575
482
1633
482
2373
1913
269
269
689
3575
3575
3575
3575
3575
3575
3575
3575
579
1633
482
1913
3193
3478
4077
482
269
1913
1913
650
318
2526
2526
1529
879
584
2542
1913
399
619
2379
1633
1633
3507
333
2408
1633
1633
879
552
482
2340
2375
689
2408
269
333
4298
552
2352
393
690
690
690
334
2345
1529
3575
3575
3575
1633
1913
393
2350
2350
879
3197
3513
482
482
1913
1913
1913
2363
2343
2345
333
4296
4296
3197
3575
3575
2390
1913
334
4093
879
552
2379
2390
269
269
3575
3575
3575
4298
269
333
879
2354
3193
2375
2408
2408
2408
2420
879
2352
2340
1529
4298
482
1633
1529
269
1743
269
269
269
269
269
879
879
1893
2529
456
456
2529
3575
3575
3193
2367
1913
741
333
3575
3575
3575
2352
2379
2376
482
269
1913
1913
2390
3575
3575
2984
1776
879
269
482
2345
3575
3575
3575
351
582
1776
2350
269
269
269
1728
269
269
1913
334
2526
3575
269
323
690
2420
2420
2408
690
2408
689
689
689
334
1529
741
334
1633
2636
458
690
1913
2931
1633
323
334
690
2408
2420
2395
456
879
318
2539
5191
5191
318
1782
690
2420
2420
690
2408
2420
2420
2420
2356
482
269
269
269
4298
1913
1913
1913
1913
2342
1913
2356
2356
1913
1529
1913
269
1913
2408
1743
2526
3193
269
3575
3575
3575
3575
3575
269
3575
3575
3575
3575
3575
1913
1913
2926
318
2526
2526
2526
318
2539
318
2539
2539
318
2526
3513
2347
3575
269
3575
3575
3575
269
3575
2368
2368
4298
482
2345
879
1776
3575
1783
1913
1913
2982
3575
3575
3575
269
269
2373
1776
1529
1913
2931
4296
333
5075
4196
2373
4938
2526
318
3575
3575
269
3575
323
482
1913
2529
1913
1913
1743
2526
1893
5191
1893
3575
5192
5078
879
1776
2408
2408
690
2408
690
2408
2408
879
2529
318
1913
1913
269
1776
3250
2394
456
456
2526
318
3507
1633
5074
5069
879
1913
4298
269
1913
2982
3507
5074
1914
2530
686
879
1743
1776
690
5067
741
334
1776
3575
1913
2526
334
2796
2796
139
2828
3575
2795
139
2795
2828
2796
2796
2796
79
2796
2796
2828
2795
2796
2828
2796
2796
2796
3575
2796
2796
2796
3575
3575
3575
139
3575
3575
72
2796
2796
2828
2796
2828
2828
2796
3575
3575
2828
2796
2420
2358
269
269
269
1743
1633
2529
5191
2539
5191
2795
2796
2796
2796
139
1776
2420
690
689
2358
690
2395
2345
2828
2795
3575
3575
2796
2796
139
2828
4298
2380
3132
269
2538
269
269
1529
269
2526
334
3575
3575
2795
2796
3575
2796
3575
2796
139
269
3575
3575
1741
3575
1633
334
3513
269
2828
3575
139
2796
3575
139
139
269
4298
318
2529
2796
1913
269
2795
3575
3575
3575
3575
269
269
269
8
131
2796
2796
2724
3575
3575
3575
3575
3575
1913
4172
318
456
456
977
139
139
139
139
131
1926
176
8
139
3575
2795
139
139
269
2795
2795
139
8
129
129
129
129
2796
139
123
139
123
210
249
181
181
84
84
84
84
181
181
181
8
1920
2815
176
14
92
84
181
91
1459
176
129
2828
3575
3575
3575
3575
2796
3575
3575
3575
169
169
85
84
58
84
181
84
181
181
84
84
84
59
1913
2380
2632
3514
977
170
170
58
85
19
19
2560
2828
131
139
4462
177
15
121
181
181
181
84
84
181
139
2345
689
689
689
688
687
688
2795
2796
2828
269
269
269
131
3575
129
3575
3575
147
85
3575
334
1913
2420
131
2795
2529
2529
2529
131
2796
139
2796
8
2796
269
2408
1913
318
3575
2345
3575
3575
3575
139
269
3575
3575
3575
3575
3575
269
3575
3575
3575
3575
269
4285
8
8
8
323
690
689
689
269
269
269
269
139
2343
3575
3575
147
3575
129
269
4448
4197
3575
3513
269
269
3575
3575
85
8
2408
269
4448
4285
85
139
1741
170
170
139
139
123
169
884
170
123
170
170
1741
977
139
131
5075
2529
2818
3575
2796
689
2408
2408
2356
5075
5191
2408
741
689
2815
3575
1741
3478
4448
4285
512
689
3575
8
8
129
323
3575
2408
690
2420
269
4938
169
85
139
139
3575
3575
129
8
269
269
139
977
1741
170
169
169
169
169
85
84
318
3575
2815
129
129
129
3575
4285
1741
169
169
2529
269
176
1893
5191
2539
269
2395
183
3575
129
129
689
4093
1741
1741
1741
1893
3575
323
139
1529
5074
1926
8
2358
4298
4296
3513
4298
2982
269
512
512
129
689
2420
1529
512
512
456
2395
129
84
84
84
84
84
84
84
84
1913
139
170
170
170
58
1529
689
741
129
3575
129
129
129
2397
2380
139
139
4196
4196
5075
4196
5189
512
456
456
323
2345
129
2380
4884
5074
3507
2539
2395
2345
14
91
163
91
129
84
91
84
47
91
129
92
129
91
84
91
85
85
129
129
1913
1913
1635
1635
5191
2818
1741
1741
1741
170
169
269
129
2363
4298
123
15
1743
269
2617
2345
169
1913
1913
2342
1635
1913
1913
1913
1635
977
170
170
977
5189
456
129
139
1743
622
512
2395
456
2395
689
129
129
129
129
3250
2539
2529
269
1741
689
689
689
129
129
129
139
123
4285
1741
1741
1741
3132
269
32
456
456
456
2395
1459
1913
269
269
1917
170
170
169
181
181
58
123
1741
689
689
1913
2397
12
170
1740
123
2539
977
456
269
85
85
129
84
84
84
129
4298
4298
884
1740
58
123
742
512
742
456
687
687
687
2395
742
2395
169
169
4298
2419
690
493
630
2382
2380
139
170
3575
91
129
129
1913
269
269
269
269
269
269
269
1555
269
269
269
269
884
1892
1913
269
170
170
170
1741
1741
269
85
129
129
1913
1635
58
1748
4196
1529
170
512
512
456
456
742
456
742
742
621
2980
4344
4916
3275
741
169
169
169
1913
1635
1913
170
1748
512
1741
169
14
1728
1728
129
129
129
2983
4196
4435
169
169
169
84
1913
269
269
269
123
1748
5075
456
129
123
3107
1892
2541
2541
486
1892
485
1892
676
623
672
677
312
672
312
2389
2389
676
1914
4196
269
269
269
120
73
2644
1883
622
1872
485
686
676
623
1867
676
686
1872
1892
1883
1892
622
622
1872
1872
622
622
2541
622
1741
269
269
1741
58
123
622
622
500
348
269
1555
1555
269
3692
3692
3692
4154
3692
3692
4155
1741
85
170
232
1747
348
4296
129
85
689
690
689
2358
689
741
741
2426
1810
741
335
1794
4344
315
2358
2363
2342
1635
269
1555
1518
269
768
269
482
269
269
170
85
58
85
170
4448
686
1914
5189
1913
269
877
346
1632
1911
312
3087
2401
1892
1883
1892
1892
1883
622
2540
92
1913
269
123
500
622
169
1879
689
741
689
688
335
1780
742
742
742
742
687
335
741
2345
687
335
741
741
335
741
444
3091
352
1799
2487
3219
4894
4895
3219
269
1635
2383
264
170
170
4174
512
5069
687
741
14
84
14
741
741
129
129
741
169
2539
2539
2532
5086
1906
512
512
512
622
742
1780
1780
1780
3214
3323
5027
1788
3029
3029
4889
4895
4889
352
687
14
85
84
741
84
84
85
129
269
1913
690
269
269
58
15
742
512
512
1780
335
741
689
1635
3
2539
4196
1741
1741
687
742
742
512
2363
170
4172
5069
512
512
512
84
84
741
2383
269
338
1892
4197
2533
512
1741
1741
91
129
84
84
91
84
84
84
2363
58
4448
1741
352
84
84
84
84
91
84
555
170
742
2445
3205
3004
2483
2501
2979
2973
3323
3029
4905
1799
2358
2342
2539
169
169
444
85
2342
1635
1529
2617
2617
1728
2570
269
1914
1914
1914
162
14
32
169
84
58
169
622
84
84
4172
169
512
169
2979
2997
3015
444
741
169
2639
622
512
512
85
84
58
84
84
181
58
181
84
181
1914
1914
169
169
169
512
512
512
85
169
5193
2617
169
129
335
573
335
2363
269
877
5086
1906
1905
169
444
354
85
84
84
58
210
181
169
2549
169
169
607
2570
84
573
360
3016
269
269
269
58
5193
2442
170
169
2487
84
4154
1728
269
673
1635
1632
308
1546
181
58
5179
1741
1741
1728
1741
58
512
3206
169
2458
3
1634
2536
2526
622
622
1892
2541
622
622
1872
1872
3107
2541
622
622
622
2455
2455
169
3218
4322
169
1728
84
84
181
84
84
181
84
84
98
2980
4987
3212
312
312
1894
864
3212
622
1741
269
269
269
181
1892
2486
169
1799
1798
3345
741
503
2358
269
169
1906
5189
4338
4344
85
84
84
84
181
232
181
1529
768
2570
768
768
821
764
169
622
1634
686
2617
2549
58
3217
3218
354
3219
169
84
2460
3280
4891
3038
4880
4405
4405
3105
3105
3072
3072
3115
1799
673
1892
483
686
3205
169
84
84
169
85
169
84
84
169
84
85
2487
169
1728
181
84
2458
3222
4880
4379
3055
3305
3305
3305
3305
3072
323
340
181
1875
485
1892
1874
1893
1872
1872
622
485
1867
624
623
485
623
676
485
623
676
677
1887
340
3004
4344
181
169
169
84
84
269
2533
1872
1883
1872
2570
2570
85
85
3218
269
676
1890
624
1881
1890
1867
1874
686
623
1872
1890
1892
1890
709
1892
1892
2570
84
181
84
84
3219
2617
269
3590
821
3030
3030
3119
3099
4387
3119
3225
3119
3222
269
325
2533
1518
169
84
84
58
84
181
84
181
84
181
84
84
1728
1728
2438
492
269
1883
1874
181
84
84
84
181
1728
84
371
1635
1890
686
686
623
2364
2536
2536
2357
2389
338
3091
2570
2570
181
1728
623
622
707
181
181
169
181
181
84
84
181
3278
4894
4923
3318
3022
3115
4366
3104
4645
4642
4658
3219
2460
3219
346
340
1603
1872
3004
3206
4996
491
181
181
84
84
84
181
3219
492
673
2538
1874
181
84
181
84
169
84
84
84
84
84
3219
1728
1635
4984
1906
3216
84
181
181
1741
3038
3280
4922
269
1728
492
673
3132
1872
1872
623
1890
181
181
84
181
181
3219
2460
555
4894
3038
3038
1635
2538
768
623
676
3219
1632
2388
269
1906
1741
360
2426
2617
1728
623
623
485
1872
1872
1728
4880
706
623
672
623
3219
1728
1728
4894
3038
3038
3122
3072
3306
5048
5044
4662
4577
4659
4922
3038
4880
4883
4880
4404
4880
4937
3102
3590
269
362
2426
607
676
676
623
2357
1906
2536
1914
3219
4322
4895
3219
3038
3038
3219
4880
4880
3221
4880
3224
2396
624
2357
1728
1741
1728
4880
1741
3219
269
2404
483
1728
3278
3306
3305
4405
3230
4405
4154
348
623
672
676
620
876
1728
1728
1728
3221
1635
3213
2570
1728
4883
4883
4880
3102
4154
691
494
3216
624
1905
1905
4883
3221
4405
346
4889
485
624
727
485
4894
3219
4883
4883
3305
492
2570
1728
4894
3225
1635
2536
319
2357
3221
2617
676
2536
3109
3221
1635
267
269
500
796
623
672
620
3306
4642
706
1635
348
828
2389
1728
1635
492
623
623
267
1728
1728
1728
3305
269
1555
269
269
3692
269
269
4154
4154
3692
348
4322
2389
267
3305
4611
4611
4577
4564
4637
4525
4525
4525
4525
4525
4525
4525
4525
4525
4525
4525
4525
4660
4504
4660
4642
2384
4633
4561
4834
4690
4618
4834
4513
4834
4561
4553
4525
4561
4561
4630
4529
4508
4690
4750
4750
4755
4751
4602
4520
4638
4775
4557
4611
4577
4834
4553
4535
4630
4630
4603
4525
4602
4618
4834
4834
4618
4750
4685
4556
4525
4690
821
2533
1728
4905
4906
2364
1728
3305
4659
4658
4577
4611
4642
4775
4660
4642
4507
2393
2392
4546
4637
4513
4611
4659
4915
312
1728
3066
3305
3119
3225
4834
4750
4618
3101
2382
4894
3031
2364
2392
4546
4561
4556
4775
492
555
2536
312
4894
1905
264
4561
4625
4736
630
3216
4322
4922
3038
3305
1788
4504
4642
4488
4669
4617
4599
4625
4621
4616
630
1605
1518
1905
1635
4611
4577
4603
4577
3030
3348
3286
4917
3030
4611
4564
4603
4553
264
2384
4550
4520
4513
3306
269
3692
4905
623
4590
4611
4611
4504
3225
1605
2477
1555
2388
267
3066
267
1555
4642
4572
4609
630
2484
494
503
1605
2528
548
4611
267
4642
4602
4602
630
672
1905
4561
4525
4603
2426
876
4753
3268
672
1605
2388
4659
1811
3102
4736
3164
4894
3305
3305
347
3119
3119
3348
3119
3022
340
305
308
4154
4773
4750
4685
4690
4690
4806
4805
4618
4792
4746
4834
4600
4834
4553
4520
4746
4834
4520
4834
4834
4603
4564
4525
4630
4535
4611
4638
4757
4617
4678
4779
4557
4572
4779
5055
4750
4915
2988
312
269
610
1555
764
1907
2384
4659
4659
362
5027
3590
503
3306
4604
3109
269
768
269
768
3122
4529
4611
264
3119
3692
3692
1555
3692
4154
3692
1876
1871
4520
4916
1728
764
269
2389
264
4611
4659
4611
3104
3208
1728
899
876
2570
764
1555
1555
269
3692
768
269
821
768
821
3590
4630
4529
4379
3085
1811
503
3100
4750
269
4611
876
3590
3590
3590
1555
4779
4669
4990
796
899
269
1728
4630
1555
1728
5027
1687
2570
768
3115
3072
3029
2426
3272
1769
3225
4387
4618
4618
3318
4894
4895
1728
4630
2570
4561
4834
4561
4834
4690
3115
1555
269
269
269
3692
269
768
3692
768
768
1555
3692
1555
1555
3661
3661
3683
3590
3692
768
1555
269
876
1810
4656
4667
4525
4630
4525
4630
4525
4561
4525
4561
4625
4525
4625
4834
4546
4834
4794
4520
4618
4834
4525
4520
4525
4618
4520
4525
4525
4525
4525
4525
4525
4525
4525
4834
4525
4525
4625
4525
4525
4525
4834
4520
4834
4834
4834
4834
4618
4618
4834
4750
4630
3109
3305
1555
4865
4864
4525
4525
4525
4525
4525
4525
4525
4525
4525
4525
4525
4525
2617
1728
3022
3098
3692
2986
4525
4630
4525
4525
4525
4630
4630
4630
4630
5000
4895
1911
4611
4154
4154
4642
4755
4618
4750
4525
4525
4630
4630
4630
4630
4525
4525
4630
4630
4525
4525
4525
4630
2995
4923
1728
3115
876
1753
634
503
4869
4669
4630
4895
3029
1555
1802
5039
4630
4525
3318
4387
4359
3104
725
3022
1885
3590
269
4630
821
3318
4659
3692
4154
4750
4750
4750
4750
4333
3066
4395
4366
3085
3029
3323
2399
4492
4657
4501
565
821
3020
3033
3020
4525
4603
3066
4659
3119
3116
768
4154
269
4154
3692
3692
3119
520
1555
4154
3692
4395
4757
4630
4564
4630
821
4917
3122
3029
4564
5001
269
269
3692
4154
3020
3119
3119
3119
4659
3105
3067
5055
4333
4357
3109
3020
3286
1728
4642
4657
4332
4637
4154
4736
4602
4736
4617
4357
4659
740
4154
3692
3692
4488
4405
4968
899
740
4154
4154
565
4561
4640
4662
4659
4400
4736
3015
3066
3055
3048
4775
3288
4618
4357
3072
4659
4707
3291
4630
4525
4525
4630
4525
3291
740
4657
4512
4834
4607
4834
4618
4332
3225
3298
4757
3591
3672
1555
1555
3692
3590
3590
3672
3996
3615
3615
3970
4004
4357
3048
4608
3692
4618
4602
4525
4525
3590
740
4395
3225
4736
4831
4618
4525
4630
4375
4736
4525
4525
4564
4525
4525
3590
4525
4525
4525
4525
4563
4525
4607
3692
4520
4594
4834
3692
3692
1555
3692
3692
3692
3692
1555
1555
1555
1555
3692
1555
3692
3590
3661
3677
3677
3995
3677
3629
3692
3692
4154
1555
3692
4154
3661
4792
4792
4525
4564
3689
4011
4155
4525
4525
3591
3591
4746
4525
4525
4525
4525
4525
3692
4154
4525
3692
3661
3590
4561
4520
4520
3726
3661
3726
4154
4012
3640
3590
1715
3692
3683
3630
3629
3629
4525
4834
4520
3683
3590
4525
4834
4561
4520
4525
4525
4525
4561
4618
4834
4834
4618
4834
4834
3629
4525
4618
4618
3661
3629
3689
3590
3590
3640
3695
3734
4012
3629
4155
3683
4011
3734
3590
3590
3979
3979
3683
4014
3683
3672
3677
3630
3989
3842
3842
3970
3680
3970
3970
3970
3970
3970
3970
3964
3970
3970
1591
1575
1575
1575
3970
3970
3970
3970
3970
3970
3970
3970
3677
3677
3979
3827
3775
3677
4014
3668
3672
3590
3695
3979
3979
3726
3979
3979
3827
3827
3621
3979
3671
3630
3640
3687
4009
3630
3677
3672
3683
4011
3677
3734
3680
3970
3970
3970
3970
3970
3970
3970
3970
3970
3970
3970
3970
3970
3970
3970
3970
3970
3970
3970
3842
3970
3842
3772
3970
3630
3630
3970
3630
3677
3827
3827
3827
3615
3996
3842
3842
3842
3677
3970
3827
3827
3629
3970
3970
3970
1591
3970
1575
3970
3970
3970
3970
3970
3970
3970
3970
3970
3970
3970
1575
3970
3970
3970
3970
3827
3970
3970
3970
3970
3970
3970
3842
3827
3970
1575
1591
3970
3683
3987
1591
1591
3970
1575
3683
3658
3970
3727
3970
3677
3827
3970
3970
3979
3970
3672
3970
3970
3970
3970
3682
3970
3970
3970
3764
3682
3970
3970
3970
3970
3970
3970
3827
3930
3970
1591
3970
3970
3827
3615
3970
3677
3970
3970
3970
3970
3630
3970
3970
3970
3970
3970
3961
3827
3970
3970
3961
1575
3970
3970
3970
3970
3764
3970
3970
3970
3970
3970
3842
3677
3680
3970
3970
3710
3630
3970
3970
3964
3970
3842
3970
1575
3970
3970
3970
3970
3930
3970
3970
1575
3827
3970
3970
3970
3970
1575
3764
3970
3970
3970
1575
3970
3970
3970
3987
3970
3970
3970
1575
3970
3970
3970
3755
3970
3970
3970
3827
3987
3655
3622
3970
3970
1566
3964
3970
3970
1566
3964
1575
1575
3970
4004
3970
3755
3970
3964
3615
3970
3758
3970
3970
3970
3970
3964
4004
3970
1575
1575
749
1575
3964
3964
1575
1566
3970
3970
3731
3964
3970
3970
3970
3970
3970
3970
3970
3970
3842
3961
3970
3970
1575
3970
3970
3970
3964
3970
3964
3970
3970
3970
3964
3772
1575
1575
3964
3970
1575
1575
3970
3970
3970
3970
3970
1575
3970
3961
3655
1575
3970
3970
3842
3970
3970
3970
3970
3970
3964
3964
3970
3970
3970
3964
3970
3964
3970
3970
3970
3970
3970
3970
3964
1575
3755
3970
3970
3970
3964
3964
3970
3970
1236
1236
1119
1181
1241
1241
1181
1179
1066
1181
3381
1119
1181
1119
1231
1362
1031
1241
2234
2234
2234
2234
2234
2234
2234
2234
2234
2234
2234
2234
2318
2234
2234
2234
2234
2234
2234
2234
2234
2234
2234
2234
2234
2234
2234
2234
2234
2234
2234
2150
2234
2234
2234
2234
2234
2234
2234
2318
2234
2234
2234
2234
2234
2503
2234
2234
2234
2234
2318
2234
2234
2234
2234
2234
2022
2234
2318
5196
2234
2234
2234
2318
2318
2234
2234
1940
2234
2234
2234
2234
2234
1996
1743
1529
2818
269
1529
269
1743
1743
1743
3575
269
3575
119
8
8
14
1459
162
182
45
45
2662
2395
512
512
512
690
2408
689
512
2394
689
687
689
689
2358
689
689
84
1741
4525
4600
4690
4630
4600
4618
4834
4525
4525
4538
4525
4834
4556
4834
4618
4690
4832
4690
4508
4690
4546
4573
4834
4834
4834
4525
4630
4630
4525
4525
4830
4832
4525
4525
4525
4525
4525
4525
4525
4525
3661
3692
1555
269
1555
1555
768
269
3590
3692
1555
269
2570
768
768
768
269
4525
1575
3970
1575
3970
1575
1575
3970
3970
3970
3970
1575
1591
3970
3681
4618
2234
2234
2234
2234
2234
2234
2234
689
741
689
687
687
689
689
689
2395
689
741
741
741
689
688
689
2408
689
2408
689
689
689
689
689
689
689
1892
622
622
622
709
1883
84
2404
181
2541
84
84
181
84
84
1893
84
84
84
84
84
1883
1883
709
84
84
84
2541
