4493
659
2066
2066
4795
4587
4423
3232
990
738
4423
1133
2246
2246
1204
1204
1204
1204
1204
1204
5191
1204
2055
1204
1204
1204
5191
5191
5191
4522
5191
5191
4522
5191
2583
1204
1204
4493
1204
5019
1204
1204
5191
2066
2066
4423
4423
4423
4423
4423
471
471
471
990
2066
1204
2583
1204
1204
1204
1204
2055
1204
2055
2055
1204
1163
2055
1204
1204
1204
1204
1204
4493
2583
4493
5191
4493
5191
4493
5191
1204
4493
4493
4493
4423
1204
4493
2066
4423
5191
5191
4493
4721
2055
4522
1204
1204
5191
1204
5191
5191
5191
1204
1204
1204
1204
1204
4493
1204
1204
1204
1204
5191
5060
5191
1204
1204
4493
4493
1204
5191
1204
1204
1204
1204
1204
5191
5191
1204
4493
4423
2066
3495
3557
3668
3822
3822
447
729
3476
3668
3668
1925
3822
4307
3668
1204
1204
1204
1204
2128
4423
2066
2066
5191
1204
5191
1204
4423
2066
5191
1204
5191
5191
5191
1204
5191
1204
5191
4522
5191
5191
5019
5019
5191
5060
5060
5191
4522
2583
4493
1133
2373
1133
1133
1204
1204
1204
1204
5191
2066
1204
2066
4423
441
441
122
122
122
1925
1925
380
2246
2246
170
170
56
80
170
170
649
380
4423
4423
170
4423
1133
2246
170
4423
1204
4493
1204
441
1204
1204
2066
1308
441
441
1204
441
3495
122
3495
441
1204
1204
1204
1204
4423
4423
1204
5191
990
1204
1204
441
4423
4423
4423
694
4423
1204
1204
1204
990
122
1133
3668
433
3822
1133
5191
4522
1204
3495
2066
5191
1204
4493
1204
1204
1204
4493
2066
1204
4423
1204
1204
1204
5191
1204
4423
4423
5191
1204
1204
990
3232
1204
441
3557
4423
1925
122
1925
3668
3668
1204
4522
4493
4493
5191
122
4423
2066
4423
2066
1308
990
990
1204
5191
2066
4587
3668
4423
5191
5191
1204
5019
5019
5191
5191
1204
1204
1204
1204
1204
1204
1204
3495
3495
4423
4280
471
4423
1204
471
3557
1204
4423
990
990
4423
1204
1204
1204
1204
4522
4307
3822
3668
4493
4423
1204
1204
5191
1204
4423
3557
2055
4423
3557
3557
471
4423
5060
5060
380
170
503
23
23
26
1
61
61
167
167
4925
428
4891
4891
1351
3983
3983
167
1455
2824
1204
1204
2066
4493
3822
5191
990
1133
649
170
170
503
23
182
170
503
4423
4649
2066
990
3668
1204
2055
5191
5191
1204
1204
4423
380
4423
5060
4493
5060
3822
1204
4493
4423
3822
1204
4423
3557
3557
380
738
4493
1204
5191
2055
3822
5191
5060
5191
1204
3668
1204
5019
5060
5019
5191
471
447
3557
3822
512
1597
154
154
3557
4423
4423
471
3668
170
380
2844
2246
2246
471
4423
3822
4423
2246
2246
433
217
503
503
503
23
34
3697
3697
104
2468
3348
3600
3600
3600
4770
3884
2243
3465
2736
3940
3940
728
728
728
728
3270
607
4166
1291
2982
4068
1388
1388
2808
1919
1919
1621
869
820
820
3476
2246
3822
170
3557
4423
443
2246
3476
2246
2246
170
190
190
3476
424
729
170
170
170
3822
512
62
512
447
3476
2844
2844
2246
3476
3476
447
170
424
1
23
62
23
1066
2169
5167
5168
1066
3221
5171
2991
5165
2991
5164
4272
2991
2309
5164
1774
2309
2991
1009
2309
1774
5165
3221
1090
2309
769
3268
1762
2309
2309
3268
1090
1094
1774
1094
4821
1270
2399
3041
3023
3106
1229
1035
2631
1011
4237
4237
3749
2631
2631
3930
4826
4080
5164
5164
2991
2169
4421
4774
5164
2169
4826
4809
4822
5164
4822
4774
3897
5166
4823
5171
1032
4823
4822
4774
4822
4823
170
1774
4822
3221
4774
769
4272
4774
1774
3221
1633
3897
1774
2309
4272
3268
4272
4774
5165
1762
1971
1774
4774
4272
2309
4322
1032
1633
4272
1369
2232
1369
1176
4237
4237
170
182
62
15
15
15
182
15
182
4272
1066
5167
5171
2913
1369
5165
4774
4823
1032
447
443
5166
5166
4822
1009
769
4080
1762
3268
2309
1090
4272
5165
3221
769
103
503
23
1032
1032
5171
5165
4823
2309
4823
4774
4815
4774
5164
2991
2309
4774
5166
2309
1066
1066
1597
1009
1762
2401
1369
3221
3268
4237
1369
2991
4774
5164
4407
4080
5171
5164
4774
5171
4774
5164
5171
4823
5164
170
3221
5167
5165
447
443
3476
3221
170
245
62
503
23
2309
170
182
23
1369
2268
1176
503
4272
4080
154
2645
4550
4822
5165
3400
2169
3897
4822
5166
2991
4823
5164
5164
443
62
503
503
62
62
1
23
47
5164
1090
3635
1369
1369
190
503
1176
1176
2309
5164
5169
3172
4774
5171
5164
443
503
4774
4823
4080
1066
3221
5166
5164
4723
3712
3744
3106
3189
4237
3476
245
245
245
154
245
2201
4823
5171
2980
3712
424
182
190
245
5171
1762
3635
2309
4080
5165
1010
154
2232
1176
1369
1176
3635
4272
1971
62
62
1
182
3568
1066
5163
4723
5170
3712
2445
5166
3268
1971
182
4774
217
1176
3635
2232
3712
182
62
61
503
503
47
47
503
15
154
182
182
154
182
182
62
503
503
47
2557
182
4237
3897
620
154
245
390
182
1094
1090
2169
2169
4822
4774
4723
5171
3171
1176
1176
2401
4325
182
4237
769
5165
3880
154
182
61
80
1
23
62
2557
4237
1176
1
1
1
61
15
15
2379
15
15
154
154
154
154
154
154
15
154
503
15
503
61
62
154
154
154
154
620
390
1422
1422
1422
1422
3990
3990
3990
3990
1422
3990
4307
3990
2268
4822
4774
2557
2232
2963
4237
1090
769
3218
2401
1369
4322
2232
443
2631
2631
3292
1035
3499
2391
2557
2391
2391
4237
1682
2631
4084
802
2810
4084
2160
921
2387
1325
1621
1621
1621
869
820
2863
2631
4084
2863
2631
1229
3053
3499
3487
1035
4965
2863
2430
2608
2631
2631
2631
2631
1035
1229
3930
3930
3487
2631
2631
2391
2391
3053
4237
2631
4084
2631
2631
1035
4237
3106
2258
503
1453
2863
2840
631
886
886
1453
4084
631
631
1212
1277
606
2903
1289
720
614
791
1027
2631
3499
2258
2401
2991
103
729
2631
2863
752
1922
886
752
886
689
2863
769
1066
1066
4526
2631
2631
2391
1369
2991
2730
2264
3163
4305
4121
4272
4723
5165
5170
5161
5171
4272
182
120
182
1453
2863
182
245
154
154
154
154
154
4237
3189
3053
3930
2863
3047
1
2730
2445
3163
3163
2863
921
2863
2631
2631
3499
15
182
15
3546
120
4809
2863
4077
1004
3749
3748
2840
1229
4237
4237
4237
3712
3487
1035
4084
182
4084
1035
4237
1633
1633
2730
4774
4836
4526
2913
769
1066
5171
4815
4774
2863
2913
2445
2282
3507
3163
4084
1453
2631
4237
1241
631
631
1453
791
1212
2863
2863
1066
3930
2391
2412
4815
2863
3401
720
1027
3401
676
3434
649
649
649
820
786
786
786
786
3671
3671
3671
1879
3441
3441
2650
3441
1879
1879
1879
3671
3671
3671
3671
3671
649
3671
786
3401
3401
3401
3930
921
2840
2391
1146
1453
3434
3268
5165
3712
4765
1027
3401
3401
1201
2445
3507
2457
2457
4375
1210
4104
1548
1453
2840
2412
3053
2608
1035
2412
3930
4084
1212
633
2863
3401
62
614
3401
1109
1109
3401
3401
3053
2327
2607
921
631
633
752
791
154
154
791
3434
691
1291
676
619
676
676
62
1027
2337
3141
3434
2160
2631
802
1035
2258
631
614
1926
2387
3749
2445
3163
3106
3106
4811
3041
689
2258
2401
4237
3401
2863
2160
1212
691
3392
1229
3552
3487
3401
614
1212
1926
771
631
676
503
245
154
3268
4152
3023
182
4237
154
2554
2412
3401
15
1035
676
503
23
62
182
3749
2387
3223
1109
23
23
104
339
167
4312
3747
4484
4268
4268
4268
4268
3636
2654
2258
1212
2979
2160
4237
1526
1212
1027
614
886
4084
921
245
771
2979
3401
23
3401
26
23
1
61
7
1035
2258
849
691
23
26
1
23
23
791
649
820
820
2160
3552
2160
3245
3507
15
791
3434
3434
614
3141
1388
2557
2979
2160
3552
1035
3456
4426
791
606
633
791
676
4084
691
1113
1113
3267
786
691
2483
2160
4265
4821
4774
3223
4821
1084
3163
4314
3163
3106
3414
3106
3106
3023
3023
3106
1035
3223
631
3106
34
34
4236
2433
3244
710
3090
1388
1768
1298
4426
1298
2557
3414
1229
2160
2557
34
47
85
4441
86
47
503
154
154
154
34
4236
1610
3090
3090
3722
3004
3722
4265
1035
1210
3401
2982
752
85
3083
85
85
3456
4426
5153
3813
4375
1270
4414
1210
4659
1969
4322
4421
1090
23
23
1
15
3414
2607
3434
1291
1035
1109
34
4294
1670
3090
1388
1388
3722
1388
791
2608
2608
1004
85
752
689
1109
3697
1618
1397
791
633
633
633
791
2554
1986
47
47
34
3552
4244
3244
23
1790
2863
4236
23
503
62
503
23
47
47
6
227
503
47
47
1291
4294
2412
3141
802
182
47
4084
34
42
2412
2840
4077
3434
598
598
85
86
63
154
640
1291
2316
640
15
182
15
2379
691
2607
3401
3141
4077
63
4077
1004
23
23
47
47
2982
2034
2412
633
2810
2863
154
182
15
2034
4166
2034
2035
710
941
988
1912
3244
4622
1670
689
2325
3735
3735
4236
1790
3749
3650
886
3434
3141
2863
4572
182
2316
3768
691
676
3083
4637
2237
4100
3015
3886
2214
701
701
855
1725
835
1489
3083
1035
1325
23
640
15
154
154
154
182
154
15
154
120
503
503
503
154
154
685
710
2034
2387
2982
1
15
1217
154
154
2379
154
154
154
154
182
2863
607
1692
2035
3083
1071
2653
1074
15
1388
1768
2832
1113
1113
1113
47
632
2608
4166
2982
2427
598
689
685
607
579
3552
598
710
607
2034
2433
1912
1035
4084
1563
3141
1
614
4572
2433
752
1618
3401
2337
3401
614
982
47
182
154
182
710
2316
1397
2848
886
598
85
182
1692
1610
3090
3090
1388
3141
649
1217
1289
85
85
85
182
154
1004
4068
614
85
4166
3683
2160
4077
61
61
15
154
154
3348
1
3621
1113
886
1658
4077
3141
3141
3141
3141
3267
752
4077
3697
4244
1670
941
3697
3697
26
104
104
61
61
1
640
3267
1489
3671
3671
598
3671
154
154
1658
3939
1559
649
614
154
15
154
752
689
886
1912
61
1388
2111
4077
182
2379
85
606
640
61
3090
720
154
154
154
3245
4077
3480
4077
15
2379
167
4906
7
61
1388
3401
1113
154
15
3401
1364
1109
1364
3141
1621
3141
869
820
676
982
3697
649
1289
941
908
886
1621
1388
3647
682
1621
3480
1364
3141
1364
786
786
3267
1113
1489
1489
835
1489
2387
1364
1364
1364
3141
3141
1364
1364
1109
3141
3348
4017
4017
2468
3348
2526
1416
1389
3722
3348
2526
3141
1109
1388
503
3090
7
1388
820
47
1113
1658
15
154
154
154
154
154
15
15
154
154
154
15
1388
3722
85
1113
1113
1113
1113
1489
1489
1489
1489
1489
1489
1113
120
606
154
503
154
182
15
15
154
3939
1325
3348
3348
982
1113
606
154
2903
3090
1388
2237
154
182
182
182
62
2432
1201
3697
1484
85
85
1289
912
701
3038
4100
1113
607
182
154
15
154
2337
1670
1484
3267
3090
3090
71
1113
1489
3270
1489
182
2237
4296
3267
1201
3141
3141
1621
1621
1621
869
869
3267
3267
1489
1388
1388
15
606
1524
598
786
786
1489
1113
1725
607
579
579
3267
2526
3348
2468
2111
747
579
1725
1489
728
2736
1113
503
1289
1621
2638
649
1289
1325
620
1388
1113
1289
3822
3476
3822
3476
3476
3822
3476
1597
3822
3822
3822
3822
3990
3476
3822
3476
3822
4307
3822
3822
3476
3476
3476
3476
3822
3476
3476
3476
3476
447
3476
620
3476
3822
3822
2844
3822
3476
3476
3822
3476
3476
3476
3822
1364
3141
104
61
61
47
682
3195
835
1489
1489
3822
3476
3990
3822
3822
1201
1632
1621
1621
1563
1364
649
720
3476
3822
3476
3476
3476
3822
3822
3476
3348
3573
4441
1224
1224
339
503
503
503
1113
1289
3476
3476
3822
3476
3476
3476
3476
3822
3822
15
15
154
154
2379
912
1289
154
15
3476
3476
3990
3476
3476
3822
3476
2468
85
1489
1489
3476
1109
503
3822
15
154
154
620
15
61
15
4307
4307
3990
3990
3990
154
154
620
620
620
1388
4296
1489
786
786
3476
1597
3822
1925
4307
4307
122
4307
4307
3476
3476
3822
3476
447
15
3476
3822
3822
4307
3990
3990
3990
3990
3822
3822
877
3822
877
2954
421
877
4455
4306
4306
4455
4306
4455
4455
4455
4307
4307
4307
4307
351
351
4455
877
351
294
4307
4307
3822
154
154
154
154
3822
154
620
154
620
1422
4306
4306
4306
4306
4306
4306
4306
4455
4455
4306
4455
615
1388
2561
702
447
447
615
3866
3866
3866
3866
4279
877
3822
4307
3822
122
877
877
877
877
877
4455
4455
4455
4455
3822
720
820
820
820
1217
649
649
4307
3476
3822
15
154
61
4307
3476
4307
3476
620
3990
1422
620
3445
3722
1109
4307
4307
3195
1054
3671
4307
3476
3476
3822
3822
3990
61
3141
1388
1489
154
1217
3476
3476
3476
447
503
3476
3476
182
154
154
15
154
154
154
154
503
154
3990
4307
3990
1621
1621
820
869
3697
61
61
537
3822
1217
3476
620
3990
620
3990
7
2420
701
154
154
182
339
620
154
620
3990
2337
26
2420
1597
3990
3822
2844
3866
1667
3822
3822
4284
3866
3866
3866
3866
1597
3990
3476
3476
3822
4307
912
3270
503
154
3476
898
3141
869
1395
579
1489
820
649
820
122
620
620
2237
3834
447
3671
820
154
4307
4307
3990
1621
15
3141
1632
1443
2468
2342
3990
3990
3990
3822
154
154
3990
3990
61
61
3822
620
620
620
620
615
615
4306
4306
4306
1489
154
4307
3990
3990
3990
154
154
154
620
620
3270
182
4307
1489
835
835
47
786
4307
620
3990
4596
1621
85
154
620
620
1489
154
1685
2844
86
579
122
3990
3141
3348
85
154
3348
1071
47
3671
3671
3990
1563
1698
85
3671
3671
3671
786
351
4455
4455
4455
4455
4306
4306
4455
4455
1388
1925
620
3866
3866
3866
47
1217
1217
4307
620
3990
3990
390
3964
1395
3822
3822
701
701
579
701
579
3671
786
786
982
1217
4306
3573
1071
579
579
1489
649
982
351
351
877
351
351
351
351
351
351
351
3990
351
4596
4307
351
351
1422
620
3990
3990
2526
2371
2526
3600
3270
503
154
154
132
428
615
154
3990
3141
3348
877
877
47
503
132
898
390
2526
1416
2526
2526
2526
2526
2526
3600
447
3866
3866
3990
579
786
3990
4307
47
3671
3671
1188
649
649
820
3990
3990
3990
3990
4441
835
3270
339
154
1217
1217
1217
3990
3990
3990
3822
877
447
620
447
154
4441
56
351
1047
786
649
786
351
1388
4351
3697
154
620
615
615
4577
4577
3866
4307
154
820
820
1484
3021
4284
3866
1597
877
835
154
786
167
1422
620
3990
4455
4306
4306
4596
3348
3348
1925
2954
3990
2954
2703
1879
2703
786
786
796
649
786
2703
649
362
620
3348
3141
2188
2771
1460
1919
1443
4307
3866
154
351
3990
3990
1388
104
1281
4351
2468
4351
2124
2922
4697
104
3024
2468
3697
4279
835
2526
3697
1667
615
620
154
154
154
4306
3990
3990
1389
1566
3866
64
701
71
620
1879
1879
3671
3671
649
796
1879
1879
1879
3441
758
645
2738
649
132
620
615
2526
2722
2526
3866
64
3671
620
620
351
147
255
3990
3990
3990
2342
701
804
390
620
620
1422
1566
104
61
2468
3866
2045
579
1879
3990
877
804
804
3671
3671
804
2736
2736
728
728
728
4991
2185
5013
4986
5013
1234
1128
1806
1744
701
154
61
61
4279
4279
2653
3671
728
728
728
728
1806
4440
728
728
728
728
728
3671
728
4254
728
728
728
3671
3671
3671
3671
154
503
167
132
3866
877
804
3270
29
4316
1599
4748
2922
4746
2298
4312
4312
2298
4312
4312
4312
620
3990
3866
877
136
4510
85
351
390
820
1632
820
1632
820
1255
1255
2279
4475
1255
1308
1174
2066
2184
820
3141
4512
3600
1601
4573
4720
1599
4746
4312
3348
4351
4351
3866
3866
3866
4455
3866
2126
2736
1489
579
3722
4017
3004
2635
1474
4983
5013
1050
4035
728
728
728
728
3671
3671
2736
351
3722
2821
877
64
3671
620
786
820
649
820
1217
659
659
2703
1879
1879
649
796
649
659
1685
649
659
649
659
1174
1308
1908
1475
1908
2688
1475
2267
966
966
3612
167
3722
3722
3884
615
615
3015
3671
579
649
649
351
351
877
820
1255
1422
3990
1255
3866
1489
835
804
701
579
1879
3671
3671
3671
649
659
659
659
777
2866
2339
3950
2267
629
3232
3089
3232
1908
786
351
390
4306
659
4455
4455
4455
3990
61
1976
1632
1601
4512
3866
877
2703
1879
1879
659
659
659
1217
2243
3832
835
701
620
154
786
2703
2703
1879
1919
1786
4100
592
3671
3671
1879
4596
351
1217
3722
1601
4288
2736
701
1110
3671
154
154
877
3990
4455
4306
351
4455
4455
4306
1632
3866
2126
154
659
4306
4455
4455
4455
3990
4306
3312
240
2703
3441
3441
3564
5002
3765
936
734
997
629
3232
2083
1632
3600
835
620
620
1908
1422
3600
3600
86
4890
339
4891
132
1224
1489
1489
1489
4928
877
877
1422
4455
4577
4577
4254
4306
4596
3312
615
1879
620
936
758
2866
1908
1255
3866
64
3671
3671
3671
4306
4455
4455
4455
4306
4306
4279
1667
4455
3866
1489
835
615
615
4306
1879
1879
1879
4306
615
804
132
1422
4455
1255
1255
1174
2188
1599
3004
701
4064
4770
620
1908
3612
4306
4306
4455
877
877
4577
615
877
620
428
428
132
4455
2902
2164
2373
167
61
4258
3866
855
1879
620
132
1908
4306
167
428
167
2796
2243
2635
1474
1791
877
4577
701
132
154
428
132
4577
1879
2650
4306
2083
877
579
728
1489
4254
3671
728
3671
728
4254
728
728
4254
3671
3671
3671
728
1045
4254
615
1475
3232
428
428
4455
4306
615
4306
4455
4455
4455
4306
3866
3441
740
1050
4986
5013
4986
4986
950
728
132
104
339
1601
4577
728
1475
428
4387
1908
2373
1255
1100
820
2468
615
701
579
2066
1703
4306
4455
4455
4455
2954
2954
1667
71
4715
3031
2335
3274
3577
4898
615
3671
579
835
4910
877
615
1475
1475
3612
3612
4306
4455
3104
572
572
3685
1835
2636
2925
3909
2636
3344
3344
3349
2083
2796
2736
1251
728
3441
4306
4306
4306
4306
4306
4306
4306
4306
4306
4306
4306
1475
4306
428
4455
4306
2083
1807
2642
1835
2830
1701
1701
4347
2732
2011
820
2635
877
3494
4254
728
3494
728
728
728
728
2736
728
4035
728
4035
728
728
2736
1806
1806
2185
5013
1645
3564
758
4455
615
4306
4455
4455
61
3005
728
3671
728
132
428
4306
4306
1475
4258
728
728
4254
3671
728
728
4440
728
728
728
728
728
728
728
728
728
4892
4306
4928
4306
4455
2267
167
167
1866
1866
3104
2267
1936
1936
726
2372
3278
1936
2267
167
728
3005
4682
615
4455
4455
615
4306
4455
4455
4455
4455
4455
4455
4306
132
147
2279
2279
537
3671
728
615
4455
4455
4455
615
4892
4455
4387
2722
728
2736
2736
3176
1234
728
1806
728
4983
2812
2066
132
428
4455
428
4440
4254
4211
4577
877
4306
4306
4455
4306
4306
4455
572
966
534
1287
726
726
3933
3534
2925
2944
2428
3612
2267
3612
2635
1645
4720
728
3564
3441
4035
3671
877
877
4455
4455
4306
4455
3612
2184
3964
56
728
4455
4455
4455
4306
4306
4455
4455
4306
4306
4306
3612
428
3600
3564
579
1703
4455
4455
4306
132
572
572
572
167
4930
2279
2796
2045
728
728
728
728
4455
4455
4455
4455
4455
2267
2267
3312
966
572
572
2539
4085
4715
2736
728
966
1791
1791
1601
4064
132
5194
1255
3577
3497
728
728
1744
728
728
4891
3685
3004
1806
4035
3176
3612
4891
428
966
572
572
3349
3344
2636
4525
3924
4967
3412
2971
572
572
572
3349
2732
2011
2642
1835
4133
4930
167
5194
1255
3577
728
728
1806
1744
1744
728
728
3612
3644
966
3612
572
3685
2267
1835
2642
1936
2642
2642
2796
4035
1744
4891
626
132
1835
132
2267
2821
3671
728
4891
966
2732
2732
2732
2830
4133
167
4510
1806
4035
1806
2185
2635
4891
4930
4910
572
2640
738
4892
428
1835
1835
2011
3278
4894
1100
1092
3232
4440
4353
4064
1835
2203
2636
2635
3232
1744
4035
4035
2736
966
966
572
3685
2732
1255
3577
428
966
2642
2635
728
4370
4064
2203
3577
1806
728
572
1807
3884
3884
4312
29
3577
1806
4991
1234
2732
2944
3004
2635
4085
4715
1234
428
2243
1100
4440
4440
3884
428
428
4891
2732
4748
2922
4312
4351
4312
4312
4351
4312
4312
4312
4085
3232
4983
3465
2732
3958
3013
3060
2749
2012
2442
2442
2442
2442
2442
2442
2442
2442
4479
2442
3077
2442
3291
3291
3291
3842
3198
3077
3077
3634
2442
3129
3129
3129
3634
2749
3077
2442
3077
2352
2442
3077
4485
4185
4185
4185
4803
2266
2352
3129
3972
3853
3853
2172
2172
2442
2734
2854
2442
2442
3077
2442
3129
3129
3129
3706
2674
4511
4803
2442
2749
4185
3577
4637
4891
3232
3644
1806
428
2732
2355
3958
3958
3958
2944
3853
3291
3842
4485
4697
4753
3634
2012
4276
2172
1149
738
5013
428
1835
2732
1936
2372
3937
4511
3706
3278
1645
966
966
1234
4261
3634
2442
2734
3618
2279
4510
1806
5013
572
4064
3884
2749
3129
2674
1460
1703
3232
572
572
3958
2164
3291
3842
3924
2135
4301
3968
3730
2101
3013
1460
5188
4682
4353
3884
3013
3013
2749
3060
2267
2974
1845
1287
4186
2749
2749
2854
2442
3884
2243
3853
2352
3129
2636
537
4312
3232
4440
1502
2854
3013
3853
3278
4682
5078
4697
4983
1791
1835
3884
4748
4346
3972
2352
1460
1918
5000
1460
4682
4682
1668
3370
4770
2944
2352
2450
1460
4991
4770
3937
2749
3077
2279
1645
4967
936
2292
4682
1791
2355
2164
4133
4803
740
966
4347
2636
3465
1951
1936
1996
1936
572
1645
1645
1645
167
4185
4803
4803
4185
2442
2720
2101
2674
1606
1606
2674
2101
3077
2442
2352
3129
3937
3129
3937
3937
3937
2749
2442
2442
2854
1928
1286
3771
2786
1409
3137
3853
3002
2193
4511
4803
740
2100
5013
3081
4316
2382
4697
4753
1791
2971
1149
5194
4475
1455
884
2636
3853
572
2335
2335
3081
4653
1835
3077
2749
3884
2372
2298
4312
2922
4312
4312
4312
859
859
2352
3232
4891
1351
2382
4983
1372
2854
1149
2749
4036
832
4220
2462
4983
3577
4357
2922
4357
2335
4746
3031
3274
3274
2161
1351
1351
2442
2442
3956
2011
2164
935
4036
4803
4316
2854
4983
167
3983
2824
2298
2193
2135
740
3577
4393
4085
428
2442
4682
3215
2251
3096
3563
2335
726
2011
1334
2017
4475
1918
2372
3349
2674
4802
1287
966
3089
4891
2442
4910
3077
3077
3077
5064
5064
726
4697
2382
2382
2922
4312
4312
4746
2298
2298
4746
4746
2298
4746
4653
2873
2873
4268
3983
4312
4746
2382
2922
1791
4475
4525
2622
2442
2442
2442
2442
2442
2442
2442
3129
3730
2442
3730
2674
3634
3937
3937
2674
2674
2442
2442
3937
2442
2674
3129
2442
2442
2442
2442
2442
2442
2442
2442
3937
2442
2442
2674
2442
2442
3129
3129
2674
2674
3937
2101
2101
3129
3129
2674
2674
2442
572
2971
2298
3924
2146
2442
2442
2442
2442
3937
2442
2442
2442
2442
2442
2442
2442
3497
4910
572
1807
4312
758
2442
2442
2442
2442
2442
3077
2442
2442
2442
2373
2373
4983
3958
167
4312
2807
2535
4445
4185
3077
3077
2442
2442
2442
3077
2442
2442
2442
3077
3077
2442
2442
2442
740
534
4393
726
5013
859
4475
884
4346
4549
2442
629
1996
4653
2851
3534
2442
2442
1287
726
4361
4036
2100
572
3908
1866
4312
2442
1351
1287
2971
4312
4312
4511
4803
4511
4803
2373
1835
2710
3349
4347
1334
2373
884
1345
3310
3310
2100
1351
3118
534
1287
2442
3937
1835
2971
1936
923
4746
4312
2298
3747
4312
4312
4054
2851
2298
4746
4312
3593
4301
2442
2854
2442
1351
1287
3349
1334
2749
2373
2298
2298
4312
167
3500
1936
1936
2372
1149
2636
3534
4788
2373
990
572
2974
4066
3215
2701
3310
2804
3060
4312
2969
2352
2969
2786
990
2014
2804
4312
4312
4312
3924
2636
2738
4393
2804
4312
4312
5011
2749
3013
4075
1149
3933
2674
2866
1835
2830
4054
2135
3814
4802
740
1490
1149
2728
3933
2442
2442
2442
2442
2442
4054
2818
3842
3652
3937
3937
3937
3129
2804
2372
2636
2637
1351
2824
4746
2922
4746
2824
2824
3679
2021
2021
4599
3639
4741
2804
4054
2352
3747
4511
2352
2442
2442
2824
2818
2710
2372
4511
4724
3706
2442
2442
3814
3706
2442
2442
2749
2442
2442
2824
2442
2442
2442
2442
3937
2442
2352
4312
3937
3937
2101
4312
2298
4746
4497
4312
4312
4312
2298
4746
4746
4312
4312
2298
4746
4686
2873
4741
4449
4268
4268
4268
4686
4312
3983
2161
3747
3747
2873
1606
3623
2442
3730
4449
4449
2922
2442
2442
3498
1351
5193
2442
2442
2442
2442
2442
3747
4484
2442
4484
2873
1455
2442
3129
3129
2873
2873
4449
3747
4268
4268
3983
1351
4497
2873
4449
4449
4449
2442
3937
3129
2873
4497
2442
2442
3937
3937
2442
3077
3077
3077
2674
2674
2442
2442
3937
3077
4449
3129
2674
2674
2873
4449
2873
2824
3747
4268
4268
3679
3320
4268
4268
2873
4449
3679
4268
3320
4449
4268
4449
4268
2873
3679
4449
4741
3858
3883
3883
4741
4741
4206
4707
3598
4741
4707
3598
4206
4206
4011
4011
4011
4011
4011
3883
4011
2261
4011
4175
3883
4011
4206
4268
4449
4741
4741
876
4268
4268
4702
3679
4268
4268
4268
4268
2873
4741
4741
4741
3858
4268
4449
4268
4449
4268
4268
4268
2873
4741
3679
2873
4449
4449
2873
4741
4741
4741
4707
3598
4206
4011
4011
4206
4707
4011
4011
4206
4011
2261
4011
4011
4011
4011
3598
3598
3883
3883
4206
4011
4249
3357
4011
4449
4741
4741
4741
4741
2021
2021
3598
3883
3883
4741
4707
4741
4741
4268
4707
4011
4011
2261
4011
4011
4011
4011
4011
4011
2261
4206
4011
3883
3883
2261
2261
4011
4707
3883
4011
4707
4741
3883
4175
4175
4206
4707
4175
3883
4741
2261
2261
2261
4741
4268
4268
2261
2261
3598
2261
4268
3058
4741
4268
4206
4741
4741
4011
2261
4268
3883
4108
4707
4011
4206
2261
3883
2261
2261
3598
3883
4175
2261
4206
4011
4011
4011
4011
4741
3463
2261
4011
4011
2261
4741
4108
4011
4741
3883
4741
4707
4741
4249
3639
4707
4707
4707
3883
1072
4741
4175
4011
4741
4011
4011
4707
4707
4011
4175
4206
4206
4011
4741
3598
3598
4449
4741
4707
4707
3636
3357
3883
4707
4206
4707
3883
2261
2261
3598
4707
2261
4741
3463
2261
4011
4011
4741
4175
4707
4707
4011
4011
3883
4206
4206
4175
2261
4011
4011
4011
4268
4707
4741
4741
2261
4206
4707
4011
2261
4707
4707
4707
4741
4268
3883
4268
4011
2261
4011
4206
4011
4011
4011
4011
4011
4011
3639
4268
4011
4707
4011
4070
2021
3598
4707
4206
4011
4011
4206
4206
4741
4741
4011
4011
4011
4011
4206
4206
4011
4011
4206
4011
3636
4175
4011
4206
4011
4707
3598
3883
4011
3639
3883
4108
4707
4707
4011
4206
4011
4011
4011
4011
4070
4707
4206
4741
4011
3636
4011
4011
1858
4206
4011
2261
4206
4011
4206
4011
3639
4011
4011
3639
3075
4011
4206
3639
3883
4011
4206
4206
3598
4011
4206
4206
3883
4206
4741
4707
4707
4206
4206
4206
4206
4011
4011
4011
4011
4011
2278
4206
4011
4206
4011
1858
4206
4206
1204
4522
4493
4522
5191
5191
5060
2055
2583
1163
213
4493
4522
2083
1204
5191
4493
5191
4718
1633
4774
4822
5165
5164
4822
4272
5165
972
972
5166
1032
2980
2645
4723
2232
1774
1369
4774
4811
5166
2645
924
5166
4823
5166
5170
5163
4774
4272
1183
972
1066
4526
2232
3268
1369
2309
5171
4272
1066
1369
1298
2402
3041
2282
4723
3897
4774
3221
2264
4272
4272
1270
4822
5171
3268
2991
1094
769
2309
1633
5167
4774
1633
4723
1774
1774
4272
4821
1032
1633
5164
227
503
503
23
23
23
503
1
62
182
15
154
877
4307
4307
877
351
877
877
351
2141
877
820
1879
1879
1879
1621
3141
1188
1879
3671
820
649
869
1188
869
820
869
4455
132
2442
2101
4185
2442
2101
2674
2101
2442
2442
3730
2442
3077
2442
3937
2674
4185
2101
4485
4485
2442
3634
5064
3937
3129
2734
3077
2442
2442
2442
2442
3968
2101
2442
3077
2442
2442
2442
2442
2442
2442
2873
4312
4746
2382
3031
4746
4746
2298
3498
4686
5081
3031
4910
2335
4746
3081
2382
2442
4011
4741
2261
4707
4011
4011
4707
4011
4011
4707
4011
2261
4011
3858
4802
2730
2445
5170
3568
1009
1009
1241
820
1217
820
659
786
820
820
820
820
820
1217
1217
1217
820
1188
820
869
820
820
820
820
820
820
820
820
1188
2736
2736
3671
3671
728
3671
4455
3671
615
3671
4306
4455
4455
4455
4455
728
4455
4306
4306
4306
4306
3671
3671
728
4306
4306
4455
728
