4864
4941
4941
4941
4817
4844
4817
4817
4817
4817
4817
4817
4772
5000
4741
4740
4740
4725
4644
4734
4726
4725
4734
4734
4648
4772
4772
4741
4772
4772
4648
4741
4740
4741
4734
4734
4644
4648
4844
4648
4648
4734
4875
4920
4729
4946
4923
4741
4648
4741
4729
4729
4729
4697
4925
4817
4817
4817
4941
4941
4941
4941
4772
4772
5000
4740
5107
5107
4644
4725
4644
4725
4725
4725
4644
4740
4725
5107
5107
4740
4644
4864
4946
4946
4864
4773
4773
4864
4923
4946
4840
4840
4923
4648
4773
4864
4844
4729
4844
4844
4697
4817
4772
4920
4920
4902
4645
5107
5107
4740
4741
4741
4920
4741
4772
4741
4772
4740
4740
4729
4741
4741
4741
4902
4741
4725
4644
4902
4772
4947
4941
4946
4772
4740
4740
4740
4741
4725
4648
4920
4772
4772
4817
4817
4817
4698
4698
4900
4900
4631
4900
4900
4900
4817
4698
4902
4648
4772
4729
4729
4844
4741
4772
4921
4923
4729
4844
4729
4729
4725
4741
4648
4741
4741
4767
4734
4725
4648
4740
4773
4864
4734
4734
4734
4864
4734
4725
4941
4923
4941
4729
4729
4941
4741
4920
4725
4725
4741
4844
4648
4844
4697
4817
4817
4631
4817
4890
4817
4890
4817
4710
4710
4710
4710
4710
4710
4817
4817
4817
4817
4817
4900
4844
4817
4817
4817
4817
4875
4740
4741
4817
4772
4844
4817
4817
4817
4817
4817
4844
4740
4740
4740
4765
4941
4941
4817
4644
4729
4740
4844
4817
4817
4817
4817
4817
4725
4741
4817
4941
4817
4817
4817
4764
4900
4698
4740
4773
4741
4648
4725
4817
4817
4844
4941
4773
4844
4864
4941
4740
4817
5107
4741
4725
4817
4648
4817
4741
4725
4941
4817
5107
4817
4817
4817
4844
4817
4817
4698
4817
4725
4725
4820
4725
4773
4941
4844
4844
4817
4817
4683
4817
4817
4817
4740
4740
4817
4817
4900
4817
4741
4734
4773
4844
4773
4697
4734
4734
4734
4697
4844
4773
4648
4697
4941
4817
4817
4941
5107
4817
4698
5107
4741
4817
4817
4817
4740
4644
830
4648
4740
4844
4817
4817
4864
4698
4817
5107
4725
4648
4725
4725
4725
4734
5000
4683
4782
5107
4644
4817
4817
4817
4827
4817
4941
4764
4817
4817
4764
4710
4710
4710
4710
4495
4774
875
875
1131
1131
1131
2955
313
313
1131
1131
1089
1131
4627
4740
4844
4817
4698
4725
4817
4817
4817
4817
4698
4764
4764
4900
4698
4764
4817
4817
4817
4941
5107
4644
4725
4725
4644
4725
4644
4725
4725
4817
4817
4734
4725
4734
4725
4726
4631
5107
4773
4817
4631
4725
4817
4900
4710
4734
4725
4864
4734
4734
4734
4725
4734
4631
4725
4734
4734
4734
4734
4725
4817
4725
4734
4725
4644
4644
4726
4644
4734
4844
4734
4734
4734
4631
4760
4697
4900
4900
4900
4781
4900
4764
4817
4817
4900
4900
4631
4817
4900
4890
4817
4817
4817
4817
4900
4890
4781
4890
4710
4710
4710
4710
4710
4710
4710
4710
4914
4914
973
1128
1653
1653
1653
1653
1385
1897
2774
2766
2766
1651
1385
2766
2766
1651
3626
2766
2766
2766
2766
2766
2799
2766
3745
3710
973
973
973
973
1385
1385
1385
1385
1385
4900
4817
4817
4890
4817
4817
4817
4900
4817
4817
4817
4817
4900
4764
4764
4817
4817
4817
4900
4764
4900
4817
4764
4710
4817
4900
4900
4817
4764
4774
4774
4764
4774
4710
747
747
4795
747
554
554
747
747
554
722
747
747
722
727
747
969
3916
4096
4319
4096
4096
4434
4341
3819
3819
4096
3819
4795
781
747
781
781
747
5114
747
4795
554
5005
4817
4631
554
747
554
747
747
946
4826
747
792
944
1005
946
747
792
991
991
1075
969
969
4021
4817
4900
4774
3291
4760
4764
747
5005
792
792
4764
5010
4900
554
4900
747
747
747
747
792
4710
4817
4710
4495
4710
747
4795
781
747
747
747
792
747
747
5005
792
792
747
792
554
1005
991
970
747
781
781
747
747
554
554
781
685
738
738
4859
781
4890
4817
554
5114
4900
4900
792
4817
4710
4764
4710
4710
4710
4710
4710
4710
4710
4710
5010
792
4900
4764
4710
4710
4710
4890
792
4817
4710
4710
4795
792
4900
792
781
747
554
738
747
738
4895
738
5103
685
4900
3291
3291
4781
4781
4781
554
785
747
4900
4710
792
4710
4895
738
4710
781
738
4859
4710
4702
781
747
554
4774
747
554
722
1004
969
4025
3850
944
1005
3291
3291
3254
3291
3291
747
4859
739
738
792
4900
4890
4859
4900
991
747
781
3291
3291
970
722
781
792
4774
4774
4774
554
554
747
747
554
747
747
554
1005
792
4710
722
969
554
4900
3291
4781
4585
4577
4577
3623
3291
3291
4554
4554
3291
944
4760
554
3291
3291
4471
4479
5106
747
738
554
4895
738
944
722
722
3979
3291
722
775
747
785
554
3291
3291
3291
4710
4710
4710
4710
4710
4710
4710
970
1004
4341
4341
4774
4774
4747
4747
2955
2955
3112
3112
3317
1489
866
866
866
866
866
866
866
866
3465
2510
3465
866
554
738
944
1005
4025
3979
722
722
991
975
747
554
1067
4186
4096
3819
4096
3819
4096
1005
4774
3819
3980
4096
4324
4319
4072
4774
4107
4512
4107
4319
4512
4319
4319
1436
1492
1409
1586
1385
1385
1385
4096
4096
3819
4330
4341
4512
4096
4096
4096
3291
3819
4096
4096
4096
4096
4096
4095
4434
4096
4096
4096
4512
4096
4072
4096
4512
1067
4096
4096
4096
4512
3950
969
969
775
969
991
4710
4710
4710
4512
4096
4251
4310
3848
4096
4512
3819
4390
4390
4434
4512
4107
1492
4166
4107
1492
1492
1492
4319
4434
1018
1479
1770
932
4457
3682
4096
3819
1008
3979
991
722
3291
4096
4310
4319
4319
4319
4319
4434
4319
4096
4710
3819
747
3819
3819
4096
991
554
554
747
554
747
747
747
747
747
3291
3291
3291
4330
3291
4747
4471
3286
3291
4118
944
4512
4774
4774
4774
970
554
3819
3819
4096
1004
4096
944
4760
3291
747
4096
4096
4096
969
3819
4096
4512
4319
4434
4025
969
3852
3983
969
3991
969
747
4096
4096
4096
4774
4096
969
3983
975
747
554
747
747
554
747
554
747
3819
792
970
970
4330
4512
4512
4096
969
747
4434
4096
3286
3819
4251
747
4096
4774
3926
747
4512
3611
1904
3710
3710
3745
912
912
1385
1385
1385
1385
1385
1389
2766
1651
1651
1385
1651
1651
1268
1651
1651
1651
1651
1651
1651
1651
1385
3614
3745
3710
4330
4512
4107
4072
4774
4096
4072
1146
4310
3941
991
970
747
3710
4044
1586
1409
792
3950
554
991
991
727
727
4330
4390
4512
4512
4512
1492
3606
4319
4319
4435
4206
4096
4096
4466
3475
4434
3848
3848
3644
3291
3614
1586
1586
1586
932
3916
4096
4096
4512
4072
4434
4434
4434
4087
3291
3710
3941
3941
3745
3745
900
3291
3710
3614
3611
4434
4512
4512
4096
4107
4107
4107
1492
4512
4319
4319
4512
4774
991
991
3819
932
4044
1492
1492
4096
554
970
3831
3837
991
3950
1004
4434
4434
736
3979
3890
969
969
3890
991
3745
3290
3290
3941
970
3831
1409
1146
1201
3611
3289
3290
970
4710
4308
4447
4495
3290
4186
554
3291
4390
4512
4512
3916
4022
3745
4096
3916
1586
3686
3941
3291
3290
1492
4166
4166
3290
3710
4710
4710
4710
4710
4710
1089
1089
4627
4713
4704
4704
4803
1653
1653
4803
1920
991
991
1008
1008
3869
4166
4089
4089
1492
525
969
722
722
1000
1904
3601
3819
3819
4096
3837
3614
4089
4089
4710
4710
4710
4710
3710
4710
4107
4774
4774
4774
4206
747
4434
4096
3710
4710
4710
4495
4710
4710
4710
4710
932
3745
1385
1385
3290
4166
4166
1492
4434
3606
4107
4390
4512
4319
4319
1067
1586
3745
912
912
3745
3710
3710
736
1492
4512
4107
3606
4107
4107
4512
1492
1492
4166
4096
991
775
1713
4344
4434
4319
3745
4251
1586
3745
912
912
1385
3710
3710
4319
1492
4107
3614
747
775
747
554
722
775
3837
4025
775
1075
4096
3890
3840
4089
4710
4710
4781
4781
4710
4710
4710
4710
4673
4673
4592
4592
2774
4496
973
4710
747
4710
4710
4072
4341
4512
4319
4319
4319
4319
4710
4710
3291
4781
4554
4554
4554
4585
4585
4585
3623
4710
4710
4496
4496
4496
973
1586
4319
727
4096
3645
4319
4107
4319
4319
4710
4673
4662
4673
4662
747
975
747
747
747
4710
4710
4774
4072
4319
4590
3941
1586
4710
4710
4496
4496
973
1586
4434
3819
4096
4096
4673
4662
4319
4319
4319
4319
4319
4319
4512
4710
4710
4319
4072
4434
3848
3848
3846
3846
1691
3846
3848
4096
4096
4781
4781
4781
4554
4710
4319
4512
4512
4710
4710
4673
4710
912
1000
4096
4710
4495
3941
3623
4585
4554
4781
4554
4781
4781
4781
4096
4554
4096
1586
4096
4325
4781
4554
4554
4781
1586
4319
1201
912
3745
3745
4554
4554
4554
4554
3614
3614
3614
973
1586
4747
4747
1586
1586
1586
4096
3745
4096
4781
4781
4781
4781
4781
900
1586
4673
3846
4096
4096
3623
3614
4673
3614
2766
1385
4496
4496
4592
4617
4229
4673
4496
4673
4662
4673
4710
1492
4319
4319
4319
4319
3846
1586
4096
3614
3710
4319
4319
3710
4434
4781
3609
3710
973
1586
3710
3745
4662
4554
4662
4662
4599
2774
4592
2766
2774
3626
2766
4673
4166
4096
1904
4585
3286
3286
3788
3112
3112
3286
4319
4592
4592
4592
2774
4496
4096
4319
4319
3710
3745
3286
4747
4096
4592
4592
2766
2766
1385
1385
4673
4662
4612
2766
1385
973
4319
973
4044
3745
3745
2766
4554
4592
4096
3614
4592
4592
4096
4096
4710
4310
3614
4592
2799
4144
4496
4710
3614
4592
2766
4662
4673
4496
4496
4496
1492
4710
3710
4774
4072
4229
4673
4319
4592
3846
1586
1586
1904
1385
4554
3286
4229
4496
973
1146
4096
3710
4554
3745
4096
4673
4496
4496
973
3710
973
973
900
913
1489
4554
4554
4554
3623
4673
4496
929
3745
4592
3819
4319
4096
4496
4747
4747
1489
4747
973
3916
3745
4662
1409
4319
1586
1586
4434
4322
4710
4914
4554
4096
4914
4710
4710
1089
4710
3745
912
912
1385
1389
2766
912
1385
3286
4096
4044
3710
3745
4322
4072
4319
4319
1492
1018
875
973
973
3745
4496
4554
851
4662
4747
929
1489
4319
4319
1018
4319
1018
4747
878
1088
1131
878
875
1586
2766
3286
4319
4747
1409
1586
1586
1385
1385
1385
1385
1770
973
912
1770
4592
4662
1018
973
973
1770
1586
1233
973
1586
1586
912
1651
3745
3745
2766
3551
2766
2766
4319
1436
1586
1586
973
1586
1586
4496
4496
4914
4496
4496
973
973
4496
1586
4710
3745
4496
875
1385
1385
3745
4662
4592
4747
2955
973
973
4554
2766
3745
3745
2766
2766
3745
3745
2766
2766
2766
3745
2799
4585
4434
4577
4585
4747
1211
1211
4496
932
912
4434
4319
4496
973
912
4585
3112
4585
527
4710
4710
4554
4554
4554
4554
851
4394
4144
4319
3745
2766
3788
1409
1586
973
973
3846
973
2766
3745
2799
3745
4585
4662
4542
878
1586
1586
1586
1385
1385
1385
912
3745
1389
4585
973
4577
3916
912
2766
1385
1385
1385
2766
4144
4662
4394
3626
4577
4496
4914
973
4585
912
4394
2766
2766
2766
2766
2766
2766
2766
2766
2766
2766
4585
1018
4662
1385
1018
1489
973
3745
3465
3465
3465
3465
3465
3317
3317
3317
3465
3465
3465
2510
3465
3465
3465
3465
3465
2510
3465
3465
3465
4052
3465
3465
3465
3465
3465
3317
3317
3317
3317
3136
1489
3465
2510
2510
3465
3465
2510
3465
3317
3465
3465
3465
3465
3465
1586
1586
1089
875
4585
3745
912
3745
912
3465
3465
3465
3317
3465
1586
1586
1385
1385
1389
929
3465
3465
3465
1489
3465
3465
3465
1685
4496
973
4538
2563
3112
3112
4554
4577
3317
3465
3465
3465
2510
3317
3317
3465
3465
3465
851
1489
4592
851
3112
3317
3317
3317
3317
3317
2510
875
4662
2766
2766
3317
1586
2766
2955
2955
3112
2510
2510
2510
3465
3465
2955
1489
1489
4662
3745
1385
1385
3317
2510
2555
2555
2510
2510
2510
2510
2510
3465
2510
3317
3317
4585
3317
3317
2555
3317
2510
2510
1099
3317
2510
2555
2555
2773
2945
2773
2760
2760
2760
2760
2760
2760
2760
2773
2510
2510
2510
2510
1374
1374
2510
866
2510
903
2510
1489
2510
1489
1489
1489
2760
866
2760
2760
2760
2760
2760
2760
2760
2760
2945
2760
973
4592
3317
3317
3112
3112
2945
2510
2555
2510
2555
2555
2510
2510
2510
2510
2773
2773
2760
2760
2760
2760
2760
2760
2510
900
1385
1385
1385
1385
1385
3317
2510
3112
2510
3465
903
1489
1489
1018
1489
1489
1099
4496
3317
2510
912
2766
1385
912
2510
3317
1489
3465
3465
3465
4714
851
1586
1586
973
2766
3317
3317
3317
3136
3136
3112
3317
3317
3136
2955
3317
3112
1489
4714
3465
3465
1586
1233
1385
4710
875
1089
2555
3317
1489
1489
3465
875
4662
2555
1385
3112
1489
1018
1489
1586
4710
4662
3317
2555
3317
3317
3317
3317
2555
2555
2555
2555
2555
2555
2945
2555
3317
3317
3317
3317
3317
3317
2510
2510
4542
2766
3136
1489
1211
1586
1385
973
3317
1389
1385
2510
1211
3317
3317
4662
2766
1385
1389
1489
903
851
1233
1489
1385
1385
4914
973
3317
2555
3317
3317
2555
2799
3317
1089
2555
2510
3317
3112
3112
2955
2760
2760
2760
2760
2760
2766
3136
2510
866
3317
3112
2955
2955
3112
1389
3112
2510
3953
2766
1385
3112
1489
4714
1385
3317
3317
3112
3745
3317
1489
4662
4538
2766
2510
866
4914
4585
2766
4585
3626
3112
1651
1018
1385
1385
912
1385
1385
1385
902
1374
2760
866
2760
2760
2555
3317
3317
2945
4662
1385
2510
866
1018
973
973
3317
2510
4585
4144
2766
2766
2766
2766
1651
1385
1233
1489
973
4542
4144
3626
2766
2766
1385
866
2510
2773
2510
2510
2510
2510
2510
903
903
1374
1018
866
866
4496
973
1128
4654
3112
3112
3112
2955
2955
2955
3112
1385
1385
4538
2555
2510
4585
3112
3112
3112
1489
866
4496
4496
4496
1586
3317
3317
3317
2945
4144
2510
875
4144
1651
1385
1385
1385
903
866
4710
2510
3626
3112
3112
3112
1385
866
2555
2510
3317
3317
3317
2766
2510
3112
1385
2510
866
1089
4710
3112
2955
2760
2945
2555
2510
3317
903
973
3317
2555
2555
2510
2766
2766
2766
3112
1068
866
866
866
4496
3317
2555
2510
1385
1385
1385
1385
1385
1385
1385
1385
1385
1385
1385
1131
2955
1586
1385
1385
1385
973
3317
4662
2766
3112
866
1385
4712
1089
1089
1089
1653
4710
4914
4710
3317
2766
878
3317
3317
3317
3317
3112
3112
2955
3112
866
973
1128
1128
4662
4144
2766
3112
1651
1385
1385
1385
1385
1385
1651
2972
2987
2556
2600
1385
1385
878
2760
866
973
4496
3317
3626
3112
2955
2510
1088
1131
866
4662
2774
2766
2766
972
1489
866
866
973
1089
4710
4673
2766
2766
1385
3317
3626
1651
3626
1651
3626
1651
1651
1651
1385
2692
2692
1385
1676
1676
1676
1385
1897
1385
1385
1385
1897
2692
3626
2774
3112
1089
3317
2945
2774
3551
1651
1651
1503
1676
1385
1385
1385
1385
1651
1651
1651
1651
1651
1651
1651
1651
1651
1651
1651
1651
1651
1651
1651
1651
1651
3112
3112
875
875
2555
3112
3745
912
4599
2563
4677
4677
4627
4627
4627
4627
4713
4627
4627
4627
4627
4627
4627
4627
4627
866
4496
2510
4599
4599
4599
2510
1385
1385
1385
1385
1385
1385
1266
1266
2469
1385
1385
2527
1059
1385
1385
1385
1385
4496
4654
1653
4599
4713
4713
4713
4496
1089
1089
2945
2945
2945
2555
3317
4662
2766
3626
973
4496
973
1385
1897
1897
1897
1897
1897
1897
1651
1651
1651
1651
1385
1651
1385
1651
1651
4614
1089
2510
4599
912
3112
1676
1385
1385
1385
1385
1385
1385
1385
3025
1268
1651
1651
1385
1385
1651
1095
1651
1385
1385
1651
1651
1651
1053
2850
2849
2470
2850
5137
2849
2161
1385
973
1128
1128
1385
1385
1385
3112
3317
1651
2766
3112
1385
1385
1385
1385
2510
2641
1385
1385
1385
866
1385
1385
2760
2766
2766
2766
3626
2766
3626
2766
2774
1651
1651
2766
1651
1651
2849
2469
2470
1167
1044
1044
1044
2936
2470
2602
2877
1053
1651
1385
1651
1374
866
1385
866
866
973
4496
4496
3317
3626
1385
1385
1385
1268
1385
1385
866
866
1385
1128
1128
1128
1653
1653
3112
2766
2766
2955
2955
3112
1385
3112
4673
2774
1385
1385
1374
2510
1385
1385
1089
4612
1651
2766
4612
1651
2955
3112
2510
866
866
866
866
866
1385
2945
2774
1651
3025
866
866
866
4599
1651
1651
1651
2137
1266
1897
2902
1030
2694
5036
878
4496
1651
2766
2955
2960
2652
973
973
2563
3112
2955
2955
4624
2766
2510
1651
2510
2510
866
2945
2760
2766
2766
866
4550
2955
1385
2955
2987
2721
2960
1266
1128
4599
1651
1651
2955
866
866
866
866
2760
2945
2760
2945
2774
2766
2955
2760
1651
1268
2527
2563
1385
2760
3218
2527
2600
1660
2527
1385
4654
1385
2774
3577
1653
2760
3218
2850
866
866
1385
2773
2760
2766
2510
1131
2633
2955
866
2470
1044
2600
1711
2470
1136
1089
1089
2945
912
2955
5036
2510
875
1131
875
1385
1385
1385
1385
1897
1385
1385
2773
3112
3112
2955
2633
2955
2955
4624
1651
2955
2955
973
2766
2766
2774
2766
1651
1651
1651
1651
1651
1651
1651
1651
2563
1651
1651
1651
2850
3134
2955
2955
866
2760
2760
2760
2760
2760
866
1374
973
1268
1559
1559
2137
2137
2137
2692
1676
1559
1651
1651
2955
875
1089
2945
2766
2850
2955
2527
3218
3218
5187
2605
1266
1266
1385
1128
2945
2774
1268
1059
1374
2760
2760
2760
2945
2945
5198
2563
4680
4680
4680
4680
313
313
2945
1651
2592
2766
1651
3112
2760
1053
2415
3134
2877
2760
2760
2470
2850
1244
2850
2850
2239
1044
2927
2850
384
342
256
105
1443
1443
198
1520
1998
2470
2774
1651
1651
1651
1651
2760
2760
2760
2760
2760
2760
2760
2760
2760
2850
972
2955
2955
2760
2850
1244
2850
1016
1016
1520
198
1443
256
256
1669
198
1385
1385
3577
2766
1651
1385
1651
1651
1651
1385
1676
1385
1651
1385
1385
1385
1385
1651
2692
1676
1676
2692
1385
1385
1897
1385
2332
2760
2760
2760
2760
2760
1089
1651
1651
1651
3112
2760
2760
2760
2760
1385
2945
1385
1651
1385
1385
1385
1651
1651
1651
1651
1385
1651
1385
1385
2760
2760
2760
2850
2850
2470
1131
1131
313
420
1044
1044
1044
1044
3218
3035
2754
3218
1044
1044
2419
2466
2466
1520
2466
1044
1044
1044
2850
1044
2970
1044
5130
1044
2766
2774
4599
1651
1651
2760
2760
2760
2760
2760
2760
2945
1131
875
1266
1385
1385
2774
1651
2760
2760
2760
2760
2760
2955
2760
2470
1128
1128
3626
1385
1651
1385
1385
1385
1385
1385
1503
2774
2774
2945
2960
2955
2760
2760
2760
1385
1651
1503
1651
1651
2945
2760
1374
2760
2760
2760
2760
2877
893
1711
2615
2615
1566
1520
1443
1443
256
2415
2850
2877
1244
5137
2850
2850
875
1385
1128
1385
5198
1651
1651
1651
2766
2760
2760
2760
2760
2760
2877
3218
1385
1385
1385
2760
2760
2773
2760
2510
2773
2760
2760
2760
1131
2955
1044
1651
1651
2766
2955
2760
2955
2760
2760
2760
2760
2760
790
2927
342
3158
2850
1131
973
1385
1385
1385
4599
1385
1385
1385
1651
2760
2760
2760
2945
2760
2955
2850
3218
3218
1044
3218
2760
2877
1520
1044
1128
1128
4599
2563
2766
2766
1503
1167
1385
1385
1897
2692
1089
1385
1385
2415
1266
1152
2563
1651
1651
1651
1651
1385
1385
1385
2563
2239
1167
1385
1503
2955
2955
2955
2955
821
336
488
198
1443
1020
1619
188
256
5140
2927
1520
1638
1753
1139
1566
1566
1638
1266
2427
4599
2524
1385
1385
2774
1503
1503
1053
2893
2877
2653
1638
2955
1638
198
1014
1044
2927
2850
1520
1519
1044
1385
1385
2774
1503
2633
2927
1266
2466
2850
1053
2850
3218
3577
1651
1651
1651
2955
198
1443
198
1738
227
1128
1128
1089
2648
1385
1385
1385
1385
2692
1897
1897
1897
1897
1385
1131
1131
5130
3218
198
1369
2774
2955
488
336
1044
256
1520
1266
1385
1266
2940
1651
2940
1897
384
860
1520
1520
1385
2653
1385
1385
1651
1385
2692
2237
1249
384
1044
2850
1385
790
1638
1128
1385
1385
1385
1385
1385
2801
1385
2563
3112
1385
1385
1044
1244
2927
1128
1385
1385
1897
1089
296
1385
1676
1385
1385
256
1128
105
1385
1385
1897
1385
1385
2563
2692
1897
1623
1128
2466
1266
1385
1385
2774
3577
313
2633
2633
1128
4930
4872
1089
4627
1342
1089
4712
1385
3577
2955
2774
1897
374
253
190
223
1081
223
1709
1772
1772
323
1772
2818
2818
2818
179
188
190
1128
1128
4186
4186
4186
1709
2818
4186
4186
1081
3855
1081
1081
4352
4186
4186
2818
4129
4186
2818
2818
2818
4186
1709
1081
1709
4186
1081
1081
1081
182
223
4186
4186
4186
2818
4129
4129
2818
4186
1709
4186
4186
4186
4186
4186
1620
1620
3816
4186
4129
3816
3025
313
2563
2532
2649
1503
1131
3218
3892
256
190
3891
37
3978
179
4186
38
1342
1653
1081
4278
5175
3892
2955
2692
2774
198
1653
1044
1044
2970
1044
1044
1016
1136
1081
1709
1566
1651
5145
2470
2774
2774
4186
4186
3991
4186
37
1266
1057
1385
1385
1385
2774
1244
1128
223
1081
1385
1559
2659
2615
3577
150
1128
4654
3891
179
1281
1081
1081
4278
1266
4599
1385
3577
1653
1128
3815
190
4194
190
1044
1044
2470
2877
2556
2600
1044
1044
2239
420
4278
4352
4186
1709
1128
1385
169
4278
4278
1443
1089
2563
2877
3959
4278
221
1044
1519
1676
3577
3577
1653
4713
1897
1897
1385
1385
1653
1053
3035
4654
188
1266
1266
2137
652
2877
4599
2774
1653
1653
1266
320
188
2332
1385
1385
3577
4010
4129
2818
1044
1385
179
4680
1385
2692
2692
1897
1653
1897
1385
1566
2805
1651
313
257
256
1128
3035
2239
1044
5140
2659
1044
2615
1385
1897
1897
1897
4186
4186
4186
4186
4186
1081
4186
1709
4186
4186
4186
4186
4186
4186
4186
4186
4129
722
4352
4186
4186
4186
4186
4129
4186
4129
2818
2818
1628
118
3991
698
1081
1619
1081
1619
1620
4186
1559
2137
2137
2137
2137
1676
1676
1385
2692
4680
4627
4627
4599
4780
1897
1385
1897
150
190
2600
1768
1131
1443
1081
5148
4680
4624
4680
4627
4627
4627
336
1897
4129
4278
1897
2466
1566
1897
1385
1342
4627
1089
1342
2466
2466
1266
2137
313
313
1385
4627
4680
1385
1897
1653
4278
3978
1044
1897
1081
3013
313
313
4624
1385
4680
313
4627
4680
4680
4680
4627
4627
4627
4680
4680
313
4680
313
313
4627
313
223
4129
224
190
1711
113
1566
1559
1897
4627
2818
1897
1385
1131
1131
1089
1619
1619
1761
1131
4680
4680
1044
313
4129
4704
2633
1385
2431
313
2470
2563
313
198
198
1044
1044
3035
2469
1266
1566
1566
4186
4186
4186
2431
2470
2469
5145
790
2818
1385
2692
3816
4186
4186
3816
4186
4186
4186
4186
4186
4680
4713
4677
4627
4627
4627
4627
4627
4627
4627
4627
4627
4627
313
4704
4627
4627
4627
4627
4627
1897
4713
1044
1020
1249
74
74
323
895
323
2818
2818
4129
1772
2818
722
2818
4186
4186
4186
747
747
1772
747
1772
2818
4186
4129
1772
2818
2818
1772
1772
1837
2818
2818
747
2818
2818
747
2818
2818
2818
4186
4186
4186
2818
1709
2818
2818
2818
4186
2818
313
2237
223
1167
182
1081
385
74
83
2818
2818
747
1772
747
1772
3769
3952
313
2466
4627
1342
2332
616
2818
2818
2818
2612
2818
323
323
323
2606
2694
1897
253
1089
1089
4186
1620
4186
2612
2818
83
323
2818
2818
1772
2818
1772
2818
2818
347
2818
2818
646
2721
2659
313
1897
1897
4627
1897
2431
1266
1081
2818
1249
2692
2470
4713
1660
1566
1178
323
2137
4129
1014
256
2818
313
1131
1131
4627
1772
313
2466
256
1089
4186
4186
4186
3855
2529
4129
1566
1566
3992
2877
1705
179
1020
320
2332
313
313
2470
2556
1705
1772
4129
198
190
2615
1044
4627
4627
4627
4627
4627
4627
1266
1342
4627
4627
4627
1566
975
795
265
83
313
2470
2419
2633
4352
2878
4627
4627
4627
4627
2466
83
1044
1897
1131
1091
1443
4186
1142
1506
1730
2137
2615
2694
1897
182
113
1558
198
4627
4627
1709
1081
975
1709
2137
1558
188
1660
4627
1131
1020
587
2805
313
1131
1131
1342
4627
3991
256
1107
179
197
975
1566
1566
1443
2466
2466
1619
585
1566
179
179
1566
1081
1772
2818
4129
1566
2137
892
4186
4186
4186
4186
313
1266
2466
1443
313
313
313
4680
4627
313
4627
4627
599
643
4803
4916
4803
643
313
3991
1131
2818
1620
323
313
1558
1566
1709
4186
4186
1709
2818
313
1566
1772
4129
2818
2818
1772
1131
2818
1772
2818
4627
323
747
4627
2818
2818
4627
4627
4627
4627
4627
4627
4627
4627
4627
4627
4627
4627
4627
4627
2818
313
471
4627
4627
4704
4627
4627
4627
4627
4713
4627
4627
1342
4704
4627
4627
1342
1131
4627
2818
4186
4627
313
4627
4704
4627
4627
4627
1772
313
4186
747
1772
2818
1772
2818
4627
1342
4627
4627
1342
313
4627
4704
1131
2818
2818
2818
1628
4704
4680
4627
4627
313
1342
4627
313
313
4627
1131
2818
2818
313
1131
1772
1772
2818
2818
1772
2818
2818
2818
2818
4129
1772
2818
4129
2818
313
323
1772
2818
2818
1342
313
313
313
4627
4627
4627
4627
4627
4627
4627
4627
4704
4627
313
4627
1342
4627
4704
4627
4627
582
4627
4704
4627
4627
4704
4680
4661
4620
4620
4803
4627
4661
4803
4661
4803
4661
4703
4703
345
345
57
222
80
222
222
222
222
222
345
80
345
345
345
599
345
345
4703
3217
4704
4704
4803
4803
643
4803
4803
4803
313
4627
4627
4704
4661
471
4627
4627
4627
4627
4627
4627
4704
4704
4704
4803
4803
4803
582
4704
313
4803
4661
4627
4627
4661
4627
4680
4680
4661
4704
4703
4704
4703
4703
4703
345
599
3217
4704
345
345
345
57
345
345
57
4703
4620
4704
4704
3217
4620
4620
4620
4620
4620
4916
4916
4704
57
4627
4627
4627
4803
4661
582
582
4680
4916
4627
4916
4916
4707
4627
4803
57
345
345
57
345
345
222
345
222
222
222
222
345
80
222
222
3217
4704
4620
345
57
345
345
345
222
345
57
3217
4620
4803
345
345
345
345
345
57
57
57
345
345
4704
4627
4627
57
345
345
4680
643
4803
345
345
69
345
345
222
4704
4803
4627
4803
3217
69
345
4661
3217
345
345
345
4916
4620
599
345
57
345
222
345
599
345
345
345
345
345
345
4916
4620
3217
345
345
4916
4704
345
222
222
345
222
4803
4916
345
4713
4803
345
4661
4661
4661
4661
4803
345
4704
345
35
222
345
4916
3217
222
222
345
4803
4620
345
345
1631
4627
345
222
57
4704
4703
4661
4620
4627
4713
4661
643
1631
4916
4803
4661
345
57
4703
4703
3217
4703
4661
4661
4620
345
345
4703
345
4916
57
345
345
1652
222
222
268
222
4661
4620
4661
57
345
345
3217
57
4620
4703
4803
4703
4803
57
345
57
222
69
4916
4661
4661
4916
4803
4916
222
4620
4620
222
222
3217
345
4680
3217
345
1653
4803
1653
3217
222
222
345
345
222
57
57
345
345
345
222
57
222
222
222
222
222
4703
4661
345
3217
57
345
345
222
4620
4916
4661
4703
4703
4661
4803
4661
345
222
268
222
222
345
345
57
222
57
1920
57
57
222
345
345
4703
4661
4803
4703
4661
4803
4803
4661
4704
3217
345
222
345
345
345
345
222
222
345
222
345
80
4620
4661
222
345
4703
4803
4704
345
345
345
222
57
222
4661
57
57
4661
4703
4803
4916
4803
4661
3217
4916
222
222
4661
4803
222
4620
4916
4916
57
57
345
4661
57
4803
4803
4661
57
57
4661
345
57
222
4703
599
45
222
345
222
222
345
57
222
57
222
57
57
345
57
222
345
4725
4734
4734
5113
4827
4827
4734
4648
4864
4817
4725
4817
4734
4734
4734
4729
4741
4648
4741
4741
1007
747
4895
4795
4795
747
747
554
738
747
781
747
5103
727
4895
722
727
5114
1620
781
747
747
747
747
747
747
747
4795
685
554
747
1105
5114
747
747
722
747
554
747
747
4710
4710
4710
4710
4710
4890
4710
3291
4710
4710
4781
3291
4781
3291
4710
3788
2510
2555
2510
2510
2510
2510
2510
2510
2510
2510
1385
1385
1385
1651
1385
1385
1651
1651
1651
1385
1385
1385
1385
1385
3317
2955
2760
1772
4186
2818
4186
4186
4186
2818
2818
585
747
2818
4129
323
2818
4186
4186
4186
4186
2818
4186
4186
4186
4186
3816
4186
4186
4186
4186
2612
2818
1772
2818
4186
2818
4186
1772
895
2818
3199
4186
2818
2818
4186
4627
4627
4627
4627
4627
4627
4680
4704
4627
4627
4627
4627
313
313
4704
4680
4627
222
345
345
222
4661
345
345
4620
345
222
222
4704
222
57
345
345
345
345
4186
745
554
747
554
747
747
1385
1385
1676
1385
1385
1385
1385
1385
1385
1385
1385
1385
1385
1385
1385
1385
1385
1385
1385
1385
1385
1385
1385
1385
1385
1385
1385
1385
1385
1385
1385
1385
1385
1385
1385
1385
1385
1385
1385
1385
1385
747
747
792
554
747
4319
3951
4022
3926
3465
3465
1651
1385
2760
2760
1651
1651
1385
1131
1131
4781
4725
4710
1067
970
4435
554
747
554
4512
3465
2760
2760
1651
1385
1385
1385
1131
313
