2017
3172
3172
2017
3172
3709
2545
2017
1424
2017
2017
2017
2017
2017
2017
2017
2017
2017
2017
2017
1589
1589
2017
2017
2017
2017
2017
2166
2017
2017
2017
2017
2017
2017
2017
3172
2426
1895
1895
2010
2451
2451
1895
2017
2017
2017
2166
2166
2017
2166
2166
1589
2017
2166
2166
2017
2259
2017
2017
2017
2017
3414
2017
2259
2017
1662
2017
2017
2017
2017
3172
2166
2017
2166
2166
2166
2017
2017
2017
5160
2017
2017
3600
2017
1589
2017
2017
2017
2166
2017
1589
2259
2017
2166
2017
2017
2017
2017
2166
1589
1334
2545
1222
3362
2259
2259
2259
2017
2017
2375
2140
1895
3172
1589
2166
2017
2451
1586
2166
2017
2017
2017
2166
2017
2017
2017
1589
1589
1589
2017
1589
1589
2017
2017
1589
2017
1589
3172
3172
3050
2017
2140
2017
2017
3172
2010
2251
2010
1586
2451
2530
2545
2545
2017
2017
2017
2017
1797
2259
2259
2259
2259
2017
2259
2375
2545
1505
2017
2426
2545
2530
3172
2375
1282
2017
2017
2017
2010
2451
1589
1750
2463
2451
2017
2017
3172
1589
2426
2017
2451
2545
3465
2017
2017
2017
2451
1586
2530
3050
2259
2259
2545
2017
2017
1537
2017
2017
2017
2017
2017
2017
2545
1884
2017
2166
2017
1589
1586
2017
1589
3465
5160
3465
3709
2017
1419
2259
3172
2017
2017
2017
2545
3172
3172
1641
2010
1586
2017
2451
2545
3465
2017
1589
2017
2017
2017
2017
2017
2017
1589
1589
2017
2451
1222
3172
2736
1756
1513
1419
2017
3172
2451
2545
2017
2017
3172
2545
2017
3172
1419
2017
2017
1589
2451
2017
2166
3465
2545
2166
2140
2259
2259
2259
1662
2149
2166
2166
2166
2166
2148
2148
2148
2149
2387
2149
467
2470
2148
2470
2470
2470
2148
2017
2017
2017
2259
2166
2545
1419
2259
2259
2259
2259
2259
1797
1797
2017
2017
2259
2706
1641
3172
2166
2017
2017
2017
2017
2166
1641
2530
2017
2166
2017
2017
1454
2259
1589
1589
2017
2017
1282
2259
2545
2017
2017
2017
2017
3172
2166
2017
2017
1589
2010
1589
2017
2149
2017
2017
1589
2259
2259
3172
2375
2017
2017
2017
2017
2216
2017
2017
2017
2017
2545
2545
1222
2259
2530
2569
2545
2259
2259
1895
2545
2259
2545
2545
2375
2545
2259
2545
2017
2017
2017
2166
2166
2166
2166
2166
2149
2149
2149
2166
2149
2149
2149
2017
2149
1539
1539
1539
2149
2149
1539
1797
1539
1539
1797
2149
1539
1539
2149
1797
1797
1797
1797
1797
1797
1797
1797
1797
1662
1797
1662
1797
1797
1797
1662
2259
1662
1662
2259
3172
3172
3172
1755
3600
3172
1662
2017
2017
2149
1797
1797
1797
1856
2017
2259
2259
2545
2545
2545
2259
2545
2545
2259
2259
2212
2017
2259
2259
1424
2259
2017
1424
2259
2017
2375
2259
2017
2259
2212
2259
1424
2259
1797
2375
2259
2017
2017
2259
2017
2017
2017
2017
2017
1662
2149
1662
2149
1797
1797
2149
2545
3034
3034
5048
4550
4550
4550
4550
4385
4550
5048
5048
5048
3798
3798
4102
4102
4102
4102
4102
3165
2459
2347
4089
4089
2459
2459
2714
4089
2119
2706
4550
4550
3034
5048
4550
4550
4550
4550
2845
4550
4550
4550
5048
2259
1539
2017
3226
4102
5048
3798
4203
4934
3475
5048
5048
5048
4203
3055
4550
4102
5048
5048
4102
4102
3171
2459
2017
2259
1797
2149
2149
2216
2017
1662
3034
5048
4550
4102
2259
5048
3034
2259
2017
2545
3034
4385
4550
5048
4102
4102
5048
4102
4102
3906
1539
2017
2259
1797
1797
3977
3034
4550
5048
5048
4550
5048
5048
4550
5048
5048
4102
3906
2212
4102
5048
4102
3171
3171
3034
4550
4550
5048
5048
5048
5048
5048
4550
5048
4550
1539
4102
4550
2017
2017
2017
2017
4102
2017
1424
2017
2149
1662
1797
2149
4550
5048
1662
1797
2149
4102
4102
2259
5048
4102
2017
2017
2017
5048
2711
5048
4550
4550
3034
3906
4550
2017
2017
2017
2149
2166
4550
5048
4102
1662
1797
4102
5048
4550
5048
2017
3165
5048
4550
2017
2216
2166
5048
4203
3798
5048
2017
5048
3798
3165
3055
2877
3755
2017
1539
2017
2017
2017
5048
5048
4550
5048
5048
5048
2017
2017
2017
2017
2017
2017
2017
4102
2017
5048
4203
2017
1539
3171
5048
4203
3671
1797
1797
2149
2017
2149
4102
3798
3798
3798
4203
3798
4102
3055
4606
2017
1539
3671
4102
4203
2017
2017
2017
2017
2017
2017
2149
2166
2166
2166
2166
2017
2017
2017
2017
2017
2017
2017
2017
2017
2017
2017
2166
2017
3755
1539
3798
4203
2017
2017
2017
2017
4102
5048
5048
3906
997
5048
3798
4102
4102
5048
1662
2459
3798
2017
2017
2017
2017
2017
1662
1797
2149
3165
3171
3165
2459
2017
2149
2166
2149
2149
2149
2166
2149
2149
2166
2017
2017
2216
2149
2149
2216
2017
2149
2149
2017
2149
2149
2149
2149
2149
5048
5048
3055
3342
4102
4102
4102
3475
5048
4102
2017
989
4089
4089
2706
4089
1883
4089
1079
3366
4089
1102
1057
4089
1079
1316
1316
1316
1797
3333
1984
2018
1984
1797
1797
1797
1079
3494
1079
2459
2706
2459
2706
2459
2017
4089
4089
4089
4089
4089
4089
2366
2706
2459
2714
4089
989
2706
2459
3494
4089
4089
2119
1797
2459
1539
2017
1126
989
1153
2185
3494
1316
1316
1316
1316
1126
1797
1797
1797
1984
2018
3179
2018
1797
4143
4143
1153
1797
2706
4102
4102
4102
1539
2017
2017
1079
1156
1316
2528
2018
2018
4162
1797
1154
1431
2166
3798
3798
2706
2706
4089
3475
3798
3798
3798
3798
5048
3977
4102
2017
2017
2017
2017
2017
2216
1126
2017
2149
2017
2149
2149
2149
2149
2459
2714
989
989
4089
3798
3798
4203
1126
1156
1154
3055
2706
2017
2149
2017
2017
4089
3747
2119
2714
2017
2459
2459
3165
3165
2459
4203
4089
2017
2017
2459
3106
3165
2459
4102
3798
3798
3798
3798
3798
3798
1316
4203
3165
3165
1126
1316
989
2459
1797
1797
1797
1471
3494
1079
2706
2459
4102
3494
4171
3050
3050
3050
1662
1662
1797
2017
1797
1797
1797
1797
1797
1662
1662
1797
1797
1797
1797
1797
1797
1797
2149
1797
2149
2149
2018
2216
2216
2149
2149
2149
2149
2149
2149
2149
2149
1856
1797
1797
1662
1662
3050
4203
3494
989
989
4089
989
2018
1662
3798
3798
1662
2259
2706
989
3055
4102
4102
4102
4102
1316
1316
1126
1126
989
2706
2858
3092
2459
1471
1837
2185
2185
1156
1662
2017
1797
2772
1537
1365
1662
2508
2706
4089
1837
1984
1797
1153
2017
2017
2017
3172
3172
3172
2017
1797
3172
2149
2166
1797
3172
3172
4325
4089
1126
989
989
2714
3171
1316
1662
1662
1797
1580
4089
3798
3671
3825
1316
4102
1745
2459
1316
1797
1797
1153
1797
1797
2347
2459
2166
1856
1662
1662
1153
1797
3172
1984
2185
2166
2017
1797
2017
2017
1126
1797
3165
2017
4089
2508
2149
1662
2149
2017
2149
2149
1837
1797
1126
1126
1797
1153
2166
2166
2166
2470
2470
2470
2470
4188
4125
2305
3160
4125
4188
1745
2459
1797
2459
1679
4102
4102
1837
1797
2235
1185
1185
1102
3494
3172
2459
2166
3050
2166
2166
2166
3092
4089
1856
2017
2166
2166
2166
2259
1662
2017
1797
2194
1797
1797
1662
1210
3165
1797
1797
1316
1797
1316
1984
2018
3172
1662
2079
1797
2259
1539
1365
3172
1797
1126
1316
1126
1797
1797
1797
1662
1797
4102
4102
1797
1471
1837
1837
3172
1662
1679
1677
2259
2017
2017
2017
1797
1797
1797
1222
1334
2149
1797
1126
3172
4102
3798
4102
3798
3165
3165
3755
4102
3165
2858
3162
2459
2259
2259
2166
2079
1662
1797
2017
2259
1662
4479
2347
2459
2347
1316
1797
1984
3165
2166
2166
2166
2440
2440
2166
2166
2149
2149
2149
2166
2017
1662
1797
1662
1797
1797
2017
2017
1797
4102
4089
2858
4102
2706
3165
1797
1126
2079
2166
1662
1797
2166
3171
4102
4102
4102
4102
4102
2166
2017
3153
989
3362
3172
3600
2459
2166
1797
1797
2017
1662
1662
3153
1153
4089
4089
2166
1126
1723
1126
4187
1126
1126
1126
1984
1797
1334
2166
4089
1153
2185
2149
1837
1894
4089
2166
1316
1316
1797
1126
1126
2166
2079
2119
1316
989
2185
2149
2149
2017
2166
2166
2166
2069
2079
2459
989
4171
2017
2166
3172
3172
2079
3153
2757
1693
2017
1662
2259
2017
2166
2166
2440
3172
1677
3172
3172
3172
3172
3172
3494
1677
3172
2166
2166
1662
3106
989
2166
3568
4089
3747
3172
2166
4171
3600
3172
3179
947
2216
2149
2149
3172
2166
3172
2259
3172
3172
3172
3172
2017
2017
2017
2017
1797
2017
1797
2079
2166
2166
1163
989
1163
1057
1316
2018
4187
2420
4089
1389
1334
1163
1163
1057
2706
989
3407
2149
3172
1662
1334
1662
937
3172
2079
2166
2440
2440
2166
2149
1797
1797
2149
1797
1797
1797
1797
1797
2149
1797
2149
1797
2079
1210
2259
4171
2259
2149
2149
2166
2149
2149
2149
2166
3172
3172
4089
2017
2259
2259
2259
4089
1389
1163
2166
1662
2149
2149
2166
2166
3172
2166
1797
1662
2017
1797
2017
3172
3172
3172
3172
2166
2079
2166
2017
3172
1984
1984
2166
1797
2259
2259
2259
2259
2259
2259
2017
1662
2017
2259
2259
3172
3172
2079
3172
2259
2017
3092
3747
1662
1156
2259
2017
1662
2017
2259
2259
1662
1662
1662
1797
1797
1797
1797
3172
2017
2259
1163
2017
2259
2017
2259
2017
2017
2017
2259
2259
2166
2259
1662
2017
2757
3050
2463
1334
1984
2017
1797
1984
989
989
989
2259
1662
1797
2166
2017
2149
1797
2017
3172
989
1057
2017
2166
3172
2079
1662
2017
2166
3172
4171
1662
1797
1797
1837
2531
3279
2166
2017
2149
1984
4089
1562
1797
2017
2259
3172
3172
3172
2017
2017
1163
2705
2166
2166
2166
2149
2166
2017
1894
2017
3172
3172
989
2259
1797
2017
2259
1154
989
2166
2166
2017
2259
2605
2166
2166
2166
1797
2017
2259
1662
2017
1662
2017
1797
1797
1797
1797
2149
2017
2018
1365
1662
1797
1797
1604
2018
2018
1156
1580
2166
3600
3600
1662
2017
2017
2440
1837
2017
2166
947
2166
1856
1856
2149
2018
2149
2018
2018
2018
2018
2166
2166
2166
2387
2166
2017
1662
2166
2259
1797
2259
1662
4162
2018
989
2706
1797
1797
2259
2017
1662
1797
1797
2259
2259
2259
2017
2017
2017
1662
1856
4187
2017
4494
2166
1662
2166
2018
2259
989
2166
1797
1797
2149
2166
2259
2017
2017
1662
1797
1662
1797
1797
1797
1797
1662
1662
1662
1797
1797
2259
2259
2259
2018
1797
1797
1797
1797
2166
2166
2166
1797
1856
1797
1797
2259
2166
2166
2259
2259
2017
2166
1662
1662
2017
2259
2259
2259
2017
2259
1797
1662
2149
2149
2149
2149
2166
2149
4494
1334
2166
2166
2259
1662
1797
1797
2017
2259
2017
2259
2017
3172
2259
2259
2259
1662
1797
1797
1797
1662
2259
1797
1662
1797
1797
1797
1662
1662
2259
1662
2166
2166
2166
2166
2149
2149
2259
989
2166
1837
2017
2017
2166
2017
2149
2528
1662
2017
1797
1797
1797
2017
2166
2017
2149
2528
2166
2440
3279
2166
1797
1797
1797
1797
1662
4187
2166
2259
2259
2259
2017
2149
2017
2149
989
2017
3172
1662
2017
1797
1797
2166
1662
1797
1662
1797
1662
1662
1797
1662
1662
1662
1662
1797
2259
2149
1797
2166
2017
1797
1797
1797
1797
1797
1797
1797
1662
1797
2017
1797
2259
2259
2259
2017
2017
2166
2528
1797
1797
1797
1797
1797
1662
2259
2259
1662
1662
1662
1662
2166
1662
1662
1797
1797
2149
2166
2166
1797
1662
1797
1797
1662
1662
1797
1662
1797
1797
1797
1662
1797
1797
1797
1797
1797
2149
1797
1797
1797
1539
1539
1797
2149
1539
1797
2149
1797
2149
1797
1797
1797
1797
2017
1662
2149
2149
2166
2166
1797
1856
2149
1797
1797
1662
2185
2216
2017
2149
2017
2216
2149
2017
2149
2017
2017
2017
2017
2149
2216
2017
2149
2149
2149
2149
2017
2017
1454
2149
2216
2149
2216
2017
2149
2017
2017
2017
2149
1797
2166
2440
1662
2017
2017
2259
2259
1662
1662
1662
2259
1662
2017
2017
1662
2259
3172
2259
2017
2149
2149
2018
1797
2166
2259
2149
2017
2149
2149
1163
1797
2440
2166
2166
2166
2166
2017
2149
2149
2017
2149
2149
1984
2149
2149
2216
2017
2166
2149
2149
1662
1797
2166
2149
2017
2149
2017
2017
2017
1797
2531
2017
2017
1662
2017
2017
1662
1662
2259
2017
3172
2149
2017
2017
2166
2166
2017
2149
2149
2149
2149
2079
2259
1797
1662
2259
1797
1797
2017
2017
1662
2017
2017
1589
1589
1950
2149
2017
2017
2017
2216
2017
2017
2017
2149
2149
2017
2017
2017
2017
1589
1950
2017
2149
2149
2149
2149
2149
2149
1950
2149
2149
2149
2149
2149
2166
2149
2149
2149
2017
2149
2017
2166
2149
2149
2149
2149
2149
2149
2017
2149
2149
2149
2149
3172
1797
1797
1797
1662
1797
1797
2017
1539
1539
1797
2017
3414
2017
2017
2017
1589
1950
1589
2017
2149
2149
2149
1589
1797
1797
1797
1797
1797
2017
2017
2149
2166
2216
2149
2149
2149
1662
2149
1797
1662
1662
1662
1797
2017
1797
1797
1662
1662
2259
2017
1950
2149
2017
2149
2166
4171
2017
1662
2017
2017
2017
2017
2166
1797
2149
2149
2149
2017
2149
2166
2149
2017
1797
2259
2017
2166
2166
1662
2017
2017
2149
2149
2166
2166
1797
2017
2166
2149
2149
2149
2166
1797
2017
2017
2017
2017
1662
1662
2017
2017
2017
2017
2017
1662
1662
1662
1662
1662
2017
2017
2017
2259
1797
1662
1797
1797
2149
2149
2017
1797
1797
3172
2017
1662
1662
1662
1797
1539
2149
2017
1662
2166
1662
1797
1589
1797
1797
1797
2149
2149
2017
2166
1797
1797
1797
3172
2017
1662
2017
2017
2017
1662
1662
1797
1797
1662
2149
2149
2166
2017
2017
2017
1797
2149
1539
1984
2149
2149
2149
2149
1797
2149
2149
2149
2149
2017
1662
2149
1454
2149
1797
2149
1797
1662
1797
1797
1797
1797
1662
1797
2166
1797
2149
2149
2149
1797
2017
2149
2149
1797
1797
1662
2017
2017
2017
1662
1662
1797
2149
2149
1797
2017
1662
1662
2216
1797
1662
1662
1662
1797
1797
2166
1662
1662
1662
2017
1797
2149
1797
1797
1797
1797
1797
1797
1797
2149
1950
2149
2149
1662
1797
2017
1662
1662
1797
2017
1950
2149
2149
1797
1797
3172
1662
1662
1797
1797
1797
1797
1797
1797
1797
1797
1797
1797
1797
2259
2166
2166
1797
1797
1797
1797
1797
1797
2149
1797
1662
1797
1662
1797
2149
2149
2149
2166
2149
2149
2149
1856
2149
2149
2149
1950
2166
2166
2166
1797
1662
2166
2166
2166
2149
2149
2149
2149
1539
2017
1797
1797
4171
1589
1950
2166
2166
2166
2149
2017
2166
2166
1797
2017
1662
1662
1662
2149
2149
1662
1797
1797
1856
1797
1797
1797
1797
1662
2149
1589
1662
1797
1797
1797
1797
1797
1662
2149
1797
1797
2149
2017
2017
2017
1662
2017
1539
1662
1589
1797
1797
1797
1950
1797
2166
1662
1984
2149
2017
2017
2149
1797
1797
1662
1662
1662
1662
3172
1662
1662
2017
1662
1797
1797
1662
1662
2166
1797
2149
2149
2149
2149
2149
1797
1662
3414
2017
1662
1797
1797
1856
2149
2149
1797
1797
2149
1797
1797
1797
1797
2149
2149
1797
2149
3465
4494
1797
1662
1662
1797
1950
2149
1856
2166
2166
2166
2166
2166
2166
1662
1662
1797
1662
1797
1662
2017
1662
1662
2149
2149
2166
2149
1856
2166
1662
1797
1797
1797
1662
1797
1797
2149
1797
2149
1797
2149
2149
2149
2904
2387
2904
2904
1797
2149
2166
2149
2017
2166
1662
1797
1797
2017
1797
1797
2149
2149
2149
2149
2149
2017
1797
1797
1797
1797
1797
1797
1797
1797
1797
1797
2149
2149
2149
2440
2017
2440
1797
1797
2149
1797
1797
1797
2149
1797
1797
2149
2149
2149
2149
2149
2149
2149
2149
2149
1539
2216
2216
2017
2017
2216
2149
2149
1797
1797
1797
1797
1797
1797
2166
1797
1662
2149
1797
1797
1797
2149
2149
2149
2149
2149
2216
2149
2149
2216
2017
2149
2149
2149
1797
2149
2149
2149
1797
1797
2149
2149
2149
1984
2017
2149
2166
2166
2166
3414
1797
1797
1797
1797
1797
3343
2166
2470
2470
2470
1797
2149
1589
3343
2440
1950
2216
1797
1797
2149
2149
2149
2149
2149
2890
2890
2328
2018
2149
2528
2018
2387
2149
2149
2149
2166
2166
3568
2470
2166
1797
1662
2017
2017
2149
1797
2149
2149
2149
2149
2149
1797
1797
2017
2166
1797
2017
3856
2212
2149
2216
2149
2149
2149
2149
2149
2149
1539
2149
2149
1539
1797
2149
1797
1662
1797
1856
1797
1984
1984
1984
2149
2018
2149
2149
2149
2149
2149
1856
1539
2018
2149
2149
2149
2149
2149
2018
2904
2387
2528
2387
2012
2149
2149
2387
2166
1797
2149
2166
2017
2149
1539
4143
1797
2149
1797
1797
1797
1797
2149
2149
2149
1539
1797
3172
2017
1797
1797
2149
1797
2149
1797
2149
2149
2149
2216
1797
2149
2149
2018
1797
2149
2149
2149
2387
2387
2904
2387
2904
2387
1440
2387
2387
2387
2387
2387
2387
2387
2387
2904
2387
1482
2387
2387
2387
2528
1797
2149
2149
2149
2149
1856
1797
2166
1662
1797
1797
1797
2149
2149
2149
2149
2149
2149
3414
1856
1797
1797
1589
1539
2149
2149
2149
2149
3414
2166
2017
2149
1539
1856
1797
2149
2149
1539
2017
2166
1797
1797
2149
1539
1797
2149
1797
2149
2149
2149
2166
2149
2149
1856
1662
2149
2149
2149
2149
1662
1856
1797
2149
2216
2216
2904
1726
2212
2904
2387
2904
2387
2387
2149
2149
1797
1797
1797
2149
2149
2149
2528
2904
1797
2166
2017
2166
2149
2166
2149
2149
2149
2166
2440
1797
2149
2149
2149
2149
1950
2528
1539
1539
2149
2149
2149
2149
2166
1539
2166
2149
2149
2904
2387
2904
2387
2018
2018
2440
1797
2149
1950
2149
2149
2149
2216
1539
1539
2149
1539
1539
2149
1454
2149
2149
2149
1539
2149
2149
1797
1797
2149
2166
2149
2528
2904
2339
2018
2149
2166
2017
2149
2149
2149
2166
2149
1440
2149
2149
2017
2149
2216
1797
2017
2149
2149
2387
2149
2149
2149
2149
2904
2387
2904
2387
2387
2904
2387
2904
2387
2166
2166
1539
2149
2149
1454
2149
2387
2149
2166
2148
2166
2166
2017
2017
2545
2017
2017
2149
2166
2149
2149
2149
2149
2149
2017
1797
1539
2149
1539
1797
1539
2149
1539
2149
2149
2149
1797
2149
1539
2149
1539
1539
2149
1539
1539
2149
2149
2149
1539
2149
2216
1539
1539
2149
2216
1454
2387
2387
2149
2149
2166
2149
2149
2149
2149
2216
2017
2149
2149
2904
2328
2328
2621
2328
2904
2904
1539
2149
2166
2470
2017
1797
2904
2149
2387
2387
2904
2904
2904
2904
2018
2149
2166
1984
2149
2017
2149
2387
2387
2149
2149
2017
2166
3568
3568
3568
2470
4125
2470
2166
1539
2149
2149
2149
2149
2149
2149
2166
2149
2149
2149
2216
2149
2387
2387
2149
2387
1613
1613
2387
1957
2387
1613
1613
1957
1613
1613
1440
1440
1613
2387
2012
1805
1805
978
1092
1805
929
1805
1805
2435
2166
2149
1539
2149
2149
2149
1539
2149
2216
1454
2149
2149
2149
2387
2166
2166
2166
2166
2012
1957
1440
1613
2387
1440
1613
1613
1569
1805
1805
3244
929
2092
1216
2149
2166
2017
2149
2149
2149
2149
1539
2017
2149
2149
2149
2216
2149
2149
2017
2149
1797
2149
2149
2216
2216
2545
2904
2387
1454
2216
1454
2017
2017
2166
2166
1539
2149
2149
2149
2149
2149
2387
2166
1539
1539
2149
2149
2216
2149
2149
2216
2149
2216
1539
2149
2149
2149
2149
2149
2166
2470
2470
2470
2387
2387
2387
2012
1613
2387
1613
1613
1440
1440
2387
2387
2387
2387
2387
2904
2387
2387
2904
2387
2387
2387
1957
1957
2148
2387
2387
2387
2387
2387
2387
2387
2387
1440
2387
2012
2387
2387
2387
2012
1613
1613
1440
1613
2017
2149
2149
3568
2149
2149
2149
2387
2149
2149
2149
2387
2149
2018
2166
2149
2149
2149
1454
2149
2149
2149
2166
2149
2149
2149
2149
2017
2149
2149
2149
1797
2149
2149
1797
2216
1539
1797
2149
2216
1539
2149
1539
2149
2149
2149
1797
2149
2149
2149
2149
2149
2149
2017
2149
2149
2149
2387
2149
2149
2012
2149
2149
3568
2149
2149
2149
2149
2149
1950
2149
2149
2149
2149
2387
2148
2148
2148
2319
1957
1805
1569
1220
978
1604
1957
2387
2387
2012
1957
2012
2017
2149
3568
2149
2216
2216
2149
2149
2216
1950
2149
2149
2149
2216
2149
2387
1613
2166
2149
2216
2216
2149
1950
2149
1950
2149
2149
2149
2149
2387
2387
2904
2387
2149
2387
2149
2166
2149
2149
2149
2149
2166
1957
1957
2012
1440
2387
2012
2387
2148
2149
2018
1797
2149
2149
2149
2216
2216
2149
2149
1957
2012
1613
1613
2166
2387
1496
984
1957
2166
2440
2149
2017
2149
2149
2149
2149
2149
2149
2387
2017
1797
2166
2149
2149
1797
1797
2149
2387
2328
2440
2166
1539
2149
2149
2149
2149
2166
2149
2149
1569
2387
2018
2149
2149
2166
2149
2387
2149
2149
2166
2166
2149
2149
2319
948
1805
929
1805
958
5123
3244
929
2387
1220
1957
1613
1569
1613
1569
1805
3203
1613
1440
1440
1613
1569
1539
2186
3568
2904
2149
2149
2216
2149
2149
2149
2149
2017
2149
2166
2017
2149
2387
2148
2387
2387
1957
1805
1805
1440
1805
1440
1613
1613
2387
2387
1440
2387
1957
2012
1613
1613
2387
2387
2149
2017
2166
2166
2166
2149
2149
2387
1220
2149
1805
1613
1440
1613
2166
2216
2149
2149
2387
1805
929
2387
1613
2012
1805
1613
3916
2904
2149
2149
2149
2149
2017
2149
2017
2017
2166
2149
2148
2470
1613
1440
2018
2149
2149
2149
2148
2149
1805
984
2387
1440
1726
2018
2890
1482
2149
2149
2387
2149
2149
1805
2012
1440
1440
1613
1440
2166
2149
2149
2149
2149
2017
1797
2566
2166
3110
1805
1613
1957
2545
2149
2149
2319
2148
1613
1440
2166
2149
2149
2216
2149
2017
2017
2566
2904
3568
2216
2166
2149
2387
2387
1440
2387
2911
1797
1440
4494
2904
2149
2216
2216
2149
2017
2149
2149
2017
2017
2545
3568
2904
2017
2017
2149
2387
2387
1613
1613
1440
1613
2387
2387
2018
2017
2017
2166
2166
2148
2470
2387
2166
3568
2470
2470
2148
2149
2149
2148
2149
2017
2149
1604
2523
4494
4479
3200
2941
1715
2220
2220
4038
4038
4102
3475
2139
3153
2387
2149
4479
4203
3798
4479
3798
3943
3798
4479
3165
3798
3171
4102
4102
3798
4479
3798
3171
4479
3171
3798
3798
3153
3153
3747
4479
3671
3798
3798
3798
3475
3475
3475
3475
3475
3475
3171
4102
4102
4479
3798
1613
3568
3568
2149
2149
2148
2566
2149
2166
1805
3747
2490
2139
1726
2139
2757
3038
958
978
2166
4494
4494
3153
1756
2904
2149
2216
2149
1805
2387
2387
2387
2387
2387
2387
2387
2387
2904
2387
2387
2387
2387
2387
2387
2387
3671
3798
1440
2216
2387
2566
2148
2149
2166
2387
4479
3798
3038
1629
3568
2149
2149
2017
2017
2017
2149
3165
3244
3798
2904
2387
2319
1957
2149
2166
1440
3153
3038
3038
3153
3798
3798
4494
3568
2017
2017
2166
2347
3153
4494
3038
2387
2387
2387
2387
1482
2387
2387
2387
2387
2470
2387
2387
2387
2387
2387
2904
2387
2290
3671
3798
2904
2017
3153
2347
2347
1440
3110
3568
2387
2149
3943
3074
2347
2387
4494
2387
2166
2149
2166
2149
2149
2017
2166
2387
2387
2387
2387
3038
3153
4494
1629
1629
3568
2387
2149
2149
2387
2387
2890
3244
3798
2347
2470
2166
3798
3171
1440
2904
2904
2166
3153
2166
2216
3568
2149
3106
2904
2387
3798
2387
2216
2166
2566
929
929
2387
2387
2387
2387
2387
2904
2387
2387
2148
1482
2387
2387
2387
2148
2387
2148
2387
4494
4494
2621
3171
4102
3171
3798
3171
3798
4102
3171
3171
3475
3171
3171
3475
3475
3475
3171
5123
3798
2341
3475
2941
3171
3171
3798
4479
3798
3798
3798
3798
3798
3171
3171
2904
2328
2216
2017
2470
2149
2017
2149
3747
2092
2328
2328
2470
2148
3036
2387
3568
3568
1805
2017
3798
2387
2387
2387
2387
2017
2470
2387
2387
2904
2904
4494
2149
2166
2470
2470
2387
3568
2166
3074
2523
4494
2904
3798
3568
2470
2470
2166
2470
2470
2470
2470
2470
3568
2470
2470
2470
2470
2470
2470
2470
2470
2470
2470
2470
2148
3568
3798
3318
1482
2328
1629
1957
3171
2017
3798
2470
2470
2148
2470
3798
2387
2166
2470
2470
2470
3568
2470
4203
2148
2904
2890
2387
3568
3568
1805
2912
2387
2387
2387
2387
2387
2387
2387
2328
1756
1440
1569
3171
3171
3171
2387
2149
2387
2470
2470
2470
3798
3798
3171
3171
3171
2470
2470
2470
2470
2470
2470
2470
2387
2470
4188
2470
2470
2017
2387
2148
4102
4102
4102
4102
4038
3798
4102
3475
4102
4102
3475
3475
3475
3475
3475
2220
2270
3475
3475
3475
2220
1239
4102
2220
4102
4102
3475
4269
2341
4102
2341
2220
3475
3475
3475
3475
3475
3475
3475
3475
3475
3171
3171
3943
2387
2148
2148
5123
3171
4102
4102
4102
4102
4038
2220
4102
2220
2220
3171
4102
4279
2166
2470
2470
4279
2470
984
2387
2904
4102
4102
4102
4102
3682
4102
4102
4102
2387
2387
2166
1604
2470
3244
3171
4020
4102
3171
4102
4102
4102
4102
4102
4102
4102
4102
3682
4102
4102
2270
4102
2904
2319
2545
2387
1756
2328
3798
4102
2148
2319
2387
2387
1440
2220
2270
2470
2148
3943
2904
2148
3244
4102
2470
1756
2470
2149
2470
2148
1805
2470
4102
3171
3171
3475
2904
1805
1805
1805
2387
2387
2387
1629
958
1507
3798
4125
2470
2470
2470
2148
2148
2148
3798
4479
2387
1001
2387
2148
2148
2470
2470
2328
1957
3798
4102
4102
2270
2470
2148
2470
2387
2470
2148
984
1805
1756
3747
2148
2270
2148
2148
1482
2470
2470
2470
2470
958
1805
3171
2387
2904
3200
2148
2387
2387
1696
929
1482
2148
3464
3798
3171
2904
1805
2328
2470
2470
2470
2470
2470
2470
1957
4102
1726
2904
2470
3244
5123
5123
958
5123
3475
1220
1805
3318
2328
1957
3171
948
3798
958
4020
4038
4102
3475
1805
1805
929
2941
2850
3171
2387
2904
1220
1805
2148
2470
2470
2148
2470
2470
2470
2470
1613
2387
2470
1613
2305
4188
3851
3658
2437
2470
2470
1482
2470
2470
2470
3171
3475
2220
2470
2470
2470
2148
2904
1569
3464
3475
3475
4102
1805
4020
4102
3171
3475
4038
2148
2470
4102
4102
2941
4102
3171
3475
2148
2470
4125
2470
2470
2470
2387
4125
467
2305
2470
2470
4188
2470
2470
2470
4125
3475
2470
2220
4125
2470
2341
2387
2028
3475
2220
2220
4102
4102
3475
4188
4038
2148
4125
2470
2148
2220
2341
4269
2470
4125
2470
2470
2148
2470
2470
1613
1613
2470
4125
2470
2470
2470
3475
1613
2470
4269
4269
2270
2270
4038
4188
2341
4102
4038
3475
3475
4125
4125
4269
2341
2470
4125
2470
2148
2028
1680
4188
2470
2470
4188
4125
2470
4125
4125
4125
4188
2305
2305
2305
2470
2470
2470
467
4125
1984
4796
3651
2429
3658
3658
3658
2429
2429
2788
2788
5048
5048
5048
5029
5048
5029
2845
3902
5048
5048
5048
5048
1829
467
2346
3651
2830
3651
4125
4125
2148
4125
4125
2387
1902
4497
3098
1316
3651
1984
2470
2437
467
4125
4125
2470
2305
4125
4125
2305
3160
1984
467
467
3658
2429
2429
4719
4719
4923
5048
5048
5048
5048
5048
5048
5048
5048
5048
4719
4909
3131
2429
1613
2470
5048
3098
1797
4125
1316
3806
4125
2470
3658
3658
2788
1902
4606
1902
2470
2470
5048
5048
5048
5048
5048
5048
5048
5048
3750
5048
5048
3906
5048
5048
5048
5048
5048
5048
2470
5048
3977
5048
3902
5048
5048
4125
5048
3034
5048
2475
2470
1316
5048
5048
5048
5048
4188
4125
4125
4188
5048
4438
1547
5048
5048
4125
3658
5048
3651
2845
5048
5048
5179
5048
5048
3131
3658
5048
3902
5048
3028
3028
2437
1569
1569
3658
3568
5048
4125
4886
5048
2830
3658
2819
4125
2470
5048
5048
5048
5048
5048
3934
4719
5048
4719
3651
2429
2305
4719
2830
4125
3651
4719
4719
4923
4719
3034
4125
4886
4244
5048
2830
5048
5048
5048
2845
3131
4719
2819
5048
4719
5048
3934
3934
3131
5048
5048
5048
5048
2788
5048
4719
3131
5048
5048
2819
3131
5048
4125
3160
5048
5048
5048
5048
5048
5048
5048
5048
5048
5048
5048
2819
2437
5048
4719
3934
5048
5048
2788
2429
2429
4719
4719
2437
2346
5048
5048
5048
3934
5048
5048
3934
5048
2470
5048
5048
3934
5048
4719
4719
4618
2121
3499
2429
3131
5048
5048
3934
5048
5048
5048
5048
3658
3658
5048
2788
2437
5048
5048
2819
5048
5048
5048
5048
4719
3934
1639
5048
2788
2437
3131
2819
5048
5048
4719
5048
3934
3550
5048
5048
4923
4923
4719
2788
4719
4719
5048
5048
4719
5048
4719
4923
3934
1326
5048
4719
4719
3131
5048
3131
3131
5048
5048
5048
3934
2166
2017
2259
1589
1589
1589
1589
2017
2017
2166
2017
2017
1589
2017
2017
2017
2017
1589
3171
3798
3906
4934
5048
4102
4102
3034
4550
5048
3798
4550
4102
4102
4102
5048
4102
4550
4550
3798
3798
3798
3034
4102
4102
5048
4203
4102
4102
4550
4606
3798
5048
4102
997
4102
4102
5048
4102
3798
4550
4550
3825
2166
2149
2017
1662
2166
2166
2166
2149
2216
2149
2149
1589
2149
2149
1950
1856
1797
2018
2149
2149
1797
2149
2149
1797
2149
1797
1797
2149
1539
2149
1454
3475
3798
2270
3475
3475
3171
3475
3475
3475
3171
3798
3475
3171
4102
4102
3171
3171
4102
3798
3475
3171
3475
3475
3798
4102
4102
4102
4102
4102
4102
3171
3171
3475
2220
4102
4102
4323
4102
3171
4102
4102
3798
2470
2470
2470
2470
2470
2470
4125
2470
3568
2470
2470
2470
2470
2470
4102
5048
5048
2429
5048
3131
3977
5048
5048
5048
5048
5048
5048
5048
5048
3171
3798
4203
3165
3798
1797
1797
2149
1797
1797
1797
1797
1797
1797
1984
1797
1797
1797
1797
1797
1797
1984
1856
1797
1797
1797
1797
1797
1797
1797
1797
1797
1797
1797
1797
1797
1797
1797
2230
2259
1797
1797
1797
2149
1797
2149
1797
2149
2149
1580
1797
2216
2149
2216
1440
2387
2470
3658
3658
2451
1539
2259
3172
1797
1662
1797
1539
2149
1797
1797
1539
1797
2216
1797
2017
2387
2149
2149
2149
2149
2387
2470
2470
2429
3658
2788
4719
