3682
4118
5056
3682
3058
3062
2996
4919
4919
1192
1192
3682
3682
3682
1192
1192
3782
1192
3682
1192
2775
2775
2775
3682
3682
3682
3682
1192
1192
1192
3682
3682
3682
1192
3682
4973
3174
4332
5056
4317
4311
3174
5056
1192
3682
3682
1192
1192
3782
1192
1192
2646
1192
3782
1192
3782
3887
3682
3682
3682
3682
3682
2775
4973
3682
3892
3682
3682
3682
3050
3058
1192
2775
1192
1192
1192
1192
1192
1192
3682
3682
1192
2869
3682
2646
3782
1192
3782
1192
2775
2775
4118
3682
1192
3682
3782
3782
1192
2646
2775
3251
2996
4317
3234
2971
4973
4972
3229
3050
2961
2971
5056
4973
2646
1192
3682
4332
4305
2646
1192
3682
3050
1192
3782
1192
3782
2767
2775
2775
1192
2775
2775
3942
1192
2775
1192
2646
4973
4973
2971
2800
2971
3682
3730
4973
4317
4343
4317
4317
3174
4332
4919
3058
4919
4918
3229
4118
4118
4118
4973
3099
4973
3050
4973
3050
4326
3174
5159
3174
2996
4326
4973
4919
5056
3782
3782
1192
4317
3039
2775
3174
4317
3174
3682
1192
5056
2646
3174
3782
4311
2984
3173
1192
1192
3682
4332
4317
2980
2971
3050
3050
2982
3782
3682
3243
3782
3682
3682
3050
3682
3682
2996
2996
1192
1192
3050
3682
4317
1192
2775
417
3782
4308
3062
4118
5056
2971
3058
1192
3782
1192
4317
3058
4973
4317
3174
2996
3782
3174
3058
4936
1192
3682
2775
3682
3682
3682
3730
3682
2775
3996
3682
3174
3058
2971
3040
417
2995
5056
3782
5056
3174
4919
3682
1192
4973
3058
1192
4973
5056
2775
1192
2775
3174
3782
1192
4307
2996
1192
2978
4973
3050
4972
4118
2871
4386
4398
2874
5146
3137
3137
5139
5146
5139
5159
4146
3137
2843
547
4120
3137
2843
1192
1192
3682
4973
1192
4920
5056
4973
4972
3050
3503
3050
4118
4118
2937
4118
4972
2976
3002
5056
1192
3682
3782
3782
3782
1192
4317
2961
3782
1192
2775
3782
2775
2948
2775
2775
2775
1192
5056
2961
3058
2775
3782
1192
1192
4973
1192
2775
1192
2775
4317
2775
3782
1192
2775
3836
2775
4972
4972
4973
3050
3050
2960
2937
3229
3228
3229
3050
3050
3050
4317
2984
5056
3058
2979
4883
4919
2978
4973
5056
2974
3061
4920
2984
4973
3058
2971
2981
3229
4919
4386
2861
4386
4139
2861
4367
4368
3087
2861
2861
4268
4266
2861
2861
4266
4268
4268
4266
2861
4266
2937
4295
4267
4266
4295
4266
4268
4266
2861
4266
4295
4295
3097
3070
4295
3070
2861
3097
3097
2861
3070
3070
3070
4118
4118
4118
4118
4979
3050
4973
3058
4973
4353
4869
4225
4225
4225
4396
4396
3070
3221
4266
2872
2960
3058
2961
4919
2981
3064
4972
4919
4919
4919
2961
4919
4118
3050
3050
4144
3050
3050
2961
4973
3050
3050
3099
4919
3050
4919
2961
2961
3050
4118
3050
2981
4919
3229
4919
3050
4918
4919
3229
3229
4035
2871
2861
2861
4118
4118
2871
2981
1960
2201
1263
2201
1960
1960
1966
2201
1960
1263
2201
2201
2201
2201
2200
2200
2200
2200
2200
2165
2471
2471
419
1724
1752
1833
3308
419
726
3308
2201
2201
2201
2201
2201
1960
1960
2243
2243
2201
1180
1180
1263
4919
4918
2961
1263
2158
2201
2201
2231
2020
2078
2201
2201
2201
2168
2168
2201
2078
2201
2201
2158
2200
2158
1833
3229
4035
4118
2871
2861
4268
4268
4118
1960
1180
2201
1966
2884
2201
1263
4919
3229
2948
1114
2201
1263
2201
2201
2158
1263
2201
1180
2199
5159
2854
4973
4266
2861
1960
2201
1960
2201
1263
1263
1180
1181
1180
2201
2201
2201
1181
4919
2199
2201
2199
2158
2471
1960
1180
2243
1180
2213
1180
2213
1180
1180
1181
1115
4918
2199
1181
4919
4919
4919
3050
2201
4919
2961
4038
4266
4118
4118
2861
1960
2201
2854
2861
2861
2199
2158
2884
2201
2201
3229
3229
3229
2201
1180
2201
1960
2243
1960
1115
1115
3229
4268
2861
4926
2866
1181
1180
2158
4118
4118
2199
1180
1180
1180
3229
2168
1184
1180
3228
3228
4926
1181
2201
2199
2201
2861
1263
2167
2050
3310
5060
3310
3229
3500
4268
4268
3229
1181
1263
2243
2201
1180
1180
3229
2937
4919
3050
3229
2854
3229
2200
2937
1180
2168
3229
4268
2200
2201
2168
2168
4118
4118
2871
2861
2861
2158
2167
2165
2199
2231
2201
2201
3310
2086
4919
4918
2168
2200
2168
4268
4268
2854
3229
4038
3229
4926
4926
4926
1192
4929
2906
4386
2854
3229
2854
4268
3229
2854
2937
2937
4268
2854
4268
2168
4985
2168
2168
3229
2960
4268
4268
2200
1131
1180
2243
1115
1181
2199
2200
2200
1180
4266
2471
2199
3050
3229
2854
3229
2854
4118
2861
2861
2168
2471
1833
2471
2861
4367
4929
5146
5146
5146
2906
5146
2854
4926
2854
2854
5159
5146
2922
2871
2871
2871
2871
4268
2871
2871
2922
2871
2871
1181
1180
2168
2168
2200
2200
2200
2200
1131
2200
4268
5023
419
419
1752
419
3310
725
717
4352
717
714
2950
2463
717
1638
4263
4263
4291
3298
3054
2950
3170
3167
4293
4266
360
360
717
1752
3308
1752
419
2382
3229
419
652
2463
395
419
2976
4358
1752
4352
3308
2382
2976
1752
1833
717
725
419
2976
4266
2471
4118
2861
359
2976
4257
4997
717
4263
4263
4035
4263
4035
4201
4291
4035
2950
3161
3085
3161
3097
3461
4201
2577
4201
2988
2471
2200
2200
4268
3229
3229
717
349
1692
4997
2957
2957
1657
3221
2422
684
4386
2201
2165
419
1752
419
2200
2199
2086
2086
2213
1180
1960
2086
2854
3229
2937
3229
3229
5159
359
3229
2861
4268
5156
5146
5146
5146
5060
1752
5023
2976
419
2050
2167
2168
717
1638
712
3310
1752
4268
2871
3228
2854
652
1748
2976
3308
3229
2382
2471
2471
2471
2471
2168
419
4038
3229
4352
419
2471
2471
2200
2086
2213
2221
2165
2115
2213
359
2231
2050
2168
639
4298
5023
2471
4264
2872
4291
4944
648
360
3308
2471
2200
360
5040
2970
4390
4241
4225
5040
2861
4295
2861
4266
3097
3097
3097
3050
3070
3097
3097
3097
3097
3097
4293
4266
2861
4266
2871
2889
2911
2921
4916
4266
2871
4266
4268
2889
4266
4266
4952
3096
3097
3097
4385
4385
2970
2167
717
2943
5023
419
2976
3295
4035
2167
2168
4035
4973
4324
2976
5073
2158
2158
2200
2200
4263
4263
1828
1828
2976
5025
726
726
1752
4944
4944
4997
3314
712
4385
2854
4241
2971
4317
4431
4035
3000
1752
419
2872
3295
2872
4201
3229
4118
4268
4973
2971
3058
4225
4396
2971
2854
4926
4241
3050
4973
1828
419
4037
4035
3303
1752
2200
359
3221
4035
3221
3168
419
2167
2168
2231
359
2382
2382
2471
3218
4291
4223
4202
3221
4241
1856
1752
2861
2872
4385
4225
4201
4201
4973
2872
3218
5146
4268
4291
4268
4268
4035
5008
2471
2854
725
5060
2861
4385
5156
2861
5146
4926
2872
4035
4291
2950
3268
4202
2861
3463
5105
3137
547
3137
547
4220
4045
3071
1223
5104
4220
2471
2471
4035
1833
5003
2200
2200
4944
4241
4201
712
712
452
717
4973
5060
2861
2988
3463
4386
4398
419
419
2872
4225
2861
3463
4386
4385
4295
2861
4295
3218
4035
4035
4035
2970
1850
4035
4291
4263
4035
4263
2957
2957
5056
4385
3461
3097
4973
5159
4869
3058
4291
1828
1828
4035
4035
3221
3221
4035
4035
2200
2200
4201
4201
4375
2872
4385
4385
3240
4353
3058
3050
3229
2937
4295
4266
3097
5056
3251
5146
3221
4291
3058
2158
2471
2201
2158
1833
2471
3310
2471
2471
1752
726
2471
4973
4035
4386
4225
4225
4225
4225
3050
4225
2167
1833
2382
427
5008
3221
3298
1833
2861
4140
4139
2862
3462
4926
2906
5146
5146
5146
3199
4225
4225
4225
3097
3096
4225
2937
3050
5040
2158
419
726
2200
1752
1850
4035
4035
4225
4386
4225
4225
4386
2200
2200
2158
2200
2200
2200
2861
3463
671
2943
3305
4973
4869
2471
4374
4225
4396
4225
4225
2933
1752
4202
419
1724
4386
4037
2577
717
2419
4035
2943
4035
2950
4263
3002
3463
2950
4376
4997
2870
2872
742
1724
2861
1828
4035
4035
1828
4291
4386
4225
726
359
4204
4997
5146
5146
3782
2861
2906
2861
361
4224
1833
5023
5040
2854
2906
4973
4973
4224
419
725
2950
4225
4385
4973
3050
4397
4926
4139
4973
2994
4973
4973
4973
4385
4973
1744
5056
3243
4929
4929
4035
1752
3305
4386
2833
652
724
4973
4386
4225
3243
4973
3024
2419
5146
3417
4932
4029
2861
4973
4973
4973
4973
4973
3050
4225
4225
4225
4225
4225
4225
4225
4225
4386
4225
4035
2943
2943
717
3298
2957
1657
3160
2465
3298
3002
2943
2943
2950
3305
2950
1744
2906
4973
4385
3243
5040
4973
4973
4226
2861
2862
4910
5097
3088
3096
2861
2861
2861
4266
4266
4266
2871
2871
4266
4952
2861
4225
3232
4979
5040
4973
5146
5146
5146
3417
4932
5146
5146
4973
4973
1724
4225
4385
3050
4973
1724
3298
2950
2906
4385
4268
5146
4929
5146
3050
4139
4118
4118
3050
3070
3050
4973
4973
4973
4029
2861
4397
3198
3050
4973
3295
3298
4929
4374
2962
3050
3050
3058
4973
4118
3050
4385
3050
3050
3050
4973
4973
4225
3050
4385
3050
726
2950
4295
712
4385
4396
4295
3050
4118
4118
4385
4225
4118
3070
3461
2861
2861
4973
4225
3050
3268
3050
4973
4225
4973
3050
3050
3050
3050
4973
4225
4385
4225
4225
724
2988
4353
4431
3295
4225
3268
2419
2950
2950
2943
3174
5040
4291
4926
4225
5146
4225
3050
4973
2950
2950
3229
4139
4973
4225
4225
4225
4386
4225
4030
4225
3096
3097
2872
2866
4034
4139
2854
5146
3053
1724
3251
4226
3050
4973
4973
4973
4973
4225
4225
2943
724
3463
5146
5146
5146
3463
4225
4944
3050
4973
4225
3232
3170
3070
3050
3050
684
3170
4367
4225
3050
3050
452
3199
4398
3463
4396
3229
3050
4118
2937
4118
2937
4266
2861
4295
3097
2871
4268
2957
3251
3096
3096
2861
452
2957
2957
1692
3167
5146
3243
4225
4225
2861
4225
4139
4375
3050
2861
2419
2874
3097
2861
5146
1657
3281
2419
2423
3159
3053
5146
5146
5146
5139
2874
4225
3096
3463
4385
4396
4973
4374
1657
1657
3305
3170
3097
4118
2948
4374
4295
2861
2861
3050
3050
4973
4225
4225
3050
3097
2861
4248
4225
3251
4139
4225
4396
2418
3268
3170
4139
4295
3096
2861
4398
3050
3050
3050
4295
4295
4295
3097
4295
3096
3070
4295
3097
3097
3461
3070
3050
3050
3050
3053
4118
3070
4201
4118
3199
4386
2864
2861
3087
3096
4374
4326
3463
2864
3050
3050
3050
4398
3097
2861
3050
3050
3050
3050
3050
3050
4225
4385
5146
5146
5146
5156
5146
5146
4030
4029
4139
2862
3050
4295
4118
4118
3050
4973
3050
3050
3050
4973
3050
4118
3050
4118
3070
4396
4396
4396
3050
2861
2861
4118
2861
4118
4118
4118
4118
4396
2906
5156
5146
2854
5146
5146
3305
2950
3199
4375
3050
3229
2906
2854
5146
4274
5040
3229
2861
4266
4225
5156
2861
2854
5146
3159
2864
2850
2850
2861
4396
4118
2861
4374
4225
1657
4397
3050
3050
4973
3050
5156
2906
5146
2943
4225
4385
3050
3050
2861
4225
3129
4118
3070
4295
3070
4295
2861
3097
4385
4118
4295
4385
4295
4118
2854
4118
2861
4396
4295
4396
3070
3097
3070
3221
4295
4295
2861
3050
3070
4973
3050
3050
4225
4225
2861
3159
4295
4266
4118
4295
2861
4118
4973
3050
3070
4385
4295
4295
4139
3070
3070
4396
2861
3087
4926
4386
4225
5040
4295
4295
4385
4396
4118
4118
3070
2861
3070
4295
4295
4295
2861
2861
2861
2861
4266
4266
4295
4266
4267
2861
2889
4267
2861
4266
4266
2861
4295
2861
3097
4295
4396
4295
2861
2854
5146
2861
3097
4952
5146
2861
2861
4295
4997
4932
4268
4268
2775
2775
2871
4932
4932
4268
2775
4932
4268
4932
4932
4268
4268
4932
4932
2922
4268
4268
2779
2871
4268
4932
2779
4268
4268
2775
4932
3228
2922
4266
4398
4926
4118
3050
3050
4118
3050
4295
4979
4295
4118
3070
3050
3229
4979
4973
4973
3050
4932
4268
2779
3161
2948
3463
4979
2922
2775
2779
4932
2950
4201
3462
3198
5146
4926
4926
2854
2854
2922
2775
5159
4268
3297
4268
2871
2922
3228
5146
5146
5146
4118
3461
5146
5146
4268
4268
4268
4268
4268
4374
2866
3050
3050
4396
4396
3050
4396
4295
3050
4268
4029
2861
4268
4268
5156
5156
4932
2922
2922
5146
5146
4222
4118
4396
4295
4118
4266
4266
4268
2775
2887
2775
2767
2767
2646
2871
2922
2775
4268
2775
4268
3229
3229
2775
3087
2871
2937
4268
2775
2800
2775
2646
4268
4268
4932
4932
4931
2779
2871
2871
3087
2871
3088
2871
3087
3087
2871
2871
2871
2775
5146
4268
5146
5146
5139
2922
5139
5146
2922
2779
5139
5139
5146
4268
4029
3070
2861
3070
4118
4118
3070
2854
4268
4266
4266
2775
2800
3229
2646
2775
2775
2646
2646
2775
2646
2922
2922
2775
2861
4118
4295
3097
3097
2938
2775
2861
2906
4268
2871
4268
2922
2871
5146
3268
5040
5040
4374
4374
2767
4295
4295
4295
4295
2961
2775
2871
2871
4268
2922
4905
4029
4396
4118
2960
4268
2775
2800
5146
3221
5159
5146
5159
2854
2854
5146
2922
4268
3268
2948
4225
4929
4363
4396
3229
2800
2922
5146
3463
2861
4396
2800
5146
4268
5146
3087
3463
3070
3229
2887
3050
3229
4118
4122
2775
3050
2775
5002
2800
2887
2887
2961
4118
3051
4118
3229
3229
4118
3098
3461
4118
3097
2854
5159
2854
3268
3070
5040
2767
4118
4295
4295
4295
2937
5146
5002
2938
4952
3070
3070
2775
4118
4118
4118
2922
2922
4268
5146
3070
3070
3070
5040
3229
2887
2767
3229
2775
2933
4225
4118
3070
4979
2854
2871
4911
4268
3229
4118
2854
2854
4985
3428
5139
5139
5146
5146
4396
2861
4268
4268
5146
2854
2854
2854
3428
5146
4396
2861
4396
3097
2861
3221
3070
4295
4118
4295
4926
3097
2871
2871
2871
3221
2854
2871
2871
4118
2861
4295
3087
2854
2775
4396
4396
3070
2871
2871
4225
3229
3097
3070
4268
2861
4295
4295
4295
4295
4295
3198
4295
4295
4295
4295
3097
2871
4118
4118
3097
3097
3097
4295
4295
2871
2871
2871
2922
4295
5040
2887
2854
5002
3097
2854
2871
2871
2871
4225
4029
3058
2800
4385
3097
3070
4295
2861
2861
2861
2861
2861
4118
3097
4266
3051
3463
2861
3097
2887
4396
3097
3096
2861
4266
3461
3097
3097
4295
2861
3088
3087
3088
3087
3087
2871
3087
2871
2871
3088
2871
2871
4374
4386
2874
3097
4295
2861
2861
2874
5146
5146
3417
5139
3428
4225
3070
3070
2850
2646
2646
4926
4926
3198
2854
2938
4374
4374
3070
4268
4035
5002
3097
4952
2871
2861
3097
3096
3097
3096
3097
3097
4266
2871
2871
2646
4295
2861
3096
4295
4396
4118
2854
5146
4266
4266
3087
2800
2648
2800
4122
2854
2871
2861
2775
3097
4266
4266
2871
4225
4139
2854
3500
2779
2775
2938
2854
4266
3221
4225
4225
4374
4295
4225
4118
2887
3229
2800
3096
3097
4295
4118
5146
3097
3088
2871
2871
2871
2871
5040
2938
2800
2871
4979
3097
3097
3097
2871
2871
3097
3097
2871
3097
3097
4266
4266
5146
5139
3097
4030
2995
4920
3070
2871
4295
2861
2871
2871
4374
4398
5093
2874
5097
3463
2874
2887
2800
4295
4295
3070
2861
5002
4122
4118
5146
5159
5146
2871
2861
4386
2800
2861
3070
2861
2854
2861
4266
2871
4266
4952
3097
2889
2871
2871
2910
4931
4906
2910
4266
4266
5146
5139
2871
4374
2961
4266
3097
3050
4295
4118
5139
3087
5146
5146
2871
2854
2861
2861
3097
3097
3096
2871
4266
2861
3097
4396
2854
5146
5146
4911
4225
2850
2861
4266
2871
3096
3096
4266
4266
4266
4266
4266
4266
4266
4266
2861
2861
4268
2861
4268
2937
3228
3228
4920
2937
2871
2861
2871
2861
4266
3097
4225
2861
2861
4905
5040
2800
3088
3097
4266
4266
4266
4266
4268
4268
2861
4268
2861
4268
4268
2937
2871
2861
2889
4266
2861
4266
4266
4266
4266
2861
4266
4266
4255
2861
5146
2861
3280
5146
2800
3097
4266
3097
4266
4266
4138
5097
5181
4391
547
2861
2871
2775
5184
3214
3087
2871
3097
4266
4952
4952
4266
4952
4255
3225
3225
4897
4255
4255
3161
3161
3279
3228
4952
4952
3199
4368
4392
5181
2896
2887
2800
2938
3229
2861
4295
4266
4266
4266
4266
2871
2861
5040
4295
2864
4225
3229
4851
2973
3228
4917
4268
3228
3228
3228
4268
2861
4268
4914
4267
4268
2861
2871
4225
2871
4266
2861
4266
4266
4266
4267
4266
3159
2920
4914
2889
2871
4266
2909
4267
2957
4266
4914
4255
4266
4914
3161
3161
4930
3161
490
3333
4912
4912
3279
3088
4374
3199
3199
4374
3087
4266
4397
4952
2871
2871
4266
4266
4266
3087
3087
4266
4267
3097
4029
2775
4266
2861
4266
4266
4266
2861
2871
2861
2922
4268
4266
2871
4266
4267
4295
2888
2920
4931
4930
4906
4907
4906
4931
4906
3333
4906
3333
4906
4906
3333
3333
4906
2910
4931
4906
4906
2878
4906
4906
2911
4266
2888
2871
2871
2871
4374
3070
4363
2775
4295
4266
4266
4266
4266
2889
2871
2871
3199
2800
3096
2861
2861
2775
2854
5146
4266
3088
2871
3428
4905
2861
4952
4268
3095
4266
2871
2922
4266
4225
5095
2861
4266
2861
4267
4266
3088
2861
4266
4266
5146
5146
2871
4268
4266
4918
2861
5146
2920
4268
2775
4266
4266
2854
4243
4916
4931
4899
3225
4931
4931
4897
4906
3279
5146
4952
4266
4266
4266
2861
2871
5139
3161
4930
4374
2864
4225
2854
5146
5146
5159
5139
5159
5146
3198
4266
4266
2889
2871
2888
2646
3159
4268
4918
2871
2861
2861
5159
3198
4266
3198
4266
5146
4243
4906
4906
4906
3161
3161
4937
4266
2889
2871
2922
2871
2775
4918
3428
4268
4266
4266
4267
5159
3428
2889
4266
4255
4267
2871
4914
2861
4266
5139
5156
2922
3161
3161
3161
3161
4255
4368
4225
2861
2871
4932
5097
4931
3333
2922
4266
4268
4266
4268
4266
2646
5146
5139
5139
5146
5146
5146
2922
3161
3161
3161
4906
4931
4931
4931
4243
4931
4905
2896
2779
2861
4266
3428
5159
3333
2871
4902
3137
5097
2874
3229
4386
2982
2937
2775
3088
5146
5159
5146
5139
5146
5146
4225
2861
4267
4914
3428
3070
4267
4266
4267
2871
2871
3088
4266
4266
4268
4266
4266
4267
3088
4266
4268
2889
2871
4267
4266
4266
4268
4267
4295
4914
4268
3428
2878
2878
5139
5146
5146
2922
5159
4932
2922
2871
2871
4931
4931
4917
4897
4899
4923
4907
4931
4931
4268
2877
5097
4120
2775
2861
2910
5146
3161
3333
3161
3161
4907
4907
3161
2889
4367
3428
3088
2937
4268
2920
2920
5146
4268
4918
4140
5094
5146
5146
5146
3417
4120
5159
4267
4267
2871
4266
4266
4267
2861
5146
5146
5146
5159
3428
5146
4906
3279
5139
3333
3333
3333
3333
3333
4906
3333
695
3333
3333
3333
3333
3333
291
3333
3333
2299
487
580
2303
337
2308
337
487
3161
4887
4268
4267
4266
4266
2861
4267
5139
4268
2779
5139
5139
5139
4906
5146
5146
5146
5146
3333
3333
3333
3333
3333
580
3333
578
579
2299
337
2308
370
370
2338
4914
2874
4225
4266
2861
4266
4268
4266
2937
2871
2861
3088
4268
2861
2861
2861
2861
2937
2871
2861
4268
4268
2948
4906
4906
3428
2779
3428
3500
3228
4905
4905
2937
4266
4266
5146
5146
5139
3333
4911
4295
4267
4266
4266
4268
2861
4268
4268
4268
4268
4268
4266
4268
5139
5139
2922
3280
4120
3137
5139
3161
490
3333
3333
3333
3333
3333
3333
580
3333
4906
4906
3161
2920
4906
2910
4931
4906
4906
4931
4906
3333
695
695
4906
4906
4906
4906
4912
2920
4906
4906
4906
3333
4906
3333
4906
4906
3333
3333
3333
490
3333
3333
2775
2775
4912
4032
4266
5139
5139
4906
2922
2922
5146
5139
5146
3161
4398
4266
4266
4266
2779
4268
5139
5146
5146
5146
5146
5146
5146
2937
4268
4268
4266
4266
2861
4266
2861
4268
4268
4295
4266
2937
4266
2861
4268
2861
2861
4266
4266
4268
2861
2861
2861
2861
2861
2861
2861
2861
2861
4930
5146
5146
3333
2779
3417
4392
4268
4266
4268
4931
4931
2921
2922
4268
2922
4268
3333
4902
5181
4912
3278
695
2360
695
487
370
370
3333
3333
4906
3333
3333
3333
2861
2861
4887
4931
4931
2921
4931
4931
3228
2646
4268
4268
2922
4268
4931
3333
3333
4905
3280
4268
4268
4931
2779
5139
2871
4931
2922
5146
5139
3159
3161
4931
4930
4266
4906
2779
5146
5146
4931
4931
5139
5146
3333
3333
3333
3333
4906
3333
3333
3137
2861
3161
4266
3280
2861
4268
4268
4268
4932
4931
291
3333
3333
3333
5093
3279
3333
1688
3333
3199
4887
3088
4268
2861
4266
2861
2861
2861
2861
4913
2937
2861
4905
2871
2861
4295
2861
5139
4906
4899
4034
5146
4266
2861
4266
2861
2861
5156
5159
5146
579
3161
3228
4268
2861
2861
5146
2878
5139
5159
5156
5146
3417
5146
3044
695
337
2314
487
416
1750
416
2323
4906
695
291
3333
2360
578
2299
487
579
578
580
580
580
578
3161
3161
4887
4931
4268
2861
4268
2861
2861
2871
2861
2861
2861
2861
2861
4914
2878
4953
4912
2920
291
337
328
3333
337
578
291
3333
2910
4906
580
4906
3333
3333
578
580
4931
4906
4267
4268
2861
5156
5146
5146
5139
5139
695
5139
2299
490
580
3333
5097
4268
2861
5146
3279
487
487
3333
3333
3333
487
578
4120
2910
2861
4268
4266
4268
4268
4268
2937
2937
5159
5146
3137
5139
3333
578
3028
3088
5146
5159
4953
5146
337
695
4906
580
582
2951
3225
4897
2861
3087
4906
4268
3088
337
3333
580
580
3333
578
4905
3087
3228
4268
4268
2937
4295
5093
5097
5097
328
3333
3333
2948
4268
5146
3104
4953
3333
580
4367
2861
4268
4268
4268
2937
3228
4902
3161
5146
4268
5156
2861
3333
3161
3333
490
578
2861
578
2986
4931
4268
4268
3228
2871
2937
2861
3088
2861
2937
2982
5146
4906
2937
2937
5139
4906
4906
3333
580
580
580
4906
4931
3225
2937
2937
5097
2874
3137
5146
5139
5105
5097
5181
547
4120
3088
3088
4953
5139
2937
3087
370
417
2466
2274
2482
2102
2102
2254
2256
2256
2254
2254
2254
587
417
3161
3087
2168
2115
2165
2168
2472
2050
2050
2123
2050
2221
2070
2200
2199
2221
2167
2167
2112
2123
2112
2034
1835
435
2466
457
2123
2123
2112
2201
2158
2158
2200
2200
2158
2200
2200
2158
2200
2200
2123
2168
580
5146
5146
2854
5159
4391
5181
2861
4912
353
455
370
587
582
587
667
455
653
370
4902
2050
2027
418
417
4931
4268
4268
2871
2323
3333
4906
4906
3333
2920
4906
4931
4906
4906
4906
4906
2910
4906
4931
4906
4906
2168
434
580
3228
4953
4902
4912
2861
3088
4906
2123
1850
457
3225
5093
4268
5159
2937
2937
2937
2861
2050
2306
2034
2910
4906
3044
3333
3088
3087
580
417
1746
404
424
2050
2034
3173
5093
2937
2937
5097
2466
417
1839
1761
3333
4906
4906
4906
4906
4906
2878
4906
4912
5097
4931
4906
2910
4906
4906
2910
4931
2027
2168
2114
3161
3229
434
434
2027
580
4391
5146
4912
4268
2050
2027
2027
4906
2982
4906
5097
4266
5097
2871
3087
4295
4367
4906
4906
4906
4906
1761
426
2278
1760
3225
5097
4931
4268
3087
4906
4906
4899
370
2047
434
3417
4902
2123
2221
580
3161
2910
5097
423
5097
3228
5093
2861
2466
4243
580
2034
4906
3228
4902
4902
353
2308
4931
4906
4906
4931
4931
2910
4906
4931
2878
3333
4906
2920
4931
3333
4906
4953
3333
2995
3063
4896
2158
2200
2158
2472
2221
1850
432
2158
2200
2200
2200
2158
2200
2158
2200
2254
436
2112
2254
2158
2254
2254
2221
2221
2050
1836
436
1835
424
2058
2102
2221
4907
4899
3228
3228
4391
3087
3229
2861
455
370
4899
4907
3137
2843
580
4906
5093
5097
337
2937
2481
4931
4931
4906
4906
2937
4391
4906
4906
4899
3161
1839
3228
5146
3417
5139
3137
4391
4367
2027
417
1760
4931
2034
4138
3417
4031
5146
5146
3137
4120
4391
4120
5146
4120
4120
3137
3137
3417
3137
3417
3417
3137
5139
3137
3137
5146
2221
2323
580
4907
3225
2843
2221
2937
2114
4120
3137
2843
549
1749
4931
5097
5156
4120
5139
5146
5139
2049
5139
4897
3225
5139
5146
5094
2323
2466
4906
4906
4906
4906
4906
2920
4931
4907
4921
580
695
2032
2032
2158
3279
4912
4912
4120
5146
5139
2221
2158
2158
2158
2158
5097
5181
5181
5181
3137
3137
3137
5139
3137
4220
2843
547
3229
4906
4953
2254
2254
1898
1898
2254
2199
2158
2254
2254
2200
2200
2200
2200
2256
2256
2254
2254
2254
2254
2254
2256
2200
2254
2254
2254
2020
2256
1969
2254
2256
2254
2254
2254
2256
2254
2200
2200
2198
2200
2200
2200
2199
2158
2473
4906
4906
2878
1750
2158
2200
2200
2158
2158
2020
2254
2256
2254
2254
2221
2199
2898
5146
5146
5146
5156
3137
695
4906
4907
2158
2254
2200
1898
1898
2254
1898
2200
4912
2920
5097
369
5181
370
2221
433
2158
2200
1898
1898
1898
2199
2254
2254
2254
2254
1898
2254
2254
1898
2200
2910
4953
2948
4931
4921
4899
2042
2200
4953
291
3333
2878
580
2254
1898
3137
4953
1858
4931
2878
2308
2200
5139
1760
2843
5159
5139
4912
2360
5181
2200
2158
2221
2200
2910
1653
337
2323
4906
4906
4906
3225
653
2302
2112
4151
3137
3137
5146
4912
4912
2878
2221
2482
4907
370
4906
3333
3333
5181
4120
4899
3333
422
2254
1898
2254
3137
3137
3137
3137
3417
549
695
1653
4921
457
3333
2254
3333
2878
3333
547
3137
3137
3137
404
337
2158
4906
4931
2108
5139
2878
2878
4901
2308
4906
3278
2102
436
2158
4897
337
4907
3137
547
547
3137
3137
4120
580
2199
4899
4907
547
370
2058
2042
653
1749
2200
695
487
2323
4897
3333
2200
695
1837
1721
2034
2254
2254
2254
337
337
2308
2221
2198
2221
5139
2910
695
487
5139
5139
3137
3137
3417
3417
5146
3137
5139
3137
2843
3137
2844
4220
1046
956
1047
3137
3137
4907
3137
3137
2843
2200
2070
2254
3137
3137
3137
2843
4907
695
2102
2221
2200
2254
337
2032
2254
2254
2254
2254
3137
5181
2254
2256
2221
1898
2158
2254
3137
3137
4045
547
3137
547
3137
3071
4041
3071
4045
4045
4220
3137
3137
3137
3071
2200
3137
2256
4045
547
2254
5139
2843
2198
2254
2254
2256
2256
2254
4220
2254
3137
4045
2843
3137
2254
2254
2254
3137
2847
3137
4045
3137
2843
2843
2843
3137
5139
3137
3137
2843
3137
2200
5139
2843
2256
2254
2020
1947
2020
4220
2254
2256
2256
2254
2200
4220
3071
2020
2254
547
4151
3137
2843
2843
2843
4045
3137
2843
4220
4220
2843
5104
3137
3071
4220
4151
1015
4146
2843
4045
4220
4041
3137
1270
4092
1393
1394
1379
995
1379
1005
1393
1055
1071
1249
1184
1184
1184
1114
1114
1114
1115
1114
1114
1114
1114
3967
3967
1390
1393
1319
1393
3071
5104
3137
5104
4045
5159
3729
4045
1223
1084
1270
5159
4045
1015
4041
4045
3071
3137
4220
4151
3071
4220
3729
5159
1015
3655
1046
1005
1001
1393
1312
1263
1256
1256
1172
1177
1114
1114
1184
1248
1172
1248
1100
1213
1516
4220
3137
1184
3729
3099
4151
1084
1052
3071
4045
1516
1052
959
1314
1349
1047
4045
4045
1114
1114
1114
1184
1114
1184
1131
1114
1114
1114
1114
1180
1172
1114
1114
1114
1114
1114
3137
1114
1114
1114
1115
1114
1114
5104
1114
1114
1114
1084
4045
1084
1180
1114
1114
1114
4220
4045
5104
2844
1114
1393
1511
1184
1131
3071
1519
1114
1393
1114
1172
1184
1196
1114
1114
1261
765
1114
1114
1114
1084
2898
1223
1046
1045
1395
2898
1114
3071
1114
1114
1086
969
1254
5104
3137
1114
1131
1114
1114
1114
1248
1256
1196
1207
1314
1394
4045
1224
1319
3071
1314
1246
1312
1307
1215
1114
4045
1164
1386
1254
1223
1131
1114
1114
1114
1168
1168
1198
1131
1248
1172
1245
1245
1249
1184
1114
1114
1184
1022
1114
1311
1292
1114
1114
1245
1168
1114
4220
1223
1184
1177
1254
1254
1256
1256
1256
1184
1256
1184
1114
1195
1047
1172
1261
1254
1184
1254
959
1394
1395
1301
1031
1047
1394
1184
1114
1184
1248
1177
1184
1254
1184
5104
1184
1184
1254
1254
1269
1207
1084
1046
1499
1084
1187
1114
1184
1254
1177
1184
1114
1256
1511
1516
1172
1071
1015
1114
1249
1248
1114
1114
1114
1254
1229
1293
1080
1254
1394
1057
1292
1248
1114
1177
1312
1249
1198
1516
1172
1256
1311
1311
1031
959
1031
1393
1254
1172
1393
1184
1307
1312
1284
1298
1184
1311
1207
1292
1177
1285
1292
1177
1256
1312
1254
1192
2767
2971
2767
2646
2775
2775
3682
2775
2646
3782
3782
3682
3782
3682
1192
3682
2775
2158
1947
1180
2020
1180
1180
2200
1184
1181
1181
2086
1180
2158
2158
2200
1181
2200
2243
1180
2199
2201
2201
1181
2201
2158
2201
2168
2158
2200
1180
1115
2199
2201
2200
2243
2158
2200
2201
2200
2201
1966
1180
2200
4926
2861
4386
4118
2861
2861
4929
2861
5146
5146
2646
2775
2871
2646
2871
2871
3070
4914
4255
4266
4948
2889
4267
3221
4952
3070
4291
2854
4268
5146
3428
2254
1850
2254
2200
2200
2254
2254
2200
2200
2070
2167
2200
2200
2200
2158
2158
2158
2158
2158
2200
2158
2200
2200
1850
1898
2254
2200
2254
2254
2254
2221
2158
2200
2200
2200
2200
2254
2254
2200
2158
2200
2167
5146
547
5146
4120
4120
3137
4045
5146
5146
3137
5146
3137
4120
4120
2254
1114
1184
1051
1184
1172
1115
1184
1114
1114
1114
1114
1114
1131
1184
2221
2201
2167
2168
2167
3221
4266
4266
4266
3097
4266
4266
3097
4266
4266
4266
3097
4266
4266
4293
4266
4266
3097
3221
4295
4295
4266
4266
3097
3097
3097
4266
4291
3221
4266
3221
3097
3097
4307
3050
4266
2861
2861
4266
4266
4266
4295
4952
4266
4295
4266
4268
3087
4268
580
4906
3137
1052
969
3174
4268
4973
4973
2861
4295
3097
4266
3087
4266
4295
4266
4295
4268
4266
2937
3333
2871
4266
4266
4266
3333
3137
5139
1046
969
959
1098
