4237
4161
4266
4237
3580
3840
3661
3523
3522
4161
4161
4237
4237
4237
4161
4237
4237
4161
4161
4161
4237
4237
4161
4237
4237
4237
4237
4237
4237
4161
4237
4237
4237
4161
4161
4298
3729
3745
3745
3745
3745
3613
3745
4161
4161
4161
4161
4161
4161
4161
4161
3545
4161
4161
4161
4161
4740
4237
4237
4237
4237
4237
4237
4295
4161
3371
4237
4237
4329
4161
3580
4161
4161
4161
4161
4161
4161
4161
4161
4766
3371
4161
4152
4161
4161
4161
4161
4161
4161
4161
4237
4329
4237
4161
4161
4161
4161
4161
4161
4161
4300
3745
3661
3444
3836
3923
4295
3371
3371
3438
3836
3745
3980
4161
4161
4237
3745
3661
4161
4161
4237
4161
4161
4161
4161
4237
4237
4237
4237
4161
4237
4237
4237
4161
2267
4161
4237
4266
4266
3547
3315
3547
4161
4237
3923
3661
3694
3661
3661
3745
3580
3613
3661
3523
3373
3371
3313
3313
3523
3923
4329
3923
3523
3923
3923
3613
3745
4132
4277
3661
3745
3923
3523
3745
4161
4237
4161
3661
3694
4237
3745
3694
3745
4161
4161
4266
4161
4277
4161
3692
3613
3703
4161
4161
4161
3745
3661
3129
3836
3923
3523
3661
4161
4161
3883
4161
3371
4237
3371
4237
4237
3661
3745
4161
4161
3371
4237
3661
4161
4161
3840
4161
3661
3763
4161
3694
3440
4300
4161
4237
4237
3661
4161
4161
3661
3614
3661
4237
3745
3745
3708
4161
3545
4237
4237
4237
4237
4237
4237
4237
4111
4161
4144
3661
4266
3160
3840
3661
4114
4237
4300
3745
3438
4161
4161
4161
3923
4161
4266
4300
4161
4161
4237
3745
4161
4161
3909
3661
4237
3745
3923
3923
4295
2575
3809
4283
2573
2573
2573
3003
3003
2752
3003
2980
4237
3333
2752
1263
1263
1958
2752
1263
4161
4161
4237
3923
5079
3475
3694
3836
3923
3923
4295
3923
2575
2575
3371
3371
4295
4211
4300
4266
4161
4237
4237
4237
4237
4161
3661
3547
4237
4237
4237
4237
4237
3523
4111
4237
4237
4161
3816
3123
3438
3371
4237
4161
4161
4266
4161
3371
4237
4237
3745
4161
4237
4237
4237
4237
4237
4295
4295
4266
3923
3923
3371
4161
3371
2784
3371
3371
3371
3923
3745
3613
4114
3745
3745
3613
3438
3745
3923
3745
3661
3123
3661
3613
3923
3923
3836
3613
3371
4024
3313
4283
3895
3896
3895
4212
2573
2573
3464
3809
3464
3044
4283
3313
3313
3313
3044
3773
3464
3313
3077
3077
3044
4245
4165
3464
3313
3773
4166
4165
2909
4208
4208
4023
4208
4208
4208
3546
4208
2908
4208
4208
4208
4208
4208
4208
4208
4208
4208
4181
4300
3980
3750
3890
2908
2908
2908
5043
2824
4208
2826
3742
3769
3438
3923
3523
3536
3613
3613
4295
3536
3661
3523
3523
3475
3523
3923
3923
4329
3523
3523
3522
4295
3371
3923
3523
3523
3923
3446
3522
4298
4295
2575
3923
3523
3438
3371
3536
3523
3446
3446
3371
3371
4295
3313
3313
3313
2575
2575
3809
3661
733
733
733
733
33
33
708
26
611
733
1017
1017
5193
5193
1252
1539
1252
1252
1252
1400
1301
1301
4312
3162
1301
1301
3441
4312
4312
4312
14
708
733
733
112
708
611
611
33
733
64
841
733
3523
3373
3523
733
1252
832
5193
1077
1403
611
832
841
832
1151
1232
841
841
832
5193
5193
1252
1575
1301
4161
4295
2575
4024
3809
3371
4024
4222
611
64
832
841
4295
832
733
3523
3371
3077
733
733
733
708
5193
1252
5193
841
5193
669
4132
4237
3923
3313
3809
604
733
14
708
43
733
171
841
64
841
841
5193
5193
3446
669
841
1252
1575
1575
112
171
611
841
1017
1017
1017
841
171
165
320
4132
1252
171
4024
3371
4132
3371
5193
3522
3523
2575
3742
2575
2575
3313
708
5193
3371
3313
3809
1252
1252
3836
708
5193
3371
3371
3371
1391
64
841
611
611
611
37
611
3371
3313
3313
3313
3313
841
708
1252
3371
2575
1252
1017
320
841
3371
1296
733
171
3416
3416
3313
841
5193
5193
708
4024
43
1151
1232
3659
3695
3885
3523
4111
3371
4024
3371
157
26
604
708
1017
5193
3371
4024
3523
3371
3371
4237
3371
1252
3371
841
5170
3371
4024
1252
841
1153
955
2575
2575
3809
3809
3809
1252
1400
1314
766
1017
1080
5193
3659
665
3371
3446
955
1252
5170
4024
3371
4237
3371
4182
3371
3313
2573
3457
4182
3313
4161
4024
4237
4237
4237
3371
4161
4237
4024
4024
3313
4182
4024
1296
3373
1400
1399
3371
3371
3371
3371
1252
679
320
611
665
841
5193
1539
1539
1017
4024
1301
1148
4161
3371
4237
4161
4237
2575
3313
3809
1296
1575
1296
1296
3809
3809
2573
2784
2784
2784
3313
2784
4024
3313
3371
3371
4111
2784
2784
4024
3371
3809
3809
2784
3466
2784
2784
3545
2784
841
841
3885
1296
1252
1539
1252
1252
1017
1575
4024
4320
1824
4312
4312
3469
3885
3469
3469
3441
1783
2072
3469
4320
4320
2711
3772
3772
3772
3325
3535
3535
1057
3712
4023
4023
1783
2069
3469
1301
3441
3441
4312
1301
4024
1069
2069
3469
1824
4312
4312
3885
4312
3441
4312
1069
4320
4312
1301
1973
3469
4312
4312
3313
1301
3313
4024
2300
4320
2700
984
2050
1829
1829
3408
3772
3418
3769
3238
3589
3535
3115
3001
3535
3742
4278
3529
2701
3815
4312
1575
1539
1252
4024
3371
4237
3469
2300
2406
984
3153
3325
1827
3772
2050
2069
3313
5193
901
4312
4312
4312
1539
787
1030
1042
665
1017
611
669
4237
3371
4024
3371
3371
4024
2711
3371
3313
4024
4237
2784
2784
4024
1232
3441
4320
4320
4312
1059
1249
1151
3469
2711
2050
3659
4312
4024
2784
4024
4237
1783
3162
3160
3441
3371
1301
1301
5177
1296
1301
1213
4312
4182
4161
3441
4312
1301
1301
1539
1403
787
1314
1249
762
1227
2208
1256
1294
1296
2300
2705
4320
1301
4186
4186
3715
3815
1783
2069
3441
1301
1539
2069
2908
3452
3452
2997
4208
3912
2908
3993
3313
4166
4023
4023
2909
4208
4208
3979
2909
4208
2909
4023
3238
4166
4283
3742
3731
3731
2917
3003
3003
3463
3503
3044
3044
3731
3044
3086
3503
3686
4208
3769
3454
3454
3452
762
2300
3469
3469
4312
4312
2942
3418
1400
1400
2997
4181
4255
3160
3659
1252
1252
1252
1252
3772
3772
3589
888
888
4255
3690
3690
1294
3417
3982
2942
2942
2208
3418
4182
3454
3126
3883
4148
3770
3441
4312
4312
2942
2942
3911
3815
4024
4237
4237
3980
3980
4114
4208
4208
3980
3313
3313
2997
4208
3980
2700
4312
3476
4015
4320
3441
1245
2208
2997
3719
3770
3526
4312
1400
955
1296
3772
1244
1244
1301
1829
2826
4003
2705
2997
3454
3695
1232
4283
3295
4208
2908
2705
3769
3980
4186
2942
4182
4024
2826
2784
4024
3408
3408
5177
3371
3469
3441
3809
4208
4182
4024
3313
3313
3769
3770
3589
3589
3244
2705
4283
3895
2347
1958
1923
1263
1263
1659
1660
3381
3381
2936
3133
1244
1372
2997
1294
3750
1539
1252
3982
3454
3454
1889
1889
2069
2050
4300
3695
4283
4211
3895
3809
2573
3690
4312
3295
4208
4212
2573
4283
4208
2908
3077
4208
1829
3770
3770
3791
3791
5177
2826
3770
3408
3408
3772
3325
3535
4114
3454
4260
3546
4208
4024
3890
4300
4113
3418
3408
4113
3770
3119
3232
2997
2997
1539
1539
3454
2702
3982
2851
4208
3454
3750
3750
4181
4208
3077
3077
4208
4166
4023
4114
3750
3313
3408
4113
4300
1252
5177
5193
1400
5177
5177
3885
1230
1296
4312
4312
1301
4208
3240
4283
3895
2908
2908
3912
4205
2908
901
1301
1301
3695
3408
3772
3325
1296
4283
3896
3896
4177
4177
3313
3313
4024
4024
2784
3895
2908
2908
2908
3912
2908
2908
3077
3912
2908
1252
4312
3690
1252
4312
5177
3408
4973
3895
3895
2908
2908
3895
1252
1539
1252
1539
1252
1252
4283
3809
3690
4320
3816
4300
3890
1301
3895
2908
2908
2908
2908
3912
1058
2702
4312
3162
2904
3476
3408
3469
1827
3418
3589
3418
3589
3772
3750
3895
1057
2877
2851
2764
3001
2895
3469
3457
3408
3408
3770
3418
3589
3895
2908
4312
1829
888
2942
2784
4024
4182
3457
3313
3313
1889
2904
1301
3469
4278
4182
2573
3980
4300
3895
1058
3162
3469
2908
4208
4208
4208
3457
3457
4276
4300
3750
4181
4300
3980
4208
4300
1783
4300
3750
3809
2784
3791
1058
3127
3895
4182
2069
3162
3980
4283
2904
3750
3750
1706
2208
4024
4237
2784
3750
3457
4181
4208
4205
4205
3980
4205
3912
2908
3912
2908
2908
2908
2908
2908
3895
2908
4015
3476
3476
2050
3325
1827
1827
1706
1058
3325
3750
3589
3476
3469
3444
3469
2069
3313
4300
3912
3750
2908
3980
4300
3895
4283
3059
4177
2573
2573
4259
4283
4283
3313
4166
4166
4165
4165
4165
3742
4165
4165
2908
3791
3591
4278
4181
2784
2784
2784
4237
2784
4024
3313
3980
4181
3162
4208
4208
3240
4208
3162
3325
3589
3809
4208
2784
2784
2784
2784
4205
3896
4208
4208
4208
4208
3912
4208
4205
3750
4208
2908
4267
3057
3912
3980
3119
3325
2784
2908
4016
3077
4208
4300
4208
4208
4208
3240
3077
4208
4208
4300
4208
4283
4208
4208
3077
3690
3552
4208
2208
4208
4208
4208
4208
4208
4208
4208
4208
4208
2824
2824
4283
3464
4300
4208
4208
3526
3077
4181
4208
4208
3077
4208
4208
4208
4208
2908
4208
2908
2908
3162
3452
4114
3885
3736
2908
3589
3325
3469
3469
3469
3889
4208
3770
2575
2908
2784
2908
4208
4208
3469
3469
3077
3896
4208
2908
2908
2908
2908
5043
4260
3912
2908
3979
2895
4762
4276
3059
4237
4237
3119
3162
5043
2908
3077
4205
4181
4208
4181
2908
4208
3476
3162
2573
2573
2784
2784
2573
2908
3792
4208
4300
4208
3476
3889
2997
3077
4208
2050
3476
2908
2908
4208
4208
2069
3895
3896
2573
4208
3077
4208
4208
3077
4208
3077
4166
4208
4208
4023
4024
2784
1827
4271
2908
2995
3979
1891
1827
3325
984
3526
2573
5043
5043
2908
3077
3912
4177
3892
3077
4212
1827
2573
2824
4283
2784
1827
2822
1827
3535
2980
3535
2573
2573
3731
3003
2573
3912
2908
3895
4208
2908
4208
2908
1827
1827
3127
3729
4202
4023
4023
2908
2908
3979
3993
4208
4205
4208
2908
2908
3912
3912
4283
1827
2908
4344
3896
2908
4283
984
3476
3476
3896
2908
3979
3809
4212
3077
4208
4208
4208
4208
4208
4023
2909
2909
2997
4208
4208
4208
2908
4208
4208
4208
4208
3712
2997
2824
2997
4023
3895
3895
3895
2908
2908
2908
2908
3729
4212
3896
4208
4208
3912
2573
4208
4208
3077
3240
4208
4208
3077
4208
2908
3912
2784
2784
2784
2784
2784
2784
4300
4300
3896
3896
4208
4208
4208
4208
3077
4208
4208
4208
4208
4300
4208
4208
4208
4208
4208
4208
4208
4208
4208
2824
4208
4208
2908
4208
4208
4208
4208
4208
4182
4237
2784
4237
2784
2784
3476
3469
2908
3982
4208
3077
3313
4237
2784
1827
4208
3077
4283
2909
2908
4237
4024
3371
2784
1307
4212
4177
3951
2908
4208
4208
2908
2908
2908
1827
3896
4208
4208
4208
4208
4024
4024
2784
3476
2908
4300
4208
4208
2908
2908
2575
4208
4208
4208
4208
4208
4208
4208
4208
4208
4208
3546
4208
4208
4024
4208
4283
4208
4208
4300
4202
2824
3769
3769
4023
4208
3979
3077
4208
3240
4208
4208
2908
2908
3313
1706
3313
4142
4208
3313
4283
4208
4208
4208
4208
4208
4208
4208
4177
4208
4208
2908
2908
3190
3313
3895
2908
2908
4208
2909
4208
4208
4208
4208
4208
2908
4208
4208
4208
2909
2908
2824
2909
4283
2909
3742
3077
3044
3773
4283
3086
3044
3313
3044
4165
4165
2909
4283
2941
2909
4208
4208
4024
4024
2784
4283
4208
2824
2784
2908
2908
4208
2942
2784
3371
2784
4111
4111
3545
2784
2784
3371
4111
3371
2784
2784
2784
3371
2784
2784
2784
2784
3371
2784
4111
3545
2784
2784
2784
2784
3545
2784
2784
2784
2784
2941
4212
3457
4208
4208
4208
4208
4208
2909
4208
4208
4300
4208
4208
3077
4208
4208
4300
4208
2784
2784
4111
2778
4023
3895
3240
2784
4111
4111
2784
3535
2997
4177
3503
3503
3313
3313
3371
4024
2784
3371
4237
2784
3535
2784
3545
2784
2784
2784
2784
2784
4208
2908
2784
4024
3371
3545
3371
3371
3371
2908
4276
4208
3912
4208
4208
4208
4208
4208
4208
2784
4300
4024
3371
3371
4024
4237
2784
2784
2784
2784
3416
4184
4208
4208
4208
4208
4165
2909
3371
3371
3315
3371
3371
3371
2784
3545
2784
3371
3371
3545
4111
3371
3371
3545
2784
2784
4024
3371
3545
4111
4111
4111
3545
2784
2784
2784
2784
2784
4111
2784
2784
2784
2784
2784
3464
2784
2784
3464
2784
3371
2784
2784
2573
2783
4111
2784
2784
2784
3416
4111
4111
4111
4237
4111
4208
4208
2908
4208
4208
4208
4208
3371
4024
4111
3551
3545
4111
3371
4161
3545
2267
3545
3545
3545
2784
2784
2784
4111
4023
4023
4023
3769
3769
3371
3371
3313
4182
4111
2784
2784
2784
4111
2784
3119
2908
2908
2908
2908
3371
4023
4208
4208
4217
4208
3371
3545
3545
2784
2784
2573
4260
2908
4208
3371
3371
4111
4111
4024
2997
4111
2784
4237
3371
3313
3313
2784
2784
3770
3711
2908
2573
2573
4208
3545
4111
2784
2784
2573
4283
2908
4111
3313
3545
4111
2784
3895
2824
3371
3545
3371
3371
3849
3559
3545
3371
3545
3371
3545
4111
3559
4111
3545
3559
3371
3371
3371
4208
4208
4208
4208
4208
4024
3545
3371
3526
2824
2908
4111
4208
4023
4208
4208
3077
2784
3371
3545
4212
4208
4208
4111
4208
4023
4208
2784
2784
2784
3809
4342
4202
2997
2908
3371
4111
3371
3371
3371
4208
2908
4208
4208
4208
3545
2784
3896
3371
3371
3371
4024
3545
4111
4111
4111
4111
3416
2784
4208
4024
2784
2784
2784
3371
3545
3545
4111
3324
4208
3313
2908
4208
4208
4023
4260
4208
4208
4208
3457
4202
3545
2784
4111
3769
3371
4024
4024
4208
4208
4208
3545
3371
3371
4208
4208
4208
2784
2784
2908
3371
4208
3546
2784
4283
4208
2909
4208
2909
4208
2907
4023
4208
3979
4208
3769
3109
4023
4208
4003
4208
4023
4023
3979
3809
3109
2784
2784
2908
2908
3545
3849
4111
4208
3371
2784
3466
2784
2908
4300
4300
4111
4208
4208
4208
2909
2908
2908
2908
2824
2909
4208
2941
4166
4299
2904
4283
2824
3132
2908
2909
2909
2908
3313
4208
3546
3979
4208
2575
2784
2784
2784
2784
2784
2784
2784
3545
2784
2784
3545
3545
3895
2908
2573
2909
4208
3809
2573
2573
3313
2784
2784
3333
4111
2908
3769
3769
4276
4111
4111
3313
3313
3503
3313
3545
3895
3895
4260
3545
4295
4111
4208
3457
3466
2908
3078
4165
3837
4259
4023
3685
4023
3545
2784
4111
4208
4208
2909
4208
4208
4208
4024
2783
4166
3742
3809
4111
3315
4111
4295
3371
3545
4208
2267
4023
2909
4166
2784
2908
3894
4111
3785
4111
3371
3545
3545
3742
4023
2908
2908
2908
3912
4300
3849
4111
3371
4111
2909
2909
4208
4208
3313
4023
2784
3466
3466
3466
2784
2908
4111
4111
3545
4208
2824
2824
4165
3503
3465
3769
3769
3086
4023
3742
3078
2996
2784
4111
2824
4283
3661
3881
4208
4111
3979
4208
2784
3545
2908
3896
1951
4212
2347
3895
4212
4111
4111
2909
4208
4208
2908
3849
3559
3545
3466
4111
3313
3809
2908
2908
4111
4208
4260
2908
4111
3979
4166
3503
3742
3503
4165
2896
3539
3044
3003
3003
1307
1307
3742
3742
2573
3416
3545
3895
3545
4111
4023
3077
2909
4202
4111
3545
2784
2784
3809
3371
2908
3313
3078
2824
2909
3464
4166
4165
2909
4208
3545
3416
2783
4177
2908
4177
2908
2909
2784
4165
2909
4142
3742
4165
4166
4245
4165
3044
4165
2573
3313
3313
4283
3464
4245
2784
3115
3077
3077
3464
3464
3464
3464
4165
2941
2908
4208
4283
2573
2908
4111
2573
2909
3742
3742
4165
3464
3313
3731
2573
3077
3464
3313
3044
3077
3086
4283
3086
4165
4165
3503
4165
4166
4166
4165
4165
4165
2779
2908
2783
3313
2573
2573
4111
4165
4023
2941
4165
4245
3027
2573
1958
1958
1659
4024
2784
4111
3271
4177
2784
3545
3769
4165
3742
2824
3742
2896
2896
3535
3498
1307
2896
3003
3115
3116
1129
3086
2896
2822
4283
2573
1951
1923
1951
4111
4111
3545
3371
4283
3464
4245
3503
3044
2896
3086
4283
2908
3464
3895
2908
3077
4067
3475
3731
3003
3731
2784
3731
3044
3731
3313
3044
3003
3044
3077
3742
2784
2908
3545
2909
4165
4166
3742
3252
3252
3086
3463
2896
2896
3086
3086
3503
2779
2979
3153
3503
2896
3463
3742
2778
3115
1307
1307
3116
1129
1129
3731
3731
1307
2573
2908
2908
2908
2908
3464
4111
4276
3742
4165
3464
2833
4245
4166
2784
2784
3742
3044
4023
4208
4111
4165
4165
4165
4166
3742
4283
3464
4259
3731
3809
2909
3086
3044
2910
2909
2896
2896
3003
3003
1307
3003
1129
2980
1307
1129
1307
1129
1307
1307
1129
1307
1307
2980
2980
1129
1307
1307
1129
1307
3003
3232
2896
2784
4111
2784
2908
4202
4212
4111
2909
2909
4166
3742
3530
3086
3545
3466
2908
4111
2824
3313
4283
4111
4111
3313
3465
3086
3044
4111
2573
3077
3503
3044
2779
4166
2784
2784
3044
2908
1951
4165
4165
3457
3396
4142
2573
4165
3465
3044
3466
2784
2784
2784
2574
4111
3809
2783
3003
2784
4111
2574
4165
3545
3003
3003
3003
1306
3498
3003
1129
3003
1307
1307
3416
2574
4165
3313
4245
4165
3313
2782
1307
3003
2908
4212
2908
2575
4024
3313
4237
4132
3313
2784
2907
3742
3742
3086
3731
2896
3545
1307
4111
4111
3086
4165
4283
4111
3057
4245
2822
3044
3545
3003
1129
1307
1307
3115
3115
1951
3742
3086
3545
2784
2784
3545
4111
4111
3044
4245
3742
3044
4111
4111
3086
3086
2896
2910
3503
3003
4165
3742
3373
3313
2784
2778
2980
1306
3115
2896
2573
5043
3464
2573
2784
2347
2784
1173
2784
3086
3371
4165
3044
3742
2784
2783
2980
2980
2784
2784
2784
2784
1306
1129
1306
1129
2980
3003
1307
3003
3003
2573
2573
4111
3464
4165
3785
3545
1615
2784
2573
1129
2573
4212
3077
2908
5043
3077
3371
2573
3313
4024
2784
2784
2784
2784
2908
4259
3044
3003
3373
2824
2910
3044
3742
3503
3464
2573
4165
3044
3044
4165
3742
3742
3086
4166
3773
3086
3086
3044
3773
3044
3115
3044
3077
3731
3003
4111
1307
1307
2784
2784
2784
2784
3545
2784
2784
2784
3545
3731
3731
3003
3003
3115
3498
3003
3731
3003
3044
2784
1951
2347
3545
3313
3003
2784
1129
1129
3116
1307
3003
3003
1827
2896
2908
4111
2573
3077
3044
3003
1129
3416
2784
3371
4177
1951
2573
1951
3381
3381
3460
2671
2979
3044
3464
4245
4165
2910
4165
2784
2783
4237
4237
4111
2784
1307
1307
3416
1129
1104
1173
1129
1129
1129
1129
1173
1129
1173
1129
1173
1173
1173
1129
1173
1100
1100
1306
1306
1267
969
1254
1100
1306
1951
3044
3044
3086
2574
3742
3044
4111
4111
4111
3416
2784
4111
1129
3731
2784
2784
2784
1173
1129
1173
1129
1129
1173
1173
1173
1100
1100
969
1247
1248
1254
1297
2896
4212
5043
3464
3464
3044
3044
4245
3077
3044
3464
2573
3044
3313
3464
3077
3313
3313
3313
3464
3464
3077
3661
1307
1307
2846
4237
4111
4111
2784
2573
2573
4165
4165
3086
2783
4024
2784
1129
1951
4166
2910
3464
3044
3077
3464
2573
3044
3313
3044
3773
3742
3313
2784
3416
2784
2573
1923
1263
2752
1129
1129
1129
1129
1173
1129
1129
1129
1173
1173
1129
1129
1129
1307
1307
1307
3003
1129
1307
1307
1129
1129
1173
1173
1129
1129
1129
1307
1307
3003
1307
1307
1307
1307
1307
1129
1307
1307
1129
1307
1129
1129
1129
1129
3371
4111
2573
1951
3742
3373
4111
1129
2784
2784
2784
3003
2784
1706
2573
3044
3313
3044
4111
2784
3416
2784
2573
2980
2784
3731
2573
2908
3464
3464
4165
4165
4283
4165
4165
2910
3313
3077
3313
3464
4245
4283
3313
4283
3464
3313
4165
4165
3313
3464
4283
4283
4283
3464
3464
3809
3742
1307
2784
2980
1173
2784
4132
1951
3464
3044
3731
3003
3731
2980
2784
2784
2784
2784
1307
1615
1129
1307
1129
1173
1100
1267
1100
969
1247
1129
1129
1307
1173
1129
1173
3077
2824
1951
3003
3003
3003
3003
3003
3731
2784
3044
2784
2784
2784
2784
1129
1129
2573
2573
3731
4111
2784
4111
2784
4111
2784
2784
3731
2784
3003
2980
3003
3003
3464
1307
4111
2784
2784
2784
2784
2980
3731
1129
1173
1173
1173
1129
1129
1129
3003
2908
3115
3742
2573
3464
3731
3044
2784
2784
2784
1173
1173
1129
1129
1951
1615
1173
1100
1173
2908
1951
2573
3077
4283
4165
3503
3503
4283
4283
1307
3077
3313
2573
3313
3464
3077
3313
3785
1129
3115
3520
3503
4245
3313
3044
4165
3313
3313
4237
3003
1100
1129
4126
3731
4283
4283
2784
1307
2980
4132
4237
4237
4132
2784
1307
986
987
969
1247
969
1054
969
969
1307
1173
1173
1173
1100
1100
1100
1100
1100
1100
1129
1306
1129
1100
3498
3116
1951
3003
3464
3464
2784
2573
3077
3464
3313
3077
3464
4283
3313
2573
1615
1615
1615
3003
1173
1102
1248
1173
1248
1100
1173
1129
2980
1129
1306
1307
1129
1129
1173
1129
3003
1129
2910
3464
2573
4237
3313
2784
2784
2980
1173
4237
1100
1129
1173
1173
1951
3077
3809
4132
1129
1102
1216
1129
1173
1129
1100
1100
2347
1307
3313
4245
4165
3313
2784
3313
3077
3077
4237
2784
1129
2752
1129
1100
3115
2573
3532
4132
1129
4132
1248
1100
1129
1129
1306
3236
3498
1307
2573
2573
1307
3464
2573
1102
1129
1173
1306
1129
1306
2573
3464
2784
3044
3731
3077
3464
2347
2573
2347
1254
1129
1173
3661
3313
2783
1615
1129
1129
1306
2573
3313
2573
3464
3313
3077
3077
2347
3116
2907
3773
3313
4283
1129
1129
1173
1129
1216
4283
1100
4125
3003
3464
3773
2784
3464
3077
3313
2573
3809
3464
5043
1951
1307
3077
3077
4132
1129
1307
1129
1129
1306
1173
1129
3003
3498
3077
3077
2573
2573
1129
3731
2752
2573
2347
1923
1958
1923
2573
2573
1615
4132
3077
2573
1248
3840
1235
3681
3681
938
1050
1139
1679
1379
1379
1679
1139
2069
3704
1129
3464
1311
1223
5177
764
1097
1402
5177
1311
1402
901
1403
1539
1252
1230
901
5177
1387
764
1539
1097
5176
590
1057
3840
1311
4201
1164
1082
1299
1230
1252
1252
901
901
1539
1252
1539
1539
764
1296
1306
1951
3381
3313
2782
2347
2347
4283
2573
1254
3162
1254
2069
1306
2069
590
3162
1374
1216
2347
1232
3748
3704
3840
3003
3464
3464
3464
1254
1129
1307
1129
1129
1129
1307
1129
1307
1307
1307
1129
1307
1129
1129
1129
1307
955
590
1129
3003
1307
2822
2347
3464
2573
1129
764
1097
3840
3498
1951
3464
4132
3077
3077
3077
2573
1296
1216
1097
1307
1307
1307
1173
2573
2573
1306
3704
3162
3840
5194
1055
5175
3789
1951
3077
3077
2573
1232
3704
3774
3840
1307
1129
1307
1307
1307
1307
1307
1129
3731
2347
3003
1307
2980
1307
1307
2980
2980
3695
1060
901
3115
3077
1058
1058
3748
1306
1958
1951
3731
3731
1060
3748
1232
1129
3883
1307
2347
3464
2347
3464
3464
3077
2573
1129
1129
1129
1307
3162
3704
3616
3789
3498
1951
1307
3044
3464
1307
1307
3115
1216
1398
5175
4132
2573
1055
1230
1129
3115
1307
1951
1054
2573
3110
1951
2908
3704
2980
1129
1097
1129
3731
2573
2822
1254
969
1307
1307
1307
3003
2980
2980
1307
3003
1307
1307
1307
3003
2980
1129
1307
1129
1307
3661
3789
3115
1539
1539
1230
1097
1252
5177
1575
1252
1539
594
1539
1230
1539
1230
1539
1679
1164
1164
1164
1171
1164
1403
1230
1299
1055
5176
5194
5175
1425
1425
1051
1171
3003
3115
3044
3077
2347
3464
3077
4283
1891
1254
3115
3003
1659
1263
986
1307
1951
2347
987
3077
901
2980
1129
1307
1129
4245
1958
1129
1129
1306
2980
3999
3731
5079
3381
2752
2980
1951
2573
4206
3840
3789
2980
1097
1951
4132
1951
2573
1951
2936
1951
1951
1951
1951
1951
2936
2752
3381
3381
3003
2752
2752
2752
2752
2752
1129
1951
901
1297
1306
3003
3840
1129
1230
3077
764
1923
1263
1263
1263
1425
1307
2573
3381
2864
4132
1951
2752
3640
2980
1307
3498
2691
1951
1951
1254
3748
1307
1129
1307
1307
1307
1129
3003
3043
3789
986
1173
1180
1387
1539
1307
3731
3003
1951
2936
2752
1298
901
1252
1230
1230
1958
1958
2347
2347
1659
2936
3381
2752
2752
1659
1659
1263
3077
1129
1129
1139
1539
1679
1139
1139
1403
1252
1171
1539
1539
1539
1252
1539
1403
1679
1679
1379
1403
1171
1539
1679
1679
1139
1139
1539
1403
1139
1403
963
1139
1379
1679
1679
1379
1679
1171
1539
1403
1252
1539
1252
1230
1230
3753
1307
1129
1307
856
1539
1539
1539
1539
1252
1403
1679
1139
1679
1679
1230
1252
2936
3381
3381
3381
3381
2936
1246
1307
3003
1539
1679
1679
1139
1139
1679
1679
1539
3003
1307
2573
1267
1958
969
1230
1387
1539
1679
1679
1139
1679
1539
1679
1139
1139
1139
963
1139
1679
963
1539
1307
1615
4268
1307
3789
3043
1425
1539
1129
1129
1307
1307
1129
1139
963
2752
1307
3753
2980
1307
969
1679
2752
3789
1659
2671
2752
3731
1100
1958
1539
1252
1252
1252
1307
1100
1248
1254
1129
1129
1129
3840
1247
1306
1164
3381
2936
2936
3381
1307
1307
1307
1298
3681
1307
969
1129
1129
1129
1958
1958
3115
1129
5194
1539
1139
963
3003
2752
2752
2752
2752
1129
1100
1100
3789
3840
1307
963
1129
1129
986
1263
1958
1958
1263
1054
1267
1230
1307
1307
1029
2752
1307
1307
3115
969
1307
1129
938
5194
1539
1307
1100
3003
1958
1958
1263
1129
2752
1923
986
1252
1306
1307
1263
1247
1425
596
1247
1054
594
986
1100
969
2980
1173
1252
986
1425
3840
1387
963
1139
1171
1267
969
969
1164
1164
1230
2752
1307
986
1100
2752
2752
2752
2752
3381
3381
2936
2936
2752
2752
2752
2752
2945
1659
778
441
1417
3003
2752
1307
1129
1263
1659
1539
1164
1679
1129
2752
2752
1263
1307
1100
1054
1164
1252
1139
1100
1387
1539
1539
1679
1379
1129
1923
1139
1679
1164
1139
1539
1679
2752
1682
1659
1958
2936
1958
2752
2752
2752
3381
1660
1659
1659
2752
3381
1659
2752
1252
1659
1679
1660
1659
1379
2752
1971
1164
1679
1139
1679
1139
1539
1659
1379
1129
2936
1659
2752
1379
1379
963
3381
2752
1659
1659
1129
2752
1659
1129
2752
2752
2752
3381
1263
1659
1679
2752
1659
963
963
963
963
963
1659
1403
1539
963
1679
1539
1660
2752
963
963
1659
2752
2752
1263
1971
1971
1659
2752
1971
1659
1660
1659
2936
2752
3381
1659
3381
2945
2671
1659
2752
1659
3333
3381
1284
1284
1284
1284
558
440
483
553
4973
553
10
89
140
104
282
282
282
187
127
195
138
105
257
2945
2945
365
365
3490
3700
3381
3133
2752
2936
1660
3456
1284
1659
3904
1284
1284
3904
1659
3381
2752
1660
3381
2752
1660
3381
3381
1660
1284
3428
4431
4431
365
365
250
4973
4973
130
827
195
105
195
140
104
195
106
106
827
250
250
255
1267
3381
43
4551
4551
3381
1284
1284
3381
2752
255
476
4475
1284
150
1284
1659
1659
138
138
140
104
282
114
107
138
21
282
105
45
105
138
123
123
138
105
2752
107
288
107
127
48
138
3381
125
121
123
613
1659
3325
171
138
104
282
1659
2936
3381
2098
105
3769
471
140
107
3381
639
105
1284
187
106
106
106
425
103
827
553
21
21
107
2782
2907
1284
778
365
154
2782
140
2752
21
107
723
412
1013
3133
3381
140
4987
282
195
195
1013
827
106
827
4331
1284
2936
827
1284
3381
1284
827
4973
4973
250
108
2936
106
280
195
3757
105
123
282
123
250
827
1013
107
827
827
4962
827
827
140
104
195
140
7
187
827
87
123
21
620
250
195
3133
3490
195
104
195
4962
195
827
195
195
195
195
107
780
365
105
827
4962
228
195
293
255
250
827
293
3490
255
140
104
140
195
43
195
4963
140
3133
140
140
195
4963
827
250
365
365
486
365
250
195
43
4962
89
195
107
195
540
365
195
10
3490
138
827
1013
195
104
140
195
4333
4973
365
195
4481
365
827
1013
140
195
827
89
4962
255
195
43
130
130
4973
4475
293
4973
4962
195
293
195
337
130
4962
337
195
827
827
827
43
337
87
195
195
130
87
4161
4237
3836
4237
4237
4161
4237
4237
4237
4161
4237
4237
4237
4237
4237
4237
4237
4161
1252
1403
285
33
1017
1252
1252
733
174
733
665
171
1252
1252
1539
841
1252
611
112
669
841
841
112
5193
1252
1391
1151
1252
1252
320
669
5193
841
1539
665
1252
1252
841
1539
1017
611
611
832
3313
3313
3313
2575
3809
3313
2573
3313
3416
2784
2784
4111
2784
2784
2784
3545
3769
3463
2896
3044
2824
3086
2910
3769
3503
3769
3232
4024
3044
2784
4111
1539
1097
1139
1252
1252
1171
1539
1539
1679
1171
901
1539
1539
1539
1252
1252
1252
1252
1400
901
1252
1539
1539
5177
1679
1679
1539
1679
1679
1539
1230
1230
1539
1679
1539
1539
1679
1539
1539
1252
1539
1400
3003
1682
2347
2936
1683
2936
2936
2573
3381
2936
2936
2936
1683
1683
1679
425
4970
553
104
827
338
140
282
195
282
138
107
4943
140
1230
1256
1249
5177
1256
4023
3742
3742
3742
3769
4245
3742
4166
3742
3252
3742
4023
3742
4166
4023
3313
3252
3742
4023
3721
4023
3742
3742
3769
4023
3742
3742
3770
4023
4023
4023
4023
4023
4144
4208
2909
2909
4208
3742
4166
4165
4208
4202
4165
4245
3742
3077
3464
3044
1173
1129
2752
1284
412
4144
3313
4208
4300
2909
4208
4165
3044
3464
4166
4208
4245
4245
3044
4165
3077
1129
3044
3044
3044
3086
1129
2752
2752
1284
412
486
250
