3876
3655
1839
3876
1832
1841
655
386
2379
3682
3682
3884
3876
3884
3884
3884
3884
163
3682
3682
3884
14
163
3884
3884
3884
3884
749
3884
3682
3876
3884
3884
3682
3876
399
418
1832
1832
655
1815
407
418
3682
3752
3752
3752
3752
3752
3752
3752
163
2420
3752
3752
3884
3682
3876
3884
3884
3884
3884
3884
2348
3876
3948
3884
3884
3884
3682
655
3752
3884
2380
163
3682
3752
3682
3752
3752
3876
3682
3682
3682
14
3752
3752
3884
3884
3884
163
3655
3884
3752
3752
3752
3752
3682
3752
3884
436
655
655
2375
2375
2348
2379
2379
386
2379
2375
399
1839
163
3752
3876
1832
655
163
3682
3884
386
3682
3752
3752
3884
3884
3884
3884
3752
3884
163
3884
2420
86
3752
163
1839
1839
2348
3948
399
3884
3884
1839
655
655
655
655
407
399
1840
655
386
2379
2379
2367
2420
386
386
3948
386
386
2348
386
1840
655
2367
418
655
1840
2348
386
1832
3752
3884
3752
655
418
163
655
418
655
3752
3884
1839
3884
418
3884
1828
1840
474
3752
3819
3752
655
655
393
2348
2379
386
655
3752
3682
1817
3884
3884
3884
2379
3884
3876
655
655
3752
163
3876
3884
655
3752
3752
1827
3752
474
1841
655
1832
2375
655
3682
3884
3682
655
1817
1817
1817
655
655
3884
655
399
474
3752
3884
3884
3884
3884
3884
3884
3884
163
14
3884
655
655
1832
406
1842
655
1832
3884
418
655
1840
3876
2420
3682
1831
3752
1839
1832
3884
3819
163
655
3752
3819
474
655
163
399
2348
386
2379
386
2420
2380
2380
2380
2380
2397
2397
2397
2397
2397
749
753
753
1871
2397
2397
753
2381
3682
3682
3876
386
2420
1840
1832
2348
2379
386
2379
2379
2420
2420
2367
2379
2379
2340
418
1832
2380
3884
3884
3884
3884
3682
1817
399
3884
163
3884
3884
3884
386
14
3884
3884
3752
1832
2379
655
3884
3819
3884
3964
2348
163
3884
3884
163
655
3884
3884
14
3884
3884
163
2379
2379
1832
393
386
2367
2367
386
2367
386
2379
2379
386
655
1840
1832
399
399
1841
1840
399
2348
655
1840
2379
1840
1840
386
399
2375
399
386
2367
2420
2420
2380
2380
2420
2380
2420
2420
2420
2420
2420
2367
2420
2420
2367
2367
2367
2367
2420
2367
2367
2367
2367
2367
2367
2367
2367
2367
2420
2420
2367
2420
2420
2420
2420
2420
2420
2420
2420
2420
2420
2420
2420
2420
386
386
2420
386
386
2348
655
1832
418
2027
1817
2420
2420
2420
2420
2420
689
2420
2420
2379
2348
386
1840
399
1840
2379
386
1840
2379
2379
1840
3682
2379
386
3948
386
386
2379
2348
2379
2379
2379
2379
386
2379
2379
2379
2379
2420
386
399
2379
2379
1840
2379
2367
386
386
2379
333
2420
2420
2420
2367
1591
2367
399
1273
1273
1273
1273
1199
1198
1199
1273
1283
1273
1199
1199
1323
1173
4630
4525
4630
4525
4630
722
2498
721
1820
447
1820
2498
1821
1820
449
1837
1273
1273
1273
1273
1273
1273
1309
1199
1309
1273
1273
1273
1323
386
2379
2379
1273
4525
1323
1173
2234
1198
1198
1323
1199
1323
1173
2234
1273
1178
1323
1199
1173
4630
4564
2498
386
2379
749
2420
2420
2367
2367
333
1273
1273
1273
1198
2348
1273
1273
386
386
1840
1273
1273
1273
1199
1273
1173
1323
1199
1173
1198
749
3948
386
2420
2420
1309
1273
1273
1323
1323
1273
1199
1273
1198
1323
1199
1199
1247
2367
1098
1323
1173
4564
4564
1273
1273
1199
1273
1272
1323
1272
1323
1273
1323
1199
2367
1173
1273
2367
2379
2379
386
1173
2379
2379
3682
2420
3682
2420
2420
1199
1323
2367
2420
2420
1106
1173
2348
1273
1323
386
2367
2379
1323
1178
1199
1199
1354
1309
1199
1199
386
2367
2420
2420
2380
1273
1323
4630
2367
2420
1173
1277
1199
1277
2379
2104
1277
1273
2367
2367
2420
1273
1173
1173
1199
2420
1323
1173
2498
2103
650
430
386
2367
2367
2367
2367
1273
1273
1199
1199
1294
1173
386
2367
386
386
386
2379
2367
4630
2367
1323
2234
2379
2367
4630
1199
2234
2234
1591
2420
2420
2420
2420
4630
2234
721
1387
1323
1202
4525
2234
1226
2379
2367
2234
4630
2234
2367
2367
2367
386
3682
2367
2420
2380
2420
2420
2380
3752
2420
2367
3682
3682
2367
2367
749
2367
2367
2420
3682
2367
430
2367
722
2234
2379
2367
2367
2367
4630
1277
1199
1199
1199
1323
1176
4630
4630
1323
2367
1820
1173
386
2367
3964
386
2367
2420
2420
2420
430
4564
430
2498
2420
2420
2380
2397
2367
2420
2420
2420
2420
2420
3682
3884
2367
2367
2367
2367
2367
2420
2367
2367
2367
2367
2368
2367
2367
1273
1199
2234
430
4630
4630
4630
4630
1277
4630
2367
579
448
449
1820
448
430
577
575
454
577
2345
2352
577
577
2344
2344
689
689
333
333
2367
2367
2367
2367
2367
1797
1797
577
452
414
1820
1820
1820
2367
448
467
577
379
448
1837
422
1837
454
1820
1820
1837
1837
2498
574
577
1837
1837
2367
452
2367
2420
2344
577
1878
2358
574
689
689
689
689
689
690
333
2344
333
2367
690
2367
2420
2420
2408
619
2408
1837
4630
4630
4630
2367
386
2367
577
2344
689
690
323
1776
323
2344
2344
574
2380
1173
2104
1837
1820
448
4630
1173
1404
1175
1202
1277
1309
1106
1575
386
2367
2379
2379
2367
2344
2379
2420
2367
2367
2367
2367
2420
422
1820
577
1837
448
722
2234
2234
2360
688
2344
2234
1837
2367
2367
2367
3884
447
467
2340
1837
2367
1820
2498
722
430
2498
2234
470
3682
386
422
1820
722
721
4630
1146
1173
660
1173
2234
2234
689
2234
2498
2104
2344
689
577
430
690
690
333
2408
1797
1777
1838
2498
4630
1797
2420
583
2391
2348
386
2420
2420
386
2420
2420
2420
2420
2420
386
2420
2420
2420
2420
2420
2367
333
2367
2420
2367
2367
2367
2367
2368
2368
2367
2420
2367
2367
2367
2367
2367
2420
2420
2420
2420
333
2420
583
2234
2344
577
577
1837
1837
690
333
2104
2234
333
386
2340
1837
2101
4630
4525
4525
4630
689
689
2344
2344
1837
650
415
415
1820
2408
2420
690
690
2344
2391
1575
1913
2349
655
2027
333
650
1837
449
690
689
2420
2408
2367
2367
2367
1832
1832
655
386
2420
2348
2420
2380
333
1839
1839
619
448
2344
577
577
1820
4630
2344
333
638
333
333
449
2104
2234
2505
689
4630
4564
1820
689
689
2420
689
333
689
2498
1849
2420
690
2420
2420
689
689
2348
690
689
1575
2367
333
2367
2367
689
689
722
2367
2464
1821
2420
2348
1575
2367
2420
2420
690
333
2344
333
333
689
2420
2380
2380
2397
2397
2397
1562
753
753
749
749
749
785
4564
1820
689
2498
418
4630
4525
2420
1913
2408
2344
2344
2360
2344
1832
422
2420
2391
2380
2420
2380
415
448
690
2420
2420
2380
2380
2348
2420
2420
2420
689
333
333
638
638
722
333
333
689
689
689
333
333
1832
2420
2420
2420
2348
2367
2027
418
333
2344
689
2344
2344
333
2367
333
333
4564
4630
2408
2408
2420
690
2348
2348
418
418
655
386
386
2420
2420
2420
2420
418
418
2367
689
689
1817
4564
721
1173
722
722
722
430
4564
722
449
1837
1820
2348
386
2380
2420
2420
2420
386
1839
2420
2104
721
1820
721
689
689
333
2498
2420
2380
2380
2380
2380
2380
2420
2367
2420
2367
2380
2420
2420
2420
2420
2420
2420
2420
655
2420
4564
449
1830
4630
1837
722
2344
1913
2380
2380
2420
2420
2380
4630
4525
4525
4525
4630
4630
2380
2420
1814
577
2340
1832
2027
2498
2380
2420
2420
386
386
333
415
619
1837
2464
2380
2344
689
2344
323
2344
333
2344
333
333
1817
2380
2464
2356
690
2420
2420
2420
448
2380
689
689
2344
2344
333
2380
2420
1837
689
1837
690
2367
2420
3682
2420
2380
2420
573
2380
2498
577
2420
3682
2380
1832
1832
2380
415
401
401
386
386
2348
386
2380
2380
2380
1832
418
2348
1832
2348
2348
1817
445
418
1817
2420
2380
638
1837
638
2380
2380
2463
401
1832
2380
2380
1817
418
690
2344
2367
2367
2420
418
2380
1839
386
1839
1839
1839
1839
386
2420
386
2420
2420
2420
2420
2380
2380
2380
577
577
333
2344
333
334
323
2367
415
333
1817
333
577
333
2340
577
1797
2420
1817
386
1817
2420
2348
1839
2420
2380
2380
2380
2380
2420
2420
2420
2420
2420
2367
2367
2420
2420
2420
2420
2420
2420
2380
638
386
2420
2348
2367
2367
2420
2367
2420
2420
2420
1832
2348
2465
386
2348
2348
2348
415
333
333
2380
386
2367
2367
2380
2420
1839
2380
2420
386
386
2420
386
2348
1839
1817
1832
2420
2420
2420
386
1839
323
2344
2420
2420
2379
655
386
655
386
386
386
386
386
386
386
1832
1839
2380
1839
2348
1839
415
458
2420
2344
2348
2420
386
655
655
2348
333
2420
2420
2420
2420
2420
2420
655
386
386
333
386
2348
386
2348
386
386
386
386
2348
2380
386
2420
2420
649
2391
418
436
333
386
333
323
577
638
577
406
2420
333
2420
2420
2367
2420
386
1839
2352
2352
386
2380
2348
2420
2420
2420
2380
1817
2420
2420
2420
2420
2420
2380
1913
2380
2420
2420
2367
2464
1864
2420
386
2348
2348
1839
1839
386
386
2347
458
2380
2420
2420
2367
2380
2420
2420
386
1832
1839
638
406
2420
386
386
2344
638
2420
2380
386
386
2352
2380
2380
2380
2420
386
655
386
386
333
2420
2367
2420
2420
2420
2367
2420
2367
436
2420
2420
2420
2385
323
334
689
333
2420
1817
1817
2420
2420
386
2380
2420
655
2380
323
2380
2420
2420
2367
2367
2420
323
1776
2367
1776
2420
2380
2397
2367
2420
386
2420
2380
386
2420
386
2420
323
2367
2375
406
2420
2367
386
2420
2420
2420
2420
386
386
386
2420
2420
386
2420
2420
323
2420
1864
2380
2420
2420
323
333
333
2380
2420
2420
2420
2380
386
386
386
2420
2420
386
2420
2367
2420
333
333
333
333
2420
2420
386
386
386
2367
2367
2420
690
2420
2420
2380
2380
2420
2420
2420
2420
406
2380
2380
386
386
386
2380
2420
2420
386
386
386
386
386
386
2420
2420
2420
2420
2420
2367
2420
2367
655
418
2380
2380
386
386
2420
2420
386
2348
386
386
386
1832
386
386
386
386
2420
2420
2420
2420
386
2420
2420
2420
2420
2420
386
386
386
386
2420
2420
2420
3964
2420
2367
2375
2352
2420
2420
386
386
2380
2367
2367
2367
2420
386
2420
2420
2420
2420
2420
3884
2367
2367
2380
2380
1913
2420
2420
2420
2420
2420
2420
2367
2380
386
386
2348
386
2420
2420
2367
638
1817
418
386
386
2420
2420
2380
386
2420
2420
2420
2420
2420
2420
333
333
2420
333
2420
2348
2367
2420
2380
2420
2420
2420
2420
2420
2420
690
2367
2420
2420
386
2420
2348
386
2348
2420
1817
2420
2367
2420
2367
2367
2420
2420
386
386
386
333
386
2420
386
2380
2420
2420
2420
2420
2420
2420
2380
2420
2420
2420
2367
386
2420
2420
386
2420
2420
2420
333
2420
2420
2420
2420
2420
2420
2420
2367
2367
2367
2367
2420
2367
2367
2420
2367
2420
2420
2367
2420
2420
2367
655
386
2420
2420
2420
2420
2367
2420
2367
2420
2420
386
690
2368
2367
2367
2367
2367
2367
2368
2368
2367
163
2368
2368
163
2368
2367
2367
2368
2368
2368
2367
2368
181
2367
2367
2367
2368
2368
2367
163
2368
2368
2367
2420
2380
2380
2420
386
386
386
386
333
386
2420
655
2420
386
386
386
2348
1832
386
2368
2367
163
2367
2367
2380
386
2367
163
14
2368
333
2420
2380
2420
2420
2380
2380
3682
2420
2367
163
2367
2367
333
2367
2367
2368
2367
2420
2367
2397
2420
2420
2420
2420
2367
2367
2367
2367
2367
2420
2380
386
386
2420
2420
386
2420
386
386
2367
418
2420
2368
2367
2420
2420
2368
2367
2367
2367
2367
2420
2348
2420
386
386
2420
2367
2367
163
14
14
14
86
163
2367
2368
163
2367
2367
2367
2379
2379
163
2420
2367
2367
2368
163
14
14
163
163
2367
2367
2367
2367
163
163
2420
2420
2367
2420
2367
2420
2420
2420
2420
2420
14
2367
2368
2380
2420
2367
2367
2367
2367
2367
163
163
2367
2367
2367
418
2420
2420
2420
2420
333
2420
3884
2367
2367
2367
14
14
2379
163
163
163
163
163
14
163
2367
2368
163
2420
2367
2367
2420
2420
2367
163
2420
2380
2367
2367
2367
2367
2367
2367
333
2420
2420
2420
2420
3884
333
2367
386
333
386
2367
163
2367
2368
2367
2380
2420
2420
386
2367
2367
163
14
2420
333
2367
2420
2367
2367
2420
2420
2367
2367
333
386
2420
2380
2380
2420
14
2367
2367
2367
2380
2420
2420
84
2420
2367
2367
2420
2380
2420
2367
2420
2379
2367
2379
14
14
386
14
2379
14
14
14
14
2367
333
2367
2379
2420
386
2420
2420
2420
2420
2420
2367
2367
333
2420
1832
86
2420
333
2420
2420
2367
2367
2379
2367
2420
2420
2420
163
2420
2420
2420
2368
2368
2367
2420
2420
2420
2420
1832
2379
14
3884
2420
163
2420
2420
2420
2420
333
2367
2367
2380
2420
2379
2379
2367
2367
2367
181
2367
2367
2367
2367
2420
2420
2367
2367
2420
2420
2420
2367
181
2367
2420
2420
2420
2420
2420
2420
2420
2420
2420
2420
2380
2420
2367
2420
2367
2367
3884
2420
2367
2420
2420
2367
2420
2367
14
2420
2420
2420
2367
2367
2420
2379
333
333
2367
2420
2420
2420
333
2420
2420
2420
333
333
2367
2420
2420
2367
2420
2420
2420
2420
2420
2367
2420
2420
2367
2367
2367
386
2420
2420
2379
333
2420
2367
2420
2367
2367
2420
418
655
14
386
2420
2420
2420
2420
2420
2420
2420
2420
2420
2420
2367
2379
2380
2420
2420
2367
2420
2420
2420
2420
2420
2420
2420
2420
386
2420
2420
2420
2420
2420
2420
2420
2420
2420
2367
2420
2367
2367
2420
2380
2380
2367
386
2420
2380
2380
2420
2420
2367
2367
14
2420
2420
2420
2380
14
163
2420
2380
2420
2420
2367
2420
2420
2420
2367
333
333
2420
2420
2367
2420
690
2420
2420
2420
2420
2420
2367
2367
2367
14
2420
2420
2420
2420
2420
2420
2420
2420
2420
2367
2420
14
14
2379
2379
2379
2367
2420
163
2420
2420
2420
2420
2420
2380
2367
181
163
14
14
2420
2367
2367
2420
2420
2420
386
1817
333
14
2420
14
2420
2420
2420
2420
2420
2367
2420
2367
2367
2367
2420
2420
2367
14
14
386
2420
2420
2420
2420
2420
2420
2420
2420
2420
2420
2420
2367
2367
2367
2420
2420
474
2420
2420
14
333
2420
2367
2420
2420
2380
2380
2380
2380
2380
2380
2367
14
2420
2420
2420
2420
2379
14
2367
2420
2367
2420
2420
2420
2380
14
2420
2420
2420
2367
2420
2367
2420
2420
2420
2420
2367
2367
2367
2368
2368
2368
2368
2367
2367
2420
2367
2367
2420
2367
2367
2420
386
2367
2420
2367
2420
2367
2367
2420
2379
2420
2420
2420
2420
2420
2420
2367
2420
2420
2420
2420
2367
2367
2380
1831
2380
2420
2367
2420
2420
2420
2367
2367
2367
2367
2367
2367
2367
2367
2420
2420
2367
2420
2367
2367
2368
2367
1840
2367
2367
2420
2367
2420
2420
2420
2420
2420
2420
2380
2420
14
2420
2420
2367
2420
2420
2367
2367
2367
2420
2367
2420
2367
2367
2367
2420
2420
2367
2420
2420
2420
2367
2367
2367
2420
2420
2420
2367
2420
2420
2420
2420
2397
14
2420
2367
2420
2367
2367
2380
2380
2397
2397
753
2420
2367
14
706
2380
2420
2367
2420
2367
2420
2420
2367
2420
2367
1776
356
2369
2367
2367
2367
2367
2381
2367
2420
2420
2380
2380
2380
2397
2380
2367
14
2367
2379
2420
2420
2367
2420
2367
2367
2420
2420
2420
2420
2380
2420
655
2503
2373
2368
2368
2367
2367
2367
2367
2367
2420
2367
2367
2367
2367
2420
2420
2420
2420
2420
2420
2367
2367
2367
2367
2367
2367
2367
2420
2420
2420
2367
2367
2367
2367
2367
2420
2367
2367
2367
2367
2368
2368
2367
2381
2381
2367
2368
2367
2420
2420
2420
2420
2420
2420
2367
2380
2420
2420
2420
2367
2367
2367
2420
2420
2367
2367
2420
655
14
2367
2420
2420
2420
2367
2420
2420
2420
2368
2367
2420
2420
2367
2367
2367
2420
2367
2367
2368
2368
2368
2381
2368
2367
2369
2367
2367
2368
2369
2381
2367
2368
2367
2368
2381
2369
2368
322
322
2367
2367
2420
2420
2367
2420
2420
2420
2380
14
2367
2420
2420
2367
2367
2367
2367
2367
2420
14
2420
2420
2420
163
2367
2420
2367
2420
2367
181
2380
2420
2420
2367
2367
2367
2420
2368
2367
2420
2380
2420
2367
2420
2367
2367
2420
2420
2420
2367
2420
2420
2420
2420
2367
2367
2420
2420
2367
2367
14
2367
2420
2420
2367
2368
2368
355
2373
2368
2368
2368
2368
322
2367
2420
2367
2420
2367
2420
2420
2367
2367
2367
2420
2380
2420
749
2420
2420
2420
2367
2420
2380
2420
2367
2367
2367
2367
2420
163
2367
2367
14
2420
2420
2420
2367
2380
2367
2380
2367
2367
2368
2368
2368
2368
2367
2367
2380
2367
2367
14
2420
2367
14
14
14
2367
2367
2367
2367
2367
181
2367
2367
2367
2367
2420
2367
2420
2367
181
2420
2368
2367
2367
355
2367
2367
2380
2380
2420
2420
2420
2380
2367
2369
2367
2367
2367
2367
2367
2367
163
2420
2367
163
2397
2420
2420
2367
355
2367
355
2368
2368
2368
2368
2368
2367
2380
2380
14
2420
2420
181
2367
322
2420
2420
2397
2380
2380
2420
2420
655
2420
14
2420
2420
2420
2420
2367
2397
2367
386
2420
2367
2367
181
2420
2367
2367
2367
2420
2420
2420
2367
2367
2367
2420
2367
2367
2420
2367
2367
2367
2367
2367
2367
2367
2368
2367
2367
2367
2367
181
2368
322
2367
2367
2397
2367
2367
2367
2368
2367
14
2367
2368
2368
2368
356
2386
2368
2368
2368
2367
2367
2380
2397
14
2420
2368
2367
2367
2381
2367
2369
2368
2368
355
2367
2420
181
2420
2367
2367
2367
2381
2367
2368
2367
2380
2397
2397
2397
753
749
2397
749
2367
2367
2420
2367
2367
2367
2420
2420
2420
2420
749
2367
2367
2368
322
2367
2367
2381
493
2381
2381
322
2381
321
2381
493
2381
321
321
493
322
2381
349
349
332
349
349
358
358
349
355
2380
2367
2367
2367
2367
2420
2367
181
2367
163
2367
163
2367
2367
2397
2397
2420
2420
2381
2381
321
2381
2381
321
321
321
492
349
358
331
1791
1791
1556
2367
2380
2420
2367
2420
2367
2367
2367
2367
2420
2420
2420
2367
2420
2420
2420
2420
2420
2420
2420
2367
2367
1840
2368
2368
181
163
181
181
2368
2380
2380
2367
2420
2367
2420
2420
163
2381
2380
2367
2367
2367
2367
2367
2420
2367
2367
2367
2367
2367
2420
2367
2367
2367
2368
2420
2397
2397
2397
2367
2381
2381
322
493
322
2381
2381
321
321
2369
2381
2369
2367
2367
2368
2368
2381
2368
2368
2381
322
493
493
2369
2369
322
322
2381
2381
2368
2381
2367
2369
2381
2369
2367
322
2381
322
2381
2381
2369
2381
163
14
2420
2380
2420
2367
181
2381
2367
2367
2397
2397
2420
2367
2380
2367
2367
2367
163
2367
2367
2367
2397
2367
2367
2397
2397
2420
2367
2420
2420
2420
2420
2367
2420
2367
2367
2367
2367
2367
2367
2420
2367
2420
2420
2420
2367
2367
2420
2420
2420
2420
2420
2420
2420
2420
2420
2368
2367
2420
322
2367
2397
2380
2367
2420
2367
2367
2367
14
2367
2367
2367
163
322
2397
2397
2397
673
691
502
2407
349
646
1791
2381
2381
322
493
322
493
2420
2420
2380
2367
2367
2368
2368
2368
2368
163
2367
2367
2367
2367
2367
2381
2381
2380
2420
2367
2367
2367
163
163
2367
2367
2367
2397
2397
2367
2367
2368
2368
2367
322
2367
2420
2420
2367
2367
2367
2397
2381
493
322
2369
2381
322
2381
2397
2420
2367
2367
2420
2420
2367
2367
2367
2367
2367
493
322
2381
2381
2380
322
493
492
493
2380
2380
2420
2367
2420
2420
2420
2420
2420
2420
2367
2420
2420
2380
2420
2420
2367
2367
2367
2367
355
2380
2420
2367
2420
2367
2420
2420
749
749
2367
492
2367
2367
2367
2420
2420
2420
2368
2367
2367
1575
2397
2367
2420
2381
691
316
358
349
460
2492
646
358
322
493
493
493
2407
321
349
349
492
321
2369
2369
321
492
355
357
2380
2368
2420
2420
2368
2420
2420
2420
2420
2420
2420
2420
2420
2367
322
2397
2397
2368
493
2438
349
321
349
321
2381
2381
2367
2381
2369
2367
2381
2381
321
2369
2367
2381
2367
2367
2420
749
749
2420
2397
2397
691
2367
349
2381
2369
493
2380
2367
2420
2397
2381
349
1791
2381
321
2381
349
321
2397
2368
2420
2367
2420
2420
2368
2420
2367
2367
749
2367
2397
2397
2381
321
2367
2420
2420
2420
2381
2397
316
691
2381
2369
2369
2367
2367
2369
2420
2420
322
2367
2420
311
2381
2369
332
2381
321
2380
2420
2367
2367
2367
2367
2420
2397
2380
2397
358
2381
493
1840
2420
2420
2381
2397
2381
2369
2420
2420
2420
2367
2367
2367
2367
2397
355
2380
2367
749
2420
322
2367
2369
2381
1791
2420
321
425
2368
2367
2367
2367
2420
2420
2420
2420
2420
2420
655
2397
2368
2367
2367
2367
2381
2367
2381
2381
2369
321
2381
2367
2367
2367
2367
2380
2380
2381
2397
753
2380
2397
2397
2397
2397
2420
2420
2397
2367
2367
2420
1791
1815
1862
2432
1937
4564
4538
4625
4618
4618
4618
4525
4625
640
415
2367
2420
2104
2234
2104
2104
721
431
722
2234
2498
722
4564
4525
4564
721
2104
2104
4564
2104
4564
660
660
415
1830
467
2104
2234
4564
1173
2104
4630
4525
4630
4525
4525
4525
4525
4525
4564
2234
2234
321
2380
749
2420
749
2397
2397
2420
2380
1791
467
1791
640
2369
460
415
467
460
1791
2380
2498
1851
1815
2495
2368
2420
2367
2420
1802
2381
2368
2381
2369
2381
2381
2381
2367
2368
322
2381
2368
2369
2367
322
2367
2234
721
2369
2368
2397
2380
2397
2420
2420
2367
2104
722
649
1783
2380
2420
749
2367
2367
2367
2420
2104
1791
721
2368
2368
2381
493
2420
2420
2369
2492
460
460
661
431
721
474
2380
2367
2367
2380
721
1815
661
2492
322
2381
2368
2381
2369
2368
2367
322
2367
2397
2367
2368
2367
2369
2381
2368
2368
1851
2234
2104
2368
1840
415
721
661
2369
2397
2380
2367
2367
2234
431
721
2367
1864
2367
2397
2420
2397
2420
2420
2420
2420
2381
322
2381
2369
649
1862
425
366
678
2380
2368
2367
2420
2367
322
356
1791
660
721
749
2380
2104
4564
2369
2368
2368
2380
415
2380
2367
2380
2420
721
2368
2369
721
2368
2368
2380
2380
634
358
2367
2381
2367
2367
2367
2368
322
2367
322
2369
2368
2367
2367
322
2381
2381
322
474
474
356
4564
4525
4564
721
4564
722
4564
4564
4630
4564
4630
4564
4525
4525
4525
4564
660
660
4625
4525
4538
4538
4564
660
2104
660
660
660
661
660
4564
4564
2368
356
2367
2367
2397
2420
386
2420
467
1791
355
2368
2397
2381
321
2368
2380
2397
316
2420
1937
2368
2381
2381
322
2367
2397
2381
2369
2369
2368
425
2368
1575
749
753
2381
2397
2420
667
2492
2492
2368
721
2380
753
2397
2397
2397
2397
2397
2397
2397
2397
2397
2397
2397
753
749
2397
753
753
753
753
2397
753
2397
722
634
2369
2368
678
2381
4564
2367
2104
2397
2397
2381
1871
661
2368
2397
1575
2397
753
2397
2397
2234
2381
2369
355
753
2397
2397
740
1860
2381
2381
322
2367
2381
2381
2367
2368
1840
321
2403
4564
721
4564
322
2368
2381
2397
2397
2397
660
722
4564
4564
4564
2397
2397
2397
2397
753
753
749
753
753
1562
1562
2397
386
2369
2397
4520
4525
4520
4520
4618
4564
4525
4564
4525
4525
4507
4625
4525
4625
4625
4625
4538
4625
4625
4625
4618
4690
4525
4625
4525
4618
4618
4806
4830
4618
4625
4625
4625
4830
4625
4625
4525
4625
4525
4525
4525
4564
4564
2432
2367
2381
322
2492
4564
4525
4525
4564
4525
4618
4625
4618
4625
4525
4564
4564
749
749
749
749
749
753
691
322
2368
4564
4525
4525
4520
4520
4520
4564
4525
2368
2367
2380
1791
2397
1791
4564
415
4564
4525
4564
4520
4564
4564
4520
4538
4618
4520
4520
4561
4561
4538
4525
2368
2420
386
2368
1840
2368
660
4525
2397
493
322
2381
2369
4625
4538
753
2397
2432
2368
322
358
4525
753
2492
753
749
753
2397
502
2397
4525
4564
4564
4525
2368
316
316
358
2381
2381
2368
678
460
460
660
749
753
2397
2397
2397
322
322
660
1937
2368
1791
2368
2381
2381
2397
2397
2368
2381
660
4525
4520
4538
2397
753
753
753
753
2397
2403
316
474
649
322
4538
493
2381
2369
2397
2397
2397
2397
460
349
4564
2368
2368
1937
2381
2368
322
2386
358
2369
2381
415
660
4564
2368
316
2368
2397
2397
2397
2397
2397
2397
321
4564
2369
2368
2397
1791
660
661
460
2492
4564
691
349
1802
2368
493
4525
331
660
460
4564
4618
4618
4625
349
358
358
4564
1937
4564
753
2368
691
349
2381
753
753
1562
749
749
1575
753
753
1562
753
753
802
1562
996
4145
1585
753
753
2369
2397
2397
2397
4564
4564
4538
753
753
753
1562
2368
2403
4642
4564
4525
4538
316
4564
4525
4564
4625
4625
1562
2397
4618
4618
4564
4520
4564
4625
753
2397
753
2397
2397
2397
753
753
802
749
1562
753
1562
753
749
2397
753
4525
2397
4618
753
753
4625
753
1562
4564
4618
4618
4834
4618
4625
1562
4618
1562
753
2397
753
4625
4625
4625
753
753
753
753
2381
2397
1562
1562
1562
753
753
753
2397
753
4625
1562
1562
4806
4806
4618
4869
4618
1562
4806
4525
4618
4625
4525
753
753
4806
4618
2397
753
753
1562
1562
1562
753
753
1562
753
753
753
749
753
749
1562
749
802
749
753
753
1562
802
802
749
3692
1585
3600
1119
1035
1119
3607
3607
3607
3610
1323
1323
1323
1277
1277
1277
1277
1300
1272
1272
1277
1277
1554
1554
1555
1585
1591
809
749
749
753
749
753
749
1591
753
749
809
1591
749
753
802
802
753
1575
753
753
749
1575
802
749
749
802
802
756
3607
1096
3607
1033
1323
1323
1323
1323
1323
1323
1323
1323
1272
1272
1128
1440
1066
3600
1562
749
1323
749
749
749
802
3692
749
753
1594
3598
3740
809
1400
809
753
753
1272
1272
1277
1277
1277
1277
1277
1272
1272
1272
1277
1181
1323
1272
1272
1277
1272
1323
753
1272
1203
1272
1316
1277
1272
749
1277
1277
1277
1086
753
809
1273
1272
1277
1277
1562
753
749
753
1277
809
1035
1323
1272
749
3438
1323
809
1277
1272
1375
1219
1272
1267
1064
4128
1272
1219
1272
1574
785
749
996
1452
1021
749
1277
753
1219
1272
1591
3740
1272
749
753
1277
1272
1277
1272
1272
1272
1064
1272
1440
3680
3600
802
1033
1591
749
809
1033
3607
3607
1032
1309
753
1219
1131
1272
1591
1277
1277
1277
1203
1066
1066
1375
1272
1375
1323
1375
1375
1173
1277
1277
1277
1277
4150
1277
1064
1173
1272
1272
1118
1066
1272
1591
749
1277
1323
1272
1323
1323
1323
1323
1323
1323
1323
1272
1277
996
1272
1375
1375
1323
1272
3607
3600
1117
1033
3607
809
1553
1277
1277
1323
1272
1323
1323
1323
1323
749
1323
1323
1323
1323
1066
1440
1449
756
803
996
1173
1277
1323
1375
1323
1323
1272
1323
1035
1553
1323
3610
996
1272
1272
1272
1277
1323
1277
1272
1118
1033
1553
1323
4155
1553
1064
1272
1323
1323
1033
1323
1375
3603
1323
1323
1323
1323
3607
4153
3607
3607
1323
1323
3607
1323
1033
1323
1033
1433
1323
1064
1118
1173
1323
1323
1323
1323
1323
1323
1272
2380
3884
2348
3884
163
163
163
3876
3884
163
3884
3884
3884
3884
3884
3884
3884
3884
4564
1228
1199
1198
1323
1181
4630
1273
1273
1273
1141
1273
4564
4525
4630
1273
4630
1354
1278
1199
1199
1199
1273
1421
4564
1323
1173
4525
4525
1283
1141
1173
1323
4525
1199
1173
4630
1323
4630
1173
1199
1199
2205
2420
2420
2420
2367
2380
2420
2380
2420
2367
2420
163
163
2367
163
2367
2420
2420
2367
2367
2367
2420
2367
2367
690
2420
2420
2367
2420
2367
2367
181
4525
721
4538
4525
4525
4564
4525
4507
4507
4564
2104
4525
4564
4630
4564
4564
4564
4525
722
4525
4564
4525
4525
722
4520
4520
4525
4520
4520
4525
4564
4564
4525
4525
4525
4525
4525
4525
4525
4525
4525
2104
2397
2397
2397
2397
2397
753
753
2397
749
753
2397
753
2397
2397
4618
1272
1277
3607
1277
1064
1309
1323
1277
1323
1277
1272
1277
1277
1277
4564
2234
2234
722
2234
2367
2367
2420
2420
2367
2367
2420
2420
2367
2367
2367
2367
2367
2367
2367
2367
2367
2420
2367
2367
2367
2420
2367
2367
2367
2420
2367
333
2367
2367
2367
2420
2367
655
386
2420
2420
2420
2367
2367
2420
2367
2420
2420
2367
2367
2367
2420
2367
2369
322
753
3598
3740
1828
2367
2348
1839
2420
386
2420
2367
2420
2367
2367
2367
2367
2367
2367
2367
2381
2420
2367
2420
2367
322
753
753
1553
3740
3598
1440
