1489
3112
1489
2232
3299
1004
1489
1835
3287
1835
1914
4014
4061
4016
4014
1717
4016
4016
4016
2231
2872
2825
3889
3889
4061
4061
1778
4014
3889
2793
4016
4014
4061
1907
3723
3457
3920
3583
4114
4215
3287
3457
1632
2658
1908
3457
2198
4061
3725
2232
3725
2231
4016
3590
4016
4215
1984
3920
385
3935
4014
3457
1843
2198
3817
3648
4014
1459
3935
3564
4104
3457
3112
1004
3616
4051
3935
3410
4016
3817
3730
3723
2042
3616
4061
4090
2729
385
3656
3206
1739
3725
486
5126
3725
1835
1004
2042
3957
2231
1398
385
3656
3457
2232
3339
3564
3889
3723
2821
2232
1881
1881
2602
3723
2793
2602
1729
3105
3110
4260
1717
5126
4061
4016
3531
2914
489
2174
1917
3457
2232
3262
2232
3590
1914
3723
3061
3656
3656
2369
2042
5132
385
808
3339
1399
3106
2198
1405
2872
2494
2602
3817
2368
1984
2647
2610
2636
1531
3669
3103
2932
2232
2195
2368
3723
2932
1807
4090
2107
1004
2232
1004
3957
3656
2611
3518
3518
1045
3106
3656
385
3539
2141
2003
4014
2894
3576
3220
3410
3583
1458
1791
2232
4215
2647
1809
2790
2232
2198
3299
1554
3937
2042
4061
1398
3286
3196
3564
2690
1004
2931
3112
1843
2734
3723
5083
2462
1465
4057
1468
3817
4014
3108
2368
1004
486
2140
1387
808
4952
3187
2231
3181
1038
3105
4061
341
2142
1437
3518
4013
3471
4215
3020
2198
2597
3932
3576
1657
1572
3410
1336
3457
341
2368
3106
2368
1822
1835
1553
3656
2369
3277
1822
4091
1808
2167
2793
4091
2025
4014
808
2804
1822
4104
3275
1986
1356
1456
258
5180
2902
2232
1554
3072
60
4016
3220
2198
1456
1405
385
1458
1173
4016
3457
1302
1510
2729
3696
2672
2873
3106
1405
5025
1457
3616
4061
1398
4022
1327
709
1302
1384
385
2137
1405
3656
1512
2232
1038
1508
2198
2232
808
3427
1742
3662
2650
2232
3725
4061
1805
1822
2647
3270
1510
2107
2042
4061
4104
2107
1603
4164
1317
1911
2647
1405
2369
2475
2660
1984
2369
3518
3656
1942
4098
3277
4146
2368
1943
3126
2232
2232
1554
3656
1405
4164
1456
3275
1405
1036
1835
2729
5136
4960
3656
1986
3518
2960
1583
1725
2959
341
2107
5046
4097
2232
3074
3107
3286
4021
4164
729
2966
3353
3094
3818
385
2689
1454
1520
1822
3580
1603
1742
1405
2953
4076
44
341
2790
1508
3055
3696
1520
4260
45
4362
3614
332
1516
1036
4164
4104
4098
280
1492
2257
3459
1456
4021
3181
1635
1302
5025
486
4969
3574
2762
1459
1214
4362
1156
4960
1572
2142
2942
2868
1510
4343
1561
3691
3648
1405
3023
848
2232
3287
1387
5118
1004
4090
2537
3303
1357
1459
1405
2454
3507
2729
1603
247
1493
45
1508
356
1320
4164
3912
3277
3564
1371
3279
3929
3279
4969
5136
4960
2720
4013
3219
2138
1554
1405
3262
3601
380
3518
1405
4371
1742
1302
1387
1510
3339
2712
1474
1398
1302
2872
1835
385
2003
2138
4295
3912
4016
4960
1387
664
4282
1603
2391
3084
1943
2232
1717
5025
4451
4392
57
2864
4451
3912
1405
3162
3872
1554
4063
5083
4056
4960
1822
3912
2734
332
4063
1824
1510
44
2232
4091
1510
1468
3285
5136
1603
1178
3862
2841
3090
1405
2232
1405
3206
1405
4952
3602
2138
2232
1405
5030
1405
3941
4545
1267
3912
3723
1603
731
1466
2804
337
1404
1450
1405
1465
1267
1635
1824
2873
488
1554
1405
2961
3932
1742
3279
3299
3799
2369
2232
3130
3049
4392
4022
3052
4352
3848
1020
2721
2232
4858
280
1822
1020
1603
3457
4057
3696
2872
1302
4378
3539
1405
2762
2504
3128
1405
3912
3115
1431
1984
5136
4064
1468
2721
3656
893
4952
893
1405
4386
2872
1472
3615
4488
1822
2724
3251
1554
3300
3738
4090
1510
1510
1508
3351
3656
1117
2138
2873
3402
2231
3090
1405
356
4215
4097
1822
3723
3219
3038
554
979
1509
2804
1405
1241
632
2694
3206
4390
4057
5019
4090
4952
1510
1493
3123
4056
2873
1267
356
1399
1357
343
3285
1984
1451
3399
3867
3699
4104
3656
2232
1405
1267
1822
1228
1038
2231
822
385
2872
1405
850
1603
3727
1320
2565
5063
3294
1241
4970
3084
1405
3286
4372
1849
384
356
3123
2462
332
4016
4356
1494
57
730
1725
1405
3270
4090
1077
385
1405
38
3277
1554
3889
2888
1004
2601
3294
3580
2824
4730
2694
4051
3973
2790
3259
1520
1984
1459
1792
2231
3656
2873
3601
3279
3535
1405
151
1822
356
5137
1984
4098
3431
2712
487
2694
1554
1642
1875
4192
1302
2497
1510
385
1437
3058
3457
1302
5136
2873
2174
2999
1725
1004
857
2873
4097
3197
1267
1984
2999
3058
3286
3384
341
3353
4057
1603
3074
4865
4063
3123
4090
2096
5187
2653
3286
4952
4368
2231
280
3912
3206
4057
3817
4091
1405
4215
1603
3872
3254
3269
1822
1510
5019
1267
1437
1606
1742
2232
385
3058
1603
4057
3744
1405
2198
3872
4061
4352
1405
1437
1603
2966
2138
1554
3736
1387
3090
3696
4276
2247
4108
3862
4048
4068
1824
3544
1943
4362
3470
664
1510
1405
3294
3431
1405
912
2872
2231
1508
1822
4016
2872
3321
2793
1020
356
5126
4952
1725
280
1456
1554
5118
1390
3081
4063
1985
3074
4061
4063
3055
4061
3090
3145
4451
3206
385
1510
1446
1004
4362
1004
476
1737
1302
3614
872
5132
247
5019
3294
4011
1405
2873
1984
1020
3270
4004
3656
1603
356
4164
2873
3113
925
1405
1441
280
1437
3258
3270
1510
3074
4424
1178
4061
1875
697
1554
3727
3983
1822
3708
1299
3656
1446
2873
4392
2873
2873
5136
3300
1510
4061
2265
1822
2873
3429
1809
4278
1267
3656
1984
1356
2652
2872
1405
2728
1742
4680
1004
4362
4495
3219
2873
1302
2762
1405
3353
3576
3090
3656
2942
1302
1121
2873
4061
3571
2823
2661
5126
1267
4057
2541
4063
1603
2329
1390
4106
4726
1603
3081
2420
3270
1302
3003
3612
4061
5080
2138
3286
2376
2232
1603
1302
4096
3656
3932
4726
1390
1299
2699
4276
1405
2485
2873
1725
4061
1405
1894
1914
332
3219
1742
2999
2873
3276
1984
3128
2872
2872
1822
1492
332
3656
4016
4952
4083
2432
1824
2872
1822
3276
1642
1742
3612
1299
1267
3123
2873
4338
1984
1405
1822
3648
3206
1822
2824
3933
1437
1081
1603
5126
1456
1405
385
4090
4362
4022
3612
356
1835
1603
4013
2672
1446
2541
1984
1446
1986
2872
3300
2672
3872
1302
2938
80
3145
2232
1038
3108
2232
1510
1492
1451
4096
356
3219
3270
1004
2707
3973
4061
5083
3431
3725
4970
2873
1004
1437
3508
3123
872
1302
4061
2813
2232
1503
1842
5063
3251
1351
4260
1984
3612
356
3733
356
1603
3145
1405
2872
1666
1984
4260
1004
2263
2178
2571
5200
2873
4022
2997
4090
2824
1508
1405
3907
385
3286
2824
1510
2665
2872
2232
2872
1635
5124
4029
3518
1603
3614
1451
3616
4952
4649
3915
3074
5118
3571
3872
3303
2873
2873
5118
3656
4235
2739
4401
3575
4164
1405
1603
1267
4021
2873
4022
1822
4016
1405
1405
55
4216
730
2707
1117
3074
2873
3181
4952
3123
1822
664
384
1822
1419
2541
383
2283
1299
1554
1231
4040
2672
3973
341
1004
4088
2247
1835
4773
2873
3571
3275
1520
3279
2864
4090
2138
1984
2420
2873
1510
5157
5200
3058
2541
5153
1405
3286
3383
1004
2138
1642
356
1742
4858
1984
1603
1405
1835
3090
2873
3739
1875
3090
1489
1267
3912
3003
632
3723
1822
3457
3113
1590
2873
1554
3276
3279
1390
3321
4392
3058
3399
3003
2873
5137
5019
1387
2873
3817
1405
1984
4355
1405
3270
390
3279
3973
1822
3648
1606
3932
1004
3840
4260
1725
3656
2712
1267
1822
4969
1267
1437
3275
2712
2863
1603
1603
3518
1437
384
3973
1390
4090
610
2096
2873
2863
3094
4078
1634
1603
3277
3397
1405
2873
1822
356
3179
3973
1822
4146
3973
2712
3518
2891
4106
1437
1511
3286
3429
5046
3518
1468
1405
3612
2823
1405
1665
1984
4274
1554
4022
3507
1742
3269
3518
1908
4061
1508
1004
1554
4097
4090
2916
1984
3181
1666
4096
2232
1405
3115
3696
4680
4318
3656
1320
2712
3973
390
5019
4063
3612
1004
2960
1835
1984
3862
2231
3676
632
384
1503
1990
4858
2712
2873
1634
2424
3952
1742
2873
2873
2138
1302
3431
3123
1835
4061
3656
4952
2283
4260
5124
3449
1576
2873
2873
356
2872
57
3270
2873
2873
3912
3272
390
1405
2539
4164
3267
4063
1984
1178
1405
3031
3656
2873
3725
332
3113
5005
2888
3399
3843
1835
2138
4470
3674
664
1451
2165
2874
3123
1984
1519
2873
3894
2873
4960
3736
1376
4078
2734
1405
3074
390
2824
2873
1796
3049
4077
3353
4070
770
1822
1494
3299
2461
3648
341
1725
3632
2863
3932
2232
4015
1405
390
5126
1603
3612
3431
1603
3625
4216
1508
1984
3953
1405
1603
4348
3723
4096
2707
1602
1415
4303
3656
4362
5136
2872
2873
1742
1398
3276
1437
1468
3656
341
2873
1520
1241
2138
3611
3294
1405
2873
3101
3166
4313
3030
3886
2231
3830
2888
384
1468
1299
81
1642
1405
2824
1554
4076
1405
3640
4589
3656
3932
1468
4952
2232
1984
3544
1835
2824
2960
3953
1585
2707
3383
1004
2874
384
3518
57
4952
2665
1405
2872
3257
2712
1451
2888
1822
4279
3429
3921
1405
390
1302
3872
4014
3612
5030
1405
2813
2873
1900
3736
2198
1509
1405
2424
1634
3518
3074
2873
3973
3598
783
3316
2873
1835
2694
1985
3640
2872
1299
2247
1405
4105
3034
3431
1822
3123
2541
4268
1634
2958
2959
2369
332
2513
3932
1020
3145
2999
4051
3633
1405
4260
1742
4236
1822
3219
1984
1603
3303
2748
1302
2873
2872
3123
1822
4057
3872
1822
4236
1984
1635
463
3034
2873
4171
1405
2664
780
3777
3778
3439
4263
4098
3614
3832
1725
4104
3090
1440
1491
3076
2959
3113
3402
2232
384
2959
1267
3307
2958
5083
4268
3269
1657
2127
2872
3847
385
3166
3090
3353
3872
2884
1835
375
1508
124
2958
3518
1603
3666
3910
3294
4097
4055
4061
2863
3348
2884
3563
3431
1267
3123
2232
2942
1665
4792
3123
341
2565
2541
4960
1405
3953
3880
2138
3123
1984
5118
1405
2232
3431
3951
2195
1686
2231
1441
1405
2873
1506
1603
1267
3294
44
332
5083
1121
2232
4320
3794
1456
3648
1302
2694
2872
3656
1666
4202
1405
3145
1503
5136
2873
1431
1824
3270
1405
2712
3113
1405
4061
783
2138
2142
3669
928
1405
4103
1686
410
4263
1686
725
1742
2673
3935
2232
337
2960
3585
2665
2869
1503
4123
3754
3294
3652
3656
3932
1123
390
385
4368
1267
2873
1603
3034
3270
839
3003
2231
2874
4470
1267
4005
4269
4097
1472
857
1725
1822
1405
2541
2251
2247
4023
3003
1299
1405
1397
5046
4715
1405
1454
2712
2873
1405
2439
1984
1171
4451
1509
4320
4114
4969
2565
2953
3090
1510
3431
2268
1405
3074
2127
356
4451
3921
3953
2541
2872
4016
510
332
1405
3656
3074
2263
3431
2937
3837
3932
1405
2138
1405
3431
2647
3307
332
2873
1405
1198
1431
4960
1520
1405
3353
1405
3090
2263
1725
1603
4063
2232
3270
5005
3267
5146
3910
5118
2888
3656
1437
3656
1822
1984
3465
3269
4061
4362
3166
808
2571
463
1985
854
3074
3179
1639
2900
3415
3938
1603
4278
463
3115
3736
2265
2376
3656
1822
3612
2873
2713
3980
2600
1004
2751
4097
390
3590
1920
3219
3560
2462
1603
1576
4061
5118
3458
666
4077
2919
1822
4103
3161
2098
2329
3090
1520
2873
4268
104
1603
4202
3353
4045
1437
2872
4333
3326
673
3270
1509
3058
1575
1398
4260
3656
2872
2310
4016
1450
4146
2702
2999
3508
1405
3499
3794
1450
5154
1121
2872
3870
2232
1299
3115
1519
1241
1004
1835
5136
3830
1822
4917
3953
1302
3674
2251
3862
4057
2665
1603
5126
4952
341
463
4013
2231
3465
873
2571
3145
3932
5146
3270
2872
209
3074
5048
2887
1267
1307
1960
2868
4278
3145
1405
3270
3953
3307
1440
1178
4141
1735
3431
2873
1405
1822
1199
57
4362
4000
1132
1603
3813
2436
2694
2872
1508
793
4858
2647
3431
1307
2077
4061
770
3030
1359
1302
1081
3932
1199
1302
2702
4148
1725
1984
1666
3303
1405
1961
5083
1440
3937
3269
1437
3270
3270
1299
2262
2138
1
1250
3115
1117
2959
4061
2872
4952
4278
2232
4014
3465
3648
1603
57
3843
3736
1405
1603
4016
3616
1606
3270
4302
2712
3431
2942
3286
3110
1508
2888
3932
4014
3431
2958
2953
1267
3644
2694
1507
247
4426
3727
2873
2920
3918
4013
4061
3074
1835
4061
4470
4005
1440
3953
2873
3219
4899
4082
1725
2656
1942
3847
2247
912
3270
385
1267
1440
3115
2541
3034
1588
4003
1985
3255
3334
1603
3090
2231
670
1004
2707
4077
3935
2376
1505
1117
4278
3353
2132
5030
1405
2138
3113
2873
1405
4061
4016
3868
1508
1920
3953
1725
1990
104
1603
2873
3187
1822
1489
1725
2049
2888
5051
1492
4956
1603
2656
666
1405
3431
3777
2689
1822
1405
3896
1299
2888
1405
3932
1004
3894
536
3100
87
3420
897
3259
1450
510
3953
3957
2823
2138
5118
1004
3953
4106
2980
5157
1004
1510
1327
3656
3074
1603
3886
2571
463
4097
3270
4022
2673
1320
1603
2138
2888
2093
2247
5030
1725
4268
4960
280
1513
870
3269
3003
4022
4952
1405
2042
912
2823
2873
1510
4014
1299
1602
2306
3632
2873
1603
1405
4202
1510
1508
1248
2707
2628
4202
3179
3206
2873
3674
1634
4231
473
1838
3004
4451
3090
3034
3893
1437
384
1302
1835
1984
3656
1468
3003
2247
1405
3616
1405
3179
3270
1302
1822
3239
3929
2599
304
1603
2231
1822
4355
5046
5030
3794
1405
4088
1302
2138
3867
3353
3648
2656
1121
2718
4952
1327
1984
4726
247
3115
2700
1808
822
1317
2672
2231
3270
4057
2863
341
2872
1603
1004
1508
2539
4164
1920
804
3307
2873
4063
4278
1265
3611
43
3937
2628
1737
3983
2232
2132
4013
2966
1447
2873
1666
3727
4106
2960
4014
4014
4022
3240
4063
1302
5118
4369
4268
1824
2138
1405
1725
2494
4164
3656
3115
4011
2542
2138
2647
223
562
3058
518
1603
551
3564
1822
1603
332
4061
2712
3872
4061
3074
1850
519
2198
1753
17
2673
510
4097
1510
2462
3428
4014
3326
1510
727
1454
1405
2873
3303
2539
3935
3058
3612
1151
4061
1421
3932
2712
3786
594
1900
3778
1302
2939
4726
3004
3656
4488
3656
4278
2232
1267
2582
1943
3932
4003
4016
4146
4469
4003
1004
1328
631
3032
3612
2347
5124
1603
3932
5034
1004
390
1822
4097
2565
3303
3640
1335
3660
3571
2232
3326
4362
4016
2251
3287
3094
2571
2231
2824
2960
13
2403
1822
3653
4081
1835
332
1321
3612
2690
5118
3431
1822
2247
1900
4014
1020
3612
1405
3447
2446
1520
510
2485
4899
1302
1437
3276
3003
2335
1004
3431
4052
5126
1742
1440
4362
2997
709
3648
3270
1742
3326
3294
3616
3736
1490
5019
3937
1302
10
204
3113
3723
4343
2872
1734
783
4019
2884
1454
3219
2389
1121
1133
1020
1268
1004
3744
3431
1603
3827
3953
5019
356
3656
2694
1822
1554
1503
770
672
1405
4014
4014
3959
1666
3004
2656
1405
5019
3754
1405
1725
3115
2485
2656
4301
1398
3656
1405
1984
2138
1468
247
3979
2232
385
2980
3219
2138
4268
4236
4262
1405
2138
2138
4098
744
1302
1405
526
3113
3420
3929
3352
3260
1491
3115
2712
3074
3270
14
4680
2223
3431
2167
1554
2232
3307
3294
5146
1004
2138
3277
3144
770
912
1510
1875
1299
4268
925
3794
2599
1603
2247
1508
1441
3439
2582
2823
3953
3003
3286
5046
1302
3431
1004
4057
3199
3424
1405
2078
2328
2138
3518
3493
3932
3428
632
5046
3870
2873
551
2582
1824
4362
391
5030
3614
390
3751
1824
1822
3921
3590
1822
3738
1405
4362
3113
3662
3179
3270
4306
3725
1824
1725
1338
4278
1020
2942
4377
590
3937
1302
1405
3932
1984
1742
2232
632
1038
1337
3490
3058
1302
3270
3269
1609
3420
2537
3951
1984
3794
2376
1554
3518
3196
4960
4063
912
4362
1554
3161
3602
2198
1822
2442
3084
4164
3115
2138
1520
3166
1405
3074
4014
4198
1267
5126
3431
3058
4433
3439
5146
2812
761
1822
463
4076
1603
2960
1508
198
2656
5046
4194
3219
3656
2873
5187
1250
3166
3431
2873
1434
3123
4013
3656
1900
4103
1984
3816
45
1133
4189
4278
4260
1822
1984
3276
2232
69
5157
4262
2232
3219
4061
2193
4016
2251
5146
4164
1405
3656
5008
4268
1824
3696
3991
5003
1443
2247
3518
2138
3166
3656
3754
3427
3113
1299
1603
3004
3862
2536
3353
4090
4103
3723
4022
1984
4164
1603
4378
1603
4017
3166
2873
1242
1199
3347
1405
1725
3471
1520
985
473
1603
1319
1756
2247
1824
2917
3294
3656
3953
2462
1265
2198
1859
3932
1603
1943
2178
4035
2539
5005
1405
2138
3612
1004
2656
2873
4969
2656
3145
4726
1004
1004
1405
3458
2042
3431
3794
1405
2656
3219
386
1242
3656
2873
3458
2637
1984
1273
3004
3166
1509
4268
4097
1554
3932
3795
5005
2247
3932
3100
3612
1299
3921
4057
3219
3932
1440
894
3967
1508
3115
2232
1835
1809
3032
3648
1822
2939
390
3219
3113
1183
1430
1984
3871
528
966
2538
3420
1231
2672
3656
5019
1850
518
2538
1302
1603
2823
3431
4320
2599
1603
4164
1004
4401
3837
3769
5046
632
2294
3219
13
3113
1508
1405
2712
1437
209
5004
2138
4148
3115
4952
1509
3656
1141
1299
1856
1161
2231
2138
1449
4020
1554
2443
3279
5136
3431
3656
1838
4045
3724
4265
2712
510
723
1405
2960
3989
5051
2773
3571
3420
1468
3353
3058
2999
1004
4391
4392
3030
1603
1454
1984
2328
2868
2571
2283
3932
3427
1508
4260
1468
3115
1737
3771
2707
2919
4090
3575
1510
671
819
2873
5046
3383
2536
1405
1020
2232
3656
4470
1063
2294
3799
1437
2294
1824
1405
3428
3431
1503
1471
5030
1472
4061
1489
2232
1737
3115
1004
1508
1405
2672
3270
3612
3727
3953
2247
4027
3353
3930
4260
3428
2138
3144
1302
3989
1405
1606
3294
4308
582
1835
2873
2232
4952
2873
1299
594
3843
1900
1398
1199
3003
3074
3166
4899
4220
5126
3113
2042
808
2277
1822
1405
1807
1020
1470
356
1808
510
5126
1508
632
4284
3003
1450
2049
2225
3518
2582
809
1379
4207
3058
1405
3656
4470
4017
2138
1635
356
4061
3353
2942
2647
57
3123
2931
2232
3123
2953
4014
1749
612
2232
4899
3640
1604
3813
2712
902
2243
1920
1494
2707
2957
4061
2231
1576
3090
3891
1824
4061
2813
4056
2138
1552
1547
3003
2721
1173
3648
3956
1106
3804
4022
4123
2231
5051
1282
3431
2599
1414
2712
1822
1822
4202
2917
3752
2888
3428
4016
1163
2999
1508
3123
4350
1121
937
4950
1368
1984
3219
1019
1554
4278
3431
5046
1665
3090
2309
1822
3431
4013
3179
390
819
1121
2707
1004
385
2138
3353
1121
3272
2982
2665
1920
2247
1603
3271
1634
2565
2873
1725
1431
3428
2462
2917
1725
3161
3656
3316
3953
1510
744
3656
519
3893
3953
1900
1231
3030
3294
1642
2542
4470
13
1405
13
2178
2424
5030
3082
1725
3270
3459
4075
2727
1022
2232
3458
3862
1520
57
3640
1520
4098
3323
2873
1690
3219
1171
1603
4104
4362
1441
1508
3303
4295
4801
3893
3656
4409
1984
2917
2485
3778
2574
5136
3115
3113
4061
2486
3739
104
1508
3666
5136
3269
3219
3534
1547
5020
4045
4061
3183
1267
5030
3953
4015
2376
1725
4093
3030
2138
1250
1302
3494
919
3798
2664
332
1835
3431
2869
356
3034
1520
2824
1986
1004
5026
4022
4769
2565
1865
2873
1603
1510
4263
5118
3746
3415
1020
1117
2571
3293
2665
808
4278
1520
1267
2138
255
3203
1900
1405
2574
4451
5126
3115
1875
3270
3656
2247
2247
1405
63
14
1508
860
1405
1437
3656
1508
1437
841
1510
4061
510
5146
2656
1471
4076
3166
341
3431
4400
1835
4090
1725
3115
5046
1822
4146
2673
2571
3219
1510
3953
2599
3303
337
4061
1302
3970
4097
3457
4451
4375
2873
1510
4061
3074
3907
4956
1405
1603
1199
4362
4268
1503
1299
1493
1405
2251
3281
4015
5008
2570
3074
4016
1437
607
2917
3326
385
3616
4278
1508
1603
1642
3870
836
1437
5046
1503
4278
3270
2565
2873
3798
2462
1405
4406
4081
103
1986
1493
3973
4960
3648
3515
1603
1554
1437
1634
3932
2872
2863
1835
2888
3115
2138
2571
2887
2138
3563
1508
2265
3571
477
3951
3420
4985
1405
3953
1405
1725
2571
2138
341
4055
385
3674
2138
815
1405
3161
1451
3563
1520
3656
3420
2083
390
2628
808
3286
3953
3656
1506
2571
3700
3526
3458
4386
1441
4164
2565
1510
4017
3953
761
3123
2317
2565
1510
1405
2873
1405
3656
2138
1405
3219
4268
1984
2231
2873
1121
4061
3166
1105
3656
4016
3431
974
2138
2823
3113
2575
1552
1004
1405
4313
4015
4726
2294
2574
4105
1520
390
3431
3316
2628
4061
3270
2863
385
5046
3270
2276
13
3123
1603
5025
3219
4451
3656
2541
1317
2461
2992
1510
3427
1242
4734
2571
4016
57
4016
3656
4097
1603
2873
1302
155
1508
1822
5048
1508
1405
1242
3616
3431
1405
3034
1161
3307
1447
1437
1509
4019
5073
3674
2712
2277
1508
1914
1422
2076
2193
3726
2231
1845
4299
590
5046
4017
2262
4801
13
3420
2138
1437
3648
3935
4061
4006
1510
1520
1835
3037
3270
4016
895
3794
1267
1405
375
155
356
3564
1437
1603
3003
1984
2694
3295
4392
1020
1856
1576
4015
4016
4960
4278
2936
5046
1004
1405
1437
4451
1468
3656
2225
1199
4016
390
2138
3973
1472
2873
4083
928
1920
2138
4061
897
4362
4061
2565
1004
2873
2970
2571
3219
1405
3219
463
1302
2138
5019
5046
885
4380
2424
1440
4147
4451
3074
2475
3674
2565
1190
1824
1405
2565
3166
2966
4451
2231
4792
5118
3004
3270
2138
3307
1437
1554
3725
1503
1737
3132
3862
1405
3656
57
4063
1634
3656
3563
4016
1267
1822
3270
1822
2574
4368
5126
1441
3862
1405
2294
897
1405
1173
5026
4960
4470
2231
1302
3431
1990
2574
1520
4451
4047
4960
4109
2138
5083
1405
3953
2992
3953
1004
1405
4016
2132
928
4061
585
4451
3725
4268
1405
2076
1121
3286
1508
1004
5019
1267
1503
4020
3656
1405
3113
4061
4265
1508
2225
1984
1046
3206
247
1438
510
3935
544
4726
3656
3736
2873
1351
2873
1503
3307
1020
2651
3563
2565
3736
1822
1405
2138
477
4087
341
1004
1405
1822
1405
4061
5048
2873
3893
1004
4969
2751
3656
897
1503
1441
2138
3294
1299
5046
473
2599
2917
5054
4268
4104
3447
5146
1299
2873
4377
3553
3115
57
390
1004
1642
547
2628
2888
2891
5083
1405
1709
836
4171
613
4061
3219
3301
901
3958
3811
3921
3752
1504
341
3795
1268
1634
5156
4061
2873
3953
3616
709
2873
2823
4801
5048
1405
1468
2873
1725
1156
1004
4078
5083
4260
341
3616
2243
4061
836
1510
5008
3123
1405
2628
2263
1405
5126
2565
2161
2223
824
2083
5031
1508
3219
341
1073
390
1073
1109
1984
828
2872
3953
1508
2542
4097
2211
3074
1850
2656
1822
374
2574
5046
3289
1332
632
4087
1508
5020
897
4375
3851
3674
1405
2565
1603
1503
1405
4061
2574
1508
1405
547
4969
826
1405
2672
1468
3166
1603
2873
3439
1721
4260
1327
4164
2375
899
547
4016
2565
761
3428
808
3794
547
3431
3989
3563
2294
4016
4033
2599
3935
1642
2628
1508
3956
703
1603
3937
2656
3953
4400
3563
2328
2408
13
3074
4109
3431
2375
1405
3983
2942
4451
1492
1267
3115
2917
2231
4022
3953
3935
3303
3082
3428
3113
4265
2221
3640
1508
155
824
4104
2873
4260
3011
3115
4097
3935
2873
3074
211
4215
2042
1822
4278
2574
198
5079
5030
4164
2225
5019
1990
4016
3563
1845
808
1405
2208
1603
4109
5146
4346
550
1822
5046
3115
3427
2138
1585
4743
2247
1273
4960
3771
477
4061
888
13
3115
3696
2225
510
1510
5057
5048
1634
2980
2042
3932
837
1405
862
3074
2980
4017
550
2138
2672
1822
1990
1508
3663
4017
4164
3867
3616
3575
3813
3219
3563
3656
549
1753
2530
2138
5046
1081
899
3353
836
686
2571
1603
3270
2574
1822
4260
1510
5083
1405
3431
2565
5046
1835
2873
4097
3882
1509
1576
4061
1981
510
1603
2873
1004
4451
2873
1073
2247
3003
136
1467
3115
3303
4016
13
1822
3932
2317
898
3702
3308
1509
898
4355
1441
3431
550
4362
3457
4268
547
4215
2891
1603
3084
1121
4017
3115
1725
703
3930
2582
2656
2294
3793
2574
3270
4061
1737
3935
1405
3867
3736
1822
2565
1508
894
5126
2193
5046
533
1503
3929
519
1503
1642
547
211
703
2088
959
1183
544
550
2243
2247
2574
2727
1004
3921
5079
2294
3727
3656
4016
2980
2873
761
1419
836
4164
2462
538
1508
1437
4016
1753
4014
1824
5146
3656
808
5126
1835
3794
3640
4362
5146
4061
2873
4451
1508
1405
1299
3293
1509
1990
3896
4017
2873
3921
2762
2873
1510
5022
1267
4164
4083
2565
3269
13
2942
3206
1508
4014
3953
4003
1737
4202
1121
1405
3074
899
3867
1405
4061
3115
3656
4726
4097
3932
3271
3431
2042
1725
5088
204
4451
5079
5030
4014
2231
1709
4097
5046
1321
1405
510
5146
4003
4451
1508
3563
1061
1437
2042
1603
4164
1603
5126
3431
1405
3725
5146
3431
1508
4014
4346
3739
1299
3270
2712
3656
3959
1299
1508
5146
1299
1241
5126
1405
5146
3674
3674
1004
1642
1405
4063
3431
3867
3978
3326
1709
3870
3953
3953
3789
5146
2873
5088
4237
1531
3984
2942
2761
4268
4109
5146
4237
5097
3563
4123
4278
3953
1405
3725
3812
5079
4193
4278
3270
2762
3294
3937
3663
2712
4278
155
3937
1835
2138
2138
1835
4278
4801
1835
1835
1835
1835
1835
4278
3431
1835
2138
2672
2138
4801
4726
2138
1835
2138
4726
2138
2138
2138
1835
1835
4864
2917
2672
2917
3666
2917
2727
3166
1835
2727
3563
2917
2917
2727
1835
1942
1531
2042
2042
1942
2024
1489
4014
4014
4014
4014
4016
3954
4014
4014
4014
4014
4014
4014
3656
2873
3656
2873
2873
2873
2873
2873
3656
2873
2873
3656
2873
3656
3656
2873
3656
3656
3656
3656
3656
4061
4061
3294
3616
3616
3696
3843
5126
3294
5126
3294
5126
3294
3731
5126
3294
4061
3294
3294
3293
3294
5126
3294
5126
3294
1509
5083
4164
5083
1302
1405
1603
1267
1405
1554
1405
1302
1267
1302
1405
1405
1302
1302
3992
4459
3870
4110
4346
5146
5146
3808
5146
3959
5146
3813
4202
3813
3776
3984
3983
5079
5088
3982
5088
3813
3976
5146
5097
3984
4189
5146
4202
5146
5079
4189
3959
4195
3979
3959
3813
5146
5146
5079
5079
4193
5079
5088
3978
5079
5146
5088
3975
5146
4237
5091
5088
5088
3813
4079
5079
5146
5088
5079
4109
5088
5079
4404
4164
4164
4451
1437
356
1437
4400
5083
1510
4451
4164
1020
4164
3763
3932
1437
4362
1022
4164
4960
1437
1437
4164
594
4164
184
4960
247
4451
4451
3932
819
1437
1510
3953
124
4372
4400
304
1510
1020
5008
4942
4164
5083
3953
5025
3953
1022
4451
5083
4164
4164
5083
4164
4451
4451
3632
4164
5083
5083
5083
3932
4400
1506
3932
3921
3953
3953
1635
4451
4451
819
1171
1506
819
5083
5083
4240
5083
4260
155
3953
3431
17
3932
3932
3953
4362
4355
3953
4364
4355
4355
4355
3932
4355
3727
4372
4400
4320
4104
4350
4355
3094
1077
3001
3642
4372
4260
4260
4104
1635
1849
1077
1635
1077
1022
3312
1117
1640
1117
1117
1022
819
819
857
819
819
819
819
4451
4451
4451
4451
4451
4451
5083
4451
4451
5083
4164
4451
4451
4451
4164
5083
4451
4451
4451
5083
4451
1437
1171
1492
1171
1171
5008
4960
1171
4960
4960
819
819
1020
1171
4960
1454
4960
4960
4960
4960
1437
4164
4443
4451
4451
5083
1437
4396
4451
4451
5083
4960
4451
4960
4451
5083
4451
4960
4164
1437
5083
63
5083
5083
5083
5083
1437
4960
1437
4960
1510
4960
4960
5083
1437
1437
1492
4960
1437
1437
1020
1510
2247
2571
3736
5118
4061
4061
4061
4061
3736
4015
4061
3571
4061
4061
3894
3779
3795
4455
3837
3908
4404
4005
4426
1419
1405
1822
1405
1603
3034
5046
3115
4359
3870
5146
3870
3792
4045
4202
4263
4406
4001
1765
1508
1508
1468
1441
1503
1509
1508
1509
1508
1468
1503
1508
1161
1508
1503
1508
1437
1508
1508
735
1250
1508
1508
1508
1509
1503
1020
1503
1503
1503
1437
1508
1508
612
1441
1503
1508
1503
1508
1508
1503
1503
1508
1508
1508
1508
1508
5030
1020
1508
1508
5030
1508
1508
1508
1508
1508
1020
1508
1508
1508
1508
1508
1508
1508
1503
1508
1437
1508
1503
1508
1508
1508
1508
1503
1508
1503
1020
1503
1508
1503
1508
1508
1508
1267
3600
3166
2442
2278
2672
4268
4097
4268
1405
1405
1835
1822
1822
1405
1725
1405
1725
1405
1725
1004
1725
1725
2231
2999
3074
3161
3270
3161
2294
2294
5046
1835
3219
3656
1405
1510
1603
2888
3219
3219
2872
3219
2872
2872
2223
2960
1725
1472
1725
1405
1472
1419
1725
1520
1822
1405
599
1725
1405
1405
1725
1725
1634
1472
1405
1405
1472
1405
1725
1299
1405
1822
1725
1299
1299
988
1725
1725
1405
1725
1121
1405
1725
1405
928
1405
1725
1634
1405
1405
1405
1405
1405
1405
1405
1405
1405
1405
1405
1725
1725
1634
1725
1405
1405
1405
1725
1405
1405
1405
1725
1822
1603
1822
1603
1603
1822
1419
1419
1468
1508
1503
2571
1508
1405
1405
5046
5046
2599
3219
341
4278
3937
3953
4278
4278
4278
4278
4278
4278
3937
3937
4278
4278
4278
4278
3932
4278
3937
4278
4278
4278
4278
3937
5054
3644
3113
3113
1508
1508
1508
1267
1510
390
5126
1634
5046
4488
1510
2247
2571
1508
1508
2574
4061
1766
3030
2294
1990
3050
3544
3156
3179
2663
3179
3156
3331
2283
3179
3156
4016
1468
2231
4164
4164
3004
1510
897
3294
