4463
1088
4463
4520
54
2216
4463
3279
2241
3279
3400
1829
1859
1877
1829
1430
1877
1877
1877
479
2821
3608
1877
2692
1859
296
3733
1859
3133
1902
1829
1859
296
2325
817
467
1491
396
446
296
4386
467
2774
54
3651
467
4348
296
3299
2043
842
479
1491
467
1491
296
4171
1491
467
3075
1859
467
2774
4540
569
467
1859
2377
3133
865
929
467
2113
2216
148
3426
2135
467
1491
757
1491
569
4171
569
1859
840
586
467
569
4100
3735
467
2377
842
3299
3279
2216
3279
4545
479
59
467
569
653
479
467
569
2346
569
54
2043
3692
3344
276
569
1902
3437
2127
522
3633
2424
4221
653
1859
1491
467
4486
3651
3846
3651
467
2043
54
2861
467
3344
194
3437
194
703
76
4171
2470
467
3746
3437
41
918
4348
2017
3655
3437
2980
757
41
4143
3437
3112
746
4540
467
3651
54
479
3963
54
258
54
76
242
3
2216
4520
2216
2237
194
3112
757
918
4494
831
233
467
467
54
3400
1829
3651
226
4098
522
467
59
3432
4520
653
4467
76
4348
4520
4348
522
1662
1732
3279
1859
41
1207
467
757
2475
2216
4486
4221
2325
3651
73
4102
4239
4348
933
4203
865
1859
3437
41
2216
2377
918
76
3746
568
2092
2241
4239
2860
338
296
568
338
2740
4783
1859
1882
653
3400
4348
1934
3612
918
3608
111
467
4494
296
568
54
831
54
2017
3279
34
568
76
3685
2216
939
76
4538
1902
939
3824
1829
3746
3633
2017
4315
1902
120
54
3153
2917
3725
3212
2043
3379
2998
4102
1829
4098
4348
4494
2017
467
59
3341
4100
467
2259
4203
586
148
2470
71
918
2017
4203
200
953
296
41
2187
2259
4203
2259
308
467
2774
2017
789
3763
2821
3362
3926
4604
479
3731
3570
2166
918
2657
2821
467
1829
586
2216
3746
1931
3798
3
4171
1859
2092
41
1797
4102
2259
3212
3731
2017
76
3963
4464
3279
76
831
554
4604
216
3608
4545
54
560
3963
2861
479
1797
307
2017
2270
3798
1934
1662
2259
3279
1934
4125
3798
568
120
840
1882
2706
1580
1931
568
3
4944
3318
2043
1882
467
386
2286
4102
3055
2103
4125
2092
2472
467
2068
4494
2884
2018
3461
1797
1797
2017
3317
2424
1617
363
4348
2384
4178
918
2230
2424
1805
73
4123
2409
247
3362
4102
1001
413
4606
4203
3437
938
3798
2286
4239
3747
2017
4203
1934
3763
4123
4067
111
2195
73
1419
3798
111
338
3317
1902
4203
3717
247
2103
467
1662
1902
2473
479
2241
247
116
2017
789
3963
3828
54
406
2017
902
3461
2377
1797
4102
2140
2490
3986
1547
3798
3682
755
3608
865
2259
4067
4215
1882
4203
4125
3798
76
1859
4062
2440
1662
2017
54
3717
54
808
2017
550
2166
2259
76
4203
467
3568
308
308
2259
2821
3279
467
3466
2166
1425
755
1491
3798
247
2366
216
1797
902
4480
71
2821
1233
4203
3750
3717
3906
509
3798
509
2017
1989
1931
1662
755
4102
2834
3798
2149
509
3112
2409
1902
3494
4652
4089
4520
939
4203
4652
2241
2305
1797
3172
3261
3725
854
2017
479
1662
1491
1797
682
3125
2440
1454
1424
4203
3379
4290
4102
1797
509
3261
1797
3055
4203
3461
1865
2259
4494
2017
4540
2149
3747
1399
460
3651
1797
2017
2092
73
2166
4067
338
1351
76
3629
3973
1480
3919
3018
2105
467
1239
4652
2963
2043
3098
4710
2149
3798
1797
467
467
148
386
2259
1573
4239
1424
1882
3437
4067
1797
902
2645
1018
4171
3098
918
4652
1902
233
3943
854
2780
2017
3717
3655
2259
2353
2946
2216
116
1207
1662
3029
1902
1327
4652
4203
5113
3706
789
3106
2166
2030
5007
386
682
1580
1547
522
2424
2149
399
3881
4239
247
1562
5115
3461
1580
1797
3565
3317
2305
5064
886
4652
991
1077
4652
3362
1735
2834
51
1797
2542
308
54
4606
2241
2440
4494
1007
4100
3141
4315
789
2821
2017
1662
2149
1662
2702
2241
2780
467
327
1662
1334
1797
1805
4494
4265
3317
467
1580
1365
4173
2017
1207
1805
4089
566
1547
2030
4239
1617
1491
3717
3856
3798
2702
1580
1662
1931
789
4089
467
2017
3906
3608
2017
2346
3494
2216
54
467
3461
3752
4796
1007
3426
509
4348
1766
3362
3279
147
989
479
73
624
3717
1882
1261
2017
3318
1797
2245
3967
4171
216
1394
2149
1934
1156
1662
1316
1399
1239
2259
406
4203
467
4652
1865
467
3050
3098
601
3271
3317
2259
2216
3165
601
3318
2843
1662
4171
3317
3608
540
3608
3281
4125
933
1797
1882
2305
1859
2030
724
4538
1007
1156
386
682
4153
479
4606
509
3978
397
573
467
1424
2075
1797
3297
5015
1931
2018
4652
3763
1662
3798
70
2166
2043
467
3608
2149
397
4777
1797
4348
1931
296
467
2259
4652
1797
1064
2440
1662
1829
247
1927
148
5001
3414
3141
3261
216
4820
1185
4808
51
3558
1865
3055
4203
2017
653
2030
1424
3763
591
386
4652
2149
1877
2821
2148
33
4652
1824
4820
682
2017
4710
4494
1662
4820
699
225
4820
51
3317
296
1902
3608
653
182
4386
4613
3978
467
4203
4494
2017
1379
2149
3731
3494
2259
1989
4203
2470
4102
4652
467
1617
2017
2030
1797
4203
4666
4350
351
1797
1547
2270
1927
1454
1697
2017
2384
4710
4613
4841
3317
4652
3317
2652
923
1829
1156
3672
1662
1805
3564
1539
967
2545
572
2545
2030
3717
1927
1927
2305
2861
4203
653
3193
2017
51
902
82
1583
2166
73
4171
54
1007
386
2017
247
1797
3098
2017
1839
4102
3410
1927
1662
1882
1662
2470
918
182
1927
3317
1662
2545
1927
1859
1859
1207
4239
4820
4171
467
2148
1859
1662
1145
902
3245
2531
1797
208
2732
3105
2017
2237
358
1829
3564
2440
1207
3963
1454
1797
2259
598
568
73
2531
902
1419
1480
3292
2017
3963
51
1539
653
2017
1051
3344
2409
3410
2166
1882
1927
765
4171
4067
327
327
2149
4203
2409
376
1829
854
4798
1156
1403
2632
2149
4249
1797
2149
358
3172
2166
6
1927
509
2440
2017
2216
467
1491
2017
1106
1805
3798
2569
1797
4796
4494
2017
467
724
1379
1931
4777
1547
2531
1797
1690
2470
1537
2470
2440
4494
297
591
3029
2470
1931
2259
1231
4089
4386
1770
2714
276
479
4652
4203
4494
983
4461
4062
3105
2216
2732
509
1859
3798
1865
467
4203
1927
2328
4613
4989
3359
3055
3050
1829
4841
4386
2606
82
3317
1080
1163
2424
2166
4777
4490
397
2121
1856
4073
2017
3041
2216
4143
4545
2017
3963
2499
1589
4390
1927
1931
1399
865
723
4652
2017
2560
467
905
883
4652
4386
3041
4520
327
1613
447
522
875
1797
2092
4494
831
182
3098
3033
3317
4796
1902
1093
1931
1927
1927
4796
703
509
3437
3250
1989
2270
1662
1797
1797
2286
1927
4545
2018
1829
2017
2017
1617
467
1755
2732
2347
1882
1927
4239
1077
2030
1539
2366
397
1539
1662
2387
566
3874
1537
1662
2259
326
2470
509
363
2328
3042
1454
2531
2305
1927
1902
1902
3102
4067
116
568
2166
2440
2732
951
4203
1480
4390
1865
2387
3213
2017
386
902
2017
3568
1797
2409
1797
3568
2166
1797
1662
3279
2030
2030
4812
1156
4150
2235
2166
509
1001
3512
194
2017
467
1454
2532
1927
1662
765
4067
902
2148
3919
3608
1851
2237
182
3098
5115
247
1927
865
1662
2166
1216
2017
3105
4796
1882
699
2017
216
708
1150
2216
1428
2577
2017
301
3568
1797
2387
4203
2149
4613
3651
3098
4812
1797
1797
808
3798
1003
509
902
865
2727
4076
1927
4812
2843
3265
2545
1797
3608
2672
1662
2030
1539
3263
3874
509
2018
4545
509
2166
875
1220
3245
4613
1562
905
755
4943
875
4652
1797
358
2193
2017
2706
2440
1004
1662
4545
4114
1797
2237
1464
3651
296
4652
2328
1662
2174
724
3343
2166
4239
2216
1003
479
1797
2861
918
3098
4812
1927
3943
3568
509
4796
3294
4820
2351
2216
4067
2440
4171
3261
2241
4596
3565
810
1383
1629
3568
3568
1927
2212
1399
2195
2166
2030
1927
2166
1662
4150
2030
2531
4820
541
182
3602
4545
326
4796
1153
1927
1927
73
3655
2154
4666
1927
1927
755
3313
4812
1662
3414
4269
1931
467
1797
1679
1662
2353
301
951
467
2409
1454
4494
1185
1007
1003
2531
2440
1859
4820
1755
4494
82
1760
2030
1797
3599
1927
5066
1927
3798
1829
1316
2260
3112
2017
3317
4796
883
1927
1231
2672
1144
4188
653
3165
2149
3856
522
2991
216
363
1539
3641
4812
1150
4520
1829
2017
4796
4820
1797
4777
3360
1797
3828
467
4652
2440
2154
2017
1797
1899
3261
2617
1007
2451
4171
653
572
1705
3160
327
1927
2166
308
4330
3798
4652
511
815
1927
3362
2216
2166
3353
467
2017
1927
3963
4125
3187
1399
5066
386
2292
1185
1003
4652
1562
1569
1797
2259
606
2017
2237
1580
2684
3098
167
1150
4652
433
2821
4143
4812
3279
1464
3494
3612
2794
1007
902
2216
399
467
808
1865
1448
2241
2017
905
4969
3098
4494
1185
2212
810
902
2132
2017
467
1662
4067
1859
358
4203
2017
4841
1927
2166
1859
4348
4652
2017
1156
2545
840
1882
1927
699
3657
3746
4186
1927
2531
1156
51
4239
2821
1562
3414
1424
3318
1243
1865
2149
3608
2148
2424
2212
2069
1931
902
1702
3037
1150
4080
4073
3317
1732
2268
2259
2424
1797
4282
2387
3922
2531
1797
1931
560
2259
951
545
2030
2149
467
4067
1539
1346
2531
3747
182
4223
1927
2270
1424
4464
2312
4195
4195
3414
4215
216
4123
3350
2017
2092
1927
4494
4458
3414
1931
1454
4268
479
2684
1931
1797
3414
2353
4102
2424
2237
3608
1156
3655
3318
467
3098
4150
4188
1931
1989
2531
247
4652
3798
2069
865
1797
3098
3537
653
2125
2688
653
447
3125
1989
2305
1722
1797
2030
4520
3317
2706
2830
2030
1110
4265
2387
5123
1797
2154
3657
2166
2030
4171
4796
2017
4520
3609
4350
3963
1756
479
4203
2259
2030
3798
1797
2017
653
1805
4490
3798
2545
1454
1805
2664
4494
467
1662
1156
3041
351
2216
2840
2017
1454
5115
3098
1927
1812
3494
4666
2212
2166
1454
2017
1859
3746
2166
338
467
1677
1424
2067
2569
13
4215
2212
3755
2149
3924
2135
2043
4109
1882
4523
2241
3437
4519
2525
3717
4820
3211
4094
2132
3943
4777
467
3657
1797
2030
1797
922
4545
3755
2272
2241
3261
1859
1797
3042
3623
2424
3990
3165
1539
2149
1539
2387
525
3414
4777
2424
2545
2259
82
3159
3098
2017
4494
2166
2030
3379
343
4143
4203
2740
4652
4480
216
3763
4520
3317
4150
4652
1648
4390
2017
1882
1156
13
4102
3612
3558
2387
3655
2437
3568
2409
3379
85
1882
3437
3609
1918
4359
1150
2017
2166
1662
1810
3746
3414
2121
1927
2259
1156
3370
3798
2259
1580
4188
1662
1927
3963
1539
1797
1859
1454
1931
1562
1931
3845
3211
4796
2353
541
4652
73
2149
4171
1132
2174
1491
73
3343
3746
1589
182
51
82
1882
3874
3106
3187
1064
3033
1797
2287
711
3703
1829
3963
3963
258
2166
2351
1927
3854
2946
120
2212
4464
3318
4796
467
4171
3029
3494
3963
1797
1153
1829
4812
1454
3082
1352
1132
2149
993
2353
4422
1018
1706
3465
1927
2424
3296
1797
2840
2470
4195
5123
4217
5066
4239
902
4666
5115
1865
2952
105
4545
572
1168
3458
2305
3465
3018
1480
3317
3317
2259
1064
3682
2230
1156
2259
1511
4442
479
2545
1759
3599
1797
2621
3279
4125
4215
2387
2525
2191
1662
4796
743
3261
933
2241
1797
4820
682
4499
1448
1859
2241
4486
3671
1589
1454
1150
2840
1931
327
869
1882
4002
2105
1856
2780
82
1585
3296
1454
2259
4123
3558
4390
4494
3172
447
1153
1865
1927
1424
1797
1185
4102
994
3717
1677
1662
3845
4002
3317
386
5113
1562
3098
3746
1648
2780
4076
1829
3165
3317
509
1662
2569
1150
1185
2259
1007
3042
1539
2440
1539
1931
1797
878
4102
4494
1955
2843
3798
4666
1931
2545
3437
2166
1805
5115
2645
4089
1931
1829
3655
182
1335
479
2075
1888
216
1797
3798
1003
1829
1424
1797
2525
918
1945
4666
4978
3568
3360
3317
1207
3633
4652
2353
2065
1859
3360
3494
3317
2166
2258
1480
3763
4102
5066
1805
951
1272
3717
1859
2305
3317
2531
1829
653
5066
4494
3558
1927
1759
2531
1502
1797
1201
4348
3141
3414
3763
1931
467
1797
4494
1759
2470
2411
3370
3919
51
4969
3193
1797
1927
386
82
2216
1007
1851
1854
3963
4494
4494
3612
2305
4467
4652
2017
2440
1454
1927
2017
1859
1829
3484
4652
4171
3612
1539
2212
4102
1797
1927
3105
1539
2732
1580
1145
1185
1454
4203
4871
1797
3414
2259
2017
3609
4290
1934
2149
1662
2067
3293
1185
2259
85
2621
5066
2475
3317
1216
2424
2368
5001
4494
3568
3558
2237
2193
2166
1859
1539
2154
3245
1589
3317
2328
4494
1424
85
1882
1797
5066
1454
516
2424
1931
1931
3924
3165
1797
2166
1185
3963
3414
4203
3379
2424
3798
4606
3926
3672
2237
2237
1931
1077
2017
2440
3763
2193
1927
4203
1859
1334
3709
2194
2605
1927
1580
1662
2840
4494
3926
4494
1007
3414
2840
4532
2305
51
4812
2569
1275
4522
244
2067
4102
4150
2632
1351
2994
1003
2017
2531
2440
554
4652
1001
1589
2017
1859
2017
2241
1882
2259
2149
3828
1915
1584
3906
1662
1207
2149
3018
3159
4652
3682
1797
4215
1662
2440
4100
4125
467
1201
2259
3414
1077
2259
1797
2531
3798
4265
1156
54
2780
2259
3568
386
4666
216
447
363
1858
1797
2216
4652
3414
4102
4171
2170
4390
51
1859
1702
247
4183
1805
1394
3414
1316
3564
4520
4467
1859
3828
3465
1927
2216
1220
2316
1882
1859
1859
2708
3828
1859
1662
1859
2688
2424
3494
2440
2259
1539
3437
4102
233
3827
3474
3137
2166
3746
4490
3213
3608
711
2149
902
569
2149
1797
2409
1829
3568
1931
1829
1882
3747
4091
4348
2259
4606
3924
2531
2174
4652
3963
3353
1859
2991
4652
3453
4494
1797
1927
3828
3414
3261
1865
358
2706
1859
4494
3612
3568
4314
4494
2166
3352
2259
1156
2440
1931
773
3564
73
1702
4386
2166
4525
51
1434
3564
2525
4545
3847
2946
2216
2079
3926
1156
4777
3746
447
1797
3612
82
2328
4796
1797
3318
4520
2174
2684
3943
4972
2525
4520
3193
2461
2305
525
2241
2490
1589
386
606
1882
502
578
2149
3706
5066
2531
2409
1895
4777
2475
447
3001
1797
1589
2166
1859
2740
324
2017
3317
3924
3102
3568
3193
3098
1662
4613
4330
2596
3942
2890
1648
1745
4820
2149
3798
3126
1403
3926
467
3105
2166
2991
467
953
1859
4523
3763
1955
2017
3494
4541
1454
541
3125
545
2185
3746
3250
1989
4494
1479
4002
2259
343
4080
1471
2216
509
1705
1797
1351
3558
4652
1547
789
3317
2149
1662
5115
3165
82
2259
2075
1859
2485
1539
2067
1589
2259
3763
5066
2017
1539
4520
3963
3414
1860
41
4094
2259
4171
2166
4652
4606
4269
479
467
1589
2411
2166
2424
2844
2823
1424
2166
2166
216
3926
2259
1662
656
1454
2596
4359
1989
5053
4458
2861
2166
1882
4123
2763
3098
4525
3360
3746
1662
2861
3414
653
4269
1539
2440
4380
2241
3755
3763
4203
1156
2259
929
281
3682
4343
1662
3414
4501
4652
1454
3193
2241
3558
2092
1207
4943
1662
2030
2328
886
4798
3141
2259
4064
4002
2440
757
2544
1150
3353
3565
2097
3564
951
902
4525
1403
2461
244
3926
2092
358
3717
1403
1539
4238
467
2166
755
1662
1216
1454
296
1048
3105
1734
467
1403
1539
2780
3612
4613
3317
3717
4203
2287
1662
2259
3612
1797
2149
4386
3731
2860
343
956
3132
2259
4666
1931
247
3285
3963
1573
4171
3682
3963
1662
831
4239
3798
4820
1365
994
1662
2353
3125
4348
1580
2566
4173
2270
4520
2440
3465
3343
2017
1882
1859
3141
1662
4820
2030
1865
1216
3414
2840
1132
235
2149
4082
4545
1797
3494
3986
4951
2969
3637
2220
3830
645
1927
2074
4203
3098
2837
2030
1002
3359
1859
865
2166
957
2440
2205
1805
349
3682
2132
2237
2017
2440
4330
4520
4606
3317
1455
479
1511
653
3437
1829
3414
3845
4102
1424
73
3671
2424
1185
148
3682
4203
3943
3414
831
2166
3343
85
5066
3006
1454
1334
1797
2067
3261
3895
4125
789
2258
1701
1931
4143
4102
1797
4153
1797
1516
4523
1927
1797
1403
2386
2017
1539
1711
2259
3050
4522
1797
1002
3370
3414
1403
4125
467
73
1705
3963
247
4348
2185
1805
1797
51
4540
3978
3414
4494
1797
2166
4813
2328
3414
1927
3926
2942
4464
2531
2212
2328
2017
4390
3279
4094
3682
2259
1589
2411
467
2018
94
1927
3414
1156
4171
1884
2067
3343
3986
929
3318
1662
3612
4359
4494
3414
3723
2353
235
3293
3608
886
1530
3612
4494
3437
3006
3986
2645
4520
2531
902
1918
467
2149
1960
4796
1535
1454
1163
1430
4143
3798
2763
3963
4073
2596
2259
3568
789
3763
1613
1578
4073
1662
1797
2241
1139
3018
3817
1797
2270
2212
3250
4359
3350
2411
3512
2686
4393
1020
1454
2740
2017
2369
3798
708
3294
2166
3042
4265
182
5115
453
3162
2545
699
2384
479
2531
1922
5064
1662
1934
1882
2437
1394
307
343
5066
1132
1275
2166
2166
3731
2259
3494
3564
1454
274
2525
2067
5115
4125
2415
3317
2212
4153
1573
1399
1797
4494
4143
4392
4348
1454
3874
3612
2655
3986
929
4652
3827
3494
4125
4486
1411
541
2123
3798
902
3165
1927
4665
82
4392
2017
4652
4520
1379
1829
1185
4357
1351
4613
2686
1403
1797
3353
3609
2994
2426
3926
2569
1829
3665
2043
3494
4520
2149
3986
1662
3568
1882
358
1805
4841
1454
2103
4125
1915
2237
3353
2166
2241
2259
5067
2017
708
467
3717
3453
2531
2030
479
182
1927
1334
4494
3299
2166
105
1185
2424
1882
3568
2531
3659
4820
1454
4171
3746
4325
2216
2017
76
4203
1586
13
54
2166
4820
3986
3731
3125
2424
4494
1145
4525
573
3963
1891
2569
4102
2415
2017
73
1829
3320
2166
3747
2257
1829
2305
1399
3746
3608
1927
2732
2043
2885
1399
1859
3437
3926
479
3098
566
1002
2159
2166
3763
743
4171
3213
1231
2353
1829
386
4438
1927
3160
3494
1829
4502
1848
2440
1945
4089
2237
54
4494
467
1425
878
4314
2221
1829
386
1454
1163
1810
1584
1153
3098
1797
1539
2840
2305
3717
1185
3353
2305
4479
3317
5113
3359
2799
2545
3437
4098
3293
4171
3388
2706
1662
1434
1394
3830
2119
182
1918
2166
4150
1859
1048
4796
3798
2259
1007
2017
467
2440
4125
2545
3313
3313
4386
4171
1454
1662
1947
2569
4520
1927
2212
1007
3353
3963
4125
1539
2353
85
4186
2533
4203
3926
73
4091
3717
2154
2166
2259
1960
467
1797
2464
1859
641
1797
3811
4438
1156
4203
1048
2212
3105
1001
2644
2525
4089
1454
1454
2639
2530
3798
566
3288
216
2965
1927
1156
2411
4203
1797
1707
2461
3213
4652
3828
1425
2531
3717
85
3598
3279
2305
3963
4195
3414
2305
4011
1454
1829
4073
4796
4102
4652
2437
4125
2272
1433
3060
4089
3763
5066
1829
467
1797
4652
1896
1829
3963
1984
467
1960
2166
5115
3050
3756
3734
1351
4464
2409
2531
3296
3437
2409
4223
1971
3752
297
2017
3671
1931
2525
4265
2079
2030
1797
3798
2914
2075
1011
2174
4203
4034
1589
653
2241
3746
1307
3288
2166
2166
4871
4048
2166
1662
3414
3906
4812
4265
1403
4545
4094
3414
3414
1424
4102
2763
4652
3671
2017
2740
1379
1383
4613
2604
4494
1829
2531
2840
3177
2463
2237
4125
4647
2308
1805
2531
789
1539
4265
2411
2149
4545
4370
1589
1103
4203
1896
3881
1931
1927
1829
2017
3137
2424
653
4102
4418
1927
4652
1829
3317
5066
4606
2017
1797
1403
4150
2424
3856
2259
2530
3379
3414
4464
1859
4203
3414
3317
1829
3798
3671
2305
3963
467
1859
2287
4652
1797
1797
3564
2763
4613
2411
2606
1434
4666
1589
1927
1351
3963
1662
4290
3717
3131
593
1895
699
3798
467
3828
1797
1797
5115
2212
4094
386
4812
2531
1185
4520
2440
1589
3317
2440
2305
4652
3193
2305
2657
3042
2596
3763
2017
2533
3379
2212
1589
3568
1448
3952
467
4812
3568
3671
1662
1989
4494
2305
2884
73
3044
4076
4796
3414
3731
386
2154
789
4494
1589
3967
4073
1454
3717
4203
3682
1589
4652
3320
3612
878
6
3963
2710
4203
2017
2030
2259
554
3568
2017
4217
2424
2166
2241
1927
2259
1859
3098
3746
85
1731
3609
2780
2166
3924
1454
3414
2763
2328
1797
447
1859
2440
2686
3414
3318
1756
4796
1865
4186
3414
296
3105
447
467
3637
4123
4464
641
6
1797
4203
2024
4102
1379
2387
2259
796
3317
4494
3353
1316
3736
1589
2525
3798
2525
789
2424
1797
1927
1662
3494
4652
1539
4002
3926
2017
2018
953
1174
1797
4223
3715
3414
3465
4652
5115
3250
3437
4796
2166
4325
3986
1233
3856
4076
3437
3596
386
3437
1929
4203
4393
1732
3437
3098
688
2596
3568
4613
467
2026
1829
1915
4203
3465
2531
3963
4545
2525
3055
3682
2166
2375
247
3494
4155
569
4613
1797
2424
1797
3317
4330
3919
4613
235
2235
1829
1829
3798
1307
3963
3510
2017
1662
3798
3977
4652
85
4525
1185
2305
4812
2166
4796
2569
2481
4820
2259
4171
2166
1829
4294
2461
1829
2710
2017
1927
2437
1589
4393
2017
1479
711
2259
2166
3763
4944
3437
3623
1403
4494
3657
3798
3317
3963
4820
4520
2706
1403
2017
1589
3098
3828
4102
386
1585
1859
2067
4666
3568
3414
5115
1662
3299
2740
947
4464
3261
1797
85
3798
2437
2545
572
2305
1829
1797
2149
3105
2166
1454
1573
4820
4652
4094
2259
497
2368
2017
3856
4203
3798
1829
479
2259
1392
1756
3414
3465
4102
396
3798
3564
3568
3798
2259
3639
3317
2132
2212
2545
1731
3924
2259
467
3842
3798
467
2424
1424
4076
2545
386
4652
2328
4652
2166
2606
1428
85
2017
1454
1829
2103
4652
4525
4171
2414
2305
3798
4203
3568
2135
3979
2531
85
1859
951
1163
1927
1383
3193
4613
2969
3098
4520
1829
2149
1797
2440
2763
4215
4316
2216
2212
1797
2259
1859
4002
1927
3717
2328
4652
4464
773
3406
5115
4203
2166
4820
2017
2097
3811
3980
4125
4327
929
4065
1213
2159
2545
1927
3717
4464
3830
3798
4796
2212
1316
4076
3414
1185
2911
4102
2017
4540
1164
3682
3983
1859
4217
4464
82
4159
2829
2132
3717
3856
4320
4359
2235
2884
3183
1829
1927
3612
569
4652
1927
1359
2531
4076
2017
4652
1927
3379
1419
2212
3537
2270
4545
4113
953
4076
1829
1050
4652
4203
3359
2017
3414
3963
2259
842
2710
244
3414
3746
4076
3763
4597
1479
4316
4076
4796
3746
3437
4143
3437
3679
2154
4363
3110
1931
4002
1882
2890
2969
1539
1050
1454
5106
1859
4260
4469
4215
4652
3763
3455
1617
3952
4812
2259
1589
1797
2740
2259
1829
3414
4652
1797
3746
4652
878
1797
3568
4652
4061
1797
1927
1454
989
4545
2259
4269
566
3945
4076
1829
4520
878
3353
1050
5067
3979
1722
3564
2305
4357
1829
4102
1584
3261
1797
3414
4652
1351
3746
1797
2287
525
2154
1617
2305
4392
3924
3790
3317
2829
3360
3437
2545
3564
3317
3798
4203
1797
3937
4125
386
2708
2154
2135
1931
1048
3353
1454
1246
525
566
4652
1185
3437
4065
1927
4545
1589
4063
3318
2135
951
3317
1164
296
2531
2149
1702
3414
697
3564
3546
4102
4525
4652
1629
2525
2305
3963
3096
1662
5107
1797
2485
2840
4442
3979
2149
4944
2645
3006
2440
1756
2531
3414
1505
3798
3160
1050
1859
878
3565
3519
1859
4525
3568
4203
2195
4076
1756
1589
4171
2132
3746
2259
3671
3317
1589
1732
3979
2440
3568
1539
2212
4652
3299
3320
4102
1491
953
1989
3845
1530
2305
85
1156
2259
4464
2166
3987
2569
2368
4125
2657
3746
1589
1797
4123
3414
1539
4545
4652
2270
1797
1394
4520
1479
2531
1927
3318
2914
5115
2235
1829
1629
2531
1797
4763
2212
3798
1927
4076
3414
2237
3979
4674
2710
3828
2525
3662
2149
2132
4525
3437
1272
2596
4652
3437
1008
4652
3296
3979
2461
653
3318
3746
653
1220
1797
1882
2545
2599
2645
2212
3746
4049
4525
1589
1458
1915
3414
3317
467
947
2135
2259
2692
1829
1797
1589
4652
3437
4820
3437
2957
642
2606
2832
4076
5115
4325
4076
3096
3746
4076
3963
1693
3979
3979
4076
3414
3414
2525
2328
2132
2159
1155
1220
1379
1829
1589
1927
878
1580
3096
2270
3963
3979
4652
4652
2305
3068
1859
1403
3845
572
3979
522
2531
4442
3963
4150
2829
1859
1927
4102
5113
2017
3172
522
4652
1629
2067
2599
1927
3612
1882
140
4652
3763
1797
2270
4796
1589
1931
3565
3317
3978
2740
1859
2837
3042
1185
4442
2545
2017
3317
3945
3160
2017
296
2578
1927
2531
2424
3612
1275
1810
2531
3379
2485
4541
4102
2485
3926
1859
1207
4325
3318
3881
2010
2259
2440
2840
1915
3798
5115
2305
2890
5115
3279
1797
4102
1797
4820
4094
1797
3299
2159
3359
4652
1859
4442
4812
2545
1882
2166
1160
2485
2545
5113
3845
3172
1797
4820
2259
2829
4820
4820
2328
1316
1580
4796
4094
3160
1239
3963
4540
3564
1896
1896
2205
2485
1927
2485
2159
4463
3564
3317
1882
2424
2485
2159
2485
1239
2305
1829
1702
3001
1797
467
2485
2485
4038
2132
4666
2195
842
1955
3299
2440
1307
3494
3296
2531
2531
2440
2531
1307
2531
3736
2440
2531
2531
2440
1335
1985
3736
2440
3098
2440
2531
2531
3568
2531
2531
2531
2531
2440
2440
2531
2531
3568
4125
4125
4125
3098
4125
2305
3098
2531
2305
3768
4125
4125
3768
4604
4463
4463
4171
3279
4463
4463
4143
1859
1859
1859
1859
1829
1859
1859
1829
1859
1859
1859
1859
1379
1927
1379
1927
1927
1927
1927
313
307
1927
1927
572
1927
85
572
1927
1927
298
307
572
307
653
296
653
953
148
148
3299
842
653
4820
467
842
4820
3299
4820
467
653
467
467
522
467
842
467
4820
467
4652
4102
2270
4102
1662
2017
1797
1797
1662
1662
1662
1662
1662
2259
2017
2017
2017
2017
4102
2205
3564
4269
4442
2840
3845
4195
3845
2485
2840
2159
2840
2159
3564
3564
3564
4038
2485
2946
2485
2159
4255
2840
4102
3564
3564
2840
2840
3845
4102
2946
2829
2485
4269
2485
2159
2485
2840
2485
2485
4038
2485
2485
2485
2485
2840
2485
2485
2159
2159
5110
2485
2485
2159
2485
2485
2840
2485
2485
2485
2485
4038
5066
2270
2270
3798
2740
1927
4494
1617
3798
4203
4102
2270
4203
2270
5048
1150
3798
4150
3162
2270
3798
4613
3798
2270
4494
3682
1652
3798
3798
4102
4102
1150
3798
4613
4203
1705
3798
1216
1352
3906
4652
3798
4203
3798
3682
4102
2837
4203
3558
4089
4102
2270
3682
4102
4269
2270
3798
3906
3353
4102
4102
4102
2270
1150
1808
4494
3612
1955
3558
2132
1651
3798
3798
3798
3798
4494
3798
4102
3798
4102
4102
4545
2605
2154
4150
2132
2648
1150
3639
2154
1216
2132
1617
1216
1216
1896
1150
1963
1805
3136
1617
1805
929
3318
1899
2092
3151
3318
4089
3136
2092
1931
929
2911
4089
3747
1337
3747
4089
4089
3153
3153
3153
2347
4089
3798
3798
3798
3798
3798
3798
3798
3798
4613
4102
3798
4102
3798
4606
3906
3798
4102
4102
3798
3798
4102
4102
4102
4102
4613
3798
4102
4102
4613
4203
4203
3798
3798
4203
3798
3798
3798
3798
3798
3798
3798
3798
4613
3798
3798
3798
3798
3798
4494
4102
3798
3798
3798
3798
3798
3798
3798
3798
3798
3798
3798
3798
3798
3798
3798
3798
4102
3798
3798
4710
3798
3798
4102
3798
4613
3798
5115
3798
4203
3798
3798
3798
4613
3798
4203
3798
4613
3798
3798
4652
1454
1454
1859
1859
1829
1829
1829
1859
1859
1859
1859
1829
1829
1829
5066
4195
4359
4290
5066
5066
5066
3042
5066
1662
2017
2216
1797
1797
922
2411
1433
4195
4442
2840
3564
2840
4290
2840
2664
5067
4442
1403
4652
4652
4652
2384
2740
4652
4652
5115
4363
4652
5115
3986
2384
4652
2606
4652
5115
4652
4652
3926
4652
2740
5113
4652
4652
5113
3546
2606
5115
5115
2740
4652
3926
3926
1383
1383
4652
5115
4652
4652
2740
2740
4652
4652
1383
4344
4652
4652
2740
4652
4652
4652
5115
3986
4652
1383
3986
2740
4652
2740
4652
4652
4652
4652
4652
2606
2740
5115
3986
2606
4652
1836
4652
5115
1383
3986
1383
2740
5115
4652
1383
4652
1836
4652
1797
1573
3343
2566
2464
4061
2424
3318
2424
1662
1662
3098
2216
2216
2017
2017
2017
3379
2017
2017
2212
1539
1539
386
3317
3317
4123
2188
3317
3932
2600
4944
2531
4217
789
1662
4203
1797
1185
1103
4217
3679
1511
1511
1511
3414
4067
2212
3990
2212
2259
2259
1797
2212
2259
1539
1797
2259
2212
1580
2259
1539
1580
2545
2259
1424
1424
1424
2017
2212
2259
1580
1539
1580
3172
2545
2259
2212
2017
2212
2212
2545
2259
1580
1580
3172
2259
2569
3990
2259
2259
2259
2017
1163
1580
1424
2259
2259
1424
2259
1580
1539
2212
1580
2017
2017
1580
2212
1424
1580
2259
1539
1580
1797
1797
1797
1797
1539
1797
1580
4652
4652
5115
3414
4652
2017
2017
367
4531
1584
4393
3811
1702
2287
3612
2132
1702
1307
1702
1702
1702
1139
2287
2287
1335
1702
1307
2132
1702
1955
1702
1307
1307
1702
2165
4327
1064
1454
1454
4652
3986
3986
2079
4203
4796
4820
2545
2957
2946
4203
3414
3414
3986
4597
3414
1829
1403
2353
4327
2212
3414
4820
4464
1048
4464
4464
4464
4464
4464
4464
4464
2525
4652
2241
2270
4102
2174
4652
3963
653
