1620
3672
1537
2142
2144
1625
1743
3820
2631
2822
3659
1686
3498
3138
1743
1933
3230
1684
881
3321
1610
883
1778
3321
2716
1536
4671
2599
2932
2686
2356
1510
3321
1510
2822
1637
470
1507
881
3590
466
2631
4720
2144
2598
2598
1513
2713
1512
2142
2815
1743
881
1778
881
1513
1687
4671
1625
970
1743
970
1513
3504
3644
1536
2142
3230
3590
1507
2631
2598
442
3321
973
1951
3672
1550
1933
2480
972
2716
2598
1493
2887
2631
3442
2144
1026
1611
973
3628
3644
1900
2598
404
1167
397
1507
1430
1538
2349
1595
1683
3160
1513
2633
929
2716
1610
2601
1600
1791
2072
1641
2659
3445
3572
2131
1007
2659
2072
2601
3572
1637
5055
1795
2796
1567
4039
1367
883
2142
1384
2680
2857
2680
3230
2861
3445
3145
3018
3284
1592
3018
3401
1531
2161
2340
3024
2072
3272
2887
976
1007
4671
2224
2971
2633
2257
476
2356
2796
2970
3024
1167
1610
5055
3272
2344
3138
3241
2971
2971
2451
2601
2773
1637
1637
2083
3748
970
3068
4671
2072
2833
632
3160
341
2214
2350
2257
3663
2072
3068
3324
3989
632
2716
3122
3949
4720
3663
3284
2862
2340
2829
2451
2525
3138
2525
2224
2451
2350
1642
3068
2582
3145
2224
2224
4671
632
2773
2224
3024
2306
1618
2661
3284
2144
3124
3230
3820
3663
3138
3230
1538
2161
2661
397
476
2970
1535
2224
1167
2819
2773
1600
2257
2081
2796
3068
2773
1641
1600
2257
2309
2970
2224
2224
2072
2598
2350
1421
1933
632
2224
4039
2773
1538
341
3344
975
2257
2861
1549
2970
2257
3371
2716
1535
3748
3284
3124
1026
3471
3012
1600
1036
632
2680
2633
1535
2350
1603
2773
3960
3960
3024
3124
2638
3972
3284
3590
2716
3748
2131
2072
970
970
2350
2970
3321
1653
3284
2773
2970
2632
2072
2356
2680
1367
3138
2465
1744
1535
5047
2233
458
2496
1367
2072
2971
2450
2632
3284
630
404
1611
1384
2262
2861
3960
2680
3949
2224
3124
2073
632
632
1040
2072
3002
3137
3068
1031
3024
2309
1507
3498
3068
5050
2796
3324
2309
3068
3098
3313
3068
2525
3960
2072
2224
3748
3748
1591
2072
1038
1537
2632
973
2638
3250
2122
2819
3230
1507
3068
2773
1005
2156
2073
3124
3321
1010
2311
2083
1600
3401
1026
3663
4015
2350
2224
3068
2830
404
2081
3272
1641
4720
3068
2336
3272
404
1611
2161
2638
2224
2661
2311
1167
3021
1982
4015
1592
973
1557
2525
2527
1811
1587
2336
950
486
3371
3012
2083
2257
4671
2091
1384
1744
3122
2316
2072
1173
5047
2662
1591
2257
883
2224
2580
3068
2773
2311
3183
3024
2969
2131
2525
3440
2306
2525
2862
1010
2399
1108
2350
2819
2971
2971
3024
3321
389
2350
1535
4515
2525
1604
3313
3820
2350
3104
1981
5047
3002
3068
1807
3272
3748
3047
2686
835
3068
2580
2306
1167
2295
3124
2316
1514
2316
2525
2257
630
2316
632
2638
3748
2428
3279
2819
1604
3064
3138
2525
2978
632
2072
2633
3471
3139
3284
630
1167
2224
3452
1550
3284
1036
1829
4183
3375
3068
1591
2645
2370
1031
1038
2311
950
2632
2569
3647
3960
3124
2525
4515
2072
2718
1618
3748
4810
3284
2292
2156
2569
2344
4221
3064
3250
4671
2224
3250
1029
4152
1124
4039
3018
3834
3068
3012
3124
1036
3628
1141
2788
1124
2224
2072
3380
3122
3012
2971
4533
3471
2144
2465
1036
3646
3647
2450
1490
2142
3238
1839
3031
2080
3139
1363
1253
3663
2680
1363
2947
2317
3330
3200
2698
3976
3124
1409
1016
1531
2527
397
2406
1167
4323
3647
1253
3304
2122
1642
1592
1550
4221
3452
1488
1908
1458
1869
1131
4282
3071
1036
2638
2119
2292
632
3139
4152
4152
4253
5047
3307
1875
2803
3647
2643
3124
1683
2161
2486
3024
3199
2296
3569
3250
3012
3200
3578
3471
3647
630
4253
4183
2316
3498
3068
3452
5047
1228
1244
2800
2773
4207
3124
3657
3049
74
2569
1747
2072
3948
3347
1365
3199
2020
2857
2406
2399
2311
3546
3442
2410
2773
2944
3660
3570
2350
3660
3461
1315
2224
1912
2702
2687
2054
4253
2652
4253
3452
3849
1747
4266
3948
1409
1693
3173
2702
2843
3002
4282
1576
2690
1367
3976
4253
2434
2830
4307
2822
2319
1010
4281
2457
4251
2700
4253
3145
2971
2309
2944
3553
2638
2944
2652
2410
1230
4220
1977
4267
3647
557
3043
632
3748
3440
3461
4671
3068
3820
2612
3199
3200
820
557
1616
2350
3018
2702
3124
2527
4271
1265
4039
3509
3047
1253
3197
1611
2618
2625
3660
3849
3215
4002
1680
2527
1869
3328
1970
2297
2982
3609
1905
1746
4254
1742
3795
3301
2550
3904
3134
3068
4671
2486
2486
3024
3328
4220
430
1031
3056
3148
3215
1245
4282
3633
3452
2857
1786
2701
4953
3068
557
1451
2845
4253
1248
3633
3173
2161
4251
3068
3644
1317
3660
3169
2410
2702
3056
2311
3138
4025
2406
3002
3134
3198
1696
4002
3849
3205
1896
3228
1786
2701
2316
2256
3865
2292
4946
3205
4810
2410
1245
3134
3024
2833
4631
2054
3126
272
2569
4039
157
3849
3471
3498
2486
2904
4952
1337
1765
3156
1912
3265
2962
2796
2539
1535
3498
2636
2836
1244
3840
3748
2638
3200
881
2638
3139
3609
2796
3220
3373
3452
1873
3391
4668
3024
2161
2707
4531
2311
2701
1455
1365
2350
3899
798
4304
1973
2701
2271
1173
4617
3865
2701
3461
1108
2486
3549
2277
3748
3002
2702
2869
632
4744
4617
2309
1889
2222
3653
1696
4253
1834
3552
1535
4209
1169
4507
1963
2311
3660
3748
1073
4671
2843
3148
2350
3756
3024
2140
3259
430
4270
800
1914
4209
2309
1786
950
321
286
4002
1786
2054
785
3471
2612
542
430
2043
4002
2896
3660
2645
2271
4507
3461
3795
3134
2350
2702
3507
3660
1590
3177
679
430
4810
2874
3609
1015
974
1056
3795
3452
2554
446
2194
1591
3211
1827
2840
1642
1167
3134
632
1912
1093
1351
2072
3357
3633
4446
820
4002
3068
1056
4810
2028
2311
3228
2072
3215
1054
2904
446
3849
1696
2623
3904
2554
2982
3980
476
1963
2618
4282
3082
3064
1973
2982
3321
2222
1317
3633
679
3776
982
4810
817
3461
157
3552
1783
557
1746
3149
3434
5109
2830
430
4810
4671
2638
1950
735
3068
2410
4533
4287
3865
738
4533
3109
4507
782
2971
4927
2140
2410
4810
2486
2527
4631
3198
1744
3667
3124
4533
4671
1617
3789
1099
3960
1253
2873
157
3471
3663
3148
3480
3770
3871
1339
157
267
3000
658
4927
1265
446
3211
4253
430
2296
4533
4791
446
3068
157
726
2833
2090
3972
430
2690
2481
1091
1587
1036
4154
3960
446
1889
446
558
3200
2311
3200
430
741
1040
1139
2542
4631
4270
4251
3056
3471
2072
2754
2638
2257
4507
397
1897
3068
1014
3148
3633
2819
2845
191
2971
822
3149
1173
2943
2944
1245
3284
1557
3056
2962
4253
1821
2336
205
3064
2680
1996
3124
1327
2992
3024
4533
2140
3357
3830
2222
540
817
4810
1316
1339
4952
2852
4582
1875
157
4946
4249
267
3198
446
1611
1587
3044
1061
3461
1204
3135
556
3823
3148
5165
3810
2645
3109
1746
1786
3776
735
4617
4507
3148
1036
267
3044
2556
3507
2318
3006
3598
2569
430
1884
2873
4249
3865
3041
3407
157
4035
2836
4810
3200
3663
3148
2091
1451
806
4282
4151
3776
4507
3632
4282
1363
4828
446
4270
1695
3297
3507
679
4304
4359
4221
4631
1240
1919
2176
1173
2971
1592
3867
4108
1795
4983
3151
4245
3971
1970
3148
3098
3610
2527
446
2130
2410
2271
3960
4946
632
3151
2824
1054
3950
2873
1495
3972
3971
3285
157
3748
1382
267
1795
2638
2833
267
2791
4109
3776
3458
446
2840
4950
4271
205
3149
3200
2224
2554
1176
4274
4270
4753
3148
2039
4186
1636
1081
2477
2357
4185
3068
3068
4209
1876
2645
3068
430
3068
1325
3822
2738
3149
430
914
3653
157
556
3056
3599
3068
4507
2311
3041
3026
4029
157
3056
632
3927
3789
3823
2474
1731
1938
3552
430
4209
3960
4810
2107
4631
1139
1549
1036
446
1765
4582
3757
4671
2944
1880
1762
2554
3682
3971
3139
430
3200
1382
4209
1751
1384
1821
3636
3139
4330
936
3235
157
3149
2554
4533
3321
2773
446
1765
4533
3026
2450
2024
3950
2721
4952
3880
3776
1663
3933
1364
446
3056
3149
4671
632
3166
4026
532
3546
1139
3197
458
3976
2554
267
1663
1914
430
1695
4507
2012
4276
1535
4810
2638
1661
446
3461
1894
1805
1950
3155
2271
3661
1682
2698
3098
3653
3297
4507
1593
4533
157
3372
3636
3036
4209
3471
3148
2638
4631
3396
157
3151
2257
3151
4270
2367
4108
1919
3866
4952
157
3884
3653
4810
1984
3149
4768
3151
1573
2316
157
1738
4946
3867
3507
446
1821
3068
1688
3149
4983
3980
1786
3056
2874
3613
3661
3769
3235
3776
157
4507
3151
157
362
267
1036
3024
1661
3776
3950
3599
1061
1996
446
3374
1351
1636
3872
3627
1655
362
1549
1464
3767
1339
1919
1432
3599
1606
1824
3148
3471
4282
3056
1634
3769
1876
3139
430
1802
2874
1339
205
2525
1767
3895
4847
1057
1576
3349
3012
1821
430
1826
430
4533
3972
3769
4039
4753
2344
1919
1659
2836
1656
3396
2829
1765
1036
4114
532
1451
446
2033
2306
3041
446
4810
2700
3149
1384
1139
4507
2435
1242
2716
446
1031
2830
4334
3480
1677
2410
3056
4810
1635
738
4213
4209
4507
3636
2632
3997
3002
1914
3156
2716
3012
2016
2486
2680
3599
446
3810
3618
3653
2874
4810
3041
3636
4582
3220
1558
4866
2316
4791
3056
2477
1450
2661
2494
558
3823
1719
2990
4253
1912
558
3552
2554
3024
4810
1696
3613
2950
1176
4680
2525
1283
3105
2039
2030
4237
1894
1826
1747
4631
3872
2477
4256
4753
1817
835
1179
3262
532
2749
157
2774
1958
532
2356
3904
267
3599
3397
2701
3642
2539
1733
2413
4533
531
205
2620
5064
2028
3648
2806
556
4026
3056
1711
4810
3898
3810
3211
1192
4791
157
3151
1010
726
2386
2477
2698
3151
3849
1640
430
3805
1912
3657
4810
4307
3872
2435
3980
157
4692
4946
4282
2912
1036
2873
1044
4631
2855
3810
3479
3997
1698
2960
3554
2435
4810
4533
798
446
1636
286
3769
3653
1091
3972
3840
2350
4617
3056
1869
430
3862
3866
679
1950
2140
2902
4631
3599
430
3139
267
430
4610
4814
267
3068
2357
1695
2936
3639
3396
1753
3056
3124
4810
3954
157
205
4810
4692
2352
1343
1752
3971
205
1629
1421
4507
1919
362
2638
1918
1973
3235
806
3867
4810
4289
3610
1124
3355
2751
3972
157
4060
4927
3871
2962
3926
430
4323
430
2901
3148
3776
2896
157
4287
862
1421
157
2829
1856
4060
2652
2944
1411
4753
1636
2983
553
2962
3769
1458
157
2721
4267
191
1125
2224
3151
2955
2140
3235
3396
3823
4810
2955
3955
1495
1031
3884
4627
4399
3139
4507
679
446
2527
1124
4994
1753
556
3056
1919
3503
2982
1384
3667
1949
1897
2736
430
4810
2011
556
1739
1450
2140
4810
2904
1817
3396
2080
1458
4810
4229
2343
1455
3024
3983
62
446
1807
3205
3632
4533
1535
3473
2833
2968
4507
2527
2962
3480
205
2034
2701
4282
3012
1193
2896
4533
3834
430
3012
4631
1914
4627
1657
4839
1565
430
1176
1139
1919
267
1031
813
3082
2481
1015
2983
1013
4665
4950
3949
2937
1734
3867
1721
2492
4810
540
3235
3872
1826
2873
1090
3872
3148
532
1576
3632
2844
4533
4952
2773
3441
4810
4582
3668
446
2072
3638
1118
3636
2435
1897
3313
1071
3770
3148
3860
4456
2873
3956
1495
272
2967
3900
3056
2039
430
4952
1802
2905
1662
4060
4671
3980
2873
446
4060
3343
2028
2331
1958
4938
1124
4631
4946
540
1746
431
4753
1965
3757
1897
3479
4507
4631
3024
4507
3056
4753
3653
4875
3198
3960
1118
2477
157
3139
3636
2896
4829
2311
3155
3971
205
912
3776
1124
3012
4871
3769
531
3056
556
3960
1657
3974
4839
3926
1897
4533
4829
3700
3865
3702
2855
665
2751
4025
2851
1919
1852
3024
1985
2356
3810
3000
5119
1167
4810
4627
1695
3948
2435
3866
3031
430
1629
3898
3235
2704
1415
1091
2222
2855
3632
1753
3476
2841
3343
1762
3701
3661
1696
1897
3700
1576
3115
4810
3862
1124
3534
4810
2905
2721
3380
4270
2465
267
4671
532
3980
3882
3503
4183
3494
2950
3109
4533
3653
4060
2091
950
2477
4810
2715
1061
1856
4507
3012
3053
3151
2916
3862
2904
5056
3872
446
3983
4249
2779
4533
1736
4610
1897
2554
3397
446
1869
1124
1821
2936
1826
2904
1282
3064
3810
3903
1118
4263
1031
4270
1897
1059
2902
3041
1919
828
430
3639
3503
4115
2140
4810
4507
430
3700
2306
1123
1918
2422
2081
3983
3148
3396
3151
3546
2911
2938
2139
3082
4952
4810
2936
1036
2777
3577
2701
1044
2929
1493
2912
1044
2951
430
1013
2229
1784
157
555
3200
1038
2580
3068
2140
1734
272
3347
2751
779
3983
3636
2072
4810
750
1124
556
554
3633
3872
735
2850
3864
3248
1081
4631
1586
3503
3678
4533
4810
205
1559
1549
147
2410
1439
4631
1052
3348
157
404
1739
4533
2721
2846
3110
4631
3849
558
2457
157
3166
3865
4964
4631
1606
157
3812
3844
3235
1281
157
1665
3148
820
3769
1912
4810
3124
531
4810
1733
3024
531
4533
1820
1061
3056
1977
2855
1313
430
1057
399
1038
2271
3599
4533
157
3752
1972
3838
1326
3031
3280
205
1449
3554
1634
3563
3056
2011
2612
1093
3026
3396
912
4222
4507
4753
3956
2542
1826
1696
1666
1093
2140
2638
4256
2847
1469
157
4810
1124
532
3808
1734
3494
4035
2936
2873
4026
3769
4014
1603
4118
3056
1559
3041
1124
430
3757
1351
1224
446
1010
1054
3737
2774
4665
157
3965
3851
1139
806
3159
914
806
1741
2751
3789
3040
1977
1757
844
1634
401
680
1550
4507
2222
3056
3166
4183
430
3166
2913
157
2435
1036
3810
1156
1099
3999
1993
1089
1993
1568
2162
3748
3613
4747
4061
3899
912
2465
157
3691
3862
3056
826
3026
3862
3151
3348
4298
2846
62
3233
4507
3769
2855
980
4810
3461
3356
2967
1636
157
3889
1099
1877
3738
1657
3773
4617
4154
1972
1665
362
1739
3872
1869
1124
2837
1765
3149
1821
1081
2072
267
430
4014
632
157
4229
1139
1856
1985
2779
3632
1661
430
4582
2435
4220
4810
3748
1191
3041
3214
267
3047
3507
2944
362
1144
1108
1821
157
2830
3701
3543
185
4027
3139
2527
1069
3064
3653
3023
1753
2036
4810
1403
2501
3024
2873
1070
3653
5101
1450
3830
676
1874
3420
2162
157
157
3428
2271
2841
3044
4285
267
1013
3955
2457
3206
1374
3259
3308
1081
362
4231
1659
1818
2357
1531
430
3348
3048
1873
3972
1653
3068
205
2139
4631
446
2222
3810
2052
4768
1191
3490
1985
4950
4631
3965
553
2525
531
4507
4014
4810
446
3764
4810
3024
205
3256
4207
1450
2593
3543
556
3348
4120
556
4631
185
1634
1089
3503
3636
4507
3862
4117
2222
3233
3769
3948
4237
2855
157
533
3829
3012
2829
205
2941
1985
2083
1490
3633
1187
3471
1826
4287
1894
3541
3734
3166
2465
1773
555
3825
4533
4631
826
3024
1805
267
430
3948
1663
1711
3661
1014
4270
4533
3653
3764
3650
3026
1088
4249
2902
2913
4839
3233
2612
4810
2015
3286
2316
3980
533
3738
2632
1127
4665
1558
2662
321
4005
1919
4800
1088
2477
4810
446
1897
2139
1877
4977
430
4810
2406
430
3864
1663
446
1421
3127
3679
1889
1767
205
2039
205
1421
3232
4039
3561
3068
2829
1057
1661
4810
2527
1475
3633
3272
5081
3359
1677
3428
3148
2604
1683
1912
4267
2873
982
3948
4024
430
4347
2039
5069
2825
4307
62
226
2838
4136
2791
2903
4800
4747
2386
3613
4160
1088
3872
3206
2580
1411
3428
1095
1823
3552
1665
4533
3442
4154
1682
2645
1560
4005
2936
157
1912
3865
1635
430
2721
2257
2028
2220
3452
3082
2721
2829
1655
3404
4997
1036
1919
3683
4810
2271
2721
2941
2422
4866
3898
1495
205
1817
2311
205
1448
1665
1421
1449
4627
3546
1403
272
3696
1447
4839
1410
2316
4020
1193
3660
2982
1670
1838
3081
4276
430
1657
4671
430
446
157
3359
2765
1870
3838
3288
4270
1089
2457
1730
4631
2276
3702
4533
430
1412
3348
4285
4273
1706
3613
2277
3064
1411
3972
2325
3109
3135
3056
4108
2855
3442
1421
4631
62
4507
3148
3831
1232
157
3886
4245
2224
2422
446
2908
2083
157
430
4808
4810
4753
3993
3148
1877
2316
157
3255
2569
4672
2829
3445
1856
4810
4717
3356
3858
4631
2851
321
1544
3503
2829
532
1870
2829
2193
1897
1363
2855
3064
1873
3124
3898
1657
3480
3068
205
826
2039
2122
2720
4060
3166
430
3002
3898
1559
2702
2661
3541
4320
3272
1531
2031
4631
558
1179
3983
4810
3215
2873
1585
2477
3503
1351
4118
1775
157
3424
1772
1196
4582
3972
2356
157
157
1719
4810
2720
4814
3979
3235
1848
1573
157
3452
2855
1448
1173
321
2139
1811
3442
3737
1384
3956
1036
286
4219
3452
4950
2765
2357
1081
828
926
2036
5014
3256
3810
3159
3789
1822
3321
62
798
4533
3297
1450
3349
3068
537
4829
430
3967
3983
4304
2936
2107
3861
4810
3127
2457
2962
3442
2072
2983
4359
4627
3115
3206
3441
3593
3844
3452
2129
4627
1482
1877
4046
2612
1805
157
2702
446
1663
430
157
3068
2829
3012
3166
1371
1661
3926
738
5031
321
3148
2031
2486
1093
1739
2950
3872
1985
4003
680
3810
4631
3135
3872
430
1475
4359
537
2773
3700
1192
1202
157
1993
4533
1919
1095
2477
3359
1421
1600
205
2135
4108
157
3135
1103
1972
1985
1691
3980
2220
4287
1991
4507
4151
1734
2846
3068
321
2829
1124
1826
5041
1010
3903
3898
2773
1993
3197
3280
2638
676
1711
2857
430
3165
2720
4046
157
2350
4946
4631
4631
4220
3706
3374
3567
3428
3640
4847
3428
397
3748
2477
3931
3355
3776
3441
3056
3658
2902
1985
3924
2829
3428
1447
1323
3862
3533
2311
3247
3040
3951
4839
4631
2229
1411
3948
3898
1710
4582
532
1370
2406
3660
3633
3585
756
982
3642
4810
556
1450
4839
555
3262
1044
1013
3151
3700
1916
2936
1973
1834
3678
4582
3748
2829
3658
4631
1695
3442
3124
3954
1234
446
1592
3518
3653
2844
1263
2938
1469
2172
3658
2357
2422
3068
4810
1450
2054
2406
532
3636
4810
4678
4753
3024
1072
1139
1549
4217
4533
738
1384
3442
909
401
980
1486
3396
3951
3124
3972
2222
3715
4927
2749
3653
2554
446
2161
3024
430
3374
2031
3642
446
2638
2781
1666
2841
1115
1447
3810
3844
912
1838
1448
3926
430
2838
4507
4810
3124
4270
1088
267
89
1054
2024
3700
2517
1013
5037
3017
1292
4028
430
1856
4507
1559
3180
3635
430
157
4768
3589
3898
1856
2446
4631
2902
1994
2554
2054
3982
1076
1193
1687
4456
3139
4249
3357
1403
1823
990
157
3442
2736
1272
267
3954
4810
1811
3885
1039
3757
1031
4582
3428
1711
2829
1297
1040
446
2052
4753
2140
4810
4631
3776
3501
3901
4249
2666
446
1711
1692
1802
2277
446
446
3861
4531
1169
1089
3284
2031
4030
2222
267
2072
1889
3903
3349
3636
5031
2758
1313
4047
399
430
3810
2816
3980
1756
4507
430
2554
4028
4533
3860
2841
3258
3983
4671
4665
1657
3748
556
4810
321
1684
1614
1568
1411
3904
2527
3765
1403
4665
1993
558
430
3396
3565
1448
4631
430
2343
3872
4810
3810
3563
826
1304
1421
2829
4950
205
2140
3872
157
3980
1920
446
3830
4753
1083
4810
1124
1665
556
3808
5045
3124
3064
532
1972
3953
2072
3442
1286
2680
3110
2477
3139
4717
1244
1232
286
3012
2224
3732
2054
2982
3949
3980
3356
1309
3904
4805
3610
1108
2962
3064
157
3348
3166
857
1479
1054
1657
2052
2446
2422
1916
286
4507
2140
3968
3633
2989
2638
1825
3442
1684
911
205
2857
1626
3831
3355
2527
1280
3667
1826
1856
2309
430
1692
1057
430
3840
3898
1093
2222
4839
2936
2224
2721
1994
446
677
3902
3024
430
2052
4810
1495
1088
1043
1739
3950
2894
362
3198
2891
2271
2413
4839
2555
2052
3891
1054
3776
3233
267
726
2412
2721
1894
2950
3024
2242
3618
1054
2357
3543
2855
2690
399
267
916
1696
2222
4046
1039
4028
4005
1054
4810
157
3889
1897
2861
1266
2847
4287
676
3871
2370
1870
205
3810
399
1438
1587
4217
2638
3452
4692
1448
1031
4456
3348
1192
1593
4810
4810
2140
1916
1039
2520
4507
3044
157
1919
3124
1204
446
2962
1912
2841
4507
3983
3983
3860
1124
2525
2316
2520
205
3657
1720
430
1144
1447
3533
1036
1984
3965
4323
4286
446
3442
4035
431
3149
3471
267
4307
3983
3421
3124
1351
404
4114
1989
1573
2011
157
1292
3636
2662
3286
4525
1614
4298
1013
205
3926
4507
205
1665
2950
1384
3768
2749
1762
3980
1687
4768
1640
1089
3776
4038
4507
3428
3858
62
2903
3830
3632
5064
3582
3442
1182
4456
4507
3830
2950
2336
4253
3972
2744
4209
3374
2316
2903
3442
157
1640
430
3047
4810
2721
2035
3638
4289
4037
1916
2311
2477
1783
533
1856
3321
4810
3582
1739
1683
4952
2309
3000
1873
157
157
558
2689
3931
2840
1384
157
1215
3139
912
2309
4810
2457
3653
2645
4525
3810
1277
4810
552
3056
4025
1919
4665
3289
2336
3419
4182
1826
2244
1294
2493
1665
2993
898
1308
3636
4631
1495
4938
5014
1448
267
3396
89
1341
1187
4330
4245
2743
3149
2224
2256
3442
4744
3064
4631
4631
3972
446
2638
430
3110
446
2686
1733
1384
4533
3836
2989
267
3700
3993
430
3198
3149
2846
3349
157
1497
2698
2244
1587
2056
1739
2645
4631
556
2336
1344
3661
157
2666
430
4330
748
2277
3114
2754
1036
2477
3768
3386
1384
430
2983
1916
2841
3124
4633
737
4286
4631
1889
2838
3159
2367
3748
1856
2343
3865
2434
430
1056
2477
5013
3356
157
1684
2311
532
3166
3396
397
2938
4323
3642
2193
3151
3292
430
1873
1889
1616
4209
3633
2358
89
3830
267
4275
2950
267
3971
4952
430
430
430
430
3476
1725
1993
157
2192
2162
157
1430
1089
4028
157
3636
4631
2841
4997
2229
4692
3965
826
4220
205
157
1874
430
3880
430
3980
4810
2989
1372
446
157
1823
157
532
800
1043
2002
4661
1066
3404
4810
430
3898
1497
4810
2838
3885
4507
2791
3003
1066
3012
1931
157
3948
911
1934
2052
1984
3442
3950
3765
430
2638
1059
4507
267
1670
1036
157
4325
2465
4810
1890
4456
2829
1280
2690
3396
157
3552
4665
2356
400
3024
1040
205
3180
4335
4744
3452
3764
430
3352
1066
3956
1182
1984
3653
2962
1919
2012
4631
2593
272
3715
1711
3233
2373
4111
3419
4791
430
2816
2989
1036
1984
3589
1740
2555
446
157
4631
1568
4810
1451
3810
756
430
205
3248
1919
3148
1657
2271
1856
3428
4507
3993
3593
4507
4631
3764
2908
3064
4631
4507
2950
205
446
4631
3810
2247
2943
1495
3997
4810
4533
2698
4631
2838
4507
362
1095
2052
2109
4810
2913
3746
3149
3003
157
2902
3256
3372
4617
2990
2902
826
1312
1958
3810
556
157
3199
2109
446
1989
2751
3258
446
4139
3632
157
2193
3199
3872
3419
1340
3769
835
2950
430
3355
3776
1953
4631
147
3056
4249
157
1091
4248
3648
1090
3003
4282
926
5182
3002
3355
1139
1695
2224
2356
2224
1043
4533
1036
2398
2422
1544
3355
2829
1431
1600
1919
3404
1384
4631
2457
737
1802
3003
2256
430
2477
4661
1356
1977
2090
3041
2358
4744
1735
4507
3816
3149
912
3149
2370
1297
844
3442
3861
1640
3480
4810
1036
1663
3562
4507
4946
1889
3657
2990
4533
2477
4810
3355
3259
1124
883
3116
3262
3396
1036
1634
5064
911
1498
4025
4631
2276
5009
737
3064
1757
157
1124
3003
430
1984
2492
3156
267
2950
1421
2620
267
4046
2039
157
1756
430
912
2256
2905
2477
3782
2422
3003
5104
3246
1099
1989
1003
3040
1450
533
3983
3149
157
446
4839
1421
3642
2905
2422
4507
1826
2689
1661
205
1722
2277
4631
2936
2982
3012
1870
2950
756
4839
4671
4631
1711
1421
2765
446
2721
943
1991
1877
2039
3864
556
157
2242
1587
2841
4027
2721
2109
1097
956
3105
1640
4253
3423
4810
2056
1820
2829
1934
157
430
2477
3613
1823
3101
2980
3913
3769
4753
1695
4323
2984
1934
3926
4631
157
737
3148
1384
272
2555
3374
630
798
3702
2841
2271
3683
430
2566
2256
4610
4814
1873
4964
1031
3812
816
556
3397
4507
3003
2477
2895
532
1890
5031
3638
2939
3112
2422
3442
3864
3151
3700
4631
826
1108
2373
3003
5156
267
2367
77
430
933
1877
1519
430
2894
4810
2686
3954
820
157
2593
1155
3805
2851
4286
2422
539
3105
3064
2350
3399
537
4631
3949
3636
2894
2140
3110
1870
3843
1038
2090
3772
3262
3428
2477
1124
1695
2277
2620
3428
2751
2091
1972
3064
1720
955
3658
2896
4631
3149
3639
3348
2039
945
4263
2891
2248
3286
1916
1384
1399
3657
2990
4631
157
404
157
2984
157
5175
4533
3212
2914
2247
430
3604
4047
4810
531
2662
3442
2271
205
3642
1661
533
446
3548
3733
430
3235
4810
695
3509
157
3313
1856
446
205
943
2073
892
4631
430
533
4631
639
4839
2683
2943
321
941
3973
1036
4810
4810
2838
157
990
157
205
362
4964
540
4512
2936
3618
286
272
3442
3882
3124
858
157
430
3127
3980
1965
1684
556
756
2936
4839
3972
5014
2990
2477
1784
430
2090
4810
4984
430
4829
4005
816
446
1384
3889
663
2847
912
539
2370
4977
3442
1655
4810
2156
89
4136
3235
2912
4533
2277
2247
4117
933
4631
2967
4507
537
446
205
2855
2890
3149
1287
2247
2902
430
2817
3105
1807
2829
2990
4042
1495
1663
2961
4861
2493
3110
3124
3826
2536
1655
4533
1929
5006
3696
735
2039
1038
3801
430
3810
3878
4613
1031
2343
2817
4631
3428
430
2829
1657
157
2943
3149
430
2902
3056
2990
3851
1013
3980
3715
3973
430
1013
5007
4533
2903
2457
2247
2774
2477
205
1343
205
3149
1655
556
2457
4507
2593
2555
1655
1036
2222
2220
1807
4231
157
3105
3926
1775
2766
4810
4631
2939
4631
2398
554
1539
3156
3836
558
1031
1934
756
1471
1290
205
3428
4323
2422
2841
430
1661
4631
157
4507
3993
539
3980
1993
4810
942
3206
4507
3700
2984
2052
4810
5032
3638
4533
3428
4810
4533
3031
668
1272
3003
3067
4533
2638
1934
4533
2829
2422
5045
157
2569
430
539
430
2367
3442
3967
4631
430
4890
430
4810
3067
1782
1031
430
3124
1103
430
653
3442
2566
956
2753
400
2891
4631
4507
4631
157
3031
2754
4533
4507
2939
960
4631
1519
5032
2307
2493
756
2574
3147
1495
3206
4964
4533
1285
1547
4533
4631
205
2891
2242
4661
2422
1772
2817
2242
430
4533
430
3031
662
1499
3442
205
4810
4631
2493
4810
2477
2052
4810
1920
2242
2052
1277
4810
2422
4747
3980
4979
3715
2895
401
2841
4507
3442
3442
3442
3031
2248
430
2358
3372
1541
4631
2241
4507
1783
4805
2816
2984
5035
1663
157
1772
4631
3980
2052
4015
1520
1586
4810
1783
3810
4950
2220
539
1288
2841
1558
2193
982
1920
3442
1272
669
1655
3719
2941
1783
800
5006
1048
1660
5162
4631
4810
5105
5162
1214
4533
1277
1369
4631
3913
905
4045
1047
1477
1498
4631
4631
4328
5017
1220
1236
1149
3720
3738
3719
1182
3913
1286
4118
656
797
1004
738
5028
4994
5013
1004
641
1220
957
5026
993
927
871
704
806
778
761
4994
817
4994
659
5041
4983
948
807
724
722
1216
3321
3321
883
3663
3960
2073
3979
3857
3233
3951
3949
3232
4015
3637
3232
3987
4015
3232
3967
3964
4015
4015
3990
3990
4015
3989
3967
3967
4015
4015
3967
4662
3949
4015
4661
4015
3871
2856
4717
4661
4661
3871
3871
3949
4661
3871
4661
3231
3024
1036
1531
1531
1856
1517
1557
1517
1604
1711
185
1856
1784
1586
1856
1490
1558
1557
1604
1558
1585
1558
1587
1558
1558
1558
1531
1531
1531
1531
1558
1558
1531
1558
1653
1586
1531
3064
3068
1600
883
1550
1036
2465
1531
1036
1036
1036
1036
2222
2222
2638
2638
1038
3480
157
157
157
157
157
157
157
157
205
157
3498
3321
3139
3442
3124
2465
3056
3124
4533
4631
746
813
814
690
723
658
4180
157
4181
3941
157
157
157
267
3124
1471
5044
3124
3124
267
157
205
2836
2847
2892
2890
2936
2912
2939
2902
5182
2984
5182
2894
2912
2890
2983
2911
2890
2911
2890
2983
2903
2890
2847
2896
2890
2896
2903
2903
2903
2890
2892
2984
430
4323
4533
4533
4533
4631
4810
4631
4533
4631
4631
4533
4631
4810
4631
4631
4631
4631
4631
4631
4631
4631
4810
4631
4631
4631
4631
4631
4631
4631
4810
4810
4631
4631
4847
4631
4631
4631
4631
4631
4810
4631
4631
4631
4631
4747
4631
4631
157
4446
539
539
3980
2988
3642
539
3668
5179
2936
4533
1036
430
2845
2838
1036
4810
1663
4631
157
4805
4631
4320
1471
844
1048
1290
4984
669
1278
1278
1453
1542
1217
5162
5017
1542
1542
668
1544
668
1539
667
659
4994
5161
1233
1473
5014
661
5045
988
659
4985
4985
661
988
1473
5038
1181
966
4992
988
1148
1181
4992
1148
1406
1287
5015
1541
5034
1287
4985
1476
5030
1471
5038
1181
1472
663
1543
5032
1546
1543
1472
1047
1475
1543
5031
5032
156
156
157
4507
3480
157
892
4979
824
926
800
800
839
759
804
735
823
3110
157
157
157
157
205
157
4631
4631
205
4507
4631
2846
2841
3159
404
2052
2829
4533
4747
4533
3925
2967
4534
4533
3968
4631
4631
