1890
3493
3
2453
4496
1439
3322
3472
483
3061
1842
90
3322
3378
1135
2574
92
4320
3115
65
2763
2574
538
2389
779
394
3014
483
90
40
2000
3096
4258
3378
50
483
2453
3647
3061
68
54
3472
2574
57
3522
596
379
1019
4605
341
50
3294
1890
1224
2031
1365
1595
654
34
30
12
1651
2897
2354
4320
3756
2094
50
2659
63
839
1596
2453
2159
4861
3
3647
3831
2042
1590
839
61
3096
1236
3147
3472
3378
3522
494
3472
494
1596
270
4844
93
2789
4117
2118
442
10
1398
467
3475
2985
54
1019
2789
2000
2144
1639
49
1232
2470
1398
3378
4258
327
3863
2081
30
2159
342
4400
32
57
442
1639
74
2159
604
467
4764
2031
3096
2354
2389
12
763
1639
4496
32
30
538
1444
2737
2
3378
2785
4861
35
1015
3863
1735
54
1771
2081
3294
3096
4257
4044
2618
2739
2230
3096
2985
4208
3607
2230
3472
2785
1015
49
44
49
1558
1398
442
2789
1639
3008
12
172
1595
2914
2000
2897
604
4298
85
4752
2159
3607
3331
4298
3096
3378
30
20
1771
3378
4098
4730
110
93
140
1767
1294
1439
1398
3890
3008
2036
4885
3008
2737
3896
76
440
2659
4850
2334
1609
90
4117
1524
1771
394
54
1842
2739
394
3008
2948
571
37
2846
4018
2144
671
1224
44
517
30
398
4208
264
1
394
95
1534
2095
3607
73
237
3294
85
63
3756
2681
4861
4049
1223
4208
4861
3242
4496
3378
1903
20
2181
4410
4559
3890
3294
2584
36
2589
3762
2789
2587
94
3096
604
368
73
4
739
1521
27
30
476
2181
1534
411
1320
2499
72
3147
4208
589
2159
2154
3008
73
655
467
3147
32
172
43
3054
1767
4866
30
2589
763
1735
20
1260
2785
1015
4298
2213
271
1735
4908
143
2897
1108
4085
3014
238
1824
43
4208
1940
1278
1224
3073
3096
1729
184
39
3472
59
1729
1687
3472
227
3008
4496
499
54
3531
2897
394
196
38
3115
483
2914
2589
878
26
2785
3147
260
63
2053
3288
1824
76
1729
1015
1940
4850
30
13
2651
236
2789
43
1940
763
2036
456
231
13
4952
4279
43
1940
1260
2159
763
3051
509
312
1120
41
2270
73
4326
2119
467
29
219
3655
2785
43
43
1824
251
3235
327
2520
1623
4872
1940
336
1260
196
2569
3288
1260
2970
387
180
130
4393
2659
179
43
44
2107
4257
3211
4393
387
566
1895
43
4337
2687
3371
3288
2651
4103
184
27
2846
1260
3607
2914
3030
2914
678
472
76
2334
2985
553
1735
196
1108
1598
4393
1278
583
2094
81
95
2574
76
1039
76
1260
3008
344
2389
4763
1940
411
4888
1598
2574
2589
41
4952
184
2202
196
387
1595
1135
1895
582
1553
1260
4256
3294
1434
4922
4569
411
4018
878
130
2569
1729
3607
24
862
2589
1544
116
1844
196
72
260
4885
3692
116
2589
114
4752
2589
2698
4904
37
342
1039
878
3288
76
49
2785
1039
2181
4179
437
878
3719
265
456
2073
340
1
3096
2699
95
4893
43
3607
476
2785
243
4320
161
12
661
1735
3890
221
4920
626
538
407
2752
3096
2589
3147
342
4252
2030
142
2699
4279
4117
196
437
4103
3014
1881
4098
3831
187
319
4763
1940
456
4049
72
161
20
3294
74
507
43
4871
4879
2589
3242
1307
180
4569
4904
238
3014
1639
2073
4846
858
72
191
260
76
4866
2181
4896
2649
4893
3030
20
1940
1729
583
4308
907
3008
94
779
394
241
1940
1595
4922
112
12
862
123
422
4001
2030
282
4320
127
46
88
176
196
2785
3692
130
2234
176
368
3607
4763
2846
583
120
1595
3615
878
3531
359
3235
394
3054
482
1015
478
76
422
437
1078
74
4872
2181
1767
1865
3742
4326
394
1636
4897
334
2764
176
333
140
1327
2546
3115
1617
219
2354
237
49
763
38
3607
2036
140
1518
140
80
219
3030
116
2081
2887
944
856
1470
1596
4878
394
20
558
789
3783
282
4044
1173
404
4862
4049
219
1260
1010
1294
1639
3319
76
76
3014
1039
2462
394
201
686
1294
2434
310
1639
1447
4952
1534
243
469
265
1596
953
265
517
99
130
43
4862
4198
43
130
431
538
495
128
394
130
151
858
2453
2587
1697
1553
427
110
271
4640
3096
1260
677
285
4893
3014
858
112
437
4105
1078
2906
463
1895
2181
543
3222
81
2030
3000
4861
394
1640
76
265
3014
2589
159
3630
4145
210
161
240
1327
878
2520
2785
4872
473
4198
43
2563
3307
239
3535
285
1824
187
440
2699
342
2230
2589
4986
149
2914
130
4117
1365
4735
4920
4893
3073
4018
2520
196
387
4920
4952
2574
1553
1595
135
4846
440
2906
3892
3493
500
2862
4920
4862
2149
2589
282
763
123
3099
81
1782
3336
442
566
1782
282
210
4922
499
4918
500
1595
2994
1568
3832
440
98
4872
1236
644
3413
1283
265
348
3586
1302
482
394
1518
265
4191
1471
52
966
3089
278
858
2521
1767
564
1242
231
614
3274
1520
1279
20
656
2472
899
1039
73
2850
3292
2679
1553
2073
2871
4918
843
196
4055
3477
1294
237
4933
1027
2391
1510
1294
1100
196
572
3783
2462
2846
353
720
698
442
3213
411
1311
2897
635
963
966
2449
3986
2018
4279
517
1729
2073
5026
843
1453
966
1101
2836
920
810
858
4279
3216
5190
2391
427
1269
3621
2233
2191
4908
737
1646
2191
2251
645
913
802
1113
4842
835
629
963
2546
2328
4721
2675
3783
645
889
2694
4472
1206
2459
2906
833
1977
973
5187
3232
2328
1039
20
2650
191
1782
3267
719
116
1558
500
4896
722
2626
4219
4888
645
664
1098
2589
1250
4082
495
4603
3413
89
2376
722
789
1553
1027
1528
1160
1471
2220
2546
2967
654
190
1113
966
463
1272
1807
152
791
660
598
76
4884
777
614
3612
4483
1165
927
660
3808
2472
3267
4762
81
781
4496
1069
2589
790
1585
2954
1705
712
20
4103
1703
2354
500
682
1520
4702
996
795
3644
1078
980
2117
2391
1697
2449
1336
1078
580
4640
996
3270
375
1665
3055
4417
878
980
1283
789
3983
243
3242
738
3147
2280
1584
3099
878
597
3232
1596
720
5042
58
996
619
3446
4983
2390
3270
996
1977
1709
1321
844
1703
2520
789
411
5012
598
231
16
3446
805
4762
935
3783
3141
3205
191
1217
1027
980
2018
3772
2177
4218
1212
262
4650
2280
1254
1377
597
3120
2085
1729
1336
2534
645
1288
4983
2626
912
1743
500
3675
2587
3262
3440
2650
2786
2018
4933
2587
3975
4389
4218
2519
561
1940
3960
677
1113
4276
378
3564
251
1584
3832
4522
2827
598
3585
1453
4134
3564
2279
3217
1249
1967
2030
1586
1584
1401
4738
3491
1180
3213
2080
34
1584
1710
2970
4693
1188
1232
1291
1709
661
944
3783
1600
3634
20
858
820
3832
1011
94
1272
1729
1180
1122
572
1710
3593
2626
161
3446
4389
4500
1940
2505
1279
1703
2255
2376
909
1725
1528
1180
779
5167
1113
2732
5013
3043
482
3644
4879
753
2389
2181
927
1838
3457
2626
219
677
2649
1011
1452
1011
2679
3446
1913
597
3186
825
4320
1729
2993
712
2376
76
333
684
2764
237
76
3160
4585
1113
1027
1321
682
3881
3762
1972
3434
2934
598
4013
2610
738
1091
3520
1214
3491
5050
4400
4196
4024
624
843
4626
572
3635
1577
4985
3640
4985
1825
3860
645
2626
4425
3803
394
3179
719
1039
2686
409
2172
1092
4085
3590
3370
1365
441
4134
4506
2451
2479
3665
2650
1249
5167
807
4888
3967
2703
2971
4673
966
3235
718
2520
2501
679
944
2453
973
4616
3590
5133
1668
2419
3319
3948
3998
635
196
3590
2544
3519
2993
790
2650
2589
2789
1133
981
2486
4608
649
4760
789
1094
1489
4620
912
2080
1668
566
2448
2540
2589
2097
3477
3291
3491
679
32
1483
1321
1926
1701
2080
649
3170
4643
1291
3265
2030
559
1379
1769
2548
789
1489
3096
2184
488
2444
4199
1288
1336
4650
2451
538
5078
3056
3933
237
2279
4928
4154
3270
4389
378
1661
2264
664
3586
631
3615
996
1977
1321
1519
35
4423
849
2080
3099
1230
738
237
1100
5005
559
2703
4427
2513
3000
568
1507
4570
3779
3826
5190
2866
4595
636
4289
2479
1645
2184
4467
2924
2184
1307
3019
1600
2548
858
3826
1668
3154
3446
753
3499
1647
4277
2465
2551
948
1445
193
2086
1172
4276
1838
2387
2582
21
4219
3058
3271
193
4983
1156
231
2591
1697
2080
1377
2339
3555
2603
1201
858
3211
4150
1302
2177
2603
2066
2803
271
858
4570
3571
3774
636
1813
3842
387
2846
3450
3328
3774
4234
3218
789
794
260
1476
2191
341
1100
4367
3478
4348
2135
1011
719
3133
1616
116
631
1201
5190
4940
1405
4716
2640
2327
4328
1585
4936
1775
4584
981
267
1027
1709
1661
1385
4291
3553
2520
2705
2391
219
1608
4506
2201
637
3895
215
4136
1980
4620
1431
4461
1093
3751
5008
4253
3590
1769
2890
4196
441
2650
1621
1385
3774
1039
3628
1483
1183
1460
3590
3367
5185
4154
2539
394
3600
1078
1011
3014
2240
3842
4146
4146
2842
4330
2579
4276
3986
2804
2743
2622
1471
2080
582
804
5035
2947
4826
3401
4024
786
4135
1111
2171
4184
5171
2764
3860
1939
237
4959
1026
583
3499
206
1011
1645
604
4545
4188
2914
2281
2448
912
4570
3635
3081
2786
4166
1871
4146
3956
2536
76
2852
1678
779
1348
1668
3465
1697
1821
4199
2279
3776
116
4995
936
2476
538
161
4276
3465
3818
719
2080
431
4525
2723
2337
4918
73
1122
712
3446
2751
719
4634
3803
1626
3881
4127
3765
4216
1211
2786
4826
231
842
1111
3208
4276
4616
3370
3394
2572
1111
2418
790
2672
3221
3635
3247
1595
3757
2109
3307
889
3150
4527
2617
4702
3152
1508
1528
2127
1148
2738
568
392
612
2084
1586
1910
1623
471
4082
3192
1697
5192
3803
4361
3555
1789
561
815
858
4059
718
1626
1742
1534
2030
3401
2476
1408
2840
3465
878
3635
3017
656
4303
1585
3675
1398
4760
2036
1113
3752
2617
3860
3928
1325
1538
4065
3397
1099
1600
5167
2860
442
4570
4402
664
4677
488
2551
3715
3635
753
1666
5088
2337
2239
2504
1940
2510
1360
5167
4451
4196
4276
3955
4058
3109
2852
1047
456
3018
1405
2554
3445
1467
3688
4316
3924
3465
4512
4199
1940
2086
2360
2465
81
2244
3221
1201
3165
2653
1961
789
2732
4753
3685
5168
4527
2354
2066
1961
2465
221
2538
3651
5013
4687
1656
427
3965
1403
849
3491
790
4276
2599
3553
4054
3445
4770
1951
2498
2650
3525
81
669
2874
519
4826
1537
2212
1458
1442
2211
2944
786
1754
2011
1749
2483
3653
3441
664
2544
4880
1299
4147
2390
1475
4940
2171
3741
820
4103
1504
3288
1299
2086
4389
4986
4114
4058
262
1773
2339
783
1890
3445
2611
3371
3752
2360
1668
2846
1431
2271
2944
1308
3590
3954
4362
1008
2622
1834
1463
3590
3635
44
2465
516
3401
1710
409
937
3115
1160
1518
2650
753
3590
2749
3401
1075
1305
3047
2184
2006
4755
2981
768
1673
2631
1172
4640
4202
850
2504
4430
5171
1091
2391
1180
843
4048
1457
3319
1910
1011
1331
2771
4483
4365
2806
20
2522
3939
3270
3336
2749
2554
3229
2317
16
4712
1416
3525
2520
4138
1591
4515
2906
4024
2376
1408
2544
3221
2656
3235
2086
307
361
3467
941
3671
3008
1464
2732
948
5068
2676
1353
4054
1524
3441
3465
4477
3291
2565
902
517
4202
4164
4762
5167
3993
3087
926
2143
2337
3612
4202
3671
2472
1338
4199
2590
3573
1492
1236
2520
3344
3217
569
2520
3704
1183
4114
1183
1513
2046
4349
3465
3824
2483
436
3741
3748
2664
410
4842
3612
3890
2703
3441
3360
2018
43
3099
841
4771
941
1661
3221
669
2006
779
1161
3149
2498
666
2006
4038
2339
4495
951
2676
597
671
3748
4940
842
1951
4712
3564
2140
3826
754
2840
422
2044
1518
4530
550
3440
4191
1464
1632
713
660
3053
3842
3856
5192
2080
1192
1165
4803
3814
4983
1949
2184
2807
4194
1443
2063
3245
2642
1971
994
310
1700
1322
858
837
4202
2703
648
2806
885
2984
3788
1483
2337
2008
2364
659
2807
4505
1299
2539
4279
898
3441
2406
1710
624
2461
1807
768
3419
2203
3018
4185
3441
3487
2080
3590
2826
1404
2522
636
4429
4498
3552
1242
359
3671
2749
2166
2280
4065
2117
3986
4820
2520
936
1623
4150
4608
3188
4983
2732
771
2063
3950
1843
3671
1321
1667
1922
2538
2181
1314
2337
4348
2162
27
2461
2713
1623
2810
2267
3671
2942
4280
3612
1548
3933
1379
3221
4896
2080
1636
4054
1250
2203
3546
3686
2149
3950
2500
2556
1730
3928
4150
3291
2191
4985
2264
3327
858
3825
4953
5194
723
682
2255
2483
3727
4369
2955
4365
1834
2520
4960
2649
2483
899
4308
3115
1474
858
2641
3491
3229
3772
1890
3025
1835
5171
648
1379
2011
3779
2882
2104
2796
3328
2240
4365
3218
3491
1706
3590
1710
1578
610
3950
2272
3955
183
115
1879
4390
779
4154
3540
4276
3730
4617
666
3363
1879
4682
2286
231
2325
2008
248
2149
1174
2265
2081
1254
1879
3962
3099
4009
1600
2676
2063
3671
3684
1961
2786
1022
1364
2030
3681
1578
3131
2202
1548
3047
4226
878
1668
3315
666
4517
5006
5088
383
2428
2771
3363
2273
3413
1372
1835
206
4467
558
1183
3291
130
4985
1011
3250
610
3936
4164
2743
609
3555
3824
1087
1165
945
2970
259
2268
3018
2650
3724
3590
1485
1632
5000
3256
1331
4386
3842
2327
1838
1057
4465
874
37
1996
2391
1751
2358
727
3884
3555
2520
2808
4002
1924
2866
1273
4919
2786
2483
3278
1254
2006
3826
4119
3053
2955
2591
932
956
2214
2816
3557
1924
506
3585
3603
3161
3146
4640
538
2202
3021
531
3936
3635
1741
4279
1749
3824
1906
1454
5065
411
1871
991
2048
4511
4134
2589
3053
4467
754
1544
3053
3571
1592
3241
3552
3022
1924
1484
1879
2914
4826
973
688
848
1845
1524
3053
260
5027
4276
1299
704
3631
808
4720
3257
4826
1161
1751
1997
2944
4077
4716
4634
4904
3221
1414
572
1227
2111
72
1299
885
2272
2944
1853
3291
3635
2370
1992
3165
3017
3344
2321
2860
676
2086
3884
2203
1521
2080
4164
1634
2701
1141
4276
1436
1623
2254
1623
4390
3860
1661
849
1443
5008
3829
689
1626
1880
1961
3160
3025
2599
1700
2664
2338
3499
3517
4953
2771
3465
3241
3441
4114
4826
3362
4148
664
3120
2565
664
2522
4467
3993
3145
2649
4753
4843
3748
2866
1222
3221
1585
2895
1941
768
3377
1585
3022
2868
3371
850
1015
3724
3098
3170
4133
2751
3038
2500
3056
3500
1255
4154
3635
710
1192
1015
2846
678
1352
2740
391
3748
4933
2637
1616
927
5077
2520
1700
4347
2338
4716
3221
3430
3751
3860
333
2508
5062
3695
2974
2525
89
4271
3571
2925
2579
1284
378
2613
3923
4185
1782
5171
4346
1894
4059
1879
801
1108
3796
3921
4150
3826
4640
1165
557
3190
1701
2740
1890
191
1682
2344
3328
1996
3485
4753
2080
3751
328
4031
2701
1414
3165
3578
4986
3499
3683
488
2942
2554
1041
2364
1015
3578
1794
2547
1961
3749
1885
2239
4389
1838
572
3635
2890
4271
2446
4134
1331
2516
2991
2740
3993
5001
3179
1559
1518
1299
2546
1790
21
4289
3491
5139
794
4826
2510
3803
4450
1299
2992
858
2890
2383
2944
1750
3880
519
4054
1445
1734
3519
2169
4953
1064
3099
159
4725
4389
5139
2701
636
3802
3174
3950
3491
4467
1416
2944
3221
2886
636
2981
1971
4826
4519
2807
1774
4602
1540
3881
1843
4166
688
1378
4154
1378
1146
1372
505
2272
2085
2500
2086
441
5167
2093
2239
1971
3465
1360
1484
4985
1926
2282
1885
2320
2280
3194
2546
821
3871
5023
1524
2317
2944
3724
1129
5171
3265
833
2544
4031
2640
3053
1442
930
783
4049
3590
4002
1183
1971
2266
2483
3601
926
4346
2746
3148
3975
4601
4232
3959
3291
3446
1157
4667
2199
1636
4641
2554
3985
3053
1175
516
3586
387
20
3566
2284
4519
1884
4620
3735
1791
858
1926
1454
664
3749
3685
4325
2344
1443
254
2743
1780
5069
2713
1811
998
3671
1213
1385
3698
2546
4154
3751
4299
2929
3748
97
3017
4423
3890
2149
2482
1871
2843
4983
1321
2611
3919
1269
2412
858
2865
2058
3221
2126
1838
2473
4178
1758
858
1444
3441
4412
462
5171
1113
5167
804
5167
5168
2485
4389
2448
858
2664
4542
1940
1710
3724
1818
821
2875
3671
2969
4080
4074
763
930
1782
4176
4276
2036
4155
2626
582
609
3369
2149
664
1709
3996
2701
1489
3019
4960
4467
1818
1158
1981
858
1160
1509
2498
2517
2086
3904
2030
2629
2713
2747
2305
4992
3595
3467
3863
2749
5167
858
4271
4467
3923
5113
3499
4826
4826
1331
557
2030
4199
777
4279
4687
2901
3017
2344
2117
3825
2474
2622
3171
636
4986
4077
4687
3190
2063
4196
1160
4554
1335
1183
2670
1737
4224
231
1698
1363
4472
1146
3053
2749
1848
5171
1194
3840
3602
1540
1710
1580
3853
1273
3145
2686
4826
2981
2073
2511
2391
1160
3485
1338
3671
2239
3857
3349
640
3810
4064
1807
2846
4390
4346
2691
3904
2594
1397
3435
858
2081
2128
1997
3171
4247
1124
568
562
2650
3752
3686
3748
4530
1710
550
2000
260
2764
575
557
2039
1986
433
2520
1698
170
3124
3915
3765
2264
2483
1284
5036
1961
2066
3749
3567
4289
2506
2561
3218
1416
4365
806
753
3618
4587
2389
4297
3491
1233
2084
1976
5070
2971
852
1636
3218
3825
1853
4795
3419
3741
1596
2868
4984
1907
2830
1274
1835
3349
2947
910
763
2055
5085
1580
383
3339
2691
4245
1849
3650
1293
2730
1360
1331
3291
559
3782
4178
1790
1465
4116
2799
2538
1595
2919
5021
2197
2749
3491
2969
1078
2642
4552
378
4254
1632
1714
763
3764
2676
3952
1584
4826
2472
3032
3762
2698
4712
4276
3539
3826
5058
1835
2838
3493
2865
3663
666
4896
1401
2886
5192
3110
3590
4038
2925
3555
2732
1416
4824
1838
3148
5171
3230
3278
3291
4666
912
2080
3150
2233
3337
4259
598
3601
3724
4159
1141
5171
1583
2701
708
3267
2448
3730
790
1507
3547
2149
2300
708
2265
2519
2420
2984
1011
2428
3339
4983
2732
4586
4826
4009
4586
3952
1153
4896
1348
2715
2498
858
4390
858
1416
4933
2730
5167
4572
5021
140
548
2807
1360
1507
1714
2111
2239
488
2738
2594
333
3327
701
1836
2647
641
1847
3635
3441
2268
4224
2958
3233
1703
2039
4892
3762
442
3056
1159
2110
1299
1971
2344
1540
3179
2412
3055
4018
3440
2011
4332
3685
659
2251
4276
3803
4587
879
1709
5171
4150
723
1976
4077
2171
3840
4700
858
1201
3109
930
4585
2483
3109
3752
1710
2550
1682
3140
2929
3465
4164
3722
4219
3211
3291
2656
2352
2267
2048
4200
2596
2934
4809
1582
1314
1904
2391
5021
3441
1540
1961
3270
5024
930
598
1509
2944
2925
1956
1940
4650
3487
2520
3552
2266
1835
679
557
399
4983
3464
20
1363
3695
1961
2474
858
3241
2504
3590
4918
4694
2886
4550
2929
2064
1202
1838
1111
4620
331
1435
279
1057
2317
2792
3540
4820
1160
2073
1307
3278
3393
3590
927
3218
2081
4672
4106
3566
3465
2039
4464
4276
20
1815
3083
4177
2649
1710
2947
499
1609
383
3742
3671
3270
516
2158
260
4178
4983
702
2498
2565
858
2206
2981
858
273
3856
5182
4464
4033
1916
842
1165
2679
3724
3027
1706
2944
1301
5021
1045
495
4276
3612
1853
3730
1945
2961
4164
2085
4050
1879
910
4134
2749
4423
1838
1325
1023
4616
1321
3860
4467
2622
3265
2549
2768
570
4276
3590
4053
4888
3339
3601
664
1555
358
4940
3796
1385
122
3815
567
3328
1015
2747
4514
4251
2874
4571
4178
4180
1129
1616
4079
2686
1910
5053
4189
1165
1011
1846
1540
20
2127
1714
1124
2732
1940
1108
1812
3953
3032
902
2080
1688
1159
636
1299
2264
3590
1600
808
1600
1432
5167
4992
790
1321
837
3590
3150
4292
231
2969
2675
4038
1331
3603
761
4365
1331
3109
1509
675
3891
2644
4755
4423
2925
1961
1977
1614
2043
2510
4271
3124
1279
548
5062
3635
2792
3877
4751
666
3983
1628
1709
3369
2410
3635
3485
2906
4960
2838
2080
2317
3018
1981
4199
3959
1584
3467
4647
3590
850
3478
5167
4272
1410
1091
3262
1540
1280
3336
1668
3928
2642
2454
1468
2650
2264
1706
912
4154
4224
2626
2211
4728
790
4155
1835
1026
2094
2944
1592
2732
2344
1614
2522
2420
3600
2701
2546
519
1677
3217
2658
4649
738
3267
4488
694
3049
2482
3252
2239
664
2474
2117
2300
4041
3218
2594
1331
3984
3267
5192
4082
1677
1504
789
3129
2589
3985
701
4218
1791
2650
652
2540
2944
1573
3039
4984
4631
3119
2538
4488
1489
2018
3221
1538
672
1336
1331
2732
1940
1011
1894
1811
850
2510
1410
4332
4831
1971
3618
3441
4369
1229
3547
1041
5078
2474
3270
2741
4189
1835
1791
254
512
1424
1366
2169
2541
3140
3487
3267
1821
4349
2027
3557
5167
1894
2018
424
2511
2048
2504
4721
279
3615
790
4353
1762
4133
4005
3032
1307
5167
322
2590
1032
858
1710
5093
3371
2243
2520
1818
1378
1299
1279
4064
1524
3729
863
4826
1049
3590
1600
2520
3557
4450
3218
1762
3860
4272
1940
471
2284
1971
3762
4804
3904
3729
231
4799
2342
3292
3758
1626
2216
4953
2428
3590
1790
2520
3499
3721
471
4554
3547
1011
3291
908
4739
1811
3925
636
2984
3842
3824
1389
2691
4733
1363
3644
2540
559
486
3270
307
1916
3115
2126
2637
3635
410
2171
3681
4550
2520
4505
4801
4572
3081
1697
307
4057
1913
2626
5190
1925
1714
3798
307
2622
2984
2239
1714
436
2546
1710
1815
1808
3877
2520
4602
2520
3595
1745
3717
1786
2653
1791
4918
2240
1159
835
2317
2525
2964
2546
2024
4826
1179
2474
4545
2546
2520
4965
1065
2981
4464
1940
307
3685
3336
3344
1893
1107
2776
4450
2811
4522
3109
1331
3671
3444
2240
3996
910
440
1321
2796
1710
2944
3040
3589
3150
2317
516
4284
659
1159
4178
2848
4652
930
4983
122
1710
5023
1745
1682
2599
1363
1372
4783
53
4534
2730
2049
1022
664
307
2474
4640
1816
2971
2984
2203
2479
874
2510
1468
664
519
835
4694
2918
1422
3229
3319
2982
2641
4080
2474
3292
4441
4423
3440
3685
1299
2048
1107
4287
433
3578
3291
2126
3221
4200
2479
4125
358
2080
2080
2321
2420
3962
2629
930
4294
1773
3547
4507
634
930
2137
3699
2961
4102
2807
4681
5069
913
445
1347
4571
4083
2792
4378
1838
1668
4570
1079
3735
3291
2246
2698
845
4276
4649
1545
4006
2589
858
4953
2483
3217
408
2483
664
3721
1545
3129
307
4254
3150
4254
2048
3337
4276
3895
5006
3915
4970
2203
1662
1885
3399
3150
5167
4576
858
3049
4700
3270
3527
2317
3229
4535
2461
2024
2066
1489
2981
669
4970
2743
4284
5167
4296
3791
4346
548
2602
4965
3717
246
2890
790
4121
2162
4218
1336
2810
4046
3668
1730
4586
3772
4826
1904
4038
986
4940
4454
4114
3937
3837
221
5033
2175
2713
4570
4216
1004
3217
1331
246
2650
5013
4046
3936
610
3196
3904
2110
804
2006
4353
3198
4013
4353
3441
3110
2081
2677
3270
1153
2344
908
3339
2392
1916
2890
2953
3671
441
3573
3217
848
4820
1628
3195
3165
3018
2483
790
2551
1414
3547
464
4189
3683
2984
4189
1640
2184
221
4771
4586
2679
3825
3681
1366
4034
1484
221
3441
4264
1636
3877
1444
2214
4960
763
4708
2086
4036
3124
3198
3695
1632
1472
4009
1195
3472
3829
3796
531
2786
2067
2776
2128
3366
3671
2969
2520
4819
1559
4342
2043
5086
4423
621
5082
2260
3736
3161
4781
2193
2866
2317
3595
2886
408
710
3441
862
3993
4826
4331
2240
4725
664
4082
2730
3547
2846
1737
3270
2111
2984
5078
1422
1596
4189
1904
5161
2934
1710
1762
488
3291
469
2925
2846
930
2520
702
4803
1509
3547
3267
5085
166
858
4920
5192
638
4716
1545
4305
2137
2720
2886
4585
879
4136
408
3825
2871
2073
3825
3527
5139
3217
2701
2768
1609
4173
2631
2299
2590
4826
2082
3557
3150
2498
3340
3441
1818
4435
4701
575
4652
3834
3441
1684
3316
2428
4369
2589
1940
4423
4180
1143
3601
4392
2749
5194
471
5156
873
4156
878
3984
3877
2749
850
1723
3032
257
1885
1710
469
3834
3671
4530
3727
1078
879
3730
4530
2549
1250
4631
2027
1818
1159
2520
956
4826
1566
1940
4969
2973
1394
1940
3109
5021
4155
122
789
3637
2546
4913
4254
4125
3032
1710
4654
3124
2474
2011
4284
4922
3512
2273
4429
352
3150
1124
471
4994
3110
2648
1865
4992
3150
621
2899
4585
4725
122
3162
3032
1925
2317
763
4783
4996
879
2961
1124
5056
3109
2510
2550
4443
3327
3032
1710
279
1458
3967
4033
4168
1078
4465
2658
3789
4394
2546
987
1940
2811
929
1458
4826
3877
4064
3441
3441
5021
2541
4445
3032
3671
3238
3441
488
3339
1559
4388
1910
2792
4273
2743
4666
519
4238
2683
1940
1596
930
2510
5035
2549
3855
1078
2964
3270
1484
3855
1710
1654
1509
3722
4577
4100
1661
4215
929
544
3441
471
804
488
1141
1847
441
3270
804
2282
5006
2520
1940
2836
858
2506
3722
3877
143
2081
1432
1681
3965
2590
4657
2846
2772
2260
3548
488
4331
4689
4986
3702
5161
2768
1288
3671
3547
1823
4279
2049
3196
2746
2546
879
3116
4276
575
4662
3926
2743
2836
3722
1389
3340
1722
1710
4549
3485
3394
2811
490
4326
3722
4585
1710
260
3791
1740
1768
694
2626
4394
2871
2066
479
3217
469
5085
1848
3441
3702
4168
3270
5138
1815
4708
2038
4392
4189
4211
1614
1722
2706
4284
3959
469
1195
1381
307
1710
910
2768
2514
5037
3671
4151
1427
1710
2595
2420
2111
3987
1458
2973
4652
2768
1534
1934
3547
3601
3855
1199
2474
4681
1885
4689
2284
1124
1910
2175
1078
3855
1484
3796
1204
2836
3262
621
4503
4254
391
5093
3671
1904
2838
4168
1509
3262
2836
4687
2100
813
4200
2024
850
3671
2515
5139
3984
2825
2648
3934
3270
4465
850
2753
1710
1931
1326
2514
2768
4450
1661
4082
4519
2836
3441
4007
2973
1940
2409
3984
4046
3339
2463
4417
1722
1827
3959
2284
4254
4430
4034
2700
2066
3671
4168
3671
3523
3702
3671
2506
4689
1134
3855
2950
3627
3895
3109
1710
2510
1124
2768
3366
2340
2474
4254
2284
4254
1087
2269
2284
4648
1509
1557
4959
1710
1904
2474
4034
1557
873
4025
2474
2142
2571
2273
2768
1432
1710
3394
1710
4034
3109
3932
2549
4804
3068
1710
2273
1710
1087
1087
1509
2474
1087
2284
3895
4430
2474
3959
2474
2474
1288
2474
2510
4436
1710
2474
1710
5035
2136
2474
3339
20
4952
2589
2589
2589
4326
221
221
43
763
763
43
763
763
43
43
4326
43
763
763
763
43
763
3211
763
763
763
763
763
37
387
21
74
20
858
1729
3316
4890
858
99
858
858
2520
2240
3150
2520
3150
858
858
243
1935
4896
4888
130
20
4888
4919
3586
4922
2563
1553
2563
4922
4913
4922
4888
4913
4912
4912
4912
4912
2563
2563
2563
4914
4922
4763
4922
4913
4640
4933
3319
3319
4640
4640
4640
3319
2520
2520
383
260
408
391
4200
4992
4986
3657
43
790
5190
1091
3217
621
2656
4687
3124
4304
2175
2084
3217
4488
4613
2947
3217
5199
3339
2273
1509
917
587
2838
1427
1087
1091
2656
1204
2287
1509
5021
1264
5021
2892
2038
1934
1288
4585
5190
4585
4690
917
5192
1091
1087
1087
1087
3366
1091
2287
2038
5058
3124
1099
5086
873
1087
1950
4626
4635
4687
2656
5192
1091
1091
5192
2175
4687
2838
4585
3985
1950
2892
4635
4304
4488
3217
5190
4488
3184
5027
1485
1264
2273
2656
1427
2273
2656
4304
5190
2055
4585
2319
4436
2573
3319
3852
4310
391
2211
582
1141
307
1141
408
1141
307
3495
391
1381
2514
4640
5013
3671
4992
4985
3671
4200
4985
4985
4986
4006
1059
1938
4985
4382
3671
4986
4693
4996
3510
3441
4254
4254
2024
1904
3441
1850
4200
4200
3837
3837
3441
3441
4180
4254
3671
3837
3441
3441
3441
2024
4211
3196
3441
4440
3837
4211
4211
2024
4180
3837
3196
3837
3196
3837
3441
3196
3196
3196
4180
3196
4211
2198
3196
4211
5192
1940
4034
2060
3548
3895
4448
1822
4034
1848
122
4435
1815
1815
1326
3852
1326
1579
1541
2549
2520
2520
2055
5048
3124
4013
5085
4493
4259
1710
3270
3270
804
4254
842
804
3877
2240
2240
3877
548
1811
1057
2053
4147
3671
2352
2786
3671
3270
3671
1509
879
1710
2510
1710
2474
1710
1710
1710
2474
1710
1710
3109
1710
2474
2474
2474
3262
2474
4436
1710
2474
2474
4436
2510
2474
2510
2474
2474
2510
2474
2474
3446
1940
1160
3319
122
1468
307
4781
1910
391
2783
5133
5132
4960
1432
2515
2838
3523
1777
3877
4786
2520
4155
4668
5082
867
3895
2514
2474
2284
2474
4034
1381
2514
1710
5156
1424
2474
2474
2474
2474
2768
4944
2474
2284
4046
1910
2392
1540
2092
4264
4034
1381
2768
441
930
441
3702
2142
5043
3745
2589
4020
260
4986
3702
858
858
3150
858
4888
4912
4913
5190
4687
2332
4020
1427
4701
1950
391
1141
4435
1822
2510
4436
2474
858
2510
858
858
4904
4912
4913
4020
1950
4020
1950
5190
1950
2211
4579
2706
2474
