2320
2012
2230
2114
2102
2285
2102
2102
2102
2005
2113
2296
2116
1982
1984
2114
2119
2320
2477
2064
2235
2235
2235
2325
2477
1994
2173
2235
2236
2174
2188
2956
2123
1988
3369
2499
2172
2252
2252
2172
3204
2978
2552
2301
2320
2123
2084
2513
2174
2183
2320
2477
2250
2477
2075
2075
2250
2105
2105
2477
3353
2174
1988
3350
1984
2336
2116
2238
2096
2096
865
2296
2285
2119
2336
2320
2320
2012
2059
2197
2114
2210
2119
2301
2017
3204
2499
2045
1988
1988
1988
2045
2065
2067
2123
3353
3353
2184
3091
3389
3369
2184
2184
3144
3139
2956
2135
2045
2217
2075
2084
2119
865
2059
2119
2230
2123
2320
2513
2443
2296
1983
2102
2119
2102
2114
2320
2893
2342
2320
2330
2324
2114
2119
2301
2084
2324
2102
2084
2074
2809
2230
2385
3000
3000
3259
3015
2336
2342
2123
2283
2119
3369
2001
3265
2284
2045
1983
2229
2251
2088
2238
2932
2296
2301
2102
1983
2123
2119
2017
2102
3083
1988
1988
1988
1988
1988
1988
1988
1988
1988
1988
3297
1988
1988
1988
1988
2067
1988
1988
1988
2279
2397
2123
2397
2045
1988
1979
1988
2123
2045
2499
2084
3139
2499
2067
2045
1979
1988
1988
1988
1988
2067
2045
2067
2094
1988
3139
3204
1988
3204
1988
1988
2204
2065
2045
2045
3139
2067
1988
1988
1988
1988
1988
1988
1988
2478
1988
1988
1988
2240
3297
1988
2318
2956
2094
1979
1633
1649
1189
819
1691
771
821
1024
1757
1611
1673
772
1673
1580
1617
814
1578
5007
384
1524
1819
2461
1519
2845
3699
758
1560
821
758
2719
1665
1723
1359
1887
1359
1744
1819
535
2807
1746
1666
2225
1686
1199
2696
1932
1329
1329
1190
1191
1191
1191
2808
2786
2582
2294
2441
1705
1144
1102
1100
1735
1520
1179
1240
1876
1681
1689
1358
2390
1707
1707
1707
1707
1816
1776
1386
1666
1847
1666
1248
984
984
984
1178
2042
1818
3566
1827
1329
1329
1144
1705
1735
1105
1735
1735
1735
917
1707
2245
2244
1243
1666
1145
1248
1145
1243
1750
916
1888
2208
1783
1147
915
1915
915
1273
1273
1273
3552
1216
1216
1144
1750
1889
1827
1827
1827
1248
1750
1750
1915
1915
1147
2050
3448
3566
1216
969
1216
1147
1147
915
1273
3162
3552
1783
978
978
1273
1273
1272
1273
1273
1273
1054
1054
3162
3552
1389
3162
3162
3162
978
1389
969
969
969
3840
3690
4312
5194
5194
5194
1054
5194
3949
3704
3704
3704
5194
5175
5194
1301
5194
5175
5194
5194
2298
1356
2390
2298
5036
1216
1178
1178
1216
1216
1216
1827
1216
3566
1306
1216
3448
3552
3162
3162
3162
3949
3840
3949
3949
1191
1356
1356
1254
1254
1750
1915
1889
1216
1827
1216
1273
1273
1342
1783
3552
3552
3448
3162
969
969
1389
1271
1271
978
1216
5007
1316
1682
1192
1525
1191
1356
1356
3433
1356
1356
1862
1105
1191
1179
1666
1696
758
3413
1610
2733
2878
758
1916
1847
1847
1746
1760
1332
1199
1179
1191
1473
1889
2313
1933
1816
2353
5128
1356
1356
1356
1794
1519
819
994
1649
1027
1441
2359
1649
1773
821
2253
821
2252
1329
1776
1254
1682
5015
1682
1043
2083
2870
1690
1356
1356
1356
1707
2191
1707
1191
1191
1191
1105
5137
919
5128
5140
5128
919
5140
5128
2193
5168
1100
1100
1100
1216
1216
1216
1306
1306
1306
1306
1216
1306
1216
2069
3162
3162
3162
3162
3840
3949
3949
638
758
758
758
758
758
821
772
821
768
821
1174
501
1589
1649
1914
1954
1043
2247
1043
1177
1554
1179
1179
1191
1191
1191
1044
1707
1707
1707
1707
1707
1356
1359
917
1707
1829
1707
1829
1707
1828
1916
1243
2292
1216
1216
1216
1147
1144
1243
916
1889
1783
1783
1783
1147
3162
1247
3162
914
3162
914
978
1389
3787
1425
3162
3162
3695
1430
1265
5194
5194
5194
3704
3690
1105
1105
1356
5168
5168
5168
1319
1312
1312
1191
1144
1750
1889
1306
1306
2244
1828
1674
1788
1565
1356
1105
1179
1100
1329
1190
1666
1856
768
1043
758
1043
1024
758
1043
1452
5036
1199
1191
1191
2208
984
2208
2208
1818
2050
3448
3566
3469
3552
3552
3162
3162
3162
3690
3695
2390
2390
2298
2298
2298
2390
2298
5164
5141
5152
5160
5140
2193
2195
2965
2965
1356
1610
768
2697
2696
2697
1725
1930
1179
821
768
471
412
560
699
648
560
560
554
560
560
639
560
560
560
1034
491
378
758
758
792
792
791
758
657
758
758
657
758
758
758
821
758
758
758
758
821
758
639
412
560
560
758
792
821
792
792
821
792
1043
821
758
699
758
207
560
560
560
758
560
758
758
560
560
699
648
758
560
792
758
821
791
638
821
792
699
758
657
758
758
758
758
758
1895
5000
768
768
5000
657
207
657
1988
1988
1988
1650
1988
2201
2045
2291
2235
2283
1682
2240
1988
1988
1988
1988
1988
1650
860
3433
2697
5168
538
1988
3367
1988
3369
2045
1988
3369
2173
2397
3139
3270
1975
1614
1604
1452
1667
1633
1633
2238
865
2232
865
2230
2116
2102
859
1804
1742
2311
2540
1044
1025
1024
1024
1024
758
768
1335
758
1423
768
768
1043
772
1024
1044
1174
5000
1044
857
1044
1044
1066
1469
1028
819
819
786
769
1043
768
5000
758
768
758
792
657
758
792
792
2296
2296
2285
2102
791
792
1034
560
792
410
758
560
560
560
657
657
657
412
412
55
486
255
154
55
207
486
207
412
699
207
207
412
412
412
613
471
542
699
699
486
412
250
55
235
250
250
255
255
235
365
154
255
260
252
335
221
233
483
154
250
224
335
250
487
255
487
486
154
203
250
280
250
250
250
250
250
310
365
250
60
250
250
250
250
7
250
365
145
154
250
250
250
250
335
250
250
154
146
55
154
145
250
250
250
250
250
365
250
55
365
233
250
365
154
55
55
370
553
154
154
154
250
55
252
255
310
250
250
250
235
250
250
250
10
255
250
250
250
250
335
250
60
154
250
250
250
365
250
250
255
250
486
250
486
154
202
202
250
250
250
250
250
100
252
370
365
155
60
60
546
372
218
154
250
250
250
138
431
233
310
233
463
326
324
306
306
306
250
324
469
250
250
250
106
233
233
250
250
250
250
322
250
250
250
250
324
239
250
87
60
60
250
87
60
335
60
199
87
250
322
250
250
4744
275
335
310
250
233
310
250
250
310
310
372
89
322
310
324
88
244
250
250
199
199
87
324
88
4762
322
248
372
87
324
60
4762
275
87
372
87
4762
87
60
250
250
60
250
250
60
250
250
250
250
60
60
87
146
145
250
60
250
60
60
87
250
250
4744
250
250
87
4333
335
335
335
60
60
4333
60
87
250
250
297
248
4333
335
4744
60
60
87
87
87
87
89
60
4527
60
1289
87
4333
87
4333
60
60
1289
87
87
248
60
250
60
250
60
60
4712
60
250
60
250
60
250
60
250
60
1284
60
60
61
87
248
60
60
4331
60
335
87
87
1289
60
250
335
60
60
60
1289
87
60
250
60
60
60
60
60
60
60
87
87
250
1284
250
60
250
250
1284
202
235
365
365
273
202
250
250
273
202
250
250
250
351
351
273
250
250
202
202
351
260
250
250
250
202
250
250
233
250
202
202
250
101
351
202
55
4333
250
60
335
335
250
335
60
60
250
335
250
335
224
251
60
250
154
250
265
273
250
202
250
202
202
365
365
487
252
235
55
55
55
280
221
250
255
154
412
365
250
2119
2012
2119
2119
814
2067
3139
3369
3367
3369
3139
821
638
758
821
1043
821
758
758
758
758
758
821
758
821
758
758
758
1332
1043
768
758
1043
768
1043
768
1043
758
528
2790
1622
1674
1721
1954
2944
2288
2843
810
810
5007
494
5007
1486
1027
1749
410
554
560
207
791
792
792
410
758
821
758
758
791
792
560
657
560
560
543
560
560
792
560
560
560
792
560
560
207
471
560
560
699
543
412
412
540
207
412
412
699
546
560
560
546
486
412
412
471
543
699
699
553
553
546
55
639
471
546
218
412
207
154
486
486
412
412
486
1887
1633
1808
1649
1743
3082
2894
1896
506
2461
1742
1469
1043
1043
638
638
758
758
636
1524
1857
2843
2843
1854
3519
1611
2394
1581
2790
638
2539
384
1043
2542
1443
1334
2323
2461
1743
1516
1320
503
2025
2542
394
2359
758
638
758
636
758
3413
1524
1066
1322
2542
636
1043
1044
1024
1044
1066
1024
1024
1469
859
2359
2311
3433
758
758
792
758
758
821
758
758
792
758
638
792
758
758
648
657
758
792
1066
2601
3747
3519
3402
3501
3413
1532
1670
1580
768
2116
2117
2113
2336
2238
2087
1552
1914
1631
813
1027
2085
2085
1856
2408
1573
1975
2395
3430
2529
2696
2697
534
1955
2919
1725
2808
2733
3478
3165
3430
3430
2790
1102
1216
984
984
1827
1827
1179
1793
1520
984
1735
2042
1145
1248
2245
1707
1707
2245
2245
2245
917
917
1146
1243
1145
1370
1145
1179
1216
1100
1216
1178
1216
1178
1337
1100
1216
1818
1829
1829
2042
1707
1735
2042
1735
2042
2191
1929
1888
1828
1915
1666
1243
1243
1816
2353
2244
2244
3162
3162
3162
1389
1426
978
969
1156
3162
3162
3162
3162
3162
3162
3162
914
914
1389
1389
3162
969
969
3162
3162
1389
1272
3162
2069
969
969
1273
1272
1389
1783
3162
969
978
3162
5194
1054
3763
3690
1430
1430
1054
1054
3840
3840
3949
3910
3840
1054
3162
3162
1058
1430
3162
5194
3690
1198
1356
1356
1356
1647
1806
1191
1191
1776
1275
1275
1356
1356
1191
1191
1862
2085
2295
3165
3346
3478
1473
1237
1932
1932
919
1381
3205
1386
1876
1237
1452
3568
2083
2083
1556
2790
2530
531
1776
1386
1686
1881
2919
1984
2320
2114
2210
3305
2513
2320
2102
2114
2320
1984
1862
1862
2485
3519
3782
3949
1097
3753
1301
1298
5175
5176
5194
1425
3774
3787
3753
1298
3753
3681
3753
3753
3681
3681
3681
1097
901
1298
1298
1298
3787
3753
1311
3681
3681
5066
3678
820
820
5066
5066
5066
5066
5066
5066
5066
5066
5066
5066
1029
5066
820
5066
5066
5066
820
5066
820
1029
5066
820
820
5066
820
1029
820
1029
820
820
820
820
820
820
925
820
820
1029
1029
5066
5066
5066
5066
5066
5066
5066
5066
5066
5066
5066
5066
5066
5066
820
795
5066
5066
820
1029
820
5066
5066
5066
5066
5066
4107
5066
820
1029
1029
1029
820
5066
820
820
1029
1029
820
820
820
820
820
820
937
820
820
1029
820
1029
937
1029
820
1029
820
1029
820
795
1029
820
937
1029
937
795
820
5066
1029
5066
5066
5066
5066
5066
5066
5066
820
5066
1029
5066
5066
820
1029
820
820
820
1029
820
820
1029
5066
5066
5066
5066
5066
5066
5066
5066
820
820
820
5066
5066
820
4032
820
1029
1029
820
820
820
820
820
1029
1029
820
1029
1029
820
1042
3787
3787
1425
3787
3949
3949
3753
5175
5175
5176
5175
1097
5194
5175
3949
3695
3949
5194
3949
1298
5194
1425
3681
3681
1298
3681
1398
3681
3681
1402
3681
3678
1313
3678
3681
3681
3774
1298
5066
5066
5066
5066
1029
1029
1029
937
937
1029
1029
1029
1029
4032
5066
4032
4032
1029
4032
1223
1029
1029
820
820
1029
1029
1029
1042
1029
1029
5066
1029
937
5066
1029
1029
1029
1029
1029
1042
1029
1029
937
596
1029
1299
1042
1223
1223
1029
1029
1313
1029
596
1029
901
3679
3681
3681
3681
901
901
901
3681
764
3681
3681
3681
3632
3678
3678
5066
4032
1029
1029
5066
898
5066
3678
5066
5066
3678
1029
4032
3678
5066
4032
4032
4032
1029
3681
3681
3681
4031
4031
5066
3681
3678
1029
901
1223
1029
1029
1029
1223
1223
1299
1223
764
4201
764
3681
3681
4032
4032
3678
1029
3678
3681
3681
3678
3681
3681
3681
3681
3681
3681
901
901
3681
901
1398
1029
1029
1029
1029
1029
1029
1029
1029
1299
901
1352
1223
1029
1029
1029
5066
4032
4032
1223
1223
1029
1029
1029
1029
4032
1029
1223
1029
891
1223
1299
1223
1223
1029
1223
1029
1223
4201
3681
807
1150
820
5066
1029
3678
1029
795
5066
820
1029
5066
820
795
1029
820
820
1029
820
1029
820
1029
1029
820
1042
1029
1042
820
1029
1029
1029
1029
820
820
5066
5066
5066
5066
5066
5066
4032
4032
3681
3681
3681
3753
3681
3681
3782
3681
1029
1313
1029
3681
3681
3681
1298
3681
772
768
3994
1216
969
969
1737
1603
1128
1179
1275
1100
1216
1216
1216
1216
1248
1216
1216
1216
969
1275
1190
1603
1674
1178
1248
1216
1190
1686
1452
1329
1329
1145
1144
1145
1248
1248
1248
1273
969
1254
969
1248
1190
1691
1319
1190
1190
1329
1329
1144
1190
1452
969
1216
1691
1674
1590
1198
1776
1329
2295
1356
2298
1356
2965
1856
1191
1191
1847
1177
1199
1356
1356
1356
1179
2390
2525
1847
2808
3346
1190
1329
2102
2408
2498
3082
1813
916
1147
1915
915
915
1301
1191
1356
1147
1272
1271
1191
1105
1813
2544
1735
2191
2191
1356
1105
1105
1105
1707
2191
1707
917
984
984
2042
1707
1705
1694
978
979
1356
1356
1356
2944
1191
1191
573
984
2208
2050
2208
2050
1827
2050
3469
3448
3552
3552
3552
3162
3162
3763
3704
3704
768
1322
1469
3281
1854
503
758
1043
758
2408
534
1447
984
1818
984
984
1707
1707
1707
1707
1707
1707
1707
1916
914
978
3162
1694
3552
1301
1301
3704
1105
1105
1726
2918
1301
1097
3948
1097
3753
3681
5176
3695
1097
3640
901
3681
4032
3681
3681
3632
3681
901
901
3632
3681
3681
1105
1105
1191
1580
1887
1874
1415
1581
3433
1682
1240
1649
1686
1641
5013
1804
1710
2549
1528
1525
1191
1581
2808
2697
2301
2123
2123
2123
2250
2279
1988
1988
1988
1979
1988
1988
1988
1988
1988
1988
1988
1988
2499
2045
2045
2067
2067
2499
1189
1589
1708
1860
1552
1025
1610
1174
1586
1691
1025
1610
1610
1610
1028
1535
5013
1022
494
1928
1322
1443
1678
2323
1764
859
5007
1708
2461
1761
837
816
769
930
1691
2296
3081
1683
2860
394
3270
3413
1923
2564
1237
3519
2894
2125
2125
2386
2119
2285
2119
2119
2266
2296
2228
2296
2228
2228
2354
2125
2125
2385
2274
2274
2354
2282
2355
2267
2385
2177
2501
2270
2283
2725
2494
2494
2125
2277
2277
2494
2635
2171
2336
2171
2722
2722
2480
2171
2125
2285
2386
2125
2501
3091
2171
2125
2274
2277
2281
2269
2282
2277
2501
2177
2494
2725
2725
2984
2296
5040
2228
2668
2490
2869
2932
2301
2102
2320
2322
2125
2320
2274
2281
2269
2277
2125
2125
2266
2125
2722
2722
2500
2500
2277
2500
2269
2584
2277
2494
2494
2500
2984
2494
2494
2494
3091
2500
2722
2722
2722
3101
2270
2267
2266
2386
2455
2358
2119
2584
2320
2513
2501
2301
2229
2301
2119
2119
2125
2274
2931
2490
2385
2932
2477
2125
2266
2102
2301
2266
2119
2533
2386
2171
2385
3193
2722
3070
2984
2500
2565
2277
2277
2668
2722
2500
2277
3070
2607
2228
2270
2296
2533
2342
2932
2119
2301
2102
2285
2267
2266
2281
2266
2266
2500
2500
2500
2500
2500
2500
2500
2500
2270
2500
2722
2500
2722
2722
2722
2722
2722
2500
2500
2500
2722
2500
2500
2267
2722
2500
2722
2500
2267
2500
2607
2635
2722
2500
2270
2722
2500
2500
2500
2635
2722
2722
2722
2722
2500
2846
2722
2722
2722
2500
2722
2722
2500
2722
2500
2500
2722
2500
2500
2500
2500
2500
2500
2500
2722
2500
2500
2722
2500
2584
2500
2500
2500
2536
2056
1956
2361
3460
3022
3419
2054
2671
2749
2936
2366
3093
1951
1436
2360
1439
1900
2752
3684
3995
4276
3994
3403
3699
2977
2920
3106
3956
3419
3758
4276
4283
3896
2867
4212
2915
4276
2876
2983
3951
2903
2823
2706
2362
4212
5152
2764
2573
2573
1547
1191
1383
1547
2876
3758
2805
2971
2992
2763
2823
2764
1520
1105
1105
1105
1838
1951
2795
3460
5164
2298
5164
5131
5131
5152
2298
3896
3381
4131
2823
2917
1615
1105
1735
1735
984
2851
2851
2851
2851
2573
2917
3731
2706
1105
2191
1105
1735
1735
1105
2851
2851
2851
2992
2967
3374
3374
3229
2967
3280
3471
3471
2971
3981
3914
3499
3499
3439
4268
3448
3552
3448
3448
3374
3843
3772
3566
3236
3566
3374
4268
4268
3499
3477
3469
3448
3448
3475
3475
3708
4297
3980
3499
4268
4268
3578
3321
3816
3525
3578
3578
4268
3909
4268
3470
3615
3883
3691
3159
3525
3691
3627
3827
3694
4209
3909
3909
3763
4291
3660
3627
4291
3660
3629
3660
3782
4293
3752
4206
4291
4291
3660
3992
3660
3660
3660
3660
3660
3782
1862
1862
2298
2298
1105
2764
1105
1101
2917
3115
2917
3566
3566
3566
3448
3448
3448
3439
3708
3691
3629
4304
3629
3992
4206
1615
1356
1356
1356
3475
4268
4268
3318
3566
3566
3566
3115
4268
4268
4268
3439
3552
3439
3691
3909
3613
3909
3909
3125
3827
3115
4276
2749
2442
1951
1381
1105
1547
1356
1356
4234
2937
1862
1356
2965
1191
1105
1105
3190
2573
2770
3758
2435
3269
2977
4436
2763
4212
2703
4276
2977
2673
1615
1105
1547
1547
3477
5137
2699
5153
2699
2699
1862
1356
1356
3956
3403
2361
2472
2434
2056
2056
3433
2554
1635
3419
2356
4317
864
4212
4276
4268
2534
2345
1525
2964
3403
1436
2749
1356
1707
1356
2298
1862
1105
1105
1105
1105
1105
5140
5152
5139
5152
538
2699
5140
5136
5141
1140
1615
1615
1105
3115
3115
3566
3566
3566
3448
3448
3448
3439
3453
3708
3708
3909
3629
3615
3628
4206
4326
4436
4436
4436
4436
4436
4436
3419
3419
4436
4436
2964
3403
2693
2752
1439
2749
3744
4436
3419
3896
3895
2637
1520
1105
1520
1105
1547
1820
3419
1707
1356
1972
1972
1707
1707
4276
1829
1707
2851
2851
2851
2971
3074
2967
3471
3115
3566
3448
4297
3110
3843
3477
3477
4297
3499
3125
3320
3320
3909
3827
3827
4209
3827
3909
3883
4206
3782
4291
3660
4291
3627
3660
3660
3641
3641
4291
1105
1356
1356
1105
5132
5141
5136
3190
2637
2637
2637
3374
3439
3477
3566
3566
2971
2776
1951
3612
1787
1356
1356
1615
1615
2573
3001
3190
2852
3956
3419
4436
2964
2054
4317
3419
2903
5164
1547
1383
2942
3471
3471
3325
3477
3566
3566
3448
3914
3439
3127
3691
4290
4060
4060
4291
2298
2390
5164
2298
2192
5152
2765
5152
5160
2798
5152
5152
1862
1862
1356
2448
3403
3164
2696
2696
5146
2852
1140
1140
4317
2361
4436
4606
4594
4594
4326
4326
4436
4436
4606
4436
4594
4436
4436
4399
4436
4594
4436
4436
4399
4399
4436
4436
4436
4436
4436
4436
4436
4436
4436
4436
4436
4436
4436
4436
392
4436
4593
4594
4600
4436
4326
4436
4436
4436
4326
4436
4436
4317
4326
4606
4594
4606
4593
4594
4436
4436
4436
4436
4436
4539
4326
4593
4436
4436
4317
4436
4326
4436
4436
4436
4436
4606
4436
4436
4594
4436
4436
4436
4326
4436
2752
3995
3956
4436
3403
4594
4594
2749
2494
2500
2500
2554
2500
2494
2500
2490
2480
2533
2270
2500
2500
2722
2722
2500
2500
2500
2554
2555
2436
5168
5136
5168
5168
2500
2500
2500
2500
2500
2722
2722
2500
2500
2500
3592
4276
4177
3895
2903
1836
2506
2340
2169
2481
2354
2354
2296
2285
2056
3994
2436
2964
3814
3095
3022
2885
3419
2921
2885
3956
3403
3956
3403
3956
3956
3956
2361
3022
2054
2054
2361
3419
2964
3099
2964
2435
3419
3972
2370
3022
3022
2370
2920
2920
2920
3956
3956
4436
4436
4436
4326
4436
4326
4326
2285
2296
2301
2285
4326
4326
4399
4399
4326
4436
4326
4436
4436
4436
4594
4399
4399
4594
4600
4600
4600
4541
4539
4593
4600
4600
4605
4600
4594
4594
4593
4600
4539
4594
4539
4594
4606
4593
4594
4600
4792
4585
4793
4792
4625
4792
4793
4600
4493
4793
4491
4600
4792
4792
4625
4491
4667
4792
4605
4625
4539
4593
4792
4559
4792
4792
4491
4594
4539
4605
4736
4736
4825
4625
4625
4625
4491
4667
4539
4625
4625
4667
4667
4792
4539
4625
4667
4625
4667
4539
4736
4625
4539
4539
4625
4541
4792
4625
4491
4593
4593
4792
4625
4667
4792
4539
4854
4676
4539
4600
4600
4793
4539
4793
4792
4594
4600
4600
4600
4593
4593
4539
4539
4667
4793
4736
4593
4793
4792
4667
4667
4559
4600
4792
4792
4539
4541
4541
4625
4792
4613
4792
4595
4667
4703
4600
4854
4667
4825
4667
4539
4676
4491
4667
4559
4541
4600
4605
4541
4792
4625
4792
4613
4792
4667
4667
4625
4594
4594
4793
4792
4667
4491
4594
4667
4625
4676
4792
4667
4667
4667
4744
4667
4667
4667
4667
4667
4667
5107
4667
4667
4667
4667
4667
4667
4667
4838
4704
4854
4667
4667
4667
4667
4667
4792
4667
4792
4676
4667
4525
4667
4667
4625
4854
4792
4792
4854
4625
4854
4898
5114
4854
4667
4898
4792
4713
4854
4889
4792
4792
4570
4667
4667
4854
4667
5114
4576
4897
4566
4667
4667
4854
4667
4667
4667
4667
4854
4576
4667
4505
4854
4667
4667
4735
4505
4567
4667
4704
4667
4751
4667
4667
4838
4854
4503
4667
4854
4934
4915
4667
4667
4667
4898
4676
4667
4667
4792
4625
4667
4625
4667
4625
4539
4667
4667
4667
4854
4667
4625
4667
4854
4827
4854
4625
4667
4667
5114
5114
4854
4667
4898
4625
5114
4667
5114
4491
4625
4854
4625
4667
4898
4667
4854
4667
4667
4720
4667
4854
4667
4667
4667
4505
4713
5114
4667
4713
4576
4576
4505
4898
4576
4576
4667
4854
4667
4667
4667
4625
4822
4570
4792
4570
4625
5114
4625
4565
4676
4602
4576
4570
5114
4625
4854
4854
4625
5114
4625
4625
4625
4667
4625
4898
4831
5114
4576
5114
5114
4934
5114
4625
4565
4898
5114
5114
4667
4625
4608
4625
4625
5114
4854
5114
4854
4570
5114
4625
4625
4733
4625
4625
4625
4827
4792
4736
4736
4736
4825
4736
4792
4676
4792
4667
4667
4667
4825
4667
4736
4825
4736
4667
4792
4736
4793
4736
4825
4793
4825
4792
4736
4667
4825
4667
4667
4667
4667
4676
4625
4570
4625
4854
4625
4539
4733
4625
4792
4792
4491
4792
4676
4625
4491
4676
4792
4559
4792
4825
4792
4539
4792
4792
4792
4792
4585
4736
4676
4491
4625
4559
4600
4600
4539
4595
4491
4539
4593
4539
4539
4736
4793
2125
2277
2301
2125
1925
2722
2846
2500
2500
2500
2722
2722
4436
3419
4436
3419
4317
4317
4436
4436
392
4317
4436
3956
4317
4436
4436
4436
4436
3956
3419
3586
4436
3419
3419
3419
3419
3419
3586
4436
4276
4276
2864
1951
4318
3520
3454
4276
2860
4276
2366
2361
2752
2752
1436
1617
1660
4436
4436
4594
4594
4436
4326
4436
4326
4436
4326
4436
4436
4594
4399
4594
4594
4399
4594
4436
4436
4436
4436
4593
4606
4399
4326
4436
4606
4600
4593
4539
4606
4606
4399
4593
4436
4594
4326
4606
4600
4600
4600
4594
4606
4593
4593
4539
4594
4606
4539
4594
4593
4606
4600
4594
4600
4541
4541
4593
4605
4600
4594
4539
4593
4541
4605
2474
2557
2056
3432
3744
3460
4276
3381
2864
2436
3684
3521
3419
3419
4317
4317
4436
3966
3956
3995
2977
3758
3454
4230
3592
4276
522
3896
3896
4317
4366
5087
3094
3961
3403
2673
3970
3958
3994
3381
3821
2977
2977
3968
3994
2922
4381
4317
4240
3586
3972
4375
3404
3959
3100
4285
4007
4317
2472
2054
2885
3684
2054
2054
3521
2915
2922
3433
4436
4436
4436
4436
4436
4436
4436
4436
4436
4436
4436
4326
4594
4436
4436
4399
4436
4436
4594
3683
3961
2702
3592
3592
3699
3413
3093
2752
3022
2361
2339
2336
2113
1984
1984
1617
1634
2102
1617
1592
2882
3741
4261
2943
2904
2904
2904
3592
2704
3550
3550
2770
3808
3808
3061
2757
2905
2530
3806
4230
3592
3454
1615
3115
3115
2851
984
2763
984
2042
1735
1105
1105
1105
1735
2917
3003
539
1707
2245
2699
1707
2769
2971
3471
2706
2967
2967
2967
1105
1105
1105
1520
2764
1827
2917
2764
1520
2764
1827
2851
1829
2851
1829
1735
1707
1707
1105
2191
1735
2776
3471
2971
3280
2963
3229
2776
2805
539
2971
3691
3827
4060
3694
3909
3909
3629
3692
3614
3691
3629
3629
3910
3827
3627
3827
4209
3694
3909
4060
3909
3578
3691
3827
3827
3698
3578
3708
3578
3909
3578
3613
3525
3125
3691
3827
3525
4290
3660
3615
3627
4291
4291
3629
3628
3629
3949
3629
3641
3629
3629
4291
3441
4291
4291
3660
3660
3629
4291
1615
1356
1862
1862
4212
4212
1547
1547
4212
2573
1615
1356
1356
1547
1547
3895
3894
2877
3269
3850
1381
1549
5152
2699
5139
1191
3454
2904
3061
2820
4230
3592
1951
1951
1951
4318
3080
4276
3896
4212
2608
522
3061
2113
2385
2119
2102
3091
2513
2320
2059
2119
2320
1984
1862
1862
1862
3759
3752
3992
3885
3752
3992
3752
3752
3752
3641
3641
3641
3681
3752
3890
3992
3752
3639
3890
3654
3752
3752
3752
3890
3639
3752
3890
3860
3860
3639
3890
3752
4199
4199
4107
4199
3678
3678
4107
4199
4199
4199
4199
4199
4199
4199
4107
4107
4107
4199
4107
4107
4107
4073
4107
4107
4107
4107
4199
4199
4199
4199
4107
4199
4199
4199
4107
4199
4199
4199
4199
4199
4107
4199
4199
4199
4199
4107
4107
4199
4199
4073
4199
4199
4199
4199
4199
4199
4199
4199
4199
4199
4199
4199
4107
4199
4107
4199
4199
4107
4199
4107
4199
4199
4199
3678
4199
4199
4107
4107
4199
4199
4199
4199
4107
4199
4199
4199
4199
4199
4199
4199
4199
4199
4199
4199
4107
4199
4199
4199
4199
4199
4199
4199
4199
4199
4199
4199
4199
4107
4199
4199
4199
4199
4199
4199
4199
4199
4199
4199
4199
4199
4199
4199
4107
4199
4199
4199
4199
4199
4199
4199
4199
4199
3678
4199
4199
4107
4107
4073
4107
4107
4107
4199
4199
4107
4199
4199
4199
4199
4107
4199
4107
4199
4199
4199
4107
4107
4199
4199
4199
4199
3681
3641
3641
3641
4244
3752
3752
3752
4291
3890
3752
3752
3992
3660
3752
3752
3753
3992
3752
3752
3641
3752
3883
3641
3860
3860
5065
3860
5062
3639
3639
3859
3890
5065
5062
5061
5065
3860
5065
3641
3681
5082
4199
4199
5082
5082
4199
5082
5082
4199
4199
4199
4199
4199
4199
4199
4199
4199
4199
4199
4199
4199
3866
4199
4199
4199
4199
4199
4199
5061
5082
4199
5082
4199
4199
3865
4199
5082
4199
4199
5082
5082
5082
5082
4199
4199
3865
3865
3865
3865
3865
4199
5082
3865
3865
3865
3860
4200
3865
4200
4257
3865
3859
3859
3915
3639
3639
3860
4147
4147
4199
4199
4199
5082
5082
4199
5082
3860
5061
4199
4199
3681
4199
4199
4199
4199
4199
4199
4199
3865
4199
4199
3865
3639
5082
3860
5065
5082
4199
4199
4199
4199
3865
4199
3865
3865
3865
3865
3865
3865
4147
3865
4147
4147
3865
5063
5082
5082
5082
3860
3860
3860
3860
5082
3860
3639
3639
3639
3639
3890
3639
3859
3639
3639
4199
4199
4199
3865
4199
4199
4199
4199
4199
4199
4199
3865
4199
3865
4199
3865
4199
4199
5082
4199
4199
3865
3865
3865
3865
4199
3864
4199
3865
3865
3865
3865
3865
3865
3865
3865
4200
4147
3865
3865
4147
4199
4199
4199
4199
4199
4199
4199
4199
4199
4199
4199
4199
4199
4199
4199
4199
4199
4199
4199
4199
4199
4199
4199
4199
4199
4199
4199
4107
4105
4199
4107
4199
4199
4199
5082
4199
4199
4199
4199
4199
4199
4199
3654
3890
3639
3752
3890
5082
3639
3681
3865
3860
5082
5082
3865
3860
5082
5082
2053
3433
3708
3708
3708
3708
1951
1615
1615
1615
2659
1615
3708
3448
3708
3566
3115
1838
3566
3566
3475
2903
1615
2608
2573
1307
3731
2764
3001
3034
4177
2573
1615
2917
3003
3003
3003
3157
4268
3475
3708
3475
3475
3115
2903
4276
2903
3057
2573
2917
3003
3731
2659
4177
3470
3708
1951
1951
1951
1547
3190
2573
2904
2943
1862
1107
5036
3892
1105
1105
1547
4212
1615
1356
1356
1356
1520
5141
5141
3939
3164
2697
2637
2637
3001
2755
2776
2977
2971
3280
3439
3499
3980
3980
4291
1356
1820
1105
3318
3125
1105
1191
1191
2706
2672
1356
2191
1735
1356
3419
1356
1356
1707
1707
2191
2851
2851
2042
2851
2042
2992
3318
3827
4209
4209
1356
1356
3592
1356
1105
1356
984
3471
2851
3471
3471
3566
3566
3981
3552
3439
3499
4290
3827
4060
4291
4209
4291
3684
3586
3940
3592
3833
3755
3994
4317
3100
2770
2770
3061
2851
1829
2764
2851
1707
1707
1707
1707
1707
1707
1707
2968
3827
4209
3690
3827
4290
4291
4291
3695
1356
1356
1547
3592
3660
3992
3752
3890
3639
3752
3752
3752
3752
3890
3865
3860
3859
3860
3865
3865
3865
3639
4200
5063
3865
3639
3808
1356
1105
1105
2752
2885
1951
1951
1951
3994
1951
1383
2434
2347
2055
1951
2922
1660
2347
3363
3093
1381
2608
2347
3550
3754
2584
2277
2277
2277
2500
2500
2500
2722
2500
2584
2500
2500
2500
2722
2500
2500
2500
2500
2722
2607
2584
2722
2722
2500
2366
2361
2752
2366
3684
1551
2885
2885
2361
1951
3381
2921
2885
2446
2434
2370
1437
2398
2053
3381
3427
3943
2671
2671
4046
3918
3562
2752
1631
3944
3022
2472
2053
2366
3093
3460
2117
3592
1683
2860
4285
3592
3814
1683
1958
1787
3270
2631
820
2485
4199
4199
4199
4199
4199
4107
5036
1107
5164
2485
1029
1107
1862
2525
4199
4107
4199
4199
4107
2475
